58.358602 292.778785	5.33e-01  8.51e-01  4.46e+05	0.0000 75.5463 0.4484	
58.358602 292.778785	4.36e-01  8.62e-01  4.63e+05	-10.8648 66.9697 0.0893	
58.358602 292.778785	5.75e-01  9.06e-01  4.29e+05	13.1937 81.8741 0.5645	
58.358602 292.778785	3.86e-01  9.20e-01  4.61e+05	3.8864 68.5380 0.3837	
58.358602 292.778785	6.12e-01  8.77e-01  4.27e+05	-4.6371 83.3766 0.3413	
58.358602 292.778785	6.76e-01  9.68e-01  4.02e+05	-32.8130 86.9506 0.5622	
58.358602 292.778785	6.34e-01  9.11e-01  4.18e+05	-26.9125 82.8608 0.1294	
58.358602 292.778785	6.14e-01  9.08e-01  4.22e+05	18.7662 83.6020 0.6495	
58.358602 292.778785	6.27e-01  9.20e-01  4.18e+05	1.9926 87.2708 0.1973	
58.358602 292.778785	6.53e-01  7.97e-01  4.34e+05	-18.0121 78.6635 0.1266	
58.358602 292.778785	7.08e-01  9.23e-01  4.04e+05	-2.3714 92.1823 0.8995	
58.358602 292.778785	5.11e-01  7.69e-01  4.67e+05	21.7653 62.3544 0.6742	
58.358602 292.778785	5.32e-01  7.96e-01  4.57e+05	15.9328 68.8909 0.0572	
58.358602 292.778785	5.00e-01  7.77e-01  4.67e+05	-21.9001 61.9785 0.9775	
58.358602 292.778785	7.11e-01  9.09e-01  4.06e+05	35.1779 84.6355 0.0668	
58.358602 292.778785	5.72e-01  8.16e-01  4.46e+05	27.6189 70.6858 0.6623	
58.358602 292.778785	5.10e-01  8.36e-01  4.53e+05	9.3453 71.7361 0.0015	
58.358602 292.778785	6.01e-01  8.81e-01  4.29e+05	10.2755 82.3411 0.2613	
58.358602 292.778785	6.25e-01  8.31e-01  4.33e+05	12.8054 80.1484 0.6468	
58.358602 292.778785	4.91e-01  8.72e-01  4.50e+05	-37.1775 63.7439 0.4806	
58.358602 292.778785	7.42e-01  8.77e-01  4.06e+05	14.9413 90.3465 0.7674	
58.358602 292.778785	6.00e-01  7.07e-01  4.61e+05	-14.8162 67.0783 0.4663	
58.358602 292.778785	7.87e-01  8.53e-01  4.03e+05	-25.2328 89.2133 0.4064	
58.358602 292.778785	6.66e-01  8.39e-01  4.25e+05	-17.6141 82.6939 0.3425	
58.358602 292.778785	5.45e-01  7.69e-01  4.60e+05	10.3116 68.5876 0.2962	
58.358602 292.778785	7.27e-01  8.15e-01  4.19e+05	7.4792 86.6026 0.5747	
58.358602 292.778785	7.72e-01  9.55e-01  3.90e+05	-6.9830 96.9747 0.6868	
58.358602 292.778785	7.55e-01  9.71e-01  3.90e+05	-34.2288 90.9421 0.7455	
58.358602 292.778785	5.93e-01  6.85e-01  4.67e+05	-18.1502 63.2081 0.1897	
58.358602 292.778785	5.35e-01  8.50e-01  4.46e+05	-2.5721 75.6330 0.2909	
58.358602 292.778785	5.35e-01  7.21e-01  4.71e+05	-31.3211 55.2527 0.0888	
58.358602 292.778785	7.11e-01  8.54e-01  4.15e+05	11.4219 87.6101 0.9410	
58.358602 292.778785	7.27e-01  9.55e-01  3.97e+05	-28.2649 90.6634 0.8846	
58.358602 292.778785	4.89e-01  8.96e-01  4.46e+05	-12.4233 74.6898 0.2304	
58.358602 292.778785	4.95e-01  7.32e-01  4.78e+05	13.1739 58.6237 0.5574	
58.358602 292.778785	7.77e-01  9.04e-01  3.97e+05	-10.0791 94.3805 0.7928	
58.358602 292.778785	5.83e-01  6.91e-01  4.68e+05	-4.9120 65.1486 0.4618	
58.358602 292.778785	6.97e-01  8.03e-01  4.26e+05	-18.3175 82.2186 0.4086	
58.358602 292.778785	4.99e-01  9.16e-01  4.40e+05	20.8130 75.2544 0.9473	
58.358602 292.778785	5.85e-01  9.46e-01  4.20e+05	-39.4999 76.6941 0.5974	
58.358602 292.778785	5.74e-01  8.31e-01  4.42e+05	-18.8437 74.9361 0.3242	
58.358602 292.778785	4.72e-01  8.81e-01  4.52e+05	-6.4984 72.6943 0.8742	
58.358602 292.778785	6.77e-01  8.20e-01  4.26e+05	-14.3040 82.7920 0.7302	
58.358602 292.778785	6.58e-01  9.22e-01  4.12e+05	41.8132 78.8907 0.6261	
58.358602 292.778785	6.85e-01  8.10e-01  4.26e+05	-9.7487 83.2912 0.1508	
58.358602 292.778785	6.41e-01  8.47e-01  4.28e+05	44.8316 70.3010 0.5808	
58.358602 292.778785	6.67e-01  8.64e-01  4.20e+05	-22.0593 83.4046 0.4537	
58.358602 292.778785	6.96e-01  7.66e-01  4.32e+05	4.5851 81.3883 0.2925	
58.358602 292.778785	5.46e-01  7.43e-01  4.65e+05	10.2493 66.1274 0.7585	
58.358602 292.778785	7.12e-01  9.05e-01  4.07e+05	-20.0744 89.1646 0.5574	
58.358602 292.778785	6.35e-01  8.54e-01  4.27e+05	15.4961 81.9991 0.8767	
58.358602 292.778785	5.91e-01  6.71e-01  4.70e+05	5.7236 63.8619 0.9691	
58.358602 292.778785	6.14e-01  7.50e-01  4.50e+05	-11.8569 72.9467 0.8375	
58.358602 292.778785	5.43e-01  7.99e-01  4.54e+05	-32.1169 64.4261 0.2393	
58.358602 292.778785	4.92e-01  6.03e-01  5.08e+05	0.5097 40.0307 0.2736	
58.358602 292.778785	7.32e-01  9.41e-01  3.98e+05	-35.6380 87.5040 0.7918	
58.358602 292.778785	5.10e-01  9.43e-01  4.34e+05	5.6226 80.7916 0.4489	
58.358602 292.778785	5.29e-01  7.65e-01  4.64e+05	13.6391 66.0526 0.7229	
58.358602 292.778785	4.26e-01  9.12e-01  4.55e+05	10.4514 70.8307 0.7520	
58.358602 292.778785	5.73e-01  9.11e-01  4.28e+05	-10.5490 82.4584 0.9850	
58.358602 292.778785	5.03e-01  7.90e-01  4.64e+05	-21.8002 63.7341 0.8138	
58.358602 292.778785	7.07e-01  7.99e-01  4.24e+05	-58.7182 60.9548 0.7453	
58.358602 292.778785	3.68e-01  9.55e-01  4.58e+05	8.3806 69.6654 0.1045	
58.358602 292.778785	5.37e-01  6.61e-01  4.84e+05	-38.8817 40.9230 0.9072	
58.358602 292.778785	5.47e-01  7.05e-01  4.72e+05	-25.0873 57.7534 0.9825	
58.358602 292.778785	5.52e-01  8.07e-01  4.51e+05	2.5888 73.4408 0.7031	
58.358602 292.778785	5.72e-01  6.70e-01  4.75e+05	-24.6542 56.7265 0.5273	
58.358602 292.778785	4.65e-01  9.43e-01  4.42e+05	-22.7692 74.1109 0.0246	
58.358602 292.778785	5.08e-01  6.77e-01  4.87e+05	-4.5483 54.5945 0.1538	
58.358602 292.778785	4.89e-01  9.17e-01  4.42e+05	8.3570 76.9185 0.1877	
58.358602 292.778785	6.50e-01  8.24e-01  4.30e+05	-59.0672 57.5062 0.7104	
58.358602 292.778785	6.07e-01  6.91e-01  4.63e+05	15.1682 66.1439 0.2664	
58.358602 292.778785	5.66e-01  7.78e-01  4.54e+05	-2.2448 72.0955 0.4530	
58.358602 292.778785	8.02e-01  8.56e-01  4.00e+05	28.3475 89.2818 0.8904	
58.358602 292.778785	7.04e-01  7.87e-01  4.27e+05	-5.0229 83.5007 0.1563	
58.358602 292.778785	5.40e-01  6.06e-01  4.96e+05	12.4379 47.5125 0.7894	
58.358602 292.778785	6.80e-01  7.86e-01  4.31e+05	-20.3005 79.3559 0.4591	
58.358602 292.778785	6.99e-01  8.41e-01  4.19e+05	-23.9731 83.4507 0.6882	
58.358602 292.778785	6.22e-01  8.84e-01  4.25e+05	6.0555 84.3532 0.8512	
58.358602 292.778785	7.78e-01  9.10e-01  3.96e+05	-45.5543 83.6960 0.7239	
58.358602 292.778785	6.04e-01  8.52e-01  4.33e+05	14.6086 79.8182 0.7484	
58.358602 292.778785	5.94e-01  9.17e-01  4.24e+05	17.6906 83.0785 0.6089	
58.358602 292.778785	6.94e-01  7.96e-01  4.27e+05	6.7887 83.2663 0.2915	
58.358602 292.778785	5.12e-01  9.31e-01  4.35e+05	-9.2513 79.6530 0.2493	
58.358602 292.778785	5.24e-01  9.59e-01  4.28e+05	3.4677 83.0369 0.2233	
58.358602 292.778785	7.44e-01  8.56e-01  4.09e+05	-13.8639 89.3897 0.7185	
58.358602 292.778785	4.22e-01  8.02e-01  4.78e+05	16.4060 57.5657 0.6943	
58.358602 292.778785	5.62e-01  7.26e-01  4.65e+05	13.8637 65.4065 0.4147	
58.358602 292.778785	4.67e-01  7.58e-01  4.78e+05	33.8643 49.4807 0.0806	
58.358602 292.778785	6.94e-01  8.69e-01  4.15e+05	32.1148 82.2534 0.8218	
58.358602 292.778785	5.77e-01  9.04e-01  4.29e+05	-8.7252 82.5018 0.9896	
58.358602 292.778785	4.98e-01  8.46e-01  4.54e+05	18.1486 69.9063 0.8487	
58.358602 292.778785	7.50e-01  9.23e-01  3.98e+05	16.5552 93.0125 0.9819	
58.358602 292.778785	6.62e-01  8.24e-01  4.28e+05	-55.0453 62.4550 0.8923	
58.358602 292.778785	6.77e-01  7.03e-01  4.47e+05	1.5900 75.2249 0.7755	
58.358602 292.778785	7.05e-01  7.88e-01  4.27e+05	24.5868 80.0111 0.3957	
58.358602 292.778785	7.57e-01  8.13e-01  4.14e+05	-16.4579 87.1363 0.1631	
58.358602 292.778785	6.51e-01  7.26e-01  4.48e+05	30.9810 68.2713 0.6082	
58.358602 292.778785	6.99e-01  7.90e-01  4.27e+05	-4.9462 83.2934 0.4359	
58.358602 292.778785	5.06e-01  7.45e-01  4.73e+05	-4.6876 62.6731 0.4830	
58.358602 292.778785	5.12e-01  9.26e-01  4.36e+05	34.5139 71.9833 0.9798	
58.358602 292.778785	4.72e-01  9.20e-01  4.45e+05	22.8831 72.7110 0.5019	
58.358602 292.778785	6.43e-01  9.25e-01  4.14e+05	18.8649 86.5070 0.5565	
58.358602 292.778785	5.47e-01  6.02e-01  4.95e+05	-5.1413 49.2311 0.6173	
58.358602 292.778785	6.28e-01  8.14e-01  4.36e+05	-29.4772 74.4614 0.7913	
58.358602 292.778785	5.77e-01  9.14e-01  4.27e+05	-1.8111 83.5569 0.7613	
58.358602 292.778785	3.88e-01  9.23e-01  4.60e+05	34.2717 60.0235 0.1331	
58.358602 292.778785	5.64e-01  7.85e-01  4.53e+05	-35.9325 63.1237 0.9425	
58.358602 292.778785	6.81e-01  8.75e-01  4.16e+05	26.0396 83.8775 0.9600	
58.358602 292.778785	7.02e-01  8.02e-01  4.25e+05	-34.3372 77.1616 0.7239	
58.358602 292.778785	5.85e-01  8.09e-01  4.44e+05	-19.6052 73.8486 0.6741	
58.358602 292.778785	4.57e-01  7.49e-01  4.82e+05	-16.8763 54.9478 0.7170	
58.358602 292.778785	5.87e-01  9.61e-01  4.17e+05	36.9535 79.1653 0.1814	
58.358602 292.778785	6.95e-01  8.98e-01  4.10e+05	8.9934 89.6122 0.8399	
58.358602 292.778785	6.68e-01  9.02e-01  4.14e+05	-18.8197 86.6741 0.9215	
58.358602 292.778785	7.34e-01  9.13e-01  4.02e+05	5.6030 92.9080 0.1989	
58.358602 292.778785	5.96e-01  8.18e-01  4.41e+05	-12.5650 76.9180 0.4131	
58.358602 292.778785	6.86e-01  8.63e-01  4.17e+05	-38.6284 78.3679 0.9615	
58.358602 292.778785	6.00e-01  9.77e-01  4.13e+05	20.0904 86.8144 0.6446	
58.358602 292.778785	6.07e-01  6.84e-01  4.64e+05	-2.9748 67.0361 0.2321	
58.358602 292.778785	6.05e-01  6.78e-01  4.66e+05	-6.5464 65.9324 0.2692	
58.358602 292.778785	6.20e-01  9.02e-01  4.22e+05	-0.4890 85.7246 0.5219	
58.358602 292.778785	6.27e-01  9.10e-01  4.19e+05	-19.5742 84.3801 0.0171	
58.358602 292.778785	6.15e-01  7.16e-01  4.56e+05	-18.0553 68.6311 0.0732	
58.358602 292.778785	5.54e-01  8.76e-01  4.38e+05	-16.5668 77.4645 0.3267	
58.358602 292.778785	6.56e-01  7.42e-01  4.44e+05	4.4758 76.6269 0.4568	
58.358602 292.778785	5.84e-01  7.98e-01  4.46e+05	-19.3856 72.9432 0.0853	
58.358602 292.778785	6.19e-01  8.01e-01  4.40e+05	19.2452 76.0168 0.9771	
58.358602 292.778785	4.82e-01  9.18e-01  4.43e+05	5.8454 76.5994 0.4379	
58.358602 292.778785	6.76e-01  8.29e-01  4.25e+05	18.6606 82.4810 0.3446	
58.358602 292.778785	5.72e-01  8.44e-01  4.40e+05	-1.5612 78.1147 0.2629	
58.358602 292.778785	5.13e-01  9.23e-01  4.37e+05	-18.0544 77.6111 0.9080	
58.358602 292.778785	6.43e-01  8.35e-01  4.29e+05	-14.8987 81.3310 0.1662	
58.358602 292.778785	5.91e-01  9.73e-01  4.15e+05	-47.2200 74.5711 0.5612	
58.358602 292.778785	6.55e-01  8.82e-01  4.19e+05	57.0884 65.1317 0.1503	
58.358602 292.778785	8.33e-01  9.89e-01  3.77e+05	-33.7304 95.8632 0.8587	
58.358602 292.778785	6.56e-01  7.66e-01  4.39e+05	-12.7255 77.6192 0.6770	
58.358602 292.778785	7.73e-01  8.04e-01  4.13e+05	41.8151 78.7072 0.1110	
58.358602 292.778785	7.17e-01  8.18e-01  4.20e+05	32.0892 80.3544 0.6175	
58.358602 292.778785	5.74e-01  8.12e-01  4.46e+05	8.4499 75.2231 0.8319	
58.358602 292.778785	6.82e-01  7.53e-01  4.37e+05	-16.6773 77.8386 0.4546	
58.358602 292.778785	6.07e-01  8.03e-01  4.41e+05	-7.1927 77.3147 0.4199	
58.358602 292.778785	7.20e-01  9.06e-01  4.05e+05	4.6627 91.8239 0.1231	
58.358602 292.778785	6.28e-01  7.05e-01  4.56e+05	16.3903 69.2786 0.7945	
58.358602 292.778785	6.84e-01  9.36e-01  4.06e+05	-49.1317 77.3724 0.7054	
58.358602 292.778785	6.20e-01  8.43e-01  4.32e+05	-20.5748 79.0154 0.1167	
58.358602 292.778785	5.91e-01  8.74e-01  4.32e+05	26.2391 77.4026 0.7223	
58.358602 292.778785	7.42e-01  8.05e-01  4.18e+05	5.3256 87.1372 0.1361	
58.358602 292.778785	5.45e-01  7.95e-01  4.55e+05	15.0562 70.2047 0.2963	
58.358602 292.778785	7.60e-01  9.50e-01  3.93e+05	38.6381 88.2973 0.6569	
58.358602 292.778785	6.54e-01  8.63e-01  4.23e+05	29.1311 80.2352 0.7822	
58.358602 292.778785	3.10e-01  9.45e-01  4.72e+05	7.2022 62.8402 0.0075	
58.358602 292.778785	6.24e-01  8.09e-01  4.37e+05	20.2092 76.7624 0.6880	
58.358602 292.778785	7.07e-01  8.97e-01  4.09e+05	-22.2243 87.9420 0.8112	
58.358602 292.778785	5.41e-01  7.35e-01  4.67e+05	17.0133 63.3946 0.1075	
58.358602 292.778785	7.59e-01  9.30e-01  3.96e+05	24.5708 92.1485 0.5447	
58.358602 292.778785	5.29e-01  7.30e-01  4.71e+05	-13.5590 62.2564 0.7985	
58.358602 292.778785	5.90e-01  9.35e-01  4.21e+05	2.5933 85.8187 0.7131	
58.358602 292.778785	7.22e-01  8.01e-01  4.22e+05	-4.2052 85.6047 0.4188	
58.358602 292.778785	6.40e-01  9.63e-01  4.09e+05	2.1271 90.5798 0.7162	
58.358602 292.778785	6.28e-01  6.68e-01  4.63e+05	-0.5956 67.6683 0.2504	
58.358602 292.778785	6.87e-01  7.66e-01  4.34e+05	-26.0399 76.6743 0.5055	
58.358602 292.778785	5.45e-01  8.03e-01  4.53e+05	-2.5084 72.4253 0.5405	
58.358602 292.778785	6.52e-01  8.45e-01  4.26e+05	-1.4022 84.0306 0.6060	
58.358602 292.778785	5.11e-01  8.04e-01  4.59e+05	3.7327 69.3994 0.3399	
58.358602 292.778785	6.41e-01  8.73e-01  4.23e+05	5.7299 84.9651 0.3974	
58.358602 292.778785	5.80e-01  8.12e-01  4.45e+05	17.8064 74.0840 0.4251	
58.358602 292.778785	6.19e-01  7.05e-01  4.58e+05	6.6698 70.0059 0.2857	
58.358602 292.778785	7.33e-01  8.33e-01  4.15e+05	-30.2438 83.1474 0.7532	
58.358602 292.778785	5.33e-01  7.43e-01  4.67e+05	20.0461 62.4612 0.5233	
58.358602 292.778785	5.44e-01  8.09e-01  4.52e+05	-15.6018 71.2194 0.4778	
58.358602 292.778785	6.10e-01  9.03e-01  4.23e+05	-19.1802 82.9204 0.3120	
58.358602 292.778785	5.43e-01  8.68e-01  4.41e+05	-3.6487 77.6850 0.5867	
58.358602 292.778785	5.95e-01  7.30e-01  4.57e+05	37.9986 59.3290 0.2585	
58.358602 292.778785	4.92e-01  8.47e-01  4.55e+05	18.0912 69.3122 0.1581	
58.358602 292.778785	5.74e-01  9.25e-01  4.26e+05	7.5492 83.8627 0.9479	
58.358602 292.778785	8.26e-01  9.31e-01  3.86e+05	6.5308 98.4730 0.4948	
58.358602 292.778785	5.77e-01  8.02e-01  4.47e+05	-3.4847 75.0679 0.4183	
58.358602 292.778785	5.42e-01  8.13e-01  4.52e+05	-28.4567 67.3549 0.1624	
58.358602 292.778785	6.22e-01  8.37e-01  4.33e+05	27.1352 76.6553 0.3069	
58.358602 292.778785	6.54e-01  8.20e-01  4.30e+05	31.0475 76.3824 0.9386	
58.358602 292.778785	6.70e-01  7.83e-01  4.34e+05	4.4433 80.7669 0.9164	
58.358602 292.778785	7.52e-01  9.58e-01  3.93e+05	10.9353 95.7551 0.8332	
58.358602 292.778785	5.35e-01  8.19e-01  4.52e+05	-18.5721 70.6703 0.8055	
58.358602 292.778785	5.38e-01  8.12e-01  4.53e+05	-16.3381 70.8267 0.0483	
58.358602 292.778785	5.23e-01  7.15e-01  4.75e+05	21.5181 57.5389 0.7489	
58.358602 292.778785	5.58e-01  7.56e-01  4.60e+05	1.3702 69.3843 0.7292	
58.358602 292.778785	6.53e-01  7.96e-01  4.34e+05	-33.2169 73.4568 0.2456	
58.358602 292.778785	7.12e-01  9.92e-01  3.93e+05	3.1598 96.0482 0.9985	
58.358602 292.778785	4.88e-01  9.20e-01  4.42e+05	1.5190 77.4675 0.9677	
58.358602 292.778785	6.31e-01  8.96e-01  4.21e+05	19.5625 83.7156 0.7719	
58.358602 292.778785	6.62e-01  8.35e-01  4.26e+05	-20.6414 81.4100 0.7742	
58.358602 292.778785	6.71e-01  9.60e-01  4.04e+05	-6.1134 91.9750 0.8931	
58.358602 292.778785	7.47e-01  9.33e-01  3.97e+05	20.5277 92.6046 0.0293	
58.358602 292.778785	5.78e-01  8.06e-01  4.46e+05	-5.7829 75.3966 0.2385	
58.358602 292.778785	5.28e-01  6.73e-01  4.83e+05	5.7894 56.7045 0.3713	
58.358602 292.778785	8.20e-01  8.91e-01  3.93e+05	14.0221 95.3870 0.3242	
58.358602 292.778785	5.43e-01  8.35e-01  4.47e+05	-26.8357 70.1166 0.2324	
58.358602 292.778785	6.94e-01  9.50e-01  4.02e+05	-20.3208 90.6863 0.5805	
58.358602 292.778785	6.35e-01  8.44e-01  4.29e+05	-2.0667 82.7632 0.0414	
58.358602 292.778785	6.18e-01  8.58e-01  4.30e+05	-4.5712 82.4804 0.8991	
58.358602 292.778785	6.45e-01  7.22e-01  4.50e+05	-3.3233 74.0164 0.4911	
58.358602 292.778785	4.71e-01  8.68e-01  4.55e+05	14.9597 70.0452 0.1933	
58.358602 292.778785	7.13e-01  7.69e-01  4.29e+05	-32.1302 76.5018 0.5191	
58.358602 292.778785	5.70e-01  7.97e-01  4.49e+05	-33.8601 65.9640 0.6009	
58.358602 292.778785	4.91e-01  9.36e-01  4.38e+05	15.5389 77.4233 0.6487	
58.358602 292.778785	6.39e-01  8.66e-01  4.25e+05	22.2962 81.5832 0.4270	
58.358602 292.778785	5.25e-01  8.24e-01  4.53e+05	-11.7880 71.6831 0.9115	
58.358602 292.778785	6.17e-01  7.94e-01  4.41e+05	39.8187 66.7234 0.4452	
58.358602 292.778785	6.45e-01  8.65e-01  4.24e+05	12.2898 83.9716 0.4510	
58.358602 292.778785	5.83e-01  9.79e-01  4.15e+05	-11.3181 87.4827 0.6939	
58.358602 292.778785	5.82e-01  8.31e-01  4.41e+05	-16.9785 76.0438 0.7683	
58.358602 292.778785	7.44e-01  8.69e-01  4.07e+05	-18.7566 89.2824 0.3978	
58.358602 292.778785	5.80e-01  7.42e-01  4.58e+05	3.9098 69.9728 0.6504	
58.358602 292.778785	5.77e-01  8.10e-01  4.46e+05	-22.4648 72.3995 0.1988	
58.358602 292.778785	6.74e-01  9.85e-01  4.00e+05	-59.1841 72.6815 0.1042	
58.358602 292.778785	3.86e-01  8.34e-01  4.79e+05	10.6164 58.3379 0.3933	
58.358602 292.778785	6.49e-01  9.70e-01  4.06e+05	0.1543 91.5811 0.2422	
58.358602 292.778785	5.91e-01  7.37e-01  4.57e+05	-0.2455 70.7274 0.6839	
58.358602 292.778785	6.14e-01  7.77e-01  4.45e+05	-22.4557 72.7859 0.2691	
58.358602 292.778785	7.48e-01  9.24e-01  3.98e+05	-24.8651 91.1195 0.3577	
58.358602 292.778785	6.00e-01  7.21e-01  4.58e+05	-19.4925 67.2530 0.5701	
58.358602 292.778785	6.04e-01  9.19e-01  4.22e+05	13.4233 84.6232 0.3723	
58.358602 292.778785	6.03e-01  7.79e-01  4.47e+05	-0.4386 75.3720 0.0817	
58.358602 292.778785	7.73e-01  9.69e-01  3.88e+05	-18.6081 96.1430 0.1909	
58.358602 292.778785	7.37e-01  8.03e-01  4.19e+05	-20.0927 84.5012 0.1130	
58.358602 292.778785	4.95e-01  9.01e-01  4.44e+05	18.3588 74.3200 0.1044	
58.358602 292.778785	7.32e-01  8.96e-01  4.05e+05	6.8089 91.8293 0.6040	
58.358602 292.778785	6.76e-01  8.35e-01  4.24e+05	-9.3552 84.4613 0.2867	
58.358602 292.778785	6.20e-01  8.33e-01  4.34e+05	-20.2801 78.3484 0.1653	
58.358602 292.778785	5.03e-01  9.11e-01  4.41e+05	41.8065 65.8870 0.9632	
58.358602 292.778785	6.86e-01  7.46e-01  4.37e+05	7.6425 79.0588 0.7959	
58.358602 292.778785	5.91e-01  7.81e-01  4.49e+05	0.2267 74.5717 0.9094	
58.358602 292.778785	5.02e-01  8.77e-01  4.47e+05	-30.5786 68.6753 0.9848	
58.358602 292.778785	3.78e-01  8.79e-01  4.71e+05	-19.3977 60.4591 0.9931	
58.358602 292.778785	7.38e-01  8.26e-01  4.15e+05	-29.7512 83.1303 0.9561	
58.358602 292.778785	5.62e-01  8.62e-01  4.39e+05	10.3610 78.0496 0.4470	
58.358602 292.778785	6.42e-01  7.87e-01  4.38e+05	15.6403 77.6013 0.5507	
58.358602 292.778785	5.51e-01  7.40e-01  4.64e+05	27.2591 61.3915 0.5920	
58.358602 292.778785	6.94e-01  8.55e-01  4.17e+05	15.0633 86.0990 0.2727	
58.358602 292.778785	4.74e-01  8.03e-01  4.67e+05	-15.4290 63.8882 0.0136	
58.358602 292.778785	6.63e-01  9.15e-01  4.13e+05	5.8827 88.9745 0.7910	
58.358602 292.778785	7.58e-01  9.48e-01  3.93e+05	-30.7019 91.1677 0.4088	
58.358602 292.778785	5.08e-01  8.29e-01  4.55e+05	-6.3057 71.2261 0.1245	
58.358602 292.778785	6.84e-01  7.76e-01  4.32e+05	-32.5127 74.7134 0.1721	
58.358602 292.778785	5.02e-01  7.99e-01  4.62e+05	27.9689 62.0554 0.7387	
58.358602 292.778785	5.17e-01  7.93e-01  4.61e+05	-15.4532 67.1937 0.9250	
58.358602 292.778785	3.40e-01  9.07e-01  4.74e+05	-19.5779 59.2179 0.6317	
58.358602 292.778785	5.86e-01  7.16e-01  4.62e+05	8.9418 67.6430 0.9604	
58.358602 292.778785	5.18e-01  8.08e-01  4.57e+05	3.7571 70.4168 0.6606	
58.358602 292.778785	6.64e-01  8.09e-01  4.30e+05	28.0974 77.3767 0.2684	
58.358602 292.778785	6.33e-01  7.91e-01  4.39e+05	-25.5651 74.5126 0.7601	
58.358602 292.778785	5.09e-01  8.61e-01  4.49e+05	9.8234 73.7747 0.7743	
58.358602 292.778785	5.37e-01  8.70e-01  4.42e+05	35.7918 68.6995 0.2946	
58.358602 292.778785	7.15e-01  7.64e-01  4.29e+05	16.0616 81.1555 0.1209	
58.358602 292.778785	6.08e-01  9.04e-01  4.23e+05	21.0415 82.3933 0.1014	
58.358602 292.778785	6.34e-01  9.61e-01  4.10e+05	-8.2288 89.8192 0.7823	
58.358602 292.778785	6.79e-01  8.77e-01  4.16e+05	-14.7927 86.5772 0.4136	
58.358602 292.778785	5.63e-01  8.66e-01  4.38e+05	5.3067 78.9768 0.2389	
58.358602 292.778785	5.13e-01  8.89e-01  4.43e+05	18.5576 74.7900 0.6832	
58.358602 292.778785	5.82e-01  7.54e-01  4.56e+05	-13.1365 70.1434 0.4833	
58.358602 292.778785	4.61e-01  8.19e-01  4.67e+05	-3.4025 65.9133 0.7738	
58.358602 292.778785	6.60e-01  8.75e-01  4.20e+05	14.2917 85.2965 0.3411	
58.358602 292.778785	5.10e-01  8.44e-01  4.52e+05	-21.3117 69.8066 0.1065	
58.358602 292.778785	6.67e-01  7.46e-01  4.41e+05	-19.3015 75.4689 0.6375	
58.358602 292.778785	5.76e-01  8.26e-01  4.43e+05	16.9884 75.1997 0.0378	
58.358602 292.778785	3.97e-01  8.35e-01  4.77e+05	-31.9555 51.6790 0.8289	
58.358602 292.778785	7.03e-01  8.58e-01  4.15e+05	21.7839 85.4054 0.5357	
58.358602 292.778785	6.01e-01  7.35e-01  4.55e+05	-2.7438 71.3957 0.3675	
58.358602 292.778785	5.52e-01  8.78e-01  4.38e+05	-2.0544 79.1852 0.5432	
58.358602 292.778785	6.53e-01  8.74e-01  4.21e+05	8.3256 85.6193 0.1262	
58.358602 292.778785	6.10e-01  9.34e-01  4.18e+05	-4.8296 86.9403 0.3237	
58.358602 292.778785	6.51e-01  7.30e-01  4.47e+05	-18.0005 73.1212 0.9077	
58.358602 292.778785	6.39e-01  9.07e-01  4.18e+05	-1.4243 87.1724 0.0551	
58.358602 292.778785	5.36e-01  7.08e-01  4.74e+05	14.6843 60.2964 0.9783	
58.358602 292.778785	6.76e-01  8.84e-01  4.16e+05	10.6925 87.4096 0.6508	
58.358602 292.778785	5.34e-01  7.49e-01  4.66e+05	-6.4208 65.9245 0.4764	
58.358602 292.778785	4.01e-01  8.02e-01  4.83e+05	7.8531 56.6699 0.1638	
58.358602 292.778785	6.44e-01  7.19e-01  4.50e+05	-8.2268 73.3052 0.5669	
58.358602 292.778785	6.19e-01  9.13e-01  4.20e+05	46.7342 72.6163 0.2811	
58.358602 292.778785	5.81e-01  8.49e-01  4.38e+05	11.6234 78.3043 0.0071	
58.358602 292.778785	5.32e-01  8.39e-01  4.49e+05	-30.0925 68.1512 0.5521	
58.358602 292.778785	5.85e-01  7.06e-01  4.64e+05	-11.4692 66.0830 0.1280	
58.358602 292.778785	6.03e-01  8.81e-01  4.28e+05	-40.3277 72.7083 0.6871	
58.358602 292.778785	5.05e-01  7.48e-01  4.72e+05	6.7101 62.7728 0.4282	
58.358602 292.778785	5.82e-01  8.48e-01  4.38e+05	-1.8380 79.2361 0.9743	
58.358602 292.778785	6.43e-01  9.80e-01  4.06e+05	-49.9047 77.0021 0.2216	
58.358602 292.778785	8.18e-01  9.20e-01  3.89e+05	-15.5510 96.5322 0.3911	
58.358602 292.778785	4.90e-01  7.76e-01  4.70e+05	-30.0031 57.0477 0.6873	
58.358602 292.778785	5.39e-01  8.58e-01  4.44e+05	20.0674 73.9498 0.6730	
58.358602 292.778785	5.99e-01  8.68e-01  4.31e+05	-5.2383 81.7932 0.8436	
58.358602 292.778785	5.48e-01  6.71e-01  4.79e+05	-37.6035 45.7703 0.1155	
58.358602 292.778785	5.06e-01  6.92e-01  4.84e+05	-1.4145 56.4503 0.3661	
58.358602 292.778785	5.60e-01  9.19e-01  4.29e+05	19.9845 80.3568 0.8043	
58.358602 292.778785	6.17e-01  8.77e-01  4.27e+05	-17.7968 81.9224 0.3643	
58.358602 292.778785	6.67e-01  9.21e-01  4.11e+05	29.9877 84.6031 0.8811	
58.358602 292.778785	5.96e-01  7.96e-01  4.45e+05	-6.1937 75.9851 0.3872	
58.358602 292.778785	6.06e-01  7.53e-01  4.51e+05	12.6016 72.3219 0.4342	
58.358602 292.778785	5.12e-01  8.23e-01  4.56e+05	21.4625 68.0503 0.8231	
58.358602 292.778785	5.05e-01  8.74e-01  4.47e+05	4.4072 75.0462 0.3838	
58.358602 292.778785	6.26e-01  7.32e-01  4.51e+05	-8.8324 72.9003 0.8225	
58.358602 292.778785	6.04e-01  8.48e-01  4.34e+05	20.2416 78.2665 0.9592	
58.358602 292.778785	8.04e-01  8.93e-01  3.95e+05	29.0778 91.1833 0.0833	
58.358602 292.778785	8.13e-01  8.61e-01  3.98e+05	-41.7861 84.8058 0.8703	
58.358602 292.778785	5.83e-01  8.67e-01  4.34e+05	2.7746 80.7043 0.2280	
58.358602 292.778785	6.57e-01  8.94e-01  4.17e+05	8.7308 87.0616 0.3414	
58.358602 292.778785	5.75e-01  6.78e-01  4.72e+05	-20.5634 59.6339 0.0326	
58.358602 292.778785	7.04e-01  8.72e-01  4.13e+05	-13.4618 87.9811 0.2377	
58.358602 292.778785	6.87e-01  8.21e-01  4.24e+05	-18.6232 82.6813 0.4902	
58.358602 292.778785	6.82e-01  8.74e-01  4.16e+05	5.2306 87.6487 0.4936	
58.358602 292.778785	6.79e-01  8.19e-01  4.26e+05	2.2390 84.0740 0.6237	
58.358602 292.778785	5.48e-01  7.44e-01  4.64e+05	-11.7193 66.2106 0.5808	
58.358602 292.778785	7.61e-01  9.00e-01  4.00e+05	5.2460 93.7222 0.2080	
58.358602 292.778785	4.41e-01  9.15e-01  4.52e+05	-16.8453 71.2368 0.4788	
58.358602 292.778785	6.80e-01  9.51e-01  4.04e+05	-39.5918 83.2963 0.7997	
58.358602 292.778785	5.95e-01  7.83e-01  4.47e+05	-4.2659 74.9071 0.8974	
58.358602 292.778785	4.91e-01  8.91e-01  4.47e+05	47.8600 58.2534 0.8311	
58.358602 292.778785	7.09e-01  8.35e-01  4.18e+05	-2.0787 87.0557 0.0365	
58.358602 292.778785	4.87e-01  9.60e-01  4.35e+05	-5.5756 80.2858 0.7837	
58.358602 292.778785	5.76e-01  9.49e-01  4.21e+05	15.0841 84.5627 0.1566	
58.358602 292.778785	6.65e-01  9.30e-01  4.10e+05	30.7111 84.7764 0.6269	
58.358602 292.778785	6.51e-01  8.03e-01  4.33e+05	-4.2548 80.9298 0.8226	
58.358602 292.778785	6.73e-01  7.91e-01  4.32e+05	25.5999 77.6681 0.9556	
58.358602 292.778785	5.56e-01  7.49e-01  4.61e+05	-4.0307 68.4097 0.6244	
58.358602 292.778785	4.41e-01  7.29e-01  4.90e+05	5.3855 52.4276 0.6568	
58.358602 292.778785	6.61e-01  8.68e-01  4.21e+05	-0.1872 86.1293 0.4144	
58.358602 292.778785	6.20e-01  8.25e-01  4.35e+05	-2.8328 80.2845 0.2891	
58.358602 292.778785	6.21e-01  6.47e-01  4.69e+05	-14.5880 63.1169 0.6589	
58.358602 292.778785	3.47e-01  7.94e-01  4.97e+05	20.1267 43.9586 0.7088	
58.358602 292.778785	4.72e-01  8.84e-01  4.51e+05	-31.1075 66.3037 0.1330	
58.358602 292.778785	4.69e-01  7.98e-01  4.69e+05	-2.7838 64.5423 0.6036	
58.358602 292.778785	5.57e-01  7.90e-01  4.53e+05	37.6432 61.8746 0.0898	
58.358602 292.778785	6.51e-01  8.73e-01  4.22e+05	-4.7358 85.6571 0.6548	
58.358602 292.778785	7.35e-01  8.09e-01  4.18e+05	25.1004 83.4089 0.8153	
58.358602 292.778785	6.16e-01  9.02e-01  4.23e+05	-13.6675 84.2970 0.4305	
58.358602 292.778785	7.80e-01  8.80e-01  4.00e+05	-32.3691 88.0750 0.7356	
58.358602 292.778785	7.98e-01  8.62e-01  4.00e+05	18.9504 91.8499 0.5908	
58.358602 292.778785	5.23e-01  9.79e-01  4.25e+05	41.2757 73.5429 0.5931	
58.358602 292.778785	7.43e-01  8.05e-01  4.18e+05	37.1325 79.0021 0.4020	
58.358602 292.778785	6.98e-01  8.37e-01  4.20e+05	3.6696 86.4351 0.4339	
58.358602 292.778785	6.63e-01  8.41e-01  4.25e+05	13.8827 83.3149 0.2863	
58.358602 292.778785	4.53e-01  9.24e-01  4.47e+05	-32.1588 67.8183 0.7126	
58.358602 292.778785	5.67e-01  8.50e-01  4.40e+05	10.0027 77.6277 0.3742	
58.358602 292.778785	7.20e-01  9.51e-01  3.98e+05	-8.4619 94.0087 0.2718	
58.358602 292.778785	6.57e-01  8.21e-01  4.29e+05	13.8449 81.5105 0.0733	
58.358602 292.778785	7.30e-01  8.24e-01  4.17e+05	4.4157 87.5793 0.6554	
58.358602 292.778785	5.97e-01  9.32e-01  4.21e+05	29.3991 80.9624 0.8125	
58.358602 292.778785	4.76e-01  8.65e-01  4.54e+05	-18.8676 69.3367 0.3891	
58.358602 292.778785	5.77e-01  6.70e-01  4.73e+05	-16.7751 60.2185 0.9807	
58.358602 292.778785	4.94e-01  8.99e-01  4.45e+05	-15.2629 74.7453 0.6089	
58.358602 292.778785	5.42e-01  9.16e-01  4.33e+05	3.7613 81.2364 0.9074	
58.358602 292.778785	4.68e-01  8.94e-01  4.50e+05	-3.8120 73.6211 0.1781	
58.358602 292.778785	5.99e-01  9.45e-01  4.18e+05	15.1726 85.7335 0.9079	
58.358602 292.778785	4.51e-01  8.09e-01  4.71e+05	6.6558 63.5939 0.8936	
58.358602 292.778785	6.44e-01  7.29e-01  4.48e+05	21.5226 71.5397 0.4808	
58.358602 292.778785	6.76e-01  8.68e-01  4.18e+05	9.6636 86.5525 0.0509	
58.358602 292.778785	5.22e-01  8.23e-01  4.54e+05	-24.3665 68.0042 0.4644	
58.358602 292.778785	5.65e-01  9.83e-01  4.18e+05	-14.2226 86.1489 0.3690	
58.358602 292.778785	6.20e-01  8.86e-01  4.25e+05	2.1707 84.5657 0.1089	
58.358602 292.778785	5.05e-01  7.61e-01  4.70e+05	-11.7129 63.4094 0.9667	
58.358602 292.778785	4.07e-01  8.34e-01  4.75e+05	9.5042 61.0336 0.7985	
58.358602 292.778785	5.81e-01  7.13e-01  4.64e+05	21.4345 63.8275 0.1599	
58.358602 292.778785	6.81e-01  8.62e-01  4.18e+05	-23.2425 83.8383 0.6632	
58.358602 292.778785	7.23e-01  7.59e-01  4.29e+05	16.9890 81.2328 0.7408	
58.358602 292.778785	5.72e-01  9.08e-01  4.29e+05	29.0114 77.5787 0.8592	
58.358602 292.778785	6.36e-01  8.41e-01  4.30e+05	-7.4945 82.2760 0.3421	
58.358602 292.778785	5.97e-01  8.87e-01  4.28e+05	-39.8081 72.9888 0.4832	
58.358602 292.778785	6.72e-01  7.10e-01  4.47e+05	-0.0220 75.3857 0.4207	
58.358602 292.778785	6.98e-01  8.11e-01  4.24e+05	21.2657 82.0540 0.5124	
58.358602 292.778785	5.65e-01  7.43e-01  4.61e+05	17.9541 66.4200 0.2466	
58.358602 292.778785	5.52e-01  7.66e-01  4.59e+05	23.2971 65.7270 0.2030	
58.358602 292.778785	6.65e-01  7.85e-01  4.34e+05	6.6560 80.4439 0.8210	
58.358602 292.778785	6.82e-01  9.49e-01  4.04e+05	4.1682 92.1316 0.9046	
58.358602 292.778785	6.11e-01  7.81e-01  4.45e+05	19.5407 73.6930 0.2162	
58.358602 292.778785	6.65e-01  7.02e-01  4.49e+05	-3.2900 74.1268 0.9903	
58.358602 292.778785	6.57e-01  7.29e-01  4.46e+05	21.9083 72.4563 0.6867	
58.358602 292.778785	7.86e-01  8.32e-01  4.06e+05	22.8697 88.6053 0.3993	
58.358602 292.778785	5.66e-01  6.80e-01  4.74e+05	-5.3323 62.1201 0.5148	
58.358602 292.778785	6.60e-01  8.96e-01  4.16e+05	20.5730 85.3602 0.2777	
58.358602 292.778785	4.94e-01  8.55e-01  4.53e+05	0.4982 72.5478 0.8259	
58.358602 292.778785	4.53e-01  7.87e-01  4.75e+05	-3.7143 61.5402 0.2531	
58.358602 292.778785	5.90e-01  8.83e-01  4.30e+05	-12.5346 81.4489 0.0289	
58.358602 292.778785	6.52e-01  8.78e-01  4.20e+05	-30.1500 80.7891 0.5126	
58.358602 292.778785	3.85e-01  9.18e-01  4.62e+05	13.3329 66.9862 0.0359	
58.358602 292.778785	5.52e-01  6.01e-01  4.94e+05	12.5406 48.6219 0.4260	
58.358602 292.778785	6.93e-01  7.66e-01  4.33e+05	-0.6926 81.3607 0.6530	
58.358602 292.778785	5.58e-01  9.46e-01  4.25e+05	2.4424 84.4794 0.4608	
58.358602 292.778785	6.95e-01  9.22e-01  4.07e+05	4.3722 91.3070 0.3793	
58.358602 292.778785	4.40e-01  7.80e-01  4.79e+05	11.0662 58.2754 0.7139	
58.358602 292.778785	6.56e-01  8.41e-01  4.26e+05	0.4635 84.0096 0.9056	
58.358602 292.778785	6.87e-01  9.36e-01  4.06e+05	25.1749 88.2509 0.5431	
58.358602 292.778785	5.45e-01  9.03e-01  4.35e+05	16.3949 78.8820 0.9786	
58.358602 292.778785	7.88e-01  9.17e-01  3.93e+05	-6.4057 95.9395 0.5270	
58.358602 292.778785	6.41e-01  7.30e-01  4.49e+05	31.3954 67.5755 0.7778	
58.358602 292.778785	5.67e-01  8.86e-01  4.34e+05	41.2383 69.6611 0.9843	
58.358602 292.778785	4.29e-01  9.50e-01  4.47e+05	30.3974 68.7688 0.0035	
58.358602 292.778785	5.88e-01  7.39e-01  4.57e+05	19.7651 67.7507 0.2307	
58.358602 292.778785	4.80e-01  6.63e-01  4.96e+05	-7.1058 48.2230 0.0720	
58.358602 292.778785	7.02e-01  9.58e-01  4.00e+05	18.7343 91.9132 0.4616	
58.358602 292.778785	5.73e-01  7.37e-01  4.60e+05	6.6913 68.6889 0.9006	
58.358602 292.778785	5.90e-01  7.69e-01  4.51e+05	-12.5446 72.4592 0.6813	
58.358602 292.778785	6.40e-01  8.77e-01  4.23e+05	-14.9357 83.9957 0.9282	
58.358602 292.778785	6.29e-01  7.71e-01  4.43e+05	-18.8323 74.5501 0.9977	
58.358602 292.778785	6.80e-01  8.18e-01  4.26e+05	-15.2723 82.7109 0.0846	
58.358602 292.778785	5.42e-01  7.67e-01  4.61e+05	-11.8330 67.8400 0.8785	
58.358602 292.778785	4.46e-01  8.52e-01  4.63e+05	-38.0658 56.1600 0.8957	
58.358602 292.778785	4.82e-01  8.40e-01  4.58e+05	-16.1103 68.2508 0.4451	
58.358602 292.778785	5.33e-01  7.82e-01  4.59e+05	15.8170 67.6848 0.2986	
58.358602 292.778785	7.17e-01  8.49e-01  4.15e+05	-29.1736 83.4362 0.7547	
58.358602 292.778785	4.80e-01  8.40e-01  4.59e+05	-19.2610 67.1793 0.6022	
58.358602 292.778785	4.76e-01  8.09e-01  4.65e+05	12.2465 65.4344 0.5787	
58.358602 292.778785	5.69e-01  8.26e-01  4.44e+05	36.5907 67.1885 0.9480	
58.358602 292.778785	6.35e-01  8.90e-01  4.21e+05	2.4891 85.8546 0.5698	
58.358602 292.778785	6.22e-01  7.73e-01  4.44e+05	21.3809 73.4122 0.2068	
58.358602 292.778785	5.11e-01  9.02e-01  4.41e+05	5.2945 77.6757 0.1062	
58.358602 292.778785	6.64e-01  7.87e-01  4.34e+05	-35.5902 72.5152 0.4855	
58.358602 292.778785	6.52e-01  7.43e-01  4.44e+05	7.4038 76.0467 0.7910	
58.358602 292.778785	8.08e-01  9.36e-01  3.88e+05	-14.3862 97.0060 0.9987	
58.358602 292.778785	4.17e-01  8.76e-01  4.64e+05	3.4169 67.2072 0.8252	
58.358602 292.778785	7.68e-01  8.03e-01  4.14e+05	-18.2410 86.8505 0.4436	
58.358602 292.778785	4.75e-01  8.33e-01  4.61e+05	7.6264 68.4263 0.9514	
58.358602 292.778785	6.26e-01  7.33e-01  4.51e+05	20.5819 70.5112 0.1636	
58.358602 292.778785	4.79e-01  7.13e-01  4.85e+05	-8.9685 54.9639 0.9724	
58.358602 292.778785	5.76e-01  6.90e-01  4.70e+05	-9.6138 63.7909 0.9344	
58.358602 292.778785	6.97e-01  8.68e-01  4.15e+05	-6.9751 88.0854 0.9339	
58.358602 292.778785	5.55e-01  9.00e-01  4.33e+05	6.7577 80.7615 0.9328	
58.358602 292.778785	5.77e-01  8.78e-01  4.33e+05	-1.3784 81.0627 0.8909	
58.358602 292.778785	5.69e-01  7.79e-01  4.53e+05	-1.1866 72.4962 0.8933	
58.358602 292.778785	6.43e-01  7.16e-01  4.51e+05	-5.6264 73.2992 0.6699	
58.358602 292.778785	6.53e-01  8.08e-01  4.32e+05	-2.0346 81.4485 0.4271	
58.358602 292.778785	6.87e-01  8.92e-01  4.12e+05	-9.3808 88.7498 0.3506	
58.358602 292.778785	6.61e-01  7.75e-01  4.37e+05	-4.8084 79.5314 0.7136	
58.358602 292.778785	7.33e-01  9.28e-01  4.00e+05	-58.1531 73.6514 0.6051	
58.358602 292.778785	6.15e-01  7.57e-01  4.49e+05	-33.9559 66.3551 0.8297	
58.358602 292.778785	5.51e-01  8.45e-01  4.44e+05	-14.1502 75.1902 0.8801	
58.358602 292.778785	7.28e-01  7.71e-01  4.26e+05	-6.8741 83.9063 0.3069	
58.358602 292.778785	6.41e-01  7.91e-01  4.37e+05	29.3007 73.8178 0.8814	
58.358602 292.778785	6.94e-01  7.48e-01  4.36e+05	20.1790 77.4828 0.3118	
58.358602 292.778785	6.92e-01  7.71e-01  4.32e+05	17.5563 79.7254 0.6888	
58.358602 292.778785	5.44e-01  8.98e-01  4.36e+05	-32.5637 73.2162 0.8709	
58.358602 292.778785	4.77e-01  9.41e-01  4.40e+05	-7.5388 77.9278 0.1446	
58.358602 292.778785	5.63e-01  8.91e-01  4.33e+05	-28.7642 75.7500 0.4120	
58.358602 292.778785	5.44e-01  7.12e-01  4.72e+05	-32.4281 54.4772 0.0680	
58.358602 292.778785	5.53e-01  6.30e-01  4.87e+05	2.1674 54.3997 0.1159	
58.358602 292.778785	9.46e-01  9.84e-01  3.63e+05	7.1284 105.8682 0.4846	
58.358602 292.778785	7.12e-01  7.81e-01  4.27e+05	-13.8913 82.6236 0.1825	
58.358602 292.778785	5.67e-01  7.24e-01  4.64e+05	1.7181 67.0761 0.6189	
58.358602 292.778785	5.81e-01  8.05e-01  4.46e+05	17.0595 73.7866 0.4303	
58.358602 292.778785	7.58e-01  8.66e-01  4.05e+05	-35.2881 84.7955 0.0601	
58.358602 292.778785	5.95e-01  6.36e-01  4.77e+05	-9.2915 59.8265 0.5033	
58.358602 292.778785	6.32e-01  8.95e-01  4.21e+05	-1.7211 85.9976 0.8021	
58.358602 292.778785	7.45e-01  8.88e-01  4.04e+05	-43.5112 81.4221 0.9284	
58.358602 292.778785	5.52e-01  6.70e-01  4.79e+05	-1.0738 59.5711 0.1136	
58.358602 292.778785	4.97e-01  7.64e-01  4.71e+05	-8.1120 63.4616 0.8936	
58.358602 292.778785	8.51e-01  8.83e-01  3.89e+05	28.3666 93.3707 0.8258	
58.358602 292.778785	6.78e-01  8.43e-01  4.22e+05	-8.1190 85.2240 0.7848	
58.358602 292.778785	5.60e-01  6.51e-01  4.81e+05	-4.2382 57.9552 0.3402	
58.358602 292.778785	5.72e-01  8.64e-01  4.37e+05	11.3819 78.9024 0.3329	
58.358602 292.778785	5.85e-01  7.90e-01  4.48e+05	9.1644 74.2923 0.0466	
58.358602 292.778785	6.11e-01  7.43e-01  4.52e+05	-18.9830 70.5004 0.2312	
58.358602 292.778785	3.63e-01  7.92e-01  4.94e+05	-10.1473 49.5215 0.6880	
58.358602 292.778785	5.56e-01  9.32e-01  4.27e+05	31.8588 77.1249 0.9730	
58.358602 292.778785	7.71e-01  8.23e-01  4.10e+05	29.8714 85.0131 0.4088	
58.358602 292.778785	6.40e-01  8.69e-01  4.24e+05	2.0647 84.8331 0.7937	
58.358602 292.778785	5.74e-01  8.81e-01  4.33e+05	3.9056 80.9800 0.0614	
58.358602 292.778785	6.03e-01  7.98e-01  4.43e+05	-25.7434 72.5300 0.3989	
58.358602 292.778785	6.80e-01  8.16e-01  4.26e+05	-19.2741 81.7117 0.0710	
58.358602 292.778785	5.99e-01  7.71e-01  4.49e+05	-1.8871 74.3298 0.5719	
58.358602 292.778785	5.73e-01  8.45e-01  4.40e+05	-2.6327 78.2181 0.8762	
58.358602 292.778785	4.82e-01  8.24e-01  4.61e+05	31.4774 60.9392 0.8804	
58.358602 292.778785	5.73e-01  6.29e-01  4.83e+05	17.8337 54.1605 0.9249	
58.358602 292.778785	5.73e-01  9.07e-01  4.29e+05	3.7705 82.8043 0.3667	
58.358602 292.778785	5.94e-01  8.02e-01  4.44e+05	7.0665 76.2560 0.1517	
58.358602 292.778785	8.52e-01  9.76e-01  3.76e+05	-6.1040 101.6925 0.6898	
58.358602 292.778785	4.40e-01  8.99e-01  4.55e+05	11.9442 70.6565 0.2487	
58.358602 292.778785	4.46e-01  7.97e-01  4.74e+05	-15.2493 60.0355 0.4582	
58.358602 292.778785	6.70e-01  9.68e-01  4.03e+05	-18.0610 90.8102 0.4516	
58.358602 292.778785	6.03e-01  7.48e-01  4.53e+05	-32.0595 65.3260 0.0626	
58.358602 292.778785	5.16e-01  8.55e-01  4.49e+05	-32.2871 67.1048 0.0380	
58.358602 292.778785	5.24e-01  8.48e-01  4.48e+05	-11.6486 73.7037 0.7179	
58.358602 292.778785	4.79e-01  8.19e-01  4.63e+05	-18.5218 65.2891 0.2138	
58.358602 292.778785	7.03e-01  8.30e-01  4.20e+05	7.7364 86.0477 0.1450	
58.358602 292.778785	4.85e-01  7.88e-01  4.68e+05	12.8323 64.0222 0.2010	
58.358602 292.778785	6.77e-01  7.59e-01  4.37e+05	-1.8128 79.6694 0.1126	
58.358602 292.778785	6.71e-01  8.87e-01  4.16e+05	4.7923 87.8811 0.1210	
58.358602 292.778785	5.76e-01  8.56e-01  4.38e+05	-11.1646 78.5470 0.2717	
58.358602 292.778785	6.03e-01  9.21e-01  4.22e+05	23.2273 82.5438 0.5579	
58.358602 292.778785	7.14e-01  8.65e-01  4.13e+05	14.8060 87.9354 0.7118	
58.358602 292.778785	7.16e-01  9.17e-01  4.04e+05	-17.9866 90.5854 0.8824	
58.358602 292.778785	7.29e-01  9.07e-01  4.04e+05	-48.1559 78.9953 0.6889	
58.358602 292.778785	4.88e-01  8.26e-01  4.60e+05	11.6350 68.4546 0.7513	
58.358602 292.778785	5.25e-01  7.64e-01  4.65e+05	0.9914 66.9314 0.8216	
58.358602 292.778785	6.47e-01  7.94e-01  4.36e+05	26.8987 75.3213 0.8924	
58.358602 292.778785	8.20e-01  9.80e-01  3.80e+05	-6.0736 100.5055 0.5426	
58.358602 292.778785	4.97e-01  9.13e-01  4.41e+05	1.6455 77.6650 0.7817	
58.358602 292.778785	6.23e-01  7.38e-01  4.51e+05	-8.5829 73.1133 0.7267	
58.358602 292.778785	5.27e-01  7.50e-01  4.67e+05	23.7618 61.1645 0.4683	
58.358602 292.778785	6.65e-01  9.36e-01  4.09e+05	-5.0775 90.3678 0.8037	
58.358602 292.778785	7.23e-01  7.72e-01  4.26e+05	-15.8242 82.4035 0.2073	
58.358602 292.778785	6.41e-01  8.68e-01  4.24e+05	27.3216 80.3278 0.5935	
58.358602 292.778785	5.89e-01  9.07e-01  4.26e+05	-11.2807 83.1919 0.7912	
58.358602 292.778785	5.36e-01  6.98e-01  4.76e+05	19.7157 57.6931 0.7815	
58.358602 292.778785	7.55e-01  9.39e-01  3.95e+05	-30.2791 90.6670 0.4074	
58.358602 292.778785	6.04e-01  8.00e-01  4.43e+05	17.2119 75.2551 0.7320	
58.358602 292.778785	6.21e-01  7.65e-01  4.46e+05	28.5775 70.1313 0.8091	
58.358602 292.778785	4.47e-01  8.74e-01  4.58e+05	-11.8748 68.9670 0.9436	
58.358602 292.778785	5.04e-01  8.85e-01  4.45e+05	-3.9501 75.9269 0.5066	
58.358602 292.778785	6.00e-01  9.17e-01  4.23e+05	5.9760 85.1314 0.4691	
58.358602 292.778785	5.23e-01  8.93e-01  4.40e+05	-8.1978 77.7636 0.9545	
58.358602 292.778785	4.82e-01  7.80e-01  4.70e+05	-4.6988 63.8905 0.5701	
58.358602 292.778785	6.41e-01  7.41e-01  4.47e+05	20.1810 72.6193 0.6256	
58.358602 292.778785	6.73e-01  7.29e-01  4.43e+05	-29.9776 70.9939 0.4083	
58.358602 292.778785	7.87e-01  8.13e-01  4.09e+05	-1.8040 90.4153 0.2936	
58.358602 292.778785	7.44e-01  9.07e-01  4.01e+05	18.0736 91.5576 0.0085	
58.358602 292.778785	5.87e-01  8.42e-01  4.38e+05	-0.1465 79.1911 0.3272	
58.358602 292.778785	4.12e-01  8.79e-01  4.64e+05	-17.5825 64.8011 0.6370	
58.358602 292.778785	5.83e-01  7.54e-01  4.55e+05	6.4389 71.2168 0.9240	
58.358602 292.778785	6.84e-01  8.26e-01  4.24e+05	46.7927 70.8182 0.6105	
58.358602 292.778785	6.47e-01  8.29e-01  4.30e+05	26.8800 78.0783 0.7856	
58.358602 292.778785	7.15e-01  9.15e-01  4.04e+05	14.6448 91.0174 0.7182	
58.358602 292.778785	5.69e-01  7.21e-01  4.65e+05	4.7533 66.7765 0.6862	
58.358602 292.778785	5.03e-01  8.23e-01  4.57e+05	5.0438 70.3315 0.3711	
58.358602 292.778785	6.06e-01  7.80e-01  4.46e+05	15.7536 74.1127 0.2745	
58.358602 292.778785	6.76e-01  8.58e-01  4.20e+05	-18.9475 84.3646 0.0678	
58.358602 292.778785	3.95e-01  8.36e-01  4.77e+05	-7.4924 60.1971 0.0065	
58.358602 292.778785	4.58e-01  8.77e-01  4.56e+05	-3.7096 71.2355 0.3576	
58.358602 292.778785	5.98e-01  6.68e-01  4.70e+05	12.4117 63.3048 0.1363	
58.358602 292.778785	5.69e-01  9.61e-01  4.20e+05	-37.2464 77.7599 0.0933	
58.358602 292.778785	6.70e-01  7.41e-01  4.41e+05	-15.3731 76.1831 0.1148	
58.358602 292.778785	5.23e-01  8.79e-01  4.43e+05	-12.3460 75.9907 0.5456	
58.358602 292.778785	6.21e-01  9.34e-01  4.16e+05	-18.1655 85.8899 0.7684	
58.358602 292.778785	5.29e-01  7.55e-01  4.66e+05	-16.6425 64.2926 0.3707	
58.358602 292.778785	6.09e-01  8.56e-01  4.32e+05	-11.2439 80.9987 0.1857	
58.358602 292.778785	7.63e-01  9.13e-01  3.98e+05	43.0590 84.2690 0.2851	
58.358602 292.778785	6.86e-01  8.31e-01  4.23e+05	14.8878 84.0185 0.2178	
58.358602 292.778785	5.96e-01  7.50e-01  4.54e+05	-14.4901 70.8220 0.9252	
58.358602 292.778785	5.73e-01  8.84e-01  4.33e+05	8.4724 80.8099 0.8973	
58.358602 292.778785	6.41e-01  7.07e-01  4.53e+05	14.9946 70.9355 0.1561	
58.358602 292.778785	4.78e-01  7.70e-01  4.73e+05	5.3829 62.3969 0.4192	
58.358602 292.778785	5.46e-01  8.76e-01  4.39e+05	-5.6162 78.4531 0.6981	
58.358602 292.778785	5.84e-01  8.33e-01  4.40e+05	6.1143 78.0103 0.2194	
58.358602 292.778785	5.49e-01  7.92e-01  4.55e+05	-21.3302 68.6075 0.8173	
58.358602 292.778785	7.73e-01  9.07e-01  3.97e+05	21.2113 92.4379 0.5211	
58.358602 292.778785	6.40e-01  7.93e-01  4.37e+05	29.2719 73.8197 0.7678	
58.358602 292.778785	6.26e-01  8.55e-01  4.29e+05	28.6293 77.8246 0.5391	
58.358602 292.778785	6.02e-01  8.34e-01  4.37e+05	57.0729 55.6850 0.5614	
58.358602 292.778785	6.73e-01  9.21e-01  4.10e+05	43.3007 79.0624 0.2948	
58.358602 292.778785	7.98e-01  9.57e-01  3.86e+05	-5.5790 98.3836 0.7455	
58.358602 292.778785	5.66e-01  9.33e-01  4.26e+05	23.3523 80.8247 0.7570	
58.358602 292.778785	5.97e-01  9.60e-01  4.16e+05	-14.9470 86.6191 0.9599	
58.358602 292.778785	5.57e-01  7.83e-01  4.55e+05	-4.4857 71.6483 0.7522	
58.358602 292.778785	4.99e-01  8.43e-01  4.54e+05	3.9853 71.8563 0.4596	
58.358602 292.778785	5.81e-01  8.64e-01  4.35e+05	-6.7128 80.0603 0.3191	
58.358602 292.778785	5.98e-01  8.84e-01  4.29e+05	0.9079 82.9882 0.8746	
58.358602 292.778785	6.14e-01  8.47e-01  4.32e+05	-5.3326 81.2949 0.3562	
58.358602 292.778785	5.75e-01  6.66e-01  4.75e+05	-7.4986 61.3401 0.7366	
58.358602 292.778785	6.58e-01  7.75e-01  4.37e+05	-14.7366 78.0291 0.0208	
58.358602 292.778785	6.22e-01  7.41e-01  4.50e+05	-0.9911 73.8242 0.9080	
58.358602 292.778785	5.98e-01  8.48e-01  4.35e+05	-10.2687 79.7277 0.9682	
58.358602 292.778785	5.71e-01  8.50e-01  4.39e+05	32.1609 71.6184 0.7973	
58.358602 292.778785	7.14e-01  9.18e-01  4.04e+05	29.4438 87.4380 0.8617	
58.358602 292.778785	6.80e-01  8.86e-01  4.15e+05	-0.0084 88.4718 0.1690	
58.358602 292.778785	7.68e-01  9.06e-01  3.98e+05	-1.4082 94.5441 0.0393	
58.358602 292.778785	5.62e-01  8.17e-01  4.47e+05	-15.2194 73.5433 0.7568	
58.358602 292.778785	6.29e-01  8.33e-01  4.32e+05	-14.6950 80.1919 0.9154	
58.358602 292.778785	7.10e-01  8.92e-01  4.09e+05	9.2984 90.0930 0.4914	
58.358602 292.778785	7.11e-01  7.54e-01  4.32e+05	21.5650 78.8604 0.4945	
58.358602 292.778785	4.83e-01  8.30e-01  4.60e+05	8.8390 68.7565 0.9070	
58.358602 292.778785	4.83e-01  8.06e-01  4.65e+05	-18.8554 64.1438 0.5167	
58.358602 292.778785	6.42e-01  7.72e-01  4.41e+05	-32.7523 70.8262 0.9009	
58.358602 292.778785	5.32e-01  9.31e-01  4.32e+05	-30.2410 75.7863 0.6424	
58.358602 292.778785	5.91e-01  9.23e-01  4.23e+05	-21.2871 82.4825 0.1751	
58.358602 292.778785	5.17e-01  7.26e-01  4.74e+05	-7.3087 61.6377 0.8977	
58.358602 292.778785	5.68e-01  6.93e-01  4.71e+05	24.5075 59.0843 0.8491	
58.358602 292.778785	5.48e-01  9.69e-01  4.23e+05	-20.3168 82.8746 0.6587	
58.358602 292.778785	5.44e-01  8.57e-01  4.43e+05	5.3114 76.8058 0.4401	
58.358602 292.778785	7.14e-01  8.85e-01  4.09e+05	-23.0906 87.3912 0.9378	
58.358602 292.778785	5.49e-01  6.67e-01  4.80e+05	2.8585 58.7102 0.1534	
58.358602 292.778785	6.29e-01  9.01e-01  4.21e+05	26.4249 82.0355 0.6320	
58.358602 292.778785	4.49e-01  9.33e-01  4.47e+05	-7.3596 75.0440 0.2205	
58.358602 292.778785	6.44e-01  8.76e-01  4.22e+05	4.6684 85.4043 0.4330	
58.358602 292.778785	6.58e-01  9.54e-01  4.07e+05	-24.1428 87.9094 0.3836	
58.358602 292.778785	5.29e-01  7.97e-01  4.57e+05	34.3108 61.6552 0.8069	
58.358602 292.778785	5.50e-01  7.75e-01  4.58e+05	11.2966 69.5093 0.4464	
58.358602 292.778785	5.62e-01  7.68e-01  4.57e+05	7.1677 70.5376 0.4013	
58.358602 292.778785	5.94e-01  9.68e-01  4.15e+05	12.8293 87.2196 0.1119	
58.358602 292.778785	5.57e-01  7.96e-01  4.52e+05	2.4293 72.9661 0.4356	
58.358602 292.778785	7.24e-01  8.32e-01  4.16e+05	-7.7320 87.5072 0.7640	
58.358602 292.778785	5.90e-01  7.54e-01  4.54e+05	-32.1070 64.5240 0.2179	
58.358602 292.778785	6.94e-01  9.04e-01  4.09e+05	11.6136 89.6099 0.0616	
58.358602 292.778785	6.26e-01  8.95e-01  4.22e+05	3.2092 85.4945 0.5514	
58.358602 292.778785	6.37e-01  8.90e-01  4.21e+05	-23.5530 82.6819 0.0827	
58.358602 292.778785	6.63e-01  8.00e-01  4.32e+05	12.2751 80.6826 0.1203	
58.358602 292.778785	5.56e-01  8.50e-01  4.42e+05	18.7147 75.0208 0.8634	
58.358602 292.778785	7.28e-01  9.03e-01  4.04e+05	7.5302 91.9093 0.5195	
58.358602 292.778785	6.50e-01  8.21e-01  4.31e+05	-17.1520 80.4201 0.8494	
58.358602 292.778785	5.11e-01  7.14e-01  4.78e+05	36.1318 47.6835 0.5773	
58.358602 292.778785	7.12e-01  8.52e-01  4.15e+05	8.1064 87.9836 0.4206	
58.358602 292.778785	5.82e-01  7.97e-01  4.47e+05	-12.0990 74.1992 0.1251	
58.358602 292.778785	4.46e-01  7.06e-01  4.94e+05	16.2020 47.3610 0.0359	
58.358602 292.778785	5.80e-01  8.24e-01  4.43e+05	-1.4949 77.1651 0.6255	
58.358602 292.778785	5.05e-01  7.18e-01  4.79e+05	-8.3824 59.0779 0.5571	
58.358602 292.778785	5.41e-01  8.59e-01  4.43e+05	-6.2351 76.6563 0.0054	
58.358602 292.778785	4.46e-01  8.69e-01  4.60e+05	-3.3616 69.3475 0.0517	
58.358602 292.778785	5.48e-01  7.35e-01  4.66e+05	-1.1186 66.2817 0.0397	
58.358602 292.778785	7.42e-01  7.84e-01  4.21e+05	9.7740 85.3806 0.6679	
58.358602 292.778785	5.42e-01  8.95e-01  4.37e+05	10.1748 79.1065 0.0588	
58.358602 292.778785	4.81e-01  7.49e-01  4.77e+05	11.4676 59.3321 0.0414	
58.358602 292.778785	4.75e-01  7.66e-01  4.75e+05	19.7139 58.5018 0.6546	
58.358602 292.778785	6.29e-01  7.69e-01  4.44e+05	2.8589 76.6722 0.4088	
58.358602 292.778785	7.16e-01  8.13e-01  4.21e+05	-10.0033 85.5897 0.0807	
58.358602 292.778785	4.97e-01  8.36e-01  4.56e+05	33.7683 62.5550 0.9522	
58.358602 292.778785	5.91e-01  7.35e-01  4.58e+05	-8.4801 69.9187 0.1848	
58.358602 292.778785	4.59e-01  7.75e-01  4.76e+05	17.0922 58.5271 0.8837	
58.358602 292.778785	5.32e-01  9.62e-01  4.27e+05	-18.2886 81.7714 0.0274	
58.358602 292.778785	6.31e-01  9.45e-01  4.13e+05	-12.4323 88.2125 0.6603	
58.358602 292.778785	6.71e-01  8.71e-01  4.19e+05	25.5135 83.1073 0.3992	
58.358602 292.778785	7.25e-01  8.77e-01  4.09e+05	-44.5389 78.8245 0.9943	
58.358602 292.778785	6.62e-01  9.38e-01  4.09e+05	12.1612 89.6419 0.2317	
58.358602 292.778785	5.40e-01  8.33e-01  4.48e+05	14.7294 73.1696 0.8324	
58.358602 292.778785	7.65e-01  8.72e-01  4.03e+05	-25.1375 89.0647 0.9916	
58.358602 292.778785	6.46e-01  9.07e-01  4.17e+05	14.1529 86.5110 0.7938	
58.358602 292.778785	4.74e-01  7.82e-01  4.72e+05	13.5521 61.9106 0.1318	
58.358602 292.778785	4.55e-01  8.45e-01  4.63e+05	-15.8011 66.1161 0.2944	
58.358602 292.778785	7.06e-01  9.52e-01  4.00e+05	-9.1948 93.2505 0.8931	
58.358602 292.778785	8.92e-01  9.33e-01  3.77e+05	-18.1642 100.1226 0.3230	
58.358602 292.778785	5.25e-01  7.14e-01  4.75e+05	0.2825 61.5412 0.2628	
58.358602 292.778785	3.79e-01  9.33e-01  4.60e+05	-12.6972 68.0578 0.3982	
58.358602 292.778785	6.09e-01  7.34e-01  4.54e+05	-11.9338 71.0778 0.0505	
58.358602 292.778785	6.57e-01  7.74e-01  4.38e+05	22.7129 75.9755 0.1755	
58.358602 292.778785	6.17e-01  8.47e-01  4.32e+05	7.3522 81.3758 0.9633	
58.358602 292.778785	6.53e-01  7.80e-01  4.37e+05	13.8620 78.2022 0.2498	
58.358602 292.778785	6.09e-01  8.23e-01  4.37e+05	-9.5761 78.7953 0.0337	
58.358602 292.778785	6.45e-01  7.48e-01  4.45e+05	24.3253 72.3132 0.3033	
58.358602 292.778785	6.19e-01  8.83e-01  4.25e+05	24.1633 80.8311 0.7446	
58.358602 292.778785	5.23e-01  8.11e-01  4.56e+05	20.6315 68.2023 0.7073	
58.358602 292.778785	5.53e-01  8.54e-01  4.42e+05	-4.4885 77.3600 0.5750	
58.358602 292.778785	5.83e-01  8.47e-01  4.38e+05	-9.0714 78.7096 0.5644	
58.358602 292.778785	5.29e-01  8.22e-01  4.53e+05	19.8502 69.9673 0.5423	
58.358602 292.778785	7.24e-01  8.72e-01  4.10e+05	1.8918 90.1839 0.1264	
58.358602 292.778785	6.56e-01  6.71e-01  4.57e+05	-16.4753 68.6862 0.1648	
58.358602 292.778785	3.71e-01  9.21e-01  4.64e+05	15.9448 65.2300 0.4604	
58.358602 292.778785	5.02e-01  9.02e-01  4.43e+05	-14.9197 75.7359 0.5282	
58.358602 292.778785	5.15e-01  8.61e-01  4.48e+05	21.5409 71.7222 0.2824	
58.358602 292.778785	6.44e-01  8.26e-01  4.31e+05	21.9260 79.1463 0.1391	
58.358602 292.778785	7.04e-01  8.65e-01  4.14e+05	26.4965 84.5373 0.8685	
58.358602 292.778785	5.37e-01  7.93e-01  4.57e+05	-22.8915 67.0683 0.6216	
58.358602 292.778785	6.74e-01  8.19e-01  4.27e+05	-24.4600 80.0684 0.3057	
58.358602 292.778785	7.20e-01  8.24e-01  4.18e+05	10.7054 86.4029 0.1310	
58.358602 292.778785	5.13e-01  8.39e-01  4.52e+05	-10.5122 72.0473 0.6070	
58.358602 292.778785	5.42e-01  8.17e-01  4.51e+05	27.8619 67.9266 0.7377	
58.358602 292.778785	7.00e-01  9.40e-01  4.03e+05	-26.6168 88.8099 0.9644	
58.358602 292.778785	6.63e-01  7.90e-01  4.34e+05	-18.3167 78.8232 0.2039	
58.358602 292.778785	5.86e-01  7.35e-01  4.58e+05	-7.9698 69.6460 0.3659	
58.358602 292.778785	6.82e-01  8.25e-01  4.24e+05	-14.2933 83.5108 0.9046	
58.358602 292.778785	5.31e-01  8.17e-01  4.53e+05	-14.0077 71.1458 0.2793	
58.358602 292.778785	6.93e-01  9.43e-01  4.04e+05	26.1512 88.7244 0.3791	
58.358602 292.778785	7.54e-01  8.29e-01  4.12e+05	7.6900 89.1367 0.9881	
58.358602 292.778785	5.77e-01  7.67e-01  4.54e+05	-2.2779 72.1120 0.5794	
58.358602 292.778785	5.57e-01  9.57e-01  4.23e+05	-16.6745 83.5069 0.3625	
58.358602 292.778785	4.23e-01  8.47e-01  4.69e+05	1.0243 65.0210 0.6172	
58.358602 292.778785	6.18e-01  8.65e-01  4.28e+05	1.8313 83.0460 0.1037	
58.358602 292.778785	6.92e-01  8.59e-01  4.17e+05	5.0320 87.3952 0.0027	
58.358602 292.778785	6.50e-01  9.14e-01  4.15e+05	-3.1456 88.2818 0.3695	
58.358602 292.778785	6.73e-01  8.95e-01  4.14e+05	-23.0102 85.4927 0.7867	
58.358602 292.778785	4.83e-01  6.71e-01  4.94e+05	2.8842 50.2254 0.6933	
58.358602 292.778785	6.26e-01  7.58e-01  4.46e+05	-29.9970 69.4194 0.8624	
58.358602 292.778785	6.47e-01  7.36e-01  4.47e+05	7.7470 75.0407 0.0578	
58.358602 292.778785	5.73e-01  9.19e-01  4.27e+05	-51.2780 66.1242 0.5003	
58.358602 292.778785	6.44e-01  8.32e-01  4.30e+05	22.9394 79.2682 0.6339	
58.358602 292.778785	5.98e-01  7.87e-01  4.46e+05	25.4256 71.2466 0.6518	
58.358602 292.778785	6.46e-01  8.07e-01  4.34e+05	13.8653 79.7079 0.3824	
58.358602 292.778785	7.01e-01  8.01e-01  4.25e+05	-11.3389 83.6090 0.0695	
58.358602 292.778785	6.93e-01  9.28e-01  4.06e+05	11.8293 90.9502 0.7165	
58.358602 292.778785	5.66e-01  9.67e-01  4.20e+05	42.2148 75.4138 0.5861	
58.358602 292.778785	5.96e-01  7.66e-01  4.50e+05	9.1400 73.1211 0.1937	
58.358602 292.778785	7.45e-01  8.34e-01  4.13e+05	-17.6421 87.4435 0.0249	
58.358602 292.778785	7.10e-01  9.35e-01  4.02e+05	-50.5697 78.0308 0.6889	
58.358602 292.778785	5.23e-01  6.86e-01  4.82e+05	8.8580 57.2404 0.1907	
58.358602 292.778785	6.72e-01  8.00e-01  4.30e+05	15.8366 80.7236 0.1264	
58.358602 292.778785	7.13e-01  9.71e-01  3.96e+05	-41.7767 85.4161 0.6784	
58.358602 292.778785	7.02e-01  8.90e-01  4.11e+05	1.5551 89.9405 0.2569	
58.358602 292.778785	4.76e-01  8.85e-01  4.51e+05	16.0509 71.8492 0.0842	
58.358602 292.778785	7.64e-01  8.07e-01  4.14e+05	-24.1716 85.3946 0.4787	
58.358602 292.778785	5.23e-01  7.57e-01  4.67e+05	-22.0163 62.2435 0.8045	
58.358602 292.778785	5.05e-01  8.42e-01  4.53e+05	-8.6798 71.8972 0.7262	
58.358602 292.778785	5.12e-01  8.23e-01  4.56e+05	-5.3349 71.1785 0.1153	
58.358602 292.778785	7.08e-01  7.67e-01  4.30e+05	-12.9854 81.4638 0.3098	
58.358602 292.778785	3.51e-01  8.65e-01  4.80e+05	26.0178 52.7433 0.2374	
58.358602 292.778785	5.35e-01  7.97e-01  4.56e+05	-15.6279 69.3026 0.0244	
58.358602 292.778785	4.27e-01  8.73e-01  4.62e+05	3.7159 67.9642 0.1872	
58.358602 292.778785	4.94e-01  8.78e-01  4.48e+05	0.3987 74.5817 0.6783	
58.358602 292.778785	5.02e-01  9.19e-01  4.39e+05	12.0297 77.6049 0.5514	
58.358602 292.778785	5.30e-01  7.06e-01  4.76e+05	-5.7240 60.9557 0.2716	
58.358602 292.778785	5.68e-01  9.49e-01  4.23e+05	-6.2299 85.1549 0.1320	
58.358602 292.778785	6.96e-01  9.56e-01  4.01e+05	24.6881 90.0561 0.1953	
58.358602 292.778785	5.62e-01  7.28e-01  4.64e+05	-11.1818 66.1102 0.6352	
58.358602 292.778785	5.69e-01  7.88e-01  4.51e+05	-3.1928 73.2169 0.4671	
58.358602 292.778785	6.48e-01  9.07e-01  4.16e+05	-33.3062 81.2202 0.8206	
58.358602 292.778785	6.44e-01  7.80e-01  4.39e+05	18.3984 76.6326 0.0807	
58.358602 292.778785	6.09e-01  9.50e-01  4.16e+05	43.9579 76.2557 0.5624	
58.358602 292.778785	6.09e-01  6.83e-01  4.64e+05	21.5898 63.6857 0.0112	
58.358602 292.778785	4.46e-01  8.43e-01  4.65e+05	14.6707 65.2109 0.5103	
58.358602 292.778785	5.55e-01  7.57e-01  4.60e+05	-28.7223 63.0030 0.9846	
58.358602 292.778785	6.93e-01  8.14e-01  4.24e+05	0.8583 84.6692 0.5431	
58.358602 292.778785	5.37e-01  8.25e-01  4.50e+05	-23.6198 69.8722 0.3570	
58.358602 292.778785	5.32e-01  6.47e-01  4.88e+05	22.8527 48.7523 0.5582	
58.358602 292.778785	6.91e-01  8.02e-01  4.27e+05	-28.6809 78.7022 0.2250	
58.358602 292.778785	6.24e-01  9.02e-01  4.21e+05	-0.9410 85.9623 0.6890	
58.358602 292.778785	6.97e-01  8.25e-01  4.22e+05	20.4618 83.1420 0.8087	
58.358602 292.778785	7.57e-01  8.98e-01  4.01e+05	17.9227 91.8394 0.6423	
58.358602 292.778785	3.38e-01  8.23e-01  4.92e+05	-5.7971 51.0465 0.8411	
58.358602 292.778785	4.59e-01  7.98e-01  4.71e+05	-11.3184 62.5712 0.5724	
58.358602 292.778785	5.03e-01  9.11e-01  4.41e+05	-7.4723 77.6614 0.9915	
58.358602 292.778785	7.08e-01  8.18e-01  4.21e+05	22.2749 82.9986 0.0977	
58.358602 292.778785	6.46e-01  9.68e-01  4.07e+05	4.6667 91.1229 0.1228	
58.358602 292.778785	7.81e-01  8.15e-01  4.10e+05	-3.0621 90.2317 0.6533	
58.358602 292.778785	5.29e-01  7.87e-01  4.59e+05	-9.5482 68.9108 0.9999	
58.358602 292.778785	4.35e-01  8.30e-01  4.70e+05	-11.8718 63.3521 0.6688	
58.358602 292.778785	6.55e-01  7.83e-01  4.36e+05	25.0106 75.8707 0.4813	
58.358602 292.778785	7.15e-01  7.86e-01  4.25e+05	-38.7621 74.8188 0.8007	
58.358602 292.778785	5.25e-01  7.61e-01  4.65e+05	-0.0754 66.6324 0.2073	
58.358602 292.778785	5.55e-01  7.66e-01  4.58e+05	20.7439 66.9517 0.0163	
58.358602 292.778785	6.84e-01  8.47e-01  4.20e+05	23.9564 82.8995 0.8452	
58.358602 292.778785	5.13e-01  8.72e-01  4.46e+05	6.6131 75.3556 0.9550	
58.358602 292.778785	7.12e-01  9.04e-01  4.07e+05	18.5773 89.4416 0.2060	
58.358602 292.778785	6.29e-01  8.62e-01  4.27e+05	10.4596 82.8869 0.5272	
58.358602 292.778785	8.66e-01  9.39e-01  3.79e+05	-14.5657 99.8301 0.8862	
58.358602 292.778785	6.12e-01  8.83e-01  4.26e+05	44.9314 70.8595 0.4148	
58.358602 292.778785	5.52e-01  7.22e-01  4.68e+05	-13.4899 63.9279 0.6981	
58.358602 292.778785	6.43e-01  8.11e-01  4.34e+05	-31.3902 74.6351 0.7106	
58.358602 292.778785	6.64e-01  7.06e-01  4.49e+05	-6.1148 74.2051 0.0659	
58.358602 292.778785	4.85e-01  8.49e-01  4.56e+05	-34.8995 62.1748 0.3729	
58.358602 292.778785	7.80e-01  9.28e-01  3.93e+05	20.1786 94.1637 0.2647	
58.358602 292.778785	7.54e-01  8.45e-01  4.09e+05	25.5933 86.7208 0.5115	
58.358602 292.778785	5.73e-01  8.28e-01  4.43e+05	-10.0750 76.3177 0.3690	
58.358602 292.778785	7.59e-01  9.79e-01  3.89e+05	-30.4335 92.8775 0.2945	
58.358602 292.778785	6.29e-01  9.16e-01  4.18e+05	-44.3649 75.0209 0.7275	
58.358602 292.778785	7.84e-01  8.33e-01  4.06e+05	-9.5918 90.9573 0.6977	
58.358602 292.778785	6.70e-01  9.08e-01  4.13e+05	-24.2672 85.7556 0.5539	
58.358602 292.778785	5.31e-01  9.00e-01  4.38e+05	-4.2808 79.1923 0.6789	
58.358602 292.778785	7.02e-01  8.60e-01  4.15e+05	-25.6070 84.3991 0.5846	
58.358602 292.778785	7.63e-01  8.76e-01  4.03e+05	-8.3826 92.2866 0.7111	
58.358602 292.778785	6.49e-01  9.63e-01  4.07e+05	29.4954 86.2475 0.5801	
58.358602 292.778785	5.47e-01  8.29e-01  4.48e+05	-27.0855 69.8765 0.9723	
58.358602 292.778785	6.25e-01  7.22e-01  4.53e+05	-31.0580 65.4160 0.0472	
58.358602 292.778785	5.48e-01  8.85e-01  4.37e+05	-1.9216 79.4052 0.3970	
58.358602 292.778785	4.47e-01  8.96e-01  4.54e+05	24.4003 67.8421 0.7985	
58.358602 292.778785	3.94e-01  8.67e-01  4.70e+05	1.0966 64.0433 0.0618	
58.358602 292.778785	5.64e-01  8.82e-01  4.35e+05	-3.7369 80.3348 0.3946	
58.358602 292.778785	5.68e-01  8.23e-01  4.45e+05	-21.1319 73.1349 0.0151	
58.358602 292.778785	6.14e-01  7.95e-01  4.41e+05	29.3203 71.9146 0.2897	
58.358602 292.778785	6.80e-01  9.29e-01  4.08e+05	31.8731 85.2046 0.2790	
58.358602 292.778785	5.94e-01  7.82e-01  4.48e+05	7.9456 74.4666 0.8906	
58.358602 292.778785	6.54e-01  9.07e-01  4.15e+05	-17.7325 86.3122 0.5190	
58.358602 292.778785	6.17e-01  8.75e-01  4.27e+05	-7.5943 83.3184 0.0858	
58.358602 292.778785	5.48e-01  7.26e-01  4.68e+05	29.8348 58.1744 0.9897	
58.358602 292.778785	4.89e-01  8.46e-01  4.55e+05	-12.1983 70.3419 0.5370	
58.358602 292.778785	5.32e-01  8.39e-01  4.49e+05	35.3840 65.5557 0.2288	
58.358602 292.778785	4.40e-01  8.03e-01  4.74e+05	-12.1547 60.7498 0.7773	
58.358602 292.778785	5.92e-01  8.28e-01  4.40e+05	-2.9456 78.4142 0.6860	
58.358602 292.778785	7.29e-01  7.93e-01  4.22e+05	29.5270 80.3852 0.5682	
58.358602 292.778785	7.04e-01  8.48e-01  4.17e+05	28.0554 82.9106 0.6053	
58.358602 292.778785	5.39e-01  8.31e-01  4.49e+05	-40.7579 62.2191 0.4966	
58.358602 292.778785	6.19e-01  8.62e-01  4.29e+05	-27.8934 78.1119 0.0944	
58.358602 292.778785	7.51e-01  8.28e-01  4.13e+05	28.7207 84.4630 0.8617	
58.358602 292.778785	6.53e-01  6.92e-01  4.54e+05	16.1247 70.4002 0.7074	
58.358602 292.778785	8.34e-01  9.37e-01  3.84e+05	-56.7098 81.5420 0.7928	
58.358602 292.778785	5.33e-01  8.39e-01  4.49e+05	-11.3273 73.6794 0.1385	
58.358602 292.778785	7.10e-01  9.38e-01  4.02e+05	-31.6430 87.6314 0.9449	
58.358602 292.778785	6.16e-01  8.78e-01  4.27e+05	-34.4398 76.4304 0.1511	
58.358602 292.778785	7.75e-01  8.02e-01  4.13e+05	8.4620 88.6911 0.0547	
58.358602 292.778785	5.69e-01  9.55e-01  4.22e+05	-6.4313 85.5543 0.1071	
58.358602 292.778785	7.59e-01  8.11e-01  4.14e+05	3.0030 88.6337 0.3718	
58.358602 292.778785	8.29e-01  9.27e-01  3.86e+05	15.9698 97.3206 0.5375	
58.358602 292.778785	7.77e-01  8.24e-01  4.09e+05	23.0731 87.5246 0.8515	
58.358602 292.778785	4.08e-01  8.09e-01  4.80e+05	9.7183 58.1406 0.5480	
58.358602 292.778785	6.40e-01  7.54e-01  4.44e+05	30.5779 70.0232 0.1455	
58.358602 292.778785	6.32e-01  8.36e-01  4.31e+05	-10.3173 81.3098 0.9415	
58.358602 292.778785	5.53e-01  8.87e-01  4.36e+05	0.3150 79.9070 0.7774	
58.358602 292.778785	6.28e-01  7.78e-01  4.42e+05	-2.5241 77.3340 0.5961	
58.358602 292.778785	6.06e-01  8.77e-01  4.28e+05	-37.6088 74.0348 0.7172	
58.358602 292.778785	6.78e-01  7.44e-01  4.39e+05	-21.4967 75.6743 0.3452	
58.358602 292.778785	3.73e-01  8.09e-01  4.88e+05	2.0484 54.2629 0.6645	
58.358602 292.778785	7.18e-01  7.76e-01  4.27e+05	19.9064 81.4025 0.3767	
58.358602 292.778785	6.69e-01  6.97e-01  4.50e+05	5.2421 73.8496 0.1856	
58.358602 292.778785	8.00e-01  9.06e-01  3.93e+05	27.2207 92.2338 0.6159	
58.358602 292.778785	5.97e-01  8.50e-01  4.35e+05	7.7769 80.0945 0.6887	
58.358602 292.778785	5.77e-01  8.68e-01  4.35e+05	40.6356 69.3331 0.8333	
58.358602 292.778785	5.67e-01  7.28e-01  4.63e+05	-3.4349 67.4613 0.8544	
58.358602 292.778785	8.01e-01  9.20e-01  3.91e+05	36.5088 89.7886 0.9827	
58.358602 292.778785	6.16e-01  8.64e-01  4.29e+05	23.7840 79.4118 0.5800	
58.358602 292.778785	5.38e-01  8.56e-01  4.44e+05	18.5940 74.1028 0.8628	
58.358602 292.778785	6.19e-01  7.91e-01  4.41e+05	-5.5070 77.4843 0.6906	
58.358602 292.778785	7.46e-01  8.87e-01  4.04e+05	-1.6551 92.3090 0.5227	
58.358602 292.778785	6.39e-01  6.73e-01  4.60e+05	30.1617 62.3507 0.3707	
58.358602 292.778785	5.59e-01  8.97e-01  4.33e+05	10.9036 80.4280 0.2038	
58.358602 292.778785	6.68e-01  9.24e-01  4.10e+05	-6.9071 89.7228 0.5400	
58.358602 292.778785	5.14e-01  7.87e-01  4.62e+05	-30.1160 61.1004 0.8051	
58.358602 292.778785	4.97e-01  8.05e-01  4.62e+05	-29.2414 61.6144 0.0110	
58.358602 292.778785	4.65e-01  8.72e-01  4.55e+05	5.8201 71.2051 0.7092	
58.358602 292.778785	5.93e-01  8.23e-01  4.40e+05	-46.1975 62.9566 0.4450	
58.358602 292.778785	5.61e-01  7.15e-01  4.67e+05	-13.9630 64.0816 0.6312	
58.358602 292.778785	5.87e-01  8.38e-01  4.39e+05	-11.5641 77.9654 0.2255	
58.358602 292.778785	7.41e-01  8.34e-01  4.13e+05	-7.7224 88.6725 0.6354	
58.358602 292.778785	5.15e-01  7.18e-01  4.77e+05	15.6601 58.7368 0.8020	
58.358602 292.778785	7.99e-01  8.50e-01  4.02e+05	20.0887 91.0314 0.4049	
58.358602 292.778785	5.70e-01  8.59e-01  4.38e+05	-13.8575 77.9698 0.9143	
58.358602 292.778785	5.87e-01  8.47e-01  4.37e+05	-1.0524 79.4862 0.4474	
58.358602 292.778785	6.06e-01  8.12e-01  4.40e+05	-8.3124 77.8597 0.4652	
58.358602 292.778785	5.69e-01  9.00e-01  4.31e+05	-27.5171 77.3294 0.8088	
58.358602 292.778785	4.41e-01  8.86e-01  4.57e+05	46.1584 53.3943 0.3293	
58.358602 292.778785	4.52e-01  9.11e-01  4.50e+05	-12.1664 72.7817 0.3660	
58.358602 292.778785	5.73e-01  9.32e-01  4.25e+05	22.9336 81.3536 0.5683	
58.358602 292.778785	5.29e-01  9.79e-01  4.24e+05	-30.4048 79.0799 0.2549	
58.358602 292.778785	4.53e-01  9.58e-01  4.41e+05	8.6298 77.2447 0.8684	
58.358602 292.778785	6.33e-01  8.83e-01  4.23e+05	19.1590 83.1133 0.8797	
58.358602 292.778785	6.39e-01  9.81e-01  4.06e+05	-12.0541 90.8078 0.7965	
58.358602 292.778785	6.43e-01  7.36e-01  4.47e+05	-19.3727 72.5953 0.9781	
58.358602 292.778785	4.60e-01  8.11e-01  4.68e+05	8.5515 64.5352 0.1325	
58.358602 292.778785	7.82e-01  9.50e-01  3.89e+05	-6.1669 97.2753 0.4372	
58.358602 292.778785	7.05e-01  8.85e-01  4.11e+05	13.4832 88.8787 0.3419	
58.358602 292.778785	5.88e-01  8.51e-01  4.36e+05	34.8361 71.8962 0.0230	
58.358602 292.778785	5.96e-01  8.46e-01  4.36e+05	11.6260 79.2773 0.9165	
58.358602 292.778785	4.59e-01  9.12e-01  4.49e+05	17.9284 72.2785 0.5416	
58.358602 292.778785	6.81e-01  8.09e-01  4.27e+05	32.3452 77.0070 0.0551	
58.358602 292.778785	4.52e-01  7.64e-01  4.80e+05	-18.0173 55.8572 0.7515	
58.358602 292.778785	7.00e-01  9.42e-01  4.03e+05	8.2299 92.4896 0.6181	
58.358602 292.778785	5.45e-01  7.90e-01  4.56e+05	19.1484 68.6726 0.4924	
58.358602 292.778785	6.34e-01  7.64e-01  4.44e+05	-25.8050 72.2545 0.8319	
58.358602 292.778785	5.65e-01  8.68e-01  4.37e+05	-26.6568 74.8089 0.4461	
58.358602 292.778785	7.17e-01  7.48e-01  4.32e+05	-22.5227 78.6643 0.8341	
58.358602 292.778785	6.65e-01  7.82e-01  4.35e+05	-14.6488 79.0949 0.7616	
58.358602 292.778785	5.81e-01  7.08e-01  4.65e+05	35.9181 56.4496 0.4279	
58.358602 292.778785	7.59e-01  9.29e-01  3.96e+05	-25.8401 91.7104 0.1006	
58.358602 292.778785	5.13e-01  8.78e-01  4.45e+05	4.1394 76.0030 0.9254	
58.358602 292.778785	7.03e-01  8.86e-01  4.11e+05	-3.3842 89.7342 0.9752	
58.358602 292.778785	7.39e-01  9.10e-01  4.02e+05	-51.2169 77.8381 0.9482	
58.358602 292.778785	7.07e-01  8.88e-01  4.10e+05	-33.2843 83.7574 0.2915	
58.358602 292.778785	6.55e-01  7.55e-01  4.41e+05	-6.4467 77.3975 0.7089	
58.358602 292.778785	5.59e-01  7.69e-01  4.57e+05	8.2928 70.1612 0.9814	
58.358602 292.778785	7.63e-01  9.86e-01  3.87e+05	-0.6482 98.2922 0.6586	
58.358602 292.778785	5.14e-01  9.44e-01  4.33e+05	-3.5629 81.2597 0.5728	
58.358602 292.778785	4.26e-01  7.69e-01  4.85e+05	-4.7353 55.9884 0.4703	
58.358602 292.778785	6.51e-01  7.58e-01  4.42e+05	38.2644 67.4734 0.2485	
58.358602 292.778785	6.36e-01  7.98e-01  4.37e+05	-11.9243 78.6336 0.8392	
58.358602 292.778785	7.01e-01  7.46e-01  4.35e+05	6.8484 80.2266 0.6214	
58.358602 292.778785	5.29e-01  8.46e-01  4.48e+05	-9.3449 74.2626 0.3399	
58.358602 292.778785	5.91e-01  7.53e-01  4.54e+05	0.0595 72.1529 0.5752	
58.358602 292.778785	7.04e-01  9.33e-01  4.03e+05	-19.1612 90.5617 0.6824	
58.358602 292.778785	6.68e-01  7.42e-01  4.41e+05	17.5606 75.6627 0.6853	
58.358602 292.778785	6.34e-01  9.01e-01  4.20e+05	-1.1302 86.4785 0.2195	
58.358602 292.778785	6.42e-01  9.01e-01  4.18e+05	31.2885 81.1615 0.8408	
58.358602 292.778785	5.39e-01  6.81e-01  4.79e+05	-0.2121 59.2305 0.1350	
58.358602 292.778785	5.94e-01  8.78e-01  4.30e+05	23.7226 78.7845 0.9044	
58.358602 292.778785	7.25e-01  8.75e-01  4.09e+05	12.9355 89.5575 0.9213	
58.358602 292.778785	5.63e-01  8.59e-01  4.39e+05	-21.8852 75.5148 0.1234	
58.358602 292.778785	7.05e-01  8.19e-01  4.21e+05	27.3861 81.3523 0.5850	
58.358602 292.778785	7.17e-01  8.90e-01  4.08e+05	35.1386 83.7367 0.4100	
58.358602 292.778785	3.74e-01  8.70e-01  4.74e+05	24.6797 56.9751 0.5895	
58.358602 292.778785	6.14e-01  9.25e-01  4.19e+05	5.4915 86.5657 0.0767	
58.358602 292.778785	6.65e-01  7.32e-01  4.44e+05	22.1297 73.3684 0.7319	
58.358602 292.778785	4.94e-01  7.25e-01  4.79e+05	-3.3503 59.0654 0.5643	
58.358602 292.778785	5.60e-01  9.75e-01  4.20e+05	32.5214 80.1963 0.4014	
58.358602 292.778785	5.73e-01  8.35e-01  4.42e+05	-21.8925 74.3452 0.5858	
58.358602 292.778785	6.38e-01  8.38e-01  4.30e+05	-9.1766 82.0861 0.7368	
58.358602 292.778785	6.09e-01  7.00e-01  4.61e+05	10.7088 68.0823 0.6992	
58.358602 292.778785	5.42e-01  7.13e-01  4.72e+05	-10.0438 62.5188 0.9291	
58.358602 292.778785	6.01e-01  8.27e-01  4.38e+05	11.4104 78.2521 0.2161	
58.358602 292.778785	7.68e-01  7.92e-01  4.16e+05	-7.3615 87.7744 0.8455	
58.358602 292.778785	5.21e-01  7.86e-01  4.61e+05	31.1132 61.2293 0.6554	
58.358602 292.778785	4.42e-01  7.82e-01  4.78e+05	21.0693 55.9980 0.6521	
58.358602 292.778785	6.06e-01  7.95e-01  4.43e+05	3.0602 76.9475 0.7351	
58.358602 292.778785	7.02e-01  8.18e-01  4.22e+05	20.6773 82.9754 0.2403	
58.358602 292.778785	5.87e-01  7.37e-01  4.58e+05	19.7178 67.4495 0.3853	
58.358602 292.778785	5.32e-01  7.91e-01  4.58e+05	-16.4687 68.2215 0.5095	
58.358602 292.778785	4.35e-01  9.43e-01  4.47e+05	-30.1427 68.8223 0.5271	
58.358602 292.778785	7.04e-01  8.47e-01  4.17e+05	7.7816 87.1619 0.5982	
58.358602 292.778785	4.03e-01  8.09e-01  4.81e+05	6.5810 57.9385 0.3063	
58.358602 292.778785	5.53e-01  9.67e-01  4.22e+05	39.6093 75.8266 0.8364	
58.358602 292.778785	4.59e-01  8.43e-01  4.62e+05	7.6100 67.7933 0.8156	
58.358602 292.778785	4.87e-01  7.94e-01  4.66e+05	-14.2359 64.4993 0.0031	
58.358602 292.778785	4.84e-01  9.40e-01  4.39e+05	7.2693 78.4431 0.2546	
58.358602 292.778785	6.66e-01  8.37e-01  4.25e+05	-31.0294 78.4829 0.4269	
58.358602 292.778785	6.47e-01  8.31e-01  4.29e+05	17.8790 80.7350 0.5109	
58.358602 292.778785	5.40e-01  8.15e-01  4.52e+05	25.2242 68.5776 0.1582	
58.358602 292.778785	4.98e-01  9.06e-01  4.43e+05	29.3147 71.3705 0.7382	
58.358602 292.778785	8.05e-01  8.63e-01  3.99e+05	27.4398 90.1403 0.1072	
58.358602 292.778785	6.12e-01  8.31e-01  4.35e+05	11.6379 79.3566 0.4551	
58.358602 292.778785	7.22e-01  8.05e-01  4.21e+05	-20.0682 83.6636 0.7081	
58.358602 292.778785	7.28e-01  9.34e-01  4.00e+05	25.8409 90.2735 0.1407	
58.358602 292.778785	6.67e-01  8.73e-01  4.19e+05	-34.1235 79.8742 0.4718	
58.358602 292.778785	6.55e-01  8.91e-01  4.18e+05	-4.1613 87.1214 0.1836	
58.358602 292.778785	4.74e-01  8.57e-01  4.56e+05	3.9024 70.8731 0.7874	
58.358602 292.778785	7.94e-01  9.12e-01  3.93e+05	-1.3538 96.1780 0.9518	
58.358602 292.778785	6.54e-01  8.92e-01  4.18e+05	12.4292 86.3372 0.3839	
58.358602 292.778785	6.08e-01  8.64e-01  4.30e+05	-30.0811 76.5356 0.8294	
58.358602 292.778785	7.24e-01  7.66e-01  4.27e+05	29.4852 78.0976 0.5172	
58.358602 292.778785	5.17e-01  9.38e-01  4.33e+05	-1.7293 81.0923 0.7819	
58.358602 292.778785	7.75e-01  8.24e-01  4.09e+05	-5.9654 90.1928 0.6807	
58.358602 292.778785	6.13e-01  7.03e-01  4.59e+05	7.6704 69.0859 0.2182	
58.358602 292.778785	6.41e-01  8.92e-01  4.20e+05	-1.1134 86.3522 0.0432	
58.358602 292.778785	7.13e-01  8.72e-01  4.12e+05	5.1780 89.4528 0.6047	
58.358602 292.778785	5.52e-01  8.39e-01  4.45e+05	-40.8256 64.2838 0.1319	
58.358602 292.778785	7.44e-01  8.53e-01  4.10e+05	-26.0474 86.4295 0.7316	
58.358602 292.778785	6.45e-01  7.57e-01  4.43e+05	4.4725 76.9256 0.8710	
58.358602 292.778785	4.77e-01  7.89e-01  4.69e+05	-23.7662 60.0718 0.1360	
58.358602 292.778785	6.08e-01  7.89e-01  4.44e+05	16.6635 74.8110 0.7375	
58.358602 292.778785	7.71e-01  8.98e-01  3.99e+05	-6.7146 94.0615 0.5713	
58.358602 292.778785	6.35e-01  7.72e-01  4.42e+05	-9.5689 76.8414 0.5264	
58.358602 292.778785	3.35e-01  9.24e-01  4.71e+05	12.6344 62.4957 0.2876	
58.358602 292.778785	3.30e-01  8.25e-01  4.94e+05	8.0471 49.7992 0.7171	
58.358602 292.778785	4.56e-01  8.43e-01  4.63e+05	4.6503 67.7668 0.4257	
58.358602 292.778785	5.42e-01  8.31e-01  4.48e+05	-40.7498 62.5746 0.1408	
58.358602 292.778785	5.19e-01  8.79e-01  4.44e+05	18.0925 74.5705 0.6225	
58.358602 292.778785	5.49e-01  6.80e-01  4.77e+05	10.6806 59.4407 0.3892	
58.358602 292.778785	5.13e-01  7.14e-01  4.78e+05	6.1724 59.7407 0.2978	
58.358602 292.778785	6.17e-01  8.49e-01  4.31e+05	-32.7625 75.0754 0.3558	
58.358602 292.778785	5.39e-01  9.07e-01  4.35e+05	-17.9960 78.3917 0.7892	
58.358602 292.778785	5.60e-01  8.66e-01  4.38e+05	5.6593 78.7229 0.0027	
58.358602 292.778785	4.97e-01  8.42e-01  4.55e+05	26.1350 66.7967 0.2897	
58.358602 292.778785	7.34e-01  7.76e-01  4.24e+05	11.8821 83.9875 0.6581	
58.358602 292.778785	3.53e-01  8.02e-01  4.94e+05	5.6921 50.1142 0.7012	
58.358602 292.778785	4.68e-01  8.44e-01  4.60e+05	31.6163 61.4935 0.2676	
58.358602 292.778785	6.49e-01  8.13e-01  4.32e+05	58.3498 57.0317 0.5544	
58.358602 292.778785	4.54e-01  7.79e-01  4.76e+05	15.2297 58.9229 0.9800	
58.358602 292.778785	7.72e-01  8.01e-01  4.14e+05	-6.2223 88.6305 0.7661	
58.358602 292.778785	6.74e-01  9.24e-01  4.09e+05	-19.3090 88.2611 0.6750	
58.358602 292.778785	6.57e-01  7.18e-01  4.48e+05	6.3808 74.5785 0.0221	
58.358602 292.778785	7.64e-01  8.76e-01  4.03e+05	-19.5333 90.6226 0.1090	
58.358602 292.778785	7.10e-01  8.49e-01  4.16e+05	11.9618 87.2422 0.8250	
58.358602 292.778785	6.27e-01  8.43e-01  4.31e+05	12.3909 81.2571 0.3230	
58.358602 292.778785	6.80e-01  8.10e-01  4.27e+05	-16.7251 81.8606 0.0801	
58.358602 292.778785	6.36e-01  9.78e-01  4.07e+05	7.1841 90.9543 0.9102	
58.358602 292.778785	7.32e-01  7.48e-01  4.29e+05	-18.0556 80.8673 0.4444	
58.358602 292.778785	5.31e-01  8.03e-01  4.56e+05	0.7144 71.2960 0.9189	
58.358602 292.778785	5.48e-01  6.36e-01  4.87e+05	5.8270 54.3713 0.1738	
58.358602 292.778785	5.62e-01  7.65e-01  4.57e+05	-7.6017 70.2579 0.5048	
58.358602 292.778785	6.22e-01  8.69e-01  4.27e+05	1.7660 83.5591 0.5449	
58.358602 292.778785	3.95e-01  8.62e-01  4.71e+05	-9.5969 62.8213 0.9298	
58.358602 292.778785	4.94e-01  7.75e-01  4.69e+05	-2.3446 64.7358 0.6196	
58.358602 292.778785	5.66e-01  7.24e-01  4.65e+05	-14.4108 65.4073 0.4386	
58.358602 292.778785	4.03e-01  8.76e-01  4.67e+05	20.8057 62.5589 0.9454	
58.358602 292.778785	5.70e-01  7.31e-01  4.62e+05	2.1856 68.1453 0.1579	
58.358602 292.778785	6.60e-01  8.81e-01  4.19e+05	12.8799 85.9268 0.0483	
58.358602 292.778785	6.07e-01  6.87e-01  4.64e+05	1.2595 67.4641 0.8559	
58.358602 292.778785	7.31e-01  8.72e-01  4.09e+05	-49.1845 76.0795 0.7232	
58.358602 292.778785	6.13e-01  8.02e-01  4.41e+05	-18.0060 75.9229 0.7191	
58.358602 292.778785	6.74e-01  8.54e-01  4.21e+05	46.7975 72.2081 0.8029	
58.358602 292.778785	7.53e-01  8.29e-01  4.12e+05	-15.4502 88.0874 0.9876	
58.358602 292.778785	6.62e-01  8.50e-01  4.24e+05	-29.7630 79.5962 0.7035	
58.358602 292.778785	7.10e-01  9.37e-01  4.02e+05	-9.1777 92.6573 0.7397	
58.358602 292.778785	5.98e-01  8.53e-01  4.34e+05	-27.6762 75.8652 0.7416	
58.358602 292.778785	4.43e-01  8.02e-01  4.74e+05	-0.2300 62.1470 0.5430	
58.358602 292.778785	6.03e-01  8.25e-01  4.38e+05	-14.6610 77.6922 0.9590	
58.358602 292.778785	5.89e-01  9.36e-01  4.21e+05	7.9328 85.4771 0.5006	
58.358602 292.778785	5.59e-01  8.27e-01  4.46e+05	-8.6871 75.2420 0.4075	
58.358602 292.778785	5.52e-01  7.07e-01  4.71e+05	-10.5558 62.8696 0.8389	
58.358602 292.778785	5.18e-01  8.41e-01  4.51e+05	0.8618 73.4117 0.4352	
58.358602 292.778785	5.00e-01  9.09e-01  4.42e+05	-12.5089 76.5433 0.1561	
58.358602 292.778785	4.65e-01  9.07e-01  4.49e+05	14.0197 73.2494 0.2594	
58.358602 292.778785	6.08e-01  9.31e-01  4.19e+05	-21.8336 83.9868 0.3420	
58.358602 292.778785	7.20e-01  7.39e-01  4.33e+05	-17.2515 79.5155 0.0902	
58.358602 292.778785	7.04e-01  7.70e-01  4.30e+05	12.5535 81.4991 0.7756	
58.358602 292.778785	4.60e-01  8.29e-01  4.65e+05	-1.6423 66.8223 0.1061	
58.358602 292.778785	6.25e-01  6.97e-01  4.58e+05	-12.2099 69.0167 0.1749	
58.358602 292.778785	5.86e-01  9.07e-01  4.27e+05	-25.6898 79.7055 0.5733	
58.358602 292.778785	5.96e-01  8.72e-01  4.31e+05	3.2966 81.9251 0.2824	
58.358602 292.778785	5.91e-01  7.03e-01  4.64e+05	13.9095 66.0391 0.8110	
58.358602 292.778785	8.16e-01  9.15e-01  3.90e+05	41.3299 88.2224 0.6716	
58.358602 292.778785	4.89e-01  8.82e-01  4.49e+05	14.5866 73.0382 0.4730	
58.358602 292.778785	5.80e-01  8.45e-01  4.39e+05	37.6654 69.2791 0.3030	
58.358602 292.778785	5.13e-01  7.24e-01  4.75e+05	-27.6337 54.7685 0.3259	
58.358602 292.778785	5.77e-01  7.44e-01  4.58e+05	-23.0161 66.1957 0.0483	
58.358602 292.778785	7.35e-01  8.45e-01  4.12e+05	-9.7538 88.7470 0.4151	
58.358602 292.778785	7.06e-01  7.81e-01  4.28e+05	30.7195 77.4715 0.1854	
58.358602 292.778785	5.25e-01  6.51e-01  4.89e+05	1.7637 53.4850 0.4074	
58.358602 292.778785	6.03e-01  8.79e-01  4.29e+05	-26.1401 78.7171 0.4693	
58.358602 292.778785	6.36e-01  7.45e-01  4.47e+05	-2.0844 75.3295 0.6359	
58.358602 292.778785	5.99e-01  8.79e-01  4.29e+05	-21.6132 79.8284 0.8107	
58.358602 292.778785	5.65e-01  8.72e-01  4.36e+05	-17.0846 77.9472 0.8365	
58.358602 292.778785	5.95e-01  9.35e-01  4.21e+05	6.9790 85.8992 0.3271	
58.358602 292.778785	7.90e-01  8.09e-01  4.09e+05	-1.1069 90.3909 0.5811	
58.358602 292.778785	6.12e-01  8.96e-01  4.24e+05	18.9691 82.6385 0.9240	
58.358602 292.778785	4.79e-01  7.04e-01  4.87e+05	-14.4033 52.5214 0.2179	
58.358602 292.778785	7.55e-01  7.82e-01  4.19e+05	-45.1236 73.9898 0.4922	
58.358602 292.778785	5.02e-01  8.87e-01  4.45e+05	-22.4874 72.6102 0.1794	
58.358602 292.778785	5.87e-01  8.08e-01  4.44e+05	30.8099 69.9737 0.6092	
58.358602 292.778785	6.74e-01  8.03e-01  4.30e+05	22.1928 79.5737 0.5966	
58.358602 292.778785	7.46e-01  9.28e-01  3.98e+05	-28.7912 90.0198 0.6691	
58.358602 292.778785	5.98e-01  7.46e-01  4.54e+05	20.7665 69.1013 0.5777	
58.358602 292.778785	5.53e-01  7.63e-01  4.59e+05	0.3297 69.5178 0.2171	
58.358602 292.778785	5.17e-01  8.25e-01  4.54e+05	-0.7088 71.8925 0.2248	
58.358602 292.778785	8.04e-01  9.44e-01  3.87e+05	6.5086 98.0735 0.2065	
58.358602 292.778785	4.91e-01  9.39e-01  4.38e+05	-11.7364 78.3793 0.5125	
58.358602 292.778785	6.56e-01  7.23e-01  4.47e+05	35.6988 66.1945 0.2818	
58.358602 292.778785	6.61e-01  9.01e-01  4.15e+05	30.8698 82.6318 0.8802	
58.358602 292.778785	5.79e-01  7.66e-01  4.54e+05	-10.4388 71.5059 0.8724	
58.358602 292.778785	5.79e-01  7.58e-01  4.55e+05	-9.8626 70.8076 0.3705	
58.358602 292.778785	6.98e-01  7.82e-01  4.29e+05	-4.3690 82.7215 0.5702	
58.358602 292.778785	5.60e-01  8.06e-01  4.50e+05	7.1732 73.7322 0.3659	
