78.213360 293.502550	4.29e-01  7.28e-01  4.28e+05	-0.0000 47.3970 0.3051	
78.213360 293.502550	5.48e-01  8.36e-01  3.88e+05	-8.9396 69.8270 0.3167	
78.213360 293.502550	6.68e-01  8.81e-01  3.63e+05	30.9855 75.2948 0.1002	
78.213360 293.502550	6.23e-01  8.76e-01  3.70e+05	-36.8229 69.2550 0.5442	
78.213360 293.502550	7.66e-01  8.37e-01  3.55e+05	29.1361 79.2732 0.0487	
78.213360 293.502550	5.78e-01  7.10e-01  4.04e+05	-18.9240 59.3539 0.5947	
78.213360 293.502550	6.48e-01  7.63e-01  3.83e+05	-18.0920 70.1462 0.5903	
78.213360 293.502550	7.23e-01  9.87e-01  3.41e+05	-50.3524 74.3946 0.5810	
78.213360 293.502550	6.33e-01  8.07e-01  3.79e+05	2.8397 74.4230 0.1875	
78.213360 293.502550	7.13e-01  9.09e-01  3.52e+05	-21.4117 82.7294 0.5042	
78.213360 293.502550	3.87e-01  9.28e-01  3.99e+05	-16.7187 62.5674 0.6831	
78.213360 293.502550	5.03e-01  9.63e-01  3.75e+05	23.6157 72.5402 0.0062	
78.213360 293.502550	6.10e-01  9.25e-01  3.64e+05	11.3017 79.8238 0.7682	
78.213360 293.502550	4.72e-01  8.71e-01  3.94e+05	-4.2254 66.9703 0.0378	
78.213360 293.502550	4.67e-01  7.80e-01  4.11e+05	11.7549 56.9399 0.5004	
78.213360 293.502550	5.04e-01  8.89e-01  3.86e+05	20.4193 68.0693 0.5375	
78.213360 293.502550	5.87e-01  7.83e-01  3.90e+05	-12.0568 68.2977 0.0407	
78.213360 293.502550	8.93e-01  9.13e-01  3.29e+05	-3.9238 93.9673 0.3147	
78.213360 293.502550	7.26e-01  8.69e-01  3.56e+05	-19.3112 81.8065 0.8951	
78.213360 293.502550	5.51e-01  7.36e-01  4.04e+05	15.3733 60.1554 0.2947	
78.213360 293.502550	6.08e-01  9.29e-01  3.64e+05	-7.6138 80.3834 0.0202	
78.213360 293.502550	6.77e-01  8.40e-01  3.67e+05	-13.2544 78.3739 0.5331	
78.213360 293.502550	6.43e-01  8.82e-01  3.66e+05	-0.3418 79.9728 0.4808	
78.213360 293.502550	5.13e-01  8.78e-01  3.86e+05	16.7164 69.0256 0.5934	
78.213360 293.502550	6.76e-01  9.65e-01  3.50e+05	15.8388 84.9487 0.5234	
78.213360 293.502550	4.78e-01  7.86e-01  4.08e+05	32.8094 50.2068 0.9530	
78.213360 293.502550	3.86e-01  8.95e-01  4.05e+05	-14.0096 59.9551 0.1032	
78.213360 293.502550	5.70e-01  7.32e-01  4.01e+05	-3.0202 63.5027 0.5730	
78.213360 293.502550	5.55e-01  8.40e-01  3.86e+05	15.6241 69.5353 0.2526	
78.213360 293.502550	5.92e-01  7.26e-01  3.99e+05	0.2902 65.0197 0.5930	
78.213360 293.502550	8.01e-01  8.72e-01  3.46e+05	21.7806 85.3138 0.6889	
78.213360 293.502550	7.08e-01  9.44e-01  3.48e+05	31.1233 81.2724 0.6033	
78.213360 293.502550	6.39e-01  9.54e-01  3.56e+05	-32.6054 77.3336 0.7807	
78.213360 293.502550	7.12e-01  7.69e-01  3.73e+05	-10.6759 76.4923 0.4048	
78.213360 293.502550	6.22e-01  7.61e-01  3.88e+05	6.7200 70.0193 0.9119	
78.213360 293.502550	5.32e-01  6.76e-01  4.18e+05	-15.6984 51.6047 0.4941	
78.213360 293.502550	5.37e-01  8.17e-01  3.93e+05	-5.4084 67.8323 0.5531	
78.213360 293.502550	6.97e-01  8.08e-01  3.69e+05	4.3136 78.6625 0.4930	
78.213360 293.502550	5.03e-01  7.65e-01  4.07e+05	0.6689 60.3172 0.0093	
78.213360 293.502550	5.61e-01  7.08e-01  4.07e+05	24.6346 55.1313 0.7927	
78.213360 293.502550	4.75e-01  7.22e-01  4.21e+05	9.2993 51.6952 0.9622	
78.213360 293.502550	5.72e-01  8.27e-01  3.85e+05	-1.1857 71.4916 0.5886	
78.213360 293.502550	6.68e-01  9.28e-01  3.56e+05	-10.2882 83.4314 0.1086	
78.213360 293.502550	6.45e-01  7.26e-01  3.90e+05	9.1336 68.8173 0.3744	
78.213360 293.502550	6.73e-01  7.06e-01  3.88e+05	-13.8746 68.6275 0.9534	
78.213360 293.502550	7.78e-01  7.93e-01  3.59e+05	2.7832 82.6536 0.5789	
78.213360 293.502550	6.87e-01  8.07e-01  3.71e+05	-8.8737 77.5783 0.6056	
78.213360 293.502550	6.35e-01  8.44e-01  3.73e+05	-2.1280 77.1379 0.2670	
78.213360 293.502550	7.20e-01  9.19e-01  3.50e+05	-23.1354 83.2015 0.3568	
78.213360 293.502550	7.17e-01  9.11e-01  3.52e+05	30.0138 80.3745 0.4979	
78.213360 293.502550	7.80e-01  9.06e-01  3.44e+05	16.5330 87.1503 0.3370	
78.213360 293.502550	4.55e-01  8.24e-01  4.05e+05	-33.6571 51.3864 0.5812	
78.213360 293.502550	6.07e-01  9.47e-01  3.62e+05	-2.0740 81.7477 0.0967	
78.213360 293.502550	7.63e-01  8.70e-01  3.51e+05	48.8423 70.8960 0.8624	
78.213360 293.502550	6.52e-01  9.36e-01  3.57e+05	-8.0262 83.2687 0.0700	
78.213360 293.502550	6.28e-01  7.39e-01  3.90e+05	8.5360 68.5996 0.6156	
78.213360 293.502550	5.62e-01  6.73e-01  4.14e+05	-4.9906 56.6099 0.0710	
78.213360 293.502550	6.54e-01  9.42e-01  3.56e+05	26.3658 79.7990 0.3131	
78.213360 293.502550	7.08e-01  8.87e-01  3.56e+05	7.3769 83.6870 0.1515	
78.213360 293.502550	5.51e-01  7.88e-01  3.95e+05	-10.6436 65.9495 0.9819	
78.213360 293.502550	6.60e-01  8.53e-01  3.68e+05	-14.7164 77.9278 0.5954	
78.213360 293.502550	4.11e-01  9.65e-01  3.89e+05	7.3952 69.4256 0.1245	
78.213360 293.502550	6.24e-01  7.92e-01  3.82e+05	32.8254 65.0440 0.6597	
78.213360 293.502550	5.78e-01  7.43e-01  3.98e+05	-13.8159 63.8280 0.3447	
78.213360 293.502550	6.51e-01  7.99e-01  3.77e+05	43.2264 61.6091 0.3983	
78.213360 293.502550	5.95e-01  9.51e-01  3.63e+05	-40.9837 70.1851 0.1072	
78.213360 293.502550	7.13e-01  8.29e-01  3.63e+05	5.6703 80.8860 0.4942	
78.213360 293.502550	6.68e-01  7.82e-01  3.77e+05	16.9890 73.2709 0.0979	
78.213360 293.502550	7.30e-01  9.21e-01  3.49e+05	-14.6559 85.7075 0.6339	
78.213360 293.502550	6.56e-01  8.84e-01  3.64e+05	-6.5179 80.6866 0.7482	
78.213360 293.502550	5.31e-01  8.83e-01  3.83e+05	37.7488 62.0884 0.3982	
78.213360 293.502550	7.08e-01  7.57e-01  3.75e+05	9.6907 75.6030 0.0665	
78.213360 293.502550	6.31e-01  8.84e-01  3.67e+05	-14.6178 78.0497 0.5326	
78.213360 293.502550	5.93e-01  7.49e-01  3.94e+05	13.1808 65.7783 0.1677	
78.213360 293.502550	5.71e-01  6.87e-01  4.09e+05	0.8296 59.3226 0.5600	
78.213360 293.502550	4.53e-01  8.05e-01  4.09e+05	20.5830 55.7023 0.1797	
78.213360 293.502550	3.79e-01  8.10e-01  4.22e+05	-8.3870 50.9073 0.8588	
78.213360 293.502550	6.53e-01  7.53e-01  3.84e+05	-19.5085 69.4312 0.5520	
78.213360 293.502550	5.86e-01  7.69e-01  3.92e+05	-13.3711 66.7814 0.3426	
78.213360 293.502550	6.62e-01  7.52e-01  3.83e+05	-24.6343 68.3304 0.0397	
78.213360 293.502550	6.94e-01  7.58e-01  3.77e+05	-12.6817 74.2638 0.4122	
78.213360 293.502550	4.82e-01  9.19e-01  3.85e+05	-19.2427 69.1094 0.1133	
78.213360 293.502550	8.02e-01  8.53e-01  3.48e+05	-32.3549 80.9789 0.6121	
78.213360 293.502550	7.35e-01  8.39e-01  3.59e+05	-20.2621 80.3452 0.1039	
78.213360 293.502550	4.29e-01  8.75e-01  4.01e+05	0.3905 63.7962 0.5868	
78.213360 293.502550	7.89e-01  8.42e-01  3.51e+05	47.7461 71.4743 0.8396	
78.213360 293.502550	7.37e-01  8.38e-01  3.59e+05	-37.0921 74.1589 0.0685	
78.213360 293.502550	6.40e-01  8.51e-01  3.71e+05	14.3452 76.5803 0.5665	
78.213360 293.502550	5.34e-01  8.77e-01  3.83e+05	13.6725 71.1521 0.1078	
78.213360 293.502550	3.80e-01  8.16e-01  4.21e+05	-16.0517 49.9113 0.5129	
78.213360 293.502550	6.07e-01  7.13e-01  3.98e+05	1.6610 65.1402 0.1476	
78.213360 293.502550	6.63e-01  8.11e-01  3.73e+05	-2.4070 76.7952 0.8231	
78.213360 293.502550	7.49e-01  9.06e-01  3.48e+05	59.8913 63.3087 0.8000	
78.213360 293.502550	4.74e-01  8.11e-01  4.04e+05	7.7595 61.4685 0.3271	
78.213360 293.502550	6.98e-01  8.45e-01  3.63e+05	-15.6554 79.5708 0.1627	
78.213360 293.502550	5.82e-01  7.92e-01  3.89e+05	-3.2327 69.6142 0.1872	
78.213360 293.502550	5.66e-01  8.21e-01  3.87e+05	-9.9177 69.9898 0.6384	
78.213360 293.502550	6.40e-01  8.73e-01  3.68e+05	31.7079 72.7283 0.4035	
78.213360 293.502550	6.14e-01  7.94e-01  3.84e+05	-9.1156 71.7030 0.0610	
78.213360 293.502550	5.98e-01  6.58e-01  4.09e+05	-20.7063 55.4311 0.5984	
78.213360 293.502550	5.22e-01  8.59e-01  3.88e+05	-11.2150 69.3438 0.8457	
78.213360 293.502550	6.98e-01  8.64e-01  3.61e+05	31.7528 75.8185 0.6292	
78.213360 293.502550	7.11e-01  7.71e-01  3.72e+05	30.5102 71.0226 0.0754	
78.213360 293.502550	6.32e-01  7.51e-01  3.88e+05	26.8066 65.1285 0.6644	
78.213360 293.502550	5.82e-01  7.72e-01  3.93e+05	-11.4994 67.0648 0.9527	
78.213360 293.502550	6.17e-01  7.71e-01  3.87e+05	14.6741 69.1859 0.5836	
78.213360 293.502550	7.65e-01  9.56e-01  3.40e+05	19.4896 88.2131 0.1238	
78.213360 293.502550	6.84e-01  8.20e-01  3.69e+05	-2.6833 78.6971 0.2918	
78.213360 293.502550	7.07e-01  9.21e-01  3.52e+05	-29.3887 80.6052 0.0110	
78.213360 293.502550	6.28e-01  8.09e-01  3.79e+05	-18.1693 72.0795 0.9893	
78.213360 293.502550	6.19e-01  8.17e-01  3.79e+05	28.6484 68.5155 0.0726	
78.213360 293.502550	6.40e-01  9.37e-01  3.59e+05	13.3795 81.9346 0.8925	
78.213360 293.502550	7.98e-01  9.00e-01  3.42e+05	-38.1325 80.7103 0.1377	
78.213360 293.502550	7.01e-01  7.47e-01  3.77e+05	6.3906 74.8198 0.3538	
78.213360 293.502550	7.66e-01  8.71e-01  3.50e+05	-14.6040 84.9751 0.3944	
78.213360 293.502550	6.12e-01  7.61e-01  3.89e+05	33.2696 61.1408 0.9664	
78.213360 293.502550	7.14e-01  8.68e-01  3.58e+05	40.1491 73.0263 0.0910	
78.213360 293.502550	5.32e-01  8.22e-01  3.93e+05	-13.7284 66.6365 0.8731	
78.213360 293.502550	5.30e-01  6.49e-01  4.24e+05	8.9720 49.5884 0.9796	
78.213360 293.502550	7.32e-01  9.35e-01  3.46e+05	0.9464 87.7540 0.8754	
78.213360 293.502550	7.25e-01  8.11e-01  3.64e+05	-8.8761 80.1982 0.2161	
78.213360 293.502550	6.48e-01  7.89e-01  3.79e+05	-2.3738 74.3179 0.7101	
78.213360 293.502550	6.45e-01  9.36e-01  3.58e+05	13.1143 82.2384 0.3353	
78.213360 293.502550	6.76e-01  8.56e-01  3.65e+05	0.0540 80.4494 0.8784	
78.213360 293.502550	7.27e-01  7.90e-01  3.67e+05	7.3367 79.1774 0.1711	
78.213360 293.502550	6.76e-01  8.59e-01  3.65e+05	36.6611 71.7716 0.0240	
78.213360 293.502550	5.27e-01  6.97e-01  4.15e+05	-0.2688 55.7567 0.8749	
78.213360 293.502550	6.17e-01  7.49e-01  3.91e+05	-17.6808 66.7161 0.4225	
78.213360 293.502550	9.14e-01  9.49e-01  3.23e+05	-17.5336 94.7278 0.8498	
78.213360 293.502550	6.28e-01  8.05e-01  3.80e+05	25.4294 69.5527 0.5062	
78.213360 293.502550	5.11e-01  8.78e-01  3.87e+05	7.1400 70.4914 0.7393	
78.213360 293.502550	8.74e-01  9.01e-01  3.33e+05	21.7490 90.1739 0.0660	
78.213360 293.502550	7.65e-01  8.14e-01  3.58e+05	-26.0798 78.9822 0.6618	
78.213360 293.502550	6.21e-01  9.46e-01  3.60e+05	-0.8396 82.4889 0.8054	
78.213360 293.502550	7.37e-01  9.19e-01  3.48e+05	45.6295 74.3573 0.5947	
78.213360 293.502550	6.79e-01  7.57e-01  3.79e+05	16.3481 72.4380 0.3171	
78.213360 293.502550	4.77e-01  6.77e-01  4.29e+05	-16.3275 44.0032 0.0292	
78.213360 293.502550	5.50e-01  9.12e-01  3.75e+05	9.3815 75.4505 0.7509	
78.213360 293.502550	6.66e-01  7.75e-01  3.79e+05	10.0645 73.9003 0.0376	
78.213360 293.502550	7.45e-01  9.10e-01  3.48e+05	-20.1674 84.8487 0.6024	
78.213360 293.502550	5.78e-01  7.93e-01  3.90e+05	13.0677 68.1492 0.9998	
78.213360 293.502550	6.21e-01  9.31e-01  3.62e+05	-51.0372 63.7105 0.2174	
78.213360 293.502550	5.87e-01  8.17e-01  3.84e+05	20.2817 69.0258 0.0037	
78.213360 293.502550	3.73e-01  7.58e-01  4.34e+05	1.9349 43.4479 0.2167	
78.213360 293.502550	6.21e-01  8.94e-01  3.68e+05	3.0826 79.2982 0.6093	
78.213360 293.502550	5.87e-01  9.05e-01  3.71e+05	-17.6653 75.9515 0.4054	
78.213360 293.502550	6.62e-01  7.97e-01  3.76e+05	0.9487 75.8144 0.6728	
78.213360 293.502550	6.20e-01  8.95e-01  3.67e+05	-3.2746 79.3489 0.8570	
78.213360 293.502550	8.10e-01  8.97e-01  3.41e+05	39.3238 80.6119 0.8971	
78.213360 293.502550	5.36e-01  8.00e-01  3.96e+05	5.6493 66.2453 0.7812	
78.213360 293.502550	5.19e-01  8.26e-01  3.94e+05	-3.4164 67.1772 0.2546	
78.213360 293.502550	4.38e-01  8.44e-01  4.05e+05	-29.7831 54.0987 0.5689	
78.213360 293.502550	5.26e-01  9.62e-01  3.71e+05	3.6898 77.5996 0.2411	
78.213360 293.502550	5.69e-01  7.55e-01  3.97e+05	-28.5530 59.0511 0.2729	
78.213360 293.502550	7.46e-01  8.25e-01  3.59e+05	-37.1051 73.8691 0.6953	
78.213360 293.502550	3.91e-01  7.03e-01  4.41e+05	1.0662 37.1059 0.2099	
78.213360 293.502550	5.86e-01  7.01e-01  4.04e+05	5.3091 61.8978 0.5822	
78.213360 293.502550	7.09e-01  7.99e-01  3.68e+05	8.5488 78.4814 0.4531	
78.213360 293.502550	4.78e-01  7.42e-01  4.16e+05	-24.3939 49.5548 0.7433	
78.213360 293.502550	4.20e-01  7.73e-01  4.21e+05	6.6915 51.6792 0.9557	
78.213360 293.502550	5.99e-01  9.11e-01  3.68e+05	-14.1126 77.8637 0.3279	
78.213360 293.502550	6.24e-01  7.52e-01  3.89e+05	0.7688 69.8064 0.9168	
78.213360 293.502550	7.84e-01  9.16e-01  3.42e+05	1.9096 89.3173 0.5936	
78.213360 293.502550	5.27e-01  8.50e-01  3.89e+05	4.8576 69.7478 0.6294	
78.213360 293.502550	5.42e-01  6.63e-01  4.19e+05	-8.6266 52.7104 0.6988	
78.213360 293.502550	6.80e-01  8.23e-01  3.69e+05	28.3127 73.3487 0.1853	
78.213360 293.502550	6.15e-01  8.43e-01  3.76e+05	-18.5587 73.4384 0.3696	
78.213360 293.502550	7.09e-01  8.71e-01  3.58e+05	-13.0224 82.1975 0.2326	
78.213360 293.502550	6.36e-01  9.61e-01  3.56e+05	1.5143 84.1326 0.1594	
78.213360 293.502550	5.33e-01  8.52e-01  3.87e+05	-9.8278 69.7895 0.0909	
78.213360 293.502550	4.71e-01  7.74e-01  4.11e+05	12.8812 56.5898 0.4111	
78.213360 293.502550	5.44e-01  7.61e-01  4.01e+05	-11.6041 62.7648 0.5163	
78.213360 293.502550	6.96e-01  8.91e-01  3.57e+05	-23.6682 80.1472 0.6905	
78.213360 293.502550	5.00e-01  8.03e-01  4.01e+05	16.4252 61.4532 0.7975	
78.213360 293.502550	7.02e-01  8.67e-01  3.60e+05	16.6608 80.8768 0.3697	
78.213360 293.502550	5.71e-01  8.83e-01  3.77e+05	-20.7871 72.5378 0.2242	
78.213360 293.502550	6.03e-01  9.86e-01  3.57e+05	-0.1497 83.7055 0.5258	
78.213360 293.502550	7.44e-01  8.49e-01  3.56e+05	-33.6454 76.8589 0.3594	
78.213360 293.502550	6.15e-01  7.40e-01  3.92e+05	2.5481 68.1082 0.3039	
78.213360 293.502550	5.25e-01  7.12e-01  4.13e+05	0.6495 57.2182 0.4081	
78.213360 293.502550	4.98e-01  7.66e-01  4.08e+05	6.3662 59.5820 0.2031	
78.213360 293.502550	4.60e-01  8.42e-01  4.01e+05	-5.2408 63.3412 0.4746	
78.213360 293.502550	6.00e-01  7.23e-01  3.98e+05	6.5595 65.1603 0.4717	
78.213360 293.502550	6.78e-01  9.27e-01  3.55e+05	0.4488 84.5766 0.5713	
78.213360 293.502550	5.15e-01  7.79e-01  4.03e+05	-8.9397 62.1608 0.6650	
78.213360 293.502550	6.37e-01  8.50e-01  3.71e+05	19.9858 75.0944 0.7797	
78.213360 293.502550	6.90e-01  8.03e-01  3.71e+05	-0.8668 78.0396 0.7734	
78.213360 293.502550	5.32e-01  8.86e-01  3.82e+05	-20.1540 70.1190 0.0694	
78.213360 293.502550	4.42e-01  8.01e-01  4.12e+05	-4.8465 57.6007 0.7508	
78.213360 293.502550	5.70e-01  8.14e-01  3.88e+05	2.5593 70.3500 0.7874	
78.213360 293.502550	6.16e-01  8.90e-01  3.69e+05	26.2854 74.3753 0.1992	
78.213360 293.502550	5.13e-01  7.40e-01  4.10e+05	8.3401 58.2092 0.0625	
78.213360 293.502550	5.33e-01  8.08e-01  3.95e+05	-19.2214 64.1369 0.3576	
78.213360 293.502550	7.60e-01  7.96e-01  3.61e+05	-32.9539 74.9674 0.5911	
78.213360 293.502550	3.86e-01  9.22e-01  4.00e+05	9.8444 63.3588 0.8108	
78.213360 293.502550	5.69e-01  8.00e-01  3.90e+05	-26.7906 63.8705 0.4499	
78.213360 293.502550	6.53e-01  7.47e-01  3.85e+05	-1.6518 71.5726 0.5582	
78.213360 293.502550	6.40e-01  7.71e-01  3.83e+05	22.7415 68.8307 0.9021	
78.213360 293.502550	4.24e-01  8.58e-01  4.05e+05	-4.3771 61.4861 0.3060	
78.213360 293.502550	4.83e-01  6.80e-01  4.27e+05	-18.7504 44.3714 0.2031	
78.213360 293.502550	4.68e-01  7.21e-01  4.22e+05	-24.3824 45.3310 0.0928	
78.213360 293.502550	5.66e-01  8.74e-01  3.79e+05	-4.9953 74.3864 0.8226	
78.213360 293.502550	5.55e-01  7.65e-01  3.98e+05	-21.1794 61.6503 0.3196	
78.213360 293.502550	7.08e-01  8.52e-01  3.61e+05	22.4366 78.9665 0.7572	
78.213360 293.502550	6.42e-01  7.21e-01  3.91e+05	-39.4227 56.3533 0.6134	
78.213360 293.502550	4.64e-01  8.92e-01  3.92e+05	-7.9960 67.7616 0.2267	
78.213360 293.502550	6.35e-01  8.99e-01  3.65e+05	-16.5282 78.8483 0.3648	
78.213360 293.502550	5.64e-01  9.16e-01  3.73e+05	-7.7737 76.7949 0.2572	
78.213360 293.502550	4.46e-01  8.30e-01  4.06e+05	10.2463 60.1756 0.6584	
78.213360 293.502550	6.28e-01  8.73e-01  3.69e+05	20.1048 75.9495 0.5218	
78.213360 293.502550	7.59e-01  9.84e-01  3.37e+05	3.3296 91.2854 0.5011	
78.213360 293.502550	7.30e-01  8.84e-01  3.53e+05	30.4770 79.4347 0.7192	
78.213360 293.502550	6.66e-01  7.82e-01  3.77e+05	34.2337 66.8189 0.5298	
78.213360 293.502550	7.53e-01  9.44e-01  3.43e+05	2.1568 89.1786 0.0954	
78.213360 293.502550	5.75e-01  7.39e-01  3.99e+05	-13.7957 63.1780 0.4430	
78.213360 293.502550	5.73e-01  7.40e-01  3.99e+05	-13.9660 63.0178 0.4488	
78.213360 293.502550	4.76e-01  8.26e-01  4.01e+05	-18.4033 60.9009 0.1212	
78.213360 293.502550	3.99e-01  8.34e-01  4.14e+05	27.5378 49.5628 0.7990	
78.213360 293.502550	6.94e-01  7.89e-01  3.72e+05	-27.3608 72.4173 0.6602	
78.213360 293.502550	5.56e-01  8.65e-01  3.82e+05	9.3689 72.5754 0.4182	
78.213360 293.502550	6.43e-01  8.07e-01  3.77e+05	-23.9376 71.3333 0.2363	
78.213360 293.502550	6.56e-01  8.52e-01  3.68e+05	8.4586 78.5238 0.9787	
78.213360 293.502550	7.12e-01  8.18e-01  3.65e+05	28.1587 75.2227 0.0668	
78.213360 293.502550	5.14e-01  7.18e-01  4.14e+05	-28.3226 48.9750 0.1402	
78.213360 293.502550	7.00e-01  7.95e-01  3.70e+05	-5.6191 77.9623 0.1882	
78.213360 293.502550	6.75e-01  8.10e-01  3.72e+05	-0.7627 77.5477 0.4651	
78.213360 293.502550	7.17e-01  8.97e-01  3.53e+05	-44.4635 72.5015 0.4350	
78.213360 293.502550	5.39e-01  8.38e-01  3.89e+05	-0.2574 69.8588 0.1021	
78.213360 293.502550	6.29e-01  8.25e-01  3.77e+05	18.9410 73.0222 0.6596	
78.213360 293.502550	6.15e-01  9.11e-01  3.66e+05	-55.0946 58.1133 0.5658	
78.213360 293.502550	6.13e-01  9.17e-01  3.65e+05	28.1521 75.2049 0.3692	
78.213360 293.502550	5.94e-01  6.75e-01  4.07e+05	4.3766 60.2686 0.6949	
78.213360 293.502550	6.17e-01  8.87e-01  3.69e+05	4.7439 78.5863 0.6543	
78.213360 293.502550	6.01e-01  8.42e-01  3.78e+05	15.0857 73.2145 0.5805	
78.213360 293.502550	6.23e-01  7.33e-01  3.92e+05	28.9815 61.7924 0.7635	
78.213360 293.502550	5.13e-01  8.59e-01  3.89e+05	10.6488 68.7399 0.2440	
78.213360 293.502550	7.33e-01  8.25e-01  3.61e+05	7.5704 81.6195 0.7904	
78.213360 293.502550	5.00e-01  7.43e-01  4.12e+05	-1.7577 57.8037 0.0088	
78.213360 293.502550	6.55e-01  7.48e-01  3.85e+05	9.3446 71.2080 0.2218	
78.213360 293.502550	6.79e-01  8.32e-01  3.68e+05	-50.2212 61.1890 0.9597	
78.213360 293.502550	5.36e-01  7.43e-01  4.05e+05	-3.4943 61.3573 0.1187	
78.213360 293.502550	6.41e-01  8.12e-01  3.77e+05	-6.5471 75.1444 0.0289	
78.213360 293.502550	6.96e-01  8.60e-01  3.61e+05	-0.1327 81.8537 0.2710	
78.213360 293.502550	5.84e-01  8.47e-01  3.80e+05	16.8632 71.9114 0.3224	
78.213360 293.502550	5.74e-01  6.90e-01  4.08e+05	2.0113 59.9113 0.7089	
78.213360 293.502550	6.24e-01  8.73e-01  3.70e+05	2.5767 78.2424 0.1154	
78.213360 293.502550	5.27e-01  9.22e-01  3.77e+05	10.7781 74.3846 0.5833	
78.213360 293.502550	4.49e-01  8.48e-01  4.02e+05	-16.3232 60.8915 0.9348	
78.213360 293.502550	5.01e-01  7.85e-01  4.04e+05	-20.9773 58.3905 0.2775	
78.213360 293.502550	7.64e-01  9.59e-01  3.39e+05	33.1116 84.1547 0.7241	
78.213360 293.502550	4.40e-01  7.41e-01  4.24e+05	-13.1161 48.8968 0.4425	
78.213360 293.502550	6.73e-01  8.53e-01  3.66e+05	33.5013 72.7643 0.1616	
78.213360 293.502550	5.91e-01  7.53e-01  3.94e+05	-27.7578 61.2044 0.2928	
78.213360 293.502550	6.37e-01  9.12e-01  3.62e+05	-13.8457 80.2641 0.7231	
78.213360 293.502550	5.67e-01  8.71e-01  3.79e+05	-5.4136 74.2204 0.7160	
78.213360 293.502550	5.72e-01  8.10e-01  3.88e+05	-30.1765 63.4833 0.1582	
78.213360 293.502550	6.27e-01  8.03e-01  3.80e+05	16.9995 71.7864 0.0316	
78.213360 293.502550	6.37e-01  7.55e-01  3.86e+05	-6.3747 70.7756 0.2498	
78.213360 293.502550	7.99e-01  8.54e-01  3.48e+05	-30.5181 81.5618 0.5114	
78.213360 293.502550	3.95e-01  9.21e-01  3.99e+05	-14.7150 63.1784 0.7028	
78.213360 293.502550	6.68e-01  7.94e-01  3.75e+05	-21.6506 72.9050 0.3853	
78.213360 293.502550	4.64e-01  8.71e-01  3.96e+05	17.0230 64.2998 0.1030	
78.213360 293.502550	6.41e-01  8.85e-01  3.66e+05	31.8196 73.4754 0.4442	
78.213360 293.502550	6.25e-01  7.92e-01  3.82e+05	19.0801 70.3083 0.6746	
78.213360 293.502550	7.13e-01  8.46e-01  3.61e+05	-40.8140 71.1418 0.9642	
78.213360 293.502550	6.44e-01  8.81e-01  3.66e+05	6.3320 79.7697 0.8974	
78.213360 293.502550	5.38e-01  6.19e-01  4.28e+05	0.9591 47.3784 0.5996	
78.213360 293.502550	7.16e-01  9.32e-01  3.49e+05	-8.4657 86.4199 0.5175	
78.213360 293.502550	5.91e-01  8.17e-01  3.84e+05	11.8109 71.2977 0.8340	
78.213360 293.502550	3.92e-01  9.52e-01  3.94e+05	14.1065 65.7343 0.0798	
78.213360 293.502550	6.14e-01  7.72e-01  3.87e+05	-15.5047 68.9012 0.0837	
78.213360 293.502550	7.51e-01  9.56e-01  3.41e+05	3.5270 89.6097 0.5676	
78.213360 293.502550	4.28e-01  7.99e-01  4.15e+05	11.6958 54.7828 0.1558	
78.213360 293.502550	2.93e-01  8.26e-01  4.36e+05	-7.2788 40.8307 0.1570	
78.213360 293.502550	8.12e-01  9.83e-01  3.31e+05	-2.4589 93.5751 0.7070	
78.213360 293.502550	6.86e-01  8.51e-01  3.64e+05	-24.8098 76.8392 0.7674	
78.213360 293.502550	6.25e-01  9.50e-01  3.59e+05	6.6947 82.6620 0.0026	
78.213360 293.502550	5.98e-01  8.57e-01  3.76e+05	-21.0778 72.6049 0.2124	
78.213360 293.502550	6.70e-01  7.96e-01  3.75e+05	20.1165 73.6242 0.8784	
78.213360 293.502550	6.39e-01  7.44e-01  3.88e+05	9.1476 69.7657 0.9974	
78.213360 293.502550	5.88e-01  9.04e-01  3.71e+05	-0.0711 77.9544 0.8074	
78.213360 293.502550	6.31e-01  9.81e-01  3.54e+05	33.1989 78.2060 0.2394	
78.213360 293.502550	5.99e-01  7.90e-01  3.87e+05	-7.3671 70.4270 0.2481	
78.213360 293.502550	6.49e-01  7.54e-01  3.85e+05	-5.7444 71.6411 0.6201	
78.213360 293.502550	6.70e-01  8.93e-01  3.61e+05	-9.2484 81.7131 0.9347	
78.213360 293.502550	6.36e-01  7.51e-01  3.87e+05	17.5223 68.4825 0.9469	
78.213360 293.502550	4.63e-01  8.05e-01  4.07e+05	-26.2958 54.2651 0.4803	
78.213360 293.502550	6.53e-01  7.39e-01  3.86e+05	13.6759 69.6632 0.2863	
78.213360 293.502550	5.82e-01  8.46e-01  3.81e+05	9.3539 73.0614 0.8173	
78.213360 293.502550	5.89e-01  7.42e-01  3.96e+05	39.0066 53.4245 0.7029	
78.213360 293.502550	6.26e-01  7.86e-01  3.83e+05	-21.0041 69.4277 0.0247	
78.213360 293.502550	7.70e-01  8.81e-01  3.49e+05	44.6025 74.6335 0.0298	
78.213360 293.502550	6.20e-01  8.34e-01  3.77e+05	4.4965 75.3229 0.7143	
78.213360 293.502550	7.69e-01  9.28e-01  3.43e+05	12.5668 88.3237 0.3691	
78.213360 293.502550	4.83e-01  7.70e-01  4.10e+05	-14.4117 57.0126 0.2499	
78.213360 293.502550	8.25e-01  9.03e-01  3.39e+05	8.8733 90.2014 0.9134	
78.213360 293.502550	4.46e-01  9.29e-01  3.89e+05	-3.9072 69.6595 0.4241	
78.213360 293.502550	7.33e-01  8.12e-01  3.63e+05	31.1699 74.9715 0.5728	
78.213360 293.502550	5.92e-01  8.38e-01  3.80e+05	-32.7269 66.1974 0.2000	
78.213360 293.502550	7.01e-01  9.77e-01  3.45e+05	-10.2775 87.7435 0.5899	
78.213360 293.502550	7.85e-01  8.00e-01  3.57e+05	14.4039 82.2178 0.2454	
78.213360 293.502550	4.88e-01  8.29e-01  3.99e+05	12.8258 63.7036 0.2814	
78.213360 293.502550	6.28e-01  7.54e-01  3.88e+05	20.6280 67.1700 0.0462	
78.213360 293.502550	3.97e-01  8.33e-01  4.14e+05	5.1166 56.1943 0.1334	
78.213360 293.502550	6.26e-01  8.22e-01  3.77e+05	14.3635 73.6752 0.1784	
78.213360 293.502550	5.85e-01  6.97e-01  4.05e+05	22.8844 57.2968 0.9918	
78.213360 293.502550	7.09e-01  8.91e-01  3.55e+05	-10.5164 83.6274 0.4489	
78.213360 293.502550	3.48e-01  8.19e-01  4.26e+05	3.3799 48.6760 0.7787	
78.213360 293.502550	4.77e-01  7.76e-01  4.10e+05	4.2301 58.5877 0.6838	
78.213360 293.502550	5.94e-01  8.52e-01  3.78e+05	-8.5058 74.4276 0.7479	
78.213360 293.502550	5.94e-01  8.15e-01  3.83e+05	0.3996 72.3356 0.5945	
78.213360 293.502550	5.59e-01  8.99e-01  3.76e+05	9.7082 75.1387 0.5020	
78.213360 293.502550	6.39e-01  7.58e-01  3.85e+05	9.7943 70.7755 0.9438	
78.213360 293.502550	6.50e-01  8.46e-01  3.70e+05	-22.9330 74.8054 0.3787	
78.213360 293.502550	6.15e-01  7.91e-01  3.84e+05	3.9083 71.9581 0.4852	
78.213360 293.502550	6.70e-01  9.23e-01  3.56e+05	34.0716 76.6609 0.5205	
78.213360 293.502550	4.75e-01  8.08e-01  4.05e+05	6.1911 61.5065 0.8090	
78.213360 293.502550	5.63e-01  8.48e-01  3.83e+05	-33.4136 64.3252 0.8675	
78.213360 293.502550	6.41e-01  7.74e-01  3.83e+05	-16.3525 70.9206 0.6824	
78.213360 293.502550	7.03e-01  8.74e-01  3.59e+05	-3.9628 82.9616 0.7557	
78.213360 293.502550	6.50e-01  7.03e-01  3.93e+05	32.9579 59.5121 0.3865	
78.213360 293.502550	6.37e-01  9.39e-01  3.59e+05	-7.5794 82.6507 0.6297	
78.213360 293.502550	4.97e-01  8.44e-01  3.95e+05	8.2925 66.5119 0.9819	
78.213360 293.502550	6.72e-01  7.57e-01  3.80e+05	-8.2571 73.3139 0.9108	
78.213360 293.502550	6.57e-01  9.29e-01  3.57e+05	-15.7098 82.0352 0.9234	
78.213360 293.502550	5.60e-01  7.32e-01  4.03e+05	-12.7605 61.3848 0.3169	
78.213360 293.502550	6.66e-01  9.65e-01  3.51e+05	-27.6340 81.3849 0.4112	
78.213360 293.502550	5.57e-01  6.43e-01  4.20e+05	-6.6416 52.4223 0.4972	
78.213360 293.502550	4.20e-01  8.07e-01  4.15e+05	0.5630 56.0030 0.7365	
78.213360 293.502550	6.54e-01  7.38e-01  3.86e+05	30.6504 64.0459 0.3256	
78.213360 293.502550	5.48e-01  6.99e-01  4.11e+05	-1.8243 58.1586 0.4293	
78.213360 293.502550	5.25e-01  7.85e-01  4.00e+05	-17.6285 61.7530 0.5995	
78.213360 293.502550	4.54e-01  8.52e-01  4.01e+05	27.9252 57.5314 0.5372	
78.213360 293.502550	6.29e-01  8.04e-01  3.80e+05	19.3870 71.4371 0.7388	
78.213360 293.502550	8.32e-01  9.05e-01  3.38e+05	29.1960 86.2433 0.8249	
78.213360 293.502550	4.48e-01  8.59e-01  4.00e+05	7.7974 63.5583 0.4394	
78.213360 293.502550	5.39e-01  8.15e-01  3.93e+05	-38.3954 56.1904 0.2729	
78.213360 293.502550	7.65e-01  9.39e-01  3.42e+05	-4.9599 89.4206 0.9153	
78.213360 293.502550	6.44e-01  9.75e-01  3.53e+05	-34.9925 77.7670 0.4205	
78.213360 293.502550	5.48e-01  8.27e-01  3.89e+05	-1.8974 69.6423 0.6818	
78.213360 293.502550	8.09e-01  9.69e-01  3.33e+05	-5.4199 92.7350 0.1601	
78.213360 293.502550	7.02e-01  8.15e-01  3.67e+05	-18.6243 77.3273 0.6648	
78.213360 293.502550	4.77e-01  7.69e-01  4.11e+05	7.2980 57.6001 0.6722	
78.213360 293.502550	6.97e-01  8.66e-01  3.61e+05	-4.3938 82.1345 0.9298	
78.213360 293.502550	6.22e-01  7.68e-01  3.87e+05	-6.7951 70.5189 0.9234	
78.213360 293.502550	5.27e-01  7.71e-01  4.02e+05	-8.7858 62.5880 0.8546	
78.213360 293.502550	6.00e-01  8.30e-01  3.80e+05	-5.9077 73.6314 0.1911	
78.213360 293.502550	4.39e-01  9.70e-01  3.84e+05	-28.8384 66.3008 0.5497	
78.213360 293.502550	6.24e-01  7.89e-01  3.83e+05	9.3038 71.9692 0.0277	
78.213360 293.502550	6.06e-01  8.47e-01  3.77e+05	8.8596 74.8736 0.0019	
78.213360 293.502550	6.54e-01  7.69e-01  3.81e+05	21.5948 70.0060 0.2188	
78.213360 293.502550	6.34e-01  9.17e-01  3.62e+05	-10.0165 80.9359 0.8590	
78.213360 293.502550	5.94e-01  6.75e-01  4.07e+05	9.5677 59.7056 0.4044	
78.213360 293.502550	6.10e-01  9.22e-01  3.65e+05	12.7362 79.4545 0.4117	
78.213360 293.502550	5.23e-01  8.22e-01  3.94e+05	9.2810 66.7051 0.5030	
78.213360 293.502550	5.29e-01  7.14e-01  4.12e+05	17.5393 55.0444 0.4807	
78.213360 293.502550	5.99e-01  8.81e-01  3.73e+05	-8.1467 76.7487 0.2065	
78.213360 293.502550	5.59e-01  8.76e-01  3.79e+05	15.1587 72.6532 0.4737	
78.213360 293.502550	6.67e-01  8.20e-01  3.72e+05	0.1926 77.6498 0.3900	
78.213360 293.502550	6.86e-01  8.86e-01  3.59e+05	-31.7616 76.3980 0.6418	
78.213360 293.502550	6.36e-01  7.86e-01  3.81e+05	24.0897 69.1833 0.3328	
78.213360 293.502550	4.23e-01  8.75e-01  4.02e+05	-10.1939 62.4303 0.4817	
78.213360 293.502550	6.87e-01  8.90e-01  3.59e+05	-3.4877 82.9754 0.8594	
78.213360 293.502550	4.97e-01  8.52e-01  3.93e+05	7.0200 67.3215 0.8003	
78.213360 293.502550	5.85e-01  7.29e-01  3.99e+05	4.8616 64.4630 0.2162	
78.213360 293.502550	7.09e-01  9.31e-01  3.50e+05	-14.4265 85.1885 0.3473	
78.213360 293.502550	5.16e-01  9.26e-01  3.78e+05	-35.3039 65.7981 0.7628	
78.213360 293.502550	5.89e-01  8.75e-01  3.75e+05	-2.6019 76.1150 0.3710	
78.213360 293.502550	4.54e-01  7.90e-01  4.12e+05	13.6060 56.2169 0.1027	
78.213360 293.502550	4.63e-01  7.59e-01  4.16e+05	-10.3037 54.5089 0.8724	
78.213360 293.502550	4.53e-01  8.80e-01  3.96e+05	31.5684 58.3141 0.9808	
78.213360 293.502550	6.31e-01  7.48e-01  3.88e+05	27.3318 64.4591 0.7248	
78.213360 293.502550	7.08e-01  8.65e-01  3.59e+05	3.0488 82.7654 0.3314	
78.213360 293.502550	6.88e-01  9.41e-01  3.51e+05	6.0943 85.6257 0.9322	
78.213360 293.502550	5.25e-01  8.23e-01  3.93e+05	-26.5824 62.1565 0.3555	
78.213360 293.502550	6.31e-01  8.35e-01  3.75e+05	-17.5728 74.2368 0.8915	
78.213360 293.502550	5.69e-01  8.44e-01  3.83e+05	4.4758 72.5007 0.2751	
78.213360 293.502550	6.77e-01  8.46e-01  3.66e+05	1.2060 79.8572 0.7595	
78.213360 293.502550	6.59e-01  8.03e-01  3.75e+05	-24.5922 71.9637 0.0828	
78.213360 293.502550	4.51e-01  8.41e-01  4.03e+05	-21.8157 58.7295 0.8688	
78.213360 293.502550	7.57e-01  9.77e-01  3.38e+05	34.5782 84.1035 0.4918	
78.213360 293.502550	6.32e-01  8.95e-01  3.66e+05	9.8028 79.5652 0.2791	
78.213360 293.502550	7.84e-01  9.54e-01  3.37e+05	5.9952 90.9151 0.6956	
78.213360 293.502550	7.65e-01  9.78e-01  3.37e+05	-1.3173 91.3270 0.0043	
78.213360 293.502550	6.86e-01  8.02e-01  3.71e+05	-3.0660 77.6377 0.7697	
78.213360 293.502550	6.17e-01  6.27e-01  4.12e+05	-11.2165 56.8217 0.5179	
78.213360 293.502550	6.52e-01  8.47e-01  3.70e+05	7.8729 78.0000 0.2454	
78.213360 293.502550	4.68e-01  9.14e-01  3.88e+05	-34.5533 61.1212 0.4351	
78.213360 293.502550	6.08e-01  8.95e-01  3.69e+05	2.1657 78.6328 0.7897	
78.213360 293.502550	5.45e-01  7.30e-01  4.06e+05	-17.1600 58.4939 0.8764	
78.213360 293.502550	6.78e-01  8.91e-01  3.60e+05	-4.3404 82.4539 0.0975	
78.213360 293.502550	8.15e-01  8.64e-01  3.45e+05	12.7872 87.4193 0.6508	
78.213360 293.502550	7.54e-01  8.99e-01  3.48e+05	-16.4500 85.4752 0.5854	
78.213360 293.502550	5.27e-01  7.92e-01  3.98e+05	4.1410 64.9250 0.4690	
78.213360 293.502550	5.44e-01  8.13e-01  3.92e+05	31.0356 60.9016 0.3522	
78.213360 293.502550	7.29e-01  7.98e-01  3.66e+05	-24.0789 76.4104 0.6878	
78.213360 293.502550	6.87e-01  7.94e-01  3.72e+05	14.0354 76.0430 0.9346	
78.213360 293.502550	7.24e-01  9.46e-01  3.46e+05	28.4580 83.1933 0.3818	
78.213360 293.502550	6.82e-01  8.31e-01  3.68e+05	-20.4196 76.5953 0.4538	
78.213360 293.502550	4.54e-01  7.10e-01  4.27e+05	29.3668 38.2925 0.2455	
78.213360 293.502550	7.23e-01  7.75e-01  3.70e+05	37.5943 68.7592 0.8939	
78.213360 293.502550	5.67e-01  6.96e-01  4.08e+05	13.4392 58.3126 0.8006	
78.213360 293.502550	6.19e-01  8.02e-01  3.82e+05	34.5840 64.4873 0.2299	
78.213360 293.502550	6.22e-01  7.84e-01  3.84e+05	-1.7863 72.0616 0.4162	
78.213360 293.502550	5.67e-01  8.51e-01  3.82e+05	-4.4324 72.8469 0.7111	
78.213360 293.502550	6.68e-01  8.20e-01  3.71e+05	-28.0981 72.4698 0.2531	
78.213360 293.502550	4.68e-01  7.56e-01  4.16e+05	-11.3298 54.4947 0.7368	
78.213360 293.502550	6.23e-01  6.74e-01  4.02e+05	22.7125 58.8583 0.6655	
78.213360 293.502550	6.94e-01  8.65e-01  3.61e+05	20.5659 79.4052 0.9185	
78.213360 293.502550	5.45e-01  8.24e-01  3.90e+05	14.2079 67.8100 0.4023	
78.213360 293.502550	6.66e-01  8.27e-01  3.71e+05	0.9498 78.0158 0.7600	
78.213360 293.502550	5.39e-01  8.48e-01  3.87e+05	16.8123 68.6759 0.7491	
78.213360 293.502550	6.51e-01  8.02e-01  3.77e+05	24.4299 71.3633 0.8684	
78.213360 293.502550	6.31e-01  8.19e-01  3.77e+05	-30.8604 68.5774 0.7440	
78.213360 293.502550	6.02e-01  7.50e-01  3.93e+05	-0.2823 67.8531 0.5225	
78.213360 293.502550	6.21e-01  8.38e-01  3.76e+05	31.9507 68.7495 0.7064	
78.213360 293.502550	5.76e-01  7.75e-01  3.93e+05	7.8649 67.3134 0.9083	
78.213360 293.502550	5.39e-01  7.06e-01  4.12e+05	-14.3838 56.1629 0.6552	
78.213360 293.502550	6.48e-01  8.90e-01  3.64e+05	17.6704 78.8212 0.2525	
78.213360 293.502550	6.58e-01  9.15e-01  3.59e+05	-5.0935 82.6583 0.8893	
78.213360 293.502550	7.05e-01  7.98e-01  3.69e+05	28.7624 73.1856 0.6330	
78.213360 293.502550	7.76e-01  9.55e-01  3.38e+05	9.5386 90.2579 0.5817	
78.213360 293.502550	6.91e-01  8.96e-01  3.57e+05	-4.4335 83.4959 0.1499	
78.213360 293.502550	5.14e-01  8.27e-01  3.95e+05	-13.1594 65.6924 0.9464	
78.213360 293.502550	6.61e-01  7.54e-01  3.83e+05	-18.1924 70.4588 0.3917	
78.213360 293.502550	6.73e-01  8.58e-01  3.65e+05	-15.8399 78.7936 0.2220	
78.213360 293.502550	4.73e-01  8.42e-01  3.99e+05	6.9333 64.3668 0.7392	
78.213360 293.502550	6.27e-01  8.64e-01  3.71e+05	-17.7743 75.9049 0.3801	
78.213360 293.502550	7.08e-01  9.06e-01  3.54e+05	-24.9040 81.3077 0.3597	
78.213360 293.502550	5.14e-01  7.91e-01  4.01e+05	36.2844 52.4631 0.4313	
78.213360 293.502550	5.75e-01  7.38e-01  3.99e+05	-3.4963 64.4811 0.2097	
78.213360 293.502550	6.90e-01  9.83e-01  3.46e+05	6.8818 87.8002 0.0852	
78.213360 293.502550	6.13e-01  8.58e-01  3.74e+05	12.6585 75.5857 0.0509	
78.213360 293.502550	6.13e-01  9.10e-01  3.66e+05	43.5723 67.0266 0.6638	
78.213360 293.502550	5.56e-01  6.83e-01  4.13e+05	9.7615 56.5713 0.5614	
78.213360 293.502550	5.71e-01  8.61e-01  3.80e+05	-23.0698 70.3032 0.0209	
78.213360 293.502550	6.45e-01  6.93e-01  3.95e+05	7.9315 66.2214 0.4132	
78.213360 293.502550	5.76e-01  8.26e-01  3.85e+05	10.6898 71.0616 0.5905	
78.213360 293.502550	6.06e-01  9.52e-01  3.61e+05	-6.2748 81.7741 0.9922	
78.213360 293.502550	4.97e-01  8.13e-01  4.00e+05	19.2102 61.3576 0.6356	
78.213360 293.502550	6.24e-01  6.81e-01  4.01e+05	-0.2358 63.8480 0.9598	
78.213360 293.502550	5.55e-01  8.78e-01  3.80e+05	17.0404 72.0771 0.6296	
78.213360 293.502550	4.52e-01  8.27e-01  4.05e+05	-24.0114 56.4749 0.5247	
78.213360 293.502550	4.73e-01  8.47e-01  3.98e+05	11.5240 64.2000 0.8585	
78.213360 293.502550	6.54e-01  6.74e-01  3.97e+05	-20.8405 62.4941 0.8613	
78.213360 293.502550	5.13e-01  8.82e-01  3.86e+05	-23.1187 67.4037 0.0867	
78.213360 293.502550	6.28e-01  7.19e-01  3.94e+05	22.5706 63.6315 0.9979	
78.213360 293.502550	7.65e-01  8.49e-01  3.54e+05	4.0633 84.9363 0.8892	
78.213360 293.502550	7.15e-01  9.63e-01  3.45e+05	-13.1086 87.3117 0.8540	
78.213360 293.502550	5.77e-01  7.50e-01  3.97e+05	10.7617 64.9381 0.9301	
78.213360 293.502550	6.14e-01  8.27e-01  3.78e+05	18.9180 72.1667 0.5023	
78.213360 293.502550	6.18e-01  8.33e-01  3.77e+05	-7.1208 74.9532 0.9513	
78.213360 293.502550	4.93e-01  9.06e-01  3.85e+05	-5.4884 71.3206 0.3723	
78.213360 293.502550	6.13e-01  7.99e-01  3.83e+05	-4.7374 72.3632 0.8792	
78.213360 293.502550	5.46e-01  8.43e-01  3.87e+05	1.6986 70.7987 0.2981	
78.213360 293.502550	4.68e-01  7.92e-01  4.09e+05	-11.5540 58.3909 0.7523	
78.213360 293.502550	8.07e-01  9.57e-01  3.34e+05	41.7225 82.3210 0.8136	
78.213360 293.502550	7.70e-01  9.05e-01  3.45e+05	-23.5650 84.9694 0.4966	
78.213360 293.502550	7.31e-01  8.43e-01  3.59e+05	-3.1222 82.7784 0.6538	
78.213360 293.502550	5.10e-01  9.53e-01  3.75e+05	1.0144 76.0835 0.8206	
78.213360 293.502550	5.82e-01  8.11e-01  3.86e+05	2.3195 71.1361 0.9821	
78.213360 293.502550	5.47e-01  9.65e-01  3.68e+05	11.6727 78.3376 0.6901	
78.213360 293.502550	6.29e-01  8.50e-01  3.73e+05	-34.6126 68.9294 0.0308	
78.213360 293.502550	5.80e-01  6.88e-01  4.07e+05	21.1629 56.4808 0.3472	
78.213360 293.502550	6.85e-01  7.56e-01  3.79e+05	-10.2287 73.8558 0.9856	
78.213360 293.502550	5.94e-01  8.82e-01  3.73e+05	-22.2328 73.6688 0.7803	
78.213360 293.502550	6.97e-01  8.46e-01  3.63e+05	-32.4707 74.2697 0.2461	
78.213360 293.502550	5.27e-01  9.17e-01  3.78e+05	-32.5762 67.3281 0.3197	
78.213360 293.502550	5.94e-01  6.66e-01  4.09e+05	-14.5387 57.8111 0.3833	
78.213360 293.502550	7.13e-01  7.84e-01  3.70e+05	-10.3419 77.5674 0.0895	
78.213360 293.502550	6.64e-01  8.02e-01  3.75e+05	22.4478 72.9014 0.1166	
78.213360 293.502550	6.02e-01  7.57e-01  3.92e+05	-10.9273 67.5497 0.8618	
78.213360 293.502550	7.68e-01  8.33e-01  3.55e+05	12.4138 83.4430 0.3296	
78.213360 293.502550	6.01e-01  7.76e-01  3.89e+05	-2.9070 69.8297 0.8242	
78.213360 293.502550	4.80e-01  7.07e-01  4.22e+05	14.5406 49.2287 0.3553	
78.213360 293.502550	5.51e-01  7.72e-01  3.98e+05	-11.8537 64.3491 0.1054	
78.213360 293.502550	6.18e-01  7.36e-01  3.92e+05	8.1999 67.6068 0.3930	
78.213360 293.502550	6.04e-01  7.46e-01  3.93e+05	-1.0957 67.7308 0.6318	
78.213360 293.502550	7.16e-01  8.11e-01  3.66e+05	-31.8658 73.5573 0.9474	
78.213360 293.502550	5.81e-01  8.31e-01  3.83e+05	8.8946 71.9824 0.4872	
78.213360 293.502550	7.32e-01  8.07e-01  3.64e+05	21.0750 78.0275 0.1201	
78.213360 293.502550	6.54e-01  9.27e-01  3.58e+05	-5.2756 83.0975 0.5674	
78.213360 293.502550	8.00e-01  9.05e-01  3.42e+05	-17.1147 87.9310 0.0905	
78.213360 293.502550	7.14e-01  9.10e-01  3.52e+05	20.1270 83.1826 0.6993	
78.213360 293.502550	5.23e-01  8.87e-01  3.83e+05	11.9859 71.4091 0.8079	
78.213360 293.502550	4.29e-01  8.34e-01  4.08e+05	11.0804 58.8534 0.9645	
78.213360 293.502550	4.88e-01  9.41e-01  3.80e+05	-1.2471 73.7561 0.6180	
78.213360 293.502550	6.79e-01  9.51e-01  3.51e+05	12.2260 85.0297 0.3355	
78.213360 293.502550	4.34e-01  9.74e-01  3.84e+05	17.4948 70.1084 0.9314	
78.213360 293.502550	6.11e-01  9.25e-01  3.64e+05	-10.8373 79.9500 0.8068	
78.213360 293.502550	6.16e-01  7.99e-01  3.83e+05	11.0920 71.8727 0.7737	
78.213360 293.502550	5.75e-01  8.38e-01  3.83e+05	-9.8659 71.9598 0.2543	
78.213360 293.502550	5.69e-01  7.99e-01  3.90e+05	18.2633 66.6999 0.9724	
78.213360 293.502550	4.29e-01  7.41e-01  4.26e+05	-28.4732 39.9585 0.9831	
78.213360 293.502550	6.51e-01  8.78e-01  3.65e+05	-12.0487 79.3549 0.8809	
78.213360 293.502550	6.07e-01  7.64e-01  3.90e+05	-1.3315 69.4656 0.4761	
78.213360 293.502550	5.13e-01  7.60e-01  4.07e+05	-23.5049 56.0467 0.8190	
78.213360 293.502550	7.12e-01  7.43e-01  3.76e+05	-24.0824 71.6228 0.3345	
78.213360 293.502550	5.08e-01  7.05e-01  4.17e+05	13.1320 52.8839 0.1475	
78.213360 293.502550	6.44e-01  8.04e-01  3.77e+05	3.4408 74.9825 0.0262	
78.213360 293.502550	5.54e-01  9.35e-01  3.71e+05	-9.1842 77.2555 0.2200	
78.213360 293.502550	7.16e-01  8.58e-01  3.59e+05	-31.0608 76.8437 0.6385	
78.213360 293.502550	5.56e-01  7.59e-01  3.99e+05	13.0755 63.4767 0.1835	
78.213360 293.502550	5.02e-01  8.68e-01  3.90e+05	-16.5137 67.3885 0.6859	
78.213360 293.502550	5.88e-01  7.98e-01  3.87e+05	-17.2661 68.4829 0.3743	
78.213360 293.502550	6.84e-01  8.89e-01  3.59e+05	20.6900 80.2211 0.6296	
78.213360 293.502550	5.80e-01  7.99e-01  3.88e+05	22.4583 66.3240 0.4990	
78.213360 293.502550	7.73e-01  8.85e-01  3.48e+05	17.7535 85.4978 0.4936	
78.213360 293.502550	6.48e-01  9.55e-01  3.55e+05	-14.1750 83.2742 0.4056	
78.213360 293.502550	7.76e-01  9.61e-01  3.38e+05	-9.1330 90.6131 0.9855	
78.213360 293.502550	6.62e-01  8.58e-01  3.67e+05	8.9086 79.2086 0.2380	
78.213360 293.502550	5.95e-01  9.26e-01  3.67e+05	-25.9495 75.4233 0.5740	
78.213360 293.502550	5.55e-01  6.91e-01  4.11e+05	-16.8708 55.5652 0.4664	
78.213360 293.502550	6.94e-01  8.14e-01  3.68e+05	7.0920 78.6933 0.0140	
78.213360 293.502550	5.14e-01  8.01e-01  3.99e+05	-27.8690 58.3732 0.2505	
78.213360 293.502550	3.73e-01  8.61e-01  4.14e+05	-14.5479 54.9037 0.9046	
78.213360 293.502550	4.66e-01  7.42e-01  4.18e+05	-14.0646 52.0350 0.9439	
78.213360 293.502550	5.78e-01  8.31e-01  3.83e+05	20.2757 69.4692 0.3118	
78.213360 293.502550	6.93e-01  8.24e-01  3.67e+05	-26.8430 74.8597 0.6339	
78.213360 293.502550	5.21e-01  6.55e-01  4.25e+05	-7.8891 49.2242 0.6038	
78.213360 293.502550	4.35e-01  8.41e-01  4.06e+05	-18.8241 58.1404 0.3387	
78.213360 293.502550	6.92e-01  8.27e-01  3.67e+05	8.3342 79.2024 0.6521	
78.213360 293.502550	7.52e-01  9.65e-01  3.40e+05	-4.0196 90.0759 0.9883	
78.213360 293.502550	4.81e-01  8.20e-01  4.02e+05	17.8432 60.8856 0.6311	
78.213360 293.502550	8.61e-01  9.71e-01  3.26e+05	25.3077 91.6896 0.7965	
78.213360 293.502550	6.88e-01  8.36e-01  3.66e+05	4.7167 79.8422 0.3841	
78.213360 293.502550	5.65e-01  8.27e-01  3.86e+05	12.0208 70.0468 0.5512	
78.213360 293.502550	8.13e-01  8.83e-01  3.43e+05	18.8823 87.1647 0.7304	
78.213360 293.502550	6.46e-01  6.70e-01  3.99e+05	-8.7531 64.2635 0.3100	
78.213360 293.502550	6.37e-01  8.96e-01  3.65e+05	-10.8926 79.7501 0.5479	
78.213360 293.502550	7.34e-01  8.28e-01  3.61e+05	-11.6308 81.3715 0.9917	
78.213360 293.502550	5.75e-01  7.72e-01  3.94e+05	-0.6995 67.5004 0.3879	
78.213360 293.502550	5.50e-01  8.07e-01  3.92e+05	12.1402 67.2513 0.1303	
78.213360 293.502550	5.07e-01  8.30e-01  3.95e+05	-5.9273 66.3893 0.8508	
78.213360 293.502550	6.17e-01  8.91e-01  3.68e+05	-44.2033 65.4129 0.1779	
78.213360 293.502550	6.13e-01  7.69e-01  3.88e+05	-5.5875 70.0826 0.4480	
78.213360 293.502550	6.45e-01  8.69e-01  3.67e+05	-25.6339 75.1361 0.0352	
78.213360 293.502550	5.37e-01  7.93e-01  3.96e+05	-45.2429 48.1532 0.6495	
78.213360 293.502550	7.51e-01  9.27e-01  3.45e+05	-21.5094 85.6450 0.8265	
78.213360 293.502550	6.03e-01  8.27e-01  3.80e+05	-14.8610 72.3419 0.4435	
78.213360 293.502550	5.64e-01  9.09e-01  3.73e+05	-0.4860 76.8035 0.2911	
78.213360 293.502550	6.77e-01  9.25e-01  3.55e+05	15.3055 83.0183 0.9521	
78.213360 293.502550	5.00e-01  8.37e-01  3.95e+05	29.4890 59.7788 0.8801	
78.213360 293.502550	5.21e-01  9.77e-01  3.70e+05	16.1259 76.6523 0.2774	
78.213360 293.502550	6.36e-01  9.27e-01  3.61e+05	-11.7575 81.3625 0.7891	
78.213360 293.502550	5.40e-01  6.86e-01  4.15e+05	7.6907 55.4672 0.1297	
78.213360 293.502550	5.43e-01  8.16e-01  3.92e+05	-6.7654 68.1153 0.1751	
78.213360 293.502550	6.42e-01  7.39e-01  3.88e+05	-6.0012 69.9398 0.3778	
78.213360 293.502550	7.05e-01  8.05e-01  3.68e+05	12.9493 78.0641 0.0675	
78.213360 293.502550	6.40e-01  9.51e-01  3.57e+05	-34.8682 76.2335 0.8370	
78.213360 293.502550	6.40e-01  8.95e-01  3.65e+05	9.4728 80.0168 0.2261	
78.213360 293.502550	7.61e-01  8.64e-01  3.52e+05	21.3212 82.9440 0.4961	
78.213360 293.502550	6.72e-01  7.59e-01  3.80e+05	-1.6028 73.8590 0.2715	
78.213360 293.502550	5.87e-01  7.15e-01  4.01e+05	9.0662 62.9426 0.4054	
78.213360 293.502550	5.89e-01  8.20e-01  3.84e+05	-6.5510 71.9803 0.9726	
78.213360 293.502550	5.65e-01  6.76e-01  4.12e+05	-22.9891 52.7755 0.4980	
78.213360 293.502550	6.07e-01  8.68e-01  3.73e+05	-35.5471 68.1339 0.9893	
78.213360 293.502550	7.46e-01  8.31e-01  3.59e+05	-27.4126 78.3930 0.5314	
78.213360 293.502550	6.53e-01  8.21e-01  3.73e+05	2.2687 76.7745 0.4338	
78.213360 293.502550	5.16e-01  7.54e-01  4.07e+05	-40.2421 45.2505 0.4423	
78.213360 293.502550	7.89e-01  9.46e-01  3.38e+05	-14.4737 89.8185 0.7090	
78.213360 293.502550	5.09e-01  6.74e-01  4.23e+05	-0.2783 50.8200 0.5337	
78.213360 293.502550	6.06e-01  6.97e-01  4.01e+05	-33.4472 54.2003 0.2999	
78.213360 293.502550	8.10e-01  9.36e-01  3.36e+05	-33.6924 85.0647 0.2071	
78.213360 293.502550	5.44e-01  8.73e-01  3.82e+05	-24.1914 68.7579 0.9490	
78.213360 293.502550	4.94e-01  7.77e-01  4.07e+05	11.4506 59.5107 0.8165	
78.213360 293.502550	5.27e-01  7.00e-01  4.15e+05	16.5764 53.5287 0.6538	
78.213360 293.502550	7.19e-01  7.91e-01  3.68e+05	-3.6074 79.0075 0.2498	
78.213360 293.502550	6.48e-01  7.08e-01  3.92e+05	17.4114 65.9912 0.1238	
78.213360 293.502550	6.42e-01  8.46e-01  3.71e+05	18.1251 75.6162 0.6830	
78.213360 293.502550	8.05e-01  8.91e-01  3.43e+05	35.0449 82.0237 0.5387	
78.213360 293.502550	4.83e-01  8.80e-01  3.91e+05	-10.0435 68.0550 0.6101	
78.213360 293.502550	7.39e-01  9.14e-01  3.48e+05	14.3481 85.9011 0.6812	
78.213360 293.502550	7.06e-01  8.80e-01  3.57e+05	7.2747 83.2382 0.1865	
78.213360 293.502550	6.24e-01  9.71e-01  3.56e+05	-9.2691 83.4910 0.5694	
78.213360 293.502550	7.74e-01  7.86e-01  3.61e+05	6.0811 81.8381 0.0835	
78.213360 293.502550	6.40e-01  7.04e-01  3.94e+05	20.4915 64.0210 0.7091	
78.213360 293.502550	7.45e-01  9.55e-01  3.42e+05	-24.6071 85.9056 0.2074	
78.213360 293.502550	5.18e-01  9.73e-01  3.71e+05	11.8384 76.9991 0.2847	
78.213360 293.502550	5.15e-01  7.24e-01  4.13e+05	-6.7143 56.9972 0.0020	
78.213360 293.502550	4.85e-01  8.69e-01  3.93e+05	2.8418 67.9851 0.0460	
78.213360 293.502550	5.55e-01  7.65e-01  3.98e+05	10.6248 64.3190 0.8292	
78.213360 293.502550	7.39e-01  8.59e-01  3.56e+05	-11.1353 83.4649 0.2457	
78.213360 293.502550	4.12e-01  7.73e-01  4.23e+05	-6.2970 50.7683 0.0565	
78.213360 293.502550	7.20e-01  8.40e-01  3.61e+05	-16.3076 80.4264 0.9789	
78.213360 293.502550	5.65e-01  8.77e-01  3.78e+05	-13.1302 73.4493 0.8078	
78.213360 293.502550	6.70e-01  7.71e-01  3.79e+05	-27.4154 69.3699 0.7485	
78.213360 293.502550	5.29e-01  8.64e-01  3.86e+05	-12.6570 69.9495 0.7692	
78.213360 293.502550	5.97e-01  9.08e-01  3.69e+05	4.1042 78.6892 0.7132	
78.213360 293.502550	7.03e-01  8.38e-01  3.64e+05	2.8242 80.9319 0.7755	
78.213360 293.502550	5.02e-01  8.99e-01  3.85e+05	-18.8586 69.1684 0.3738	
78.213360 293.502550	7.20e-01  8.15e-01  3.65e+05	-41.6046 69.0261 0.2527	
78.213360 293.502550	5.48e-01  9.00e-01  3.77e+05	-2.1398 75.0965 0.2139	
78.213360 293.502550	4.69e-01  8.43e-01  4.00e+05	16.6431 62.3046 0.8262	
78.213360 293.502550	6.30e-01  8.91e-01  3.66e+05	26.3466 75.3229 0.6769	
78.213360 293.502550	8.20e-01  9.55e-01  3.33e+05	-42.5564 82.3880 0.2549	
78.213360 293.502550	4.78e-01  8.23e-01  4.02e+05	-10.6619 62.5766 0.8790	
78.213360 293.502550	4.82e-01  8.18e-01  4.02e+05	1.2030 63.3444 0.4000	
78.213360 293.502550	6.72e-01  7.75e-01  3.78e+05	21.7739 71.7511 0.4903	
78.213360 293.502550	7.02e-01  9.06e-01  3.54e+05	-18.1522 82.7365 0.1519	
78.213360 293.502550	4.79e-01  6.99e-01  4.24e+05	11.0486 48.8841 0.6042	
78.213360 293.502550	6.00e-01  7.30e-01  3.97e+05	20.4047 62.8039 0.0786	
78.213360 293.502550	6.80e-01  8.82e-01  3.61e+05	-21.7226 79.2604 0.2092	
78.213360 293.502550	7.18e-01  7.32e-01  3.77e+05	-30.7436 68.6614 0.1956	
78.213360 293.502550	6.69e-01  7.78e-01  3.78e+05	11.9664 74.0774 0.5481	
78.213360 293.502550	5.54e-01  9.15e-01  3.74e+05	9.7064 75.8990 0.3786	
78.213360 293.502550	5.12e-01  9.17e-01  3.80e+05	-8.7357 73.2371 0.3765	
78.213360 293.502550	5.31e-01  8.77e-01  3.84e+05	-24.3311 68.0036 0.0928	
78.213360 293.502550	6.54e-01  9.09e-01  3.61e+05	-13.4294 81.1225 0.8209	
78.213360 293.502550	4.61e-01  9.30e-01  3.86e+05	0.4500 70.9757 0.7194	
78.213360 293.502550	5.66e-01  9.14e-01  3.73e+05	-5.5112 77.0098 0.1279	
78.213360 293.502550	5.88e-01  8.45e-01  3.80e+05	24.7239 69.7588 0.6637	
78.213360 293.502550	4.52e-01  8.44e-01  4.02e+05	4.4164 62.8648 0.5369	
78.213360 293.502550	5.47e-01  7.52e-01  4.02e+05	3.5243 63.1525 0.1763	
78.213360 293.502550	4.90e-01  7.81e-01  4.07e+05	-16.3591 58.3350 0.5680	
78.213360 293.502550	7.47e-01  8.12e-01  3.61e+05	14.9198 80.6881 0.4338	
78.213360 293.502550	5.61e-01  8.52e-01  3.83e+05	18.6351 70.1552 0.6716	
78.213360 293.502550	5.20e-01  8.34e-01  3.92e+05	-12.8438 66.8817 0.8501	
78.213360 293.502550	5.25e-01  8.79e-01  3.84e+05	16.5840 69.9992 0.0566	
78.213360 293.502550	6.81e-01  7.99e-01  3.73e+05	9.5892 76.6210 0.1870	
78.213360 293.502550	6.89e-01  7.77e-01  3.75e+05	19.2584 73.8247 0.6805	
78.213360 293.502550	6.25e-01  7.86e-01  3.83e+05	1.6900 72.4524 0.3722	
78.213360 293.502550	5.91e-01  7.85e-01  3.89e+05	13.8992 68.4903 0.0331	
78.213360 293.502550	5.93e-01  9.42e-01  3.64e+05	14.5658 79.3183 0.5576	
78.213360 293.502550	5.00e-01  8.29e-01  3.97e+05	-8.9848 65.3538 0.2819	
78.213360 293.502550	7.09e-01  8.08e-01  3.67e+05	5.9098 79.2969 0.0623	
78.213360 293.502550	6.19e-01  7.62e-01  3.88e+05	-4.8746 69.9693 0.9228	
78.213360 293.502550	6.39e-01  8.92e-01  3.65e+05	-3.0381 80.3172 0.4854	
78.213360 293.502550	7.08e-01  8.66e-01  3.59e+05	-9.9289 82.2732 0.3684	
78.213360 293.502550	6.27e-01  8.51e-01  3.73e+05	5.4719 76.8609 0.5817	
78.213360 293.502550	6.97e-01  8.39e-01  3.64e+05	-15.0958 79.2683 0.2082	
78.213360 293.502550	5.51e-01  7.98e-01  3.93e+05	-10.9540 66.7218 0.9879	
78.213360 293.502550	7.20e-01  8.49e-01  3.60e+05	-16.3615 80.9151 0.4819	
78.213360 293.502550	6.12e-01  8.14e-01  3.81e+05	12.7374 72.4459 0.3739	
78.213360 293.502550	5.28e-01  9.24e-01  3.77e+05	12.9687 74.2048 0.3138	
78.213360 293.502550	4.74e-01  7.73e-01  4.11e+05	2.9750 58.1660 0.5675	
78.213360 293.502550	5.20e-01  8.53e-01  3.89e+05	8.0662 69.1126 0.7684	
78.213360 293.502550	4.31e-01  7.05e-01  4.33e+05	-30.9937 31.6883 0.3822	
78.213360 293.502550	5.48e-01  9.46e-01  3.71e+05	-19.4190 75.6397 0.2468	
78.213360 293.502550	5.25e-01  9.94e-01  3.67e+05	-26.3010 75.1662 0.4252	
78.213360 293.502550	7.05e-01  8.26e-01  3.65e+05	-7.2426 80.0515 0.8605	
78.213360 293.502550	6.52e-01  9.14e-01  3.60e+05	-21.9971 79.4863 0.3643	
78.213360 293.502550	7.87e-01  8.37e-01  3.52e+05	-43.7692 73.5371 0.3214	
78.213360 293.502550	6.03e-01  7.02e-01  4.01e+05	-26.9725 57.7682 0.0976	
78.213360 293.502550	6.43e-01  8.89e-01  3.65e+05	5.7198 80.2443 0.5101	
78.213360 293.502550	4.73e-01  9.42e-01  3.83e+05	-4.5067 72.5986 0.4004	
78.213360 293.502550	7.17e-01  8.89e-01  3.54e+05	-49.4520 68.7045 0.9574	
78.213360 293.502550	6.48e-01  9.21e-01  3.60e+05	22.9166 79.3677 0.2764	
78.213360 293.502550	5.12e-01  8.56e-01  3.90e+05	10.5105 68.3869 0.8801	
78.213360 293.502550	6.60e-01  8.15e-01  3.73e+05	10.6394 76.1267 0.0571	
78.213360 293.502550	5.61e-01  7.08e-01  4.07e+05	-16.0864 58.2820 0.1403	
78.213360 293.502550	5.96e-01  7.48e-01  3.94e+05	-0.9567 67.2215 0.8785	
78.213360 293.502550	6.68e-01  7.10e-01  3.89e+05	12.3208 68.8509 0.2826	
78.213360 293.502550	6.66e-01  8.37e-01  3.69e+05	-1.1755 78.6229 0.2483	
78.213360 293.502550	6.57e-01  8.95e-01  3.62e+05	-0.9410 81.6145 0.2827	
78.213360 293.502550	6.26e-01  9.26e-01  3.62e+05	1.7892 81.5629 0.7696	
78.213360 293.502550	7.06e-01  9.02e-01  3.54e+05	20.3145 82.2168 0.7814	
78.213360 293.502550	6.32e-01  9.65e-01  3.56e+05	-36.3956 75.8455 0.6703	
78.213360 293.502550	5.59e-01  9.19e-01  3.73e+05	-11.6274 76.1568 0.6292	
78.213360 293.502550	4.79e-01  7.86e-01  4.08e+05	-0.6194 60.0818 0.7037	
78.213360 293.502550	6.69e-01  8.91e-01  3.61e+05	-13.8569 80.9183 0.3996	
78.213360 293.502550	5.94e-01  9.15e-01  3.68e+05	22.4597 75.8164 0.7357	
78.213360 293.502550	5.30e-01  7.12e-01  4.12e+05	-16.9804 55.1432 0.0717	
78.213360 293.502550	5.94e-01  9.58e-01  3.62e+05	-17.4132 79.6923 0.4683	
78.213360 293.502550	5.74e-01  8.22e-01  3.86e+05	38.2107 60.2191 0.4566	
78.213360 293.502550	7.12e-01  8.65e-01  3.58e+05	-14.9452 81.7119 0.1159	
78.213360 293.502550	5.95e-01  8.55e-01  3.77e+05	8.1266 74.8196 0.9142	
78.213360 293.502550	5.78e-01  8.10e-01  3.87e+05	28.0503 64.9199 0.3059	
78.213360 293.502550	6.55e-01  9.02e-01  3.61e+05	10.7951 81.1705 0.1148	
78.213360 293.502550	6.06e-01  9.18e-01  3.66e+05	-15.0558 78.5261 0.8969	
78.213360 293.502550	5.44e-01  6.66e-01  4.18e+05	-2.5979 54.0746 0.0404	
78.213360 293.502550	6.91e-01  8.99e-01  3.57e+05	-18.7714 81.6420 0.4237	
78.213360 293.502550	8.24e-01  9.43e-01  3.34e+05	-11.4025 91.6865 0.9853	
78.213360 293.502550	7.12e-01  9.15e-01  3.52e+05	-11.2720 84.9934 0.6473	
78.213360 293.502550	5.80e-01  8.57e-01  3.79e+05	1.9191 74.2403 0.5413	
78.213360 293.502550	6.43e-01  8.35e-01  3.73e+05	-7.1075 76.6934 0.5439	
78.213360 293.502550	6.72e-01  9.36e-01  3.54e+05	18.1215 82.7989 0.2665	
78.213360 293.502550	5.95e-01  8.79e-01  3.73e+05	-0.0639 76.8533 0.8923	
78.213360 293.502550	6.77e-01  7.26e-01  3.85e+05	14.5517 70.3490 0.5374	
78.213360 293.502550	5.69e-01  8.21e-01  3.87e+05	-9.7641 70.2294 0.0537	
78.213360 293.502550	4.87e-01  8.66e-01  3.93e+05	2.9924 67.9378 0.7592	
78.213360 293.502550	7.33e-01  7.86e-01  3.67e+05	-3.6078 79.5733 0.0957	
78.213360 293.502550	6.33e-01  8.06e-01  3.79e+05	0.7225 74.4460 0.8766	
78.213360 293.502550	6.28e-01  8.67e-01  3.70e+05	6.8725 77.9096 0.6137	
78.213360 293.502550	6.96e-01  7.50e-01  3.78e+05	27.9718 69.5092 0.0543	
78.213360 293.502550	6.11e-01  8.75e-01  3.72e+05	15.7604 75.9685 0.7776	
78.213360 293.502550	5.94e-01  8.32e-01  3.81e+05	-14.9992 71.9732 0.4411	
78.213360 293.502550	7.18e-01  8.28e-01  3.63e+05	12.0679 80.3591 0.7192	
78.213360 293.502550	3.49e-01  9.09e-01  4.09e+05	-16.5485 56.9023 0.5623	
78.213360 293.502550	6.14e-01  9.13e-01  3.66e+05	29.5823 74.4839 0.1239	
78.213360 293.502550	5.80e-01  7.85e-01  3.91e+05	19.6936 66.0228 0.6604	
78.213360 293.502550	6.82e-01  9.27e-01  3.54e+05	12.5169 83.8697 0.2127	
78.213360 293.502550	6.10e-01  8.92e-01  3.69e+05	-4.2224 78.4789 0.0647	
78.213360 293.502550	6.16e-01  9.57e-01  3.59e+05	23.1606 79.4952 0.7385	
78.213360 293.502550	4.57e-01  8.66e-01  3.98e+05	18.6418 62.6963 0.2975	
78.213360 293.502550	4.16e-01  7.53e-01  4.26e+05	19.5240 44.9765 0.0773	
78.213360 293.502550	6.76e-01  8.59e-01  3.65e+05	20.2880 78.0102 0.9650	
78.213360 293.502550	5.21e-01  8.21e-01  3.94e+05	17.9678 64.6447 0.2648	
78.213360 293.502550	6.42e-01  7.35e-01  3.89e+05	-23.5494 65.8161 0.2942	
78.213360 293.502550	4.95e-01  6.89e-01  4.23e+05	-31.8803 39.7836 0.2757	
78.213360 293.502550	5.90e-01  8.95e-01  3.72e+05	21.4843 74.4757 0.8233	
78.213360 293.502550	3.72e-01  7.43e-01  4.37e+05	6.5715 40.4100 0.3805	
78.213360 293.502550	5.38e-01  8.69e-01  3.84e+05	17.6041 69.9404 0.4718	
78.213360 293.502550	6.40e-01  8.84e-01  3.66e+05	38.0845 70.3107 0.4932	
78.213360 293.502550	3.53e-01  8.15e-01  4.26e+05	-6.5051 48.5251 0.4694	
78.213360 293.502550	6.01e-01  8.46e-01  3.78e+05	4.9966 74.8341 0.2146	
78.213360 293.502550	6.68e-01  9.69e-01  3.50e+05	16.3646 84.6471 0.7055	
78.213360 293.502550	5.46e-01  9.09e-01  3.76e+05	-2.8170 75.4852 0.7086	
78.213360 293.502550	3.59e-01  8.83e-01  4.12e+05	-2.3051 57.6144 0.6224	
78.213360 293.502550	4.79e-01  7.28e-01  4.19e+05	-11.8499 52.3574 0.9818	
78.213360 293.502550	7.21e-01  8.36e-01  3.61e+05	10.0855 81.2908 0.8210	
78.213360 293.502550	5.35e-01  8.69e-01  3.84e+05	19.2928 69.2930 0.0900	
78.213360 293.502550	6.25e-01  7.33e-01  3.92e+05	-20.2052 65.3110 0.6298	
78.213360 293.502550	4.92e-01  8.93e-01  3.87e+05	-26.4668 65.3255 0.0937	
78.213360 293.502550	7.23e-01  9.07e-01  3.51e+05	-6.5949 85.6457 0.6156	
78.213360 293.502550	6.20e-01  9.51e-01  3.59e+05	11.5705 81.8622 0.4468	
78.213360 293.502550	4.96e-01  8.84e-01  3.88e+05	9.1649 69.5314 0.2755	
78.213360 293.502550	6.55e-01  8.85e-01  3.64e+05	11.2633 80.1427 0.5707	
78.213360 293.502550	5.67e-01  8.76e-01  3.78e+05	6.4843 74.4147 0.0241	
78.213360 293.502550	7.39e-01  8.07e-01  3.63e+05	22.2719 78.1669 0.1957	
78.213360 293.502550	6.22e-01  9.08e-01  3.65e+05	-27.7556 75.3951 0.8479	
78.213360 293.502550	4.70e-01  7.70e-01  4.12e+05	-8.6110 56.8278 0.0778	
78.213360 293.502550	6.84e-01  8.93e-01  3.59e+05	-31.9409 76.6653 0.1299	
78.213360 293.502550	5.70e-01  8.34e-01  3.84e+05	-26.8767 66.7576 0.1912	
78.213360 293.502550	7.57e-01  9.05e-01  3.47e+05	21.9129 84.6965 0.7810	
78.213360 293.502550	5.85e-01  9.18e-01  3.69e+05	19.2274 76.2788 0.9596	
78.213360 293.502550	8.18e-01  9.48e-01  3.34e+05	-1.3923 92.3700 0.8579	
78.213360 293.502550	5.00e-01  7.92e-01  4.03e+05	-9.7885 61.9017 0.5904	
78.213360 293.502550	5.39e-01  6.75e-01  4.17e+05	22.5313 49.7464 0.8358	
78.213360 293.502550	6.38e-01  7.26e-01  3.91e+05	-13.6358 67.5243 0.9031	
78.213360 293.502550	6.79e-01  9.25e-01  3.55e+05	33.1432 77.7605 0.8582	
78.213360 293.502550	6.29e-01  7.41e-01  3.90e+05	20.4088 66.2716 0.6225	
78.213360 293.502550	6.50e-01  8.27e-01  3.73e+05	6.7884 76.7148 0.7376	
78.213360 293.502550	5.67e-01  8.76e-01  3.78e+05	19.0856 72.2802 0.3801	
78.213360 293.502550	4.38e-01  9.24e-01  3.91e+05	-17.6304 66.4072 0.3573	
78.213360 293.502550	4.82e-01  8.47e-01  3.97e+05	35.9507 55.2698 0.0536	
78.213360 293.502550	5.35e-01  8.91e-01  3.81e+05	-2.4863 73.4731 0.9356	
78.213360 293.502550	7.12e-01  8.70e-01  3.58e+05	42.0623 71.9490 0.4888	
78.213360 293.502550	6.03e-01  8.28e-01  3.80e+05	-8.9067 73.3338 0.7561	
78.213360 293.502550	7.04e-01  7.75e-01  3.73e+05	-24.6984 73.0449 0.0672	
78.213360 293.502550	3.90e-01  7.69e-01  4.28e+05	-8.7688 46.7862 0.7549	
78.213360 293.502550	5.09e-01  7.52e-01  4.09e+05	37.4821 46.3358 0.1896	
78.213360 293.502550	6.05e-01  8.34e-01  3.79e+05	-15.6014 72.8003 0.6382	
78.213360 293.502550	6.62e-01  8.28e-01  3.71e+05	13.7727 76.6452 0.4306	
78.213360 293.502550	6.28e-01  6.43e-01  4.07e+05	35.4625 49.2249 0.6871	
78.213360 293.502550	7.21e-01  8.81e-01  3.55e+05	3.8647 84.3347 0.0220	
78.213360 293.502550	5.18e-01  7.19e-01  4.13e+05	23.1247 52.2166 0.2304	
78.213360 293.502550	6.11e-01  9.25e-01  3.64e+05	-15.9219 79.1201 0.0153	
78.213360 293.502550	4.18e-01  9.15e-01  3.96e+05	36.4305 55.3864 0.1486	
78.213360 293.502550	4.92e-01  8.89e-01  3.88e+05	-12.0871 69.1154 0.8856	
78.213360 293.502550	6.69e-01  8.63e-01  3.65e+05	-30.8534 74.3164 0.6221	
78.213360 293.502550	7.46e-01  8.68e-01  3.53e+05	-11.5741 84.2626 0.5596	
78.213360 293.502550	6.83e-01  8.22e-01  3.69e+05	-11.6113 77.9814 0.3686	
78.213360 293.502550	6.29e-01  7.67e-01  3.86e+05	12.8790 70.2084 0.4143	
78.213360 293.502550	7.77e-01  9.09e-01  3.44e+05	-12.3808 87.8496 0.2895	
78.213360 293.502550	7.08e-01  9.45e-01  3.48e+05	-21.5752 84.3350 0.0889	
78.213360 293.502550	7.23e-01  9.42e-01  3.47e+05	-17.9790 85.8254 0.7739	
78.213360 293.502550	7.49e-01  9.43e-01  3.43e+05	-20.2742 86.6294 0.6785	
78.213360 293.502550	5.77e-01  9.70e-01  3.63e+05	32.6211 74.5165 0.8041	
78.213360 293.502550	4.27e-01  8.75e-01  4.01e+05	-25.2374 58.3504 0.3231	
78.213360 293.502550	7.24e-01  9.32e-01  3.48e+05	15.8030 85.7931 0.7348	
78.213360 293.502550	7.50e-01  8.28e-01  3.58e+05	20.8411 80.4375 0.8051	
78.213360 293.502550	7.73e-01  8.24e-01  3.56e+05	-27.4240 79.5536 0.8127	
78.213360 293.502550	6.38e-01  8.05e-01  3.78e+05	17.1646 72.7602 0.1203	
78.213360 293.502550	7.06e-01  9.13e-01  3.53e+05	-33.5769 78.4218 0.5200	
78.213360 293.502550	7.47e-01  9.25e-01  3.46e+05	3.8619 87.9469 0.5162	
78.213360 293.502550	8.01e-01  8.70e-01  3.46e+05	-21.6251 85.2218 0.8775	
78.213360 293.502550	7.75e-01  8.48e-01  3.52e+05	-27.3801 81.0582 0.1712	
78.213360 293.502550	3.59e-01  8.85e-01  4.12e+05	-19.6396 54.4358 0.5408	
78.213360 293.502550	5.93e-01  9.57e-01  3.62e+05	-13.8788 80.3343 0.8605	
78.213360 293.502550	6.72e-01  7.43e-01  3.83e+05	-10.8507 71.9394 0.9466	
78.213360 293.502550	7.52e-01  9.07e-01  3.47e+05	8.4529 86.9627 0.7003	
78.213360 293.502550	6.42e-01  8.93e-01  3.64e+05	-22.9292 77.3318 0.5418	
78.213360 293.502550	5.51e-01  8.75e-01  3.81e+05	20.8660 70.4576 0.9678	
78.213360 293.502550	7.85e-01  9.20e-01  3.42e+05	45.3213 77.2954 0.6005	
78.213360 293.502550	4.11e-01  7.38e-01  4.30e+05	6.9942 45.7111 0.3381	
78.213360 293.502550	6.68e-01  8.74e-01  3.63e+05	15.0696 79.6535 0.2806	
78.213360 293.502550	6.31e-01  9.07e-01  3.64e+05	47.5098 65.3661 0.6922	
78.213360 293.502550	6.18e-01  8.76e-01  3.71e+05	14.7809 76.6445 0.8722	
78.213360 293.502550	7.78e-01  9.74e-01  3.36e+05	-25.7300 88.0813 0.8590	
78.213360 293.502550	7.56e-01  9.24e-01  3.45e+05	-35.8517 80.7780 0.1204	
78.213360 293.502550	8.37e-01  9.80e-01  3.28e+05	-3.7649 94.4626 0.1465	
78.213360 293.502550	6.85e-01  9.73e-01  3.48e+05	-29.5874 82.1442 0.7851	
78.213360 293.502550	6.60e-01  7.41e-01  3.85e+05	-6.0510 71.4102 0.3626	
78.213360 293.502550	6.11e-01  8.98e-01  3.68e+05	20.3816 76.3946 0.2905	
78.213360 293.502550	6.98e-01  7.54e-01  3.77e+05	-4.9551 75.2027 0.3150	
78.213360 293.502550	5.89e-01  9.27e-01  3.67e+05	16.1008 77.8097 0.0534	
78.213360 293.502550	4.89e-01  8.70e-01  3.92e+05	20.9706 65.2052 0.6945	
78.213360 293.502550	6.30e-01  8.27e-01  3.76e+05	4.1075 75.5411 0.9197	
78.213360 293.502550	6.41e-01  8.71e-01  3.68e+05	-23.3830 75.7211 0.7509	
78.213360 293.502550	8.62e-01  9.62e-01  3.27e+05	39.8302 85.9947 0.2961	
78.213360 293.502550	6.26e-01  8.25e-01  3.77e+05	27.9367 69.8756 0.3962	
78.213360 293.502550	3.61e-01  8.58e-01  4.16e+05	24.5142 49.4281 0.4750	
78.213360 293.502550	5.96e-01  9.16e-01  3.68e+05	-12.9761 78.1701 0.3001	
78.213360 293.502550	7.33e-01  8.96e-01  3.52e+05	21.8155 82.9875 0.3171	
78.213360 293.502550	8.36e-01  9.57e-01  3.31e+05	-2.2099 93.5083 0.4830	
78.213360 293.502550	6.38e-01  8.63e-01  3.70e+05	8.5084 78.0335 0.5787	
78.213360 293.502550	6.56e-01  8.71e-01  3.66e+05	-4.3800 80.0075 0.0296	
78.213360 293.502550	7.00e-01  7.09e-01  3.83e+05	-16.8260 70.3677 0.6975	
78.213360 293.502550	8.17e-01  8.95e-01  3.41e+05	-34.5552 83.0465 0.7982	
78.213360 293.502550	6.93e-01  9.59e-01  3.48e+05	25.8268 83.0709 0.4788	
78.213360 293.502550	6.00e-01  8.00e-01  3.85e+05	8.6007 71.1884 0.5874	
78.213360 293.502550	5.43e-01  8.79e-01  3.82e+05	-20.3463 70.3520 0.3402	
78.213360 293.502550	7.60e-01  9.39e-01  3.42e+05	-1.8279 89.2776 0.3851	
78.213360 293.502550	8.67e-01  8.75e-01  3.37e+05	3.6896 91.2352 0.8581	
78.213360 293.502550	6.66e-01  8.92e-01  3.61e+05	26.8173 77.4843 0.5309	
78.213360 293.502550	5.43e-01  8.74e-01  3.82e+05	6.8854 72.5773 0.2610	
78.213360 293.502550	6.02e-01  8.48e-01  3.77e+05	33.5173 67.2713 0.2808	
78.213360 293.502550	4.86e-01  6.91e-01  4.24e+05	-31.1706 39.1275 0.6536	
78.213360 293.502550	6.64e-01  7.51e-01  3.83e+05	30.4001 66.0829 0.3383	
78.213360 293.502550	6.66e-01  8.92e-01  3.61e+05	17.7860 79.9802 0.9634	
78.213360 293.502550	4.30e-01  7.99e-01  4.14e+05	3.2846 56.2061 0.1970	
78.213360 293.502550	3.31e-01  8.49e-01  4.24e+05	21.8293 45.4611 0.5009	
78.213360 293.502550	6.09e-01  7.22e-01  3.96e+05	-12.7613 64.8795 0.7103	
78.213360 293.502550	6.71e-01  8.21e-01  3.71e+05	23.9981 74.1906 0.8157	
78.213360 293.502550	7.29e-01  9.25e-01  3.48e+05	-9.5659 86.5861 0.3210	
78.213360 293.502550	6.98e-01  8.90e-01  3.57e+05	9.2857 83.1145 0.0865	
78.213360 293.502550	7.79e-01  9.37e-01  3.40e+05	1.7546 90.0867 0.9266	
78.213360 293.502550	7.07e-01  7.72e-01  3.73e+05	-32.8632 69.7566 0.6637	
78.213360 293.502550	7.03e-01  9.07e-01  3.54e+05	-20.7667 82.2884 0.7070	
78.213360 293.502550	5.22e-01  9.67e-01  3.71e+05	-4.8240 77.6124 0.2907	
78.213360 293.502550	6.09e-01  6.50e-01  4.09e+05	22.5986 54.9998 0.8151	
78.213360 293.502550	4.87e-01  7.61e-01  4.11e+05	-5.8824 57.9220 0.8137	
78.213360 293.502550	6.17e-01  7.98e-01  3.83e+05	-29.9121 66.2984 0.8961	
78.213360 293.502550	5.24e-01  7.91e-01  3.99e+05	-12.3925 63.5047 0.2051	
78.213360 293.502550	5.09e-01  8.23e-01  3.96e+05	-24.4704 61.5733 0.2443	
78.213360 293.502550	5.20e-01  7.44e-01  4.08e+05	-20.1074 56.4312 0.4985	
78.213360 293.502550	5.14e-01  7.33e-01  4.11e+05	-17.2840 55.5681 0.6821	
78.213360 293.502550	6.67e-01  8.16e-01  3.72e+05	-18.3867 75.1798 0.8477	
78.213360 293.502550	8.30e-01  8.76e-01  3.41e+05	17.2826 87.9639 0.1227	
78.213360 293.502550	5.83e-01  8.53e-01  3.79e+05	-25.1745 69.8551 0.2965	
78.213360 293.502550	3.89e-01  9.58e-01  3.94e+05	-7.2828 67.1071 0.9328	
78.213360 293.502550	5.18e-01  7.80e-01  4.02e+05	4.4473 63.0212 0.3696	
78.213360 293.502550	5.77e-01  9.13e-01  3.71e+05	-34.7975 69.6265 0.1908	
78.213360 293.502550	5.21e-01  8.52e-01  3.89e+05	-19.0645 66.8887 0.5959	
78.213360 293.502550	5.29e-01  7.94e-01  3.98e+05	28.6438 58.8394 0.4733	
78.213360 293.502550	4.58e-01  7.42e-01  4.20e+05	3.6833 52.8771 0.1903	
78.213360 293.502550	7.03e-01  7.82e-01  3.72e+05	6.1428 77.3373 0.3311	
78.213360 293.502550	6.51e-01  7.48e-01  3.85e+05	25.7281 66.8315 0.2174	
78.213360 293.502550	5.95e-01  9.39e-01  3.65e+05	27.1668 75.8331 0.9560	
78.213360 293.502550	6.53e-01  8.19e-01  3.74e+05	10.2042 76.0001 0.8728	
78.213360 293.502550	6.59e-01  8.77e-01  3.64e+05	19.5475 78.2634 0.8121	
78.213360 293.502550	5.83e-01  8.02e-01  3.87e+05	-0.2944 70.5651 0.0693	
78.213360 293.502550	7.24e-01  9.16e-01  3.50e+05	-9.6123 85.8750 0.9400	
78.213360 293.502550	5.33e-01  7.51e-01  4.05e+05	-16.7369 59.5905 0.6094	
78.213360 293.502550	6.81e-01  9.02e-01  3.58e+05	27.4055 78.7404 0.7746	
78.213360 293.502550	8.00e-01  8.38e-01  3.50e+05	-18.2932 84.3352 0.5207	
78.213360 293.502550	3.98e-01  8.04e-01  4.20e+05	5.2646 52.9133 0.3817	
78.213360 293.502550	6.61e-01  9.00e-01  3.61e+05	23.9419 78.5655 0.3386	
78.213360 293.502550	7.78e-01  9.13e-01  3.43e+05	3.0069 88.8955 0.3721	
78.213360 293.502550	7.43e-01  8.05e-01  3.63e+05	3.8531 81.3270 0.0369	
78.213360 293.502550	6.08e-01  7.42e-01  3.93e+05	-11.6904 66.7390 0.0382	
78.213360 293.502550	7.25e-01  7.36e-01  3.75e+05	28.5053 70.4180 0.6065	
78.213360 293.502550	5.78e-01  7.65e-01  3.94e+05	2.4697 67.0991 0.4900	
78.213360 293.502550	6.09e-01  7.95e-01  3.84e+05	-16.0952 70.0935 0.3072	
78.213360 293.502550	6.89e-01  7.91e-01  3.73e+05	6.4763 76.9447 0.2176	
78.213360 293.502550	5.94e-01  8.27e-01  3.82e+05	21.7251 69.9396 0.0718	
78.213360 293.502550	5.87e-01  9.27e-01  3.68e+05	-5.2966 79.1726 0.1928	
78.213360 293.502550	5.66e-01  7.91e-01  3.92e+05	-6.6758 67.9618 0.5324	
78.213360 293.502550	5.13e-01  7.37e-01  4.11e+05	-11.1359 57.3570 0.8768	
78.213360 293.502550	6.12e-01  8.83e-01  3.70e+05	-6.5225 77.8975 0.1864	
78.213360 293.502550	6.97e-01  7.85e-01  3.72e+05	23.8993 73.5218 0.9994	
78.213360 293.502550	5.56e-01  8.51e-01  3.84e+05	-7.2538 71.7784 0.4070	
78.213360 293.502550	8.08e-01  8.47e-01  3.48e+05	17.5043 85.4313 0.9447	
78.213360 293.502550	6.13e-01  8.44e-01  3.76e+05	-54.8998 52.1531 0.5517	
78.213360 293.502550	6.76e-01  7.56e-01  3.80e+05	8.1517 73.5455 0.4998	
78.213360 293.502550	5.43e-01  6.66e-01  4.18e+05	-29.4007 45.1790 0.6211	
78.213360 293.502550	5.63e-01  9.23e-01  3.72e+05	36.8688 68.2863 0.0365	
78.213360 293.502550	6.48e-01  8.22e-01  3.74e+05	-4.6514 76.4028 0.7793	
78.213360 293.502550	6.52e-01  8.66e-01  3.67e+05	1.4540 79.5598 0.1843	
78.213360 293.502550	6.15e-01  7.66e-01  3.88e+05	5.6445 69.9262 0.7454	
78.213360 293.502550	6.76e-01  9.32e-01  3.54e+05	-17.6623 82.8575 0.0630	
78.213360 293.502550	5.71e-01  8.64e-01  3.79e+05	-13.8152 72.8971 0.9261	
78.213360 293.502550	6.23e-01  7.70e-01  3.86e+05	0.7467 71.0689 0.0271	
78.213360 293.502550	6.56e-01  8.05e-01  3.76e+05	36.4455 66.6065 0.0134	
78.213360 293.502550	6.19e-01  7.88e-01  3.84e+05	-9.2610 71.5754 0.6131	
78.213360 293.502550	5.38e-01  8.33e-01  3.90e+05	-16.7655 67.3603 0.4039	
78.213360 293.502550	7.11e-01  7.68e-01  3.73e+05	6.6929 76.8214 0.8614	
78.213360 293.502550	7.30e-01  8.49e-01  3.58e+05	-0.3683 83.1619 0.3553	
78.213360 293.502550	5.31e-01  7.12e-01  4.12e+05	6.9516 57.4209 0.7337	
78.213360 293.502550	6.43e-01  8.86e-01  3.65e+05	11.0100 79.4992 0.7913	
78.213360 293.502550	7.31e-01  8.50e-01  3.58e+05	-16.1605 81.7012 0.1735	
78.213360 293.502550	7.22e-01  9.59e-01  3.45e+05	16.0937 86.9370 0.6558	
78.213360 293.502550	6.30e-01  9.77e-01  3.54e+05	53.6069 65.5837 0.8089	
78.213360 293.502550	5.52e-01  7.07e-01  4.09e+05	14.5118 57.5666 0.3712	
78.213360 293.502550	7.29e-01  8.60e-01  3.57e+05	11.6625 82.9029 0.7792	
78.213360 293.502550	5.47e-01  7.44e-01  4.03e+05	15.1318 60.7335 0.5331	
78.213360 293.502550	5.36e-01  8.00e-01  3.95e+05	23.2318 62.4223 0.5135	
78.213360 293.502550	3.59e-01  8.15e-01  4.25e+05	-5.7931 49.4076 0.3129	
78.213360 293.502550	5.44e-01  7.25e-01  4.07e+05	6.1820 60.0922 0.1923	
78.213360 293.502550	6.67e-01  7.72e-01  3.79e+05	-3.4035 74.3391 0.1032	
78.213360 293.502550	7.53e-01  7.92e-01  3.63e+05	22.6412 78.0360 0.7430	
78.213360 293.502550	3.85e-01  7.55e-01  4.32e+05	-5.8977 44.4614 0.4172	
78.213360 293.502550	5.66e-01  7.88e-01  3.93e+05	35.0421 58.2824 0.7278	
78.213360 293.502550	6.18e-01  7.99e-01  3.82e+05	4.4603 72.7800 0.3676	
78.213360 293.502550	5.87e-01  8.04e-01  3.86e+05	0.6403 70.9914 0.7734	
78.213360 293.502550	6.51e-01  7.55e-01  3.84e+05	-14.3982 70.6372 0.9830	
78.213360 293.502550	6.47e-01  8.48e-01  3.70e+05	-47.6133 61.9907 0.1740	
78.213360 293.502550	7.56e-01  8.37e-01  3.56e+05	-2.1910 83.9004 0.2569	
78.213360 293.502550	6.19e-01  8.01e-01  3.82e+05	-2.5121 73.0926 0.9492	
78.213360 293.502550	7.81e-01  8.60e-01  3.50e+05	-41.4411 75.8871 0.8591	
78.213360 293.502550	6.34e-01  8.62e-01  3.70e+05	17.3124 76.3283 0.9230	
78.213360 293.502550	4.44e-01  6.94e-01  4.32e+05	4.0029 44.4678 0.6454	
78.213360 293.502550	6.32e-01  7.88e-01  3.82e+05	12.9225 71.9022 0.2865	
78.213360 293.502550	4.88e-01  6.77e-01  4.27e+05	19.5273 44.3683 0.8735	
78.213360 293.502550	5.63e-01  7.45e-01  4.00e+05	16.9722 61.7928 0.9063	
78.213360 293.502550	7.75e-01  8.51e-01  3.52e+05	6.6681 85.4167 0.0997	
78.213360 293.502550	5.74e-01  8.75e-01  3.77e+05	-26.1551 70.3953 0.9623	
78.213360 293.502550	7.11e-01  9.13e-01  3.52e+05	-4.3818 85.4841 0.4708	
78.213360 293.502550	5.63e-01  8.26e-01  3.87e+05	1.7148 70.8074 0.1143	
78.213360 293.502550	3.95e-01  8.66e-01  4.09e+05	20.0672 56.2053 0.5673	
78.213360 293.502550	3.38e-01  9.05e-01  4.12e+05	20.5996 54.0596 0.1466	
78.213360 293.502550	5.01e-01  9.50e-01  3.77e+05	9.5130 74.6843 0.4286	
78.213360 293.502550	4.59e-01  8.01e-01  4.09e+05	24.0567 54.4400 0.9489	
78.213360 293.502550	5.10e-01  7.35e-01  4.12e+05	-15.8369 55.8005 0.2743	
78.213360 293.502550	7.31e-01  8.87e-01  3.53e+05	-26.9495 80.8976 0.2673	
78.213360 293.502550	5.66e-01  8.90e-01  3.76e+05	-2.9546 75.5659 0.4727	
78.213360 293.502550	7.57e-01  9.43e-01  3.42e+05	-5.6913 89.1940 0.5744	
78.213360 293.502550	7.38e-01  8.99e-01  3.50e+05	23.2178 83.0805 0.5615	
78.213360 293.502550	5.39e-01  7.95e-01  3.96e+05	-8.2430 65.9380 0.1465	
78.213360 293.502550	4.45e-01  9.50e-01  3.86e+05	-5.7661 71.0295 0.9070	
78.213360 293.502550	5.81e-01  6.68e-01  4.11e+05	-0.8195 58.3629 0.5604	
78.213360 293.502550	5.41e-01  7.94e-01  3.96e+05	13.9249 65.0150 0.3473	
78.213360 293.502550	5.84e-01  7.25e-01  4.00e+05	-11.0071 63.2315 0.2809	
78.213360 293.502550	6.03e-01  8.72e-01  3.73e+05	-12.6763 75.8440 0.9174	
78.213360 293.502550	6.66e-01  8.52e-01  3.67e+05	-0.0084 79.5959 0.7106	
78.213360 293.502550	6.68e-01  8.14e-01  3.72e+05	-11.6918 76.4425 0.0221	
78.213360 293.502550	5.72e-01  9.23e-01  3.70e+05	17.6179 76.1103 0.4642	
78.213360 293.502550	7.73e-01  8.53e-01  3.52e+05	-1.7113 85.6347 0.1610	
78.213360 293.502550	6.67e-01  9.52e-01  3.53e+05	16.7787 83.6352 0.3301	
78.213360 293.502550	6.15e-01  7.44e-01  3.92e+05	-0.1616 68.4941 0.0186	
78.213360 293.502550	7.24e-01  9.09e-01  3.51e+05	3.8460 85.9911 0.0779	
78.213360 293.502550	5.39e-01  7.61e-01  4.02e+05	-18.5648 60.6735 0.4830	
78.213360 293.502550	7.18e-01  9.00e-01  3.53e+05	-45.7966 71.8764 0.0309	
78.213360 293.502550	6.18e-01  7.88e-01  3.84e+05	6.0045 71.8415 0.0170	
78.213360 293.502550	6.52e-01  8.33e-01  3.72e+05	10.9970 76.7625 0.5842	
78.213360 293.502550	6.18e-01  7.36e-01  3.93e+05	-2.1215 68.0016 0.8730	
78.213360 293.502550	7.88e-01  8.78e-01  3.47e+05	36.3060 79.8525 0.5206	
78.213360 293.502550	5.03e-01  7.74e-01  4.06e+05	7.0771 60.8266 0.6533	
78.213360 293.502550	6.31e-01  8.28e-01  3.76e+05	-22.9375 72.2742 0.2930	
78.213360 293.502550	6.47e-01  8.08e-01  3.76e+05	-0.1729 75.5412 0.6542	
78.213360 293.502550	5.77e-01  8.78e-01  3.76e+05	-15.5902 73.9452 0.8212	
78.213360 293.502550	6.98e-01  7.97e-01  3.70e+05	4.4574 78.0213 0.3117	
78.213360 293.502550	7.50e-01  8.25e-01  3.59e+05	-3.5410 82.8395 0.9245	
78.213360 293.502550	6.33e-01  7.45e-01  3.88e+05	-27.8461 64.2202 0.9485	
78.213360 293.502550	7.33e-01  7.77e-01  3.68e+05	20.4889 76.4138 0.8254	
78.213360 293.502550	6.01e-01  8.20e-01  3.82e+05	21.8581 69.8770 0.4220	
78.213360 293.502550	6.13e-01  7.43e-01  3.92e+05	4.2076 68.0576 0.3920	
78.213360 293.502550	7.61e-01  9.43e-01  3.42e+05	-6.1330 89.3482 0.2622	
78.213360 293.502550	6.22e-01  7.93e-01  3.83e+05	-4.8164 72.6081 0.9872	
78.213360 293.502550	5.70e-01  6.76e-01  4.11e+05	21.7521 53.8270 0.7171	
78.213360 293.502550	5.21e-01  8.10e-01  3.96e+05	18.7888 63.3555 0.2254	
78.213360 293.502550	5.89e-01  6.91e-01  4.05e+05	22.5675 57.2725 0.6398	
78.213360 293.502550	5.50e-01  6.90e-01  4.13e+05	-9.4735 56.5686 0.9710	
78.213360 293.502550	5.36e-01  8.75e-01  3.83e+05	-37.0598 62.2143 0.0780	
78.213360 293.502550	5.03e-01  7.36e-01  4.13e+05	-2.7552 57.2600 0.3769	
78.213360 293.502550	5.09e-01  7.71e-01  4.05e+05	10.2936 60.6432 0.7658	
78.213360 293.502550	6.08e-01  7.81e-01  3.87e+05	-22.4119 67.1427 0.0383	
78.213360 293.502550	6.17e-01  8.44e-01  3.75e+05	14.0790 74.6501 0.0013	
78.213360 293.502550	5.47e-01  8.60e-01  3.84e+05	13.1336 70.9366 0.2634	
78.213360 293.502550	6.82e-01  8.41e-01  3.66e+05	13.7928 78.7191 0.9390	
78.213360 293.502550	9.02e-01  9.42e-01  3.25e+05	-19.3974 93.6123 0.0875	
78.213360 293.502550	4.60e-01  8.30e-01  4.03e+05	-5.2912 62.2231 0.8210	
78.213360 293.502550	6.93e-01  8.16e-01  3.68e+05	7.8949 78.6561 0.7053	
78.213360 293.502550	4.62e-01  6.39e-01  4.40e+05	1.0326 38.4018 0.7547	
78.213360 293.502550	5.88e-01  8.18e-01  3.84e+05	35.3188 62.9099 0.7786	
78.213360 293.502550	6.85e-01  8.49e-01  3.65e+05	10.7926 79.7894 0.7510	
78.213360 293.502550	5.64e-01  8.25e-01  3.87e+05	-11.8834 69.8087 0.1410	
78.213360 293.502550	6.51e-01  7.76e-01  3.81e+05	36.2426 64.0350 0.8581	
78.213360 293.502550	5.49e-01  6.93e-01  4.12e+05	-13.2130 56.1246 0.9539	
78.213360 293.502550	5.43e-01  9.02e-01  3.78e+05	-27.7924 69.5241 0.5703	
78.213360 293.502550	6.24e-01  9.25e-01  3.63e+05	13.4819 80.2989 0.2900	
78.213360 293.502550	5.84e-01  8.73e-01  3.76e+05	-16.7791 73.7788 0.7495	
78.213360 293.502550	6.46e-01  6.77e-01  3.98e+05	5.8944 65.2510 0.0483	
78.213360 293.502550	6.48e-01  8.56e-01  3.69e+05	-14.5908 77.3528 0.3787	
78.213360 293.502550	7.46e-01  8.36e-01  3.58e+05	27.7970 78.5666 0.3955	
78.213360 293.502550	7.12e-01  9.02e-01  3.53e+05	28.6018 80.1059 0.7273	
78.213360 293.502550	5.15e-01  9.11e-01  3.81e+05	-5.9908 73.3321 0.3230	
78.213360 293.502550	6.31e-01  9.28e-01  3.61e+05	42.5273 70.1362 0.6493	
78.213360 293.502550	6.83e-01  8.98e-01  3.58e+05	-32.8032 76.5053 0.0984	
78.213360 293.502550	5.94e-01  7.19e-01  3.99e+05	-0.6969 64.5921 0.3286	
78.213360 293.502550	4.87e-01  7.28e-01  4.17e+05	-13.8623 52.9041 0.4565	
78.213360 293.502550	5.66e-01  6.67e-01  4.14e+05	-26.5900 49.9978 0.8307	
78.213360 293.502550	6.71e-01  8.91e-01  3.61e+05	-21.7105 79.2404 0.6411	
78.213360 293.502550	6.53e-01  8.64e-01  3.67e+05	7.2894 79.1890 0.3792	
78.213360 293.502550	6.38e-01  7.47e-01  3.87e+05	15.5012 68.7889 0.4850	
78.213360 293.502550	8.39e-01  9.87e-01  3.27e+05	3.8430 94.7841 0.4091	
78.213360 293.502550	5.33e-01  6.67e-01  4.20e+05	-9.0015 52.2171 0.7453	
78.213360 293.502550	6.87e-01  8.57e-01  3.63e+05	-5.5545 80.9485 0.5554	
78.213360 293.502550	8.00e-01  9.36e-01  3.38e+05	-17.9546 89.2393 0.5426	
78.213360 293.502550	5.13e-01  8.48e-01  3.91e+05	-3.0685 68.5627 0.1018	
78.213360 293.502550	5.96e-01  7.76e-01  3.90e+05	-6.9409 69.1125 0.5225	
78.213360 293.502550	6.57e-01  8.25e-01  3.72e+05	-11.2701 76.5257 0.8388	
78.213360 293.502550	5.88e-01  7.56e-01  3.94e+05	-9.5366 66.5533 0.7066	
78.213360 293.502550	5.13e-01  6.00e-01  4.37e+05	-10.6151 39.2498 0.5420	
78.213360 293.502550	4.86e-01  9.12e-01  3.85e+05	17.1364 69.4233 0.5817	
78.213360 293.502550	6.91e-01  9.35e-01  3.52e+05	2.2452 85.7005 0.8006	
78.213360 293.502550	8.77e-01  9.04e-01  3.32e+05	27.9914 88.6865 0.6546	
78.213360 293.502550	5.99e-01  8.76e-01  3.73e+05	7.3431 76.4817 0.9750	
78.213360 293.502550	7.85e-01  8.99e-01  3.44e+05	-22.9494 85.5709 0.3473	
78.213360 293.502550	6.39e-01  7.88e-01  3.81e+05	-30.1410 67.1295 0.0833	
