66.326913 299.611578	7.15e-01  9.09e-01  3.22e+05	-0.0000 95.4672 0.5051	
66.326913 299.611578	6.03e-01  8.69e-01  3.41e+05	5.7021 85.3334 0.8565	
66.326913 299.611578	5.01e-01  7.96e-01  3.67e+05	0.9347 70.4594 0.8024	
66.326913 299.611578	5.26e-01  8.63e-01  3.53e+05	0.3623 79.0160 0.1077	
66.326913 299.611578	6.73e-01  8.47e-01  3.35e+05	61.1786 64.6383 0.7423	
66.326913 299.611578	6.87e-01  8.17e-01  3.37e+05	-37.1263 79.6054 0.6422	
66.326913 299.611578	5.38e-01  5.86e-01  3.97e+05	16.3611 44.3386 0.1605	
66.326913 299.611578	7.77e-01  9.02e-01  3.15e+05	13.2924 97.6719 0.9865	
66.326913 299.611578	6.15e-01  6.32e-01  3.76e+05	-4.8816 64.6906 0.7793	
66.326913 299.611578	6.36e-01  8.54e-01  3.39e+05	2.2441 86.8218 0.3845	
66.326913 299.611578	7.53e-01  8.62e-01  3.23e+05	-7.8004 94.6364 0.9161	
66.326913 299.611578	4.87e-01  9.13e-01  3.52e+05	28.5141 74.6942 0.8984	
66.326913 299.611578	6.12e-01  9.02e-01  3.36e+05	40.3970 78.7811 0.8073	
66.326913 299.611578	5.89e-01  6.80e-01  3.72e+05	11.2057 66.4382 0.5691	
66.326913 299.611578	4.36e-01  8.30e-01  3.72e+05	24.4753 62.5679 0.5442	
66.326913 299.611578	5.24e-01  7.32e-01  3.74e+05	32.6918 57.3188 0.8220	
66.326913 299.611578	4.41e-01  7.10e-01  3.92e+05	24.1153 46.0138 0.1250	
66.326913 299.611578	4.93e-01  8.74e-01  3.57e+05	23.9950 73.2123 0.0559	
66.326913 299.611578	5.59e-01  6.61e-01  3.80e+05	-8.8807 60.9758 0.4664	
66.326913 299.611578	5.03e-01  7.72e-01  3.71e+05	-21.4401 64.6222 0.4880	
66.326913 299.611578	6.12e-01  7.68e-01  3.55e+05	-37.0194 68.9414 0.3838	
66.326913 299.611578	6.81e-01  8.44e-01  3.34e+05	15.3189 88.0078 0.3072	
66.326913 299.611578	4.00e-01  8.74e-01  3.71e+05	-18.3151 65.5091 0.0972	
66.326913 299.611578	5.86e-01  7.79e-01  3.57e+05	-32.1878 69.8108 0.6147	
66.326913 299.611578	6.15e-01  8.66e-01  3.40e+05	35.3869 78.6007 0.6885	
66.326913 299.611578	7.23e-01  9.08e-01  3.21e+05	10.9789 95.2493 0.9524	
66.326913 299.611578	6.11e-01  8.04e-01  3.49e+05	26.6458 76.7186 0.8493	
66.326913 299.611578	4.80e-01  8.55e-01  3.61e+05	14.4446 72.7892 0.7350	
66.326913 299.611578	7.53e-01  9.10e-01  3.17e+05	-15.2226 96.4924 0.9760	
66.326913 299.611578	5.55e-01  6.81e-01  3.77e+05	32.0086 55.0399 0.5288	
66.326913 299.611578	6.86e-01  8.83e-01  3.28e+05	8.7924 91.7508 0.0765	
66.326913 299.611578	5.50e-01  8.05e-01  3.58e+05	13.5657 74.7409 0.2923	
66.326913 299.611578	7.09e-01  7.81e-01  3.39e+05	-33.1364 80.3153 0.5667	
66.326913 299.611578	3.34e-01  9.91e-01  3.63e+05	-27.2400 68.0071 0.5328	
66.326913 299.611578	6.06e-01  7.84e-01  3.53e+05	33.1354 71.8086 0.6336	
66.326913 299.611578	5.16e-01  9.24e-01  3.46e+05	-48.0156 67.8741 0.4805	
66.326913 299.611578	5.02e-01  7.20e-01  3.80e+05	-11.2409 60.9032 0.0014	
66.326913 299.611578	6.29e-01  8.29e-01  3.43e+05	21.7751 81.6552 0.3965	
66.326913 299.611578	5.13e-01  7.94e-01  3.66e+05	-1.5487 71.4084 0.3650	
66.326913 299.611578	5.67e-01  8.13e-01  3.55e+05	21.0044 75.3853 0.2641	
66.326913 299.611578	4.32e-01  7.38e-01  3.89e+05	-8.1457 54.1601 0.0684	
66.326913 299.611578	5.67e-01  8.98e-01  3.42e+05	-12.5427 84.1464 0.9369	
66.326913 299.611578	6.04e-01  7.51e-01  3.58e+05	29.3008 70.1725 0.1934	
66.326913 299.611578	4.72e-01  7.72e-01  3.76e+05	-12.2046 63.3014 0.9379	
66.326913 299.611578	6.28e-01  6.75e-01  3.66e+05	34.8213 61.9161 0.6238	
66.326913 299.611578	5.93e-01  7.51e-01  3.60e+05	-6.4183 74.7445 0.2004	
66.326913 299.611578	6.15e-01  7.42e-01  3.58e+05	22.0323 72.9489 0.3082	
66.326913 299.611578	7.53e-01  8.63e-01  3.22e+05	2.9690 95.0170 0.1465	
66.326913 299.611578	5.16e-01  9.06e-01  3.48e+05	43.6136 69.1755 0.2065	
66.326913 299.611578	6.56e-01  8.57e-01  3.36e+05	7.1542 88.2155 0.6682	
66.326913 299.611578	4.95e-01  7.85e-01  3.70e+05	-10.8412 67.6719 0.8219	
66.326913 299.611578	5.70e-01  6.87e-01  3.74e+05	-21.2864 62.5871 0.3882	
66.326913 299.611578	6.33e-01  6.54e-01  3.69e+05	-6.4106 69.0731 0.2070	
66.326913 299.611578	5.27e-01  7.80e-01  3.66e+05	-45.4046 55.1225 0.4109	
66.326913 299.611578	5.51e-01  9.32e-01  3.40e+05	-0.5512 86.3651 0.9745	
66.326913 299.611578	5.32e-01  7.78e-01  3.65e+05	-7.6844 71.2571 0.7061	
66.326913 299.611578	5.69e-01  7.54e-01  3.63e+05	-35.1926 63.9467 0.8370	
66.326913 299.611578	6.00e-01  8.00e-01  3.52e+05	-26.0425 75.5745 0.7989	
66.326913 299.611578	6.49e-01  7.28e-01  3.55e+05	-8.3275 77.5256 0.7094	
66.326913 299.611578	5.53e-01  9.83e-01  3.33e+05	12.0827 89.2186 0.4823	
66.326913 299.611578	5.35e-01  9.34e-01  3.42e+05	11.8910 84.5706 0.1053	
66.326913 299.611578	3.89e-01  9.23e-01  3.65e+05	-1.1701 71.9592 0.9748	
66.326913 299.611578	6.74e-01  8.73e-01  3.31e+05	35.5043 83.5296 0.6586	
66.326913 299.611578	6.42e-01  6.67e-01  3.66e+05	18.1530 69.2182 0.8236	
66.326913 299.611578	7.24e-01  8.98e-01  3.22e+05	-59.0330 74.9655 0.0632	
66.326913 299.611578	6.74e-01  8.97e-01  3.28e+05	-0.1669 92.3064 0.6139	
66.326913 299.611578	7.59e-01  8.24e-01  3.27e+05	-30.4841 87.8723 0.6319	
66.326913 299.611578	4.50e-01  8.24e-01  3.71e+05	-4.6042 67.8525 0.3009	
66.326913 299.611578	5.83e-01  7.34e-01  3.64e+05	-6.1691 72.1539 0.6503	
66.326913 299.611578	5.27e-01  7.96e-01  3.63e+05	-11.1803 72.1877 0.6167	
66.326913 299.611578	6.35e-01  8.31e-01  3.42e+05	5.5589 84.9449 0.7891	
66.326913 299.611578	7.55e-01  9.16e-01  3.16e+05	28.9659 93.7886 0.1034	
66.326913 299.611578	5.16e-01  8.23e-01  3.61e+05	47.9837 57.0822 0.7861	
66.326913 299.611578	6.83e-01  8.13e-01  3.38e+05	12.0889 86.4200 0.9157	
66.326913 299.611578	5.00e-01  9.11e-01  3.50e+05	47.3617 65.5843 0.2924	
66.326913 299.611578	6.18e-01  8.17e-01  3.47e+05	16.1323 81.1616 0.2150	
66.326913 299.611578	6.15e-01  8.01e-01  3.49e+05	39.9420 70.7464 0.1051	
66.326913 299.611578	6.50e-01  7.79e-01  3.47e+05	-6.9160 82.0588 0.3215	
66.326913 299.611578	6.29e-01  8.08e-01  3.46e+05	47.8419 67.7050 0.4314	
66.326913 299.611578	6.35e-01  8.18e-01  3.44e+05	-11.0295 83.4857 0.2540	
66.326913 299.611578	5.55e-01  8.19e-01  3.55e+05	24.4374 73.7899 0.9816	
66.326913 299.611578	6.17e-01  8.84e-01  3.37e+05	12.0336 86.7836 0.2536	
66.326913 299.611578	4.91e-01  7.85e-01  3.71e+05	30.4103 61.0391 0.6056	
66.326913 299.611578	5.75e-01  7.06e-01  3.70e+05	-17.1931 66.6462 0.8777	
66.326913 299.611578	6.65e-01  8.31e-01  3.38e+05	24.3575 83.8566 0.7332	
66.326913 299.611578	6.83e-01  8.71e-01  3.30e+05	-76.5093 49.6487 0.5490	
66.326913 299.611578	4.59e-01  9.52e-01  3.50e+05	-46.9227 65.8829 0.4346	
66.326913 299.611578	6.48e-01  7.89e-01  3.46e+05	-69.1327 45.7842 0.1067	
66.326913 299.611578	5.20e-01  7.77e-01  3.67e+05	-7.9908 70.0130 0.8579	
66.326913 299.611578	4.71e-01  8.61e-01  3.62e+05	-1.7536 73.8264 0.2265	
66.326913 299.611578	6.08e-01  8.27e-01  3.46e+05	-23.8518 79.2929 0.5870	
66.326913 299.611578	8.25e-01  9.37e-01  3.06e+05	-1.7589 102.8299 0.3087	
66.326913 299.611578	5.62e-01  7.81e-01  3.60e+05	-20.1456 72.1784 0.1814	
66.326913 299.611578	5.08e-01  7.65e-01  3.71e+05	29.8308 60.9611 0.7191	
66.326913 299.611578	4.55e-01  6.97e-01  3.92e+05	-8.0857 51.4363 0.6035	
66.326913 299.611578	6.48e-01  7.14e-01  3.57e+05	-1.9081 76.7151 0.2216	
66.326913 299.611578	6.14e-01  7.05e-01  3.64e+05	-34.8284 63.7311 0.9627	
66.326913 299.611578	5.10e-01  8.56e-01  3.57e+05	31.1086 70.5358 0.7718	
66.326913 299.611578	4.62e-01  9.10e-01  3.56e+05	-13.5067 76.3519 0.3700	
66.326913 299.611578	5.80e-01  6.68e-01  3.75e+05	-4.6619 64.8835 0.2930	
66.326913 299.611578	6.18e-01  7.22e-01  3.61e+05	14.0446 73.2859 0.3647	
66.326913 299.611578	4.60e-01  7.23e-01  3.87e+05	26.3144 50.2219 0.5400	
66.326913 299.611578	4.94e-01  7.20e-01  3.81e+05	-6.4730 60.5730 0.3190	
66.326913 299.611578	4.91e-01  8.67e-01  3.58e+05	5.0958 76.1398 0.8062	
66.326913 299.611578	6.70e-01  8.00e-01  3.42e+05	6.9846 85.1091 0.2481	
66.326913 299.611578	7.67e-01  8.77e-01  3.19e+05	28.6448 92.2950 0.7420	
66.326913 299.611578	8.14e-01  9.28e-01  3.08e+05	-30.4024 97.2103 0.4716	
66.326913 299.611578	7.71e-01  8.70e-01  3.19e+05	31.8411 91.0759 0.1340	
66.326913 299.611578	4.40e-01  8.06e-01  3.76e+05	25.9085 59.4681 0.4835	
66.326913 299.611578	8.09e-01  9.36e-01  3.07e+05	19.3428 100.1431 0.8105	
66.326913 299.611578	5.80e-01  7.47e-01  3.63e+05	35.9827 63.9689 0.4940	
66.326913 299.611578	5.00e-01  6.94e-01  3.85e+05	-14.6371 56.3540 0.6310	
66.326913 299.611578	5.55e-01  6.78e-01  3.78e+05	-20.2833 59.9137 0.3964	
66.326913 299.611578	5.64e-01  8.13e-01  3.55e+05	24.2314 74.1409 0.3172	
66.326913 299.611578	4.87e-01  8.12e-01  3.67e+05	-1.9889 70.6383 0.5009	
66.326913 299.611578	4.50e-01  7.84e-01  3.78e+05	20.0976 60.0822 0.9997	
66.326913 299.611578	7.26e-01  9.02e-01  3.21e+05	-43.1365 85.4488 0.5399	
66.326913 299.611578	6.17e-01  8.15e-01  3.47e+05	-1.7121 82.5457 0.2756	
66.326913 299.611578	6.71e-01  7.82e-01  3.44e+05	10.8855 83.4745 0.9304	
66.326913 299.611578	7.42e-01  7.92e-01  3.33e+05	1.1707 89.8752 0.2473	
66.326913 299.611578	5.46e-01  7.84e-01  3.62e+05	-3.3955 73.5736 0.5148	
66.326913 299.611578	6.03e-01  7.10e-01  3.65e+05	-47.9019 53.8514 0.5232	
66.326913 299.611578	4.02e-01  8.97e-01  3.67e+05	-0.4902 70.6199 0.5685	
66.326913 299.611578	7.02e-01  9.51e-01  3.18e+05	6.8733 96.9632 0.4039	
66.326913 299.611578	5.14e-01  7.67e-01  3.70e+05	1.0385 68.7286 0.0015	
66.326913 299.611578	6.52e-01  7.23e-01  3.55e+05	-4.1894 77.7027 0.7347	
66.326913 299.611578	8.33e-01  8.72e-01  3.12e+05	-1.1204 100.0038 0.9324	
66.326913 299.611578	6.80e-01  9.17e-01  3.25e+05	22.9387 91.1048 0.1270	
66.326913 299.611578	4.78e-01  7.14e-01  3.85e+05	-31.6909 48.5026 0.4998	
66.326913 299.611578	6.07e-01  7.08e-01  3.64e+05	-58.0139 43.1184 0.5474	
66.326913 299.611578	5.03e-01  8.00e-01  3.66e+05	25.9492 66.1129 0.5548	
66.326913 299.611578	6.24e-01  7.56e-01  3.54e+05	-18.9682 75.9314 0.4159	
66.326913 299.611578	6.20e-01  8.67e-01  3.39e+05	47.1183 72.7797 0.6100	
66.326913 299.611578	6.65e-01  9.06e-01  3.28e+05	0.7345 92.2577 0.8760	
66.326913 299.611578	6.04e-01  6.92e-01  3.67e+05	12.2582 69.2376 0.0896	
66.326913 299.611578	4.17e-01  8.30e-01  3.75e+05	13.3505 63.6232 0.1174	
66.326913 299.611578	6.53e-01  9.19e-01  3.28e+05	37.7291 84.2886 0.3905	
66.326913 299.611578	5.02e-01  9.14e-01  3.49e+05	-8.8360 80.7737 0.5882	
66.326913 299.611578	6.88e-01  7.85e-01  3.41e+05	26.4407 81.4544 0.8420	
66.326913 299.611578	4.99e-01  8.50e-01  3.59e+05	-23.1607 71.8152 0.5073	
66.326913 299.611578	6.89e-01  8.45e-01  3.33e+05	6.1618 89.7272 0.7559	
66.326913 299.611578	4.79e-01  9.15e-01  3.52e+05	-40.4240 68.4441 0.5870	
66.326913 299.611578	5.89e-01  9.28e-01  3.35e+05	-33.5481 82.1573 0.4367	
66.326913 299.611578	6.26e-01  8.02e-01  3.48e+05	-10.5689 81.5017 0.6622	
66.326913 299.611578	7.98e-01  8.57e-01  3.18e+05	20.4934 95.0472 0.5084	
66.326913 299.611578	6.66e-01  7.65e-01  3.47e+05	15.9279 80.9642 0.8514	
66.326913 299.611578	6.64e-01  9.14e-01  3.27e+05	14.1546 91.6531 0.7509	
66.326913 299.611578	5.38e-01  8.68e-01  3.51e+05	-39.6029 70.0264 0.8763	
66.326913 299.611578	5.76e-01  7.02e-01  3.70e+05	0.6193 68.3471 0.9308	
66.326913 299.611578	5.26e-01  8.59e-01  3.54e+05	2.2298 78.6089 0.7421	
66.326913 299.611578	6.18e-01  7.87e-01  3.51e+05	-12.6700 79.3292 0.0318	
66.326913 299.611578	6.72e-01  9.32e-01  3.24e+05	33.4486 88.1868 0.8740	
66.326913 299.611578	7.70e-01  8.63e-01  3.20e+05	6.3828 95.8068 0.1712	
66.326913 299.611578	5.75e-01  8.37e-01  3.50e+05	17.3983 79.0672 0.7396	
66.326913 299.611578	6.41e-01  7.88e-01  3.47e+05	10.3478 81.6063 0.3034	
66.326913 299.611578	4.11e-01  7.44e-01  3.92e+05	25.3537 45.8748 0.6275	
66.326913 299.611578	4.83e-01  9.15e-01  3.52e+05	24.7568 75.8592 0.4490	
66.326913 299.611578	4.66e-01  7.75e-01  3.77e+05	0.8762 64.2047 0.4441	
66.326913 299.611578	7.11e-01  8.97e-01  3.24e+05	-4.0748 94.4738 0.9986	
66.326913 299.611578	4.99e-01  7.27e-01  3.79e+05	-29.7049 54.8871 0.9467	
66.326913 299.611578	6.68e-01  8.38e-01  3.37e+05	42.4532 77.0766 0.7640	
66.326913 299.611578	4.77e-01  7.12e-01  3.85e+05	-20.4468 53.8108 0.7874	
66.326913 299.611578	7.51e-01  7.92e-01  3.32e+05	-8.8055 90.0687 0.6756	
66.326913 299.611578	6.00e-01  7.58e-01  3.58e+05	-23.1755 72.7498 0.7016	
66.326913 299.611578	5.30e-01  7.35e-01  3.73e+05	-19.4312 64.1160 0.2125	
66.326913 299.611578	4.62e-01  8.92e-01  3.58e+05	-42.0632 63.2948 0.9485	
66.326913 299.611578	6.06e-01  7.63e-01  3.56e+05	-11.5294 76.4739 0.0117	
66.326913 299.611578	6.30e-01  8.27e-01  3.43e+05	14.7582 83.1888 0.8687	
66.326913 299.611578	5.83e-01  7.67e-01  3.59e+05	-18.1208 73.3380 0.0611	
66.326913 299.611578	5.49e-01  7.50e-01  3.67e+05	31.0946 63.3978 0.7084	
66.326913 299.611578	4.69e-01  8.24e-01  3.68e+05	12.2634 68.8798 0.9721	
66.326913 299.611578	6.72e-01  8.19e-01  3.39e+05	-22.9230 83.8384 0.6991	
66.326913 299.611578	6.70e-01  7.55e-01  3.48e+05	-25.4152 77.9832 0.5408	
66.326913 299.611578	7.28e-01  9.30e-01  3.17e+05	-3.4461 97.3635 0.7040	
66.326913 299.611578	7.21e-01  8.51e-01  3.28e+05	-11.7866 91.6403 0.7536	
66.326913 299.611578	5.09e-01  8.73e-01  3.54e+05	-46.9797 62.8309 0.9900	
66.326913 299.611578	5.99e-01  7.06e-01  3.66e+05	-29.4915 64.7927 0.9522	
66.326913 299.611578	4.91e-01  9.06e-01  3.52e+05	20.0059 77.0823 0.1361	
66.326913 299.611578	6.43e-01  9.08e-01  3.31e+05	-16.0565 89.6136 0.6648	
66.326913 299.611578	5.68e-01  8.72e-01  3.46e+05	8.6791 82.6546 0.5474	
66.326913 299.611578	5.69e-01  7.23e-01  3.68e+05	-23.7043 65.7587 0.0686	
66.326913 299.611578	5.58e-01  7.94e-01  3.59e+05	48.1341 58.4916 0.7121	
66.326913 299.611578	4.86e-01  8.75e-01  3.57e+05	24.6138 72.4717 0.4483	
66.326913 299.611578	6.82e-01  8.09e-01  3.39e+05	-11.9482 86.1052 0.3363	
66.326913 299.611578	3.77e-01  8.72e-01  3.75e+05	-2.6700 65.0737 0.8268	
66.326913 299.611578	5.78e-01  8.02e-01  3.55e+05	22.1234 75.0490 0.9543	
66.326913 299.611578	8.71e-01  9.96e-01  2.94e+05	-8.8536 107.3185 0.7071	
66.326913 299.611578	3.65e-01  8.74e-01  3.77e+05	-22.6319 59.9675 0.1910	
66.326913 299.611578	6.15e-01  9.24e-01  3.32e+05	-33.3598 83.8077 0.7851	
66.326913 299.611578	6.50e-01  7.33e-01  3.54e+05	0.5850 78.5126 0.5762	
66.326913 299.611578	4.84e-01  8.98e-01  3.54e+05	33.6834 70.7547 0.4382	
66.326913 299.611578	5.62e-01  8.23e-01  3.54e+05	-0.0412 78.6736 0.6855	
66.326913 299.611578	4.64e-01  8.57e-01  3.64e+05	23.8462 68.8162 0.8071	
66.326913 299.611578	5.38e-01  7.56e-01  3.68e+05	6.3332 69.8502 0.7907	
66.326913 299.611578	6.89e-01  7.30e-01  3.49e+05	-46.6330 66.8401 0.9882	
66.326913 299.611578	6.13e-01  9.05e-01  3.35e+05	-11.3015 88.1020 0.6056	
66.326913 299.611578	7.21e-01  9.35e-01  3.18e+05	-51.1043 82.7767 0.9957	
66.326913 299.611578	5.72e-01  6.46e-01  3.80e+05	14.0771 59.7862 0.8806	
66.326913 299.611578	5.05e-01  7.16e-01  3.80e+05	-8.6447 61.2033 0.9577	
66.326913 299.611578	6.36e-01  8.75e-01  3.36e+05	39.9290 78.8060 0.4508	
66.326913 299.611578	6.31e-01  8.98e-01  3.34e+05	-9.5229 89.0658 0.8878	
66.326913 299.611578	5.66e-01  8.65e-01  3.47e+05	-7.3790 82.1019 0.7623	
66.326913 299.611578	5.66e-01  7.87e-01  3.59e+05	-24.9026 71.6928 0.8533	
66.326913 299.611578	5.68e-01  9.66e-01  3.33e+05	-22.8582 86.9669 0.8874	
66.326913 299.611578	4.96e-01  6.04e-01  4.02e+05	-15.7731 39.7405 0.1829	
66.326913 299.611578	6.04e-01  8.05e-01  3.50e+05	-15.4632 79.1628 0.8914	
66.326913 299.611578	5.61e-01  8.70e-01  3.47e+05	-16.3963 80.8207 0.9376	
66.326913 299.611578	7.90e-01  8.70e-01  3.17e+05	16.7912 96.1069 0.6956	
66.326913 299.611578	5.33e-01  8.33e-01  3.57e+05	26.9038 72.1724 0.4727	
66.326913 299.611578	7.46e-01  8.21e-01  3.29e+05	45.4248 80.0276 0.6185	
66.326913 299.611578	5.93e-01  8.19e-01  3.50e+05	-48.5550 64.7987 0.6377	
66.326913 299.611578	6.35e-01  9.44e-01  3.27e+05	-8.4387 92.3975 0.2783	
66.326913 299.611578	3.98e-01  8.93e-01  3.68e+05	26.8558 64.4704 0.9172	
66.326913 299.611578	7.15e-01  9.29e-01  3.19e+05	2.2279 96.6292 0.5167	
66.326913 299.611578	6.16e-01  9.13e-01  3.34e+05	25.2883 85.9202 0.9353	
66.326913 299.611578	5.29e-01  8.50e-01  3.55e+05	38.2507 68.1898 0.7862	
66.326913 299.611578	5.84e-01  8.99e-01  3.40e+05	39.8904 76.5706 0.8536	
66.326913 299.611578	5.35e-01  8.10e-01  3.60e+05	14.7929 73.6409 0.4653	
66.326913 299.611578	3.86e-01  8.93e-01  3.70e+05	24.4311 63.9612 0.5514	
66.326913 299.611578	6.19e-01  8.42e-01  3.43e+05	-27.5607 80.0823 0.6597	
66.326913 299.611578	5.93e-01  7.71e-01  3.57e+05	-0.3856 76.9128 0.8385	
66.326913 299.611578	6.75e-01  9.18e-01  3.25e+05	-4.6681 93.5450 0.6888	
66.326913 299.611578	5.42e-01  7.75e-01  3.64e+05	-17.3561 70.2979 0.8278	
66.326913 299.611578	7.25e-01  9.11e-01  3.20e+05	-4.9545 96.0782 0.1787	
66.326913 299.611578	4.99e-01  8.19e-01  3.64e+05	54.9029 47.3395 0.8327	
66.326913 299.611578	5.70e-01  7.91e-01  3.57e+05	-35.3138 67.9708 0.4803	
66.326913 299.611578	6.38e-01  8.49e-01  3.39e+05	-29.3922 81.5024 0.8613	
66.326913 299.611578	5.90e-01  8.98e-01  3.39e+05	-18.5683 84.7133 0.9891	
66.326913 299.611578	6.85e-01  9.03e-01  3.26e+05	-36.3450 85.9701 0.6273	
66.326913 299.611578	5.10e-01  8.01e-01  3.65e+05	-19.7208 69.0885 0.8002	
66.326913 299.611578	4.59e-01  8.76e-01  3.61e+05	23.4149 70.4067 0.4208	
66.326913 299.611578	4.00e-01  7.89e-01  3.85e+05	18.5791 54.4502 0.9280	
66.326913 299.611578	7.30e-01  8.94e-01  3.21e+05	7.4285 95.2410 0.8554	
66.326913 299.611578	6.84e-01  8.19e-01  3.37e+05	-14.9623 86.4974 0.1130	
66.326913 299.611578	5.55e-01  8.31e-01  3.54e+05	12.0202 77.8366 0.9596	
66.326913 299.611578	4.48e-01  7.75e-01  3.80e+05	-6.8129 61.6712 0.7594	
66.326913 299.611578	5.15e-01  9.25e-01  3.46e+05	25.1021 79.2652 0.6876	
66.326913 299.611578	4.67e-01  7.98e-01  3.73e+05	34.4474 57.4431 0.8666	
66.326913 299.611578	6.18e-01  6.82e-01  3.67e+05	-9.9022 69.9935 0.4882	
66.326913 299.611578	5.33e-01  8.20e-01  3.59e+05	17.3686 73.8628 0.9142	
66.326913 299.611578	5.15e-01  8.30e-01  3.60e+05	17.3376 73.0601 0.1036	
66.326913 299.611578	6.30e-01  9.38e-01  3.29e+05	26.5391 88.1728 0.5162	
66.326913 299.611578	5.77e-01  8.55e-01  3.47e+05	-29.6564 77.0111 0.3257	
66.326913 299.611578	5.42e-01  7.17e-01  3.73e+05	12.1143 65.2302 0.4082	
66.326913 299.611578	5.38e-01  8.60e-01  3.52e+05	-41.4730 68.1474 0.2928	
66.326913 299.611578	4.31e-01  8.43e-01  3.71e+05	-7.9307 67.4594 0.4065	
66.326913 299.611578	6.64e-01  7.35e-01  3.52e+05	-3.8012 79.7958 0.5638	
66.326913 299.611578	4.37e-01  8.27e-01  3.73e+05	2.4013 66.7623 0.8976	
66.326913 299.611578	6.14e-01  7.77e-01  3.53e+05	-3.4716 79.1122 0.7892	
66.326913 299.611578	4.44e-01  8.36e-01  3.70e+05	17.9969 66.2610 0.5130	
66.326913 299.611578	5.33e-01  7.98e-01  3.62e+05	-11.8304 72.8726 0.8785	
66.326913 299.611578	6.13e-01  9.63e-01  3.28e+05	7.4523 92.2756 0.3594	
66.326913 299.611578	6.46e-01  7.58e-01  3.51e+05	-14.4561 79.0203 0.7159	
66.326913 299.611578	5.88e-01  7.27e-01  3.64e+05	-12.1194 71.2088 0.7349	
66.326913 299.611578	4.44e-01  8.18e-01  3.73e+05	-22.1118 62.8607 0.7509	
66.326913 299.611578	4.82e-01  8.15e-01  3.67e+05	-21.2045 67.0788 0.1355	
66.326913 299.611578	4.88e-01  7.78e-01  3.72e+05	-0.8198 67.0679 0.1774	
66.326913 299.611578	7.42e-01  7.88e-01  3.34e+05	21.4682 87.0062 0.3032	
66.326913 299.611578	6.70e-01  8.45e-01  3.36e+05	21.3187 86.0094 0.1957	
66.326913 299.611578	4.39e-01  7.29e-01  3.89e+05	-7.8115 54.0450 0.9396	
66.326913 299.611578	7.03e-01  9.75e-01  3.15e+05	-25.7320 95.1076 0.7524	
66.326913 299.611578	6.12e-01  6.91e-01  3.66e+05	-5.8534 70.7869 0.3219	
66.326913 299.611578	5.85e-01  8.02e-01  3.53e+05	34.0939 71.1041 0.2824	
66.326913 299.611578	5.97e-01  6.94e-01  3.68e+05	-12.1071 68.7458 0.6675	
66.326913 299.611578	5.77e-01  9.32e-01  3.36e+05	1.8434 88.1776 0.0205	
66.326913 299.611578	5.40e-01  8.22e-01  3.57e+05	11.6454 75.7716 0.5432	
66.326913 299.611578	6.42e-01  8.55e-01  3.38e+05	-24.2271 83.9118 0.7319	
66.326913 299.611578	5.50e-01  6.97e-01  3.76e+05	7.5830 64.4716 0.2670	
66.326913 299.611578	5.00e-01  7.04e-01  3.83e+05	35.1743 48.0605 0.4726	
66.326913 299.611578	3.64e-01  8.05e-01  3.89e+05	10.5604 53.6552 0.2864	
66.326913 299.611578	5.28e-01  7.70e-01  3.67e+05	43.8930 55.1139 0.2980	
66.326913 299.611578	5.52e-01  7.71e-01  3.63e+05	7.5890 72.6087 0.2843	
66.326913 299.611578	7.39e-01  8.49e-01  3.26e+05	18.6075 91.4882 0.2849	
66.326913 299.611578	6.72e-01  9.19e-01  3.26e+05	0.9258 93.5269 0.8528	
66.326913 299.611578	7.84e-01  9.40e-01  3.10e+05	32.1090 95.7345 0.4958	
66.326913 299.611578	4.80e-01  7.72e-01  3.75e+05	-10.0792 64.7362 0.8945	
66.326913 299.611578	5.66e-01  8.31e-01  3.52e+05	-25.6623 75.4854 0.7411	
66.326913 299.611578	6.37e-01  6.72e-01  3.65e+05	-19.9403 68.8318 0.7376	
66.326913 299.611578	8.13e-01  8.77e-01  3.14e+05	-58.5206 80.0858 0.4739	
66.326913 299.611578	3.67e-01  7.76e-01  3.94e+05	-7.0624 50.0789 0.5347	
66.326913 299.611578	7.76e-01  8.65e-01  3.20e+05	-11.8830 95.7282 0.5509	
66.326913 299.611578	4.38e-01  8.57e-01  3.68e+05	6.8516 69.8731 0.0785	
66.326913 299.611578	6.54e-01  9.27e-01  3.27e+05	-66.6062 64.7032 0.3246	
66.326913 299.611578	5.94e-01  8.05e-01  3.52e+05	17.6454 77.8931 0.7754	
66.326913 299.611578	6.72e-01  7.98e-01  3.41e+05	20.4343 83.0069 0.6426	
66.326913 299.611578	7.20e-01  8.57e-01  3.27e+05	1.2988 92.6670 0.6329	
66.326913 299.611578	5.35e-01  6.70e-01  3.83e+05	-22.4622 55.4531 0.3187	
66.326913 299.611578	4.14e-01  8.47e-01  3.73e+05	-17.3590 64.2593 0.3385	
66.326913 299.611578	4.27e-01  8.18e-01  3.76e+05	5.1919 64.4762 0.9572	
66.326913 299.611578	5.25e-01  9.18e-01  3.45e+05	-29.9865 77.8296 0.1235	
66.326913 299.611578	6.27e-01  6.93e-01  3.64e+05	-23.2264 68.8339 0.4035	
66.326913 299.611578	5.90e-01  9.09e-01  3.38e+05	-12.4832 86.6075 0.1375	
66.326913 299.611578	8.17e-01  9.28e-01  3.07e+05	12.2522 101.2881 0.8366	
66.326913 299.611578	5.53e-01  9.71e-01  3.34e+05	-17.1932 87.5754 0.5605	
66.326913 299.611578	5.99e-01  8.96e-01  3.38e+05	-0.2327 87.2480 0.5481	
66.326913 299.611578	6.77e-01  9.60e-01  3.20e+05	-3.3883 96.2259 0.9093	
66.326913 299.611578	5.38e-01  8.28e-01  3.57e+05	-42.0801 64.5174 0.7555	
66.326913 299.611578	4.90e-01  8.88e-01  3.55e+05	2.0341 78.0159 0.6710	
66.326913 299.611578	7.06e-01  9.42e-01  3.19e+05	31.2849 91.6457 0.7434	
66.326913 299.611578	6.81e-01  7.92e-01  3.41e+05	-20.6865 83.0678 0.4978	
66.326913 299.611578	5.55e-01  8.19e-01  3.55e+05	0.5233 77.8034 0.9312	
66.326913 299.611578	6.41e-01  9.02e-01  3.32e+05	-14.3741 89.2951 0.5908	
66.326913 299.611578	6.44e-01  7.57e-01  3.51e+05	-17.3562 78.0911 0.8113	
66.326913 299.611578	6.28e-01  8.70e-01  3.38e+05	0.8693 87.4315 0.2697	
66.326913 299.611578	5.78e-01  8.83e-01  3.43e+05	-7.0671 84.4640 0.4653	
66.326913 299.611578	8.10e-01  8.96e-01  3.12e+05	6.9246 99.7738 0.8752	
66.326913 299.611578	5.57e-01  6.93e-01  3.75e+05	8.5388 64.6965 0.8919	
66.326913 299.611578	7.30e-01  8.06e-01  3.33e+05	-16.7307 88.4742 0.4019	
66.326913 299.611578	6.03e-01  8.82e-01  3.40e+05	12.0097 85.6759 0.8586	
66.326913 299.611578	5.06e-01  6.69e-01  3.88e+05	5.9233 55.2617 0.0158	
66.326913 299.611578	5.83e-01  8.70e-01  3.44e+05	22.6393 81.1142 0.1284	
66.326913 299.611578	5.52e-01  8.56e-01  3.50e+05	25.8843 76.3345 0.4997	
66.326913 299.611578	8.69e-01  9.18e-01  3.03e+05	14.6623 103.0512 0.8321	
66.326913 299.611578	6.91e-01  7.41e-01  3.47e+05	-33.6600 75.4287 0.1443	
66.326913 299.611578	6.77e-01  8.01e-01  3.40e+05	-24.1517 82.5643 0.5031	
66.326913 299.611578	5.67e-01  7.76e-01  3.60e+05	28.1053 69.4810 0.7230	
66.326913 299.611578	6.41e-01  8.77e-01  3.35e+05	22.1620 86.0181 0.0579	
66.326913 299.611578	4.87e-01  8.12e-01  3.67e+05	-46.7480 52.9939 0.2016	
66.326913 299.611578	5.26e-01  9.28e-01  3.44e+05	-8.7250 83.7622 0.5489	
66.326913 299.611578	4.90e-01  8.99e-01  3.53e+05	0.9142 78.9644 0.8114	
66.326913 299.611578	5.81e-01  7.07e-01  3.69e+05	-21.3211 66.2212 0.3882	
66.326913 299.611578	5.60e-01  8.03e-01  3.57e+05	22.1344 73.5041 0.7945	
66.326913 299.611578	5.80e-01  8.37e-01  3.49e+05	-25.2548 77.3811 0.8516	
66.326913 299.611578	5.37e-01  7.97e-01  3.61e+05	-24.5547 69.9620 0.7516	
66.326913 299.611578	6.68e-01  9.24e-01  3.26e+05	7.4365 93.2979 0.1510	
66.326913 299.611578	5.45e-01  7.22e-01  3.72e+05	-0.2618 67.1968 0.5318	
66.326913 299.611578	7.24e-01  9.15e-01  3.20e+05	-6.9311 96.1040 0.6499	
66.326913 299.611578	5.18e-01  8.22e-01  3.61e+05	-25.1230 70.2792 0.6186	
66.326913 299.611578	4.26e-01  9.33e-01  3.58e+05	23.7860 72.6566 0.9991	
66.326913 299.611578	6.20e-01  8.82e-01  3.37e+05	8.2779 87.3347 0.5061	
66.326913 299.611578	4.37e-01  7.88e-01  3.79e+05	-13.7995 60.7687 0.2213	
66.326913 299.611578	5.59e-01  8.49e-01  3.50e+05	16.6876 78.8559 0.7934	
66.326913 299.611578	6.41e-01  8.51e-01  3.39e+05	-33.4340 80.3375 0.7591	
66.326913 299.611578	5.48e-01  8.55e-01  3.51e+05	-9.2277 79.6663 0.1327	
66.326913 299.611578	4.87e-01  7.42e-01  3.79e+05	18.3926 59.9791 0.1075	
66.326913 299.611578	6.20e-01  9.19e-01  3.32e+05	36.5514 82.5229 0.7464	
66.326913 299.611578	4.11e-01  7.36e-01  3.93e+05	28.1447 42.7106 0.5096	
66.326913 299.611578	8.27e-01  9.03e-01  3.09e+05	45.2004 90.6584 0.9886	
66.326913 299.611578	5.71e-01  7.83e-01  3.58e+05	-9.8133 75.3251 0.3719	
66.326913 299.611578	5.21e-01  9.81e-01  3.37e+05	-0.0073 87.7165 0.2314	
66.326913 299.611578	7.81e-01  9.10e-01  3.14e+05	-55.7803 82.0417 0.8282	
66.326913 299.611578	4.96e-01  8.07e-01  3.66e+05	-1.7721 71.0195 0.9409	
66.326913 299.611578	7.68e-01  9.60e-01  3.09e+05	12.7748 100.3580 0.5835	
66.326913 299.611578	7.51e-01  8.73e-01  3.22e+05	-41.2782 86.0961 0.8235	
66.326913 299.611578	4.70e-01  7.96e-01  3.72e+05	-28.0955 60.9797 0.2401	
66.326913 299.611578	5.78e-01  6.02e-01  3.87e+05	-32.5664 45.9407 0.4103	
66.326913 299.611578	3.76e-01  8.12e-01  3.86e+05	6.2695 57.0482 0.8100	
66.326913 299.611578	7.92e-01  9.55e-01  3.07e+05	-33.0901 96.5997 0.2201	
66.326913 299.611578	4.54e-01  8.30e-01  3.69e+05	10.3434 68.2377 0.2995	
66.326913 299.611578	5.55e-01  7.73e-01  3.62e+05	-27.1499 68.3379 0.7701	
66.326913 299.611578	6.99e-01  7.74e-01  3.41e+05	0.8974 85.6255 0.3237	
66.326913 299.611578	6.15e-01  7.88e-01  3.51e+05	27.6431 75.2567 0.5142	
66.326913 299.611578	7.10e-01  9.29e-01  3.20e+05	67.4510 68.8182 0.0891	
66.326913 299.611578	6.27e-01  7.92e-01  3.49e+05	4.4240 81.4065 0.1345	
66.326913 299.611578	5.36e-01  8.64e-01  3.52e+05	-11.2969 79.1593 0.7103	
66.326913 299.611578	4.61e-01  9.35e-01  3.52e+05	35.8357 71.0800 0.9437	
66.326913 299.611578	5.32e-01  8.31e-01  3.57e+05	-25.7008 72.3442 0.3665	
66.326913 299.611578	5.11e-01  7.86e-01  3.67e+05	-19.1567 67.7245 0.6863	
66.326913 299.611578	5.73e-01  9.12e-01  3.39e+05	-57.7488 64.4972 0.6545	
66.326913 299.611578	6.86e-01  9.53e-01  3.20e+05	-13.6274 95.4342 0.3614	
66.326913 299.611578	4.92e-01  7.12e-01  3.83e+05	-8.1951 58.9685 0.3095	
66.326913 299.611578	4.79e-01  9.66e-01  3.45e+05	26.0881 79.3779 0.6711	
66.326913 299.611578	7.07e-01  8.57e-01  3.29e+05	31.3335 86.3162 0.9561	
66.326913 299.611578	6.65e-01  7.38e-01  3.51e+05	-19.9478 77.7014 0.5381	
66.326913 299.611578	4.54e-01  7.43e-01  3.84e+05	-16.8813 56.1646 0.8824	
66.326913 299.611578	6.08e-01  7.50e-01  3.58e+05	-34.7258 67.9919 0.9618	
66.326913 299.611578	5.02e-01  7.95e-01  3.67e+05	18.5790 67.9067 0.3018	
66.326913 299.611578	3.45e-01  8.44e-01  3.85e+05	20.3980 53.8303 0.7912	
66.326913 299.611578	5.80e-01  9.11e-01  3.39e+05	28.7757 82.0779 0.3074	
66.326913 299.611578	7.43e-01  9.03e-01  3.19e+05	35.8195 89.8392 0.7844	
66.326913 299.611578	4.26e-01  7.57e-01  3.87e+05	16.1346 54.3390 0.6276	
66.326913 299.611578	5.25e-01  8.35e-01  3.58e+05	-27.7074 71.2846 0.3896	
66.326913 299.611578	7.92e-01  9.10e-01  3.12e+05	4.3386 99.7671 0.7041	
66.326913 299.611578	5.83e-01  7.29e-01  3.65e+05	16.4673 70.0546 0.5452	
66.326913 299.611578	5.76e-01  7.48e-01  3.63e+05	56.8502 46.0219 0.1606	
66.326913 299.611578	7.40e-01  9.28e-01  3.16e+05	18.2991 96.2709 0.1768	
66.326913 299.611578	5.63e-01  7.89e-01  3.59e+05	-16.9471 73.8162 0.5116	
66.326913 299.611578	6.49e-01  8.41e-01  3.39e+05	-6.9146 86.5991 0.4793	
66.326913 299.611578	7.61e-01  9.74e-01  3.08e+05	-10.0720 101.0243 0.0478	
66.326913 299.611578	6.43e-01  8.03e-01  3.45e+05	26.6277 79.2643 0.8259	
66.326913 299.611578	5.20e-01  9.24e-01  3.45e+05	15.9415 81.8876 0.7540	
66.326913 299.611578	6.98e-01  8.87e-01  3.27e+05	-49.8701 78.6293 0.2178	
66.326913 299.611578	5.69e-01  9.37e-01  3.37e+05	10.8221 87.3075 0.5197	
66.326913 299.611578	6.70e-01  6.94e-01  3.57e+05	-17.1506 74.8591 0.3581	
66.326913 299.611578	7.85e-01  9.06e-01  3.14e+05	-7.6427 98.9310 0.8579	
66.326913 299.611578	6.16e-01  8.91e-01  3.37e+05	-25.7526 84.2110 0.5979	
66.326913 299.611578	7.35e-01  8.56e-01  3.26e+05	25.3953 90.0551 0.9483	
66.326913 299.611578	4.27e-01  6.96e-01  3.97e+05	22.5840 41.3600 0.2194	
66.326913 299.611578	4.91e-01  8.35e-01  3.63e+05	-11.9129 72.3437 0.9642	
66.326913 299.611578	7.48e-01  8.37e-01  3.26e+05	0.0678 93.1735 0.3817	
66.326913 299.611578	5.36e-01  8.40e-01  3.55e+05	0.7681 77.9132 0.0379	
66.326913 299.611578	6.13e-01  9.00e-01  3.36e+05	-3.5606 88.4254 0.4853	
66.326913 299.611578	6.44e-01  9.54e-01  3.25e+05	-43.1443 83.4680 0.2010	
66.326913 299.611578	4.54e-01  7.29e-01  3.86e+05	-9.6510 55.9172 0.4712	
66.326913 299.611578	5.57e-01  7.41e-01  3.67e+05	-8.8208 69.9651 0.0180	
66.326913 299.611578	5.51e-01  7.25e-01  3.71e+05	35.1983 58.4920 0.7036	
66.326913 299.611578	6.77e-01  9.05e-01  3.27e+05	-3.0045 92.9296 0.9650	
66.326913 299.611578	6.61e-01  7.82e-01  3.45e+05	17.2502 81.6540 0.5144	
66.326913 299.611578	5.31e-01  7.66e-01  3.67e+05	-2.9831 70.3431 0.1484	
66.326913 299.611578	7.47e-01  7.97e-01  3.32e+05	-8.7696 90.1446 0.9216	
66.326913 299.611578	6.04e-01  7.26e-01  3.62e+05	7.9248 73.2589 0.0128	
66.326913 299.611578	5.02e-01  8.30e-01  3.62e+05	-29.3318 67.8210 0.6206	
66.326913 299.611578	6.33e-01  8.85e-01  3.35e+05	-39.9109 79.3905 0.3027	
66.326913 299.611578	4.29e-01  8.51e-01  3.70e+05	9.9242 67.8922 0.0199	
66.326913 299.611578	5.94e-01  7.19e-01  3.65e+05	-3.8953 71.9384 0.7348	
66.326913 299.611578	5.62e-01  8.45e-01  3.50e+05	15.6818 79.0457 0.1188	
66.326913 299.611578	5.17e-01  8.13e-01  3.62e+05	-46.3135 57.3397 0.0980	
66.326913 299.611578	5.21e-01  7.27e-01  3.75e+05	23.8506 60.6026 0.4699	
66.326913 299.611578	4.98e-01  7.95e-01  3.68e+05	-19.4497 67.2920 0.6148	
66.326913 299.611578	5.19e-01  8.66e-01  3.54e+05	32.3652 71.7068 0.9057	
66.326913 299.611578	3.52e-01  8.82e-01  3.78e+05	-18.8369 60.5223 0.5189	
66.326913 299.611578	4.36e-01  9.06e-01  3.60e+05	-5.2094 74.6664 0.4921	
66.326913 299.611578	5.44e-01  9.20e-01  3.42e+05	-8.2557 84.5907 0.0781	
66.326913 299.611578	6.56e-01  7.64e-01  3.49e+05	-30.2539 75.7925 0.2782	
66.326913 299.611578	6.12e-01  9.01e-01  3.36e+05	-5.2713 88.3509 0.8220	
66.326913 299.611578	5.14e-01  7.32e-01  3.76e+05	2.2444 64.8181 0.3111	
66.326913 299.611578	3.99e-01  7.17e-01  3.99e+05	-5.8865 45.5120 0.6911	
66.326913 299.611578	4.39e-01  7.66e-01  3.83e+05	35.5799 47.9583 0.9434	
66.326913 299.611578	4.38e-01  9.21e-01  3.58e+05	21.4464 73.3282 0.9397	
66.326913 299.611578	6.46e-01  8.09e-01  3.44e+05	29.3994 79.0395 0.4061	
66.326913 299.611578	4.66e-01  8.30e-01  3.67e+05	12.5704 69.2746 0.3747	
66.326913 299.611578	6.75e-01  9.08e-01  3.27e+05	22.9918 90.1850 0.5225	
66.326913 299.611578	4.90e-01  9.16e-01  3.51e+05	11.6526 79.6287 0.1241	
66.326913 299.611578	4.53e-01  7.93e-01  3.76e+05	-39.6157 51.2783 0.3369	
66.326913 299.611578	6.87e-01  8.83e-01  3.28e+05	-1.4479 92.2296 0.8433	
66.326913 299.611578	4.58e-01  6.90e-01  3.93e+05	-31.2591 40.7852 0.0739	
66.326913 299.611578	5.30e-01  8.83e-01  3.50e+05	32.0173 74.4176 0.2569	
66.326913 299.611578	6.24e-01  7.71e-01  3.52e+05	40.3799 68.5939 0.6867	
66.326913 299.611578	6.25e-01  8.41e-01  3.42e+05	-6.4857 84.8367 0.4481	
66.326913 299.611578	7.71e-01  8.49e-01  3.22e+05	56.5456 76.6592 0.6559	
66.326913 299.611578	6.50e-01  6.77e-01  3.63e+05	9.2434 72.8383 0.7348	
66.326913 299.611578	6.88e-01  7.11e-01  3.52e+05	39.7747 69.3320 0.6382	
66.326913 299.611578	6.47e-01  8.38e-01  3.39e+05	37.4021 78.0450 0.8834	
66.326913 299.611578	4.87e-01  9.24e-01  3.50e+05	-16.2873 79.2464 0.5904	
66.326913 299.611578	6.92e-01  7.92e-01  3.40e+05	-34.9931 79.0411 0.6247	
66.326913 299.611578	4.94e-01  8.92e-01  3.54e+05	-29.1404 73.1824 0.3164	
66.326913 299.611578	6.25e-01  8.87e-01  3.36e+05	-14.9698 87.1123 0.9101	
66.326913 299.611578	5.97e-01  8.57e-01  3.44e+05	14.7188 82.8736 0.9756	
66.326913 299.611578	7.10e-01  8.94e-01  3.24e+05	10.8094 93.6995 0.8892	
66.326913 299.611578	5.94e-01  8.35e-01  3.47e+05	16.4425 80.5750 0.3854	
66.326913 299.611578	6.17e-01  7.07e-01  3.63e+05	-6.3150 72.8091 0.2351	
66.326913 299.611578	4.82e-01  9.04e-01  3.54e+05	-33.1571 71.4676 0.4951	
66.326913 299.611578	6.77e-01  8.25e-01  3.37e+05	-4.1357 87.6229 0.4598	
66.326913 299.611578	5.40e-01  7.50e-01  3.69e+05	-20.6307 66.5268 0.6017	
66.326913 299.611578	5.62e-01  8.21e-01  3.54e+05	19.7724 75.9095 0.1979	
66.326913 299.611578	6.80e-01  8.59e-01  3.32e+05	-11.8106 89.4627 0.8674	
66.326913 299.611578	4.80e-01  6.70e-01  3.93e+05	-5.1657 51.3729 0.2545	
66.326913 299.611578	6.02e-01  8.09e-01  3.50e+05	-17.4689 78.9810 0.7505	
66.326913 299.611578	8.48e-01  9.21e-01  3.05e+05	-8.3902 102.8638 0.1139	
66.326913 299.611578	4.80e-01  7.36e-01  3.81e+05	-12.2345 59.9044 0.1853	
66.326913 299.611578	5.75e-01  7.48e-01  3.63e+05	-51.2859 51.8865 0.3565	
66.326913 299.611578	6.30e-01  7.32e-01  3.57e+05	21.6834 73.5213 0.9986	
66.326913 299.611578	6.66e-01  8.88e-01  3.30e+05	43.1199 80.3919 0.4627	
66.326913 299.611578	6.27e-01  7.50e-01  3.55e+05	23.6217 74.4140 0.3034	
66.326913 299.611578	5.33e-01  8.01e-01  3.61e+05	-8.5967 73.6439 0.0519	
66.326913 299.611578	5.36e-01  7.80e-01  3.64e+05	-15.2771 70.6625 0.0404	
66.326913 299.611578	5.73e-01  8.62e-01  3.47e+05	1.9211 82.7117 0.5632	
66.326913 299.611578	5.19e-01  9.15e-01  3.47e+05	25.3303 78.7280 0.1755	
66.326913 299.611578	6.25e-01  7.18e-01  3.60e+05	26.9473 69.9814 0.0681	
66.326913 299.611578	7.26e-01  8.19e-01  3.32e+05	12.0000 89.8283 0.0040	
66.326913 299.611578	5.59e-01  8.07e-01  3.57e+05	-20.9399 74.1636 0.3769	
66.326913 299.611578	6.84e-01  9.33e-01  3.22e+05	-54.7880 77.7170 0.9870	
66.326913 299.611578	6.22e-01  9.24e-01  3.31e+05	-17.8681 88.9333 0.5312	
66.326913 299.611578	7.01e-01  8.27e-01  3.34e+05	-14.6714 88.2740 0.8872	
66.326913 299.611578	4.67e-01  8.85e-01  3.59e+05	19.3314 73.2098 0.8011	
66.326913 299.611578	6.58e-01  8.53e-01  3.36e+05	-37.2349 80.1466 0.0747	
66.326913 299.611578	5.99e-01  7.14e-01  3.65e+05	15.2357 70.3389 0.8554	
66.326913 299.611578	5.45e-01  6.38e-01  3.86e+05	12.7023 55.3092 0.0110	
66.326913 299.611578	6.61e-01  8.39e-01  3.37e+05	31.3783 81.8103 0.8490	
66.326913 299.611578	4.33e-01  8.62e-01  3.68e+05	-41.5325 56.6745 0.4951	
66.326913 299.611578	7.19e-01  8.29e-01  3.31e+05	10.2264 90.2965 0.6359	
66.326913 299.611578	4.65e-01  9.26e-01  3.53e+05	16.3098 77.4911 0.2919	
66.326913 299.611578	5.36e-01  7.15e-01  3.75e+05	-34.5610 55.5453 0.4851	
66.326913 299.611578	7.68e-01  8.65e-01  3.20e+05	43.9829 85.3478 0.1022	
66.326913 299.611578	6.93e-01  7.77e-01  3.42e+05	-1.0644 85.3905 0.2313	
66.326913 299.611578	5.28e-01  7.03e-01  3.78e+05	5.6598 62.8312 0.1985	
66.326913 299.611578	5.79e-01  8.25e-01  3.51e+05	-39.7670 69.7184 0.4262	
66.326913 299.611578	5.23e-01  6.30e-01  3.92e+05	15.9820 49.6303 0.1455	
66.326913 299.611578	4.75e-01  9.35e-01  3.50e+05	2.2838 80.6944 0.5596	
66.326913 299.611578	5.56e-01  8.11e-01  3.56e+05	-2.1762 77.0724 0.0614	
66.326913 299.611578	6.53e-01  8.29e-01  3.40e+05	-6.0811 86.0902 0.2084	
66.326913 299.611578	4.76e-01  9.01e-01  3.55e+05	-2.7920 77.9240 0.0589	
66.326913 299.611578	4.85e-01  8.59e-01  3.60e+05	26.8904 70.0766 0.3495	
66.326913 299.611578	4.63e-01  8.25e-01  3.69e+05	7.6383 69.0057 0.3123	
66.326913 299.611578	7.02e-01  9.43e-01  3.19e+05	0.6386 96.6951 0.0227	
66.326913 299.611578	6.27e-01  9.41e-01  3.28e+05	27.1092 88.0743 0.9930	
66.326913 299.611578	7.05e-01  8.99e-01  3.24e+05	42.7582 84.0569 0.2110	
66.326913 299.611578	5.43e-01  7.51e-01  3.68e+05	0.8012 70.0425 0.4054	
66.326913 299.611578	5.24e-01  7.96e-01  3.64e+05	-4.9797 72.5763 0.9405	
66.326913 299.611578	5.33e-01  6.87e-01  3.80e+05	-43.8214 43.2343 0.4309	
66.326913 299.611578	5.02e-01  9.29e-01  3.47e+05	-25.9880 78.2215 0.2205	
66.326913 299.611578	5.70e-01  8.07e-01  3.55e+05	22.8891 74.6018 0.3654	
66.326913 299.611578	6.91e-01  8.22e-01  3.36e+05	15.4120 87.1048 0.2370	
66.326913 299.611578	4.97e-01  7.84e-01  3.70e+05	0.8964 68.7009 0.9051	
66.326913 299.611578	4.99e-01  9.02e-01  3.51e+05	12.4735 79.1052 0.9561	
66.326913 299.611578	7.14e-01  9.75e-01  3.14e+05	14.6493 98.0391 0.4507	
66.326913 299.611578	4.93e-01  9.18e-01  3.50e+05	-10.5633 80.1412 0.3606	
66.326913 299.611578	5.59e-01  7.17e-01  3.71e+05	-1.7746 68.0822 0.4936	
66.326913 299.611578	6.10e-01  6.36e-01  3.76e+05	-6.9535 64.4757 0.9771	
66.326913 299.611578	7.21e-01  8.55e-01  3.28e+05	2.2968 92.5396 0.3946	
66.326913 299.611578	4.82e-01  8.77e-01  3.58e+05	5.7058 76.1751 0.1822	
66.326913 299.611578	4.61e-01  7.45e-01  3.82e+05	2.0841 59.8487 0.9483	
66.326913 299.611578	7.17e-01  8.26e-01  3.32e+05	-14.6731 89.3082 0.7034	
66.326913 299.611578	6.73e-01  9.24e-01  3.25e+05	49.0486 80.0937 0.6951	
66.326913 299.611578	5.72e-01  8.69e-01  3.46e+05	35.8029 75.1526 0.7266	
66.326913 299.611578	5.80e-01  9.82e-01  3.29e+05	-19.6135 89.5818 0.0538	
66.326913 299.611578	5.16e-01  9.12e-01  3.48e+05	41.0009 71.2530 0.5054	
66.326913 299.611578	6.44e-01  8.33e-01  3.41e+05	18.9197 83.8089 0.6766	
66.326913 299.611578	6.06e-01  7.10e-01  3.64e+05	20.5768 69.3094 0.7889	
66.326913 299.611578	6.21e-01  8.88e-01  3.36e+05	-25.6879 84.4284 0.2283	
66.326913 299.611578	4.36e-01  8.30e-01  3.72e+05	-3.2056 66.9915 0.6022	
66.326913 299.611578	3.30e-01  9.02e-01  3.78e+05	25.0979 57.8682 0.5337	
66.326913 299.611578	4.36e-01  8.78e-01  3.65e+05	24.9223 67.7061 0.7924	
66.326913 299.611578	6.51e-01  9.35e-01  3.26e+05	-12.4685 92.3567 0.6796	
66.326913 299.611578	5.36e-01  7.15e-01  3.75e+05	19.4560 62.4012 0.2628	
66.326913 299.611578	7.69e-01  9.12e-01  3.15e+05	32.1525 93.2715 0.4134	
66.326913 299.611578	6.50e-01  7.76e-01  3.48e+05	29.5312 76.5145 0.7894	
66.326913 299.611578	6.27e-01  7.81e-01  3.50e+05	-14.8851 79.2474 0.4369	
66.326913 299.611578	6.74e-01  8.54e-01  3.34e+05	-16.5908 87.9122 0.1124	
66.326913 299.611578	5.20e-01  9.09e-01  3.47e+05	40.9626 71.4142 0.5210	
66.326913 299.611578	5.36e-01  8.58e-01  3.52e+05	47.5324 63.6867 0.9365	
66.326913 299.611578	7.20e-01  9.46e-01  3.16e+05	-9.6094 97.4054 0.9571	
66.326913 299.611578	5.56e-01  6.83e-01  3.77e+05	-27.4419 57.7001 0.8510	
66.326913 299.611578	5.74e-01  6.91e-01  3.73e+05	11.4361 66.0047 0.6685	
66.326913 299.611578	5.43e-01  7.91e-01  3.62e+05	-15.8964 72.3585 0.4530	
66.326913 299.611578	7.46e-01  9.49e-01  3.13e+05	-16.2304 98.1278 0.7642	
66.326913 299.611578	6.16e-01  7.57e-01  3.56e+05	1.6555 77.5959 0.1111	
66.326913 299.611578	6.08e-01  7.94e-01  3.51e+05	34.8063 72.1287 0.4211	
66.326913 299.611578	6.40e-01  7.54e-01  3.52e+05	-39.3490 69.0060 0.6327	
66.326913 299.611578	5.65e-01  6.55e-01  3.80e+05	-30.8220 53.4123 0.1437	
66.326913 299.611578	6.08e-01  6.72e-01  3.70e+05	12.8117 67.4029 0.5409	
66.326913 299.611578	6.68e-01  7.77e-01  3.45e+05	-10.7015 82.8302 0.7368	
66.326913 299.611578	5.84e-01  8.37e-01  3.49e+05	-6.5805 81.3273 0.9544	
66.326913 299.611578	6.63e-01  8.05e-01  3.42e+05	-30.5975 79.5924 0.1759	
66.326913 299.611578	5.00e-01  8.87e-01  3.54e+05	-9.0820 78.3003 0.0136	
66.326913 299.611578	6.44e-01  8.14e-01  3.43e+05	28.3765 79.6544 0.1269	
66.326913 299.611578	5.93e-01  7.75e-01  3.56e+05	-27.6843 72.0267 0.4721	
66.326913 299.611578	6.37e-01  8.24e-01  3.43e+05	3.3510 84.6881 0.8642	
66.326913 299.611578	4.94e-01  9.13e-01  3.51e+05	24.0509 76.8485 0.3249	
66.326913 299.611578	6.86e-01  8.84e-01  3.28e+05	-28.5007 87.7570 0.7564	
66.326913 299.611578	8.06e-01  9.78e-01  3.03e+05	-1.5809 103.9072 0.7632	
66.326913 299.611578	6.40e-01  8.27e-01  3.42e+05	2.5291 85.2025 0.9827	
66.326913 299.611578	6.00e-01  8.99e-01  3.38e+05	6.3546 87.3165 0.3687	
66.326913 299.611578	5.77e-01  9.86e-01  3.29e+05	29.2021 87.0651 0.1880	
66.326913 299.611578	4.60e-01  8.80e-01  3.61e+05	28.2187 69.0606 0.6712	
66.326913 299.611578	5.62e-01  7.78e-01  3.61e+05	-0.8133 74.6836 0.4030	
66.326913 299.611578	4.16e-01  8.21e-01  3.77e+05	14.5984 61.9771 0.8089	
66.326913 299.611578	6.39e-01  8.59e-01  3.38e+05	-6.8938 87.1506 0.0036	
66.326913 299.611578	5.84e-01  8.27e-01  3.50e+05	44.4797 67.5467 0.4635	
66.326913 299.611578	6.16e-01  9.58e-01  3.28e+05	-29.2292 87.7448 0.9910	
66.326913 299.611578	6.29e-01  7.76e-01  3.51e+05	-27.6570 75.4318 0.8592	
66.326913 299.611578	5.65e-01  7.10e-01  3.71e+05	-3.2882 67.9117 0.6523	
66.326913 299.611578	5.15e-01  7.36e-01  3.75e+05	-32.3777 56.8687 0.2223	
66.326913 299.611578	6.02e-01  8.06e-01  3.50e+05	-8.1781 80.2030 0.4539	
66.326913 299.611578	5.59e-01  6.43e-01  3.83e+05	13.3437 57.9016 0.7153	
66.326913 299.611578	6.13e-01  7.60e-01  3.56e+05	-57.7944 51.8667 0.2685	
66.326913 299.611578	6.16e-01  7.70e-01  3.54e+05	-21.2554 75.8167 0.5169	
66.326913 299.611578	8.86e-01  9.29e-01  3.00e+05	1.1510 105.3925 0.1799	
66.326913 299.611578	6.15e-01  7.25e-01  3.61e+05	-14.2335 73.2208 0.9464	
66.326913 299.611578	6.00e-01  8.54e-01  3.44e+05	-9.1150 83.7140 0.9515	
66.326913 299.611578	6.27e-01  9.54e-01  3.27e+05	44.1877 81.7065 0.3223	
66.326913 299.611578	6.87e-01  7.39e-01  3.48e+05	13.5453 80.9424 0.9951	
66.326913 299.611578	5.52e-01  8.68e-01  3.49e+05	-24.6237 77.8044 0.9091	
66.326913 299.611578	6.81e-01  8.27e-01  3.37e+05	-23.9244 84.7679 0.8324	
66.326913 299.611578	5.64e-01  7.45e-01  3.66e+05	-28.5775 65.6355 0.7126	
66.326913 299.611578	6.77e-01  9.25e-01  3.24e+05	-20.8105 91.8418 0.7835	
66.326913 299.611578	6.86e-01  7.32e-01  3.49e+05	-41.9959 69.7694 0.0108	
66.326913 299.611578	5.13e-01  7.83e-01  3.67e+05	0.7419 70.3526 0.4265	
66.326913 299.611578	7.51e-01  8.28e-01  3.27e+05	-3.0346 92.7866 0.0881	
66.326913 299.611578	5.43e-01  7.36e-01  3.70e+05	-37.1574 57.4945 0.2028	
66.326913 299.611578	7.16e-01  8.06e-01  3.35e+05	22.5167 86.1422 0.0406	
66.326913 299.611578	4.26e-01  9.15e-01  3.60e+05	-22.0148 71.4232 0.7633	
66.326913 299.611578	6.33e-01  9.41e-01  3.28e+05	-7.5349 92.1869 0.9290	
66.326913 299.611578	6.44e-01  8.86e-01  3.34e+05	-28.0412 85.1111 0.4567	
66.326913 299.611578	3.86e-01  8.50e-01  3.77e+05	-0.6787 63.6601 0.1769	
66.326913 299.611578	6.17e-01  6.86e-01  3.66e+05	-8.4999 70.5023 0.3582	
66.326913 299.611578	5.71e-01  9.38e-01  3.36e+05	-4.7234 88.0691 0.7692	
66.326913 299.611578	4.36e-01  9.21e-01  3.58e+05	11.1728 75.3924 0.9760	
66.326913 299.611578	6.31e-01  8.05e-01  3.46e+05	2.1808 82.8240 0.3707	
66.326913 299.611578	6.25e-01  9.55e-01  3.27e+05	42.7892 82.4492 0.5934	
66.326913 299.611578	6.17e-01  7.93e-01  3.50e+05	8.1861 80.3779 0.8803	
66.326913 299.611578	4.81e-01  8.15e-01  3.67e+05	-24.9329 65.7467 0.7913	
66.326913 299.611578	6.15e-01  8.12e-01  3.48e+05	32.6510 75.3871 0.2555	
66.326913 299.611578	6.86e-01  8.16e-01  3.37e+05	-56.0683 67.5237 0.0198	
66.326913 299.611578	6.43e-01  8.59e-01  3.37e+05	13.7565 86.6083 0.9857	
66.326913 299.611578	4.98e-01  6.66e-01  3.90e+05	28.8532 45.5719 0.5755	
66.326913 299.611578	5.14e-01  6.83e-01  3.84e+05	4.6965 58.3716 0.2982	
66.326913 299.611578	6.62e-01  8.94e-01  3.30e+05	15.3507 89.9969 0.2411	
66.326913 299.611578	6.37e-01  9.29e-01  3.29e+05	11.9630 91.2257 0.3931	
66.326913 299.611578	7.47e-01  9.02e-01  3.19e+05	43.5301 86.6130 0.9371	
66.326913 299.611578	6.33e-01  9.43e-01  3.28e+05	2.4453 92.5811 0.6484	
66.326913 299.611578	6.06e-01  7.83e-01  3.53e+05	-10.6487 78.2772 0.9573	
66.326913 299.611578	6.57e-01  8.46e-01  3.37e+05	4.1762 87.6771 0.1459	
66.326913 299.611578	8.11e-01  8.76e-01  3.14e+05	55.2027 82.1983 0.7271	
66.326913 299.611578	5.15e-01  7.91e-01  3.66e+05	35.9768 61.5556 0.5796	
66.326913 299.611578	5.67e-01  8.02e-01  3.56e+05	15.3708 75.8102 0.2854	
66.326913 299.611578	6.20e-01  6.51e-01  3.72e+05	-3.1510 67.5950 0.6075	
66.326913 299.611578	6.25e-01  9.11e-01  3.33e+05	-29.6450 85.0073 0.4244	
66.326913 299.611578	7.80e-01  7.84e-01  3.29e+05	-67.6346 62.0816 0.3319	
66.326913 299.611578	4.64e-01  8.71e-01  3.61e+05	20.4626 71.2390 0.4888	
66.326913 299.611578	5.04e-01  8.56e-01  3.58e+05	20.3112 73.7393 0.9971	
66.326913 299.611578	6.71e-01  7.58e-01  3.47e+05	45.3618 68.6893 0.7243	
66.326913 299.611578	4.93e-01  8.69e-01  3.57e+05	9.9549 76.0103 0.7782	
66.326913 299.611578	5.32e-01  6.52e-01  3.86e+05	-23.0842 51.9766 0.3763	
66.326913 299.611578	6.39e-01  8.03e-01  3.46e+05	27.7707 78.5305 0.9232	
66.326913 299.611578	6.29e-01  6.46e-01  3.71e+05	25.4476 63.1787 0.5153	
66.326913 299.611578	5.73e-01  7.00e-01  3.71e+05	-6.8750 67.5552 0.7220	
66.326913 299.611578	5.87e-01  6.53e-01  3.77e+05	20.5426 60.8009 0.4268	
66.326913 299.611578	5.72e-01  7.80e-01  3.59e+05	-29.7087 69.7661 0.4091	
66.326913 299.611578	6.80e-01  8.44e-01  3.34e+05	33.9993 82.4887 0.9452	
66.326913 299.611578	5.28e-01  8.98e-01  3.48e+05	9.0136 81.5153 0.8023	
66.326913 299.611578	6.57e-01  7.98e-01  3.44e+05	4.8173 84.1618 0.4665	
66.326913 299.611578	5.48e-01  9.37e-01  3.39e+05	22.9823 83.4407 0.0626	
66.326913 299.611578	5.11e-01  8.74e-01  3.54e+05	-12.6746 77.5972 0.3804	
66.326913 299.611578	6.47e-01  8.31e-01  3.41e+05	14.1828 84.8191 0.0241	
66.326913 299.611578	5.31e-01  7.33e-01  3.73e+05	34.6919 57.2337 0.3607	
66.326913 299.611578	6.42e-01  7.78e-01  3.49e+05	24.4607 77.7977 0.7094	
66.326913 299.611578	4.44e-01  7.18e-01  3.90e+05	0.3637 53.5067 0.3186	
66.326913 299.611578	5.15e-01  7.78e-01  3.68e+05	-3.8611 69.8217 0.2636	
66.326913 299.611578	5.66e-01  8.67e-01  3.47e+05	-6.2338 82.4124 0.3202	
66.326913 299.611578	6.20e-01  9.40e-01  3.30e+05	40.6171 82.0576 0.7270	
66.326913 299.611578	6.15e-01  7.36e-01  3.59e+05	-3.1419 75.6243 0.2717	
66.326913 299.611578	6.14e-01  7.88e-01  3.51e+05	32.5385 73.2184 0.6911	
66.326913 299.611578	6.81e-01  7.92e-01  3.41e+05	-23.4133 82.4206 0.8941	
66.326913 299.611578	4.54e-01  8.62e-01  3.64e+05	27.0104 67.1154 0.4365	
66.326913 299.611578	5.74e-01  8.72e-01  3.45e+05	-21.3174 80.9064 0.5431	
66.326913 299.611578	5.41e-01  7.74e-01  3.65e+05	3.1886 72.1078 0.8286	
66.326913 299.611578	4.71e-01  8.52e-01  3.63e+05	36.9504 62.9832 0.6699	
66.326913 299.611578	6.41e-01  6.72e-01  3.65e+05	42.3223 58.2386 0.2339	
66.326913 299.611578	4.83e-01  9.39e-01  3.48e+05	4.7374 81.6491 0.3311	
66.326913 299.611578	6.01e-01  7.71e-01  3.56e+05	-0.3732 77.5937 0.5844	
66.326913 299.611578	7.99e-01  9.13e-01  3.11e+05	-24.7163 97.2552 0.3270	
66.326913 299.611578	6.80e-01  8.16e-01  3.38e+05	1.7825 87.2526 0.9121	
66.326913 299.611578	5.93e-01  7.96e-01  3.53e+05	-11.3867 78.1789 0.5762	
66.326913 299.611578	4.59e-01  9.13e-01  3.56e+05	-12.7703 76.5253 0.5625	
66.326913 299.611578	6.25e-01  8.98e-01  3.34e+05	-24.6677 85.6831 0.6536	
66.326913 299.611578	4.73e-01  7.71e-01  3.76e+05	-10.3015 63.7892 0.4556	
66.326913 299.611578	7.63e-01  8.13e-01  3.28e+05	37.0606 84.8584 0.7307	
66.326913 299.611578	5.77e-01  7.03e-01  3.70e+05	10.3264 67.8436 0.9399	
66.326913 299.611578	4.11e-01  9.21e-01  3.62e+05	-48.2951 55.9697 0.1361	
66.326913 299.611578	4.17e-01  8.90e-01  3.66e+05	10.9787 70.6575 0.3687	
66.326913 299.611578	5.21e-01  7.75e-01  3.67e+05	-2.0862 70.2890 0.2730	
66.326913 299.611578	4.15e-01  8.27e-01  3.76e+05	11.7452 63.2200 0.8178	
66.326913 299.611578	6.30e-01  8.56e-01  3.39e+05	44.7459 74.1079 0.6211	
66.326913 299.611578	6.16e-01  8.16e-01  3.47e+05	-17.3079 80.6672 0.8363	
66.326913 299.611578	4.56e-01  9.16e-01  3.56e+05	-7.8867 77.1397 0.5596	
66.326913 299.611578	4.69e-01  7.68e-01  3.77e+05	-17.4576 61.2191 0.6112	
66.326913 299.611578	5.24e-01  9.33e-01  3.43e+05	-33.1269 77.6816 0.3226	
66.326913 299.611578	5.62e-01  8.10e-01  3.56e+05	28.7958 71.9796 0.5908	
66.326913 299.611578	6.87e-01  9.42e-01  3.21e+05	4.7179 95.7130 0.4293	
66.326913 299.611578	5.47e-01  7.60e-01  3.66e+05	-4.5240 71.3381 0.8128	
66.326913 299.611578	4.54e-01  8.07e-01  3.73e+05	-34.7159 56.7266 0.6907	
66.326913 299.611578	6.81e-01  9.42e-01  3.22e+05	-18.7196 93.5989 0.4716	
66.326913 299.611578	7.21e-01  8.21e-01  3.32e+05	-0.9122 90.4379 0.7887	
66.326913 299.611578	5.39e-01  7.92e-01  3.62e+05	-22.4925 70.2839 0.2247	
66.326913 299.611578	6.13e-01  9.22e-01  3.33e+05	5.7328 89.8329 0.4899	
66.326913 299.611578	6.36e-01  9.37e-01  3.28e+05	29.9011 87.4366 0.5268	
66.326913 299.611578	7.41e-01  9.49e-01  3.14e+05	18.3389 97.4925 0.6323	
66.326913 299.611578	7.35e-01  8.65e-01  3.24e+05	-37.2345 86.4135 0.9380	
66.326913 299.611578	6.24e-01  7.26e-01  3.59e+05	-11.1977 74.7398 0.0387	
66.326913 299.611578	6.48e-01  7.74e-01  3.48e+05	2.9809 81.7486 0.7292	
66.326913 299.611578	4.58e-01  8.72e-01  3.62e+05	20.5766 70.7780 0.3584	
66.326913 299.611578	6.94e-01  7.73e-01  3.42e+05	21.1007 82.6027 0.8300	
66.326913 299.611578	6.51e-01  7.35e-01  3.54e+05	18.0675 76.6874 0.1801	
66.326913 299.611578	5.49e-01  8.46e-01  3.52e+05	11.5328 78.6628 0.0838	
66.326913 299.611578	6.54e-01  8.91e-01  3.32e+05	17.6435 88.8939 0.9455	
66.326913 299.611578	6.53e-01  7.90e-01  3.45e+05	-31.5714 77.1454 0.0177	
66.326913 299.611578	5.18e-01  6.80e-01  3.84e+05	2.1005 58.6749 0.0690	
66.326913 299.611578	5.79e-01  8.14e-01  3.53e+05	-3.8521 79.2692 0.4693	
66.326913 299.611578	5.57e-01  7.12e-01  3.72e+05	11.6285 66.4076 0.4036	
66.326913 299.611578	4.21e-01  8.72e-01  3.68e+05	-8.7822 69.4021 0.6298	
66.326913 299.611578	5.42e-01  8.08e-01  3.59e+05	2.1468 75.6078 0.9236	
66.326913 299.611578	3.77e-01  7.65e-01  3.94e+05	-9.2439 49.7227 0.9177	
66.326913 299.611578	6.22e-01  9.40e-01  3.29e+05	-14.1975 90.5886 0.5917	
66.326913 299.611578	6.53e-01  7.61e-01  3.50e+05	-42.0029 69.3322 0.9113	
66.326913 299.611578	5.78e-01  8.22e-01  3.52e+05	-23.1658 76.5397 0.4664	
66.326913 299.611578	5.34e-01  7.19e-01  3.74e+05	8.5327 65.1284 0.6791	
66.326913 299.611578	5.44e-01  7.82e-01  3.63e+05	3.4436 73.2303 0.4123	
66.326913 299.611578	4.23e-01  8.57e-01  3.70e+05	-24.5293 64.0991 0.9373	
66.326913 299.611578	3.25e-01  7.86e-01  4.00e+05	-19.0654 40.7496 0.5170	
66.326913 299.611578	5.53e-01  7.55e-01  3.65e+05	-4.8724 71.4367 0.1867	
66.326913 299.611578	5.17e-01  7.17e-01  3.78e+05	5.0575 63.1287 0.5273	
66.326913 299.611578	6.27e-01  7.61e-01  3.53e+05	5.5606 78.7058 0.8814	
66.326913 299.611578	8.34e-01  8.86e-01  3.10e+05	-22.5572 98.1682 0.4263	
66.326913 299.611578	7.21e-01  8.89e-01  3.23e+05	24.7204 91.4361 0.0312	
66.326913 299.611578	4.11e-01  8.74e-01  3.69e+05	-4.4601 68.9684 0.1900	
66.326913 299.611578	4.32e-01  8.46e-01  3.70e+05	-28.3855 62.2422 0.3904	
66.326913 299.611578	6.61e-01  7.00e-01  3.57e+05	-19.5046 74.0712 0.5790	
66.326913 299.611578	6.36e-01  6.67e-01  3.66e+05	22.4242 67.4068 0.9201	
66.326913 299.611578	5.03e-01  7.66e-01  3.72e+05	-11.5229 66.4431 0.6346	
66.326913 299.611578	5.47e-01  9.23e-01  3.41e+05	-7.6625 85.1520 0.4170	
66.326913 299.611578	5.89e-01  7.18e-01  3.66e+05	-39.0922 59.7959 0.0527	
66.326913 299.611578	7.47e-01  8.02e-01  3.31e+05	-8.9960 90.4164 0.6561	
66.326913 299.611578	6.61e-01  7.82e-01  3.45e+05	17.1999 81.5598 0.1184	
66.326913 299.611578	4.74e-01  7.94e-01  3.72e+05	-4.2421 67.2081 0.9389	
66.326913 299.611578	6.89e-01  8.54e-01  3.32e+05	-11.0673 89.7659 0.4334	
66.326913 299.611578	3.71e-01  9.69e-01  3.61e+05	21.5587 71.4790 0.2493	
66.326913 299.611578	5.42e-01  8.37e-01  3.55e+05	18.4484 75.9946 0.7204	
66.326913 299.611578	6.80e-01  7.17e-01  3.52e+05	-19.6116 77.2595 0.4701	
66.326913 299.611578	5.11e-01  6.75e-01  3.86e+05	-7.6263 56.7293 0.9021	
66.326913 299.611578	4.55e-01  8.02e-01  3.74e+05	-7.1173 65.7005 0.5904	
66.326913 299.611578	6.40e-01  7.81e-01  3.49e+05	6.9254 81.3126 0.0666	
66.326913 299.611578	5.41e-01  8.96e-01  3.46e+05	13.7220 81.8279 0.1486	
66.326913 299.611578	5.08e-01  8.43e-01  3.59e+05	-2.5257 75.6031 0.8009	
66.326913 299.611578	4.75e-01  8.33e-01  3.66e+05	0.2531 71.5894 0.0836	
66.326913 299.611578	5.52e-01  8.53e-01  3.51e+05	6.4074 80.0573 0.5310	
66.326913 299.611578	3.77e-01  9.09e-01  3.69e+05	-4.9391 69.1383 0.6501	
66.326913 299.611578	5.12e-01  9.34e-01  3.45e+05	-17.7018 81.7565 0.7744	
66.326913 299.611578	4.00e-01  9.31e-01  3.62e+05	51.5625 52.6956 0.5725	
66.326913 299.611578	2.96e-01  8.65e-01  3.90e+05	-28.6773 45.1319 0.9348	
66.326913 299.611578	5.18e-01  8.31e-01  3.59e+05	-10.6572 74.7943 0.7331	
66.326913 299.611578	2.87e-01  8.32e-01  3.98e+05	-29.7923 35.6875 0.6029	
66.326913 299.611578	4.38e-01  8.39e-01  3.71e+05	30.6588 61.0404 0.0467	
66.326913 299.611578	5.53e-01  8.81e-01  3.47e+05	46.8640 68.1903 0.9842	
66.326913 299.611578	4.86e-01  6.67e-01  3.92e+05	7.2789 51.7464 0.3266	
66.326913 299.611578	6.22e-01  8.40e-01  3.43e+05	-15.2810 83.4349 0.4369	
66.326913 299.611578	6.60e-01  7.80e-01  3.46e+05	41.9742 71.7888 0.3443	
66.326913 299.611578	5.36e-01  6.82e-01  3.80e+05	14.2676 59.6633 0.4692	
66.326913 299.611578	5.65e-01  8.61e-01  3.48e+05	29.9873 76.3593 0.2526	
66.326913 299.611578	4.93e-01  7.84e-01  3.71e+05	-16.6652 66.2113 0.3393	
66.326913 299.611578	6.11e-01  7.92e-01  3.51e+05	11.9690 79.2909 0.0056	
66.326913 299.611578	5.57e-01  7.79e-01  3.61e+05	0.7809 74.2906 0.6061	
66.326913 299.611578	6.28e-01  7.89e-01  3.49e+05	39.4416 71.1333 0.6084	
66.326913 299.611578	6.25e-01  8.83e-01  3.37e+05	15.5918 86.7070 0.2473	
66.326913 299.611578	4.45e-01  8.14e-01  3.73e+05	19.8839 63.2751 0.9332	
66.326913 299.611578	6.14e-01  7.51e-01  3.57e+05	16.0084 75.2065 0.9975	
66.326913 299.611578	7.81e-01  8.58e-01  3.20e+05	-31.8602 90.9661 0.7262	
66.326913 299.611578	8.35e-01  8.90e-01  3.10e+05	2.2333 100.9779 0.9025	
66.326913 299.611578	6.00e-01  6.92e-01  3.68e+05	-11.7608 68.8742 0.1777	
66.326913 299.611578	5.46e-01  9.50e-01  3.38e+05	33.8171 80.4231 0.2281	
66.326913 299.611578	6.30e-01  8.09e-01  3.46e+05	-20.7872 80.4172 0.8136	
66.326913 299.611578	6.10e-01  9.02e-01  3.36e+05	-19.4104 86.2740 0.8017	
66.326913 299.611578	2.67e-01  8.59e-01  3.97e+05	-3.9962 47.6444 0.4298	
66.326913 299.611578	6.28e-01  7.73e-01  3.51e+05	15.2735 78.5681 0.2476	
66.326913 299.611578	5.32e-01  7.46e-01  3.71e+05	28.2710 62.2192 0.4475	
66.326913 299.611578	7.84e-01  8.72e-01  3.18e+05	-15.7994 96.0215 0.5478	
66.326913 299.611578	6.09e-01  8.15e-01  3.48e+05	-5.1703 81.7076 0.7346	
66.326913 299.611578	7.24e-01  8.26e-01  3.31e+05	-15.0512 89.7113 0.3811	
66.326913 299.611578	5.29e-01  8.83e-01  3.50e+05	57.0936 57.3756 0.7707	
66.326913 299.611578	7.41e-01  8.49e-01  3.26e+05	15.5260 92.1886 0.4384	
66.326913 299.611578	6.72e-01  8.07e-01  3.40e+05	45.9080 72.8531 0.9308	
66.326913 299.611578	7.22e-01  9.00e-01  3.22e+05	11.6084 94.6661 0.8716	
66.326913 299.611578	4.27e-01  8.05e-01  3.78e+05	12.4534 61.8168 0.1657	
66.326913 299.611578	5.59e-01  7.99e-01  3.58e+05	20.7995 73.3979 0.1291	
66.326913 299.611578	6.77e-01  8.42e-01  3.35e+05	-47.5558 75.1153 0.6858	
66.326913 299.611578	5.30e-01  7.23e-01  3.74e+05	18.0483 63.1758 0.6223	
66.326913 299.611578	6.59e-01  7.51e-01  3.50e+05	-49.0745 64.1517 0.3337	
66.326913 299.611578	5.08e-01  9.29e-01  3.46e+05	-42.3472 71.3110 0.4438	
66.326913 299.611578	6.72e-01  9.17e-01  3.26e+05	-25.4059 89.8959 0.4047	
66.326913 299.611578	6.32e-01  8.04e-01  3.46e+05	5.8483 82.6978 0.4216	
66.326913 299.611578	6.86e-01  9.10e-01  3.25e+05	-9.3223 93.3898 0.9661	
66.326913 299.611578	5.06e-01  7.60e-01  3.72e+05	2.3463 67.0966 0.6468	
66.326913 299.611578	7.15e-01  8.88e-01  3.24e+05	7.5992 93.8985 0.5015	
66.326913 299.611578	7.20e-01  7.26e-01  3.45e+05	-40.2229 73.3504 0.1628	
66.326913 299.611578	6.41e-01  7.51e-01  3.53e+05	-19.1451 76.9552 0.5182	
66.326913 299.611578	6.14e-01  8.32e-01  3.45e+05	24.6485 79.8799 0.4190	
66.326913 299.611578	4.55e-01  8.55e-01  3.65e+05	-14.2873 70.2817 0.0026	
66.326913 299.611578	6.15e-01  8.76e-01  3.39e+05	-28.0959 82.2436 0.1422	
66.326913 299.611578	5.96e-01  7.76e-01  3.56e+05	-8.8205 77.0355 0.5875	
66.326913 299.611578	5.68e-01  7.29e-01  3.67e+05	-0.7504 70.4373 0.4041	
66.326913 299.611578	5.33e-01  8.16e-01  3.59e+05	30.8189 68.9084 0.9008	
66.326913 299.611578	7.45e-01  8.39e-01  3.27e+05	-12.8080 92.1993 0.7388	
66.326913 299.611578	7.25e-01  9.16e-01  3.19e+05	-34.6078 90.0673 0.5705	
66.326913 299.611578	6.49e-01  7.73e-01  3.48e+05	-13.7695 80.5499 0.6534	
66.326913 299.611578	6.69e-01  8.41e-01  3.36e+05	12.2531 87.4558 0.7753	
66.326913 299.611578	4.22e-01  8.08e-01  3.78e+05	22.5450 58.6322 0.4109	
66.326913 299.611578	3.61e-01  7.57e-01  3.98e+05	23.6211 39.6969 0.8804	
66.326913 299.611578	6.15e-01  9.17e-01  3.33e+05	34.5527 82.8691 0.4302	
66.326913 299.611578	4.93e-01  8.90e-01  3.54e+05	9.9439 77.9271 0.6340	
66.326913 299.611578	4.46e-01  6.82e-01  3.96e+05	6.6695 47.6564 0.7081	
66.326913 299.611578	7.92e-01  9.54e-01  3.07e+05	-32.0041 96.8992 0.4249	
66.326913 299.611578	7.11e-01  8.89e-01  3.24e+05	-11.2400 93.4224 0.2145	
66.326913 299.611578	5.47e-01  6.95e-01  3.76e+05	-27.8334 57.9840 0.9178	
66.326913 299.611578	6.43e-01  7.80e-01  3.48e+05	4.5055 81.7460 0.9003	
66.326913 299.611578	6.18e-01  8.35e-01  3.44e+05	-29.1839 78.9032 0.9176	
66.326913 299.611578	5.40e-01  6.63e-01  3.83e+05	-13.5177 57.9252 0.1437	
66.326913 299.611578	7.32e-01  9.60e-01  3.13e+05	29.7198 94.7439 0.7015	
66.326913 299.611578	5.63e-01  8.71e-01  3.47e+05	-23.1717 79.4116 0.3228	
66.326913 299.611578	6.82e-01  8.34e-01  3.35e+05	-21.2623 86.0679 0.5515	
66.326913 299.611578	5.06e-01  7.02e-01  3.82e+05	-12.0333 58.8439 0.3286	
66.326913 299.611578	4.16e-01  7.30e-01  3.93e+05	-22.1902 46.1036 0.6658	
66.326913 299.611578	5.79e-01  8.96e-01  3.41e+05	-15.0605 84.4966 0.6354	
66.326913 299.611578	5.98e-01  9.20e-01  3.35e+05	-11.6490 87.9948 0.9399	
66.326913 299.611578	5.46e-01  9.39e-01  3.40e+05	-31.1791 80.7227 0.3104	
66.326913 299.611578	4.87e-01  7.26e-01  3.81e+05	-16.7522 58.3933 0.7987	
66.326913 299.611578	6.85e-01  8.63e-01  3.31e+05	-39.7318 81.7004 0.6570	
66.326913 299.611578	6.30e-01  9.68e-01  3.25e+05	7.5719 93.5996 0.6866	
66.326913 299.611578	5.13e-01  7.51e-01  3.73e+05	-13.8928 65.4665 0.7231	
66.326913 299.611578	4.50e-01  6.93e-01  3.94e+05	14.5580 48.4501 0.9071	
66.326913 299.611578	5.36e-01  8.77e-01  3.50e+05	20.2358 78.4576 0.6677	
66.326913 299.611578	7.18e-01  7.35e-01  3.44e+05	22.9080 80.9731 0.6855	
66.326913 299.611578	6.21e-01  8.18e-01  3.46e+05	-26.9556 78.6464 0.3443	
66.326913 299.611578	6.82e-01  9.05e-01  3.26e+05	12.2264 92.5011 0.8043	
66.326913 299.611578	4.72e-01  8.66e-01  3.61e+05	37.6176 64.2288 0.5444	
66.326913 299.611578	4.77e-01  8.71e-01  3.59e+05	-38.6683 64.6797 0.4546	
66.326913 299.611578	5.38e-01  8.66e-01  3.51e+05	18.6400 78.1416 0.4942	
66.326913 299.611578	5.84e-01  8.12e-01  3.52e+05	-23.8256 75.9768 0.0447	
66.326913 299.611578	4.85e-01  6.77e-01  3.90e+05	-20.4609 49.5310 0.1062	
66.326913 299.611578	6.22e-01  8.60e-01  3.40e+05	0.4712 86.3296 0.0742	
66.326913 299.611578	5.55e-01  8.36e-01  3.53e+05	8.0831 78.8383 0.3732	
66.326913 299.611578	5.22e-01  8.23e-01  3.60e+05	-14.5757 73.7089 0.9643	
66.326913 299.611578	5.44e-01  8.20e-01  3.57e+05	5.6862 76.6522 0.0073	
66.326913 299.611578	5.36e-01  7.23e-01  3.73e+05	-14.9730 64.6082 0.4354	
66.326913 299.611578	6.17e-01  9.27e-01  3.32e+05	-5.5041 90.4301 0.7903	
66.326913 299.611578	7.14e-01  8.77e-01  3.26e+05	17.1502 91.9146 0.0928	
66.326913 299.611578	3.52e-01  7.63e-01  3.99e+05	27.9772 35.8859 0.1970	
66.326913 299.611578	5.57e-01  7.68e-01  3.63e+05	-0.8520 73.2273 0.3378	
66.326913 299.611578	5.56e-01  7.24e-01  3.70e+05	8.1937 68.1517 0.2357	
66.326913 299.611578	5.41e-01  7.24e-01  3.73e+05	-15.5301 65.1460 0.3493	
66.326913 299.611578	7.66e-01  9.70e-01  3.08e+05	-3.4885 101.4780 0.1714	
66.326913 299.611578	5.33e-01  7.54e-01  3.69e+05	36.0928 59.3337 0.2622	
66.326913 299.611578	7.86e-01  9.22e-01  3.12e+05	-9.7816 99.6563 0.1413	
66.326913 299.611578	5.80e-01  9.85e-01  3.29e+05	10.7728 91.2453 0.3942	
66.326913 299.611578	5.58e-01  6.06e-01  3.90e+05	-11.8827 52.5478 0.1853	
66.326913 299.611578	5.91e-01  8.25e-01  3.49e+05	31.9440 74.7399 0.5470	
66.326913 299.611578	7.57e-01  9.44e-01  3.12e+05	21.6326 97.3924 0.6329	
66.326913 299.611578	4.44e-01  9.83e-01  3.48e+05	-20.4319 79.5601 0.0465	
66.326913 299.611578	6.73e-01  7.08e-01  3.54e+05	-0.3610 78.3302 0.2765	
66.326913 299.611578	7.28e-01  9.54e-01  3.15e+05	39.2411 90.6073 0.4849	
66.326913 299.611578	5.09e-01  7.59e-01  3.72e+05	5.3891 67.0799 0.5211	
66.326913 299.611578	4.69e-01  8.78e-01  3.59e+05	-23.0913 71.6827 0.5170	
66.326913 299.611578	6.05e-01  7.20e-01  3.63e+05	0.4567 73.1880 0.8373	
66.326913 299.611578	4.79e-01  6.35e-01  3.99e+05	10.9852 44.1554 0.9862	
66.326913 299.611578	5.19e-01  9.57e-01  3.41e+05	35.7150 78.0578 0.5566	
66.326913 299.611578	6.74e-01  9.59e-01  3.20e+05	42.4664 86.1530 0.2608	
66.326913 299.611578	4.97e-01  7.87e-01  3.70e+05	26.5156 63.6899 0.1028	
66.326913 299.611578	4.68e-01  7.63e-01  3.78e+05	-31.6347 54.5290 0.6642	
66.326913 299.611578	6.63e-01  9.15e-01  3.27e+05	-14.8535 91.5863 0.2130	
66.326913 299.611578	6.16e-01  6.72e-01  3.69e+05	-6.0928 69.2386 0.7381	
66.326913 299.611578	6.27e-01  8.61e-01  3.39e+05	30.1966 81.2890 0.1269	
66.326913 299.611578	5.20e-01  8.55e-01  3.55e+05	-7.9275 77.4026 0.9704	
66.326913 299.611578	6.80e-01  9.13e-01  3.25e+05	27.9931 89.3231 0.8075	
66.326913 299.611578	6.27e-01  7.45e-01  3.56e+05	-33.8945 69.7899 0.7169	
66.326913 299.611578	4.69e-01  9.19e-01  3.53e+05	13.4768 77.8315 0.6262	
66.326913 299.611578	5.25e-01  8.88e-01  3.50e+05	-15.9493 79.4350 0.6472	
66.326913 299.611578	5.24e-01  8.76e-01  3.52e+05	-1.2559 79.9288 0.9865	
66.326913 299.611578	6.35e-01  8.21e-01  3.44e+05	10.8742 83.6969 0.8002	
66.326913 299.611578	7.33e-01  8.23e-01  3.30e+05	-19.8001 89.1391 0.3932	
66.326913 299.611578	5.39e-01  8.51e-01  3.53e+05	12.3804 78.0828 0.8808	
66.326913 299.611578	5.22e-01  6.40e-01  3.90e+05	-30.4391 44.1694 0.5732	
66.326913 299.611578	5.29e-01  7.81e-01  3.65e+05	13.8287 70.4288 0.8843	
66.326913 299.611578	4.53e-01  8.68e-01  3.64e+05	27.2298 67.5683 0.6909	
66.326913 299.611578	6.03e-01  7.60e-01  3.57e+05	14.3907 75.3692 0.5659	
66.326913 299.611578	6.02e-01  7.29e-01  3.62e+05	30.6193 67.1501 0.8050	
66.326913 299.611578	6.66e-01  8.86e-01  3.31e+05	-0.3097 91.0297 0.5066	
66.326913 299.611578	5.33e-01  6.54e-01  3.86e+05	-0.0364 57.2596 0.8772	
66.326913 299.611578	6.80e-01  7.87e-01  3.42e+05	-8.7229 84.7848 0.0983	
66.326913 299.611578	7.02e-01  9.05e-01  3.24e+05	-41.9245 84.7269 0.8158	
66.326913 299.611578	6.21e-01  9.13e-01  3.33e+05	36.5811 82.1945 0.0756	
66.326913 299.611578	4.44e-01  9.49e-01  3.53e+05	-5.9761 79.1610 0.1230	
66.326913 299.611578	6.07e-01  8.33e-01  3.46e+05	14.7646 81.8205 0.9992	
66.326913 299.611578	6.09e-01  8.15e-01  3.48e+05	-11.3754 81.1791 0.0006	
66.326913 299.611578	6.18e-01  8.93e-01  3.36e+05	7.1250 88.0529 0.3689	
66.326913 299.611578	6.93e-01  7.45e-01  3.46e+05	25.0158 79.1157 0.4682	
66.326913 299.611578	7.14e-01  8.90e-01  3.24e+05	-32.5204 88.5833 0.8381	
66.326913 299.611578	3.78e-01  7.53e-01  3.96e+05	-12.7377 46.8507 0.1925	
66.326913 299.611578	5.60e-01  8.11e-01  3.56e+05	-13.0499 76.3891 0.9495	
66.326913 299.611578	5.29e-01  6.52e-01  3.87e+05	30.1969 47.7718 0.0882	
66.326913 299.611578	6.24e-01  7.46e-01  3.56e+05	29.7299 71.4500 0.5388	
66.326913 299.611578	6.06e-01  8.11e-01  3.49e+05	-3.6716 81.2719 0.5975	
66.326913 299.611578	6.63e-01  8.72e-01  3.33e+05	38.1410 81.4452 0.9756	
66.326913 299.611578	4.29e-01  7.47e-01  3.88e+05	-5.1368 55.5170 0.2184	
66.326913 299.611578	3.76e-01  8.08e-01  3.86e+05	-17.4580 54.0863 0.7462	
66.326913 299.611578	5.58e-01  7.53e-01  3.65e+05	-3.9705 71.7712 0.7278	
66.326913 299.611578	5.68e-01  7.88e-01  3.58e+05	6.3383 75.9242 0.2545	
66.326913 299.611578	5.82e-01  9.31e-01  3.36e+05	14.6100 87.3022 0.3353	
66.326913 299.611578	6.20e-01  8.85e-01  3.37e+05	15.5061 86.5778 0.3949	
66.326913 299.611578	4.77e-01  8.34e-01  3.65e+05	14.7022 70.3008 0.8150	
66.326913 299.611578	5.90e-01  8.63e-01  3.44e+05	-10.5844 83.5007 0.6652	
66.326913 299.611578	3.86e-01  8.66e-01  3.75e+05	9.9179 64.7084 0.3463	
66.326913 299.611578	6.62e-01  8.90e-01  3.31e+05	24.4630 87.7023 0.2054	
66.326913 299.611578	5.96e-01  8.82e-01  3.41e+05	1.0612 85.9744 0.5457	
66.326913 299.611578	3.97e-01  8.25e-01  3.80e+05	17.5398 59.3898 0.1757	
66.326913 299.611578	5.94e-01  7.57e-01  3.59e+05	7.0251 75.3015 0.7726	
66.326913 299.611578	5.90e-01  8.35e-01  3.48e+05	46.3103 67.6442 0.8727	
66.326913 299.611578	3.82e-01  8.51e-01  3.78e+05	43.4256 46.0232 0.8092	
66.326913 299.611578	5.80e-01  9.97e-01  3.27e+05	0.4402 92.7038 0.2172	
66.326913 299.611578	5.16e-01  7.98e-01  3.65e+05	13.4550 70.8756 0.0878	
66.326913 299.611578	4.58e-01  7.03e-01  3.90e+05	1.8586 53.4043 0.7707	
66.326913 299.611578	5.99e-01  7.19e-01  3.64e+05	2.2558 72.5271 0.5413	
66.326913 299.611578	7.47e-01  9.27e-01  3.16e+05	-22.3600 95.7529 0.7942	
66.326913 299.611578	5.31e-01  7.43e-01  3.71e+05	5.2100 67.7378 0.7575	
66.326913 299.611578	6.20e-01  7.47e-01  3.56e+05	1.3250 77.0945 0.3551	
66.326913 299.611578	6.67e-01  8.55e-01  3.35e+05	2.1137 89.0478 0.0398	
66.326913 299.611578	3.91e-01  8.14e-01  3.83e+05	35.0590 48.4018 0.2774	
66.326913 299.611578	5.57e-01  8.93e-01  3.44e+05	-38.2671 74.7482 0.5625	
66.326913 299.611578	5.65e-01  7.62e-01  3.63e+05	-16.6820 71.5028 0.1951	
66.326913 299.611578	5.74e-01  8.87e-01  3.43e+05	-31.7189 78.5993 0.9730	
66.326913 299.611578	7.06e-01  8.98e-01  3.24e+05	-3.3715 94.2186 0.1520	
66.326913 299.611578	5.84e-01  7.76e-01  3.57e+05	1.6076 76.4964 0.2232	
66.326913 299.611578	7.46e-01  9.20e-01  3.16e+05	-61.0954 76.4870 0.1140	
66.326913 299.611578	5.43e-01  8.09e-01  3.59e+05	-5.0647 75.5227 0.7814	
66.326913 299.611578	6.03e-01  7.36e-01  3.61e+05	13.4114 73.3457 0.7301	
66.326913 299.611578	7.08e-01  8.07e-01  3.36e+05	27.2911 84.2756 0.4401	
66.326913 299.611578	6.34e-01  7.60e-01  3.52e+05	3.0097 79.3611 0.0820	
66.326913 299.611578	6.26e-01  7.95e-01  3.48e+05	45.8829 67.6084 0.2655	
66.326913 299.611578	8.08e-01  8.71e-01  3.15e+05	29.0613 94.1730 0.4479	
66.326913 299.611578	3.88e-01  8.26e-01  3.81e+05	-5.8260 60.5593 0.6653	
66.326913 299.611578	5.38e-01  9.62e-01  3.38e+05	-12.8686 86.6272 0.1733	
66.326913 299.611578	5.98e-01  9.13e-01  3.36e+05	-11.2789 87.5744 0.9257	
66.326913 299.611578	4.55e-01  7.05e-01  3.91e+05	27.5020 45.6168 0.7319	
66.326913 299.611578	5.26e-01  6.83e-01  3.82e+05	-12.4292 58.8879 0.5648	
66.326913 299.611578	6.87e-01  8.62e-01  3.31e+05	17.8121 89.1222 0.0332	
66.326913 299.611578	4.60e-01  8.18e-01  3.70e+05	-6.8486 68.0670 0.0039	
66.326913 299.611578	4.80e-01  8.60e-01  3.61e+05	-1.1427 74.6682 0.1230	
66.326913 299.611578	2.44e-01  9.30e-01  3.88e+05	-4.2011 55.2160 0.1373	
66.326913 299.611578	6.51e-01  8.01e-01  3.44e+05	-44.1994 71.5708 0.7220	
66.326913 299.611578	8.01e-01  8.83e-01  3.14e+05	-33.8620 92.8896 0.2043	
66.326913 299.611578	5.54e-01  6.65e-01  3.80e+05	-4.5847 61.2966 0.5967	
66.326913 299.611578	5.51e-01  6.85e-01  3.77e+05	-18.2502 60.9496 0.1772	
66.326913 299.611578	6.44e-01  7.94e-01  3.46e+05	-12.8445 81.9879 0.6865	
66.326913 299.611578	5.74e-01  7.87e-01  3.57e+05	-25.0041 72.3756 0.8514	
66.326913 299.611578	6.71e-01  7.92e-01  3.43e+05	-29.7140 79.5527 0.0353	
66.326913 299.611578	3.42e-01  7.73e-01  3.99e+05	-20.3452 40.7994 0.3527	
66.326913 299.611578	5.65e-01  7.58e-01  3.63e+05	1.6806 73.0383 0.4745	
66.326913 299.611578	5.95e-01  8.40e-01  3.47e+05	-6.0121 82.5324 0.4654	
66.326913 299.611578	6.27e-01  7.64e-01  3.53e+05	-1.2120 79.1481 0.2127	
66.326913 299.611578	5.63e-01  9.01e-01  3.42e+05	10.2409 84.3292 0.2147	
66.326913 299.611578	5.67e-01  8.94e-01  3.43e+05	-6.0083 84.5087 0.2933	
66.326913 299.611578	5.75e-01  8.47e-01  3.48e+05	-50.2373 64.5055 0.9423	
66.326913 299.611578	4.93e-01  8.37e-01  3.62e+05	-5.8845 73.5012 0.9553	
66.326913 299.611578	5.89e-01  8.04e-01  3.53e+05	-8.4534 78.9106 0.2189	
66.326913 299.611578	6.27e-01  8.13e-01  3.46e+05	-7.9374 82.8028 0.8121	
66.326913 299.611578	6.10e-01  8.18e-01  3.47e+05	27.8444 77.4063 0.3863	
66.326913 299.611578	3.26e-01  7.73e-01  4.02e+05	-14.2058 40.0678 0.4392	
66.326913 299.611578	5.14e-01  8.00e-01  3.65e+05	-22.5358 68.4921 0.5658	
66.326913 299.611578	5.35e-01  7.44e-01  3.70e+05	-14.6745 66.8831 0.3509	
66.326913 299.611578	5.57e-01  7.53e-01  3.65e+05	27.2223 66.3201 0.0292	
66.326913 299.611578	4.79e-01  9.41e-01  3.49e+05	-15.3476 80.1487 0.1669	
66.326913 299.611578	4.15e-01  8.02e-01  3.81e+05	-4.3238 61.1194 0.2017	
66.326913 299.611578	4.19e-01  7.72e-01  3.85e+05	-25.3540 52.0313 0.3815	
66.326913 299.611578	5.95e-01  8.45e-01  3.46e+05	-13.0964 82.0831 0.8998	
66.326913 299.611578	3.77e-01  9.13e-01  3.68e+05	-10.3607 68.9262 0.7157	
66.326913 299.611578	3.55e-01  8.12e-01  3.89e+05	19.6924 50.6949 0.1576	
66.326913 299.611578	7.13e-01  9.10e-01  3.22e+05	-11.3064 94.7581 0.4546	
66.326913 299.611578	5.75e-01  8.26e-01  3.51e+05	33.0556 72.9622 0.4625	
66.326913 299.611578	6.55e-01  7.76e-01  3.47e+05	4.5685 82.3181 0.9720	
66.326913 299.611578	5.04e-01  7.62e-01  3.72e+05	-26.1055 61.8204 0.4322	
66.326913 299.611578	7.98e-01  9.20e-01  3.10e+05	-34.5883 94.5192 0.6693	
66.326913 299.611578	5.49e-01  8.37e-01  3.54e+05	-1.0514 78.7039 0.8466	
66.326913 299.611578	5.37e-01  8.58e-01  3.52e+05	24.6536 75.6156 0.5749	
66.326913 299.611578	5.72e-01  7.90e-01  3.57e+05	16.0972 74.9058 0.5062	
66.326913 299.611578	4.72e-01  7.40e-01  3.81e+05	-1.1516 60.6686 0.7866	
66.326913 299.611578	5.99e-01  7.42e-01  3.60e+05	-20.6924 71.8639 0.7804	
66.326913 299.611578	5.25e-01  7.27e-01  3.75e+05	16.8359 63.3282 0.6340	
66.326913 299.611578	5.82e-01  8.35e-01  3.49e+05	-20.8373 78.6063 0.2866	
66.326913 299.611578	6.04e-01  6.94e-01  3.67e+05	-13.7594 69.1564 0.8031	
66.326913 299.611578	5.81e-01  8.17e-01  3.52e+05	0.4790 79.7917 0.7243	
66.326913 299.611578	5.65e-01  8.98e-01  3.43e+05	-7.5503 84.5932 0.6419	
66.326913 299.611578	5.17e-01  7.75e-01  3.68e+05	28.8717 63.7123 0.6613	
66.326913 299.611578	5.75e-01  8.88e-01  3.43e+05	-52.4975 66.7511 0.6481	
66.326913 299.611578	7.08e-01  8.56e-01  3.29e+05	29.4950 86.9976 0.3606	
66.326913 299.611578	6.28e-01  7.63e-01  3.53e+05	-55.3876 56.6311 0.0839	
66.326913 299.611578	5.70e-01  9.40e-01  3.36e+05	3.4042 88.1880 0.4045	
66.326913 299.611578	5.98e-01  7.15e-01  3.65e+05	3.8639 71.8710 0.4096	
66.326913 299.611578	6.28e-01  8.30e-01  3.43e+05	-36.3550 76.3362 0.0218	
66.326913 299.611578	4.19e-01  6.93e-01  3.99e+05	-20.6393 40.1591 0.5982	
66.326913 299.611578	5.17e-01  8.20e-01  3.61e+05	6.1900 74.0985 0.5924	
66.326913 299.611578	5.98e-01  9.57e-01  3.30e+05	37.1035 83.3916 0.9870	
66.326913 299.611578	6.91e-01  8.55e-01  3.31e+05	13.9250 89.6547 0.3885	
66.326913 299.611578	6.49e-01  7.89e-01  3.46e+05	5.0313 82.8692 0.2164	
66.326913 299.611578	5.57e-01  7.95e-01  3.59e+05	15.1443 74.2829 0.1277	
66.326913 299.611578	7.50e-01  8.50e-01  3.25e+05	-34.0515 87.7076 0.8376	
66.326913 299.611578	5.78e-01  9.06e-01  3.40e+05	-30.1575 80.9522 0.3524	
66.326913 299.611578	5.90e-01  7.92e-01  3.54e+05	-9.5064 77.8484 0.4890	
66.326913 299.611578	6.01e-01  7.62e-01  3.57e+05	2.2790 76.6752 0.0332	
66.326913 299.611578	6.57e-01  8.65e-01  3.35e+05	-26.7616 84.9726 0.1730	
66.326913 299.611578	4.45e-01  8.41e-01  3.69e+05	38.4952 57.6572 0.8935	
66.326913 299.611578	7.80e-01  8.51e-01  3.21e+05	-46.9947 83.5760 0.8738	
66.326913 299.611578	6.06e-01  6.70e-01  3.71e+05	16.5987 66.1097 0.8962	
66.326913 299.611578	7.46e-01  9.03e-01  3.19e+05	-15.3475 95.6966 0.5879	
66.326913 299.611578	6.77e-01  7.57e-01  3.47e+05	-18.7474 80.4773 0.7301	
66.326913 299.611578	3.71e-01  8.24e-01  3.84e+05	0.8628 58.3690 0.4906	
66.326913 299.611578	5.39e-01  8.19e-01  3.58e+05	-17.5491 74.2379 0.8160	
66.326913 299.611578	6.97e-01  7.35e-01  3.47e+05	-15.9164 80.9939 0.8736	
66.326913 299.611578	4.46e-01  7.50e-01  3.84e+05	22.0414 54.2405 0.9625	
66.326913 299.611578	7.01e-01  8.59e-01  3.30e+05	49.1778 77.3091 0.2679	
66.326913 299.611578	6.84e-01  9.32e-01  3.22e+05	-47.9792 82.0634 0.0165	
66.326913 299.611578	5.63e-01  7.24e-01  3.69e+05	10.9246 68.5285 0.2648	
66.326913 299.611578	4.68e-01  7.09e-01  3.88e+05	5.7759 55.5218 0.6627	
66.326913 299.611578	6.03e-01  9.46e-01  3.31e+05	19.5880 88.7304 0.1778	
66.326913 299.611578	5.05e-01  7.16e-01  3.80e+05	-16.5306 59.5088 0.1692	
66.326913 299.611578	7.50e-01  8.14e-01  3.29e+05	50.4573 76.7381 0.9343	
66.326913 299.611578	4.94e-01  6.98e-01  3.85e+05	26.9804 51.2734 0.0989	
66.326913 299.611578	5.41e-01  6.48e-01  3.86e+05	16.2444 55.1551 0.9650	
66.326913 299.611578	6.33e-01  7.87e-01  3.49e+05	-33.1052 74.5625 0.1706	
66.326913 299.611578	6.44e-01  7.62e-01  3.51e+05	-25.1719 76.3751 0.6355	
66.326913 299.611578	3.73e-01  7.71e-01  3.94e+05	41.1176 29.6737 0.0817	
66.326913 299.611578	4.45e-01  7.04e-01  3.93e+05	-1.7997 51.5210 0.3524	
66.326913 299.611578	7.62e-01  8.24e-01  3.26e+05	-19.7504 91.1168 0.5591	
66.326913 299.611578	6.51e-01  8.57e-01  3.37e+05	12.3358 87.2165 0.9142	
66.326913 299.611578	5.83e-01  7.25e-01  3.66e+05	12.3459 70.4449 0.0715	
66.326913 299.611578	5.25e-01  6.41e-01  3.89e+05	-24.2752 48.5714 0.2931	
66.326913 299.611578	5.46e-01  9.01e-01  3.45e+05	-15.1545 82.2730 0.5467	
66.326913 299.611578	4.30e-01  7.98e-01  3.79e+05	3.4442 62.5579 0.7510	
66.326913 299.611578	5.93e-01  7.87e-01  3.55e+05	-4.7774 78.1062 0.5824	
66.326913 299.611578	7.71e-01  8.26e-01  3.25e+05	16.9061 92.3407 0.3105	
66.326913 299.611578	4.17e-01  7.68e-01  3.86e+05	35.0633 44.7491 0.6657	
66.326913 299.611578	4.31e-01  8.08e-01  3.77e+05	-17.7662 61.4495 0.4222	
66.326913 299.611578	3.66e-01  7.78e-01  3.94e+05	-6.2466 50.3265 0.0766	
66.326913 299.611578	4.90e-01  7.85e-01  3.71e+05	10.5532 67.2380 0.4631	
