33.212770 297.238040	3.60e-01  8.12e-01  3.05e+05	-0.0000 43.3242 0.3578	
33.212770 297.238040	3.59e-01  9.59e-01  2.86e+05	12.3281 55.6443 0.3230	
33.212770 297.238040	5.70e-01  8.17e-01  2.78e+05	12.0774 60.7352 0.1044	
33.212770 297.238040	4.84e-01  8.06e-01  2.89e+05	-12.1102 53.3736 0.7146	
33.212770 297.238040	6.59e-01  8.65e-01  2.63e+05	8.7756 69.5527 0.4996	
33.212770 297.238040	6.79e-01  8.93e-01  2.58e+05	7.9242 72.1415 0.2159	
33.212770 297.238040	4.96e-01  8.67e-01  2.80e+05	3.9416 60.1647 0.8646	
33.212770 297.238040	5.51e-01  8.03e-01  2.82e+05	-3.5343 59.5470 0.2159	
33.212770 297.238040	7.51e-01  9.56e-01  2.45e+05	0.4318 78.6087 0.8191	
33.212770 297.238040	6.52e-01  8.05e-01  2.70e+05	-0.1491 66.3386 0.3777	
33.212770 297.238040	7.90e-01  8.84e-01  2.48e+05	20.6241 74.4420 0.5620	
33.212770 297.238040	5.80e-01  6.55e-01  2.96e+05	4.2646 49.7182 0.0747	
33.212770 297.238040	4.52e-01  7.42e-01  3.02e+05	5.6221 45.3827 0.8451	
33.212770 297.238040	6.15e-01  6.82e-01  2.89e+05	-22.1421 50.6360 0.4094	
33.212770 297.238040	6.59e-01  9.09e-01  2.58e+05	22.1798 68.8801 0.8148	
33.212770 297.238040	6.87e-01  6.95e-01  2.78e+05	-15.6113 59.6366 0.4949	
33.212770 297.238040	5.88e-01  7.36e-01  2.85e+05	-26.5636 50.9867 0.6075	
33.212770 297.238040	5.86e-01  9.28e-01  2.64e+05	-13.0148 68.3634 0.6964	
33.212770 297.238040	7.25e-01  8.31e-01  2.59e+05	-10.5734 70.9578 0.5994	
33.212770 297.238040	5.56e-01  6.74e-01  2.97e+05	-15.9861 46.7530 0.4848	
33.212770 297.238040	7.47e-01  8.15e-01  2.59e+05	-10.2937 71.3284 0.5383	
33.212770 297.238040	6.74e-01  9.19e-01  2.56e+05	7.1050 73.2245 0.8937	
33.212770 297.238040	7.10e-01  7.62e-01  2.68e+05	3.9825 67.0486 0.3882	
33.212770 297.238040	5.66e-01  6.10e-01  3.04e+05	-19.3521 39.3482 0.0354	
33.212770 297.238040	6.07e-01  7.84e-01  2.77e+05	-13.1469 60.7914 0.6493	
33.212770 297.238040	4.10e-01  8.46e-01  2.94e+05	11.9362 50.3928 0.3304	
33.212770 297.238040	6.15e-01  9.12e-01  2.62e+05	-31.8183 62.6541 0.6615	
33.212770 297.238040	6.39e-01  7.75e-01  2.75e+05	-46.3970 43.6508 0.2622	
33.212770 297.238040	5.70e-01  7.62e-01  2.84e+05	11.5888 56.8811 0.2218	
33.212770 297.238040	7.00e-01  9.51e-01  2.50e+05	-18.3323 73.9666 0.3908	
33.212770 297.238040	7.52e-01  8.82e-01  2.52e+05	18.5707 73.1798 0.7018	
33.212770 297.238040	4.76e-01  8.14e-01  2.89e+05	-0.4914 54.7624 0.5784	
33.212770 297.238040	8.02e-01  8.67e-01  2.48e+05	-26.7321 72.2460 0.7895	
33.212770 297.238040	6.23e-01  7.68e-01  2.77e+05	-4.5555 62.0635 0.0829	
33.212770 297.238040	5.37e-01  8.18e-01  2.81e+05	22.3382 55.4102 0.5831	
33.212770 297.238040	7.63e-01  9.69e-01  2.43e+05	-2.6786 79.5911 0.1851	
33.212770 297.238040	8.27e-01  8.47e-01  2.48e+05	20.2044 74.5439 0.2992	
33.212770 297.238040	7.54e-01  8.83e-01  2.51e+05	-0.1511 75.6009 0.7363	
33.212770 297.238040	4.05e-01  8.62e-01  2.92e+05	17.4493 49.7512 0.0709	
33.212770 297.238040	7.38e-01  9.86e-01  2.43e+05	18.7359 77.0871 0.2272	
33.212770 297.238040	4.04e-01  8.45e-01  2.95e+05	3.4750 51.0569 0.6557	
33.212770 297.238040	6.18e-01  7.40e-01  2.81e+05	-5.6606 59.6760 0.9734	
33.212770 297.238040	4.66e-01  8.79e-01  2.83e+05	-6.0672 58.6943 0.0387	
33.212770 297.238040	6.15e-01  8.56e-01  2.68e+05	7.6964 66.7380 0.2522	
33.212770 297.238040	5.74e-01  7.58e-01  2.84e+05	-17.4746 55.3329 0.3733	
33.212770 297.238040	6.04e-01  8.59e-01  2.69e+05	-16.7380 64.5440 0.6199	
33.212770 297.238040	5.50e-01  6.71e-01  2.98e+05	-0.8801 48.5653 0.8313	
33.212770 297.238040	6.70e-01  7.44e-01  2.74e+05	1.9061 63.7320 0.3232	
33.212770 297.238040	5.77e-01  8.96e-01  2.68e+05	0.2524 67.2717 0.2795	
33.212770 297.238040	5.28e-01  8.24e-01  2.82e+05	11.5376 58.4155 0.6979	
33.212770 297.238040	4.57e-01  9.38e-01  2.77e+05	7.7871 61.9934 0.4453	
33.212770 297.238040	3.57e-01  8.11e-01  3.06e+05	8.7637 41.9242 0.1034	
33.212770 297.238040	4.44e-01  8.51e-01  2.89e+05	7.7419 54.5436 0.3940	
33.212770 297.238040	4.76e-01  8.10e-01  2.90e+05	21.4011 49.9814 0.0539	
33.212770 297.238040	5.99e-01  7.59e-01  2.81e+05	-11.0928 58.9368 0.0266	
33.212770 297.238040	6.32e-01  8.02e-01  2.72e+05	29.8647 57.6734 0.8439	
33.212770 297.238040	4.18e-01  9.01e-01  2.86e+05	0.1367 57.0561 0.2052	
33.212770 297.238040	6.12e-01  7.39e-01  2.82e+05	6.5425 59.0958 0.0960	
33.212770 297.238040	5.73e-01  7.63e-01  2.84e+05	24.6263 52.9141 0.3067	
33.212770 297.238040	5.95e-01  7.25e-01  2.86e+05	-7.2417 56.6624 0.3265	
33.212770 297.238040	7.95e-01  9.00e-01  2.46e+05	20.1428 75.4840 0.8288	
33.212770 297.238040	5.71e-01  9.51e-01  2.63e+05	22.7829 66.1749 0.0237	
33.212770 297.238040	7.34e-01  8.19e-01  2.60e+05	27.9013 65.9255 0.4626	
33.212770 297.238040	5.76e-01  8.12e-01  2.77e+05	-4.4112 61.8600 0.5722	
33.212770 297.238040	5.21e-01  7.38e-01  2.93e+05	10.5024 51.0508 0.8797	
33.212770 297.238040	7.81e-01  8.38e-01  2.53e+05	5.0841 74.6157 0.6596	
33.212770 297.238040	4.25e-01  8.37e-01  2.93e+05	-2.7633 52.2299 0.6703	
33.212770 297.238040	5.59e-01  7.97e-01  2.81e+05	22.6697 55.3336 0.0839	
33.212770 297.238040	4.25e-01  8.64e-01  2.90e+05	-10.8208 53.5433 0.1489	
33.212770 297.238040	4.21e-01  7.01e-01  3.12e+05	-10.9996 35.1190 0.9851	
33.212770 297.238040	4.95e-01  6.93e-01  3.03e+05	-8.8015 44.2984 0.3849	
33.212770 297.238040	5.37e-01  8.37e-01  2.79e+05	3.7867 60.8916 0.1164	
33.212770 297.238040	5.19e-01  7.13e-01  2.97e+05	10.2696 48.5174 0.7419	
33.212770 297.238040	4.59e-01  7.42e-01  3.01e+05	-4.6423 46.2964 0.8229	
33.212770 297.238040	6.26e-01  7.95e-01  2.74e+05	-5.5844 63.8842 0.0898	
33.212770 297.238040	6.68e-01  8.84e-01  2.60e+05	-1.2631 71.5327 0.1208	
33.212770 297.238040	6.59e-01  7.51e-01  2.75e+05	2.2744 63.3876 0.5924	
33.212770 297.238040	6.60e-01  8.64e-01  2.63e+05	35.0745 60.6970 0.8184	
33.212770 297.238040	5.53e-01  9.23e-01  2.68e+05	-18.8308 64.7907 0.8406	
33.212770 297.238040	5.51e-01  9.37e-01  2.66e+05	-13.7110 66.7810 0.2859	
33.212770 297.238040	5.35e-01  9.34e-01  2.68e+05	10.7820 66.1740 0.9363	
33.212770 297.238040	5.66e-01  8.60e-01  2.73e+05	-18.6216 61.7624 0.5335	
33.212770 297.238040	6.68e-01  7.73e-01  2.71e+05	-17.2769 63.0966 0.7008	
33.212770 297.238040	4.90e-01  8.59e-01  2.82e+05	14.4595 57.4919 0.9680	
33.212770 297.238040	5.17e-01  8.72e-01  2.77e+05	27.8801 55.4537 0.5212	
33.212770 297.238040	4.07e-01  7.62e-01  3.06e+05	-16.1023 39.7745 0.2126	
33.212770 297.238040	5.95e-01  8.65e-01  2.69e+05	12.9279 65.2914 0.5513	
33.212770 297.238040	5.30e-01  8.93e-01  2.74e+05	-12.7395 62.9791 0.7439	
33.212770 297.238040	7.05e-01  8.77e-01  2.57e+05	-16.2874 71.2374 0.9388	
33.212770 297.238040	6.17e-01  9.19e-01  2.61e+05	15.3541 69.0353 0.4844	
33.212770 297.238040	5.60e-01  9.38e-01  2.65e+05	9.8865 67.9609 0.8136	
33.212770 297.238040	6.99e-01  8.65e-01  2.58e+05	-6.8626 71.8266 0.2862	
33.212770 297.238040	4.86e-01  8.02e-01  2.90e+05	28.4073 46.6333 0.3543	
33.212770 297.238040	7.94e-01  9.23e-01  2.44e+05	45.0111 64.9973 0.5002	
33.212770 297.238040	5.69e-01  9.02e-01  2.68e+05	13.2584 65.8405 0.0314	
33.212770 297.238040	6.28e-01  8.13e-01  2.71e+05	-24.9635 60.4571 0.6127	
33.212770 297.238040	5.09e-01  7.21e-01  2.97e+05	-19.9981 45.1087 0.6714	
33.212770 297.238040	4.52e-01  9.29e-01  2.78e+05	-35.7296 50.0803 0.6081	
33.212770 297.238040	5.99e-01  7.93e-01  2.77e+05	6.7637 61.9523 0.2793	
33.212770 297.238040	5.74e-01  7.27e-01  2.88e+05	-7.4664 55.1136 0.1488	
33.212770 297.238040	5.49e-01  8.14e-01  2.80e+05	-10.9192 59.3119 0.5096	
33.212770 297.238040	6.49e-01  7.93e-01  2.71e+05	20.1678 62.2828 0.1823	
33.212770 297.238040	5.90e-01  7.65e-01  2.81e+05	-29.2649 52.0722 0.6109	
33.212770 297.238040	8.07e-01  8.45e-01  2.50e+05	24.4293 72.2735 0.0067	
33.212770 297.238040	5.81e-01  9.68e-01  2.60e+05	-18.3108 69.0196 0.2058	
33.212770 297.238040	4.86e-01  7.27e-01  2.99e+05	7.2913 47.1320 0.7033	
33.212770 297.238040	8.06e-01  9.30e-01  2.42e+05	-17.8772 77.7606 0.8817	
33.212770 297.238040	5.20e-01  7.86e-01  2.87e+05	-19.9965 52.3253 0.1625	
33.212770 297.238040	8.29e-01  8.95e-01  2.43e+05	-6.5017 79.0248 0.7219	
33.212770 297.238040	7.06e-01  9.34e-01  2.51e+05	-9.9467 75.0988 0.6793	
33.212770 297.238040	7.31e-01  9.31e-01  2.49e+05	3.4103 76.6346 0.4187	
33.212770 297.238040	5.38e-01  7.85e-01  2.85e+05	-22.5607 52.7788 0.8897	
33.212770 297.238040	7.03e-01  8.29e-01  2.62e+05	-33.5579 62.0167 0.9392	
33.212770 297.238040	5.63e-01  9.59e-01  2.63e+05	10.1817 69.2440 0.1131	
33.212770 297.238040	5.15e-01  7.40e-01  2.94e+05	6.2840 51.3366 0.3365	
33.212770 297.238040	3.64e-01  8.36e-01  3.01e+05	-4.8760 46.1920 0.6625	
33.212770 297.238040	5.36e-01  6.44e-01  3.04e+05	-12.7688 42.3247 0.7959	
33.212770 297.238040	5.39e-01  9.53e-01  2.66e+05	26.5547 62.9751 0.0565	
33.212770 297.238040	7.28e-01  9.37e-01  2.49e+05	5.0308 76.6799 0.0027	
33.212770 297.238040	5.25e-01  8.97e-01  2.74e+05	23.9375 59.5607 0.1030	
33.212770 297.238040	7.46e-01  9.31e-01  2.48e+05	-12.6551 76.2902 0.5894	
33.212770 297.238040	5.84e-01  8.69e-01  2.70e+05	17.8025 63.7054 0.2197	
33.212770 297.238040	6.62e-01  8.28e-01  2.66e+05	-15.5552 66.4725 0.7184	
33.212770 297.238040	7.54e-01  8.49e-01  2.55e+05	1.3918 74.0444 0.9716	
33.212770 297.238040	6.89e-01  7.31e-01  2.74e+05	-30.0931 56.5554 0.8511	
33.212770 297.238040	3.99e-01  9.10e-01  2.87e+05	-1.0788 56.2470 0.7605	
33.212770 297.238040	5.41e-01  8.12e-01  2.82e+05	14.0985 57.8670 0.6693	
33.212770 297.238040	5.17e-01  8.38e-01  2.81e+05	-2.2034 59.6513 0.7285	
33.212770 297.238040	5.75e-01  9.20e-01  2.66e+05	-14.1509 67.0544 0.3495	
33.212770 297.238040	5.72e-01  8.21e-01  2.77e+05	-14.8163 60.5656 0.7887	
33.212770 297.238040	7.93e-01  9.11e-01  2.45e+05	-9.7333 77.8928 0.6912	
33.212770 297.238040	5.70e-01  8.73e-01  2.71e+05	18.5583 62.7994 0.3233	
33.212770 297.238040	7.50e-01  8.55e-01  2.54e+05	-24.3340 70.0266 0.3051	
33.212770 297.238040	6.19e-01  8.30e-01  2.71e+05	-0.8340 65.9165 0.1482	
33.212770 297.238040	5.99e-01  7.83e-01  2.78e+05	27.8109 54.9758 0.6339	
33.212770 297.238040	5.40e-01  6.58e-01  3.01e+05	4.5080 45.9966 0.4772	
33.212770 297.238040	3.94e-01  8.36e-01  2.97e+05	22.1203 44.1889 0.3254	
33.212770 297.238040	5.93e-01  9.27e-01  2.63e+05	24.7630 65.3570 0.8643	
33.212770 297.238040	6.94e-01  8.57e-01  2.60e+05	14.5603 70.0069 0.4639	
33.212770 297.238040	7.83e-01  8.90e-01  2.48e+05	-18.5799 74.9194 0.8571	
33.212770 297.238040	7.06e-01  8.26e-01  2.62e+05	-17.9307 68.1976 0.9295	
33.212770 297.238040	5.09e-01  7.54e-01  2.93e+05	-8.0025 51.8752 0.3684	
33.212770 297.238040	5.04e-01  8.93e-01  2.76e+05	4.1330 62.5024 0.0429	
33.212770 297.238040	6.86e-01  8.04e-01  2.66e+05	45.8220 50.5166 0.3810	
33.212770 297.238040	4.03e-01  8.58e-01  2.93e+05	7.8783 51.6054 0.9319	
33.212770 297.238040	8.32e-01  9.54e-01  2.38e+05	25.1474 77.7743 0.9503	
33.212770 297.238040	6.24e-01  8.03e-01  2.73e+05	-14.2738 62.9491 0.4080	
33.212770 297.238040	7.13e-01  8.27e-01  2.61e+05	19.4201 68.2459 0.1051	
33.212770 297.238040	6.65e-01  7.75e-01  2.72e+05	25.9970 59.9072 0.1560	
33.212770 297.238040	4.78e-01  8.74e-01  2.82e+05	11.7693 58.3340 0.1310	
33.212770 297.238040	5.97e-01  8.51e-01  2.71e+05	-27.2122 59.9313 0.4838	
33.212770 297.238040	3.29e-01  8.47e-01  3.04e+05	-0.4036 43.7938 0.9044	
33.212770 297.238040	6.01e-01  6.59e-01  2.93e+05	24.8380 45.9359 0.7052	
33.212770 297.238040	6.21e-01  7.59e-01  2.78e+05	4.0018 61.3549 0.2688	
33.212770 297.238040	5.02e-01  7.49e-01  2.94e+05	15.5097 48.9936 0.9101	
33.212770 297.238040	5.38e-01  9.23e-01  2.69e+05	11.2724 65.6207 0.8014	
33.212770 297.238040	6.50e-01  7.25e-01  2.79e+05	9.2858 60.4534 0.0778	
33.212770 297.238040	5.82e-01  7.61e-01  2.83e+05	22.3657 54.4345 0.4336	
33.212770 297.238040	7.67e-01  9.24e-01  2.46e+05	10.8658 77.1897 0.0822	
33.212770 297.238040	6.82e-01  7.54e-01  2.72e+05	-33.9915 55.5181 0.5817	
33.212770 297.238040	6.33e-01  8.91e-01  2.63e+05	28.1448 64.1847 0.8385	
33.212770 297.238040	6.14e-01  8.78e-01  2.66e+05	5.1653 68.1601 0.5098	
33.212770 297.238040	6.57e-01  6.88e-01  2.83e+05	-1.9919 59.0069 0.3773	
33.212770 297.238040	7.04e-01  8.43e-01  2.60e+05	20.6504 68.2334 0.0704	
33.212770 297.238040	7.37e-01  9.17e-01  2.50e+05	1.5512 76.3334 0.5637	
33.212770 297.238040	6.87e-01  8.02e-01  2.66e+05	21.5057 64.6586 0.1817	
33.212770 297.238040	7.06e-01  7.46e-01  2.70e+05	1.2693 66.0354 0.7527	
33.212770 297.238040	6.21e-01  8.48e-01  2.68e+05	-8.3817 66.5511 0.8429	
33.212770 297.238040	6.44e-01  8.03e-01  2.71e+05	-14.9124 64.0695 0.0534	
33.212770 297.238040	5.73e-01  7.29e-01  2.88e+05	-7.3584 55.2979 0.7321	
33.212770 297.238040	4.94e-01  7.13e-01  3.00e+05	-9.3612 46.1270 0.7598	
33.212770 297.238040	6.93e-01  7.57e-01  2.71e+05	-23.3204 61.6443 0.3474	
33.212770 297.238040	5.11e-01  7.00e-01  3.00e+05	12.1112 45.9319 0.8392	
33.212770 297.238040	6.58e-01  8.87e-01  2.60e+05	20.9961 68.0450 0.9516	
33.212770 297.238040	6.31e-01  7.50e-01  2.78e+05	24.3139 56.4760 0.3807	
33.212770 297.238040	4.28e-01  6.75e-01  3.15e+05	5.4018 33.6953 0.6390	
33.212770 297.238040	6.07e-01  7.39e-01  2.82e+05	-1.9344 59.0905 0.2727	
33.212770 297.238040	5.99e-01  7.36e-01  2.84e+05	-34.1036 47.2910 0.6317	
33.212770 297.238040	5.00e-01  8.37e-01  2.84e+05	11.1069 57.3382 0.1817	
33.212770 297.238040	7.12e-01  8.61e-01  2.58e+05	19.9415 69.7656 0.7569	
33.212770 297.238040	4.75e-01  8.29e-01  2.88e+05	-5.3293 55.6091 0.9902	
33.212770 297.238040	3.96e-01  8.43e-01  2.96e+05	-5.7548 49.8463 0.5064	
33.212770 297.238040	6.15e-01  7.18e-01  2.84e+05	-3.9083 57.9954 0.3276	
33.212770 297.238040	5.88e-01  7.53e-01  2.83e+05	-14.4663 56.8809 0.1652	
33.212770 297.238040	3.91e-01  7.53e-01  3.09e+05	0.0057 39.8880 0.5530	
33.212770 297.238040	4.50e-01  7.85e-01  2.96e+05	-4.3853 49.7078 0.7714	
33.212770 297.238040	5.83e-01  7.97e-01  2.78e+05	-6.7160 61.1474 0.3911	
33.212770 297.238040	5.54e-01  7.97e-01  2.82e+05	5.3131 59.1975 0.8938	
33.212770 297.238040	4.79e-01  8.24e-01  2.88e+05	4.6908 55.6012 0.9486	
33.212770 297.238040	6.82e-01  9.41e-01  2.53e+05	15.9004 73.2713 0.3147	
33.212770 297.238040	5.05e-01  7.07e-01  3.00e+05	10.3070 46.5480 0.8780	
33.212770 297.238040	6.07e-01  8.82e-01  2.66e+05	-1.2715 68.1583 0.2626	
33.212770 297.238040	5.75e-01  7.91e-01  2.80e+05	-15.4818 58.4632 0.5203	
33.212770 297.238040	5.31e-01  9.34e-01  2.69e+05	-0.4369 66.7872 0.6346	
33.212770 297.238040	4.11e-01  8.75e-01  2.90e+05	-0.9922 54.3902 0.0331	
33.212770 297.238040	4.30e-01  7.56e-01  3.03e+05	0.3135 44.8916 0.1249	
33.212770 297.238040	5.84e-01  8.14e-01  2.76e+05	1.9604 62.6448 0.6946	
33.212770 297.238040	6.90e-01  8.20e-01  2.64e+05	-9.1807 68.7288 0.6584	
33.212770 297.238040	6.72e-01  7.79e-01  2.70e+05	-6.2867 65.6683 0.5548	
33.212770 297.238040	4.89e-01  8.24e-01  2.86e+05	19.5588 53.1565 0.8558	
33.212770 297.238040	6.17e-01  8.91e-01  2.64e+05	21.9832 65.6522 0.2412	
33.212770 297.238040	6.01e-01  8.54e-01  2.70e+05	16.0733 64.3062 0.7451	
33.212770 297.238040	4.87e-01  6.80e-01  3.06e+05	-1.9939 42.6750 0.3586	
33.212770 297.238040	5.15e-01  8.05e-01  2.86e+05	7.3030 56.7150 0.9238	
33.212770 297.238040	5.64e-01  6.55e-01  2.99e+05	0.1180 48.3338 0.3558	
33.212770 297.238040	6.56e-01  7.45e-01  2.76e+05	23.3719 58.3127 0.4937	
33.212770 297.238040	4.55e-01  9.10e-01  2.80e+05	27.4174 53.8221 0.8639	
33.212770 297.238040	6.07e-01  9.39e-01  2.60e+05	-18.6963 68.7253 0.0655	
33.212770 297.238040	6.56e-01  8.78e-01  2.61e+05	-13.4807 69.3687 0.4523	
33.212770 297.238040	5.97e-01  8.97e-01  2.66e+05	-14.9596 66.7714 0.4250	
33.212770 297.238040	5.02e-01  9.37e-01  2.72e+05	7.3663 64.8649 0.2178	
33.212770 297.238040	5.70e-01  8.58e-01  2.73e+05	-3.3208 64.5182 0.9851	
33.212770 297.238040	4.35e-01  7.86e-01  2.98e+05	-9.4388 47.6240 0.1921	
33.212770 297.238040	6.41e-01  7.73e-01  2.75e+05	2.2152 63.6505 0.3163	
33.212770 297.238040	4.85e-01  6.99e-01  3.03e+05	7.9984 43.9589 0.4756	
33.212770 297.238040	5.81e-01  9.01e-01  2.67e+05	22.4341 63.9778 0.7153	
33.212770 297.238040	5.76e-01  8.58e-01  2.72e+05	-5.8438 64.6923 0.0335	
33.212770 297.238040	8.10e-01  9.16e-01  2.43e+05	-16.0287 77.7703 0.3598	
33.212770 297.238040	6.20e-01  8.59e-01  2.67e+05	-13.8825 66.1500 0.8270	
33.212770 297.238040	8.37e-01  8.63e-01  2.45e+05	4.1710 78.2362 0.4945	
33.212770 297.238040	4.62e-01  9.45e-01  2.75e+05	18.2992 60.5518 0.7355	
33.212770 297.238040	6.17e-01  8.95e-01  2.64e+05	12.1602 68.3578 0.6500	
33.212770 297.238040	5.77e-01  7.83e-01  2.81e+05	-14.6225 58.3193 0.5821	
33.212770 297.238040	5.66e-01  7.40e-01  2.87e+05	-38.3472 40.8724 0.6480	
33.212770 297.238040	7.00e-01  8.12e-01  2.64e+05	21.1397 66.1782 0.3923	
33.212770 297.238040	5.42e-01  9.23e-01  2.69e+05	5.8619 66.5405 0.8747	
33.212770 297.238040	7.35e-01  8.67e-01  2.55e+05	-15.4323 72.3283 0.2531	
33.212770 297.238040	4.94e-01  8.98e-01  2.77e+05	5.8895 61.9825 0.9544	
33.212770 297.238040	6.69e-01  8.57e-01  2.62e+05	-11.3402 69.3021 0.9508	
33.212770 297.238040	5.43e-01  7.29e-01  2.92e+05	2.1529 53.2110 0.9426	
33.212770 297.238040	6.86e-01  7.93e-01  2.67e+05	16.7099 65.5694 0.9161	
33.212770 297.238040	5.84e-01  8.64e-01  2.71e+05	-20.6921 62.4823 0.7099	
33.212770 297.238040	4.62e-01  9.16e-01  2.79e+05	17.5504 58.8100 0.4188	
33.212770 297.238040	5.63e-01  7.58e-01  2.86e+05	-9.2842 56.4398 0.4420	
33.212770 297.238040	6.72e-01  7.82e-01  2.70e+05	6.2737 65.8480 0.4172	
33.212770 297.238040	7.73e-01  8.97e-01  2.48e+05	18.0536 74.9346 0.7791	
33.212770 297.238040	7.20e-01  8.77e-01  2.55e+05	1.3537 73.7756 0.9350	
33.212770 297.238040	5.59e-01  7.49e-01  2.87e+05	19.9018 52.5152 0.2283	
33.212770 297.238040	6.47e-01  7.67e-01  2.74e+05	8.2114 63.1969 0.7856	
33.212770 297.238040	5.78e-01  7.48e-01  2.85e+05	-12.0495 56.3110 0.6878	
33.212770 297.238040	5.06e-01  8.18e-01  2.85e+05	0.0724 57.4838 0.0881	
33.212770 297.238040	5.21e-01  9.15e-01  2.72e+05	26.4701 59.4696 0.5566	
33.212770 297.238040	6.33e-01  8.13e-01  2.71e+05	-5.9202 65.4249 0.5710	
33.212770 297.238040	6.03e-01  7.96e-01  2.76e+05	6.1701 62.4726 0.0731	
33.212770 297.238040	6.15e-01  9.22e-01  2.61e+05	18.4579 68.3611 0.0717	
33.212770 297.238040	7.33e-01  9.37e-01  2.48e+05	36.0496 68.1114 0.2707	
33.212770 297.238040	3.41e-01  8.92e-01  2.97e+05	-8.1222 49.0167 0.2405	
33.212770 297.238040	4.57e-01  8.19e-01  2.91e+05	-1.5710 53.5856 0.8841	
33.212770 297.238040	6.28e-01  8.44e-01  2.68e+05	1.2544 67.2072 0.7563	
33.212770 297.238040	5.40e-01  7.81e-01  2.85e+05	-17.9458 54.3471 0.6894	
33.212770 297.238040	5.55e-01  7.78e-01  2.84e+05	20.9507 54.2686 0.5609	
33.212770 297.238040	5.79e-01  8.00e-01  2.79e+05	-9.1463 60.6644 0.4126	
33.212770 297.238040	5.14e-01  8.94e-01  2.75e+05	-12.1965 62.0894 0.8046	
33.212770 297.238040	5.93e-01  7.31e-01  2.85e+05	0.0679 57.4896 0.6808	
33.212770 297.238040	6.75e-01  7.66e-01  2.72e+05	6.9291 64.9965 0.8669	
33.212770 297.238040	7.47e-01  8.46e-01  2.56e+05	4.0159 73.4470 0.7762	
33.212770 297.238040	5.88e-01  8.59e-01  2.71e+05	-15.8699 63.7974 0.4274	
33.212770 297.238040	5.84e-01  7.72e-01  2.81e+05	-1.3464 59.7947 0.4253	
33.212770 297.238040	6.55e-01  7.92e-01  2.71e+05	-1.2236 65.7464 0.6789	
33.212770 297.238040	6.21e-01  8.53e-01  2.68e+05	1.7798 67.3135 0.8773	
33.212770 297.238040	6.51e-01  9.71e-01  2.53e+05	10.7662 74.1316 0.9993	
33.212770 297.238040	6.92e-01  7.95e-01  2.66e+05	14.6661 66.5189 0.7407	
33.212770 297.238040	6.61e-01  7.52e-01  2.75e+05	-16.5558 61.4296 0.7697	
33.212770 297.238040	7.76e-01  9.92e-01  2.39e+05	-7.4525 80.7035 0.5494	
33.212770 297.238040	5.04e-01  8.65e-01  2.80e+05	24.2980 55.6445 0.9722	
33.212770 297.238040	5.52e-01  8.33e-01  2.78e+05	-10.1911 60.9732 0.6528	
33.212770 297.238040	5.38e-01  9.28e-01  2.69e+05	4.7901 66.7307 0.9923	
33.212770 297.238040	6.77e-01  8.14e-01  2.66e+05	-29.9270 61.3368 0.2820	
33.212770 297.238040	4.31e-01  8.07e-01  2.96e+05	-0.4086 50.1514 0.2857	
33.212770 297.238040	6.81e-01  8.56e-01  2.61e+05	-17.7653 68.5209 0.1656	
33.212770 297.238040	7.54e-01  8.78e-01  2.52e+05	-5.3831 75.2334 0.5722	
33.212770 297.238040	6.97e-01  8.08e-01  2.65e+05	23.0721 65.1087 0.1935	
33.212770 297.238040	5.34e-01  7.65e-01  2.88e+05	23.5207 50.2351 0.5421	
33.212770 297.238040	4.56e-01  7.59e-01  2.99e+05	-0.9865 47.9233 0.3421	
33.212770 297.238040	6.23e-01  7.65e-01  2.78e+05	23.6930 57.2879 0.7120	
33.212770 297.238040	4.67e-01  8.82e-01  2.82e+05	13.7712 57.6880 0.1255	
33.212770 297.238040	8.19e-01  9.63e-01  2.38e+05	12.6514 80.5659 0.2460	
33.212770 297.238040	5.59e-01  8.47e-01  2.75e+05	-8.3499 62.6500 0.8898	
33.212770 297.238040	7.33e-01  8.90e-01  2.53e+05	-19.4470 72.3915 0.5072	
33.212770 297.238040	4.52e-01  7.45e-01  3.02e+05	0.3773 46.0948 0.8251	
33.212770 297.238040	5.68e-01  7.01e-01  2.92e+05	-11.8215 51.6049 0.4894	
33.212770 297.238040	4.78e-01  7.45e-01  2.98e+05	4.0389 48.4994 0.1896	
33.212770 297.238040	4.88e-01  8.80e-01  2.80e+05	0.4570 60.6277 0.5479	
33.212770 297.238040	5.48e-01  7.14e-01  2.93e+05	-6.8835 51.9121 0.0227	
33.212770 297.238040	3.52e-01  8.19e-01  3.05e+05	-2.0737 43.1766 0.2172	
33.212770 297.238040	6.31e-01  8.77e-01  2.64e+05	5.5666 69.0222 0.2327	
33.212770 297.238040	6.89e-01  9.57e-01  2.50e+05	-2.5116 75.9813 0.8365	
33.212770 297.238040	6.07e-01  8.61e-01  2.69e+05	-7.4736 66.5603 0.2417	
33.212770 297.238040	6.91e-01  8.31e-01  2.63e+05	-11.1582 69.1300 0.9822	
33.212770 297.238040	6.16e-01  8.75e-01  2.66e+05	-1.9527 68.3194 0.8635	
33.212770 297.238040	6.27e-01  8.10e-01  2.72e+05	-15.2791 63.2958 0.4547	
33.212770 297.238040	7.08e-01  8.97e-01  2.54e+05	-0.5523 74.1143 0.7508	
33.212770 297.238040	4.07e-01  7.08e-01  3.13e+05	11.8470 33.8570 0.3881	
33.212770 297.238040	3.84e-01  8.94e-01  2.91e+05	-0.6481 53.7682 0.1038	
33.212770 297.238040	3.90e-01  9.73e-01  2.80e+05	-16.0979 58.0896 0.2979	
33.212770 297.238040	6.40e-01  8.80e-01  2.63e+05	15.4238 68.1478 0.4294	
33.212770 297.238040	5.67e-01  9.07e-01  2.68e+05	17.7871 64.9038 0.7054	
33.212770 297.238040	6.30e-01  8.40e-01  2.68e+05	-34.6925 57.3821 0.0847	
33.212770 297.238040	6.05e-01  8.18e-01  2.74e+05	20.7081 60.8287 0.2328	
33.212770 297.238040	5.30e-01  7.58e-01  2.90e+05	-0.7583 54.6385 0.4925	
33.212770 297.238040	5.63e-01  8.08e-01  2.79e+05	2.9803 60.8297 0.6734	
33.212770 297.238040	6.99e-01  7.91e-01  2.66e+05	31.9266 60.3362 0.6672	
33.212770 297.238040	3.98e-01  8.76e-01  2.91e+05	-8.5781 52.7319 0.3032	
33.212770 297.238040	6.56e-01  8.84e-01  2.61e+05	-42.5890 56.6815 0.1364	
33.212770 297.238040	4.05e-01  8.37e-01  2.95e+05	2.8704 50.5212 0.9935	
33.212770 297.238040	5.77e-01  9.69e-01  2.60e+05	3.7768 71.1037 0.5315	
33.212770 297.238040	5.88e-01  6.98e-01  2.90e+05	-16.2387 51.9429 0.6408	
33.212770 297.238040	5.57e-01  8.39e-01  2.77e+05	32.7339 53.2915 0.3989	
33.212770 297.238040	6.30e-01  8.57e-01  2.66e+05	-5.6962 67.8408 0.5713	
33.212770 297.238040	5.20e-01  8.23e-01  2.83e+05	27.4390 52.1375 0.5168	
33.212770 297.238040	6.24e-01  8.90e-01  2.64e+05	-4.5920 69.3703 0.9648	
33.212770 297.238040	3.90e-01  7.05e-01  3.16e+05	-1.7918 32.7418 0.1822	
33.212770 297.238040	4.22e-01  8.41e-01  2.93e+05	-8.3899 51.8019 0.8877	
33.212770 297.238040	6.57e-01  7.86e-01  2.71e+05	-5.9129 65.2439 0.4132	
33.212770 297.238040	4.72e-01  8.59e-01  2.84e+05	-30.9243 49.0657 0.0541	
33.212770 297.238040	6.64e-01  9.01e-01  2.58e+05	-0.9893 72.1983 0.3898	
33.212770 297.238040	5.93e-01  8.29e-01  2.74e+05	7.4520 63.7711 0.7654	
33.212770 297.238040	5.91e-01  7.01e-01  2.89e+05	-21.5868 50.5027 0.6607	
33.212770 297.238040	8.06e-01  9.06e-01  2.44e+05	54.1650 57.3012 0.0015	
33.212770 297.238040	4.52e-01  8.52e-01  2.88e+05	-3.7663 55.7134 0.9716	
33.212770 297.238040	5.87e-01  6.90e-01  2.91e+05	-13.4260 52.0126 0.6030	
33.212770 297.238040	5.67e-01  8.09e-01  2.79e+05	8.0729 60.6722 0.0478	
33.212770 297.238040	5.43e-01  7.97e-01  2.83e+05	16.2268 56.3800 0.5044	
33.212770 297.238040	5.92e-01  8.78e-01  2.68e+05	-7.2103 66.7025 0.1824	
33.212770 297.238040	5.33e-01  8.50e-01  2.78e+05	4.2644 61.5188 0.8054	
33.212770 297.238040	3.72e-01  9.79e-01  2.82e+05	23.4205 54.6479 0.7685	
33.212770 297.238040	4.99e-01  8.40e-01  2.83e+05	10.1460 57.6561 0.9769	
33.212770 297.238040	4.19e-01  8.19e-01  2.96e+05	4.9198 49.8651 0.2219	
33.212770 297.238040	5.56e-01  7.59e-01  2.86e+05	-14.7068 54.7860 0.8620	
33.212770 297.238040	5.15e-01  8.01e-01  2.86e+05	-5.1940 56.6331 0.6178	
33.212770 297.238040	7.37e-01  8.69e-01  2.54e+05	-39.8051 62.6285 0.5996	
33.212770 297.238040	6.24e-01  8.86e-01  2.64e+05	4.6686 69.2245 0.5551	
33.212770 297.238040	4.73e-01  7.63e-01  2.96e+05	-0.1272 49.9969 0.9662	
33.212770 297.238040	6.96e-01  8.41e-01  2.61e+05	14.9596 69.1599 0.8129	
33.212770 297.238040	8.24e-01  8.37e-01  2.49e+05	25.4999 72.3435 0.0260	
33.212770 297.238040	5.42e-01  9.45e-01  2.66e+05	-12.5209 66.9073 0.4556	
33.212770 297.238040	8.39e-01  9.23e-01  2.40e+05	-15.7380 79.2453 0.5987	
33.212770 297.238040	7.39e-01  9.10e-01  2.50e+05	13.9027 74.8607 0.7984	
33.212770 297.238040	5.65e-01  8.97e-01  2.69e+05	-4.3126 66.5083 0.9323	
33.212770 297.238040	4.53e-01  9.49e-01  2.76e+05	-13.5880 61.4288 0.9193	
33.212770 297.238040	7.26e-01  9.21e-01  2.50e+05	-6.7810 75.7647 0.4332	
33.212770 297.238040	7.27e-01  8.45e-01  2.58e+05	17.8906 70.3143 0.9278	
33.212770 297.238040	6.43e-01  8.07e-01  2.70e+05	-17.7427 63.5088 0.7404	
33.212770 297.238040	6.15e-01  7.72e-01  2.78e+05	2.3298 61.8982 0.5480	
33.212770 297.238040	5.86e-01  7.54e-01  2.83e+05	-21.6958 54.4432 0.7892	
33.212770 297.238040	6.78e-01  9.38e-01  2.53e+05	11.2483 73.8043 0.5732	
33.212770 297.238040	6.38e-01  8.68e-01  2.64e+05	19.9364 66.2001 0.7304	
33.212770 297.238040	7.12e-01  8.68e-01  2.57e+05	-25.7421 68.2751 0.1768	
33.212770 297.238040	7.26e-01  8.20e-01  2.60e+05	10.7266 70.4016 0.0009	
33.212770 297.238040	6.72e-01  7.52e-01  2.73e+05	36.5672 52.9692 0.7740	
33.212770 297.238040	6.30e-01  8.54e-01  2.67e+05	-42.6644 52.8231 0.8438	
33.212770 297.238040	5.29e-01  7.61e-01  2.89e+05	27.8970 47.1113 0.2074	
33.212770 297.238040	5.99e-01  7.78e-01  2.79e+05	-26.7330 55.1231 0.6174	
33.212770 297.238040	6.78e-01  8.75e-01  2.60e+05	7.8989 71.1506 0.6274	
33.212770 297.238040	6.48e-01  8.29e-01  2.68e+05	23.2989 63.3777 0.4407	
33.212770 297.238040	6.57e-01  7.95e-01  2.70e+05	-38.9412 53.3756 0.6143	
33.212770 297.238040	7.53e-01  9.53e-01  2.45e+05	13.0638 77.5013 0.7166	
33.212770 297.238040	5.31e-01  7.21e-01  2.94e+05	-15.0241 49.2081 0.6287	
33.212770 297.238040	5.73e-01  7.72e-01  2.83e+05	5.6335 58.6988 0.5159	
33.212770 297.238040	4.51e-01  7.82e-01  2.97e+05	5.7046 49.3110 0.6999	
33.212770 297.238040	5.43e-01  7.56e-01  2.88e+05	-21.0863 51.3616 0.1953	
33.212770 297.238040	6.06e-01  9.55e-01  2.59e+05	-2.9308 71.9339 0.0580	
33.212770 297.238040	5.33e-01  6.70e-01  3.01e+05	26.5604 38.3676 0.0143	
33.212770 297.238040	5.72e-01  8.76e-01  2.71e+05	-12.9582 64.5019 0.3876	
33.212770 297.238040	5.93e-01  7.51e-01  2.83e+05	-18.9208 55.8391 0.1818	
33.212770 297.238040	3.87e-01  9.50e-01  2.84e+05	20.0093 54.8831 0.7223	
33.212770 297.238040	5.27e-01  8.74e-01  2.76e+05	-14.9297 61.1117 0.0636	
33.212770 297.238040	6.96e-01  8.95e-01  2.56e+05	-15.9473 71.7219 0.6230	
33.212770 297.238040	5.46e-01  7.73e-01  2.86e+05	-1.9382 57.0579 0.1046	
33.212770 297.238040	6.99e-01  7.89e-01  2.66e+05	-14.4844 66.5775 0.0254	
33.212770 297.238040	6.40e-01  9.73e-01  2.54e+05	-3.5715 74.4297 0.0305	
33.212770 297.238040	7.35e-01  8.42e-01  2.57e+05	-27.1636 67.5305 0.5199	
33.212770 297.238040	6.81e-01  8.01e-01  2.67e+05	28.3893 61.5739 0.8862	
33.212770 297.238040	5.90e-01  8.04e-01  2.77e+05	7.4716 61.9560 0.0161	
33.212770 297.238040	5.90e-01  8.75e-01  2.69e+05	-8.4164 66.2748 0.3610	
33.212770 297.238040	7.55e-01  9.79e-01  2.42e+05	-41.1789 68.2737 0.5256	
33.212770 297.238040	5.06e-01  8.04e-01  2.87e+05	9.5246 55.5473 0.0321	
33.212770 297.238040	7.83e-01  9.38e-01  2.44e+05	3.5223 79.1042 0.4336	
33.212770 297.238040	4.42e-01  9.02e-01  2.83e+05	-6.4685 58.5989 0.8581	
33.212770 297.238040	6.20e-01  8.55e-01  2.68e+05	32.7314 58.9603 0.1833	
33.212770 297.238040	6.28e-01  8.19e-01  2.71e+05	-12.9945 64.4489 0.5530	
33.212770 297.238040	6.17e-01  8.30e-01  2.71e+05	-1.2416 65.7502 0.4826	
33.212770 297.238040	7.33e-01  8.96e-01  2.52e+05	-11.8112 74.3272 0.0549	
33.212770 297.238040	4.03e-01  8.91e-01  2.89e+05	25.7594 48.7404 0.0037	
33.212770 297.238040	5.32e-01  7.68e-01  2.88e+05	8.1630 54.9127 0.5688	
33.212770 297.238040	7.90e-01  9.47e-01  2.42e+05	11.8992 78.9169 0.7662	
33.212770 297.238040	4.70e-01  7.85e-01  2.94e+05	6.7444 51.2947 0.4674	
33.212770 297.238040	6.18e-01  8.60e-01  2.67e+05	10.4222 66.7682 0.1271	
33.212770 297.238040	6.99e-01  8.04e-01  2.65e+05	-22.2346 65.2557 0.4894	
33.212770 297.238040	7.17e-01  7.51e-01  2.69e+05	9.2363 66.3245 0.9165	
33.212770 297.238040	5.99e-01  7.92e-01  2.77e+05	1.2430 62.1855 0.7476	
33.212770 297.238040	6.01e-01  9.13e-01  2.64e+05	4.7807 69.3881 0.1969	
33.212770 297.238040	4.90e-01  8.89e-01  2.78e+05	19.0805 58.4225 0.3113	
33.212770 297.238040	4.68e-01  9.31e-01  2.76e+05	5.4199 62.5544 0.8312	
33.212770 297.238040	6.83e-01  8.78e-01  2.59e+05	-4.9758 71.8371 0.2984	
33.212770 297.238040	7.84e-01  8.26e-01  2.54e+05	-38.2294 63.8100 0.6170	
33.212770 297.238040	5.01e-01  6.45e-01  3.09e+05	-5.5109 39.7179 0.2046	
33.212770 297.238040	4.60e-01  9.10e-01  2.80e+05	4.8701 60.5893 0.8765	
33.212770 297.238040	7.55e-01  8.61e-01  2.53e+05	-25.4800 70.1358 0.8368	
33.212770 297.238040	5.79e-01  7.15e-01  2.89e+05	10.8232 54.0307 0.1308	
33.212770 297.238040	5.77e-01  7.16e-01  2.89e+05	15.3078 52.8146 0.3586	
33.212770 297.238040	3.66e-01  8.94e-01  2.93e+05	-15.8506 49.7143 0.2483	
33.212770 297.238040	7.59e-01  7.90e-01  2.60e+05	-32.1618 63.7419 0.8186	
33.212770 297.238040	6.11e-01  8.38e-01  2.71e+05	18.4627 63.2478 0.6034	
33.212770 297.238040	5.84e-01  8.03e-01  2.78e+05	-27.6315 55.4478 0.1604	
33.212770 297.238040	4.98e-01  7.79e-01  2.91e+05	-12.0951 52.2651 0.5088	
33.212770 297.238040	6.15e-01  8.21e-01  2.72e+05	-25.7580 59.7843 0.5712	
33.212770 297.238040	5.72e-01  8.36e-01  2.75e+05	-6.4284 63.0248 0.9194	
33.212770 297.238040	6.50e-01  7.51e-01  2.76e+05	-17.0800 60.4932 0.6378	
33.212770 297.238040	5.62e-01  7.53e-01  2.86e+05	-0.0053 56.7031 0.3768	
33.212770 297.238040	6.03e-01  7.39e-01  2.83e+05	-4.8679 58.5494 0.8628	
33.212770 297.238040	6.70e-01  7.58e-01  2.73e+05	14.5766 62.9034 0.5348	
33.212770 297.238040	7.40e-01  7.78e-01  2.63e+05	-8.0310 69.2730 0.1859	
33.212770 297.238040	5.29e-01  7.90e-01  2.86e+05	-2.9925 56.9376 0.7571	
33.212770 297.238040	7.46e-01  8.88e-01  2.52e+05	21.6893 72.2747 0.5518	
33.212770 297.238040	6.56e-01  8.99e-01  2.59e+05	-7.6781 71.3154 0.5402	
33.212770 297.238040	5.15e-01  8.48e-01  2.80e+05	-0.1992 60.2985 0.5526	
33.212770 297.238040	5.72e-01  8.86e-01  2.70e+05	16.3618 64.3595 0.0969	
33.212770 297.238040	6.33e-01  8.54e-01  2.66e+05	-12.1178 66.9831 0.6935	
33.212770 297.238040	7.09e-01  7.29e-01  2.72e+05	23.6610 60.7675 0.9162	
33.212770 297.238040	6.63e-01  7.36e-01  2.76e+05	-22.8627 58.4624 0.6305	
33.212770 297.238040	4.02e-01  9.55e-01  2.81e+05	-18.5903 56.9132 0.7398	
33.212770 297.238040	6.10e-01  9.31e-01  2.61e+05	-6.6423 70.6705 0.9081	
33.212770 297.238040	5.70e-01  8.09e-01  2.79e+05	13.3684 59.9225 0.5345	
33.212770 297.238040	4.69e-01  8.35e-01  2.88e+05	11.8349 54.6225 0.5897	
33.212770 297.238040	4.75e-01  8.72e-01  2.82e+05	5.2435 58.9438 0.9910	
33.212770 297.238040	3.80e-01  8.41e-01  2.98e+05	-11.2094 47.2593 0.8111	
33.212770 297.238040	6.65e-01  6.99e-01  2.80e+05	-12.6314 59.0644 0.1201	
33.212770 297.238040	6.08e-01  7.27e-01  2.84e+05	17.9855 55.4168 0.6793	
33.212770 297.238040	6.24e-01  7.94e-01  2.74e+05	-25.2924 58.7917 0.0948	
33.212770 297.238040	6.78e-01  8.09e-01  2.66e+05	31.3947 60.4462 0.4143	
33.212770 297.238040	4.98e-01  9.01e-01  2.76e+05	3.0582 62.6624 0.5633	
33.212770 297.238040	5.75e-01  7.27e-01  2.88e+05	-9.0816 55.0307 0.3050	
33.212770 297.238040	6.52e-01  8.34e-01  2.67e+05	3.7970 67.9308 0.5519	
33.212770 297.238040	4.93e-01  7.90e-01  2.90e+05	9.5341 53.3158 0.2123	
33.212770 297.238040	7.48e-01  8.25e-01  2.58e+05	-8.7156 72.0660 0.4120	
33.212770 297.238040	6.09e-01  8.94e-01  2.65e+05	-8.3725 68.4521 0.5988	
33.212770 297.238040	4.55e-01  9.22e-01  2.79e+05	-22.3626 57.1067 0.7888	
33.212770 297.238040	4.85e-01  7.14e-01  3.01e+05	-8.5545 45.4016 0.3039	
33.212770 297.238040	7.42e-01  9.19e-01  2.49e+05	0.3040 76.6660 0.5036	
33.212770 297.238040	5.32e-01  9.81e-01  2.64e+05	3.2400 69.4623 0.8564	
33.212770 297.238040	6.32e-01  8.83e-01  2.64e+05	17.9684 67.2181 0.7376	
33.212770 297.238040	8.43e-01  9.10e-01  2.41e+05	50.6273 62.5256 0.2333	
33.212770 297.238040	5.69e-01  6.83e-01  2.94e+05	-2.7956 51.3934 0.7689	
33.212770 297.238040	6.87e-01  8.96e-01  2.57e+05	-10.0259 72.3891 0.2166	
33.212770 297.238040	6.71e-01  8.71e-01  2.61e+05	15.9382 69.1889 0.7181	
33.212770 297.238040	6.63e-01  8.98e-01  2.59e+05	16.5779 70.0654 0.2496	
33.212770 297.238040	6.87e-01  8.01e-01  2.66e+05	7.5090 67.6935 0.8880	
33.212770 297.238040	4.08e-01  9.58e-01  2.80e+05	-20.0207 57.1265 0.5011	
33.212770 297.238040	4.90e-01  9.59e-01  2.71e+05	16.9260 63.7004 0.6939	
33.212770 297.238040	7.79e-01  8.82e-01  2.49e+05	-11.5963 75.7735 0.4050	
33.212770 297.238040	6.22e-01  8.10e-01  2.72e+05	12.1107 63.7379 0.8973	
33.212770 297.238040	7.75e-01  9.24e-01  2.46e+05	-18.9162 75.9647 0.4025	
33.212770 297.238040	5.33e-01  6.45e-01  3.04e+05	5.2502 43.6007 0.2937	
33.212770 297.238040	6.59e-01  9.41e-01  2.55e+05	39.6936 62.3497 0.0684	
33.212770 297.238040	5.46e-01  7.88e-01  2.84e+05	21.6976 54.0110 0.0177	
33.212770 297.238040	5.48e-01  8.89e-01  2.72e+05	14.7437 63.4637 0.4213	
33.212770 297.238040	4.72e-01  7.89e-01  2.93e+05	7.8941 51.7064 0.6164	
33.212770 297.238040	6.09e-01  6.93e-01  2.88e+05	-14.2941 53.8545 0.5486	
33.212770 297.238040	5.60e-01  8.48e-01  2.75e+05	-25.2847 58.0210 0.1354	
33.212770 297.238040	4.75e-01  8.39e-01  2.86e+05	7.3514 56.2605 0.4294	
33.212770 297.238040	6.74e-01  8.52e-01  2.62e+05	-2.2682 70.1778 0.4808	
33.212770 297.238040	7.03e-01  8.71e-01  2.57e+05	6.0378 72.4082 0.5060	
33.212770 297.238040	5.92e-01  8.87e-01  2.67e+05	2.9288 67.5565 0.7009	
33.212770 297.238040	6.94e-01  9.43e-01  2.51e+05	19.3348 73.1114 0.8567	
33.212770 297.238040	4.69e-01  9.07e-01  2.79e+05	-16.7450 58.8802 0.1490	
33.212770 297.238040	4.67e-01  8.41e-01  2.87e+05	-2.6071 56.1870 0.1579	
33.212770 297.238040	5.41e-01  6.78e-01  2.99e+05	-2.3928 48.2651 0.1391	
33.212770 297.238040	6.26e-01  8.05e-01  2.73e+05	8.0227 64.3014 0.3430	
33.212770 297.238040	7.68e-01  8.37e-01  2.54e+05	16.0015 72.4045 0.1099	
33.212770 297.238040	6.83e-01  8.87e-01  2.58e+05	-14.5900 70.9507 0.6793	
33.212770 297.238040	6.48e-01  8.12e-01  2.69e+05	-17.3450 64.2603 0.8416	
33.212770 297.238040	5.85e-01  8.60e-01  2.71e+05	26.6977 59.9764 0.6904	
33.212770 297.238040	6.62e-01  8.68e-01  2.62e+05	-24.9682 65.8790 0.0753	
33.212770 297.238040	7.07e-01  7.51e-01  2.70e+05	7.5774 65.9927 0.2748	
33.212770 297.238040	4.52e-01  7.53e-01  3.01e+05	15.5030 44.1973 0.6115	
33.212770 297.238040	5.63e-01  6.41e-01  3.01e+05	-6.5044 46.3122 0.7491	
33.212770 297.238040	4.70e-01  8.25e-01  2.89e+05	-24.5188 49.4192 0.6084	
33.212770 297.238040	4.37e-01  7.70e-01  3.00e+05	4.1050 46.9668 0.3525	
33.212770 297.238040	7.22e-01  8.43e-01  2.58e+05	41.6606 58.9463 0.5905	
33.212770 297.238040	5.45e-01  9.01e-01  2.71e+05	-3.0491 65.6000 0.1375	
33.212770 297.238040	7.95e-01  9.59e-01  2.41e+05	-23.8872 76.8724 0.9955	
33.212770 297.238040	6.08e-01  9.17e-01  2.62e+05	7.5428 69.7614 0.0281	
33.212770 297.238040	6.05e-01  7.93e-01  2.76e+05	-27.6603 56.2003 0.4678	
33.212770 297.238040	5.53e-01  6.97e-01  2.94e+05	-2.5944 51.2716 0.3345	
33.212770 297.238040	5.40e-01  7.17e-01  2.94e+05	-19.2042 48.1354 0.8327	
33.212770 297.238040	5.88e-01  8.82e-01  2.68e+05	9.4049 66.4336 0.5930	
33.212770 297.238040	5.01e-01  9.61e-01  2.69e+05	-42.9070 50.9867 0.3579	
33.212770 297.238040	4.83e-01  8.61e-01  2.83e+05	8.5451 58.3126 0.5238	
33.212770 297.238040	6.53e-01  8.73e-01  2.62e+05	28.5864 64.0851 0.1210	
33.212770 297.238040	6.27e-01  8.22e-01  2.71e+05	-12.7407 64.6461 0.5722	
33.212770 297.238040	6.58e-01  8.09e-01  2.69e+05	-19.4128 64.0582 0.5222	
33.212770 297.238040	4.88e-01  7.51e-01  2.96e+05	-27.4897 42.0611 0.8371	
33.212770 297.238040	5.60e-01  7.39e-01  2.88e+05	-5.5503 55.2114 0.1506	
33.212770 297.238040	4.50e-01  7.16e-01  3.06e+05	9.6730 41.4691 0.0106	
33.212770 297.238040	7.18e-01  9.47e-01  2.49e+05	-24.8865 72.7038 0.8090	
33.212770 297.238040	5.08e-01  9.01e-01  2.75e+05	15.5613 61.4387 0.8752	
33.212770 297.238040	6.67e-01  8.72e-01  2.61e+05	-19.9662 68.0104 0.3883	
33.212770 297.238040	5.99e-01  8.24e-01  2.73e+05	14.1496 62.7399 0.3068	
33.212770 297.238040	6.27e-01  8.36e-01  2.69e+05	-36.1049 56.0909 0.7075	
33.212770 297.238040	4.99e-01  8.11e-01  2.87e+05	-14.2614 54.5165 0.1295	
33.212770 297.238040	6.22e-01  8.94e-01  2.63e+05	-24.1335 65.3762 0.5820	
33.212770 297.238040	6.79e-01  8.17e-01  2.66e+05	-24.7237 63.9326 0.1781	
33.212770 297.238040	6.95e-01  8.65e-01  2.59e+05	-4.3886 71.8317 0.7804	
33.212770 297.238040	6.71e-01  8.89e-01  2.59e+05	-3.4623 71.8753 0.8907	
33.212770 297.238040	6.65e-01  8.16e-01  2.67e+05	12.3996 66.5950 0.6781	
33.212770 297.238040	6.43e-01  9.24e-01  2.58e+05	-4.8789 72.1376 0.1679	
33.212770 297.238040	6.40e-01  8.93e-01  2.62e+05	-14.1392 69.1146 0.7574	
33.212770 297.238040	8.57e-01  9.03e-01  2.40e+05	-20.0277 78.2145 0.5416	
33.212770 297.238040	4.91e-01  7.20e-01  3.00e+05	2.5078 47.4693 0.7241	
33.212770 297.238040	5.48e-01  8.78e-01  2.73e+05	-1.9688 64.4030 0.9864	
33.212770 297.238040	4.93e-01  9.21e-01  2.75e+05	14.6897 61.9995 0.3973	
33.212770 297.238040	4.93e-01  6.92e-01  3.03e+05	-9.8528 43.6525 0.9482	
33.212770 297.238040	6.34e-01  8.45e-01  2.67e+05	-13.1800 66.3321 0.2664	
33.212770 297.238040	5.36e-01  6.53e-01  3.03e+05	-6.0626 44.7289 0.9046	
33.212770 297.238040	5.52e-01  6.83e-01  2.96e+05	13.6811 47.9893 0.6477	
33.212770 297.238040	4.58e-01  8.01e-01  2.93e+05	-0.5625 52.1139 0.6575	
33.212770 297.238040	6.73e-01  8.09e-01  2.67e+05	-11.5327 66.8118 0.0229	
33.212770 297.238040	7.38e-01  8.05e-01  2.61e+05	-5.6197 70.8599 0.7197	
33.212770 297.238040	6.65e-01  8.02e-01  2.69e+05	-2.2619 66.9236 0.8276	
33.212770 297.238040	4.99e-01  6.74e-01  3.05e+05	11.2005 41.9946 0.6959	
33.212770 297.238040	5.32e-01  8.06e-01  2.83e+05	-6.2073 58.2043 0.6534	
33.212770 297.238040	7.31e-01  7.47e-01  2.67e+05	-17.2357 65.2934 0.2432	
33.212770 297.238040	4.61e-01  8.66e-01  2.85e+05	19.4108 54.3133 0.7283	
33.212770 297.238040	6.33e-01  8.11e-01  2.71e+05	12.0013 64.4377 0.5847	
33.212770 297.238040	4.68e-01  7.38e-01  3.00e+05	13.3906 45.1323 0.3643	
33.212770 297.238040	6.23e-01  9.06e-01  2.62e+05	-19.9305 67.4667 0.4945	
33.212770 297.238040	6.37e-01  7.15e-01  2.82e+05	12.1315 58.2379 0.6402	
33.212770 297.238040	7.32e-01  7.69e-01  2.65e+05	17.5991 66.5716 0.6018	
33.212770 297.238040	3.08e-01  8.67e-01  3.05e+05	4.7767 43.3997 0.4595	
33.212770 297.238040	5.70e-01  7.46e-01  2.86e+05	-2.5089 56.7317 0.2347	
33.212770 297.238040	7.12e-01  9.53e-01  2.49e+05	-3.7094 76.7336 0.1646	
33.212770 297.238040	6.38e-01  9.26e-01  2.58e+05	3.4477 72.0750 0.5164	
33.212770 297.238040	4.01e-01  9.30e-01  2.84e+05	-11.9523 56.7074 0.5841	
33.212770 297.238040	5.60e-01  8.68e-01  2.73e+05	-10.8564 63.6900 0.7342	
33.212770 297.238040	5.79e-01  8.30e-01  2.75e+05	27.1486 57.2267 0.3905	
33.212770 297.238040	5.54e-01  9.49e-01  2.65e+05	3.6025 68.8804 0.2514	
33.212770 297.238040	7.76e-01  8.55e-01  2.52e+05	9.7338 74.6860 0.2873	
33.212770 297.238040	6.91e-01  8.93e-01  2.56e+05	5.2482 72.9715 0.5431	
33.212770 297.238040	4.60e-01  9.12e-01  2.79e+05	3.8877 60.7772 0.6307	
33.212770 297.238040	5.26e-01  8.72e-01  2.76e+05	6.0311 62.3920 0.4073	
33.212770 297.238040	5.67e-01  9.37e-01  2.65e+05	14.1417 67.5498 0.6260	
33.212770 297.238040	6.95e-01  8.57e-01  2.60e+05	6.9174 71.1828 0.3133	
33.212770 297.238040	6.85e-01  7.47e-01  2.73e+05	9.3859 64.1245 0.8253	
33.212770 297.238040	4.52e-01  9.34e-01  2.78e+05	8.0011 61.3634 0.2332	
33.212770 297.238040	5.80e-01  8.64e-01  2.71e+05	-9.5158 64.8826 0.8260	
33.212770 297.238040	4.98e-01  8.68e-01  2.80e+05	24.2890 55.3832 0.7230	
33.212770 297.238040	6.27e-01  6.79e-01  2.87e+05	-7.4620 55.4748 0.6456	
33.212770 297.238040	7.44e-01  8.69e-01  2.54e+05	-44.5085 59.7841 0.9315	
33.212770 297.238040	4.31e-01  7.97e-01  2.97e+05	25.6134 42.0463 0.2574	
33.212770 297.238040	6.88e-01  9.05e-01  2.56e+05	0.5642 73.5612 0.9214	
33.212770 297.238040	8.47e-01  9.03e-01  2.41e+05	32.7225 73.3564 0.2050	
33.212770 297.238040	6.89e-01  8.75e-01  2.58e+05	-13.3156 70.9192 0.8899	
33.212770 297.238040	6.17e-01  9.56e-01  2.58e+05	22.6770 68.9670 0.1325	
33.212770 297.238040	4.00e-01  8.62e-01  2.93e+05	6.0552 52.0064 0.3538	
33.212770 297.238040	6.35e-01  8.73e-01  2.64e+05	-16.4178 67.2951 0.9944	
33.212770 297.238040	7.48e-01  9.04e-01  2.50e+05	18.6518 73.9895 0.2602	
33.212770 297.238040	4.94e-01  8.57e-01  2.82e+05	-8.2805 58.8936 0.7761	
33.212770 297.238040	6.49e-01  8.65e-01  2.64e+05	-1.6588 69.5201 0.2361	
33.212770 297.238040	6.11e-01  6.85e-01  2.89e+05	-7.8809 54.7271 0.8064	
33.212770 297.238040	6.75e-01  7.78e-01  2.70e+05	13.4100 64.7068 0.9082	
33.212770 297.238040	5.59e-01  7.41e-01  2.88e+05	7.4173 55.0722 0.5462	
33.212770 297.238040	5.67e-01  7.32e-01  2.88e+05	-15.3026 53.2921 0.2849	
33.212770 297.238040	3.85e-01  8.64e-01  2.95e+05	-4.8311 50.9524 0.6196	
33.212770 297.238040	4.66e-01  6.97e-01  3.06e+05	-8.0636 41.4669 0.2484	
33.212770 297.238040	6.15e-01  6.63e-01  2.91e+05	-2.4632 53.6862 0.6230	
33.212770 297.238040	6.71e-01  8.01e-01  2.68e+05	9.1065 66.5988 0.2401	
33.212770 297.238040	6.00e-01  6.91e-01  2.89e+05	-12.7504 53.3722 0.3871	
33.212770 297.238040	5.81e-01  8.13e-01  2.77e+05	-15.4720 60.5078 0.7229	
33.212770 297.238040	6.55e-01  7.54e-01  2.75e+05	-8.0277 62.8726 0.6400	
33.212770 297.238040	6.67e-01  6.99e-01  2.80e+05	-15.7507 58.4562 0.1723	
33.212770 297.238040	5.74e-01  7.81e-01  2.81e+05	-6.7106 59.3212 0.2584	
33.212770 297.238040	5.22e-01  8.92e-01  2.75e+05	-0.5874 63.7053 0.0344	
33.212770 297.238040	4.36e-01  8.47e-01  2.90e+05	-9.6340 53.2400 0.9099	
33.212770 297.238040	5.42e-01  7.57e-01  2.88e+05	24.6273 49.7258 0.5512	
33.212770 297.238040	6.06e-01  8.83e-01  2.66e+05	-3.2335 68.1149 0.2558	
33.212770 297.238040	4.51e-01  7.58e-01  3.00e+05	19.1792 43.2002 0.5134	
33.212770 297.238040	6.17e-01  7.69e-01  2.78e+05	1.5830 61.8573 0.1211	
33.212770 297.238040	6.05e-01  7.87e-01  2.77e+05	2.9113 62.2226 0.7418	
33.212770 297.238040	6.23e-01  7.87e-01  2.75e+05	-16.9219 61.1434 0.7493	
33.212770 297.238040	7.23e-01  7.72e-01  2.66e+05	-31.3302 60.9754 0.6171	
33.212770 297.238040	5.03e-01  8.83e-01  2.78e+05	5.8824 61.6137 0.1808	
33.212770 297.238040	5.94e-01  7.83e-01  2.79e+05	11.5829 60.1627 0.0374	
33.212770 297.238040	5.46e-01  8.33e-01  2.79e+05	17.7552 58.7799 0.1975	
33.212770 297.238040	4.13e-01  9.22e-01  2.84e+05	-6.2830 57.8831 0.0780	
33.212770 297.238040	4.73e-01  7.94e-01  2.92e+05	2.7729 52.7335 0.0891	
33.212770 297.238040	6.57e-01  8.16e-01  2.68e+05	4.4520 67.1510 0.7338	
33.212770 297.238040	6.59e-01  7.08e-01  2.80e+05	-6.2113 60.2173 0.3856	
33.212770 297.238040	5.34e-01  8.42e-01  2.79e+05	3.0991 61.1364 0.5059	
33.212770 297.238040	5.92e-01  9.10e-01  2.65e+05	13.8637 67.5276 0.4643	
33.212770 297.238040	4.52e-01  9.28e-01  2.78e+05	-28.3918 54.5125 0.8162	
33.212770 297.238040	5.71e-01  7.72e-01  2.83e+05	17.6273 56.1406 0.7830	
33.212770 297.238040	6.76e-01  8.52e-01  2.62e+05	-16.7500 68.3179 0.8598	
33.212770 297.238040	6.17e-01  8.56e-01  2.68e+05	-13.7829 65.8495 0.4171	
33.212770 297.238040	5.65e-01  7.40e-01  2.88e+05	10.5424 54.9304 0.0292	
33.212770 297.238040	5.06e-01  8.31e-01  2.84e+05	-16.5392 56.0370 0.1328	
33.212770 297.238040	5.56e-01  8.25e-01  2.78e+05	10.1811 60.7456 0.4799	
33.212770 297.238040	4.07e-01  8.76e-01  2.90e+05	7.1450 53.6947 0.9619	
33.212770 297.238040	5.43e-01  8.89e-01  2.72e+05	9.1767 64.2230 0.0482	
33.212770 297.238040	7.22e-01  9.02e-01  2.53e+05	-22.1094 71.6514 0.6223	
33.212770 297.238040	5.66e-01  8.56e-01  2.74e+05	-19.8971 61.0997 0.6884	
33.212770 297.238040	5.37e-01  7.06e-01  2.95e+05	-18.2019 47.2618 0.7686	
33.212770 297.238040	5.06e-01  7.30e-01  2.96e+05	17.8336 46.6836 0.9894	
33.212770 297.238040	6.58e-01  8.11e-01  2.68e+05	-48.3490 46.4548 0.0429	
33.212770 297.238040	6.13e-01  9.11e-01  2.63e+05	5.1300 69.8676 0.6300	
33.212770 297.238040	5.73e-01  6.85e-01  2.93e+05	3.1175 51.9664 0.3935	
33.212770 297.238040	4.15e-01  9.47e-01  2.81e+05	-27.9718 53.2997 0.2105	
33.212770 297.238040	6.20e-01  8.81e-01  2.65e+05	4.1828 68.7780 0.8061	
33.212770 297.238040	5.26e-01  6.90e-01  2.99e+05	4.9722 47.7548 0.4850	
33.212770 297.238040	4.15e-01  7.37e-01  3.08e+05	-8.7756 39.8311 0.5807	
33.212770 297.238040	4.96e-01  7.79e-01  2.91e+05	4.4185 53.2966 0.6845	
33.212770 297.238040	5.83e-01  6.89e-01  2.92e+05	-6.9766 52.7967 0.0245	
33.212770 297.238040	4.65e-01  7.83e-01  2.95e+05	5.7433 50.7682 0.7832	
33.212770 297.238040	5.19e-01  8.67e-01  2.78e+05	-7.4024 61.4050 0.9880	
33.212770 297.238040	4.38e-01  9.68e-01  2.76e+05	5.2795 62.9335 0.1857	
33.212770 297.238040	6.98e-01  8.36e-01  2.62e+05	-37.0347 60.1325 0.7089	
33.212770 297.238040	8.39e-01  8.78e-01  2.44e+05	22.1404 75.8636 0.2495	
33.212770 297.238040	6.14e-01  9.79e-01  2.56e+05	27.1738 68.3631 0.6111	
33.212770 297.238040	5.75e-01  8.64e-01  2.72e+05	-26.3927 59.6927 0.9186	
33.212770 297.238040	7.50e-01  9.30e-01  2.47e+05	-2.3957 77.4311 0.7784	
33.212770 297.238040	5.92e-01  7.25e-01  2.86e+05	11.3605 55.7410 0.4747	
33.212770 297.238040	6.27e-01  8.52e-01  2.67e+05	-11.7653 66.5545 0.4074	
33.212770 297.238040	5.61e-01  8.09e-01  2.80e+05	6.9174 60.4271 0.1771	
33.212770 297.238040	5.46e-01  7.28e-01  2.91e+05	-4.4728 53.2281 0.5077	
33.212770 297.238040	7.39e-01  8.95e-01  2.52e+05	15.1386 73.9373 0.7746	
33.212770 297.238040	6.90e-01  8.67e-01  2.59e+05	-17.1622 69.7223 0.7472	
33.212770 297.238040	7.32e-01  8.34e-01  2.58e+05	-29.5335 65.9475 0.4072	
33.212770 297.238040	5.69e-01  6.66e-01  2.97e+05	16.9615 46.8972 0.3074	
33.212770 297.238040	6.09e-01  8.27e-01  2.72e+05	-19.2924 62.1729 0.0155	
33.212770 297.238040	5.64e-01  9.09e-01  2.68e+05	-18.9204 64.5870 0.8464	
33.212770 297.238040	7.07e-01  7.89e-01  2.65e+05	18.6612 66.0094 0.1232	
33.212770 297.238040	7.82e-01  8.39e-01  2.53e+05	5.7800 74.6522 0.1178	
33.212770 297.238040	5.53e-01  8.00e-01  2.82e+05	-8.2861 59.0786 0.5556	
33.212770 297.238040	5.02e-01  7.66e-01  2.92e+05	-23.3043 47.4024 0.7621	
33.212770 297.238040	6.99e-01  8.04e-01  2.65e+05	-0.7175 68.9180 0.5241	
33.212770 297.238040	5.95e-01  7.22e-01  2.86e+05	3.1131 56.8119 0.5884	
33.212770 297.238040	7.12e-01  9.53e-01  2.49e+05	-5.5954 76.6322 0.6111	
33.212770 297.238040	5.06e-01  8.69e-01  2.79e+05	-12.9781 59.7125 0.5099	
33.212770 297.238040	5.92e-01  9.81e-01  2.58e+05	6.1270 72.3319 0.2891	
33.212770 297.238040	5.25e-01  8.59e-01  2.78e+05	7.5363 61.2760 0.2574	
33.212770 297.238040	7.27e-01  9.29e-01  2.50e+05	2.0131 76.4104 0.3453	
33.212770 297.238040	6.59e-01  7.48e-01  2.75e+05	21.2585 59.5683 0.2171	
33.212770 297.238040	8.47e-01  9.57e-01  2.36e+05	16.7579 80.6793 0.7966	
33.212770 297.238040	4.14e-01  8.40e-01  2.94e+05	4.3171 51.4612 0.3412	
33.212770 297.238040	7.37e-01  8.72e-01  2.54e+05	-30.5856 67.7737 0.7687	
33.212770 297.238040	6.39e-01  8.17e-01  2.70e+05	2.6674 66.2483 0.1503	
33.212770 297.238040	5.13e-01  7.93e-01  2.87e+05	25.1292 50.1020 0.2501	
33.212770 297.238040	5.95e-01  8.62e-01  2.70e+05	16.6366 64.1914 0.7645	
33.212770 297.238040	6.18e-01  7.77e-01  2.77e+05	-20.4182 59.0537 0.8444	
33.212770 297.238040	3.91e-01  8.39e-01  2.97e+05	13.8116 47.4499 0.9128	
33.212770 297.238040	5.61e-01  7.44e-01  2.87e+05	6.8663 55.5462 0.4890	
33.212770 297.238040	5.19e-01  7.69e-01  2.90e+05	-1.0193 54.5534 0.5636	
33.212770 297.238040	7.07e-01  9.61e-01  2.48e+05	11.6151 76.0973 0.2496	
33.212770 297.238040	6.15e-01  8.56e-01  2.68e+05	-7.2955 66.7547 0.7567	
33.212770 297.238040	5.99e-01  8.93e-01  2.66e+05	-8.3854 67.8363 0.9758	
33.212770 297.238040	7.41e-01  9.43e-01  2.47e+05	14.5876 76.2548 0.7991	
33.212770 297.238040	7.44e-01  8.14e-01  2.59e+05	0.8384 71.8161 0.9038	
33.212770 297.238040	4.49e-01  9.27e-01  2.79e+05	-1.4844 61.2013 0.1034	
33.212770 297.238040	7.37e-01  9.42e-01  2.47e+05	-28.0646 72.2127 0.6440	
33.212770 297.238040	8.19e-01  8.54e-01  2.48e+05	12.3531 76.1962 0.2974	
33.212770 297.238040	3.94e-01  8.43e-01  2.96e+05	-8.6260 49.3671 0.9148	
33.212770 297.238040	5.80e-01  8.65e-01  2.71e+05	-19.8290 62.5481 0.0719	
33.212770 297.238040	6.86e-01  6.96e-01  2.78e+05	-23.4347 56.9371 0.6432	
33.212770 297.238040	5.95e-01  7.91e-01  2.78e+05	-5.5692 61.6017 0.2361	
33.212770 297.238040	7.07e-01  7.92e-01  2.65e+05	22.1218 65.0921 0.4161	
33.212770 297.238040	8.07e-01  8.58e-01  2.49e+05	14.3418 75.5224 0.9909	
33.212770 297.238040	4.51e-01  8.71e-01  2.85e+05	17.2930 54.6670 0.7242	
33.212770 297.238040	7.58e-01  8.77e-01  2.52e+05	20.0233 72.7795 0.4431	
33.212770 297.238040	5.92e-01  7.29e-01  2.85e+05	-6.4926 56.8629 0.7085	
33.212770 297.238040	7.83e-01  9.15e-01  2.46e+05	12.6778 77.2219 0.2908	
33.212770 297.238040	5.47e-01  6.89e-01  2.96e+05	21.3266 45.1074 0.8484	
33.212770 297.238040	7.24e-01  8.31e-01  2.59e+05	-5.1695 71.5127 0.4414	
33.212770 297.238040	6.89e-01  8.12e-01  2.65e+05	45.9834 51.2042 0.2614	
33.212770 297.238040	6.67e-01  8.38e-01  2.65e+05	-30.5381 61.9604 0.6785	
33.212770 297.238040	5.87e-01  9.13e-01  2.65e+05	0.0617 68.8210 0.3327	
33.212770 297.238040	8.05e-01  9.39e-01  2.42e+05	-35.7593 71.6632 0.7139	
33.212770 297.238040	7.39e-01  7.99e-01  2.61e+05	5.0897 70.6560 0.5503	
33.212770 297.238040	6.11e-01  7.60e-01  2.80e+05	-8.1893 60.2852 0.6067	
33.212770 297.238040	6.56e-01  8.17e-01  2.68e+05	9.7006 66.5819 0.9066	
33.212770 297.238040	5.22e-01  8.88e-01  2.75e+05	20.3095 60.0741 0.5163	
33.212770 297.238040	5.12e-01  7.67e-01  2.91e+05	0.1423 53.8316 0.1780	
33.212770 297.238040	5.27e-01  7.34e-01  2.93e+05	-12.3132 50.8172 0.4572	
33.212770 297.238040	4.68e-01  9.15e-01  2.78e+05	2.7249 61.5824 0.2313	
33.212770 297.238040	4.54e-01  7.27e-01  3.04e+05	0.7779 44.2859 0.1023	
33.212770 297.238040	7.09e-01  8.34e-01  2.61e+05	8.0893 70.6121 0.7121	
33.212770 297.238040	6.88e-01  7.27e-01  2.74e+05	-2.2870 63.6960 0.2835	
33.212770 297.238040	6.99e-01  8.95e-01  2.55e+05	26.1877 68.8165 0.2200	
33.212770 297.238040	4.92e-01  9.11e-01  2.76e+05	-3.7015 62.9455 0.7462	
33.212770 297.238040	6.77e-01  8.72e-01  2.60e+05	13.5497 70.0988 0.9010	
33.212770 297.238040	5.66e-01  7.12e-01  2.91e+05	-6.9825 53.2916 0.9228	
33.212770 297.238040	5.43e-01  8.25e-01  2.80e+05	-5.2519 60.4345 0.6739	
33.212770 297.238040	5.68e-01  8.30e-01  2.76e+05	16.9870 60.3329 0.7379	
33.212770 297.238040	3.42e-01  9.01e-01  2.95e+05	-3.1052 50.5235 0.3139	
33.212770 297.238040	5.98e-01  8.13e-01  2.75e+05	16.8848 61.2592 0.5809	
33.212770 297.238040	4.39e-01  8.82e-01  2.85e+05	-9.1529 56.5354 0.6062	
33.212770 297.238040	6.08e-01  7.24e-01  2.84e+05	-15.8317 55.8653 0.2044	
33.212770 297.238040	5.84e-01  8.72e-01  2.70e+05	6.5711 65.9871 0.1963	
33.212770 297.238040	5.05e-01  8.07e-01  2.87e+05	10.5784 55.4928 0.8464	
33.212770 297.238040	6.29e-01  9.58e-01  2.56e+05	32.8927 65.4773 0.3213	
33.212770 297.238040	5.15e-01  7.50e-01  2.93e+05	-6.7565 52.2146 0.5998	
33.212770 297.238040	7.03e-01  7.75e-01  2.67e+05	-28.3388 61.3430 0.3342	
33.212770 297.238040	4.85e-01  9.45e-01  2.73e+05	0.9640 64.7504 0.7473	
33.212770 297.238040	4.93e-01  7.63e-01  2.94e+05	-5.7861 51.4667 0.0879	
33.212770 297.238040	7.21e-01  9.21e-01  2.51e+05	-29.2179 69.9816 0.8606	
33.212770 297.238040	4.99e-01  9.61e-01  2.69e+05	0.1141 66.5214 0.2263	
33.212770 297.238040	3.78e-01  7.72e-01  3.08e+05	-0.4639 40.5430 0.4173	
33.212770 297.238040	6.30e-01  7.34e-01  2.80e+05	21.9431 56.2808 0.7603	
33.212770 297.238040	6.38e-01  8.08e-01  2.71e+05	12.4759 64.4922 0.8687	
33.212770 297.238040	5.85e-01  7.43e-01  2.85e+05	4.2078 57.5918 0.0187	
33.212770 297.238040	5.85e-01  6.96e-01  2.90e+05	-2.4665 53.9574 0.2922	
33.212770 297.238040	6.15e-01  9.32e-01  2.60e+05	10.4157 70.5280 0.0198	
33.212770 297.238040	5.13e-01  9.11e-01  2.73e+05	29.0465 57.3728 0.5847	
33.212770 297.238040	5.07e-01  8.26e-01  2.84e+05	17.1977 55.5799 0.4082	
33.212770 297.238040	3.42e-01  8.49e-01  3.02e+05	-6.4363 45.0599 0.0395	
33.212770 297.238040	8.08e-01  9.54e-01  2.40e+05	36.5993 72.0332 0.4951	
33.212770 297.238040	5.23e-01  9.13e-01  2.72e+05	5.4246 64.8802 0.0477	
33.212770 297.238040	5.13e-01  8.42e-01  2.81e+05	1.7892 59.6667 0.8519	
33.212770 297.238040	7.48e-01  9.27e-01  2.48e+05	-8.6334 76.7946 0.8963	
33.212770 297.238040	5.57e-01  7.25e-01  2.90e+05	5.5124 53.7962 0.0890	
33.212770 297.238040	5.49e-01  8.21e-01  2.80e+05	13.9477 59.1609 0.4194	
33.212770 297.238040	7.58e-01  8.52e-01  2.54e+05	-24.2467 70.3333 0.3352	
33.212770 297.238040	7.72e-01  9.03e-01  2.48e+05	-3.3352 77.1971 0.0355	
33.212770 297.238040	6.02e-01  8.11e-01  2.75e+05	-26.0774 58.0754 0.1981	
33.212770 297.238040	4.94e-01  7.92e-01  2.90e+05	23.6737 49.0477 0.2167	
33.212770 297.238040	4.94e-01  8.62e-01  2.81e+05	4.4958 59.6100 0.2922	
33.212770 297.238040	5.66e-01  8.43e-01  2.75e+05	8.8447 62.7187 0.8925	
33.212770 297.238040	5.36e-01  7.13e-01  2.95e+05	2.9287 51.1396 0.1353	
33.212770 297.238040	4.80e-01  8.09e-01  2.90e+05	17.2657 51.8256 0.9359	
33.212770 297.238040	6.23e-01  7.95e-01  2.74e+05	38.8470 50.7928 0.0513	
33.212770 297.238040	5.59e-01  6.61e-01  2.98e+05	5.7679 48.1403 0.1925	
33.212770 297.238040	5.40e-01  9.25e-01  2.69e+05	-13.7265 65.3989 0.7102	
33.212770 297.238040	5.70e-01  9.68e-01  2.61e+05	-13.6837 69.4911 0.1860	
33.212770 297.238040	5.35e-01  8.55e-01  2.77e+05	17.9853 59.4967 0.3365	
33.212770 297.238040	6.64e-01  8.41e-01  2.65e+05	-29.1765 62.5928 0.0092	
33.212770 297.238040	6.12e-01  8.61e-01  2.68e+05	-8.6474 66.7525 0.1711	
33.212770 297.238040	4.28e-01  8.08e-01  2.96e+05	-7.7700 49.3839 0.2194	
33.212770 297.238040	7.23e-01  7.58e-01  2.67e+05	-14.6650 66.1726 0.8392	
33.212770 297.238040	5.86e-01  8.41e-01  2.73e+05	8.0388 64.0209 0.3496	
33.212770 297.238040	5.18e-01  8.60e-01  2.79e+05	32.0414 52.2887 0.2495	
33.212770 297.238040	5.18e-01  6.87e-01  3.00e+05	-8.1337 46.2318 0.9896	
33.212770 297.238040	4.81e-01  8.74e-01  2.81e+05	12.3330 58.4330 0.1480	
33.212770 297.238040	4.94e-01  6.33e-01  3.12e+05	11.5026 35.7982 0.0968	
33.212770 297.238040	6.61e-01  7.59e-01  2.74e+05	-19.4986 61.0627 0.1937	
33.212770 297.238040	5.15e-01  9.11e-01  2.73e+05	13.4837 63.0124 0.6733	
33.212770 297.238040	4.27e-01  7.71e-01  3.01e+05	19.8187 41.7548 0.5522	
33.212770 297.238040	5.06e-01  5.68e-01  3.19e+05	9.2198 27.6755 0.7520	
33.212770 297.238040	6.26e-01  7.81e-01  2.75e+05	-14.9041 61.5124 0.5538	
33.212770 297.238040	5.45e-01  8.22e-01  2.80e+05	-28.7108 53.3884 0.4343	
33.212770 297.238040	4.15e-01  7.64e-01  3.04e+05	0.4006 44.0975 0.9225	
33.212770 297.238040	5.53e-01  8.12e-01  2.80e+05	-16.7948 58.0386 0.2107	
33.212770 297.238040	4.02e-01  9.01e-01  2.88e+05	17.1645 53.0968 0.8921	
33.212770 297.238040	5.42e-01  7.71e-01  2.87e+05	-13.6331 54.9057 0.7385	
33.212770 297.238040	6.01e-01  9.60e-01  2.59e+05	15.3483 70.3831 0.3783	
33.212770 297.238040	5.41e-01  9.40e-01  2.67e+05	19.0060 65.0206 0.9407	
33.212770 297.238040	5.17e-01  6.73e-01  3.03e+05	9.0842 44.3852 0.6389	
33.212770 297.238040	5.84e-01  7.74e-01  2.81e+05	5.9802 59.6840 0.1670	
33.212770 297.238040	6.39e-01  7.26e-01  2.80e+05	-13.2933 59.0033 0.0840	
33.212770 297.238040	5.38e-01  9.12e-01  2.70e+05	10.8990 65.0178 0.0817	
33.212770 297.238040	7.16e-01  9.17e-01  2.52e+05	-17.0336 73.4654 0.5441	
33.212770 297.238040	4.44e-01  8.10e-01  2.94e+05	18.6571 48.1753 0.8667	
33.212770 297.238040	6.02e-01  7.92e-01  2.77e+05	11.8012 61.3224 0.6613	
33.212770 297.238040	6.13e-01  7.52e-01  2.80e+05	-5.4410 60.1600 0.5204	
33.212770 297.238040	6.44e-01  8.56e-01  2.65e+05	-12.7029 67.6622 0.1222	
33.212770 297.238040	5.04e-01  9.39e-01  2.71e+05	34.1347 55.8971 0.6635	
33.212770 297.238040	5.09e-01  5.86e-01  3.16e+05	-0.5032 32.6648 0.3505	
33.212770 297.238040	7.50e-01  9.55e-01  2.45e+05	1.2013 78.5306 0.9998	
33.212770 297.238040	7.47e-01  9.33e-01  2.47e+05	-7.9673 77.1167 0.9297	
33.212770 297.238040	3.80e-01  8.05e-01  3.03e+05	1.7331 44.7135 0.1826	
33.212770 297.238040	6.90e-01  9.43e-01  2.52e+05	-9.5982 74.8113 0.8743	
33.212770 297.238040	5.73e-01  9.41e-01  2.64e+05	2.2376 69.5330 0.5596	
33.212770 297.238040	6.50e-01  8.58e-01  2.64e+05	-19.6155 66.4121 0.6397	
33.212770 297.238040	6.91e-01  9.43e-01  2.52e+05	-18.4307 73.1796 0.8214	
33.212770 297.238040	6.02e-01  8.32e-01  2.72e+05	10.1594 64.2152 0.0828	
33.212770 297.238040	7.12e-01  8.15e-01  2.62e+05	-29.2692 63.8500 0.9767	
33.212770 297.238040	7.07e-01  9.54e-01  2.49e+05	26.3566 71.9769 0.9886	
33.212770 297.238040	4.20e-01  9.46e-01  2.80e+05	18.1434 57.6974 0.4246	
33.212770 297.238040	6.22e-01  9.42e-01  2.58e+05	13.2502 70.9348 0.7464	
33.212770 297.238040	7.79e-01  9.29e-01  2.45e+05	-22.0635 75.5139 0.7748	
33.212770 297.238040	7.54e-01  8.45e-01  2.55e+05	22.6747 70.2725 0.9666	
33.212770 297.238040	6.08e-01  7.79e-01  2.78e+05	-15.1575 60.0267 0.9212	
33.212770 297.238040	6.48e-01  8.63e-01  2.64e+05	22.7987 65.5383 0.2468	
33.212770 297.238040	6.76e-01  8.46e-01  2.63e+05	-5.0465 69.7808 0.8325	
33.212770 297.238040	5.38e-01  7.57e-01  2.89e+05	11.4436 53.9469 0.5618	
33.212770 297.238040	7.49e-01  8.03e-01  2.60e+05	-28.1384 65.7429 0.3615	
33.212770 297.238040	5.91e-01  8.25e-01  2.74e+05	2.8706 63.7183 0.3714	
33.212770 297.238040	4.16e-01  7.99e-01  2.99e+05	-2.2978 47.8772 0.6358	
33.212770 297.238040	5.78e-01  7.75e-01  2.82e+05	13.6302 58.0305 0.5053	
33.212770 297.238040	5.08e-01  7.33e-01  2.96e+05	-1.0031 50.4932 0.0661	
33.212770 297.238040	6.35e-01  8.20e-01  2.70e+05	8.2437 65.7014 0.8480	
33.212770 297.238040	4.95e-01  8.62e-01  2.81e+05	3.4848 59.7164 0.4420	
33.212770 297.238040	5.75e-01  9.29e-01  2.65e+05	12.4330 67.8834 0.2443	
33.212770 297.238040	5.32e-01  7.75e-01  2.87e+05	8.2378 55.4572 0.1935	
33.212770 297.238040	5.24e-01  8.00e-01  2.85e+05	-31.3420 48.1583 0.8254	
33.212770 297.238040	6.32e-01  7.40e-01  2.79e+05	-0.9718 60.9075 0.9825	
33.212770 297.238040	6.72e-01  8.05e-01  2.68e+05	38.4230 55.5198 0.6658	
33.212770 297.238040	4.80e-01  8.68e-01  2.82e+05	19.3158 55.9607 0.5441	
33.212770 297.238040	3.60e-01  8.43e-01  3.01e+05	1.3168 46.7292 0.8829	
33.212770 297.238040	7.28e-01  8.02e-01  2.62e+05	-2.7469 70.3718 0.8022	
33.212770 297.238040	4.43e-01  7.81e-01  2.98e+05	4.5086 48.6562 0.5689	
33.212770 297.238040	6.62e-01  8.06e-01  2.68e+05	3.4076 66.9365 0.1903	
33.212770 297.238040	7.60e-01  8.09e-01  2.58e+05	-34.1845 63.8042 0.1731	
33.212770 297.238040	7.05e-01  8.43e-01  2.60e+05	-20.9802 68.1902 0.7475	
33.212770 297.238040	6.30e-01  8.57e-01  2.66e+05	-5.8393 67.8158 0.5853	
33.212770 297.238040	5.84e-01  8.76e-01  2.69e+05	-34.0407 57.1542 0.1147	
33.212770 297.238040	5.76e-01  8.37e-01  2.75e+05	-0.6976 63.6496 0.8237	
33.212770 297.238040	6.29e-01  9.49e-01  2.57e+05	-0.6150 72.8092 0.0617	
33.212770 297.238040	6.12e-01  8.01e-01  2.75e+05	-5.6926 63.3557 0.3342	
33.212770 297.238040	6.82e-01  9.30e-01  2.54e+05	-1.4568 74.4588 0.0159	
33.212770 297.238040	4.01e-01  8.12e-01  2.99e+05	-10.2620 46.6419 0.8002	
33.212770 297.238040	4.60e-01  9.12e-01  2.79e+05	-9.1091 60.2710 0.9794	
33.212770 297.238040	5.94e-01  8.41e-01  2.72e+05	2.5066 64.9545 0.6504	
33.212770 297.238040	5.78e-01  8.02e-01  2.78e+05	13.3754 59.9832 0.3234	
33.212770 297.238040	6.02e-01  7.96e-01  2.76e+05	-19.5682 59.5122 0.8640	
33.212770 297.238040	5.12e-01  6.86e-01  3.01e+05	4.6726 45.9759 0.0021	
33.212770 297.238040	6.93e-01  8.28e-01  2.63e+05	27.1710 64.4364 0.6545	
33.212770 297.238040	7.61e-01  9.49e-01  2.44e+05	-5.4779 78.5790 0.0446	
33.212770 297.238040	7.02e-01  9.62e-01  2.49e+05	27.3367 71.7438 0.5451	
33.212770 297.238040	6.75e-01  7.91e-01  2.69e+05	-15.3731 65.1026 0.0054	
33.212770 297.238040	7.51e-01  9.47e-01  2.46e+05	26.3157 73.7008 0.7443	
33.212770 297.238040	4.15e-01  8.11e-01  2.98e+05	24.9863 42.1122 0.8159	
33.212770 297.238040	3.73e-01  8.84e-01  2.94e+05	-10.2211 50.8795 0.8433	
33.212770 297.238040	5.48e-01  8.82e-01  2.73e+05	-21.5500 61.0410 0.6312	
33.212770 297.238040	7.35e-01  9.28e-01  2.49e+05	23.5925 73.0407 0.5550	
33.212770 297.238040	5.51e-01  8.04e-01  2.81e+05	-32.9956 49.7254 0.5076	
33.212770 297.238040	6.68e-01  8.10e-01  2.67e+05	-31.8652 59.5610 0.8744	
33.212770 297.238040	4.02e-01  8.62e-01  2.93e+05	-4.7810 52.3141 0.6990	
33.212770 297.238040	6.80e-01  8.87e-01  2.58e+05	3.1670 72.2169 0.3268	
33.212770 297.238040	5.43e-01  7.67e-01  2.87e+05	-26.7969 49.5917 0.7912	
33.212770 297.238040	5.05e-01  6.81e-01  3.03e+05	-28.7761 34.4863 0.9135	
33.212770 297.238040	5.59e-01  7.61e-01  2.86e+05	-3.8520 57.0171 0.0588	
33.212770 297.238040	7.11e-01  8.39e-01  2.60e+05	20.7154 68.3545 0.0554	
33.212770 297.238040	5.78e-01  6.81e-01  2.93e+05	-4.4897 51.8999 0.8220	
33.212770 297.238040	6.49e-01  7.02e-01  2.82e+05	-8.0859 58.9373 0.1663	
33.212770 297.238040	5.68e-01  7.06e-01  2.91e+05	-8.3062 52.7104 0.3930	
33.212770 297.238040	5.18e-01  9.50e-01  2.69e+05	27.5343 61.0789 0.1361	
33.212770 297.238040	6.12e-01  7.77e-01  2.77e+05	7.4346 61.6600 0.8562	
33.212770 297.238040	5.97e-01  9.52e-01  2.60e+05	-41.1737 58.3386 0.6164	
33.212770 297.238040	6.17e-01  7.21e-01  2.83e+05	-10.8183 57.4568 0.7508	
33.212770 297.238040	6.03e-01  9.02e-01  2.65e+05	-17.3024 66.8927 0.4799	
33.212770 297.238040	5.72e-01  8.61e-01  2.72e+05	7.2928 64.5215 0.7169	
33.212770 297.238040	6.76e-01  7.75e-01  2.70e+05	-18.5964 63.3300 0.1402	
33.212770 297.238040	7.78e-01  9.16e-01  2.46e+05	-31.0051 71.6654 0.7877	
33.212770 297.238040	5.19e-01  5.99e-01  3.13e+05	-7.0056 35.6917 0.5808	
33.212770 297.238040	4.41e-01  7.78e-01  2.99e+05	-2.1635 48.3161 0.6344	
33.212770 297.238040	7.20e-01  8.20e-01  2.61e+05	-5.1073 70.7901 0.0542	
33.212770 297.238040	6.33e-01  6.60e-01  2.89e+05	9.6128 54.1475 0.4939	
33.212770 297.238040	7.01e-01  8.65e-01  2.58e+05	-6.8850 71.8791 0.7098	
33.212770 297.238040	6.74e-01  7.57e-01  2.73e+05	8.0875 64.2477 0.0441	
33.212770 297.238040	5.86e-01  8.04e-01  2.77e+05	-28.6760 55.1796 0.5625	
33.212770 297.238040	3.28e-01  8.23e-01  3.08e+05	4.5279 40.4766 0.7006	
33.212770 297.238040	5.88e-01  8.11e-01  2.76e+05	-20.9050 59.1180 0.9818	
33.212770 297.238040	5.55e-01  8.22e-01  2.79e+05	-15.6340 59.2698 0.3903	
33.212770 297.238040	7.39e-01  8.57e-01  2.55e+05	28.9216 67.7816 0.8453	
33.212770 297.238040	6.95e-01  7.84e-01  2.67e+05	-21.4559 64.1625 0.8064	
33.212770 297.238040	6.09e-01  7.40e-01  2.82e+05	0.6299 59.2754 0.4968	
33.212770 297.238040	5.18e-01  8.07e-01  2.85e+05	-16.2655 55.1352 0.7140	
33.212770 297.238040	8.66e-01  9.49e-01  2.35e+05	-2.4997 82.7545 0.1270	
33.212770 297.238040	5.04e-01  8.35e-01  2.83e+05	29.8299 50.4103 0.9308	
33.212770 297.238040	5.88e-01  9.12e-01  2.65e+05	33.9261 59.8220 0.2472	
33.212770 297.238040	6.15e-01  7.75e-01  2.77e+05	-10.7470 61.1680 0.6343	
33.212770 297.238040	5.51e-01  9.80e-01  2.62e+05	-3.6408 70.4092 0.9884	
33.212770 297.238040	4.63e-01  6.59e-01  3.12e+05	19.8980 30.9185 0.3181	
33.212770 297.238040	6.42e-01  8.00e-01  2.71e+05	-0.7376 65.4407 0.4278	
33.212770 297.238040	4.81e-01  8.69e-01  2.82e+05	-11.4987 58.2531 0.4664	
33.212770 297.238040	5.90e-01  8.46e-01  2.72e+05	-23.7827 60.6103 0.3012	
33.212770 297.238040	6.74e-01  8.10e-01  2.67e+05	-33.7156 58.9466 0.3200	
33.212770 297.238040	5.23e-01  8.55e-01  2.79e+05	-17.7829 58.7584 0.2739	
33.212770 297.238040	5.34e-01  8.19e-01  2.82e+05	14.0944 57.9291 0.6005	
33.212770 297.238040	6.05e-01  7.85e-01  2.77e+05	8.6395 61.5646 0.8543	
33.212770 297.238040	5.88e-01  7.49e-01  2.84e+05	-15.4190 56.3651 0.5068	
33.212770 297.238040	5.89e-01  7.87e-01  2.79e+05	8.4122 60.5818 0.4854	
33.212770 297.238040	5.84e-01  8.19e-01  2.76e+05	-0.2288 63.0601 0.8884	
33.212770 297.238040	5.33e-01  7.66e-01  2.88e+05	-3.7786 55.3455 0.5844	
33.212770 297.238040	4.42e-01  9.02e-01  2.83e+05	17.7690 56.1366 0.1288	
33.212770 297.238040	6.42e-01  8.55e-01  2.65e+05	-11.5030 67.6173 0.4499	
33.212770 297.238040	7.23e-01  7.90e-01  2.64e+05	-26.6012 64.1963 0.9499	
33.212770 297.238040	5.00e-01  6.62e-01  3.06e+05	28.1355 31.4027 0.8914	
33.212770 297.238040	6.51e-01  7.96e-01  2.71e+05	-34.2706 56.1183 0.4028	
33.212770 297.238040	5.99e-01  8.46e-01  2.71e+05	-9.1418 64.9859 0.1335	
33.212770 297.238040	5.94e-01  6.35e-01  2.97e+05	12.3405 47.7013 0.7019	
33.212770 297.238040	5.87e-01  7.25e-01  2.87e+05	-6.8989 56.0754 0.0482	
33.212770 297.238040	4.57e-01  8.96e-01  2.82e+05	5.8665 59.2832 0.4788	
33.212770 297.238040	4.92e-01  6.78e-01  3.05e+05	-3.0574 42.9376 0.0300	
33.212770 297.238040	7.02e-01  8.75e-01  2.57e+05	17.8898 70.5773 0.3826	
33.212770 297.238040	6.24e-01  7.76e-01  2.76e+05	3.0760 62.7349 0.7168	
33.212770 297.238040	5.51e-01  7.41e-01  2.89e+05	-2.9888 54.8076 0.5439	
33.212770 297.238040	5.81e-01  7.30e-01  2.87e+05	-3.5825 56.2815 0.6834	
33.212770 297.238040	6.18e-01  8.83e-01  2.65e+05	7.6885 68.4417 0.4669	
33.212770 297.238040	6.88e-01  8.87e-01  2.57e+05	-15.9805 70.9314 0.9166	
33.212770 297.238040	4.30e-01  7.00e-01  3.11e+05	-22.3457 30.7733 0.4884	
33.212770 297.238040	7.54e-01  8.95e-01  2.50e+05	-3.1163 76.0839 0.9384	
33.212770 297.238040	5.69e-01  8.23e-01  2.77e+05	-25.1265 56.9787 0.4191	
33.212770 297.238040	5.12e-01  7.53e-01  2.93e+05	13.1155 50.9243 0.3646	
33.212770 297.238040	3.79e-01  8.21e-01  3.01e+05	2.0931 46.3307 0.8997	
33.212770 297.238040	7.50e-01  8.23e-01  2.58e+05	22.5117 68.9729 0.2269	
33.212770 297.238040	6.77e-01  8.14e-01  2.66e+05	21.8457 64.7164 0.9266	
33.212770 297.238040	5.34e-01  6.35e-01  3.05e+05	-10.2799 41.7338 0.6693	
33.212770 297.238040	5.47e-01  8.83e-01  2.73e+05	-27.8941 58.4340 0.7455	
33.212770 297.238040	4.93e-01  8.27e-01  2.86e+05	-28.6512 49.4362 0.8818	
33.212770 297.238040	5.08e-01  8.25e-01  2.84e+05	9.8093 57.3219 0.5854	
33.212770 297.238040	6.39e-01  7.78e-01  2.74e+05	5.2413 63.6960 0.0483	
33.212770 297.238040	6.83e-01  7.77e-01  2.69e+05	6.0239 66.2352 0.0623	
33.212770 297.238040	6.79e-01  9.59e-01  2.51e+05	17.1417 73.6992 0.1126	
33.212770 297.238040	8.38e-01  8.78e-01  2.44e+05	-4.0470 78.8798 0.8706	
33.212770 297.238040	6.91e-01  8.77e-01  2.58e+05	10.0104 71.6393 0.9828	
33.212770 297.238040	4.38e-01  7.25e-01  3.06e+05	15.4702 39.2954 0.7783	
33.212770 297.238040	6.77e-01  9.21e-01  2.55e+05	-5.1214 73.6324 0.4565	
33.212770 297.238040	7.68e-01  9.96e-01  2.40e+05	14.8404 79.5132 0.2720	
33.212770 297.238040	5.60e-01  6.73e-01  2.97e+05	2.4633 49.6947 0.6584	
33.212770 297.238040	6.41e-01  8.76e-01  2.63e+05	-34.4867 60.6384 0.7679	
33.212770 297.238040	5.57e-01  8.10e-01  2.80e+05	-13.9033 58.9008 0.6208	
33.212770 297.238040	5.93e-01  8.50e-01  2.71e+05	9.6758 64.7584 0.0174	
33.212770 297.238040	7.98e-01  8.74e-01  2.48e+05	-17.2500 75.2180 0.2168	
33.212770 297.238040	4.74e-01  8.96e-01  2.80e+05	-20.5110 57.2573 0.1806	
33.212770 297.238040	7.94e-01  9.24e-01  2.44e+05	24.1707 75.2777 0.3846	
33.212770 297.238040	5.15e-01  7.54e-01  2.92e+05	11.7337 51.5889 0.4968	
33.212770 297.238040	6.66e-01  8.40e-01  2.65e+05	18.2028 66.6458 0.2585	
33.212770 297.238040	7.11e-01  8.01e-01  2.64e+05	-0.3727 69.4537 0.8446	
33.212770 297.238040	7.64e-01  8.09e-01  2.57e+05	-3.9108 72.5306 0.2246	
33.212770 297.238040	5.83e-01  7.07e-01  2.89e+05	-6.4082 54.3946 0.1457	
33.212770 297.238040	6.85e-01  7.61e-01  2.71e+05	42.7286 49.8814 0.6948	
33.212770 297.238040	4.81e-01  6.83e-01  3.06e+05	-1.6396 42.2758 0.3421	
33.212770 297.238040	5.36e-01  7.81e-01  2.86e+05	-16.4107 54.5019 0.0769	
33.212770 297.238040	6.42e-01  9.09e-01  2.60e+05	7.9406 71.0441 0.6016	
33.212770 297.238040	6.84e-01  7.31e-01  2.74e+05	-18.9752 60.8790 0.3547	
33.212770 297.238040	4.28e-01  7.59e-01  3.03e+05	14.1999 42.7037 0.0246	
33.212770 297.238040	6.68e-01  7.76e-01  2.71e+05	14.5356 63.9164 0.1206	
33.212770 297.238040	3.92e-01  8.28e-01  2.99e+05	8.8133 47.6158 0.2514	
33.212770 297.238040	5.19e-01  7.29e-01  2.95e+05	16.7139 48.3582 0.1533	
33.212770 297.238040	4.47e-01  6.67e-01  3.13e+05	-4.5707 35.5386 0.6273	
33.212770 297.238040	6.67e-01  9.03e-01  2.58e+05	20.3574 69.5514 0.5458	
33.212770 297.238040	6.51e-01  6.88e-01  2.83e+05	-7.9949 58.0270 0.9708	
33.212770 297.238040	5.92e-01  7.68e-01  2.81e+05	21.7785 55.9987 0.1771	
33.212770 297.238040	4.97e-01  7.25e-01  2.98e+05	6.0890 48.2359 0.0934	
33.212770 297.238040	6.24e-01  7.32e-01  2.81e+05	-1.5452 59.7434 0.1545	
33.212770 297.238040	6.70e-01  9.49e-01  2.53e+05	19.1634 72.2728 0.2018	
33.212770 297.238040	4.87e-01  7.44e-01  2.97e+05	24.4891 43.0254 0.5572	
33.212770 297.238040	6.76e-01  7.57e-01  2.72e+05	17.0661 62.5999 0.4592	
33.212770 297.238040	5.63e-01  8.10e-01  2.79e+05	1.5376 60.9605 0.8996	
33.212770 297.238040	5.98e-01  8.01e-01  2.76e+05	30.2251 55.0035 0.7038	
33.212770 297.238040	6.07e-01  8.73e-01  2.67e+05	-22.3841 63.8580 0.1699	
33.212770 297.238040	5.44e-01  7.67e-01  2.87e+05	-12.3169 55.0221 0.5587	
33.212770 297.238040	6.01e-01  8.36e-01  2.72e+05	21.4990 61.4874 0.2405	
33.212770 297.238040	4.41e-01  8.14e-01  2.94e+05	-17.6032 48.6696 0.4030	
33.212770 297.238040	4.83e-01  6.39e-01  3.12e+05	-11.2267 35.1311 0.4753	
33.212770 297.238040	5.36e-01  8.93e-01  2.73e+05	16.7649 62.3974 0.4172	
33.212770 297.238040	6.74e-01  8.68e-01  2.61e+05	-0.0972 70.9965 0.0255	
33.212770 297.238040	4.45e-01  8.06e-01  2.94e+05	-1.7985 51.3363 0.0814	
33.212770 297.238040	5.90e-01  7.55e-01  2.83e+05	5.2391 58.7952 0.0308	
33.212770 297.238040	5.62e-01  7.85e-01  2.82e+05	-0.5682 59.1483 0.3232	
33.212770 297.238040	5.29e-01  8.03e-01  2.84e+05	-17.2988 55.4349 0.2158	
33.212770 297.238040	5.20e-01  7.84e-01  2.88e+05	-3.4229 55.8040 0.6006	
33.212770 297.238040	4.93e-01  9.27e-01  2.74e+05	13.0161 62.7290 0.7064	
33.212770 297.238040	4.15e-01  8.33e-01  2.95e+05	-1.3070 51.0932 0.0402	
33.212770 297.238040	3.75e-01  8.08e-01  3.04e+05	-11.0712 43.1520 0.2677	
33.212770 297.238040	6.13e-01  8.17e-01  2.73e+05	14.0653 63.1546 0.9642	
33.212770 297.238040	5.67e-01  8.91e-01  2.70e+05	-2.3787 66.4035 0.2525	
33.212770 297.238040	6.38e-01  9.48e-01  2.56e+05	6.0416 72.9704 0.9575	
33.212770 297.238040	6.38e-01  7.91e-01  2.73e+05	-5.6325 64.3758 0.5753	
33.212770 297.238040	5.16e-01  8.24e-01  2.83e+05	4.8871 58.4847 0.4220	
33.212770 297.238040	4.79e-01  8.40e-01  2.86e+05	-8.3839 56.3756 0.1312	
33.212770 297.238040	3.45e-01  7.73e-01  3.13e+05	-7.4514 35.5022 0.0780	
33.212770 297.238040	8.13e-01  9.06e-01  2.44e+05	-7.6782 78.7452 0.4807	
33.212770 297.238040	6.21e-01  8.37e-01  2.70e+05	1.8355 66.4002 0.1649	
33.212770 297.238040	4.10e-01  8.90e-01  2.88e+05	0.6803 55.5013 0.9431	
33.212770 297.238040	4.90e-01  7.35e-01  2.98e+05	-0.9648 48.9579 0.6955	
33.212770 297.238040	7.08e-01  8.52e-01  2.59e+05	-14.6398 70.4402 0.1058	
33.212770 297.238040	5.80e-01  8.25e-01  2.76e+05	19.3777 60.1011 0.6717	
33.212770 297.238040	5.02e-01  6.47e-01  3.08e+05	2.3572 40.3468 0.7191	
33.212770 297.238040	4.10e-01  7.81e-01  3.02e+05	-7.4999 44.8172 0.0155	
33.212770 297.238040	6.89e-01  8.94e-01  2.57e+05	1.7492 73.0723 0.1403	
33.212770 297.238040	4.98e-01  9.50e-01  2.71e+05	20.5096 62.5073 0.1211	
33.212770 297.238040	4.60e-01  8.38e-01  2.88e+05	0.1990 55.4451 0.1675	
33.212770 297.238040	6.81e-01  8.47e-01  2.62e+05	-5.3470 70.1169 0.1733	
33.212770 297.238040	7.02e-01  9.45e-01  2.50e+05	9.0644 75.5093 0.4643	
33.212770 297.238040	6.31e-01  7.54e-01  2.78e+05	-12.2767 60.5865 0.4480	
33.212770 297.238040	7.52e-01  8.89e-01  2.51e+05	-22.2799 72.4041 0.6986	
33.212770 297.238040	7.43e-01  9.69e-01  2.44e+05	-3.6170 78.7416 0.9556	
33.212770 297.238040	5.29e-01  6.90e-01  2.99e+05	-10.7833 47.0706 0.9063	
33.212770 297.238040	6.77e-01  8.40e-01  2.63e+05	-10.3791 68.9263 0.0244	
33.212770 297.238040	7.06e-01  9.23e-01  2.52e+05	8.8837 74.6984 0.8181	
33.212770 297.238040	5.04e-01  9.73e-01  2.68e+05	-1.4349 67.5018 0.0849	
33.212770 297.238040	5.04e-01  7.53e-01  2.94e+05	27.9677 43.7257 0.8375	
33.212770 297.238040	6.88e-01  8.57e-01  2.60e+05	-1.5737 71.1605 0.5693	
33.212770 297.238040	4.75e-01  7.68e-01  2.95e+05	-0.8053 50.5984 0.0590	
33.212770 297.238040	4.00e-01  7.32e-01  3.11e+05	7.6563 37.5540 0.0283	
33.212770 297.238040	6.66e-01  8.71e-01  2.61e+05	-7.0563 70.4406 0.0250	
33.212770 297.238040	6.05e-01  7.80e-01  2.78e+05	7.3610 61.3719 0.4167	
33.212770 297.238040	5.73e-01  8.10e-01  2.78e+05	-17.3222 59.1917 0.8137	
33.212770 297.238040	5.97e-01  7.80e-01  2.79e+05	13.6084 59.7019 0.9189	
33.212770 297.238040	6.78e-01  7.46e-01  2.73e+05	-10.8753 63.4584 0.2923	
33.212770 297.238040	5.48e-01  8.16e-01  2.80e+05	7.0960 59.9600 0.5722	
33.212770 297.238040	8.83e-01  9.09e-01  2.37e+05	1.8737 81.8834 0.0395	
33.212770 297.238040	5.55e-01  6.86e-01  2.96e+05	8.1649 49.7242 0.2790	
33.212770 297.238040	6.19e-01  8.45e-01  2.69e+05	14.9209 65.0346 0.5563	
33.212770 297.238040	4.94e-01  9.54e-01  2.71e+05	-10.6784 64.9103 0.2572	
33.212770 297.238040	5.66e-01  8.13e-01  2.79e+05	-21.2477 57.6215 0.6213	
33.212770 297.238040	5.19e-01  7.68e-01  2.90e+05	-14.5384 52.5997 0.6601	
33.212770 297.238040	7.26e-01  7.95e-01  2.63e+05	14.9760 68.3031 0.6377	
33.212770 297.238040	6.51e-01  9.25e-01  2.57e+05	-8.9729 72.2194 0.4154	
33.212770 297.238040	6.04e-01  8.39e-01  2.71e+05	-23.4818 61.1945 0.9958	
