56.111696 292.154056	5.93e-01  7.17e-01  3.01e+05	0.0000 65.0913 0.0982	
56.111696 292.154056	5.88e-01  7.28e-01  3.00e+05	-23.0965 61.4927 0.9526	
56.111696 292.154056	5.07e-01  7.77e-01  3.04e+05	12.3541 61.4032 0.0440	
56.111696 292.154056	5.09e-01  5.38e-01  3.40e+05	4.1022 26.7400 0.3237	
56.111696 292.154056	5.38e-01  7.55e-01  3.03e+05	26.9424 57.5356 0.3664	
56.111696 292.154056	6.83e-01  8.98e-01  2.69e+05	-20.6897 81.7624 0.5542	
56.111696 292.154056	3.85e-01  7.59e-01  3.24e+05	8.6023 45.1954 0.1621	
56.111696 292.154056	3.92e-01  9.68e-01  2.95e+05	-25.6988 64.4936 0.9623	
56.111696 292.154056	6.12e-01  8.66e-01  2.81e+05	26.4331 73.4465 0.3817	
56.111696 292.154056	5.35e-01  6.43e-01  3.19e+05	-6.0746 50.4243 0.9780	
56.111696 292.154056	6.49e-01  7.31e-01  2.92e+05	-9.7735 70.3625 0.1289	
56.111696 292.154056	6.36e-01  7.48e-01  2.92e+05	-11.0022 70.4560 0.0937	
56.111696 292.154056	5.31e-01  6.89e-01  3.13e+05	-14.3884 53.9778 0.1777	
56.111696 292.154056	6.27e-01  8.03e-01  2.86e+05	19.1833 72.2581 0.4830	
56.111696 292.154056	4.30e-01  7.58e-01  3.18e+05	22.6308 46.9615 0.3180	
56.111696 292.154056	5.48e-01  8.12e-01  2.95e+05	-30.4655 62.3515 0.6344	
56.111696 292.154056	6.67e-01  9.09e-01  2.70e+05	-13.4216 82.9955 0.5480	
56.111696 292.154056	4.29e-01  8.26e-01  3.08e+05	19.3043 56.5554 0.2939	
56.111696 292.154056	4.55e-01  6.84e-01  3.25e+05	-12.1831 43.6795 0.8383	
56.111696 292.154056	3.61e-01  8.50e-01  3.14e+05	-5.7199 54.6107 0.0633	
56.111696 292.154056	4.28e-01  8.99e-01  2.99e+05	17.6533 64.2394 0.4384	
56.111696 292.154056	6.09e-01  7.95e-01  2.89e+05	1.7238 72.8612 0.9852	
56.111696 292.154056	4.48e-01  8.15e-01  3.07e+05	-25.1243 55.2274 0.6322	
56.111696 292.154056	5.98e-01  9.40e-01  2.74e+05	34.6268 74.1803 0.0319	
56.111696 292.154056	5.99e-01  8.15e-01  2.88e+05	-24.8788 69.2840 0.4151	
56.111696 292.154056	3.47e-01  8.01e-01  3.24e+05	-22.3714 40.9656 0.8340	
56.111696 292.154056	6.79e-01  9.45e-01  2.65e+05	34.6902 79.4713 0.7207	
56.111696 292.154056	3.14e-01  9.64e-01  3.05e+05	-15.0740 60.3344 0.5798	
56.111696 292.154056	7.98e-01  9.64e-01  2.52e+05	-4.8275 93.2447 0.7966	
56.111696 292.154056	6.66e-01  8.11e-01  2.81e+05	-4.2082 77.8685 0.5604	
56.111696 292.154056	7.24e-01  9.11e-01  2.64e+05	-48.6359 72.4587 0.1324	
56.111696 292.154056	5.21e-01  6.09e-01  3.26e+05	-12.8029 41.9184 0.4043	
56.111696 292.154056	4.97e-01  6.34e-01  3.26e+05	-3.7462 43.9040 0.7425	
56.111696 292.154056	4.67e-01  6.75e-01  3.24e+05	-12.7468 44.0103 0.7128	
56.111696 292.154056	5.55e-01  7.03e-01  3.08e+05	28.9910 52.7095 0.9138	
56.111696 292.154056	8.02e-01  8.71e-01  2.60e+05	24.7672 85.6477 0.9929	
56.111696 292.154056	5.08e-01  6.35e-01  3.24e+05	-16.5924 42.8859 0.4639	
56.111696 292.154056	6.26e-01  9.52e-01  2.70e+05	-16.2692 82.5958 0.2799	
56.111696 292.154056	4.85e-01  7.21e-01  3.15e+05	-19.8567 50.4564 0.1751	
56.111696 292.154056	6.16e-01  9.24e-01  2.74e+05	-27.9028 77.0969 0.6730	
56.111696 292.154056	5.58e-01  5.78e-01  3.25e+05	-19.8081 40.2572 0.9720	
56.111696 292.154056	6.07e-01  7.44e-01  2.96e+05	-19.4081 65.9102 0.8213	
56.111696 292.154056	3.82e-01  9.75e-01  2.95e+05	2.8584 69.0975 0.3640	
56.111696 292.154056	4.77e-01  6.97e-01  3.20e+05	14.8578 48.0064 0.7436	
56.111696 292.154056	6.48e-01  7.34e-01  2.92e+05	-0.7797 71.1822 0.1472	
56.111696 292.154056	5.35e-01  6.51e-01  3.18e+05	15.1584 49.5481 0.5471	
56.111696 292.154056	6.83e-01  7.25e-01  2.89e+05	28.5257 67.3751 0.2274	
56.111696 292.154056	6.61e-01  6.97e-01  2.95e+05	29.3199 62.8255 0.3491	
56.111696 292.154056	5.41e-01  7.69e-01  3.01e+05	-28.5268 58.5993 0.6827	
56.111696 292.154056	4.13e-01  6.91e-01  3.30e+05	-11.1189 37.9040 0.2916	
56.111696 292.154056	5.26e-01  7.02e-01  3.12e+05	47.0024 31.9868 0.0521	
56.111696 292.154056	6.28e-01  7.99e-01  2.87e+05	1.9748 74.4892 0.9395	
56.111696 292.154056	5.62e-01  8.07e-01  2.93e+05	33.3384 61.8131 0.5014	
56.111696 292.154056	6.59e-01  9.13e-01  2.70e+05	-25.8318 79.7232 0.9678	
56.111696 292.154056	4.09e-01  8.82e-01  3.03e+05	28.9224 56.4453 0.5941	
56.111696 292.154056	3.02e-01  8.75e-01  3.19e+05	-25.3119 43.9443 0.2997	
56.111696 292.154056	5.83e-01  8.52e-01  2.86e+05	-34.3342 66.8181 0.3388	
56.111696 292.154056	6.23e-01  9.35e-01  2.72e+05	-14.6590 81.7053 0.3477	
56.111696 292.154056	3.29e-01  8.36e-01  3.21e+05	15.1410 46.5931 0.1367	
56.111696 292.154056	4.72e-01  7.81e-01  3.09e+05	20.7670 55.8362 0.0111	
56.111696 292.154056	3.73e-01  8.57e-01  3.12e+05	23.8309 51.9525 0.7633	
56.111696 292.154056	4.89e-01  7.96e-01  3.04e+05	-18.2143 60.0985 0.5703	
56.111696 292.154056	5.83e-01  7.90e-01  2.93e+05	-15.4647 68.7773 0.7756	
56.111696 292.154056	6.68e-01  7.37e-01  2.89e+05	23.3024 69.1076 0.0205	
56.111696 292.154056	4.15e-01  6.97e-01  3.29e+05	-2.1471 40.9563 0.5691	
56.111696 292.154056	4.65e-01  9.61e-01  2.87e+05	16.9765 72.5207 0.6161	
56.111696 292.154056	4.17e-01  9.13e-01  2.98e+05	12.5399 65.7596 0.5032	
56.111696 292.154056	5.38e-01  7.08e-01  3.10e+05	6.3215 58.3915 0.2862	
56.111696 292.154056	3.92e-01  7.35e-01  3.27e+05	-18.6999 39.0414 0.2491	
56.111696 292.154056	5.40e-01  6.80e-01  3.13e+05	-13.1870 54.3795 0.6892	
56.111696 292.154056	4.41e-01  9.00e-01  2.97e+05	-21.2279 64.4375 0.8304	
56.111696 292.154056	4.64e-01  6.91e-01  3.23e+05	9.6177 46.7173 0.7463	
56.111696 292.154056	3.94e-01  7.44e-01  3.25e+05	-3.8120 44.9221 0.4182	
56.111696 292.154056	6.01e-01  8.06e-01  2.89e+05	42.2262 59.6681 0.2289	
56.111696 292.154056	4.26e-01  7.73e-01  3.16e+05	1.0157 53.4882 0.1455	
56.111696 292.154056	6.37e-01  6.69e-01  3.01e+05	25.4916 59.5162 0.1960	
56.111696 292.154056	5.53e-01  9.31e-01  2.80e+05	-24.7831 74.4238 0.9209	
56.111696 292.154056	5.40e-01  8.56e-01  2.90e+05	40.7294 59.6362 0.7975	
56.111696 292.154056	7.16e-01  8.12e-01  2.75e+05	31.3705 74.9388 0.9940	
56.111696 292.154056	5.99e-01  8.22e-01  2.87e+05	28.4002 68.4704 0.0836	
56.111696 292.154056	6.22e-01  8.10e-01  2.86e+05	32.2153 67.6514 0.9557	
56.111696 292.154056	7.17e-01  9.24e-01  2.63e+05	-13.5177 86.5367 0.4535	
56.111696 292.154056	5.24e-01  8.70e-01  2.90e+05	-21.5639 68.8061 0.1564	
56.111696 292.154056	4.97e-01  9.06e-01  2.89e+05	-0.4912 72.7251 0.9101	
56.111696 292.154056	5.18e-01  7.93e-01  3.01e+05	-16.7462 62.9895 0.7311	
56.111696 292.154056	7.59e-01  8.74e-01  2.64e+05	60.9097 62.3766 0.5996	
56.111696 292.154056	4.08e-01  9.42e-01  2.96e+05	1.9027 68.5795 0.1030	
56.111696 292.154056	4.25e-01  8.02e-01  3.12e+05	26.0986 50.4474 0.7477	
56.111696 292.154056	3.80e-01  8.01e-01  3.19e+05	-7.1155 50.6401 0.3842	
56.111696 292.154056	4.23e-01  7.65e-01  3.18e+05	6.9288 51.6604 0.3165	
56.111696 292.154056	5.91e-01  8.82e-01  2.81e+05	-37.4848 68.0528 0.5247	
56.111696 292.154056	5.44e-01  6.74e-01  3.13e+05	-10.0971 54.8000 0.2179	
56.111696 292.154056	3.86e-01  8.86e-01  3.06e+05	10.9894 60.5448 0.4504	
56.111696 292.154056	5.91e-01  8.54e-01  2.84e+05	-17.4196 73.8128 0.2958	
56.111696 292.154056	4.82e-01  7.70e-01  3.09e+05	-2.7765 59.3685 0.9872	
56.111696 292.154056	3.64e-01  8.43e-01  3.15e+05	-22.1241 49.6936 0.0871	
56.111696 292.154056	5.37e-01  8.73e-01  2.89e+05	-7.4024 72.9009 0.2834	
56.111696 292.154056	3.24e-01  8.77e-01  3.16e+05	1.5434 53.7064 0.2219	
56.111696 292.154056	7.10e-01  9.45e-01  2.62e+05	22.9835 85.2812 0.8381	
56.111696 292.154056	5.29e-01  7.99e-01  2.99e+05	4.9378 66.5391 0.1961	
56.111696 292.154056	4.64e-01  8.21e-01  3.04e+05	-9.6844 61.9740 0.8595	
56.111696 292.154056	5.29e-01  7.03e-01  3.11e+05	24.5435 51.8385 0.5076	
56.111696 292.154056	5.65e-01  8.65e-01  2.86e+05	24.6173 70.6206 0.9647	
56.111696 292.154056	4.98e-01  8.41e-01  2.97e+05	-14.0547 66.2390 0.2923	
56.111696 292.154056	2.96e-01  8.87e-01  3.18e+05	-1.4416 51.4241 0.8874	
56.111696 292.154056	5.26e-01  8.72e-01  2.90e+05	17.2094 70.3594 0.3853	
56.111696 292.154056	4.91e-01  8.01e-01  3.03e+05	17.8036 60.8594 0.0008	
56.111696 292.154056	4.10e-01  7.58e-01  3.21e+05	-14.5650 47.2662 0.0302	
56.111696 292.154056	5.13e-01  7.87e-01  3.02e+05	-12.1519 62.9915 0.8819	
56.111696 292.154056	5.02e-01  7.84e-01  3.04e+05	-35.1923 52.0056 0.3835	
56.111696 292.154056	3.09e-01  8.98e-01  3.15e+05	-3.8529 54.2588 0.0556	
56.111696 292.154056	4.29e-01  7.78e-01  3.15e+05	-4.1673 54.3339 0.3174	
56.111696 292.154056	5.98e-01  8.26e-01  2.87e+05	-11.2616 73.4347 0.2030	
56.111696 292.154056	7.83e-01  8.99e-01  2.59e+05	-16.8433 88.0535 0.8865	
56.111696 292.154056	4.60e-01  6.13e-01  3.35e+05	11.6801 31.2308 0.1969	
56.111696 292.154056	4.27e-01  8.62e-01  3.04e+05	-17.1299 60.7920 0.2842	
56.111696 292.154056	4.00e-01  8.66e-01  3.07e+05	-3.2746 60.7879 0.0284	
56.111696 292.154056	4.62e-01  7.97e-01  3.08e+05	0.5372 60.1456 0.5066	
56.111696 292.154056	7.19e-01  9.54e-01  2.60e+05	-22.7070 86.2924 0.7077	
56.111696 292.154056	6.00e-01  7.48e-01  2.96e+05	5.7958 68.2005 0.3388	
56.111696 292.154056	5.97e-01  7.68e-01  2.94e+05	37.5271 58.9135 0.2402	
56.111696 292.154056	5.89e-01  9.26e-01  2.76e+05	29.7517 74.7745 0.8753	
56.111696 292.154056	5.52e-01  7.24e-01  3.05e+05	-13.8013 60.3292 0.6123	
56.111696 292.154056	6.32e-01  8.10e-01  2.85e+05	11.4701 74.7670 0.4269	
56.111696 292.154056	5.41e-01  8.75e-01  2.88e+05	-18.9248 71.3505 0.4915	
56.111696 292.154056	2.91e-01  9.25e-01  3.14e+05	3.4296 55.3718 0.2897	
56.111696 292.154056	5.16e-01  6.60e-01  3.20e+05	-18.9188 46.7605 0.9091	
56.111696 292.154056	6.34e-01  8.42e-01  2.81e+05	-21.8715 74.7896 0.6567	
56.111696 292.154056	6.76e-01  8.72e-01  2.73e+05	-12.2199 81.5139 0.9904	
56.111696 292.154056	2.83e-01  8.53e-01  3.25e+05	-9.9100 43.8748 0.0717	
56.111696 292.154056	6.77e-01  7.03e-01  2.92e+05	42.6351 56.8340 0.6445	
56.111696 292.154056	5.95e-01  7.50e-01  2.97e+05	21.0427 64.8087 0.0915	
56.111696 292.154056	5.66e-01  7.35e-01  3.02e+05	50.7778 39.4391 0.8881	
56.111696 292.154056	5.78e-01  8.00e-01  2.92e+05	41.7169 57.3069 0.4311	
56.111696 292.154056	4.46e-01  7.49e-01  3.17e+05	-9.1336 52.1329 0.4436	
56.111696 292.154056	4.44e-01  8.76e-01  3.00e+05	15.8994 64.0381 0.2861	
56.111696 292.154056	5.92e-01  7.88e-01  2.92e+05	4.6281 70.8936 0.2128	
56.111696 292.154056	7.11e-01  8.79e-01  2.68e+05	32.7900 78.2458 0.4929	
56.111696 292.154056	5.29e-01  6.90e-01  3.13e+05	-29.8384 47.1310 0.1987	
56.111696 292.154056	6.31e-01  7.32e-01  2.94e+05	6.5121 69.3556 0.3412	
56.111696 292.154056	5.10e-01  7.99e-01  3.01e+05	-12.0986 63.8919 0.7400	
56.111696 292.154056	5.86e-01  6.85e-01  3.06e+05	-21.9358 57.4205 0.0704	
56.111696 292.154056	5.70e-01  6.97e-01  3.07e+05	-1.1450 61.0377 0.6546	
56.111696 292.154056	4.64e-01  7.26e-01  3.17e+05	-27.7758 44.3871 0.2090	
56.111696 292.154056	3.63e-01  7.90e-01  3.23e+05	-10.3395 46.3204 0.5711	
56.111696 292.154056	5.00e-01  8.76e-01  2.93e+05	15.1466 69.0781 0.7311	
56.111696 292.154056	6.98e-01  7.89e-01  2.79e+05	7.7032 78.3198 0.2640	
56.111696 292.154056	6.20e-01  9.48e-01  2.71e+05	-25.7144 79.5786 0.4730	
56.111696 292.154056	4.93e-01  6.20e-01  3.29e+05	5.3751 40.8120 0.4244	
56.111696 292.154056	4.99e-01  9.08e-01  2.89e+05	4.6939 72.9742 0.8414	
56.111696 292.154056	5.64e-01  8.85e-01  2.84e+05	16.7174 74.2368 0.3757	
56.111696 292.154056	4.18e-01  8.04e-01  3.13e+05	-14.9612 54.1659 0.2987	
56.111696 292.154056	5.21e-01  8.93e-01  2.88e+05	13.7968 72.3293 0.1858	
56.111696 292.154056	4.58e-01  8.99e-01  2.95e+05	-27.8235 63.3651 0.0982	
56.111696 292.154056	5.60e-01  6.77e-01  3.11e+05	0.4862 57.8828 0.4490	
56.111696 292.154056	5.64e-01  8.45e-01  2.89e+05	-14.6825 71.7712 0.8901	
56.111696 292.154056	6.88e-01  7.90e-01  2.81e+05	26.7956 73.3243 0.3714	
56.111696 292.154056	4.07e-01  8.61e-01  3.07e+05	27.8992 54.3240 0.6545	
56.111696 292.154056	7.40e-01  8.60e-01  2.67e+05	10.0935 84.8006 0.0634	
56.111696 292.154056	4.36e-01  8.33e-01  3.06e+05	12.8993 59.8881 0.4337	
56.111696 292.154056	6.23e-01  8.90e-01  2.77e+05	-6.4259 80.0354 0.3531	
56.111696 292.154056	6.14e-01  7.05e-01  3.00e+05	-17.5247 63.5571 0.4734	
56.111696 292.154056	4.71e-01  8.12e-01  3.05e+05	-13.3337 61.0964 0.4589	
56.111696 292.154056	3.80e-01  7.70e-01  3.23e+05	-1.4853 46.9550 0.9876	
56.111696 292.154056	6.36e-01  8.12e-01  2.84e+05	15.9177 74.3302 0.5584	
56.111696 292.154056	4.65e-01  7.23e-01  3.18e+05	4.6913 51.8665 0.4834	
56.111696 292.154056	7.30e-01  8.13e-01  2.73e+05	-37.6082 73.0659 0.4376	
56.111696 292.154056	6.02e-01  7.58e-01  2.94e+05	4.2446 69.3368 0.9746	
56.111696 292.154056	6.18e-01  7.04e-01  2.99e+05	-27.5089 60.2273 0.3565	
56.111696 292.154056	3.16e-01  9.20e-01  3.11e+05	5.5036 57.5114 0.0228	
56.111696 292.154056	5.98e-01  7.75e-01  2.93e+05	-11.7750 69.4645 0.5899	
56.111696 292.154056	3.61e-01  8.45e-01  3.15e+05	-3.9215 54.1652 0.7608	
56.111696 292.154056	5.55e-01  7.84e-01  2.97e+05	10.0099 66.9360 0.6019	
56.111696 292.154056	6.47e-01  8.69e-01  2.76e+05	-12.6998 79.5121 0.9396	
56.111696 292.154056	5.68e-01  8.64e-01  2.86e+05	-4.9154 74.7622 0.3520	
56.111696 292.154056	5.19e-01  7.03e-01  3.13e+05	26.6125 49.4881 0.0181	
56.111696 292.154056	5.60e-01  5.85e-01  3.24e+05	1.0976 46.1472 0.6185	
56.111696 292.154056	5.47e-01  7.48e-01  3.03e+05	-18.0492 61.1042 0.2017	
56.111696 292.154056	4.01e-01  7.59e-01  3.22e+05	8.0802 47.6713 0.6581	
56.111696 292.154056	5.18e-01  7.79e-01  3.03e+05	17.8112 61.4057 0.8841	
56.111696 292.154056	4.46e-01  8.18e-01  3.07e+05	-20.6006 57.1539 0.8132	
56.111696 292.154056	1.89e-01  9.32e-01  3.28e+05	10.8555 41.1416 0.3297	
56.111696 292.154056	4.11e-01  7.60e-01  3.20e+05	-2.3866 49.8630 0.2258	
56.111696 292.154056	7.62e-01  8.62e-01  2.65e+05	56.5956 65.6574 0.1780	
56.111696 292.154056	5.10e-01  7.52e-01  3.07e+05	-19.8768 57.1937 0.4878	
56.111696 292.154056	5.71e-01  8.18e-01  2.91e+05	-10.0705 70.9997 0.8635	
56.111696 292.154056	4.96e-01  8.91e-01  2.91e+05	-4.9073 71.3667 0.7678	
56.111696 292.154056	6.16e-01  7.84e-01  2.90e+05	-25.2119 68.0142 0.9982	
56.111696 292.154056	4.16e-01  7.73e-01  3.17e+05	-4.8804 52.0650 0.7614	
56.111696 292.154056	5.42e-01  6.47e-01  3.17e+05	4.4683 52.1057 0.6369	
56.111696 292.154056	3.46e-01  8.43e-01  3.18e+05	-12.7355 50.6333 0.0685	
56.111696 292.154056	5.74e-01  7.49e-01  2.99e+05	36.8576 55.0733 0.4412	
56.111696 292.154056	5.38e-01  8.07e-01  2.96e+05	-0.5770 68.1907 0.4135	
56.111696 292.154056	4.63e-01  8.27e-01  3.04e+05	7.3154 62.8516 0.4213	
56.111696 292.154056	5.66e-01  8.04e-01  2.93e+05	-4.2237 70.1182 0.5191	
56.111696 292.154056	7.42e-01  7.53e-01  2.79e+05	13.6903 78.0101 0.3118	
56.111696 292.154056	5.56e-01  8.15e-01  2.93e+05	-16.6168 68.3543 0.2527	
56.111696 292.154056	5.56e-01  8.43e-01  2.90e+05	7.0669 72.1082 0.4894	
56.111696 292.154056	6.49e-01  6.94e-01  2.97e+05	-10.4049 67.1674 0.1170	
56.111696 292.154056	5.61e-01  7.12e-01  3.06e+05	42.1340 44.8800 0.9387	
56.111696 292.154056	6.11e-01  8.62e-01  2.81e+05	7.8858 77.3099 0.2533	
56.111696 292.154056	7.40e-01  8.54e-01  2.68e+05	-9.8836 84.4761 0.4085	
56.111696 292.154056	6.41e-01  7.39e-01  2.92e+05	-17.2335 68.9484 0.9615	
56.111696 292.154056	6.57e-01  9.73e-01  2.64e+05	10.1489 86.4027 0.0010	
56.111696 292.154056	5.21e-01  8.78e-01  2.90e+05	-10.4013 71.7274 0.8667	
56.111696 292.154056	4.86e-01  8.60e-01  2.96e+05	17.2076 66.0234 0.6739	
56.111696 292.154056	4.41e-01  9.42e-01  2.92e+05	-32.4333 63.4519 0.3509	
56.111696 292.154056	4.49e-01  7.12e-01  3.22e+05	-0.1356 48.5383 0.8539	
56.111696 292.154056	5.77e-01  8.47e-01  2.87e+05	-38.1821 63.8122 0.9137	
56.111696 292.154056	6.16e-01  8.06e-01  2.87e+05	42.4356 60.8746 0.6549	
56.111696 292.154056	3.71e-01  7.92e-01  3.21e+05	10.1909 47.6946 0.2900	
56.111696 292.154056	2.55e-01  9.03e-01  3.22e+05	16.1762 45.3493 0.2003	
56.111696 292.154056	5.06e-01  9.20e-01  2.87e+05	42.8271 60.9784 0.5129	
56.111696 292.154056	4.27e-01  8.05e-01  3.12e+05	-12.3597 55.9117 0.3923	
56.111696 292.154056	4.22e-01  7.24e-01  3.24e+05	-11.0879 45.0018 0.7780	
56.111696 292.154056	5.65e-01  7.86e-01  2.96e+05	12.2403 67.6489 0.0552	
56.111696 292.154056	4.91e-01  8.70e-01  2.94e+05	-8.9989 68.9244 0.1546	
56.111696 292.154056	4.88e-01  7.56e-01  3.10e+05	28.0672 51.4981 0.6663	
56.111696 292.154056	4.39e-01  8.76e-01  3.00e+05	2.0510 65.5431 0.3867	
56.111696 292.154056	4.21e-01  7.64e-01  3.18e+05	7.3521 51.1922 0.3514	
56.111696 292.154056	5.87e-01  7.44e-01  2.98e+05	-22.2454 63.1913 0.7812	
56.111696 292.154056	5.60e-01  7.45e-01  3.02e+05	10.5687 63.7984 0.7768	
56.111696 292.154056	4.85e-01  7.46e-01  3.11e+05	17.8016 54.4394 0.9785	
56.111696 292.154056	5.58e-01  7.23e-01  3.05e+05	-2.2448 62.3542 0.3733	
56.111696 292.154056	4.97e-01  8.83e-01  2.92e+05	-21.1847 67.7902 0.1653	
56.111696 292.154056	4.87e-01  7.48e-01  3.11e+05	15.7678 55.4260 0.4416	
56.111696 292.154056	7.83e-01  9.11e-01  2.58e+05	-15.8963 88.8002 0.0398	
56.111696 292.154056	5.59e-01  8.54e-01  2.88e+05	42.2290 60.1766 0.3820	
56.111696 292.154056	7.30e-01  8.33e-01  2.71e+05	-0.9006 83.3017 0.8373	
56.111696 292.154056	6.66e-01  8.12e-01  2.81e+05	8.4054 77.5629 0.8751	
56.111696 292.154056	4.50e-01  8.14e-01  3.07e+05	-20.1806 57.1656 0.2143	
56.111696 292.154056	4.18e-01  7.95e-01  3.14e+05	22.1228 50.6078 0.7522	
56.111696 292.154056	7.09e-01  9.45e-01  2.62e+05	6.3077 88.0408 0.3275	
56.111696 292.154056	6.91e-01  8.53e-01  2.73e+05	-13.4585 81.0654 0.2965	
56.111696 292.154056	3.48e-01  9.02e-01  3.09e+05	1.5992 59.1941 0.2948	
56.111696 292.154056	5.44e-01  9.66e-01  2.77e+05	-14.2739 78.8534 0.3028	
56.111696 292.154056	4.62e-01  7.07e-01  3.20e+05	-9.7413 48.6697 0.1244	
56.111696 292.154056	6.30e-01  7.96e-01  2.87e+05	27.7670 69.0688 0.4672	
56.111696 292.154056	4.15e-01  7.05e-01  3.28e+05	1.2383 42.3285 0.8832	
56.111696 292.154056	6.28e-01  9.10e-01  2.74e+05	4.2962 81.7193 0.8894	
56.111696 292.154056	5.31e-01  7.50e-01  3.05e+05	32.2593 53.4000 0.3614	
56.111696 292.154056	7.08e-01  8.63e-01  2.70e+05	-27.7053 79.0647 0.1507	
56.111696 292.154056	5.93e-01  7.59e-01  2.96e+05	17.3306 66.5432 0.1876	
56.111696 292.154056	4.97e-01  6.65e-01  3.22e+05	26.4714 40.8406 0.4725	
56.111696 292.154056	3.84e-01  8.17e-01  3.16e+05	0.4410 53.7337 0.9075	
56.111696 292.154056	3.79e-01  7.98e-01  3.19e+05	11.1325 49.4306 0.1583	
56.111696 292.154056	4.38e-01  8.07e-01  3.10e+05	-23.1820 53.8978 0.0358	
56.111696 292.154056	7.24e-01  8.08e-01  2.74e+05	-0.1670 81.5155 0.4889	
56.111696 292.154056	4.07e-01  7.62e-01  3.21e+05	-2.8607 49.5025 0.6009	
56.111696 292.154056	6.79e-01  8.98e-01  2.70e+05	-52.2499 65.9059 0.6689	
56.111696 292.154056	3.85e-01  9.38e-01  2.99e+05	-2.7785 66.1770 0.7252	
56.111696 292.154056	6.31e-01  8.95e-01  2.75e+05	-36.9649 72.1472 0.1038	
56.111696 292.154056	5.84e-01  7.94e-01  2.92e+05	-31.0106 63.7390 0.1430	
56.111696 292.154056	5.70e-01  9.51e-01  2.76e+05	-3.5920 80.7842 0.4585	
56.111696 292.154056	6.18e-01  8.12e-01  2.86e+05	24.9323 70.5438 0.9266	
56.111696 292.154056	5.34e-01  8.08e-01  2.97e+05	38.6233 55.8935 0.9892	
56.111696 292.154056	4.17e-01  9.06e-01  2.99e+05	29.7920 59.2152 0.2962	
56.111696 292.154056	6.49e-01  7.30e-01  2.92e+05	-39.8943 58.6919 0.1809	
56.111696 292.154056	3.87e-01  8.25e-01  3.14e+05	5.8351 54.7086 0.0354	
56.111696 292.154056	2.39e-01  9.34e-01  3.20e+05	-19.5664 46.2024 0.0609	
56.111696 292.154056	5.17e-01  6.79e-01  3.17e+05	16.0688 50.6184 0.0754	
56.111696 292.154056	5.42e-01  8.17e-01  2.95e+05	45.7963 52.0151 0.7901	
56.111696 292.154056	4.35e-01  9.59e-01  2.90e+05	-7.5364 71.7394 0.4201	
56.111696 292.154056	5.16e-01  7.97e-01  3.01e+05	-9.6588 64.6579 0.6173	
56.111696 292.154056	6.23e-01  8.23e-01  2.84e+05	-31.9598 68.8215 0.8131	
56.111696 292.154056	4.19e-01  9.23e-01  2.97e+05	17.6858 65.6112 0.7396	
56.111696 292.154056	2.96e-01  9.13e-01  3.15e+05	-11.4898 53.4986 0.2943	
56.111696 292.154056	4.94e-01  7.42e-01  3.11e+05	1.1050 57.6950 0.1798	
56.111696 292.154056	7.39e-01  8.57e-01  2.68e+05	12.1332 84.2876 0.5590	
56.111696 292.154056	6.03e-01  8.51e-01  2.83e+05	35.8673 67.4728 0.6479	
56.111696 292.154056	6.73e-01  9.30e-01  2.67e+05	-12.7934 84.5866 0.9685	
56.111696 292.154056	5.69e-01  7.12e-01  3.05e+05	10.8742 61.4007 0.5087	
56.111696 292.154056	5.39e-01  8.84e-01  2.87e+05	30.4280 67.7898 0.6002	
56.111696 292.154056	4.24e-01  9.08e-01  2.98e+05	16.4376 65.0555 0.6611	
56.111696 292.154056	5.88e-01  7.91e-01  2.92e+05	-21.2455 67.6257 0.4814	
56.111696 292.154056	6.42e-01  9.01e-01  2.73e+05	45.1582 68.5908 0.8978	
56.111696 292.154056	5.99e-01  8.58e-01  2.83e+05	-19.4413 74.1461 0.6265	
56.111696 292.154056	6.43e-01  6.93e-01  2.98e+05	-0.7663 67.4045 0.9873	
56.111696 292.154056	3.64e-01  7.55e-01  3.28e+05	-12.2382 40.3461 0.3474	
56.111696 292.154056	5.37e-01  8.49e-01  2.91e+05	-18.8024 69.0370 0.6582	
56.111696 292.154056	7.25e-01  7.96e-01  2.76e+05	0.6093 80.7750 0.2633	
56.111696 292.154056	5.13e-01  8.78e-01  2.91e+05	-17.6071 69.7413 0.5048	
56.111696 292.154056	5.75e-01  7.98e-01  2.93e+05	-1.4224 70.4481 0.5290	
56.111696 292.154056	4.59e-01  8.18e-01  3.05e+05	-15.5002 60.0013 0.1029	
56.111696 292.154056	3.80e-01  7.42e-01  3.28e+05	21.4953 36.8800 0.9015	
56.111696 292.154056	5.27e-01  7.71e-01  3.03e+05	9.0070 63.3569 0.9521	
56.111696 292.154056	5.45e-01  7.93e-01  2.97e+05	-2.0124 67.5978 0.0267	
56.111696 292.154056	5.32e-01  8.73e-01  2.89e+05	-0.9744 72.8979 0.0346	
56.111696 292.154056	6.33e-01  9.13e-01  2.73e+05	-25.9602 78.1219 0.6610	
56.111696 292.154056	4.95e-01  7.24e-01  3.13e+05	9.2242 55.0119 0.0438	
56.111696 292.154056	6.84e-01  7.79e-01  2.82e+05	3.5651 77.0112 0.4297	
56.111696 292.154056	5.54e-01  8.34e-01  2.91e+05	45.4548 55.4519 0.7598	
56.111696 292.154056	4.24e-01  7.91e-01  3.14e+05	19.0679 51.9885 0.3544	
56.111696 292.154056	6.71e-01  6.99e-01  2.93e+05	-2.7814 70.2080 0.4125	
56.111696 292.154056	6.18e-01  8.09e-01  2.86e+05	-8.4196 74.1014 0.3848	
56.111696 292.154056	4.27e-01  9.52e-01  2.92e+05	12.0074 69.9314 0.9884	
56.111696 292.154056	5.11e-01  9.04e-01  2.88e+05	15.3640 72.1176 0.9762	
56.111696 292.154056	5.93e-01  8.59e-01  2.84e+05	-31.2190 69.6135 0.7586	
56.111696 292.154056	4.55e-01  8.89e-01  2.97e+05	-4.8622 67.9661 0.6213	
56.111696 292.154056	4.64e-01  7.39e-01  3.16e+05	-2.2188 53.9098 0.5292	
56.111696 292.154056	4.67e-01  9.20e-01  2.91e+05	-16.4516 69.6122 0.4861	
56.111696 292.154056	5.11e-01  7.61e-01  3.06e+05	-12.3430 60.2133 0.7966	
56.111696 292.154056	5.01e-01  6.92e-01  3.17e+05	-12.2148 51.3275 0.5694	
56.111696 292.154056	4.86e-01  8.27e-01  3.00e+05	-24.0845 60.8275 0.9332	
56.111696 292.154056	3.89e-01  7.50e-01  3.25e+05	-28.3500 35.2150 0.4395	
56.111696 292.154056	5.96e-01  8.75e-01  2.81e+05	37.4700 67.9682 0.3318	
56.111696 292.154056	6.85e-01  9.77e-01  2.61e+05	-22.3840 85.7981 0.3342	
56.111696 292.154056	5.31e-01  8.34e-01  2.94e+05	8.0504 69.3707 0.7134	
56.111696 292.154056	6.84e-01  9.00e-01  2.69e+05	-0.2498 84.5390 0.7960	
56.111696 292.154056	6.94e-01  8.63e-01  2.72e+05	22.0359 79.9839 0.4275	
56.111696 292.154056	5.56e-01  8.03e-01  2.95e+05	-0.2265 69.3572 0.1821	
56.111696 292.154056	5.35e-01  7.75e-01  3.01e+05	15.2726 63.3228 0.7775	
56.111696 292.154056	5.49e-01  7.04e-01  3.08e+05	15.6413 57.5570 0.9816	
56.111696 292.154056	5.79e-01  6.57e-01  3.11e+05	1.6429 57.6821 0.9334	
56.111696 292.154056	4.11e-01  7.44e-01  3.23e+05	21.7879 42.2793 0.5603	
56.111696 292.154056	4.94e-01  6.73e-01  3.21e+05	-2.2705 49.2663 0.9872	
56.111696 292.154056	6.37e-01  7.96e-01  2.86e+05	3.4975 74.9622 0.0703	
56.111696 292.154056	5.57e-01  8.73e-01  2.86e+05	40.4229 62.8441 0.7211	
56.111696 292.154056	4.64e-01  7.08e-01  3.20e+05	-12.4400 48.4612 0.3061	
56.111696 292.154056	4.11e-01  8.91e-01  3.02e+05	-4.2659 64.2451 0.5496	
56.111696 292.154056	4.71e-01  8.36e-01  3.01e+05	17.2780 62.4502 0.3738	
56.111696 292.154056	4.18e-01  8.95e-01  3.01e+05	15.0003 63.6090 0.1654	
56.111696 292.154056	8.49e-01  9.23e-01  2.51e+05	61.8335 70.5596 0.1682	
56.111696 292.154056	5.22e-01  6.89e-01  3.14e+05	-9.8332 54.0050 0.7299	
56.111696 292.154056	4.90e-01  8.36e-01  2.99e+05	0.3879 66.5585 0.9313	
56.111696 292.154056	5.07e-01  7.01e-01  3.15e+05	-13.9650 52.8219 0.6323	
56.111696 292.154056	5.99e-01  6.92e-01  3.03e+05	19.8739 60.1966 0.0089	
56.111696 292.154056	4.03e-01  8.59e-01  3.07e+05	6.6533 60.1726 0.4917	
56.111696 292.154056	5.93e-01  8.68e-01  2.82e+05	-16.0811 75.2381 0.4738	
56.111696 292.154056	5.57e-01  5.86e-01  3.24e+05	5.9187 45.5492 0.0322	
56.111696 292.154056	4.88e-01  7.16e-01  3.15e+05	-0.9274 54.0960 0.9897	
56.111696 292.154056	7.98e-01  8.85e-01  2.59e+05	16.0446 88.2523 0.7416	
56.111696 292.154056	5.72e-01  8.87e-01  2.83e+05	-9.4031 76.2114 0.7587	
56.111696 292.154056	3.56e-01  8.85e-01  3.10e+05	1.7492 58.1817 0.7614	
56.111696 292.154056	3.55e-01  9.32e-01  3.04e+05	-2.4701 62.9775 0.3017	
56.111696 292.154056	3.63e-01  8.62e-01  3.12e+05	-5.6412 56.2571 0.9381	
56.111696 292.154056	6.26e-01  8.33e-01  2.83e+05	3.3528 76.7422 0.4738	
56.111696 292.154056	5.19e-01  7.44e-01  3.07e+05	-25.8932 54.7602 0.1052	
56.111696 292.154056	6.03e-01  7.53e-01  2.95e+05	-22.4569 65.3586 0.6078	
56.111696 292.154056	4.20e-01  8.63e-01  3.05e+05	14.0419 60.9066 0.4630	
56.111696 292.154056	5.39e-01  8.55e-01  2.90e+05	13.0538 70.9115 0.9429	
56.111696 292.154056	6.40e-01  9.21e-01  2.71e+05	49.3495 66.9734 0.6407	
56.111696 292.154056	4.74e-01  7.04e-01  3.19e+05	-12.6756 49.0932 0.5731	
56.111696 292.154056	8.11e-01  8.97e-01  2.57e+05	-42.5443 80.3113 0.5344	
56.111696 292.154056	5.56e-01  8.56e-01  2.88e+05	10.7775 72.7182 0.4853	
56.111696 292.154056	2.82e-01  9.34e-01  3.14e+05	-28.2314 47.7696 0.2216	
56.111696 292.154056	4.89e-01  7.44e-01  3.11e+05	-9.2476 56.6512 0.9292	
56.111696 292.154056	4.47e-01  8.35e-01  3.05e+05	-27.8771 55.8332 0.6050	
56.111696 292.154056	5.24e-01  6.86e-01  3.15e+05	-26.7328 47.8536 0.9704	
56.111696 292.154056	5.60e-01  7.35e-01  3.03e+05	26.9459 57.8393 0.3121	
56.111696 292.154056	3.16e-01  9.10e-01  3.12e+05	-24.8664 50.9600 0.0410	
56.111696 292.154056	4.70e-01  8.56e-01  2.99e+05	-15.3930 64.7468 0.6818	
56.111696 292.154056	5.15e-01  8.85e-01  2.90e+05	-29.3008 66.3325 0.2894	
56.111696 292.154056	3.80e-01  7.93e-01  3.20e+05	-13.1831 48.3386 0.8300	
56.111696 292.154056	4.09e-01  8.53e-01  3.07e+05	-8.6600 59.9250 0.2237	
56.111696 292.154056	4.28e-01  7.90e-01  3.13e+05	30.0336 46.9746 0.3784	
56.111696 292.154056	5.99e-01  8.11e-01  2.89e+05	23.1647 69.5142 0.5187	
56.111696 292.154056	4.94e-01  8.77e-01  2.93e+05	4.7920 70.1120 0.2759	
56.111696 292.154056	6.87e-01  9.16e-01  2.67e+05	-12.0160 84.6938 0.3866	
56.111696 292.154056	5.84e-01  9.21e-01  2.78e+05	-31.6140 73.2696 0.3091	
56.111696 292.154056	6.21e-01  6.82e-01  3.02e+05	6.3557 64.1118 0.9562	
56.111696 292.154056	5.61e-01  8.65e-01  2.87e+05	-6.7147 74.1267 0.2765	
56.111696 292.154056	4.04e-01  8.02e-01  3.15e+05	-10.3427 53.3195 0.5124	
56.111696 292.154056	6.06e-01  8.02e-01  2.89e+05	-34.0663 64.7987 0.0892	
56.111696 292.154056	5.83e-01  7.33e-01  3.00e+05	5.5210 65.4384 0.9989	
56.111696 292.154056	5.95e-01  8.19e-01  2.88e+05	24.8463 69.2653 0.7540	
56.111696 292.154056	6.05e-01  9.51e-01  2.72e+05	-8.2247 82.5542 0.3527	
56.111696 292.154056	5.33e-01  6.47e-01  3.19e+05	17.7656 47.8258 0.5285	
56.111696 292.154056	5.81e-01  7.84e-01  2.94e+05	32.3965 61.9142 0.3508	
56.111696 292.154056	4.76e-01  7.24e-01  3.16e+05	3.3294 53.4013 0.9669	
56.111696 292.154056	5.85e-01  7.42e-01  2.99e+05	26.6765 61.1147 0.1275	
56.111696 292.154056	3.78e-01  9.03e-01  3.05e+05	-2.9856 62.3848 0.4490	
56.111696 292.154056	4.84e-01  7.65e-01  3.09e+05	-10.6032 58.2294 0.9529	
56.111696 292.154056	4.85e-01  7.77e-01  3.07e+05	7.2947 60.1251 0.9121	
56.111696 292.154056	4.38e-01  8.13e-01  3.09e+05	-4.2583 59.1908 0.6708	
56.111696 292.154056	5.44e-01  7.25e-01  3.06e+05	-30.6268 53.0102 0.8962	
56.111696 292.154056	6.86e-01  8.30e-01  2.76e+05	24.5590 76.6293 0.4468	
56.111696 292.154056	6.82e-01  8.17e-01  2.78e+05	11.2586 78.6061 0.7787	
56.111696 292.154056	4.65e-01  8.18e-01  3.05e+05	31.1863 54.2543 0.9665	
56.111696 292.154056	3.48e-01  7.65e-01  3.29e+05	-3.6005 41.0862 0.1997	
56.111696 292.154056	4.24e-01  8.36e-01  3.08e+05	28.9838 52.8693 0.2559	
56.111696 292.154056	7.56e-01  8.30e-01  2.69e+05	21.3985 81.8955 0.8550	
56.111696 292.154056	6.95e-01  9.91e-01  2.59e+05	-21.5981 87.2126 0.1625	
56.111696 292.154056	5.04e-01  6.77e-01  3.19e+05	1.2940 51.1909 0.7841	
56.111696 292.154056	6.42e-01  7.56e-01  2.90e+05	24.7534 68.0880 0.7493	
56.111696 292.154056	4.36e-01  9.81e-01  2.88e+05	25.0856 69.4621 0.6270	
56.111696 292.154056	8.22e-01  8.96e-01  2.56e+05	6.4836 91.1144 0.0807	
56.111696 292.154056	5.82e-01  8.32e-01  2.88e+05	-31.0162 66.8184 0.9438	
56.111696 292.154056	6.00e-01  9.09e-01  2.77e+05	-66.0636 45.2458 0.8903	
56.111696 292.154056	6.39e-01  6.76e-01  3.00e+05	-35.0919 55.4370 0.2089	
56.111696 292.154056	4.10e-01  7.62e-01  3.20e+05	-12.9273 48.3014 0.1781	
56.111696 292.154056	6.03e-01  8.19e-01  2.87e+05	2.3326 74.1290 0.0345	
56.111696 292.154056	4.92e-01  6.81e-01  3.20e+05	-14.7525 47.9904 0.0677	
56.111696 292.154056	5.89e-01  6.98e-01  3.04e+05	-14.2221 61.4254 0.3377	
56.111696 292.154056	4.93e-01  7.61e-01  3.09e+05	-3.7335 59.4661 0.2823	
56.111696 292.154056	5.44e-01  7.35e-01  3.05e+05	13.3873 60.6759 0.3412	
56.111696 292.154056	5.49e-01  8.52e-01  2.89e+05	39.1564 61.2266 0.3250	
56.111696 292.154056	6.99e-01  9.30e-01  2.64e+05	2.6918 86.9468 0.9178	
56.111696 292.154056	5.36e-01  8.26e-01  2.94e+05	-0.6711 69.5939 0.0350	
56.111696 292.154056	5.35e-01  8.38e-01  2.93e+05	16.2624 68.5889 0.2111	
56.111696 292.154056	6.75e-01  7.58e-01  2.86e+05	8.1837 74.4976 0.5227	
56.111696 292.154056	5.99e-01  7.76e-01  2.93e+05	-2.6232 70.5705 0.0864	
56.111696 292.154056	3.28e-01  9.06e-01  3.11e+05	6.5058 57.1650 0.2025	
56.111696 292.154056	5.37e-01  6.86e-01  3.13e+05	-19.1323 52.9216 0.0223	
56.111696 292.154056	4.78e-01  9.25e-01  2.89e+05	39.8574 60.9754 0.8164	
56.111696 292.154056	6.62e-01  8.17e-01  2.80e+05	18.3614 75.9493 0.2258	
56.111696 292.154056	5.80e-01  8.35e-01  2.88e+05	-11.0249 72.8632 0.4079	
56.111696 292.154056	6.30e-01  7.56e-01  2.91e+05	22.3033 67.8958 0.5598	
56.111696 292.154056	5.38e-01  9.46e-01  2.80e+05	20.7104 75.6366 0.6770	
56.111696 292.154056	4.70e-01  8.38e-01  3.01e+05	4.2191 64.7849 0.1247	
56.111696 292.154056	5.42e-01  7.98e-01  2.97e+05	-49.4381 46.2249 0.3296	
56.111696 292.154056	5.00e-01  7.39e-01  3.11e+05	17.0462 55.4431 0.6250	
56.111696 292.154056	7.28e-01  8.06e-01  2.74e+05	-13.0995 80.5250 0.2660	
56.111696 292.154056	5.14e-01  8.90e-01  2.89e+05	-34.0277 64.4685 0.1582	
56.111696 292.154056	5.42e-01  8.08e-01  2.96e+05	-27.0245 63.0128 0.0102	
56.111696 292.154056	8.03e-01  8.31e-01  2.64e+05	-8.7905 86.7191 0.0701	
56.111696 292.154056	5.48e-01  9.16e-01  2.82e+05	-13.9120 75.9054 0.3136	
56.111696 292.154056	5.79e-01  7.81e-01  2.95e+05	-4.9539 69.2442 0.3160	
56.111696 292.154056	5.52e-01  7.89e-01  2.97e+05	-17.5832 65.5702 0.5936	
56.111696 292.154056	6.18e-01  6.68e-01  3.04e+05	-4.3818 62.6849 0.4222	
56.111696 292.154056	6.63e-01  8.50e-01  2.77e+05	-37.7217 70.8771 0.5274	
56.111696 292.154056	6.00e-01  6.66e-01  3.07e+05	16.6761 58.5764 0.2266	
56.111696 292.154056	6.85e-01  8.03e-01  2.79e+05	-9.3027 78.1662 0.8023	
56.111696 292.154056	7.28e-01  9.24e-01  2.62e+05	21.3726 85.5175 0.5734	
56.111696 292.154056	6.00e-01  7.56e-01  2.95e+05	-15.2637 67.3895 0.5528	
56.111696 292.154056	5.16e-01  9.18e-01  2.86e+05	-18.9742 72.6047 0.6140	
56.111696 292.154056	5.61e-01  6.75e-01  3.11e+05	-7.5535 57.2840 0.0828	
56.111696 292.154056	4.69e-01  9.12e-01  2.92e+05	6.2891 70.8069 0.9088	
56.111696 292.154056	4.05e-01  8.63e-01  3.06e+05	-2.8538 61.0459 0.9474	
56.111696 292.154056	5.54e-01  7.86e-01  2.97e+05	16.3114 65.7602 0.2591	
56.111696 292.154056	3.40e-01  8.43e-01  3.18e+05	-8.3445 50.8184 0.1138	
56.111696 292.154056	4.53e-01  6.79e-01  3.26e+05	24.3950 36.9449 0.6451	
56.111696 292.154056	3.75e-01  7.86e-01  3.22e+05	-20.3202 44.0266 0.0341	
56.111696 292.154056	4.06e-01  6.96e-01  3.31e+05	8.6247 38.2853 0.1038	
56.111696 292.154056	5.80e-01  6.52e-01  3.11e+05	-8.2077 56.7160 0.9455	
56.111696 292.154056	5.36e-01  8.19e-01  2.95e+05	-18.1065 66.6336 0.0051	
56.111696 292.154056	5.20e-01  6.96e-01  3.14e+05	-9.7572 54.6169 0.0061	
56.111696 292.154056	6.54e-01  9.53e-01  2.67e+05	26.0277 81.7366 0.5928	
56.111696 292.154056	3.51e-01  9.08e-01  3.08e+05	-9.3573 59.5557 0.8687	
56.111696 292.154056	6.03e-01  7.14e-01  3.00e+05	21.5765 62.0761 0.6013	
56.111696 292.154056	5.51e-01  6.14e-01  3.21e+05	-0.6000 49.0772 0.2885	
56.111696 292.154056	5.46e-01  7.65e-01  3.01e+05	-19.6017 62.1479 0.4352	
56.111696 292.154056	4.13e-01  7.55e-01  3.21e+05	21.0378 44.8642 0.4521	
56.111696 292.154056	5.33e-01  7.25e-01  3.08e+05	1.6045 60.1283 0.0762	
56.111696 292.154056	4.78e-01  8.61e-01  2.97e+05	24.7465 62.9880 0.4730	
56.111696 292.154056	5.02e-01  7.30e-01  3.11e+05	-2.0611 57.2569 0.4881	
56.111696 292.154056	3.16e-01  9.07e-01  3.13e+05	-7.2637 55.8278 0.9161	
56.111696 292.154056	3.21e-01  8.27e-01  3.24e+05	-4.5562 46.4058 0.2861	
56.111696 292.154056	4.84e-01  9.17e-01  2.89e+05	2.6815 72.6562 0.7441	
56.111696 292.154056	5.26e-01  7.43e-01  3.06e+05	34.2594 50.8041 0.4292	
56.111696 292.154056	6.69e-01  9.42e-01  2.66e+05	-10.2331 85.3821 0.6977	
56.111696 292.154056	5.84e-01  7.27e-01  3.01e+05	-5.9617 64.9855 0.6864	
56.111696 292.154056	5.73e-01  8.37e-01  2.88e+05	17.2589 71.2506 0.8444	
56.111696 292.154056	5.60e-01  7.97e-01  2.95e+05	-42.8946 54.2566 0.7352	
56.111696 292.154056	5.02e-01  9.46e-01  2.84e+05	23.2283 72.4146 0.1164	
56.111696 292.154056	5.45e-01  6.25e-01  3.20e+05	-2.0103 49.7415 0.7595	
56.111696 292.154056	5.74e-01  6.71e-01  3.10e+05	24.3331 53.4102 0.7688	
56.111696 292.154056	7.61e-01  8.69e-01  2.64e+05	11.1277 86.2762 0.1543	
56.111696 292.154056	4.52e-01  7.53e-01  3.15e+05	20.4679 50.1692 0.9399	
56.111696 292.154056	4.14e-01  7.98e-01  3.14e+05	16.8506 52.4102 0.3604	
56.111696 292.154056	5.72e-01  7.14e-01  3.04e+05	-0.2746 62.8408 0.8475	
56.111696 292.154056	6.08e-01  7.63e-01  2.93e+05	3.8200 70.2240 0.3294	
56.111696 292.154056	7.54e-01  9.24e-01  2.60e+05	3.9268 89.3695 0.1599	
56.111696 292.154056	3.91e-01  8.45e-01  3.11e+05	-14.0106 56.0554 0.3790	
56.111696 292.154056	5.40e-01  8.99e-01  2.85e+05	-1.2756 75.3559 0.3708	
56.111696 292.154056	5.62e-01  8.55e-01  2.88e+05	5.9131 73.6003 0.6892	
56.111696 292.154056	5.47e-01  6.46e-01  3.17e+05	-8.8602 51.9516 0.7063	
56.111696 292.154056	5.02e-01  8.70e-01  2.93e+05	13.3999 69.0841 0.6681	
56.111696 292.154056	4.06e-01  9.55e-01  2.94e+05	6.1744 69.2232 0.2056	
56.111696 292.154056	3.91e-01  8.57e-01  3.09e+05	-3.7962 58.9717 0.1886	
56.111696 292.154056	6.95e-01  7.56e-01  2.84e+05	-27.1009 71.2596 0.9773	
56.111696 292.154056	4.92e-01  8.21e-01  3.01e+05	-2.1809 65.3169 0.9660	
56.111696 292.154056	7.26e-01  8.60e-01  2.69e+05	-27.0288 80.1940 0.7085	
56.111696 292.154056	7.60e-01  8.73e-01  2.64e+05	-35.9470 79.3874 0.7363	
56.111696 292.154056	6.10e-01  7.92e-01  2.89e+05	-0.6653 72.7134 0.4126	
56.111696 292.154056	4.90e-01  6.82e-01  3.20e+05	-18.3330 46.5842 0.9908	
56.111696 292.154056	4.01e-01  8.60e-01  3.07e+05	8.9572 59.7630 0.3062	
56.111696 292.154056	4.64e-01  8.38e-01  3.02e+05	-25.3320 59.1767 0.3037	
56.111696 292.154056	6.41e-01  9.15e-01  2.72e+05	-24.4996 79.1866 0.8106	
56.111696 292.154056	6.02e-01  8.02e-01  2.89e+05	-3.6451 72.7726 0.6278	
56.111696 292.154056	3.11e-01  8.34e-01  3.24e+05	9.1005 45.2918 0.6680	
56.111696 292.154056	5.75e-01  7.07e-01  3.05e+05	-0.1768 62.4423 0.4147	
56.111696 292.154056	5.76e-01  7.17e-01  3.03e+05	-5.1782 63.3802 0.9628	
56.111696 292.154056	4.36e-01  8.05e-01  3.10e+05	-15.2390 56.2477 0.3088	
56.111696 292.154056	3.27e-01  9.15e-01  3.10e+05	9.6710 57.6066 0.7435	
56.111696 292.154056	5.00e-01  7.16e-01  3.14e+05	10.5409 54.4080 0.7418	
56.111696 292.154056	6.53e-01  8.34e-01  2.79e+05	-1.6783 78.6590 0.9655	
56.111696 292.154056	3.81e-01  8.18e-01  3.16e+05	-15.0003 51.4125 0.5854	
56.111696 292.154056	4.40e-01  8.27e-01  3.07e+05	28.1381 54.1121 0.7585	
56.111696 292.154056	4.77e-01  9.16e-01  2.91e+05	16.4148 70.1053 0.3932	
56.111696 292.154056	6.54e-01  8.39e-01  2.79e+05	-10.7501 78.2903 0.4981	
56.111696 292.154056	4.74e-01  6.88e-01  3.22e+05	-17.3779 45.4133 0.0320	
56.111696 292.154056	6.09e-01  7.44e-01  2.96e+05	-30.5986 61.6171 0.9188	
56.111696 292.154056	7.00e-01  7.86e-01  2.80e+05	-13.5056 77.3920 0.1642	
56.111696 292.154056	5.48e-01  8.16e-01  2.94e+05	-34.4328 60.6682 0.1556	
56.111696 292.154056	5.50e-01  7.41e-01  3.04e+05	15.5607 61.3481 0.1965	
56.111696 292.154056	4.94e-01  9.75e-01  2.82e+05	-1.1300 77.4631 0.1741	
56.111696 292.154056	5.80e-01  7.26e-01  3.01e+05	-35.0613 54.4061 0.9179	
56.111696 292.154056	5.56e-01  9.68e-01  2.75e+05	-43.4746 68.3687 0.8628	
56.111696 292.154056	4.56e-01  8.48e-01  3.02e+05	-20.2946 61.3384 0.8247	
56.111696 292.154056	5.59e-01  7.88e-01  2.96e+05	7.5428 67.9436 0.8599	
56.111696 292.154056	4.93e-01  8.28e-01  3.00e+05	-8.9935 65.4814 0.6473	
56.111696 292.154056	3.92e-01  9.58e-01  2.96e+05	12.5062 67.4286 0.3185	
56.111696 292.154056	5.83e-01  8.38e-01  2.87e+05	-30.7355 67.4572 0.5178	
56.111696 292.154056	5.61e-01  6.81e-01  3.10e+05	22.1427 54.0748 0.9407	
56.111696 292.154056	5.80e-01  8.54e-01  2.86e+05	10.4713 74.3092 0.6746	
56.111696 292.154056	5.22e-01  8.02e-01  2.99e+05	-5.0761 66.1704 0.7054	
56.111696 292.154056	4.21e-01  9.47e-01  2.94e+05	37.8913 58.9707 0.0915	
56.111696 292.154056	6.63e-01  7.34e-01  2.90e+05	-37.6700 61.7371 0.2911	
56.111696 292.154056	5.96e-01  7.47e-01  2.97e+05	-20.6046 64.7650 0.8906	
56.111696 292.154056	4.89e-01  8.90e-01  2.92e+05	-0.6827 70.9405 0.1046	
56.111696 292.154056	5.38e-01  7.13e-01  3.09e+05	41.6486 42.2649 0.5393	
56.111696 292.154056	5.25e-01  7.86e-01  3.01e+05	12.0338 64.0775 0.0323	
56.111696 292.154056	5.61e-01  8.53e-01  2.88e+05	-5.2918 73.3938 0.8572	
56.111696 292.154056	3.59e-01  9.43e-01  3.02e+05	15.6736 62.4354 0.0319	
56.111696 292.154056	4.91e-01  8.83e-01  2.93e+05	7.9397 70.1274 0.8778	
56.111696 292.154056	7.68e-01  9.33e-01  2.57e+05	37.9792 82.2265 0.7673	
56.111696 292.154056	6.29e-01  7.22e-01  2.96e+05	8.0910 68.2003 0.4241	
56.111696 292.154056	4.57e-01  8.42e-01  3.02e+05	-16.4675 61.9744 0.5212	
56.111696 292.154056	6.93e-01  8.60e-01  2.72e+05	50.6664 65.3580 0.0921	
56.111696 292.154056	3.56e-01  8.38e-01  3.17e+05	-9.5303 52.0433 0.4465	
56.111696 292.154056	5.36e-01  7.34e-01  3.06e+05	4.5312 61.1289 0.8300	
56.111696 292.154056	4.85e-01  8.48e-01  2.98e+05	20.6972 63.8937 0.0521	
56.111696 292.154056	5.22e-01  7.78e-01  3.02e+05	-22.4611 60.1022 0.9609	
56.111696 292.154056	6.53e-01  8.42e-01  2.79e+05	-16.1733 77.4669 0.1353	
56.111696 292.154056	4.91e-01  9.22e-01  2.88e+05	-29.8870 67.2308 0.2158	
56.111696 292.154056	5.10e-01  6.85e-01  3.17e+05	-0.1119 52.9253 0.7411	
56.111696 292.154056	5.79e-01  7.21e-01  3.02e+05	37.9606 51.7764 0.4874	
56.111696 292.154056	4.13e-01  8.81e-01  3.03e+05	-36.4460 52.1706 0.7375	
56.111696 292.154056	7.23e-01  8.09e-01  2.75e+05	5.6960 81.2774 0.5646	
56.111696 292.154056	5.43e-01  8.27e-01  2.93e+05	-12.3184 69.1487 0.6106	
56.111696 292.154056	4.41e-01  7.77e-01  3.13e+05	8.4561 55.1260 0.1732	
56.111696 292.154056	3.40e-01  8.53e-01  3.17e+05	-29.3729 43.7751 0.4494	
56.111696 292.154056	6.20e-01  8.79e-01  2.78e+05	-16.8084 77.6604 0.2521	
56.111696 292.154056	3.07e-01  8.99e-01  3.15e+05	2.5933 54.2689 0.3171	
56.111696 292.154056	2.88e-01  9.45e-01  3.11e+05	30.1004 49.0026 0.7986	
56.111696 292.154056	5.37e-01  7.61e-01  3.02e+05	13.0743 62.6748 0.1852	
56.111696 292.154056	3.90e-01  9.12e-01  3.02e+05	18.6568 61.6189 0.9088	
56.111696 292.154056	7.02e-01  7.69e-01  2.81e+05	38.2303 67.5644 0.2511	
56.111696 292.154056	4.33e-01  8.02e-01  3.11e+05	-2.6697 57.5818 0.1014	
56.111696 292.154056	5.03e-01  7.98e-01  3.02e+05	-16.2940 62.1764 0.7326	
56.111696 292.154056	4.22e-01  8.90e-01  3.01e+05	1.0551 65.2865 0.6742	
56.111696 292.154056	6.28e-01  6.67e-01  3.03e+05	19.8812 60.5375 0.5991	
56.111696 292.154056	5.56e-01  6.71e-01  3.12e+05	5.7117 56.4744 0.5411	
56.111696 292.154056	5.12e-01  7.28e-01  3.10e+05	25.2184 52.3906 0.6038	
56.111696 292.154056	4.81e-01  7.63e-01  3.10e+05	9.5317 57.8214 0.7808	
56.111696 292.154056	5.87e-01  7.41e-01  2.99e+05	-1.5990 66.6817 0.7659	
56.111696 292.154056	5.43e-01  6.60e-01  3.15e+05	-4.1595 53.8642 0.7542	
56.111696 292.154056	6.16e-01  7.00e-01  3.00e+05	-7.6766 65.2351 0.7346	
56.111696 292.154056	3.22e-01  8.38e-01  3.22e+05	1.1272 48.2474 0.4161	
56.111696 292.154056	5.52e-01  6.29e-01  3.19e+05	13.3610 49.4386 0.1728	
56.111696 292.154056	6.99e-01  8.07e-01  2.77e+05	28.2635 74.7065 0.9070	
56.111696 292.154056	4.18e-01  8.58e-01  3.05e+05	16.0889 59.7693 0.1093	
56.111696 292.154056	7.04e-01  8.41e-01  2.73e+05	19.6275 79.8810 0.2395	
56.111696 292.154056	5.75e-01  6.95e-01  3.06e+05	28.4558 54.2714 0.2251	
56.111696 292.154056	6.46e-01  8.19e-01  2.82e+05	17.7170 75.1129 0.9159	
56.111696 292.154056	5.04e-01  7.31e-01  3.11e+05	16.2393 55.2570 0.1722	
56.111696 292.154056	4.93e-01  7.43e-01  3.11e+05	-2.6283 57.7945 0.8312	
56.111696 292.154056	4.34e-01  9.02e-01  2.98e+05	15.2626 65.6090 0.3511	
56.111696 292.154056	7.23e-01  8.24e-01  2.73e+05	4.1020 82.2831 0.6739	
56.111696 292.154056	5.56e-01  9.78e-01  2.74e+05	-30.6922 75.6082 0.0314	
56.111696 292.154056	6.41e-01  6.50e-01  3.03e+05	21.2833 59.6435 0.0445	
56.111696 292.154056	5.11e-01  8.19e-01  2.98e+05	-39.5993 54.0154 0.3101	
56.111696 292.154056	5.65e-01  6.56e-01  3.13e+05	14.2508 54.3124 0.1077	
56.111696 292.154056	4.86e-01  9.52e-01  2.85e+05	12.9982 74.2056 0.3119	
56.111696 292.154056	5.58e-01  6.48e-01  3.15e+05	16.8608 51.6529 0.1114	
56.111696 292.154056	5.41e-01  7.99e-01  2.97e+05	6.5456 67.4287 0.9215	
56.111696 292.154056	5.46e-01  9.00e-01  2.84e+05	-4.6723 75.7201 0.1514	
56.111696 292.154056	5.71e-01  8.13e-01  2.92e+05	6.1782 71.0748 0.2927	
56.111696 292.154056	4.44e-01  8.58e-01  3.02e+05	8.5018 63.7844 0.0457	
56.111696 292.154056	6.92e-01  7.33e-01  2.87e+05	-44.1637 59.9358 0.7920	
56.111696 292.154056	8.18e-01  9.61e-01  2.50e+05	-13.6428 93.0995 0.0043	
56.111696 292.154056	4.33e-01  8.04e-01  3.11e+05	25.4608 51.9481 0.9135	
56.111696 292.154056	6.16e-01  8.99e-01  2.76e+05	2.1298 80.3846 0.0500	
56.111696 292.154056	3.57e-01  7.91e-01  3.24e+05	11.9287 45.0930 0.2629	
56.111696 292.154056	4.82e-01  8.05e-01  3.04e+05	28.6556 56.0637 0.4899	
56.111696 292.154056	4.92e-01  6.88e-01  3.19e+05	-0.2336 51.0734 0.7373	
56.111696 292.154056	5.08e-01  6.42e-01  3.23e+05	-8.1943 46.2494 0.7819	
56.111696 292.154056	5.44e-01  7.59e-01  3.02e+05	4.8916 64.3133 0.6006	
56.111696 292.154056	6.06e-01  7.40e-01  2.96e+05	-13.7855 66.8918 0.1072	
56.111696 292.154056	4.85e-01  7.16e-01  3.16e+05	13.1037 52.0714 0.4871	
56.111696 292.154056	5.43e-01  7.49e-01  3.03e+05	-6.6260 63.0813 0.5806	
56.111696 292.154056	6.56e-01  8.23e-01  2.80e+05	-13.4462 77.0152 0.9797	
56.111696 292.154056	7.39e-01  7.89e-01  2.75e+05	44.6636 67.9033 0.9637	
56.111696 292.154056	5.65e-01  6.60e-01  3.12e+05	3.3664 56.4780 0.3513	
56.111696 292.154056	6.37e-01  7.64e-01  2.90e+05	-13.3567 71.3802 0.4272	
56.111696 292.154056	5.57e-01  8.03e-01  2.94e+05	27.8397 63.6751 0.5346	
56.111696 292.154056	4.40e-01  8.36e-01  3.05e+05	-9.8786 61.1090 0.7234	
56.111696 292.154056	5.05e-01  8.70e-01  2.93e+05	-6.1388 70.3697 0.4527	
56.111696 292.154056	4.02e-01  8.64e-01  3.07e+05	7.5435 60.4096 0.5214	
56.111696 292.154056	4.83e-01  8.73e-01  2.95e+05	31.7020 61.3570 0.2559	
56.111696 292.154056	4.62e-01  8.30e-01  3.03e+05	-9.7068 62.6968 0.5185	
56.111696 292.154056	7.52e-01  8.91e-01  2.63e+05	-20.0476 85.3402 0.2641	
56.111696 292.154056	4.80e-01  7.66e-01  3.09e+05	-21.7277 54.6893 0.8036	
56.111696 292.154056	4.75e-01  7.17e-01  3.17e+05	1.8169 52.5896 0.9745	
56.111696 292.154056	5.88e-01  8.28e-01  2.88e+05	-40.5781 61.5872 0.5589	
56.111696 292.154056	5.12e-01  7.76e-01  3.04e+05	-5.5947 62.7647 0.3484	
56.111696 292.154056	3.88e-01  7.70e-01  3.22e+05	9.8141 47.1047 0.5772	
56.111696 292.154056	6.63e-01  8.33e-01  2.79e+05	-20.6528 76.4883 0.1679	
56.111696 292.154056	6.11e-01  8.12e-01  2.87e+05	-12.0550 73.2998 0.8547	
56.111696 292.154056	5.79e-01  9.18e-01  2.78e+05	23.3499 75.7690 0.6666	
56.111696 292.154056	5.66e-01  7.35e-01  3.02e+05	-47.7720 43.0396 0.8825	
56.111696 292.154056	4.83e-01  6.90e-01  3.20e+05	-24.7101 43.7080 0.3535	
56.111696 292.154056	3.96e-01  8.43e-01  3.10e+05	-14.3356 56.3119 0.3352	
56.111696 292.154056	3.67e-01  8.58e-01  3.12e+05	10.2204 55.7037 0.9689	
56.111696 292.154056	5.27e-01  5.68e-01  3.32e+05	5.8248 37.3583 0.5661	
56.111696 292.154056	6.80e-01  7.04e-01  2.92e+05	-4.9711 71.1918 0.5852	
56.111696 292.154056	3.88e-01  7.85e-01  3.20e+05	4.5709 49.9929 0.3022	
56.111696 292.154056	5.84e-01  9.36e-01  2.76e+05	9.6811 80.2048 0.5120	
56.111696 292.154056	3.34e-01  8.57e-01  3.17e+05	-14.2610 50.5645 0.1326	
56.111696 292.154056	3.82e-01  8.00e-01  3.19e+05	2.3016 51.3222 0.8455	
56.111696 292.154056	4.46e-01  7.42e-01  3.18e+05	13.5328 50.3082 0.9187	
56.111696 292.154056	8.11e-01  9.21e-01  2.54e+05	-40.9811 82.3876 0.7207	
56.111696 292.154056	5.40e-01  7.12e-01  3.09e+05	-12.4793 58.1451 0.1979	
56.111696 292.154056	6.85e-01  7.07e-01  2.91e+05	2.5594 71.8923 0.2158	
56.111696 292.154056	5.06e-01  8.68e-01  2.93e+05	-9.2546 69.9160 0.5046	
56.111696 292.154056	4.55e-01  7.76e-01  3.12e+05	-4.4772 57.0101 0.1086	
56.111696 292.154056	5.34e-01  8.08e-01  2.97e+05	20.7300 64.7209 0.7418	
56.111696 292.154056	4.72e-01  7.21e-01  3.17e+05	-21.4675 48.1303 0.6536	
56.111696 292.154056	7.21e-01  8.47e-01  2.71e+05	-4.4900 83.4705 0.1708	
56.111696 292.154056	5.32e-01  6.55e-01  3.18e+05	-10.9555 50.8230 0.0700	
56.111696 292.154056	7.03e-01  8.46e-01  2.73e+05	29.0419 77.2337 0.7733	
56.111696 292.154056	5.26e-01  6.36e-01  3.22e+05	0.9236 48.6574 0.7687	
56.111696 292.154056	5.35e-01  8.68e-01  2.89e+05	17.6414 70.6505 0.1275	
56.111696 292.154056	5.96e-01  7.41e-01  2.98e+05	11.3395 66.4987 0.6939	
56.111696 292.154056	5.42e-01  7.88e-01  2.98e+05	3.4689 66.8227 0.4821	
56.111696 292.154056	7.71e-01  9.14e-01  2.59e+05	-8.7610 89.3476 0.0030	
56.111696 292.154056	3.62e-01  7.87e-01  3.24e+05	-6.7419 46.2548 0.2871	
56.111696 292.154056	7.61e-01  7.73e-01  2.74e+05	12.7271 80.5904 0.1382	
56.111696 292.154056	5.93e-01  7.93e-01  2.91e+05	29.9706 64.8870 0.0878	
56.111696 292.154056	5.94e-01  8.87e-01  2.80e+05	24.9295 74.1366 0.5463	
56.111696 292.154056	5.07e-01  6.60e-01  3.21e+05	6.7161 48.9004 0.5889	
56.111696 292.154056	5.13e-01  6.85e-01  3.16e+05	-4.1975 53.1211 0.9284	
56.111696 292.154056	5.46e-01  8.70e-01  2.88e+05	14.1324 72.3939 0.3292	
56.111696 292.154056	6.66e-01  8.17e-01  2.80e+05	-10.0087 77.7803 0.3002	
56.111696 292.154056	6.20e-01  9.61e-01  2.69e+05	1.9635 84.3393 0.1289	
56.111696 292.154056	4.82e-01  6.68e-01  3.23e+05	-4.3038 46.8043 0.3698	
56.111696 292.154056	3.59e-01  8.68e-01  3.12e+05	-0.1233 56.7300 0.5074	
56.111696 292.154056	4.67e-01  8.00e-01  3.07e+05	-0.6289 61.0742 0.5301	
56.111696 292.154056	5.55e-01  7.24e-01  3.05e+05	7.1366 61.7184 0.2203	
56.111696 292.154056	5.53e-01  7.98e-01  2.96e+05	27.6516 62.8454 0.7593	
56.111696 292.154056	3.16e-01  9.02e-01  3.13e+05	-14.2774 53.9096 0.8033	
56.111696 292.154056	4.45e-01  7.38e-01  3.18e+05	8.7959 50.6611 0.7656	
56.111696 292.154056	7.24e-01  8.74e-01  2.68e+05	4.4464 85.1881 0.6673	
56.111696 292.154056	6.76e-01  9.57e-01  2.64e+05	-15.6496 85.6906 0.6875	
56.111696 292.154056	4.87e-01  7.42e-01  3.12e+05	-25.2813 51.1069 0.7593	
56.111696 292.154056	5.21e-01  7.96e-01  3.00e+05	0.6809 65.7213 0.7317	
56.111696 292.154056	6.02e-01  7.16e-01  3.00e+05	28.2886 59.4944 0.2297	
56.111696 292.154056	4.32e-01  7.86e-01  3.14e+05	-5.5449 55.3669 0.8024	
56.111696 292.154056	6.65e-01  7.57e-01  2.87e+05	16.6191 72.3737 0.7750	
56.111696 292.154056	4.94e-01  6.80e-01  3.20e+05	-25.1639 43.6081 0.0852	
56.111696 292.154056	4.63e-01  7.64e-01  3.12e+05	-5.6506 56.5366 0.9488	
56.111696 292.154056	4.23e-01  8.91e-01  3.00e+05	-37.6902 53.5316 0.1856	
56.111696 292.154056	6.04e-01  8.89e-01  2.79e+05	-19.3412 76.6801 0.0984	
56.111696 292.154056	4.96e-01  8.59e-01  2.95e+05	16.4241 67.0090 0.5786	
56.111696 292.154056	5.03e-01  7.10e-01  3.14e+05	-0.9585 55.1597 0.2807	
56.111696 292.154056	6.71e-01  8.08e-01  2.80e+05	7.9019 77.7003 0.9899	
56.111696 292.154056	6.54e-01  7.58e-01  2.88e+05	1.6270 73.4470 0.1104	
56.111696 292.154056	5.41e-01  9.21e-01  2.82e+05	-54.5487 54.2766 0.3313	
56.111696 292.154056	4.73e-01  6.69e-01  3.24e+05	-20.8016 40.8445 0.3823	
56.111696 292.154056	5.36e-01  8.24e-01  2.95e+05	-11.4092 68.4900 0.3650	
56.111696 292.154056	5.05e-01  8.80e-01  2.91e+05	-1.6770 71.4205 0.0538	
56.111696 292.154056	4.75e-01  6.90e-01  3.21e+05	-21.5880 43.9424 0.3810	
56.111696 292.154056	4.67e-01  7.84e-01  3.09e+05	-11.7590 58.2017 0.5757	
56.111696 292.154056	5.55e-01  6.32e-01  3.18e+05	25.8796 45.1297 0.5991	
56.111696 292.154056	5.32e-01  7.98e-01  2.98e+05	2.1671 66.8522 0.0120	
56.111696 292.154056	4.85e-01  9.24e-01  2.89e+05	-19.4373 70.6289 0.7142	
56.111696 292.154056	5.51e-01  7.13e-01  3.07e+05	-39.4894 46.1314 0.6545	
56.111696 292.154056	4.82e-01  7.20e-01  3.16e+05	-2.5163 53.7751 0.3978	
56.111696 292.154056	3.10e-01  8.13e-01  3.27e+05	-1.8945 42.9004 0.2190	
56.111696 292.154056	5.21e-01  7.81e-01  3.02e+05	-17.2625 62.0709 0.8835	
56.111696 292.154056	6.13e-01  7.25e-01  2.97e+05	-25.5745 62.5304 0.0970	
56.111696 292.154056	4.81e-01  6.16e-01  3.31e+05	-6.5311 37.6871 0.2252	
56.111696 292.154056	6.33e-01  7.03e-01  2.98e+05	2.0498 67.3794 0.3927	
56.111696 292.154056	4.20e-01  8.71e-01  3.04e+05	-22.9705 58.9584 0.8608	
56.111696 292.154056	3.66e-01  8.46e-01  3.14e+05	5.4126 54.7862 0.9677	
56.111696 292.154056	3.43e-01  8.74e-01  3.14e+05	8.8453 54.9058 0.9710	
56.111696 292.154056	4.08e-01  7.62e-01  3.20e+05	-31.3563 38.5880 0.6372	
56.111696 292.154056	5.76e-01  8.46e-01  2.87e+05	-14.1081 72.8808 0.0777	
56.111696 292.154056	5.98e-01  7.56e-01  2.95e+05	-2.0291 68.8917 0.8613	
56.111696 292.154056	4.56e-01  8.63e-01  3.00e+05	8.0147 65.4533 0.7244	
56.111696 292.154056	6.73e-01  7.59e-01  2.86e+05	2.9089 74.8621 0.9601	
56.111696 292.154056	6.70e-01  7.04e-01  2.93e+05	-1.9281 70.4945 0.9914	
56.111696 292.154056	5.88e-01  8.86e-01  2.81e+05	11.5629 76.9036 0.6111	
56.111696 292.154056	5.33e-01  7.74e-01  3.01e+05	-37.1593 53.1915 0.3383	
56.111696 292.154056	4.54e-01  7.85e-01  3.11e+05	1.9002 57.9542 0.3311	
56.111696 292.154056	4.90e-01  9.77e-01  2.82e+05	-16.8328 75.4226 0.1977	
56.111696 292.154056	6.98e-01  7.92e-01  2.79e+05	-23.1656 75.3749 0.2641	
56.111696 292.154056	6.35e-01  8.38e-01  2.81e+05	-21.9963 74.5850 0.0023	
56.111696 292.154056	6.14e-01  7.23e-01  2.97e+05	-34.0206 58.2843 0.7115	
56.111696 292.154056	4.02e-01  7.35e-01  3.25e+05	-18.4327 41.1969 0.5646	
56.111696 292.154056	5.47e-01  6.53e-01  3.16e+05	-14.8872 51.5699 0.9668	
56.111696 292.154056	4.48e-01  7.49e-01  3.16e+05	9.7935 52.3328 0.7875	
56.111696 292.154056	5.00e-01  8.65e-01  2.94e+05	9.2553 69.2547 0.0552	
56.111696 292.154056	4.49e-01  7.72e-01  3.13e+05	22.3467 51.4340 0.9267	
56.111696 292.154056	4.86e-01  8.22e-01  3.01e+05	-2.9631 64.9121 0.9903	
56.111696 292.154056	3.75e-01  8.39e-01  3.14e+05	-6.9064 54.8428 0.2657	
56.111696 292.154056	5.85e-01  7.67e-01  2.96e+05	-25.3234 63.8613 0.5964	
56.111696 292.154056	5.04e-01  9.90e-01  2.79e+05	-3.1044 79.0399 0.5689	
56.111696 292.154056	6.90e-01  8.25e-01  2.76e+05	-19.6452 77.9959 0.4943	
56.111696 292.154056	4.84e-01  6.98e-01  3.19e+05	-33.7108 38.5952 0.8209	
56.111696 292.154056	5.11e-01  7.11e-01  3.13e+05	-31.4237 46.5436 0.6376	
56.111696 292.154056	5.64e-01  6.97e-01  3.07e+05	-11.0068 59.3967 0.6388	
56.111696 292.154056	5.51e-01  6.39e-01  3.18e+05	10.7291 51.1335 0.9400	
56.111696 292.154056	5.56e-01  7.42e-01  3.03e+05	11.5353 62.9501 0.3524	
56.111696 292.154056	3.75e-01  8.39e-01  3.14e+05	26.2628 48.5745 0.5150	
56.111696 292.154056	5.87e-01  7.32e-01  3.00e+05	-0.9637 65.9788 0.2563	
56.111696 292.154056	4.10e-01  7.78e-01  3.18e+05	-30.2336 42.5189 0.7717	
56.111696 292.154056	5.55e-01  6.54e-01  3.15e+05	11.3474 53.5353 0.6458	
56.111696 292.154056	6.03e-01  8.62e-01  2.82e+05	1.8269 77.1412 0.0124	
56.111696 292.154056	5.77e-01  8.49e-01  2.87e+05	4.0926 74.3567 0.1851	
56.111696 292.154056	4.80e-01  7.15e-01  3.17e+05	-0.2145 52.9334 0.0400	
56.111696 292.154056	6.34e-01  7.17e-01  2.96e+05	-1.3909 68.6876 0.5246	
56.111696 292.154056	5.57e-01  8.12e-01  2.93e+05	-11.7634 69.1650 0.4111	
56.111696 292.154056	5.09e-01  7.62e-01  3.06e+05	-33.4331 51.5665 0.0911	
56.111696 292.154056	4.77e-01  8.74e-01  2.96e+05	2.8647 68.6314 0.0700	
56.111696 292.154056	5.75e-01  8.19e-01  2.90e+05	1.8720 72.0700 0.2873	
56.111696 292.154056	6.37e-01  8.87e-01  2.75e+05	-6.6496 80.7514 0.9932	
56.111696 292.154056	5.51e-01  6.44e-01  3.17e+05	-27.3782 45.3686 0.9052	
56.111696 292.154056	6.74e-01  8.53e-01  2.75e+05	-14.3685 79.8873 0.4416	
56.111696 292.154056	6.09e-01  7.82e-01  2.91e+05	-26.9337 66.6472 0.3196	
56.111696 292.154056	5.34e-01  8.07e-01  2.97e+05	-3.6575 67.7501 0.0786	
56.111696 292.154056	4.90e-01  8.25e-01  3.00e+05	-11.6678 64.5179 0.9009	
56.111696 292.154056	5.13e-01  8.96e-01  2.89e+05	38.4892 62.2951 0.0017	
56.111696 292.154056	4.95e-01  8.26e-01  2.99e+05	41.3724 51.5998 0.3426	
56.111696 292.154056	6.18e-01  6.88e-01  3.02e+05	2.1170 64.6436 0.8694	
56.111696 292.154056	6.01e-01  7.46e-01  2.96e+05	22.4457 64.5217 0.6794	
56.111696 292.154056	4.41e-01  7.10e-01  3.23e+05	-20.9447 42.1757 0.5450	
56.111696 292.154056	4.63e-01  7.66e-01  3.12e+05	-2.0276 56.9202 0.8493	
56.111696 292.154056	5.05e-01  7.21e-01  3.12e+05	-6.1390 56.4068 0.1254	
56.111696 292.154056	6.22e-01  8.12e-01  2.86e+05	34.7284 66.5567 0.1587	
56.111696 292.154056	5.29e-01  8.66e-01  2.90e+05	-14.0768 70.7881 0.9486	
56.111696 292.154056	6.90e-01  7.40e-01  2.86e+05	-26.9027 69.7057 0.0763	
56.111696 292.154056	3.59e-01  8.51e-01  3.15e+05	8.2037 54.1294 0.5004	
56.111696 292.154056	6.62e-01  9.38e-01  2.67e+05	8.3865 85.0274 0.5369	
56.111696 292.154056	7.39e-01  8.67e-01  2.67e+05	16.3634 84.1615 0.1342	
56.111696 292.154056	4.79e-01  8.90e-01  2.94e+05	-6.6080 69.8027 0.4737	
56.111696 292.154056	5.09e-01  7.01e-01  3.15e+05	-6.4083 54.4076 0.5282	
56.111696 292.154056	4.61e-01  8.52e-01  3.01e+05	-1.6640 65.3672 0.5150	
56.111696 292.154056	4.54e-01  8.66e-01  3.00e+05	-35.7485 55.4587 0.7543	
56.111696 292.154056	4.76e-01  8.81e-01  2.95e+05	8.1704 68.7536 0.1611	
56.111696 292.154056	5.85e-01  7.97e-01  2.92e+05	24.7553 66.6769 0.6324	
56.111696 292.154056	4.48e-01  7.51e-01  3.16e+05	-1.5419 53.5130 0.7755	
56.111696 292.154056	5.94e-01  8.03e-01  2.90e+05	-32.5175 64.6623 0.5950	
56.111696 292.154056	6.55e-01  9.72e-01  2.65e+05	-12.3592 85.9464 0.7950	
56.111696 292.154056	5.98e-01  8.26e-01  2.87e+05	14.4651 72.9101 0.5448	
56.111696 292.154056	5.98e-01  8.16e-01  2.88e+05	-12.7802 72.4856 0.0801	
56.111696 292.154056	5.23e-01  7.67e-01  3.04e+05	6.1044 62.9639 0.9954	
56.111696 292.154056	6.45e-01  8.08e-01  2.83e+05	5.4215 76.2516 0.7950	
56.111696 292.154056	3.78e-01  9.44e-01  2.99e+05	14.5114 64.6199 0.6018	
56.111696 292.154056	5.58e-01  7.76e-01  2.98e+05	25.8567 62.0256 0.8089	
56.111696 292.154056	4.80e-01  7.78e-01  3.08e+05	-21.7212 56.0198 0.5048	
56.111696 292.154056	6.25e-01  7.76e-01  2.90e+05	10.7005 71.8081 0.5112	
56.111696 292.154056	7.98e-01  9.45e-01  2.53e+05	-34.9012 85.6535 0.0089	
56.111696 292.154056	6.62e-01  9.28e-01  2.68e+05	9.5258 84.2862 0.8396	
56.111696 292.154056	5.40e-01  7.21e-01  3.07e+05	-12.9911 58.9601 0.1793	
56.111696 292.154056	6.69e-01  7.56e-01  2.87e+05	2.7891 74.3849 0.9105	
56.111696 292.154056	4.70e-01  5.85e-01  3.38e+05	6.1197 28.2368 0.4047	
56.111696 292.154056	4.76e-01  9.48e-01  2.87e+05	-5.9574 74.0666 0.1100	
56.111696 292.154056	4.60e-01  7.20e-01  3.19e+05	-7.7901 50.5264 0.6654	
56.111696 292.154056	6.83e-01  7.03e-01  2.91e+05	14.4773 69.9838 0.6184	
56.111696 292.154056	4.53e-01  7.54e-01  3.15e+05	-3.4708 54.2915 0.8232	
56.111696 292.154056	6.08e-01  8.01e-01  2.89e+05	50.7457 52.8380 0.2990	
56.111696 292.154056	5.01e-01  6.46e-01  3.24e+05	23.7771 40.0131 0.3157	
56.111696 292.154056	5.67e-01  6.38e-01  3.15e+05	9.9947 53.1702 0.8703	
56.111696 292.154056	4.96e-01  9.33e-01  2.86e+05	17.7708 72.5839 0.3707	
56.111696 292.154056	4.86e-01  8.83e-01  2.93e+05	-4.7234 69.9622 0.1831	
56.111696 292.154056	4.07e-01  7.12e-01  3.28e+05	-26.9274 32.4421 0.0427	
56.111696 292.154056	6.90e-01  8.80e-01  2.71e+05	-19.7020 81.3454 0.4097	
56.111696 292.154056	4.37e-01  7.81e-01  3.13e+05	16.1631 53.3542 0.8784	
56.111696 292.154056	6.64e-01  9.67e-01  2.64e+05	-36.3313 79.1515 0.7918	
56.111696 292.154056	5.11e-01  7.14e-01  3.12e+05	-31.7569 46.7667 0.5926	
56.111696 292.154056	6.45e-01  8.74e-01  2.76e+05	29.9163 74.9099 0.0560	
56.111696 292.154056	5.05e-01  7.83e-01  3.04e+05	-2.5647 63.0486 0.8936	
56.111696 292.154056	4.92e-01  7.12e-01  3.15e+05	7.8438 53.5658 0.8193	
56.111696 292.154056	5.64e-01  7.71e-01  2.98e+05	16.4809 65.2470 0.1289	
56.111696 292.154056	6.30e-01  8.70e-01  2.78e+05	6.1277 79.2709 0.5624	
56.111696 292.154056	7.52e-01  8.68e-01  2.65e+05	17.4734 84.6560 0.0087	
56.111696 292.154056	5.00e-01  6.46e-01  3.24e+05	12.5624 44.6634 0.2964	
56.111696 292.154056	6.15e-01  8.22e-01  2.85e+05	-40.5157 63.4387 0.6391	
56.111696 292.154056	8.17e-01  9.24e-01  2.54e+05	38.8228 83.8635 0.9325	
56.111696 292.154056	3.79e-01  9.06e-01  3.04e+05	0.7621 62.7581 0.0687	
56.111696 292.154056	6.12e-01  7.15e-01  2.99e+05	-9.1434 66.0107 0.5145	
56.111696 292.154056	3.84e-01  8.99e-01  3.04e+05	30.0987 54.8898 0.0735	
56.111696 292.154056	4.68e-01  6.55e-01  3.27e+05	-2.0848 42.6901 0.0925	
56.111696 292.154056	4.56e-01  7.89e-01  3.10e+05	-3.4836 58.5941 0.2033	
56.111696 292.154056	5.51e-01  6.09e-01  3.22e+05	21.7090 43.1660 0.1103	
56.111696 292.154056	4.24e-01  7.43e-01  3.21e+05	-16.6865 46.4821 0.9442	
56.111696 292.154056	5.16e-01  9.70e-01  2.80e+05	11.6438 77.7672 0.4671	
56.111696 292.154056	5.51e-01  8.09e-01  2.95e+05	17.3439 67.2648 0.0123	
56.111696 292.154056	3.45e-01  8.55e-01  3.16e+05	12.3750 52.1779 0.0754	
56.111696 292.154056	4.45e-01  8.01e-01  3.10e+05	-10.4024 57.8101 0.8999	
56.111696 292.154056	5.83e-01  8.11e-01  2.90e+05	-20.6530 69.0984 0.5069	
56.111696 292.154056	4.89e-01  8.29e-01  3.00e+05	-7.9204 65.4070 0.0424	
56.111696 292.154056	5.18e-01  7.29e-01  3.09e+05	-6.9974 58.5617 0.0919	
56.111696 292.154056	3.89e-01  8.71e-01  3.08e+05	15.0675 58.3756 0.2193	
56.111696 292.154056	5.73e-01  6.07e-01  3.19e+05	-5.7036 50.7718 0.6366	
56.111696 292.154056	5.16e-01  6.70e-01  3.18e+05	6.5971 51.4200 0.1811	
56.111696 292.154056	5.08e-01  7.12e-01  3.13e+05	-15.8787 53.6821 0.9490	
56.111696 292.154056	5.26e-01  8.37e-01  2.94e+05	-1.4465 69.6037 0.1580	
56.111696 292.154056	8.17e-01  9.29e-01  2.53e+05	14.4488 91.5347 0.3098	
56.111696 292.154056	5.74e-01  8.97e-01  2.81e+05	2.8506 77.5291 0.9293	
56.111696 292.154056	5.05e-01  7.88e-01  3.03e+05	9.4584 62.8724 0.5958	
56.111696 292.154056	4.44e-01  7.31e-01  3.20e+05	4.0477 50.2460 0.0458	
56.111696 292.154056	3.32e-01  8.03e-01  3.26e+05	-1.5858 44.7388 0.2482	
56.111696 292.154056	4.81e-01  6.65e-01  3.24e+05	18.2825 42.6843 0.1191	
56.111696 292.154056	5.66e-01  6.90e-01  3.08e+05	17.9384 57.1400 0.8448	
56.111696 292.154056	3.95e-01  7.61e-01  3.23e+05	10.7637 46.4703 0.2097	
56.111696 292.154056	4.03e-01  9.45e-01  2.96e+05	27.6022 62.5901 0.1952	
56.111696 292.154056	5.27e-01  7.79e-01  3.01e+05	-10.6771 63.9163 0.3252	
56.111696 292.154056	3.32e-01  8.88e-01  3.13e+05	-15.2861 53.8691 0.8158	
56.111696 292.154056	7.05e-01  7.82e-01  2.79e+05	-31.5184 72.1051 0.2766	
56.111696 292.154056	5.02e-01  7.86e-01  3.04e+05	-6.6289 62.6937 0.4781	
56.111696 292.154056	4.65e-01  8.31e-01  3.03e+05	-21.3402 60.0862 0.1722	
56.111696 292.154056	5.15e-01  7.28e-01  3.10e+05	12.3605 57.1457 0.1358	
56.111696 292.154056	4.49e-01  8.31e-01  3.05e+05	-6.8611 61.9655 0.4835	
56.111696 292.154056	4.35e-01  7.57e-01  3.17e+05	3.5570 52.5128 0.6395	
56.111696 292.154056	4.89e-01  8.32e-01  2.99e+05	-17.1270 63.8577 0.6161	
56.111696 292.154056	6.07e-01  8.20e-01  2.86e+05	24.1291 70.5682 0.0609	
56.111696 292.154056	4.76e-01  7.51e-01  3.12e+05	5.5209 56.4961 0.5785	
56.111696 292.154056	5.20e-01  6.42e-01  3.22e+05	-24.0938 42.2599 0.8578	
56.111696 292.154056	6.99e-01  8.17e-01  2.76e+05	11.9495 79.5786 0.3329	
56.111696 292.154056	4.33e-01  7.60e-01  3.17e+05	-4.3565 52.6470 0.8312	
56.111696 292.154056	4.28e-01  7.64e-01  3.17e+05	12.6379 51.1101 0.5728	
56.111696 292.154056	3.80e-01  9.29e-01  3.01e+05	-21.2908 61.4456 0.3481	
56.111696 292.154056	3.59e-01  8.49e-01  3.15e+05	2.5945 54.4025 0.6802	
56.111696 292.154056	6.53e-01  8.78e-01  2.75e+05	14.3679 80.1126 0.1629	
56.111696 292.154056	4.69e-01  8.09e-01  3.05e+05	19.6675 58.8318 0.7652	
56.111696 292.154056	7.22e-01  8.92e-01  2.66e+05	-5.9214 85.9574 0.4153	
56.111696 292.154056	2.33e-01  8.63e-01  3.32e+05	-8.6336 37.0429 0.3224	
56.111696 292.154056	5.72e-01  8.61e-01  2.86e+05	-11.2825 74.1525 0.3129	
56.111696 292.154056	9.03e-01  9.40e-01  2.45e+05	-28.4638 92.4980 0.8073	
56.111696 292.154056	6.36e-01  8.53e-01  2.79e+05	31.7109 72.1082 0.6278	
56.111696 292.154056	5.68e-01  9.54e-01  2.76e+05	-23.6285 77.3866 0.0371	
56.111696 292.154056	5.67e-01  9.19e-01  2.80e+05	-1.7720 78.5747 0.9340	
56.111696 292.154056	5.48e-01  8.92e-01  2.85e+05	28.7816 69.7697 0.5825	
56.111696 292.154056	2.93e-01  8.29e-01  3.28e+05	14.1642 40.2707 0.3606	
56.111696 292.154056	7.45e-01  7.84e-01  2.75e+05	-26.2320 76.9864 0.0227	
56.111696 292.154056	4.94e-01  8.76e-01  2.93e+05	2.6877 70.1420 0.0663	
56.111696 292.154056	5.89e-01  9.36e-01  2.75e+05	41.1545 69.8157 0.3129	
56.111696 292.154056	8.60e-01  9.34e-01  2.49e+05	15.0401 93.5424 0.7578	
56.111696 292.154056	6.33e-01  9.41e-01  2.70e+05	19.1368 81.6867 0.9850	
56.111696 292.154056	5.31e-01  7.49e-01  3.05e+05	2.3629 62.2760 0.5970	
56.111696 292.154056	5.77e-01  9.26e-01  2.78e+05	-28.3639 74.5114 0.4432	
56.111696 292.154056	6.55e-01  7.89e-01  2.84e+05	-15.7745 74.0987 0.9691	
56.111696 292.154056	7.44e-01  9.65e-01  2.57e+05	24.2651 87.6287 0.0918	
56.111696 292.154056	4.78e-01  8.53e-01  2.98e+05	30.1233 59.8589 0.6606	
56.111696 292.154056	6.08e-01  8.76e-01  2.80e+05	-0.1008 78.5113 0.5690	
56.111696 292.154056	4.98e-01  6.91e-01  3.17e+05	29.8372 42.9613 0.0919	
56.111696 292.154056	4.11e-01  9.32e-01  2.97e+05	0.8903 68.0169 0.4869	
56.111696 292.154056	7.42e-01  8.76e-01  2.66e+05	-13.4595 85.3060 0.9134	
56.111696 292.154056	3.66e-01  7.95e-01  3.22e+05	-25.2814 41.3935 0.6314	
56.111696 292.154056	3.20e-01  8.36e-01  3.22e+05	-18.2595 44.2265 0.4446	
56.111696 292.154056	4.06e-01  7.82e-01  3.18e+05	-2.9592 52.0942 0.4357	
56.111696 292.154056	4.67e-01  8.12e-01  3.05e+05	-37.5351 49.6081 0.0916	
56.111696 292.154056	3.51e-01  8.94e-01  3.10e+05	-1.8282 58.6797 0.1552	
56.111696 292.154056	3.21e-01  8.69e-01  3.17e+05	-3.2444 52.2410 0.0860	
56.111696 292.154056	5.97e-01  6.79e-01  3.05e+05	-3.7771 61.7788 0.6050	
56.111696 292.154056	3.67e-01  9.92e-01  2.95e+05	-11.8111 68.4027 0.9467	
56.111696 292.154056	5.26e-01  9.21e-01  2.84e+05	1.9948 76.0156 0.3128	
56.111696 292.154056	4.01e-01  8.90e-01  3.03e+05	-20.9089 59.8879 0.6632	
56.111696 292.154056	5.00e-01  8.15e-01  3.00e+05	-4.6200 65.4599 0.4456	
56.111696 292.154056	5.06e-01  8.42e-01  2.96e+05	12.3591 67.2499 0.8708	
56.111696 292.154056	7.48e-01  7.97e-01  2.73e+05	-40.2253 71.7943 0.6372	
56.111696 292.154056	6.51e-01  9.10e-01  2.71e+05	-49.8439 66.6029 0.9345	
56.111696 292.154056	4.33e-01  7.26e-01  3.22e+05	19.2811 44.2150 0.3310	
56.111696 292.154056	5.76e-01  8.68e-01  2.84e+05	-10.1809 75.0803 0.1655	
56.111696 292.154056	5.53e-01  7.07e-01  3.08e+05	-18.3621 57.4232 0.4630	
56.111696 292.154056	6.85e-01  7.56e-01  2.85e+05	-18.8524 73.2166 0.6501	
56.111696 292.154056	6.28e-01  8.62e-01  2.79e+05	1.0668 78.8325 0.7786	
56.111696 292.154056	5.09e-01  7.77e-01  3.04e+05	17.4365 60.4515 0.1906	
56.111696 292.154056	4.32e-01  8.85e-01  3.00e+05	-6.6220 65.4450 0.3598	
56.111696 292.154056	6.43e-01  8.64e-01  2.77e+05	43.6611 66.9183 0.0051	
56.111696 292.154056	5.52e-01  6.43e-01  3.17e+05	-16.2765 50.3764 0.0795	
56.111696 292.154056	4.99e-01  8.68e-01  2.94e+05	30.2660 63.1118 0.0516	
56.111696 292.154056	4.78e-01  9.04e-01  2.92e+05	-21.1494 67.9746 0.7586	
56.111696 292.154056	5.43e-01  7.30e-01  3.06e+05	35.9332 50.0733 0.9467	
56.111696 292.154056	5.37e-01  7.55e-01  3.03e+05	23.6641 58.8697 0.1532	
56.111696 292.154056	4.25e-01  7.52e-01  3.19e+05	21.4287 45.8979 0.7476	
56.111696 292.154056	3.60e-01  8.38e-01  3.16e+05	19.1921 49.7381 0.9084	
56.111696 292.154056	6.31e-01  8.47e-01  2.81e+05	-37.2304 68.6364 0.4877	
56.111696 292.154056	5.82e-01  6.03e-01  3.18e+05	-9.9227 50.7860 0.0740	
56.111696 292.154056	6.31e-01  7.31e-01  2.94e+05	22.8588 65.6642 0.1885	
56.111696 292.154056	5.60e-01  7.56e-01  3.00e+05	14.7737 63.9733 0.3988	
56.111696 292.154056	5.01e-01  8.06e-01  3.01e+05	-5.9727 64.5276 0.1717	
56.111696 292.154056	4.95e-01  7.53e-01  3.09e+05	5.7640 58.7466 0.8607	
56.111696 292.154056	4.48e-01  7.31e-01  3.19e+05	10.4824 49.8581 0.6059	
56.111696 292.154056	6.41e-01  8.84e-01  2.75e+05	2.5439 81.0103 0.1041	
56.111696 292.154056	6.09e-01  8.02e-01  2.88e+05	-6.8411 73.1083 0.7040	
56.111696 292.154056	5.53e-01  7.60e-01  3.00e+05	-3.5276 65.3473 0.0295	
56.111696 292.154056	4.19e-01  8.62e-01  3.05e+05	5.5489 62.1824 0.0206	
56.111696 292.154056	5.04e-01  7.62e-01  3.07e+05	-15.9452 58.7629 0.3080	
56.111696 292.154056	6.30e-01  8.24e-01  2.83e+05	-4.6206 76.3164 0.9232	
56.111696 292.154056	3.12e-01  7.74e-01  3.33e+05	13.1257 33.5166 0.9100	
56.111696 292.154056	4.88e-01  9.30e-01  2.88e+05	-15.1326 72.3366 0.2393	
56.111696 292.154056	4.13e-01  7.57e-01  3.20e+05	-16.1946 46.9817 0.0801	
56.111696 292.154056	3.76e-01  8.24e-01  3.16e+05	-21.7204 49.0283 0.6527	
56.111696 292.154056	5.22e-01  9.18e-01  2.85e+05	-0.0194 75.4950 0.4528	
56.111696 292.154056	4.21e-01  8.83e-01  3.02e+05	22.8115 60.3973 0.9410	
56.111696 292.154056	4.34e-01  6.65e-01  3.31e+05	5.0930 38.3360 0.1112	
56.111696 292.154056	4.31e-01  8.56e-01  3.04e+05	18.2397 60.2279 0.3357	
56.111696 292.154056	3.83e-01  8.91e-01  3.06e+05	-19.9478 58.4766 0.8818	
56.111696 292.154056	4.80e-01  5.80e-01  3.37e+05	3.3585 30.1684 0.5880	
56.111696 292.154056	4.39e-01  7.38e-01  3.19e+05	-12.8945 49.0031 0.8842	
56.111696 292.154056	4.44e-01  7.62e-01  3.15e+05	2.1424 54.2964 0.4956	
56.111696 292.154056	4.48e-01  8.79e-01  2.99e+05	-19.2329 63.8046 0.8402	
56.111696 292.154056	5.41e-01  8.68e-01  2.89e+05	-11.6963 72.3045 0.2194	
56.111696 292.154056	6.08e-01  6.94e-01  3.02e+05	-25.2167 59.2142 0.3151	
56.111696 292.154056	5.40e-01  6.38e-01  3.19e+05	1.7991 50.6944 0.2380	
56.111696 292.154056	3.88e-01  8.25e-01  3.14e+05	-3.2609 55.0458 0.2474	
56.111696 292.154056	5.07e-01  7.29e-01  3.11e+05	-5.2878 57.4818 0.9265	
56.111696 292.154056	7.19e-01  8.24e-01  2.73e+05	38.0633 72.7694 0.2165	
56.111696 292.154056	4.58e-01  8.95e-01  2.96e+05	9.6609 68.1103 0.7074	
56.111696 292.154056	4.74e-01  8.79e-01  2.95e+05	10.4533 68.0445 0.9344	
56.111696 292.154056	4.03e-01  7.51e-01  3.23e+05	-10.6445 46.2612 0.2764	
56.111696 292.154056	5.30e-01  6.93e-01  3.13e+05	16.6915 53.6772 0.9560	
56.111696 292.154056	6.93e-01  7.83e-01  2.81e+05	23.1348 74.3902 0.6713	
56.111696 292.154056	5.30e-01  7.31e-01  3.07e+05	-14.4546 58.6746 0.2518	
56.111696 292.154056	6.56e-01  9.49e-01  2.67e+05	3.6429 85.6089 0.9117	
56.111696 292.154056	6.92e-01  8.50e-01  2.73e+05	-14.2169 80.8549 0.5856	
56.111696 292.154056	4.69e-01  8.16e-01  3.04e+05	-31.2284 54.4016 0.4612	
56.111696 292.154056	4.90e-01  6.92e-01  3.19e+05	-13.4247 49.6196 0.3122	
56.111696 292.154056	4.71e-01  8.51e-01  2.99e+05	32.3604 57.6736 0.1525	
56.111696 292.154056	3.95e-01  9.02e-01  3.03e+05	-20.2775 60.5961 0.3537	
56.111696 292.154056	4.45e-01  8.42e-01  3.04e+05	-23.9366 58.2852 0.1598	
56.111696 292.154056	4.57e-01  7.86e-01  3.10e+05	-26.0530 52.3450 0.4100	
56.111696 292.154056	3.22e-01  8.26e-01  3.24e+05	14.8092 44.2638 0.1360	
56.111696 292.154056	5.34e-01  7.97e-01  2.98e+05	36.2109 56.4035 0.6740	
56.111696 292.154056	6.66e-01  6.82e-01  2.96e+05	-12.3730 67.2805 0.8161	
56.111696 292.154056	4.43e-01  7.95e-01  3.11e+05	18.9466 54.7347 0.4581	
56.111696 292.154056	5.70e-01  7.90e-01  2.94e+05	-15.4578 67.7392 0.1765	
56.111696 292.154056	6.91e-01  8.29e-01  2.76e+05	-12.4574 79.7911 0.2229	
56.111696 292.154056	4.31e-01  7.31e-01  3.22e+05	-12.9812 46.9039 0.5680	
56.111696 292.154056	5.78e-01  6.83e-01  3.07e+05	14.1667 58.7351 0.0492	
56.111696 292.154056	6.63e-01  8.61e-01  2.75e+05	-6.4960 80.7469 0.5511	
56.111696 292.154056	6.21e-01  7.40e-01  2.94e+05	3.1060 69.4725 0.0929	
56.111696 292.154056	5.38e-01  7.11e-01  3.09e+05	20.7119 55.4166 0.3898	
56.111696 292.154056	5.38e-01  8.28e-01  2.94e+05	-5.2944 69.7897 0.3387	
56.111696 292.154056	4.76e-01  7.90e-01  3.07e+05	-12.0365 59.7457 0.7789	
56.111696 292.154056	3.51e-01  8.40e-01  3.17e+05	-1.4196 52.4664 0.7889	
56.111696 292.154056	4.19e-01  9.06e-01  2.99e+05	0.4140 66.4341 0.5324	
56.111696 292.154056	6.13e-01  7.79e-01  2.91e+05	-25.9230 67.1075 0.3339	
56.111696 292.154056	4.71e-01  6.66e-01  3.25e+05	-14.3975 42.5318 0.7690	
56.111696 292.154056	6.05e-01  7.68e-01  2.93e+05	-5.1029 70.2787 0.9197	
56.111696 292.154056	5.39e-01  6.83e-01  3.13e+05	7.2288 55.7897 0.8316	
56.111696 292.154056	5.26e-01  7.75e-01  3.02e+05	-8.8828 63.6885 0.8604	
56.111696 292.154056	5.67e-01  9.22e-01  2.79e+05	6.3795 78.4907 0.4889	
56.111696 292.154056	5.35e-01  7.44e-01  3.05e+05	-13.7988 60.6953 0.7298	
56.111696 292.154056	4.88e-01  7.65e-01  3.09e+05	-15.8394 57.4293 0.1802	
56.111696 292.154056	6.58e-01  8.37e-01  2.79e+05	-28.2276 74.0279 0.3337	
56.111696 292.154056	4.83e-01  7.45e-01  3.12e+05	1.3265 56.8042 0.8227	
56.111696 292.154056	2.92e-01  9.45e-01  3.11e+05	31.3976 48.5568 0.6911	
56.111696 292.154056	4.65e-01  8.92e-01  2.95e+05	-22.5768 65.3925 0.6048	
56.111696 292.154056	5.01e-01  5.99e-01  3.31e+05	0.8569 38.7319 0.6680	
56.111696 292.154056	5.05e-01  7.23e-01  3.12e+05	21.8511 52.5001 0.4291	
56.111696 292.154056	4.85e-01  7.70e-01  3.08e+05	16.1156 57.5748 0.5771	
56.111696 292.154056	6.74e-01  8.89e-01  2.71e+05	0.4299 83.3406 0.8251	
56.111696 292.154056	5.38e-01  8.21e-01  2.95e+05	-31.1891 61.9297 0.9277	
56.111696 292.154056	6.48e-01  7.93e-01  2.85e+05	40.8352 63.5222 0.3026	
56.111696 292.154056	4.96e-01  8.85e-01  2.92e+05	53.7258 46.6379 0.2603	
56.111696 292.154056	3.57e-01  8.37e-01  3.17e+05	39.6958 34.8524 0.0296	
56.111696 292.154056	5.04e-01  7.17e-01  3.13e+05	9.1563 55.2929 0.5553	
56.111696 292.154056	5.01e-01  7.32e-01  3.11e+05	-2.6368 57.3782 0.1145	
56.111696 292.154056	4.57e-01  6.93e-01  3.23e+05	-26.1413 38.9046 0.4922	
56.111696 292.154056	6.69e-01  7.67e-01  2.85e+05	6.7742 74.9146 0.2340	
56.111696 292.154056	2.96e-01  8.91e-01  3.18e+05	8.5916 51.2810 0.7331	
56.111696 292.154056	5.83e-01  7.67e-01  2.96e+05	8.7125 68.0360 0.0078	
56.111696 292.154056	4.12e-01  7.27e-01  3.25e+05	-10.7635 44.0129 0.9192	
56.111696 292.154056	6.13e-01  8.98e-01  2.77e+05	-9.7727 79.5523 0.1036	
56.111696 292.154056	5.86e-01  7.85e-01  2.93e+05	-19.8251 67.4372 0.3668	
56.111696 292.154056	4.88e-01  6.87e-01  3.20e+05	-11.9464 48.9847 0.0213	
56.111696 292.154056	6.04e-01  7.13e-01  3.00e+05	46.7404 46.2241 0.2317	
56.111696 292.154056	4.83e-01  8.70e-01  2.95e+05	22.6129 65.1045 0.7164	
56.111696 292.154056	3.67e-01  8.35e-01  3.16e+05	-4.7049 53.6199 0.2362	
56.111696 292.154056	8.00e-01  9.20e-01  2.56e+05	18.7768 89.4781 0.2407	
56.111696 292.154056	3.35e-01  8.60e-01  3.17e+05	22.5722 47.9267 0.3668	
56.111696 292.154056	7.05e-01  9.13e-01  2.66e+05	15.9873 84.8356 0.2081	
56.111696 292.154056	6.08e-01  8.79e-01  2.80e+05	-22.2400 75.4265 0.1737	
56.111696 292.154056	5.39e-01  7.70e-01  3.01e+05	-14.7181 63.3276 0.3607	
56.111696 292.154056	6.02e-01  9.11e-01  2.77e+05	22.9765 76.9789 0.7994	
56.111696 292.154056	3.12e-01  8.61e-01  3.20e+05	-21.4981 45.2692 0.1673	
56.111696 292.154056	5.10e-01  9.40e-01  2.84e+05	-10.0424 75.5189 0.6123	
56.111696 292.154056	4.89e-01  6.80e-01  3.21e+05	1.1487 49.5912 0.5066	
56.111696 292.154056	3.39e-01  9.25e-01  3.07e+05	46.9668 38.4827 0.1732	
56.111696 292.154056	3.26e-01  8.52e-01  3.19e+05	37.0241 34.8879 0.4637	
56.111696 292.154056	6.55e-01  8.64e-01  2.76e+05	-7.2089 80.3313 0.6407	
56.111696 292.154056	6.53e-01  9.43e-01  2.68e+05	-0.3031 85.1391 0.9227	
56.111696 292.154056	4.96e-01  7.78e-01  3.06e+05	2.9636 61.6927 0.9936	
56.111696 292.154056	5.27e-01  8.03e-01  2.98e+05	39.0744 54.3258 0.8207	
56.111696 292.154056	4.93e-01  9.29e-01  2.87e+05	-5.3615 73.9609 0.8362	
56.111696 292.154056	5.61e-01  8.35e-01  2.90e+05	46.0875 55.6579 0.4012	
56.111696 292.154056	5.39e-01  8.72e-01  2.88e+05	-27.8934 67.8803 0.2216	
56.111696 292.154056	4.80e-01  7.91e-01  3.06e+05	-20.4375 57.9204 0.6296	
56.111696 292.154056	4.90e-01  8.45e-01  2.98e+05	12.2474 66.1388 0.3928	
56.111696 292.154056	5.49e-01  7.37e-01  3.04e+05	-3.6073 62.7945 0.2170	
56.111696 292.154056	3.39e-01  7.69e-01  3.30e+05	-11.1213 38.7293 0.0857	
56.111696 292.154056	3.12e-01  7.85e-01  3.32e+05	11.2473 36.3967 0.8178	
56.111696 292.154056	5.42e-01  7.94e-01  2.98e+05	1.1611 67.4155 0.5143	
56.111696 292.154056	5.52e-01  7.39e-01  3.03e+05	4.9946 63.1087 0.0269	
56.111696 292.154056	4.66e-01  8.98e-01  2.94e+05	-3.5919 69.7021 0.7680	
56.111696 292.154056	6.55e-01  7.29e-01  2.92e+05	-28.0185 65.6466 0.1468	
