160.669845 298.841869	7.41e-01  8.22e-01  7.21e+02	-0.0000 72.9357 0.3523	
160.669845 298.841869	7.79e-01  8.51e-01  7.04e+02	-51.5083 69.3957 0.0011	
160.669845 298.841869	7.51e-01  7.69e-01  7.33e+02	-16.3727 59.3477 0.2296	
160.669845 298.841869	8.73e-01  9.43e-01  6.61e+02	-28.9727 109.8948 0.0051	
160.669845 298.841869	6.33e-01  9.19e-01  7.18e+02	-7.5096 75.3868 0.7001	
160.669845 298.841869	9.33e-01  9.75e-01  6.40e+02	50.5403 112.8959 0.0319	
160.669845 298.841869	6.67e-01  9.70e-01  6.96e+02	23.9838 89.1255 0.0622	
160.669845 298.841869	9.05e-01  9.55e-01  6.51e+02	-45.0383 109.7689 0.1160	
160.669845 298.841869	8.02e-01  9.32e-01  6.79e+02	23.6302 100.7638 0.8854	
160.669845 298.841869	7.78e-01  8.98e-01  6.93e+02	-4.8837 94.5240 0.1298	
160.669845 298.841869	7.82e-01  8.91e-01  6.94e+02	25.9465 90.3662 0.6497	
160.669845 298.841869	6.13e-01  9.00e-01  7.28e+02	0.9123 66.7600 0.0196	
160.669845 298.841869	7.26e-01  8.51e-01  7.17e+02	40.0186 65.4547 0.5207	
160.669845 298.841869	7.26e-01  8.96e-01  7.05e+02	-41.0297 75.9836 0.1412	
160.669845 298.841869	7.21e-01  8.46e-01  7.19e+02	-19.2778 71.9175 0.1162	
160.669845 298.841869	7.96e-01  8.79e-01  6.93e+02	43.2674 83.7517 0.6693	
160.669845 298.841869	7.83e-01  8.51e-01  7.04e+02	-30.8813 81.4671 0.5248	
160.669845 298.841869	8.16e-01  8.92e-01  6.86e+02	54.1017 83.2668 0.8341	
160.669845 298.841869	6.98e-01  8.89e-01  7.13e+02	-4.2940 80.0139 0.8064	
160.669845 298.841869	7.21e-01  9.38e-01  6.94e+02	-16.1376 92.1151 0.1406	
160.669845 298.841869	7.73e-01  8.65e-01  7.02e+02	19.5846 85.8575 0.4263	
160.669845 298.841869	7.84e-01  9.23e-01  6.85e+02	12.5443 99.0087 0.6577	
160.669845 298.841869	8.26e-01  9.02e-01  6.81e+02	57.8538 84.1685 0.8321	
160.669845 298.841869	7.50e-01  9.17e-01  6.94e+02	10.9274 93.2221 0.8910	
160.669845 298.841869	8.08e-01  8.80e-01  6.90e+02	57.1590 77.4918 0.1751	
160.669845 298.841869	8.33e-01  9.26e-01  6.73e+02	4.6071 106.4963 0.5293	
160.669845 298.841869	7.20e-01  9.12e-01  7.02e+02	4.3658 88.4490 0.6688	
160.669845 298.841869	6.67e-01  8.56e-01  7.29e+02	1.7522 65.6407 0.1115	
160.669845 298.841869	6.50e-01  9.15e-01  7.16e+02	-8.3300 77.2831 0.1473	
160.669845 298.841869	6.36e-01  9.36e-01  7.12e+02	-7.4083 80.0751 0.4765	
160.669845 298.841869	7.35e-01  9.50e-01  6.88e+02	-5.2581 97.5765 0.3493	
160.669845 298.841869	8.77e-01  9.33e-01  6.62e+02	-9.0556 112.5551 0.2166	
160.669845 298.841869	7.24e-01  9.58e-01  6.88e+02	-24.0516 94.4767 0.6413	
160.669845 298.841869	8.90e-01  9.42e-01  6.57e+02	-3.8612 115.4039 0.2030	
160.669845 298.841869	8.12e-01  9.18e-01  6.80e+02	-66.8840 77.8606 0.8101	
160.669845 298.841869	7.13e-01  8.85e-01  7.11e+02	-10.7155 81.0797 0.7600	
160.669845 298.841869	8.17e-01  9.24e-01  6.77e+02	-53.1437 89.7123 0.8381	
160.669845 298.841869	9.16e-01  9.53e-01  6.49e+02	-26.9708 116.5894 0.5023	
160.669845 298.841869	6.16e-01  9.32e-01  7.17e+02	13.6068 74.9471 0.9617	
160.669845 298.841869	6.15e-01  9.65e-01  7.08e+02	-5.8073 83.7550 0.2232	
160.669845 298.841869	8.58e-01  9.68e-01  6.58e+02	41.0667 107.6096 0.5079	
160.669845 298.841869	8.24e-01  9.29e-01  6.75e+02	30.3490 101.4644 0.8738	
160.669845 298.841869	8.55e-01  9.41e-01  6.65e+02	0.6812 111.3230 0.0476	
160.669845 298.841869	6.13e-01  8.93e-01  7.30e+02	-3.0965 64.5611 0.7938	
160.669845 298.841869	7.79e-01  8.84e-01  6.96e+02	32.2533 86.6236 0.0351	
160.669845 298.841869	8.79e-01  9.55e-01  6.56e+02	-17.6350 114.4506 0.0530	
160.669845 298.841869	7.85e-01  9.54e-01  6.77e+02	-14.1883 103.6085 0.2014	
160.669845 298.841869	7.58e-01  8.31e-01  7.15e+02	-5.1719 78.3238 0.1111	
160.669845 298.841869	7.32e-01  9.24e-01  6.96e+02	-36.4450 85.1289 0.6301	
160.669845 298.841869	7.07e-01  8.22e-01  7.29e+02	-15.8112 63.1437 0.6954	
160.669845 298.841869	7.08e-01  8.81e-01  7.13e+02	-34.1473 72.5092 0.2203	
160.669845 298.841869	6.18e-01  8.85e-01  7.31e+02	-16.5429 61.3874 0.3791	
160.669845 298.841869	8.10e-01  9.21e-01  6.80e+02	45.2765 92.4240 0.3771	
160.669845 298.841869	7.35e-01  9.67e-01  6.84e+02	7.3064 100.1772 0.7213	
160.669845 298.841869	8.85e-01  9.34e-01  6.60e+02	30.1139 109.9779 0.2299	
160.669845 298.841869	8.10e-01  8.98e-01  6.85e+02	-40.4988 90.7556 0.4690	
160.669845 298.841869	7.82e-01  9.22e-01  6.85e+02	18.1295 97.6894 0.6750	
160.669845 298.841869	7.48e-01  9.72e-01  6.80e+02	36.2633 96.3331 0.4679	
160.669845 298.841869	7.25e-01  8.32e-01  7.22e+02	-18.3982 69.4994 0.0295	
160.669845 298.841869	8.02e-01  8.68e-01  6.95e+02	8.9216 92.8601 0.2355	
160.669845 298.841869	7.54e-01  9.28e-01  6.90e+02	5.9249 96.1578 0.8427	
160.669845 298.841869	7.52e-01  9.69e-01  6.80e+02	-26.7379 99.3505 0.9217	
160.669845 298.841869	6.40e-01  9.52e-01  7.07e+02	-1.1251 84.7795 0.9169	
160.669845 298.841869	7.95e-01  9.36e-01  6.79e+02	11.0082 102.6662 0.6050	
160.669845 298.841869	7.64e-01  8.41e-01  7.11e+02	17.7703 79.8626 0.1142	
160.669845 298.841869	7.57e-01  9.50e-01  6.83e+02	57.1140 82.7943 0.2421	
160.669845 298.841869	8.88e-01  9.12e-01  6.65e+02	25.5097 108.5690 0.0873	
160.669845 298.841869	6.29e-01  9.40e-01  7.12e+02	12.4702 79.2714 0.9174	
160.669845 298.841869	9.21e-01  9.39e-01  6.51e+02	-37.5855 112.4270 0.6163	
160.669845 298.841869	7.96e-01  8.73e-01  6.95e+02	45.2708 81.4133 0.3472	
160.669845 298.841869	8.29e-01  8.67e-01  6.89e+02	-1.8156 97.1961 0.1184	
160.669845 298.841869	7.55e-01  9.31e-01  6.89e+02	7.4160 96.7801 0.0578	
160.669845 298.841869	8.02e-01  9.21e-01  6.82e+02	14.4584 100.7281 0.4112	
160.669845 298.841869	7.39e-01  9.01e-01  7.00e+02	-29.0259 84.4954 0.4060	
160.669845 298.841869	7.64e-01  8.74e-01  7.02e+02	8.1946 87.9764 0.7579	
160.669845 298.841869	8.08e-01  8.88e-01  6.88e+02	-34.3868 91.2886 0.6690	
160.669845 298.841869	8.02e-01  9.63e-01  6.71e+02	3.6078 108.0381 0.3018	
160.669845 298.841869	6.89e-01  8.56e-01  7.24e+02	-35.0456 61.0815 0.4391	
160.669845 298.841869	6.71e-01  8.85e-01  7.20e+02	-22.4027 70.6596 0.7930	
160.669845 298.841869	7.95e-01  8.51e-01  7.01e+02	14.2414 88.0421 0.5419	
160.669845 298.841869	7.87e-01  8.80e-01  6.95e+02	-14.2782 91.8036 0.1302	
160.669845 298.841869	6.59e-01  8.74e-01  7.25e+02	-24.4990 64.4796 0.8501	
160.669845 298.841869	7.31e-01  8.47e-01  7.17e+02	47.5527 59.9530 0.4647	
160.669845 298.841869	7.96e-01  9.10e-01  6.85e+02	0.5799 99.4080 0.5922	
160.669845 298.841869	7.18e-01  9.26e-01  6.98e+02	-26.0001 87.2322 0.8042	
160.669845 298.841869	8.09e-01  8.98e-01  6.86e+02	12.0170 98.4989 0.2463	
160.669845 298.841869	8.01e-01  9.16e-01  6.83e+02	-1.3962 101.0091 0.0534	
160.669845 298.841869	7.73e-01  9.25e-01  6.87e+02	16.9151 97.1017 0.2819	
160.669845 298.841869	7.17e-01  9.55e-01  6.90e+02	26.1591 92.5432 0.1103	
160.669845 298.841869	7.72e-01  9.36e-01  6.84e+02	8.6859 99.7500 0.7375	
160.669845 298.841869	8.20e-01  8.69e-01  6.90e+02	19.5040 94.3553 0.5824	
160.669845 298.841869	6.66e-01  9.30e-01  7.08e+02	-13.4665 82.7907 0.0243	
160.669845 298.841869	7.85e-01  9.06e-01  6.89e+02	53.5279 81.0311 0.3995	
160.669845 298.841869	7.08e-01  8.82e-01  7.13e+02	6.9594 79.9094 0.5551	
160.669845 298.841869	7.61e-01  9.37e-01  6.86e+02	-5.4623 98.8222 0.7996	
160.669845 298.841869	7.40e-01  9.30e-01  6.93e+02	-38.8752 86.4523 0.4674	
160.669845 298.841869	7.42e-01  9.79e-01  6.79e+02	-40.8961 94.8008 0.4150	
160.669845 298.841869	8.65e-01  9.51e-01  6.60e+02	-82.5522 78.2009 0.4252	
160.669845 298.841869	7.27e-01  9.34e-01  6.94e+02	-19.7375 91.6546 0.9369	
160.669845 298.841869	8.17e-01  9.16e-01  6.79e+02	38.7783 95.4953 0.8828	
160.669845 298.841869	8.01e-01  9.27e-01  6.80e+02	38.1328 95.3308 0.9107	
160.669845 298.841869	7.11e-01  9.32e-01  6.98e+02	-2.9481 90.9978 0.1103	
160.669845 298.841869	6.89e-01  8.54e-01  7.25e+02	23.6637 65.6217 0.3078	
160.669845 298.841869	7.01e-01  9.10e-01  7.06e+02	-27.5326 80.5781 0.0494	
160.669845 298.841869	8.90e-01  9.49e-01  6.55e+02	61.0678 99.0260 0.7715	
160.669845 298.841869	8.25e-01  9.70e-01  6.64e+02	11.5038 111.0721 0.9441	
160.669845 298.841869	7.64e-01  8.84e-01  6.99e+02	-32.4649 84.0925 0.2625	
160.669845 298.841869	7.66e-01  8.89e-01  6.98e+02	-25.2593 87.7221 0.4012	
160.669845 298.841869	7.97e-01  8.58e-01  6.98e+02	20.2186 88.5026 0.1363	
160.669845 298.841869	7.63e-01  8.93e-01  6.97e+02	-31.6397 85.9756 0.7081	
160.669845 298.841869	6.65e-01  9.76e-01  6.95e+02	35.7404 86.1055 0.3703	
160.669845 298.841869	7.22e-01  9.95e-01  6.79e+02	-9.1465 103.0883 0.0146	
160.669845 298.841869	7.96e-01  8.85e-01  6.92e+02	2.0844 95.1477 0.5565	
160.669845 298.841869	6.91e-01  8.37e-01  7.29e+02	18.3221 62.8961 0.5751	
160.669845 298.841869	7.70e-01  9.26e-01  6.87e+02	-1.0592 98.2448 0.5768	
160.669845 298.841869	7.40e-01  8.35e-01  7.18e+02	-14.6335 74.2236 0.7934	
160.669845 298.841869	8.76e-01  9.60e-01  6.56e+02	31.2295 111.7463 0.5705	
160.669845 298.841869	7.03e-01  9.22e-01  7.02e+02	50.2450 72.0958 0.1250	
160.669845 298.841869	7.75e-01  8.79e-01  6.98e+02	26.5746 86.9576 0.4099	
160.669845 298.841869	7.96e-01  8.67e-01  6.96e+02	-0.7729 92.2170 0.9125	
160.669845 298.841869	7.11e-01  8.70e-01  7.15e+02	20.2379 75.4029 0.9930	
160.669845 298.841869	7.15e-01  8.84e-01  7.10e+02	-19.5445 79.6077 0.7815	
160.669845 298.841869	7.88e-01  8.95e-01  6.91e+02	17.7378 93.9571 0.0399	
160.669845 298.841869	8.16e-01  9.30e-01  6.76e+02	50.5355 92.0681 0.6392	
160.669845 298.841869	8.69e-01  8.81e-01  6.76e+02	-42.1290 96.2262 0.9087	
160.669845 298.841869	7.44e-01  8.47e-01  7.14e+02	-22.9480 75.7149 0.8059	
160.669845 298.841869	8.53e-01  9.70e-01  6.58e+02	-22.4055 112.5692 0.4082	
160.669845 298.841869	7.38e-01  8.91e-01  7.04e+02	-54.9358 67.5610 0.7586	
160.669845 298.841869	6.32e-01  9.88e-01  6.98e+02	-10.3376 90.6417 0.4705	
160.669845 298.841869	7.96e-01  9.34e-01  6.79e+02	-23.2027 100.3978 0.5925	
160.669845 298.841869	8.36e-01  8.99e-01  6.79e+02	-23.5168 100.3788 0.0711	
160.669845 298.841869	6.98e-01  8.69e-01  7.18e+02	-30.2983 69.0521 0.6178	
160.669845 298.841869	8.25e-01  9.00e-01  6.82e+02	48.6272 89.3943 0.7238	
160.669845 298.841869	7.28e-01  8.97e-01  7.04e+02	-21.6266 84.0407 0.5500	
160.669845 298.841869	7.98e-01  9.14e-01  6.84e+02	-33.0625 94.6028 0.8629	
160.669845 298.841869	8.04e-01  9.26e-01  6.80e+02	-5.4213 102.7836 0.5239	
160.669845 298.841869	8.05e-01  9.30e-01  6.79e+02	-33.3334 98.0986 0.8074	
160.669845 298.841869	7.19e-01  8.80e-01  7.11e+02	-10.0817 81.1928 0.7058	
160.669845 298.841869	6.78e-01  9.74e-01  6.93e+02	-24.4240 91.2313 0.4256	
160.669845 298.841869	8.45e-01  9.71e-01  6.60e+02	-51.1332 101.9801 0.2637	
160.669845 298.841869	7.85e-01  8.99e-01  6.91e+02	-1.2633 95.8315 0.4961	
160.669845 298.841869	6.95e-01  9.11e-01  7.07e+02	-13.9965 83.1939 0.5640	
160.669845 298.841869	8.67e-01  9.55e-01  6.59e+02	-47.3098 104.3286 0.1694	
160.669845 298.841869	7.73e-01  9.28e-01  6.86e+02	-45.7165 87.8306 0.2125	
160.669845 298.841869	7.47e-01  9.06e-01  6.97e+02	-6.8413 91.2598 0.4415	
160.669845 298.841869	7.48e-01  9.76e-01  6.79e+02	36.2855 96.9295 0.5010	
160.669845 298.841869	8.22e-01  8.83e-01  6.86e+02	-6.8254 98.5941 0.0173	
160.669845 298.841869	7.12e-01  8.89e-01  7.10e+02	-21.2233 79.6401 0.7496	
160.669845 298.841869	6.93e-01  9.26e-01  7.03e+02	23.7525 83.9580 0.7988	
160.669845 298.841869	7.64e-01  8.00e-01  7.21e+02	-31.3581 65.6356 0.7008	
160.669845 298.841869	7.17e-01  9.26e-01  6.98e+02	22.6987 87.8568 0.7836	
160.669845 298.841869	6.80e-01  8.15e-01  7.37e+02	-11.8260 54.9151 0.4354	
160.669845 298.841869	8.15e-01  8.82e-01  6.88e+02	37.7664 89.8783 0.0218	
160.669845 298.841869	8.16e-01  9.74e-01  6.65e+02	22.7328 108.7870 0.2784	
160.669845 298.841869	7.69e-01  8.70e-01  7.02e+02	19.8007 86.0495 0.6825	
160.669845 298.841869	8.30e-01  8.96e-01  6.81e+02	1.4601 101.9129 0.7110	
160.669845 298.841869	7.14e-01  9.10e-01  7.03e+02	36.0158 79.4459 0.0205	
160.669845 298.841869	7.81e-01  9.56e-01  6.77e+02	-5.9272 104.3885 0.0619	
160.669845 298.841869	8.72e-01  8.80e-01  6.76e+02	53.3175 90.8105 0.6593	
160.669845 298.841869	7.28e-01  8.81e-01  7.08e+02	-48.5063 68.0132 0.6907	
160.669845 298.841869	7.23e-01  9.69e-01  6.85e+02	23.1486 96.6116 0.4345	
160.669845 298.841869	7.37e-01  9.15e-01  6.97e+02	46.3773 78.9999 0.9869	
160.669845 298.841869	8.78e-01  9.35e-01  6.61e+02	57.3027 97.6592 0.3343	
160.669845 298.841869	7.45e-01  9.49e-01  6.86e+02	51.6255 84.2073 0.8472	
160.669845 298.841869	7.90e-01  9.20e-01  6.84e+02	-18.4626 98.3700 0.5845	
160.669845 298.841869	8.24e-01  8.85e-01  6.85e+02	-16.5650 97.9849 0.6202	
160.669845 298.841869	6.90e-01  9.62e-01  6.94e+02	-37.4267 85.9432 0.1347	
160.669845 298.841869	5.68e-01  9.19e-01  7.31e+02	27.5846 57.4217 0.1853	
160.669845 298.841869	8.16e-01  9.08e-01  6.81e+02	12.5620 101.0753 0.0359	
160.669845 298.841869	8.02e-01  9.04e-01  6.86e+02	17.7698 97.5667 0.2503	
160.669845 298.841869	8.51e-01  9.03e-01  6.75e+02	39.4058 98.0523 0.9083	
160.669845 298.841869	6.75e-01  8.68e-01  7.24e+02	4.9650 70.4141 0.2466	
160.669845 298.841869	8.10e-01  9.00e-01  6.85e+02	43.4842 89.6769 0.3985	
160.669845 298.841869	7.29e-01  8.55e-01  7.15e+02	-22.4904 74.6806 0.9173	
160.669845 298.841869	7.70e-01  8.73e-01  7.01e+02	-20.1626 86.6730 0.0370	
160.669845 298.841869	7.41e-01  8.78e-01  7.06e+02	13.1138 84.1397 0.2689	
160.669845 298.841869	7.81e-01  8.22e-01  7.11e+02	-7.2279 80.7210 0.7422	
160.669845 298.841869	8.03e-01  9.43e-01  6.76e+02	25.1099 102.2170 0.2633	
160.669845 298.841869	7.69e-01  9.23e-01  6.88e+02	4.5676 97.5763 0.7737	
160.669845 298.841869	7.23e-01  8.78e-01  7.10e+02	51.9355 63.5198 0.3297	
160.669845 298.841869	6.71e-01  9.49e-01  7.02e+02	-5.4197 88.3251 0.1683	
160.669845 298.841869	8.19e-01  9.05e-01  6.82e+02	36.3863 95.0073 0.8138	
160.669845 298.841869	7.69e-01  9.25e-01  6.88e+02	17.7455 96.3873 0.3328	
160.669845 298.841869	8.28e-01  8.97e-01  6.82e+02	1.3226 101.7603 0.5233	
160.669845 298.841869	8.41e-01  9.44e-01  6.67e+02	-42.8105 101.4449 0.7249	
160.669845 298.841869	8.48e-01  9.12e-01  6.74e+02	40.3800 98.5800 0.0303	
160.669845 298.841869	7.68e-01  9.43e-01  6.83e+02	-48.7410 88.3002 0.1794	
160.669845 298.841869	7.72e-01  8.58e-01  7.04e+02	-13.8036 85.4711 0.7770	
160.669845 298.841869	7.85e-01  8.98e-01  6.91e+02	29.9048 90.9946 0.4998	
160.669845 298.841869	7.98e-01  8.97e-01  6.88e+02	-36.3291 90.5274 0.6322	
160.669845 298.841869	7.57e-01  9.08e-01  6.95e+02	16.3686 91.9474 0.5123	
160.669845 298.841869	7.80e-01  8.96e-01  6.93e+02	-16.1926 93.3733 0.0329	
160.669845 298.841869	8.24e-01  9.80e-01  6.62e+02	-27.1369 109.5103 0.7152	
160.669845 298.841869	5.69e-01  9.16e-01  7.31e+02	-2.4351 62.8386 0.9687	
160.669845 298.841869	8.23e-01  8.85e-01  6.86e+02	36.9564 92.1506 0.8906	
160.669845 298.841869	7.57e-01  9.43e-01  6.85e+02	-2.5280 99.3147 0.9030	
160.669845 298.841869	6.80e-01  9.92e-01  6.88e+02	-11.9581 97.2426 0.0502	
160.669845 298.841869	7.82e-01  8.51e-01  7.04e+02	-4.6059 86.7608 0.6961	
160.669845 298.841869	8.42e-01  9.54e-01  6.65e+02	-34.7234 105.9721 0.7246	
160.669845 298.841869	8.23e-01  9.06e-01  6.80e+02	28.6235 98.3304 0.2421	
160.669845 298.841869	7.30e-01  9.40e-01  6.92e+02	5.5643 94.9978 0.3538	
160.669845 298.841869	6.60e-01  9.09e-01  7.15e+02	-42.3057 65.4958 0.2907	
160.669845 298.841869	7.82e-01  9.36e-01  6.82e+02	1.8448 101.6156 0.4728	
160.669845 298.841869	8.02e-01  8.77e-01  6.93e+02	55.8299 76.5485 0.6496	
160.669845 298.841869	6.86e-01  9.72e-01  6.92e+02	32.1858 89.5583 0.9269	
160.669845 298.841869	8.50e-01  9.64e-01  6.61e+02	-54.8039 99.5583 0.4294	
160.669845 298.841869	8.27e-01  9.59e-01  6.67e+02	64.7963 89.3535 0.3384	
160.669845 298.841869	8.68e-01  9.70e-01  6.55e+02	65.0731 96.5239 0.4340	
160.669845 298.841869	8.02e-01  8.76e-01  6.93e+02	-1.2819 94.7083 0.0795	
160.669845 298.841869	8.17e-01  9.68e-01  6.67e+02	46.5756 100.1540 0.1627	
160.669845 298.841869	8.16e-01  9.40e-01  6.74e+02	28.2440 102.5726 0.3102	
160.669845 298.841869	7.25e-01  9.10e-01  7.01e+02	17.9194 87.0310 0.2337	
160.669845 298.841869	6.92e-01  8.91e-01  7.13e+02	-44.3401 65.9565 0.7512	
160.669845 298.841869	6.76e-01  8.85e-01  7.18e+02	5.8132 74.9782 0.2366	
160.669845 298.841869	6.90e-01  8.66e-01  7.21e+02	4.7618 72.9050 0.3655	
160.669845 298.841869	5.77e-01  9.72e-01  7.13e+02	0.2057 80.0689 0.8410	
160.669845 298.841869	6.45e-01  9.62e-01  7.03e+02	22.3393 84.7087 0.7188	
160.669845 298.841869	7.17e-01  8.57e-01  7.17e+02	-17.5584 74.1606 0.4613	
160.669845 298.841869	7.45e-01  9.24e-01  6.93e+02	-46.8963 82.0227 0.6345	
160.669845 298.841869	7.73e-01  9.79e-01  6.73e+02	-8.4566 106.6976 0.2096	
160.669845 298.841869	6.73e-01  8.84e-01  7.20e+02	29.2602 68.2381 0.8423	
160.669845 298.841869	7.45e-01  9.10e-01  6.97e+02	-9.4457 91.5585 0.2883	
160.669845 298.841869	8.54e-01  8.99e-01  6.75e+02	-21.3674 103.4023 0.1847	
160.669845 298.841869	6.96e-01  9.24e-01  7.03e+02	63.2097 60.2260 0.8690	
160.669845 298.841869	6.99e-01  9.14e-01  7.06e+02	-4.5845 85.5325 0.7236	
160.669845 298.841869	7.99e-01  8.95e-01  6.89e+02	-12.3570 96.5530 0.3210	
160.669845 298.841869	7.69e-01  8.80e-01  6.99e+02	14.4079 89.0572 0.5068	
160.669845 298.841869	8.37e-01  9.12e-01  6.76e+02	40.0387 97.1445 0.8826	
160.669845 298.841869	7.11e-01  8.72e-01  7.15e+02	25.7170 74.1016 0.3451	
160.669845 298.841869	6.71e-01  9.63e-01  6.97e+02	4.6556 91.3996 0.1254	
160.669845 298.841869	7.69e-01  8.54e-01  7.06e+02	-3.3188 85.2273 0.5685	
160.669845 298.841869	8.19e-01  9.44e-01  6.72e+02	-46.9005 96.6460 0.0581	
160.669845 298.841869	7.89e-01  8.84e-01  6.94e+02	-0.7187 93.9552 0.6093	
160.669845 298.841869	6.59e-01  8.62e-01  7.29e+02	29.1923 58.7481 0.4774	
160.669845 298.841869	8.23e-01  9.72e-01  6.64e+02	16.0598 110.5465 0.5523	
160.669845 298.841869	6.17e-01  9.68e-01  7.06e+02	4.5872 84.7888 0.0004	
160.669845 298.841869	7.26e-01  9.22e-01  6.98e+02	-33.0630 85.1928 0.3621	
160.669845 298.841869	7.48e-01  9.46e-01  6.87e+02	9.7726 98.0931 0.2135	
160.669845 298.841869	7.90e-01  8.77e-01  6.95e+02	27.5357 88.6601 0.7169	
160.669845 298.841869	8.27e-01  9.57e-01  6.67e+02	23.4531 107.7159 0.2665	
160.669845 298.841869	8.58e-01  9.73e-01  6.57e+02	38.0262 109.3368 0.9655	
160.669845 298.841869	7.33e-01  9.12e-01  6.99e+02	-24.6047 87.0117 0.8222	
160.669845 298.841869	7.50e-01  8.79e-01  7.04e+02	19.8447 84.5548 0.5403	
160.669845 298.841869	8.48e-01  9.31e-01  6.69e+02	-36.8795 102.8016 0.3237	
160.669845 298.841869	7.51e-01  9.51e-01  6.85e+02	43.1351 90.0765 0.7858	
160.669845 298.841869	7.42e-01  8.52e-01  7.13e+02	-32.5949 72.9995 0.7578	
160.669845 298.841869	7.33e-01  8.62e-01  7.12e+02	-10.2564 79.6356 0.2345	
160.669845 298.841869	6.89e-01  8.57e-01  7.24e+02	9.4831 69.7532 0.2330	
160.669845 298.841869	7.99e-01  8.93e-01  6.89e+02	42.3140 87.2815 0.2285	
160.669845 298.841869	7.78e-01  8.54e-01  7.04e+02	15.7235 85.2090 0.9659	
160.669845 298.841869	7.79e-01  9.08e-01  6.90e+02	20.2716 94.4703 0.6250	
160.669845 298.841869	7.22e-01  9.69e-01  6.86e+02	-57.8338 80.5153 0.9464	
160.669845 298.841869	8.15e-01  8.92e-01  6.86e+02	-5.8833 99.0454 0.1251	
160.669845 298.841869	7.98e-01  9.00e-01  6.88e+02	-4.2665 97.9402 0.2113	
160.669845 298.841869	7.35e-01  9.82e-01  6.80e+02	-45.5150 92.2845 0.4864	
160.669845 298.841869	7.67e-01  8.85e-01  6.98e+02	-25.0229 87.2158 0.0391	
160.669845 298.841869	7.95e-01  8.16e-01  7.09e+02	6.5509 82.4362 0.8416	
160.669845 298.841869	6.70e-01  9.38e-01  7.05e+02	23.6998 82.7637 0.0726	
160.669845 298.841869	8.03e-01  9.45e-01  6.75e+02	-41.0147 97.2282 0.0405	
160.669845 298.841869	8.06e-01  8.24e-01  7.05e+02	13.9817 85.1645 0.2028	
160.669845 298.841869	7.92e-01  8.45e-01  7.03e+02	23.5637 84.4500 0.5436	
160.669845 298.841869	8.65e-01  9.89e-01  6.51e+02	-12.9131 117.6458 0.4128	
160.669845 298.841869	8.38e-01  9.55e-01  6.65e+02	-0.5999 111.1806 0.2353	
160.669845 298.841869	7.19e-01  8.22e-01  7.26e+02	-11.2244 66.9432 0.3818	
160.669845 298.841869	7.53e-01  8.77e-01  7.04e+02	-9.1981 86.4235 0.4845	
160.669845 298.841869	8.68e-01  8.87e-01  6.75e+02	16.7753 104.5269 0.5903	
160.669845 298.841869	8.16e-01  8.86e-01  6.87e+02	49.5259 84.9879 0.4429	
160.669845 298.841869	7.50e-01  9.29e-01  6.91e+02	-17.6196 94.4830 0.2463	
160.669845 298.841869	7.33e-01  8.83e-01  7.07e+02	21.6471 82.0660 0.5945	
160.669845 298.841869	7.80e-01  9.13e-01  6.88e+02	-4.4469 97.5111 0.9755	
160.669845 298.841869	8.83e-01  9.01e-01  6.68e+02	-2.1259 109.6215 0.2625	
160.669845 298.841869	7.54e-01  8.18e-01  7.19e+02	-28.0513 69.2168 0.6817	
160.669845 298.841869	7.12e-01  8.34e-01  7.25e+02	-43.1884 54.7078 0.1981	
160.669845 298.841869	6.50e-01  8.91e-01  7.22e+02	4.1138 71.6697 0.0716	
160.669845 298.841869	8.18e-01  8.53e-01  6.95e+02	-45.3965 81.4697 0.9758	
160.669845 298.841869	8.49e-01  9.85e-01  6.56e+02	-37.5551 110.0257 0.3729	
160.669845 298.841869	7.51e-01  9.55e-01  6.84e+02	61.4013 79.6570 0.1372	
160.669845 298.841869	8.84e-01  9.15e-01  6.64e+02	11.0121 111.0162 0.1764	
160.669845 298.841869	7.78e-01  8.74e-01  6.99e+02	31.9941 84.7292 0.9399	
160.669845 298.841869	7.72e-01  9.41e-01  6.83e+02	-7.3780 100.6716 0.1980	
160.669845 298.841869	7.66e-01  9.25e-01  6.88e+02	-25.9806 93.9860 0.8880	
160.669845 298.841869	8.97e-01  9.56e-01  6.52e+02	-49.9651 106.7890 0.7419	
160.669845 298.841869	7.64e-01  8.88e-01  6.98e+02	58.3939 69.5926 0.8858	
160.669845 298.841869	8.16e-01  9.51e-01  6.71e+02	-63.4994 87.4461 0.8259	
160.669845 298.841869	7.97e-01  8.49e-01  7.01e+02	-43.1614 77.9849 0.5933	
160.669845 298.841869	8.36e-01  9.38e-01  6.70e+02	-36.2091 102.4807 0.0103	
160.669845 298.841869	8.29e-01  9.44e-01  6.70e+02	-50.2109 96.2854 0.5453	
160.669845 298.841869	7.21e-01  8.70e-01  7.13e+02	7.0333 79.7436 0.0401	
160.669845 298.841869	6.44e-01  8.81e-01  7.27e+02	16.8771 65.6244 0.9846	
160.669845 298.841869	8.34e-01  9.20e-01  6.75e+02	-33.4934 100.5177 0.3721	
160.669845 298.841869	7.49e-01  8.54e-01  7.11e+02	-15.0630 80.1542 0.3115	
160.669845 298.841869	7.80e-01  8.76e-01  6.98e+02	13.8688 90.1319 0.5721	
160.669845 298.841869	7.62e-01  8.06e-01  7.20e+02	-41.5833 60.8764 0.3010	
160.669845 298.841869	6.47e-01  9.27e-01  7.13e+02	28.7924 74.7797 0.9791	
160.669845 298.841869	6.23e-01  9.33e-01  7.16e+02	14.6821 76.2678 0.7284	
160.669845 298.841869	7.22e-01  8.48e-01  7.19e+02	-8.2607 74.7007 0.5095	
160.669845 298.841869	6.15e-01  9.37e-01  7.16e+02	40.5606 65.7984 0.7428	
160.669845 298.841869	8.41e-01  9.63e-01  6.63e+02	45.2035 103.0543 0.3534	
160.669845 298.841869	6.83e-01  9.41e-01  7.01e+02	4.0212 88.5416 0.3030	
160.669845 298.841869	7.49e-01  9.55e-01  6.84e+02	-14.1770 99.2651 0.5877	
160.669845 298.841869	8.24e-01  9.18e-01  6.77e+02	19.8634 102.4028 0.9181	
160.669845 298.841869	8.24e-01  8.84e-01  6.86e+02	-9.7062 98.7652 0.4372	
160.669845 298.841869	6.64e-01  9.38e-01  7.06e+02	-0.9534 85.2784 0.1744	
160.669845 298.841869	8.00e-01  9.33e-01  6.79e+02	-56.1757 86.9244 0.1773	
160.669845 298.841869	8.95e-01  9.43e-01  6.56e+02	27.9113 112.7893 0.1936	
160.669845 298.841869	7.93e-01  9.84e-01  6.68e+02	30.9835 105.3947 0.4169	
160.669845 298.841869	8.06e-01  8.79e-01  6.91e+02	12.7768 94.8980 0.3072	
160.669845 298.841869	7.04e-01  8.61e-01  7.19e+02	-5.9226 74.4161 0.8221	
160.669845 298.841869	8.41e-01  9.86e-01  6.57e+02	20.9597 113.5869 0.5442	
160.669845 298.841869	8.50e-01  9.57e-01  6.62e+02	-32.6202 107.9928 0.8816	
160.669845 298.841869	8.55e-01  9.77e-01  6.56e+02	-1.3726 115.8439 0.6904	
160.669845 298.841869	8.37e-01  9.43e-01  6.68e+02	-0.9717 109.3951 0.4223	
160.669845 298.841869	6.85e-01  9.45e-01  7.00e+02	1.3850 89.7494 0.4902	
160.669845 298.841869	8.52e-01  9.49e-01  6.64e+02	18.7119 110.3797 0.0691	
160.669845 298.841869	8.55e-01  9.03e-01  6.74e+02	12.7753 105.5323 0.5089	
160.669845 298.841869	8.42e-01  9.64e-01  6.62e+02	-1.7412 112.8067 0.4850	
160.669845 298.841869	7.93e-01  8.46e-01  7.03e+02	49.9658 72.2763 0.8459	
160.669845 298.841869	8.21e-01  9.09e-01  6.80e+02	-31.2702 97.7405 0.7841	
160.669845 298.841869	7.58e-01  9.16e-01  6.92e+02	-2.9574 94.9796 0.8603	
160.669845 298.841869	8.43e-01  8.91e-01  6.80e+02	49.2544 90.3257 0.0675	
160.669845 298.841869	6.68e-01  8.93e-01  7.18e+02	12.3493 74.4968 0.9975	
160.669845 298.841869	7.98e-01  8.96e-01  6.89e+02	6.5393 97.1527 0.2404	
160.669845 298.841869	8.34e-01  9.37e-01  6.70e+02	54.6644 93.5101 0.0203	
160.669845 298.841869	8.81e-01  9.06e-01  6.68e+02	27.4492 106.4307 0.8056	
160.669845 298.841869	7.56e-01  9.39e-01  6.87e+02	-34.1806 92.3410 0.6430	
160.669845 298.841869	7.38e-01  9.32e-01  6.93e+02	9.3138 94.3043 0.9812	
160.669845 298.841869	7.84e-01  9.29e-01  6.83e+02	8.0814 100.3053 0.9964	
160.669845 298.841869	6.64e-01  9.42e-01  7.05e+02	-5.5367 85.8875 0.6448	
160.669845 298.841869	7.74e-01  8.60e-01  7.03e+02	-1.6267 87.2649 0.8566	
160.669845 298.841869	7.91e-01  8.87e-01  6.93e+02	-20.1554 92.6464 0.2481	
160.669845 298.841869	7.23e-01  9.70e-01  6.85e+02	11.3813 98.7122 0.6672	
160.669845 298.841869	8.37e-01  9.94e-01  6.56e+02	5.1876 115.8980 0.2479	
160.669845 298.841869	6.41e-01  9.26e-01  7.14e+02	-28.3286 73.6110 0.2749	
160.669845 298.841869	8.04e-01  9.46e-01  6.75e+02	-26.5057 102.4796 0.3519	
160.669845 298.841869	8.44e-01  9.32e-01  6.69e+02	-43.3134 99.9087 0.3793	
160.669845 298.841869	8.83e-01  9.58e-01  6.55e+02	27.6576 113.2697 0.4106	
160.669845 298.841869	8.05e-01  8.82e-01  6.91e+02	-7.2922 95.8101 0.0724	
160.669845 298.841869	9.04e-01  9.71e-01  6.48e+02	-45.2842 111.4492 0.8532	
160.669845 298.841869	8.49e-01  9.33e-01  6.68e+02	-3.1045 109.4159 0.0372	
160.669845 298.841869	8.77e-01  9.86e-01  6.50e+02	-40.4955 112.1230 0.4356	
160.669845 298.841869	7.74e-01  8.98e-01  6.93e+02	-17.5306 92.5823 0.0387	
160.669845 298.841869	7.01e-01  8.58e-01  7.21e+02	0.5250 73.3212 0.8724	
160.669845 298.841869	6.60e-01  9.89e-01  6.92e+02	-42.3546 85.1319 0.6882	
160.669845 298.841869	8.14e-01  9.12e-01  6.81e+02	-10.1769 101.5243 0.2511	
160.669845 298.841869	6.93e-01  9.14e-01  7.07e+02	-20.3927 82.2139 0.7087	
160.669845 298.841869	7.80e-01  8.94e-01  6.93e+02	-35.4641 87.3792 0.6807	
160.669845 298.841869	7.93e-01  9.16e-01  6.85e+02	-40.4269 91.3776 0.8437	
160.669845 298.841869	7.15e-01  8.99e-01  7.06e+02	-4.0666 84.9832 0.4667	
160.669845 298.841869	8.76e-01  9.01e-01  6.70e+02	4.5501 108.6174 0.2453	
160.669845 298.841869	7.20e-01  7.44e-01  7.47e+02	-3.3104 42.7656 0.2549	
160.669845 298.841869	6.72e-01  8.68e-01  7.24e+02	4.8368 69.7918 0.2337	
160.669845 298.841869	7.33e-01  9.10e-01  6.99e+02	-19.7548 87.9802 0.0886	
160.669845 298.841869	7.05e-01  8.54e-01  7.21e+02	13.5575 71.7561 0.4630	
160.669845 298.841869	6.41e-01  8.73e-01  7.30e+02	6.5611 64.3574 0.4036	
160.669845 298.841869	8.45e-01  9.13e-01  6.74e+02	-25.8426 103.2037 0.8451	
160.669845 298.841869	8.10e-01  8.76e-01  6.91e+02	-19.5634 93.8559 0.8332	
160.669845 298.841869	7.95e-01  9.51e-01  6.75e+02	1.7687 105.4519 0.7482	
160.669845 298.841869	7.05e-01  9.39e-01  6.97e+02	39.9987 82.2682 0.5251	
160.669845 298.841869	7.68e-01  8.98e-01  6.95e+02	25.9643 89.5505 0.6399	
160.669845 298.841869	7.28e-01  9.22e-01  6.97e+02	-4.0514 91.5348 0.3190	
160.669845 298.841869	5.89e-01  9.57e-01  7.15e+02	-4.1065 78.0514 0.0587	
160.669845 298.841869	8.55e-01  9.69e-01  6.58e+02	20.9601 112.9397 0.6934	
160.669845 298.841869	8.71e-01  8.98e-01  6.71e+02	65.6070 85.4081 0.5415	
160.669845 298.841869	6.63e-01  8.66e-01  7.27e+02	4.5744 67.3077 0.4882	
160.669845 298.841869	8.02e-01  8.58e-01  6.97e+02	6.4477 91.2258 0.1022	
160.669845 298.841869	6.76e-01  9.69e-01  6.95e+02	-16.2848 91.8490 0.6659	
160.669845 298.841869	7.88e-01  9.34e-01  6.81e+02	-4.8606 101.8377 0.2952	
160.669845 298.841869	8.20e-01  8.37e-01  6.98e+02	7.8428 90.5204 0.4967	
160.669845 298.841869	6.76e-01  9.10e-01  7.11e+02	33.2970 73.8716 0.3436	
160.669845 298.841869	7.33e-01  8.88e-01  7.05e+02	18.6665 83.8558 0.1640	
160.669845 298.841869	7.64e-01  9.21e-01  6.90e+02	-12.3215 95.9421 0.0549	
160.669845 298.841869	6.87e-01  8.61e-01  7.23e+02	-23.8716 66.9056 0.2981	
160.669845 298.841869	8.00e-01  9.18e-01  6.83e+02	-29.3155 96.8288 0.3298	
160.669845 298.841869	7.54e-01  8.34e-01  7.15e+02	52.8910 57.8729 0.3942	
160.669845 298.841869	8.22e-01  9.06e-01  6.81e+02	36.1788 95.7143 0.6714	
160.669845 298.841869	7.04e-01  9.75e-01  6.88e+02	49.3654 84.4721 0.3042	
160.669845 298.841869	7.79e-01  8.32e-01  7.09e+02	11.3278 81.8797 0.8139	
160.669845 298.841869	7.67e-01  8.86e-01  6.98e+02	17.6516 89.2285 0.0963	
160.669845 298.841869	6.21e-01  8.95e-01  7.27e+02	17.4578 64.5867 0.7928	
160.669845 298.841869	7.50e-01  9.43e-01  6.87e+02	-8.1548 98.0434 0.1751	
160.669845 298.841869	7.86e-01  9.27e-01  6.83e+02	-4.2420 100.5062 0.4333	
160.669845 298.841869	7.43e-01  9.24e-01  6.93e+02	-40.4813 85.0276 0.5431	
160.669845 298.841869	7.17e-01  8.93e-01  7.07e+02	25.3043 80.2965 0.2671	
160.669845 298.841869	8.12e-01  9.35e-01  6.76e+02	30.0136 100.8905 0.9876	
160.669845 298.841869	6.52e-01  9.58e-01  7.03e+02	21.9942 84.9554 0.7143	
160.669845 298.841869	7.50e-01  9.57e-01  6.83e+02	7.1975 100.3722 0.4527	
160.669845 298.841869	6.93e-01  9.35e-01  7.01e+02	4.5815 88.8688 0.1869	
160.669845 298.841869	8.12e-01  9.38e-01  6.75e+02	-17.0127 104.3397 0.5633	
160.669845 298.841869	8.07e-01  9.82e-01  6.65e+02	18.7571 109.7495 0.8480	
160.669845 298.841869	7.69e-01  9.28e-01  6.87e+02	-10.1189 98.0411 0.1581	
160.669845 298.841869	8.95e-01  9.34e-01  6.58e+02	28.0464 111.5331 0.3597	
160.669845 298.841869	7.88e-01  8.73e-01  6.97e+02	-6.1561 91.6831 0.5955	
160.669845 298.841869	8.57e-01  9.45e-01  6.64e+02	38.7403 105.0470 0.6299	
160.669845 298.841869	7.51e-01  9.65e-01  6.81e+02	-59.2276 83.1413 0.8890	
160.669845 298.841869	8.01e-01  8.74e-01  6.93e+02	6.2442 93.9528 0.4207	
160.669845 298.841869	7.89e-01  8.41e-01  7.05e+02	-36.8461 78.0712 0.1026	
160.669845 298.841869	7.97e-01  8.69e-01  6.96e+02	33.8089 86.3707 0.9576	
160.669845 298.841869	7.37e-01  9.05e-01  7.00e+02	-34.9079 82.7911 0.3172	
160.669845 298.841869	7.47e-01  8.80e-01  7.04e+02	22.7108 83.6529 0.5287	
160.669845 298.841869	6.84e-01  9.44e-01  7.00e+02	-33.6325 82.8718 0.7895	
160.669845 298.841869	6.70e-01  9.25e-01  7.08e+02	0.0597 83.5218 0.7093	
160.669845 298.841869	7.81e-01  8.30e-01  7.10e+02	-16.3051 80.9282 0.3212	
160.669845 298.841869	8.48e-01  9.01e-01  6.76e+02	-62.3096 84.5332 0.9518	
160.669845 298.841869	6.67e-01  9.26e-01  7.09e+02	17.4446 81.2992 0.0766	
160.669845 298.841869	7.50e-01  9.35e-01  6.89e+02	40.7052 88.1251 0.1328	
160.669845 298.841869	8.67e-01  9.21e-01  6.67e+02	-0.9285 110.1686 0.2026	
160.669845 298.841869	7.02e-01  8.46e-01  7.24e+02	-31.2463 63.2305 0.7528	
160.669845 298.841869	7.57e-01  8.75e-01  7.03e+02	15.0918 85.9156 0.8765	
160.669845 298.841869	7.35e-01  9.60e-01  6.85e+02	39.4328 91.1770 0.1225	
160.669845 298.841869	7.88e-01  8.40e-01  7.05e+02	-30.3895 80.3916 0.8554	
160.669845 298.841869	6.30e-01  9.89e-01  6.98e+02	-30.7227 85.7708 0.1920	
160.669845 298.841869	7.95e-01  9.28e-01  6.81e+02	-16.1411 100.7461 0.8034	
160.669845 298.841869	8.72e-01  8.86e-01  6.74e+02	30.3526 101.7751 0.9171	
160.669845 298.841869	8.09e-01  8.96e-01  6.86e+02	-19.1454 97.1124 0.3529	
160.669845 298.841869	7.94e-01  8.92e-01  6.91e+02	0.4332 96.0785 0.0075	
160.669845 298.841869	8.03e-01  9.23e-01  6.81e+02	-34.6264 96.2093 0.8537	
160.669845 298.841869	8.27e-01  8.98e-01  6.82e+02	-0.1316 101.7275 0.2312	
160.669845 298.841869	8.70e-01  9.52e-01  6.59e+02	-41.9328 106.3984 0.8311	
160.669845 298.841869	6.10e-01  9.42e-01  7.15e+02	-2.3519 77.7484 0.1041	
160.669845 298.841869	6.44e-01  9.66e-01  7.02e+02	31.4177 82.5437 0.3370	
160.669845 298.841869	7.56e-01  8.90e-01  7.00e+02	-11.4621 89.1895 0.2851	
160.669845 298.841869	8.30e-01  9.03e-01  6.80e+02	-20.5959 100.7783 0.4513	
160.669845 298.841869	9.10e-01  9.48e-01  6.51e+02	-11.3392 117.8948 0.0294	
160.669845 298.841869	6.37e-01  9.10e-01  7.20e+02	6.8637 73.7943 0.8868	
160.669845 298.841869	6.16e-01  8.95e-01  7.28e+02	2.6042 66.0011 0.4720	
160.669845 298.841869	7.68e-01  9.16e-01  6.90e+02	-38.3593 88.3308 0.5472	
160.669845 298.841869	8.12e-01  9.29e-01  6.77e+02	10.2014 103.9886 0.1863	
160.669845 298.841869	7.86e-01  9.14e-01  6.87e+02	7.3048 98.2799 0.9259	
160.669845 298.841869	8.48e-01  9.49e-01  6.65e+02	29.7078 107.4884 0.4175	
160.669845 298.841869	8.25e-01  8.36e-01  6.97e+02	15.2724 90.2128 0.6788	
160.669845 298.841869	8.16e-01  9.75e-01  6.65e+02	28.3196 107.6434 0.7900	
160.669845 298.841869	7.37e-01  9.13e-01  6.98e+02	8.3329 90.8648 0.6607	
160.669845 298.841869	7.76e-01  8.72e-01  7.00e+02	11.1019 89.1544 0.8028	
160.669845 298.841869	7.33e-01  8.58e-01  7.13e+02	2.3995 79.4149 0.9908	
160.669845 298.841869	7.59e-01  8.99e-01  6.97e+02	-28.5127 87.5231 0.4506	
160.669845 298.841869	7.37e-01  8.82e-01  7.06e+02	19.4394 83.0894 0.6464	
160.669845 298.841869	8.18e-01  9.41e-01  6.73e+02	-51.1134 93.9243 0.0005	
160.669845 298.841869	8.14e-01  8.83e-01  6.88e+02	-16.6302 96.1424 0.8603	
160.669845 298.841869	7.57e-01  9.16e-01  6.93e+02	-8.3251 94.3987 0.6778	
160.669845 298.841869	8.20e-01  9.63e-01  6.67e+02	-46.4961 99.8149 0.5120	
160.669845 298.841869	7.86e-01  9.20e-01  6.85e+02	-2.8244 99.4146 0.2307	
160.669845 298.841869	7.94e-01  8.32e-01  7.06e+02	24.6972 81.7480 0.2181	
160.669845 298.841869	7.76e-01  9.60e-01  6.77e+02	18.7221 102.8140 0.2063	
160.669845 298.841869	8.37e-01  9.14e-01  6.75e+02	-4.5556 105.2937 0.7991	
160.669845 298.841869	7.75e-01  8.40e-01  7.08e+02	49.6159 67.1774 0.2283	
160.669845 298.841869	7.12e-01  8.46e-01  7.22e+02	-23.7946 68.4828 0.3407	
160.669845 298.841869	7.74e-01  8.52e-01  7.06e+02	1.6380 85.5842 0.2247	
160.669845 298.841869	7.31e-01  9.16e-01  6.98e+02	44.7178 79.1635 0.4253	
160.669845 298.841869	6.42e-01  8.71e-01  7.30e+02	-13.1090 62.8849 0.2906	
160.669845 298.841869	8.43e-01  8.82e-01  6.82e+02	15.7343 100.3772 0.6085	
160.669845 298.841869	7.36e-01  9.19e-01  6.96e+02	22.5086 89.4591 0.7280	
160.669845 298.841869	7.49e-01  7.79e-01  7.31e+02	-14.1451 62.1690 0.2127	
160.669845 298.841869	7.23e-01  9.75e-01  6.84e+02	-33.1619 94.6217 0.7532	
160.669845 298.841869	7.37e-01  8.57e-01  7.13e+02	-18.1797 77.9650 0.8412	
160.669845 298.841869	7.53e-01  9.60e-01  6.82e+02	-37.1701 94.5453 0.8791	
160.669845 298.841869	7.11e-01  9.47e-01  6.94e+02	9.5373 93.3923 0.3321	
160.669845 298.841869	6.49e-01  9.02e-01  7.19e+02	33.3750 66.5110 0.1952	
160.669845 298.841869	8.15e-01  8.62e-01  6.93e+02	11.2788 93.6370 0.6736	
160.669845 298.841869	7.22e-01  8.74e-01  7.12e+02	15.8997 79.3211 0.1167	
160.669845 298.841869	7.97e-01  9.74e-01  6.69e+02	20.3211 107.0698 0.1670	
160.669845 298.841869	7.28e-01  8.78e-01  7.09e+02	-16.5900 81.2706 0.5411	
160.669845 298.841869	8.91e-01  9.59e-01  6.53e+02	-38.7222 110.9462 0.7643	
160.669845 298.841869	8.15e-01  9.25e-01  6.77e+02	1.0264 104.2022 0.0653	
160.669845 298.841869	8.08e-01  9.79e-01  6.66e+02	-44.0314 101.8107 0.7262	
160.669845 298.841869	8.84e-01  9.27e-01  6.62e+02	-40.0416 105.6257 0.3266	
160.669845 298.841869	6.91e-01  8.96e-01  7.12e+02	6.7230 80.1448 0.6192	
160.669845 298.841869	7.61e-01  8.01e-01  7.22e+02	17.4445 70.0401 0.0339	
160.669845 298.841869	7.59e-01  8.47e-01  7.10e+02	8.4187 81.4901 0.2695	
160.669845 298.841869	7.96e-01  8.51e-01  7.00e+02	-53.0507 71.9348 0.8670	
160.669845 298.841869	7.53e-01  9.59e-01  6.82e+02	-27.9762 97.5370 0.8676	
160.669845 298.841869	7.35e-01  9.33e-01  6.93e+02	-45.4874 83.0430 0.4065	
160.669845 298.841869	7.44e-01  8.81e-01  7.04e+02	-43.5574 74.6319 0.2540	
160.669845 298.841869	6.68e-01  9.16e-01  7.11e+02	12.9527 80.0536 0.6428	
160.669845 298.841869	7.98e-01  8.42e-01  7.02e+02	-27.3717 83.7433 0.8362	
160.669845 298.841869	6.73e-01  9.28e-01  7.07e+02	19.3448 82.3492 0.7202	
160.669845 298.841869	7.52e-01  8.79e-01  7.03e+02	22.7531 84.3487 0.3546	
160.669845 298.841869	8.56e-01  9.04e-01  6.73e+02	-33.2775 101.2300 0.8132	
160.669845 298.841869	7.96e-01  8.78e-01  6.94e+02	-22.6218 91.3079 0.8390	
160.669845 298.841869	8.88e-01  9.60e-01  6.53e+02	-36.4487 111.6441 0.0422	
160.669845 298.841869	6.78e-01  8.50e-01  7.28e+02	-33.2952 57.4357 0.3476	
160.669845 298.841869	7.95e-01  8.67e-01  6.97e+02	5.1284 91.9617 0.0384	
160.669845 298.841869	7.64e-01  8.45e-01  7.10e+02	-33.1510 75.4895 0.8424	
160.669845 298.841869	8.08e-01  8.83e-01  6.89e+02	-61.7103 74.5816 0.3044	
160.669845 298.841869	7.61e-01  9.51e-01  6.82e+02	42.3729 91.9193 0.7114	
160.669845 298.841869	7.82e-01  9.19e-01  6.86e+02	-19.8342 96.7464 0.3368	
160.669845 298.841869	7.87e-01  9.51e-01  6.77e+02	-2.8592 104.4537 0.7987	
160.669845 298.841869	8.65e-01  9.58e-01  6.59e+02	-52.6017 101.8380 0.6180	
160.669845 298.841869	7.50e-01  9.62e-01  6.82e+02	43.9911 91.4819 0.2436	
160.669845 298.841869	7.98e-01  8.58e-01  6.98e+02	47.4241 77.4212 0.5032	
160.669845 298.841869	7.49e-01  8.21e-01  7.19e+02	-37.9722 64.0118 0.8991	
160.669845 298.841869	8.34e-01  8.76e-01  6.86e+02	67.0246 73.2911 0.1526	
160.669845 298.841869	7.26e-01  9.21e-01  6.98e+02	26.9941 87.1731 0.7561	
160.669845 298.841869	7.98e-01  8.26e-01  7.06e+02	0.9734 85.0575 0.2066	
160.669845 298.841869	6.31e-01  9.34e-01  7.14e+02	42.0815 67.2267 0.6371	
160.669845 298.841869	8.39e-01  9.74e-01  6.60e+02	8.9955 113.3479 0.4233	
160.669845 298.841869	8.01e-01  8.63e-01  6.96e+02	3.0009 92.2344 0.2561	
160.669845 298.841869	8.33e-01  8.74e-01  6.86e+02	31.5539 93.7343 0.9684	
160.669845 298.841869	7.33e-01  9.77e-01  6.81e+02	-7.2389 101.6642 0.7773	
160.669845 298.841869	7.59e-01  8.57e-01  7.07e+02	23.0788 80.9340 0.0609	
160.669845 298.841869	6.45e-01  8.62e-01  7.32e+02	1.7350 62.0628 0.4673	
160.669845 298.841869	7.44e-01  8.66e-01  7.09e+02	-34.0707 76.0976 0.7912	
160.669845 298.841869	7.89e-01  9.41e-01  6.79e+02	49.3522 90.6718 0.5522	
160.669845 298.841869	8.38e-01  8.82e-01  6.83e+02	18.4100 99.1299 0.0906	
160.669845 298.841869	8.01e-01  8.81e-01  6.92e+02	6.5075 95.0682 0.4201	
160.669845 298.841869	8.67e-01  9.24e-01  6.66e+02	24.0229 107.9920 0.0891	
160.669845 298.841869	7.71e-01  8.88e-01  6.97e+02	-10.9204 91.2413 0.8137	
160.669845 298.841869	7.55e-01  8.90e-01  7.00e+02	-34.3143 83.1225 0.0769	
160.669845 298.841869	7.65e-01  8.60e-01  7.05e+02	-39.3802 76.2578 0.1801	
160.669845 298.841869	6.66e-01  8.29e-01  7.37e+02	4.7112 56.8121 0.3981	
160.669845 298.841869	7.83e-01  9.21e-01  6.85e+02	25.3678 96.0833 0.0154	
160.669845 298.841869	7.53e-01  9.47e-01  6.85e+02	-2.0378 99.5810 0.7818	
160.669845 298.841869	8.18e-01  9.50e-01  6.71e+02	-31.2978 103.3940 0.8358	
160.669845 298.841869	7.36e-01  8.92e-01  7.03e+02	-1.3292 87.2649 0.0854	
160.669845 298.841869	7.50e-01  9.38e-01  6.88e+02	-13.7977 96.6092 0.5852	
160.669845 298.841869	8.99e-01  9.28e-01  6.58e+02	-29.5698 111.0504 0.1703	
160.669845 298.841869	8.23e-01  8.78e-01  6.87e+02	-20.6560 95.9289 0.3412	
160.669845 298.841869	8.35e-01  9.53e-01  6.66e+02	-13.4197 109.6655 0.1190	
160.669845 298.841869	7.94e-01  8.49e-01  7.01e+02	20.4026 86.3465 0.6014	
160.669845 298.841869	5.43e-01  9.21e-01  7.35e+02	11.4625 58.2685 0.8146	
160.669845 298.841869	7.53e-01  8.93e-01  7.00e+02	3.6982 89.8528 0.1830	
160.669845 298.841869	6.34e-01  9.73e-01  7.02e+02	19.8497 86.0555 0.1446	
160.669845 298.841869	8.58e-01  9.47e-01  6.63e+02	2.2933 112.4173 0.4221	
160.669845 298.841869	7.38e-01  9.11e-01  6.98e+02	9.0394 90.6422 0.8378	
160.669845 298.841869	6.96e-01  9.02e-01  7.10e+02	14.3249 81.3194 0.4389	
160.669845 298.841869	7.40e-01  9.68e-01  6.82e+02	-14.2657 100.3620 0.6901	
160.669845 298.841869	6.89e-01  9.51e-01  6.97e+02	3.0329 91.4749 0.9991	
160.669845 298.841869	8.01e-01  9.49e-01  6.75e+02	63.8257 84.5153 0.2648	
160.669845 298.841869	6.60e-01  8.62e-01  7.29e+02	-2.3728 65.6839 0.8142	
160.669845 298.841869	6.83e-01  8.79e-01  7.19e+02	25.3451 70.5082 0.6901	
160.669845 298.841869	6.46e-01  9.72e-01  7.00e+02	-6.8270 89.5927 0.4950	
160.669845 298.841869	7.20e-01  8.71e-01  7.13e+02	-6.9146 79.7132 0.2176	
160.669845 298.841869	7.21e-01  9.13e-01  7.01e+02	25.4848 85.1339 0.7106	
160.669845 298.841869	7.75e-01  8.05e-01  7.17e+02	-34.7784 67.7700 0.9347	
160.669845 298.841869	7.50e-01  8.25e-01  7.18e+02	0.7832 75.4029 0.9912	
160.669845 298.841869	8.17e-01  8.49e-01  6.96e+02	4.5160 92.4728 0.2501	
160.669845 298.841869	7.78e-01  8.38e-01  7.08e+02	12.0067 82.9949 0.2265	
160.669845 298.841869	6.45e-01  9.39e-01  7.10e+02	52.3539 63.6858 0.8892	
160.669845 298.841869	7.47e-01  9.16e-01  6.95e+02	-0.3541 93.3168 0.6152	
160.669845 298.841869	7.79e-01  8.60e-01  7.02e+02	14.5680 86.9915 0.9898	
160.669845 298.841869	8.76e-01  9.65e-01  6.55e+02	-60.1209 100.0448 0.5694	
160.669845 298.841869	8.60e-01  9.33e-01  6.66e+02	-57.0555 95.0958 0.0309	
160.669845 298.841869	7.89e-01  8.51e-01  7.02e+02	-31.2116 82.4308 0.4676	
160.669845 298.841869	7.40e-01  8.84e-01  7.05e+02	19.2801 84.0076 0.6821	
160.669845 298.841869	7.55e-01  9.00e-01  6.97e+02	56.2691 72.2907 0.1368	
160.669845 298.841869	5.66e-01  9.34e-01  7.26e+02	3.5180 67.9664 0.5064	
160.669845 298.841869	8.41e-01  8.68e-01  6.86e+02	-49.0901 86.3078 0.2991	
160.669845 298.841869	7.59e-01  8.26e-01  7.16e+02	-28.2964 72.2056 0.7655	
160.669845 298.841869	7.20e-01  8.34e-01  7.23e+02	38.7046 59.8611 0.7138	
160.669845 298.841869	6.80e-01  9.72e-01  6.93e+02	16.0180 92.9684 0.4903	
160.669845 298.841869	7.92e-01  9.21e-01  6.84e+02	-2.8651 100.4858 0.2749	
160.669845 298.841869	6.79e-01  8.55e-01  7.26e+02	20.7330 64.6993 0.4029	
160.669845 298.841869	8.29e-01  9.11e-01  6.78e+02	-20.1953 102.0008 0.9321	
160.669845 298.841869	7.97e-01  9.07e-01  6.86e+02	11.9965 98.3353 0.8967	
160.669845 298.841869	7.87e-01  8.07e-01  7.14e+02	-41.7726 67.0355 0.8557	
160.669845 298.841869	7.79e-01  9.31e-01  6.84e+02	39.0923 92.3294 0.5823	
160.669845 298.841869	7.20e-01  8.74e-01  7.12e+02	-38.1098 71.1362 0.8725	
160.669845 298.841869	6.84e-01  9.41e-01  7.01e+02	4.0158 88.8143 0.4282	
160.669845 298.841869	7.84e-01  9.45e-01  6.79e+02	-3.5121 103.1714 0.1885	
160.669845 298.841869	8.10e-01  8.52e-01  6.97e+02	-3.9350 91.6131 0.3295	
160.669845 298.841869	6.94e-01  9.21e-01  7.04e+02	57.3388 64.6559 0.9638	
160.669845 298.841869	7.50e-01  8.34e-01  7.16e+02	-11.8337 76.6338 0.2525	
160.669845 298.841869	6.98e-01  9.31e-01  7.01e+02	-15.9780 87.3595 0.5391	
160.669845 298.841869	7.01e-01  8.42e-01  7.25e+02	6.9628 68.8060 0.4038	
160.669845 298.841869	7.65e-01  8.69e-01  7.03e+02	37.6291 79.0057 0.2164	
160.669845 298.841869	6.91e-01  9.03e-01  7.10e+02	51.8112 63.4347 0.4199	
160.669845 298.841869	7.87e-01  9.42e-01  6.79e+02	-5.9607 102.9380 0.6264	
160.669845 298.841869	7.76e-01  8.42e-01  7.07e+02	17.9954 82.2145 0.4804	
160.669845 298.841869	6.70e-01  9.46e-01  7.03e+02	-20.6653 85.3669 0.9850	
160.669845 298.841869	8.70e-01  9.49e-01  6.60e+02	-75.5371 85.5340 0.9499	
160.669845 298.841869	7.71e-01  8.60e-01  7.04e+02	-2.4302 86.6283 0.0907	
160.669845 298.841869	7.17e-01  8.54e-01  7.18e+02	-0.1026 75.5358 0.5789	
160.669845 298.841869	7.50e-01  9.59e-01  6.83e+02	6.4199 100.8840 0.4484	
160.669845 298.841869	7.49e-01  9.30e-01  6.91e+02	-50.1944 81.9634 0.6567	
160.669845 298.841869	7.20e-01  9.76e-01  6.84e+02	-40.4698 91.5730 0.2058	
160.669845 298.841869	8.83e-01  9.16e-01  6.65e+02	59.1939 94.4516 0.8900	
160.669845 298.841869	6.85e-01  8.71e-01  7.21e+02	-18.5114 70.9161 0.3293	
160.669845 298.841869	7.48e-01  9.03e-01  6.98e+02	-45.0692 79.2763 0.3657	
160.669845 298.841869	7.76e-01  9.89e-01  6.70e+02	30.6436 104.3527 0.0578	
160.669845 298.841869	8.57e-01  9.53e-01  6.62e+02	-35.0625 107.4936 0.8388	
160.669845 298.841869	7.74e-01  8.75e-01  6.99e+02	3.4697 89.9794 0.2437	
160.669845 298.841869	7.42e-01  8.74e-01  7.07e+02	-1.5320 84.5622 0.6171	
160.669845 298.841869	7.22e-01  9.09e-01  7.02e+02	30.0885 82.9210 0.0120	
160.669845 298.841869	5.41e-01  9.25e-01  7.34e+02	6.9771 59.8912 0.5603	
160.669845 298.841869	7.99e-01  8.40e-01  7.03e+02	-18.6775 85.8401 0.6482	
160.669845 298.841869	8.09e-01  9.58e-01  6.71e+02	-12.1361 107.4820 0.0932	
160.669845 298.841869	7.76e-01  8.88e-01  6.96e+02	-36.8791 84.9724 0.8707	
160.669845 298.841869	7.24e-01  9.37e-01  6.94e+02	31.4157 88.4670 0.5977	
160.669845 298.841869	7.21e-01  8.54e-01  7.17e+02	15.3491 74.7020 0.3252	
160.669845 298.841869	6.34e-01  9.75e-01  7.01e+02	14.8356 87.4629 0.8402	
160.669845 298.841869	8.18e-01  8.72e-01  6.90e+02	-41.2247 87.1259 0.3232	
160.669845 298.841869	7.71e-01  9.73e-01  6.75e+02	-23.1053 103.1563 0.7227	
160.669845 298.841869	8.00e-01  9.30e-01  6.80e+02	11.9630 102.2353 0.5013	
160.669845 298.841869	6.35e-01  9.15e-01  7.18e+02	-24.9558 71.0329 0.1903	
160.669845 298.841869	6.76e-01  9.67e-01  6.95e+02	-27.1511 88.7948 0.2763	
160.669845 298.841869	7.16e-01  8.98e-01  7.06e+02	-37.4846 76.4106 0.3684	
160.669845 298.841869	5.15e-01  9.52e-01  7.30e+02	4.6492 64.2228 0.6512	
160.669845 298.841869	7.40e-01  9.15e-01  6.97e+02	-34.1219 85.5623 0.1298	
160.669845 298.841869	6.72e-01  9.18e-01  7.10e+02	33.2978 75.0389 0.5116	
160.669845 298.841869	6.20e-01  8.77e-01  7.33e+02	-2.1965 61.3305 0.3290	
160.669845 298.841869	8.31e-01  9.14e-01  6.77e+02	25.3602 101.4672 0.3802	
160.669845 298.841869	8.62e-01  8.88e-01  6.76e+02	6.0163 104.9792 0.4972	
160.669845 298.841869	7.83e-01  9.23e-01  6.85e+02	42.9306 89.8630 0.0096	
160.669845 298.841869	8.38e-01  8.92e-01  6.81e+02	5.4403 102.1942 0.4896	
160.669845 298.841869	8.23e-01  8.97e-01  6.83e+02	-31.6370 95.8797 0.5639	
160.669845 298.841869	8.30e-01  8.94e-01  6.82e+02	23.6222 98.8217 0.2515	
160.669845 298.841869	7.82e-01  9.03e-01  6.90e+02	-2.3205 96.2432 0.1115	
160.669845 298.841869	7.77e-01  9.27e-01  6.86e+02	43.8213 89.1077 0.7794	
160.669845 298.841869	7.42e-01  8.88e-01  7.03e+02	-11.6797 86.5274 0.6143	
160.669845 298.841869	7.84e-01  8.49e-01  7.04e+02	-0.1051 87.0386 0.7052	
160.669845 298.841869	8.37e-01  8.68e-01  6.87e+02	-20.7946 96.4211 0.7098	
160.669845 298.841869	7.07e-01  9.27e-01  7.00e+02	18.4142 87.5015 0.5718	
160.669845 298.841869	7.42e-01  8.77e-01  7.06e+02	-3.7922 85.1109 0.7103	
160.669845 298.841869	7.36e-01  9.08e-01  6.99e+02	-31.5230 84.6842 0.5632	
160.669845 298.841869	9.23e-01  9.60e-01  6.46e+02	-14.5715 120.2851 0.1749	
160.669845 298.841869	7.75e-01  9.07e-01  6.91e+02	4.9045 95.7308 0.7191	
160.669845 298.841869	8.73e-01  9.56e-01  6.58e+02	-33.8219 110.0855 0.7028	
160.669845 298.841869	7.89e-01  8.77e-01  6.95e+02	8.1062 92.5146 0.3914	
160.669845 298.841869	7.11e-01  8.70e-01  7.15e+02	54.0760 56.4255 0.1083	
160.669845 298.841869	7.21e-01  8.63e-01  7.15e+02	-20.1342 75.6709 0.6742	
160.669845 298.841869	8.61e-01  9.53e-01  6.61e+02	-40.6405 106.0754 0.8104	
160.669845 298.841869	8.03e-01  8.93e-01  6.88e+02	-18.7701 95.7179 0.5792	
160.669845 298.841869	8.98e-01  9.14e-01  6.62e+02	-4.6217 112.9815 0.2308	
160.669845 298.841869	6.87e-01  8.41e-01  7.29e+02	15.3688 63.8949 0.3835	
160.669845 298.841869	7.33e-01  9.19e-01  6.97e+02	-35.2726 84.8183 0.9796	
160.669845 298.841869	7.84e-01  9.20e-01  6.85e+02	-16.0158 98.0877 0.3539	
160.669845 298.841869	7.33e-01  8.22e-01  7.23e+02	-11.2518 70.3444 0.3185	
160.669845 298.841869	7.77e-01  9.21e-01  6.87e+02	12.1741 97.5904 0.9284	
160.669845 298.841869	7.58e-01  8.62e-01  7.07e+02	10.2452 84.1748 0.9261	
160.669845 298.841869	7.55e-01  9.35e-01  6.88e+02	40.2956 89.0933 0.1482	
160.669845 298.841869	7.87e-01  9.06e-01  6.89e+02	-19.0886 95.4694 0.9931	
160.669845 298.841869	6.40e-01  9.24e-01  7.15e+02	22.4711 75.0021 0.1426	
160.669845 298.841869	8.57e-01  8.86e-01  6.77e+02	31.6371 99.3143 0.5963	
160.669845 298.841869	7.59e-01  8.25e-01  7.16e+02	13.7531 75.9960 0.7606	
160.669845 298.841869	8.10e-01  8.83e-01  6.89e+02	-19.6097 94.9016 0.5938	
160.669845 298.841869	7.35e-01  9.23e-01  6.95e+02	-18.2671 91.0128 0.0006	
160.669845 298.841869	7.32e-01  9.62e-01  6.86e+02	-51.6336 84.7692 0.0858	
160.669845 298.841869	8.58e-01  9.27e-01  6.68e+02	-8.6382 109.5454 0.9885	
160.669845 298.841869	6.73e-01  8.39e-01  7.32e+02	-22.1648 57.7635 0.2943	
160.669845 298.841869	6.62e-01  8.90e-01  7.20e+02	-23.0063 69.8381 0.9105	
160.669845 298.841869	7.79e-01  9.10e-01  6.89e+02	-4.8838 96.7793 0.4330	
160.669845 298.841869	8.09e-01  8.80e-01  6.90e+02	22.8099 93.5552 0.6621	
160.669845 298.841869	6.86e-01  9.74e-01  6.92e+02	-26.8090 91.5279 0.7397	
160.669845 298.841869	8.84e-01  9.11e-01  6.65e+02	-7.2980 110.7748 0.7200	
160.669845 298.841869	7.98e-01  9.68e-01  6.70e+02	13.5267 107.5141 0.4289	
160.669845 298.841869	7.87e-01  9.15e-01  6.86e+02	-25.9010 95.3931 0.7176	
160.669845 298.841869	8.08e-01  8.79e-01  6.91e+02	-15.9121 94.6454 0.2955	
160.669845 298.841869	7.07e-01  9.13e-01  7.04e+02	-8.9989 86.2344 0.6357	
160.669845 298.841869	6.05e-01  8.96e-01  7.30e+02	-17.1723 61.7153 0.7299	
160.669845 298.841869	8.35e-01  9.51e-01  6.67e+02	-16.8181 108.9800 0.5583	
160.669845 298.841869	7.75e-01  8.91e-01  6.95e+02	-29.9613 88.1187 0.8348	
160.669845 298.841869	7.69e-01  8.73e-01  7.01e+02	20.4171 86.5598 0.4968	
160.669845 298.841869	7.83e-01  8.85e-01  6.95e+02	4.0306 93.1901 0.5182	
160.669845 298.841869	6.59e-01  9.44e-01  7.05e+02	-40.8393 75.4980 0.7826	
160.669845 298.841869	8.72e-01  9.17e-01  6.67e+02	44.8677 100.7177 0.2741	
160.669845 298.841869	8.45e-01  9.27e-01  6.70e+02	3.9482 108.2656 0.5973	
160.669845 298.841869	7.38e-01  8.28e-01  7.20e+02	25.0436 69.3535 0.0840	
160.669845 298.841869	7.60e-01  8.40e-01  7.12e+02	-15.6844 79.1249 0.0346	
160.669845 298.841869	6.47e-01  9.25e-01  7.13e+02	59.7831 52.6749 0.8326	
160.669845 298.841869	7.42e-01  8.91e-01  7.03e+02	4.0017 87.7204 0.2715	
160.669845 298.841869	7.38e-01  8.63e-01  7.11e+02	-13.5838 80.4869 0.7906	
160.669845 298.841869	7.65e-01  9.10e-01  6.92e+02	24.9675 91.5137 0.2566	
160.669845 298.841869	7.72e-01  8.76e-01  7.00e+02	11.9641 89.1373 0.7239	
160.669845 298.841869	6.79e-01  9.68e-01  6.95e+02	17.7840 91.6324 0.8330	
160.669845 298.841869	7.78e-01  8.67e-01  7.01e+02	20.6418 86.8242 0.6748	
160.669845 298.841869	8.31e-01  9.77e-01  6.61e+02	-12.3076 112.5941 0.6720	
160.669845 298.841869	7.93e-01  9.42e-01  6.78e+02	1.2939 103.7567 0.4723	
160.669845 298.841869	6.87e-01  9.70e-01  6.93e+02	63.2462 70.5872 0.0533	
160.669845 298.841869	8.33e-01  9.43e-01  6.69e+02	20.3771 107.0718 0.7282	
160.669845 298.841869	6.66e-01  8.51e-01  7.31e+02	-8.9430 63.1456 0.9869	
160.669845 298.841869	8.59e-01  9.39e-01  6.65e+02	39.5147 104.2949 0.4612	
160.669845 298.841869	7.77e-01  9.35e-01  6.83e+02	-53.2113 85.4985 0.5790	
160.669845 298.841869	7.09e-01  8.98e-01  7.08e+02	34.1799 76.5113 0.1405	
160.669845 298.841869	6.93e-01  9.19e-01  7.05e+02	34.0948 78.7745 0.2255	
160.669845 298.841869	8.34e-01  9.06e-01  6.78e+02	-17.9957 102.2161 0.9742	
160.669845 298.841869	7.02e-01  8.83e-01  7.14e+02	-28.2491 74.1062 0.4911	
160.669845 298.841869	7.27e-01  8.11e-01  7.27e+02	8.2070 66.6064 0.7749	
160.669845 298.841869	8.23e-01  9.65e-01  6.66e+02	28.0631 107.1583 0.9513	
160.669845 298.841869	7.39e-01  8.46e-01  7.15e+02	-31.0094 71.5103 0.7744	
160.669845 298.841869	8.14e-01  9.11e-01  6.81e+02	5.9720 101.7248 0.5160	
160.669845 298.841869	7.46e-01  9.78e-01  6.78e+02	22.7313 101.1212 0.6189	
160.669845 298.841869	8.03e-01  8.72e-01  6.94e+02	-49.5986 79.9172 0.7032	
160.669845 298.841869	7.45e-01  9.54e-01  6.85e+02	-68.3343 72.4776 0.3981	
160.669845 298.841869	8.27e-01  8.91e-01  6.83e+02	-42.6344 91.2786 0.5678	
160.669845 298.841869	7.87e-01  8.78e-01  6.96e+02	29.0380 88.0184 0.2536	
160.669845 298.841869	7.93e-01  8.19e-01  7.09e+02	25.5927 78.7344 0.5637	
160.669845 298.841869	7.16e-01  9.14e-01  7.02e+02	12.6926 87.4640 0.7844	
160.669845 298.841869	7.51e-01  9.73e-01  6.79e+02	-15.2837 102.3387 0.5283	
160.669845 298.841869	7.45e-01  9.76e-01  6.79e+02	-12.6392 102.5203 0.2841	
160.669845 298.841869	6.90e-01  9.69e-01  6.92e+02	-2.0001 94.9914 0.4442	
160.669845 298.841869	6.92e-01  9.45e-01  6.99e+02	-5.0597 90.5396 0.4856	
160.669845 298.841869	8.95e-01  9.74e-01  6.49e+02	-40.5688 112.6432 0.4524	
160.669845 298.841869	7.56e-01  9.75e-01  6.77e+02	8.2744 104.1106 0.7919	
160.669845 298.841869	6.60e-01  8.42e-01  7.34e+02	13.4276 58.1299 0.9437	
160.669845 298.841869	9.46e-01  9.55e-01  6.42e+02	-28.7933 119.5596 0.7754	
160.669845 298.841869	7.14e-01  9.25e-01  7.00e+02	18.2262 88.1544 0.5604	
160.669845 298.841869	7.89e-01  8.76e-01  6.96e+02	30.9534 87.2773 0.1264	
160.669845 298.841869	8.26e-01  9.42e-01  6.71e+02	-10.2108 107.4637 0.5279	
160.669845 298.841869	7.35e-01  8.45e-01  7.16e+02	-44.7755 62.6475 0.1576	
160.669845 298.841869	8.46e-01  9.55e-01  6.64e+02	-46.3759 102.0189 0.2868	
160.669845 298.841869	8.00e-01  9.27e-01  6.80e+02	-21.8022 100.1466 0.3638	
160.669845 298.841869	6.66e-01  9.55e-01  7.01e+02	31.7200 83.3622 0.0575	
160.669845 298.841869	6.28e-01  9.41e-01  7.12e+02	-42.9829 67.9587 0.6683	
160.669845 298.841869	8.46e-01  8.84e-01  6.81e+02	-16.3702 101.0067 0.0100	
160.669845 298.841869	7.63e-01  8.58e-01  7.06e+02	-15.6608 83.5458 0.8162	
160.669845 298.841869	8.18e-01  8.80e-01  6.88e+02	2.1929 97.7655 0.1036	
160.669845 298.841869	7.77e-01  9.03e-01  6.92e+02	-19.8039 93.2954 0.4456	
160.669845 298.841869	9.06e-01  9.92e-01  6.42e+02	-19.1907 121.3038 0.8148	
160.669845 298.841869	6.74e-01  9.32e-01  7.06e+02	-1.8220 85.4087 0.8615	
160.669845 298.841869	7.61e-01  8.66e-01  7.05e+02	41.9416 75.4047 0.4901	
160.669845 298.841869	7.20e-01  9.83e-01  6.82e+02	3.8733 101.3030 0.6693	
160.669845 298.841869	7.77e-01  9.33e-01  6.84e+02	6.9858 100.1242 0.9974	
160.669845 298.841869	7.19e-01  9.37e-01  6.95e+02	-2.4723 93.2018 0.9957	
160.669845 298.841869	7.75e-01  9.51e-01  6.79e+02	25.7842 99.7540 0.6694	
160.669845 298.841869	7.21e-01  9.54e-01  6.90e+02	-56.2110 78.3767 0.2382	
160.669845 298.841869	7.58e-01  8.79e-01  7.02e+02	-9.3377 87.7338 0.4377	
160.669845 298.841869	7.20e-01  8.66e-01  7.14e+02	-12.1708 78.0116 0.0237	
160.669845 298.841869	6.88e-01  9.11e-01  7.09e+02	-3.6796 83.2506 0.1870	
160.669845 298.841869	7.82e-01  8.70e-01  6.99e+02	11.7815 89.5395 0.1836	
160.669845 298.841869	7.08e-01  9.02e-01  7.07e+02	-12.4546 83.5330 0.5813	
160.669845 298.841869	7.91e-01  8.29e-01  7.07e+02	19.3777 82.1917 0.4099	
160.669845 298.841869	7.98e-01  9.43e-01  6.77e+02	21.2474 102.3841 0.8543	
160.669845 298.841869	8.18e-01  9.14e-01  6.80e+02	-19.8792 100.9153 0.9416	
160.669845 298.841869	7.94e-01  9.22e-01  6.83e+02	20.2845 98.8085 0.2950	
160.669845 298.841869	7.54e-01  9.30e-01  6.90e+02	49.6015 83.0479 0.0219	
160.669845 298.841869	6.68e-01  8.81e-01  7.22e+02	0.1529 72.3836 0.1562	
160.669845 298.841869	7.85e-01  9.24e-01  6.84e+02	-11.4818 99.3338 0.1308	
160.669845 298.841869	7.94e-01  9.19e-01  6.84e+02	31.4922 95.4148 0.4729	
160.669845 298.841869	7.82e-01  8.70e-01  6.99e+02	28.9271 85.7156 0.4455	
160.669845 298.841869	7.62e-01  9.17e-01  6.91e+02	-42.1515 85.9158 0.1630	
160.669845 298.841869	6.96e-01  9.04e-01  7.09e+02	-35.1727 75.1663 0.2459	
160.669845 298.841869	7.66e-01  8.98e-01  6.95e+02	7.1508 92.7978 0.0280	
160.669845 298.841869	6.74e-01  8.71e-01  7.23e+02	-15.8759 69.2838 0.5622	
160.669845 298.841869	7.28e-01  9.38e-01  6.93e+02	-2.0723 94.4249 0.4663	
160.669845 298.841869	8.62e-01  9.64e-01  6.58e+02	-71.7567 89.9366 0.7726	
160.669845 298.841869	8.34e-01  9.35e-01  6.71e+02	13.3383 107.0826 0.0861	
160.669845 298.841869	7.42e-01  8.44e-01  7.15e+02	-0.7072 78.2448 0.1517	
160.669845 298.841869	7.70e-01  8.78e-01  7.00e+02	38.0635 81.4747 0.7691	
160.669845 298.841869	6.97e-01  8.51e-01  7.23e+02	-1.9653 70.7061 0.6724	
160.669845 298.841869	7.23e-01  9.03e-01  7.03e+02	22.7013 84.2205 0.8758	
160.669845 298.841869	7.41e-01  8.65e-01  7.10e+02	-60.8971 55.6732 0.7080	
160.669845 298.841869	7.15e-01  9.15e-01  7.02e+02	-21.6984 85.6428 0.6108	
160.669845 298.841869	7.18e-01  9.50e-01  6.92e+02	-9.1661 94.7713 0.6301	
160.669845 298.841869	8.60e-01  9.13e-01  6.70e+02	39.4001 100.9364 0.3383	
160.669845 298.841869	6.93e-01  9.37e-01  7.00e+02	-27.1927 85.2791 0.1111	
160.669845 298.841869	8.72e-01  9.53e-01  6.59e+02	19.6967 112.9780 0.4221	
160.669845 298.841869	7.55e-01  9.40e-01  6.87e+02	26.6063 94.9391 0.1827	
160.669845 298.841869	8.99e-01  9.66e-01  6.50e+02	-1.7870 119.2429 0.5562	
160.669845 298.841869	8.01e-01  8.52e-01  6.99e+02	-48.8994 76.0016 0.5255	
160.669845 298.841869	7.34e-01  9.05e-01  7.01e+02	-10.3380 88.6954 0.2858	
160.669845 298.841869	7.25e-01  7.73e-01  7.38e+02	11.1052 54.0749 0.2205	
160.669845 298.841869	7.87e-01  9.66e-01  6.73e+02	-4.1862 106.6806 0.7760	
160.669845 298.841869	7.62e-01  9.15e-01  6.92e+02	-55.3322 77.6963 0.6962	
160.669845 298.841869	6.05e-01  8.95e-01  7.31e+02	-3.9702 63.4179 0.8035	
160.669845 298.841869	7.39e-01  9.12e-01  6.98e+02	-14.0971 90.3093 0.1699	
160.669845 298.841869	6.57e-01  9.33e-01  7.09e+02	-2.5583 83.0519 0.1918	
160.669845 298.841869	7.25e-01  8.98e-01  7.04e+02	-21.9352 83.8692 0.2658	
160.669845 298.841869	7.31e-01  8.97e-01  7.03e+02	23.4140 84.0278 0.4270	
160.669845 298.841869	7.97e-01  8.98e-01  6.88e+02	-6.2968 97.2948 0.0278	
160.669845 298.841869	7.88e-01  8.98e-01  6.90e+02	13.3774 95.2847 0.9767	
160.669845 298.841869	7.52e-01  9.88e-01  6.75e+02	-56.7821 89.2371 0.4855	
160.669845 298.841869	7.57e-01  9.43e-01  6.85e+02	-22.6718 96.7512 0.4684	
160.669845 298.841869	7.42e-01  8.64e-01  7.10e+02	-16.0083 80.8468 0.1465	
160.669845 298.841869	7.29e-01  8.75e-01  7.10e+02	-13.7575 81.2406 0.5568	
160.669845 298.841869	7.56e-01  9.16e-01  6.93e+02	-10.5215 93.9391 0.3159	
160.669845 298.841869	7.47e-01  8.82e-01  7.04e+02	6.7740 86.6436 0.9519	
160.669845 298.841869	8.23e-01  8.76e-01  6.88e+02	-21.7554 95.3011 0.9957	
160.669845 298.841869	7.37e-01  9.11e-01  6.98e+02	-31.3275 85.3142 0.2176	
160.669845 298.841869	8.12e-01  9.80e-01  6.65e+02	-54.7785 97.1077 0.8547	
160.669845 298.841869	6.91e-01  9.24e-01  7.04e+02	33.4254 79.7798 0.6593	
160.669845 298.841869	8.48e-01  9.14e-01  6.73e+02	-33.3754 101.4668 0.8357	
160.669845 298.841869	7.46e-01  8.85e-01  7.03e+02	13.0110 86.4485 0.0139	
160.669845 298.841869	7.82e-01  8.88e-01  6.94e+02	-23.1971 90.7555 0.8509	
160.669845 298.841869	7.72e-01  9.43e-01  6.82e+02	-8.8898 100.9802 0.4109	
160.669845 298.841869	7.62e-01  8.68e-01  7.04e+02	-17.2243 85.0329 0.5017	
160.669845 298.841869	7.47e-01  8.82e-01  7.04e+02	-18.9228 84.9944 0.0660	
160.669845 298.841869	8.21e-01  9.35e-01  6.74e+02	18.6818 104.6986 0.4533	
160.669845 298.841869	7.96e-01  8.71e-01  6.95e+02	16.6613 91.3486 0.0509	
160.669845 298.841869	8.55e-01  8.99e-01  6.75e+02	7.4062 105.4902 0.4104	
160.669845 298.841869	7.23e-01  8.67e-01  7.13e+02	3.6273 79.4705 0.6185	
160.669845 298.841869	7.84e-01  9.15e-01  6.87e+02	-2.3123 98.4347 0.6075	
160.669845 298.841869	7.39e-01  8.33e-01  7.19e+02	-5.2571 74.8931 0.8152	
160.669845 298.841869	8.93e-01  9.72e-01  6.50e+02	-19.1294 117.7539 0.0173	
160.669845 298.841869	6.88e-01  8.77e-01  7.18e+02	30.3417 68.9312 0.6826	
160.669845 298.841869	8.44e-01  9.40e-01  6.68e+02	12.5254 109.1443 0.3332	
160.669845 298.841869	7.76e-01  9.04e-01  6.91e+02	42.0763 85.7132 0.7152	
160.669845 298.841869	7.50e-01  8.71e-01  7.06e+02	15.7630 83.9148 0.4985	
160.669845 298.841869	9.46e-01  9.85e-01  6.36e+02	-59.5216 111.0352 0.1481	
160.669845 298.841869	7.76e-01  9.37e-01  6.83e+02	14.7044 99.8167 0.7277	
160.669845 298.841869	7.92e-01  8.75e-01  6.95e+02	-30.3971 87.8722 0.3909	
160.669845 298.841869	8.06e-01  8.50e-01  6.98e+02	5.1969 90.5989 0.8259	
160.669845 298.841869	7.09e-01  8.92e-01  7.09e+02	1.7818 82.6444 0.8769	
160.669845 298.841869	6.94e-01  9.28e-01  7.03e+02	31.3723 81.7638 0.0344	
160.669845 298.841869	8.67e-01  8.86e-01  6.75e+02	-20.8312 103.3904 0.4548	
160.669845 298.841869	7.93e-01  9.76e-01  6.69e+02	-70.5517 82.8469 0.4787	
160.669845 298.841869	6.43e-01  8.94e-01  7.23e+02	-11.0011 70.3339 0.6344	
160.669845 298.841869	8.05e-01  9.06e-01  6.85e+02	24.3319 96.8961 0.6132	
160.669845 298.841869	7.05e-01  8.88e-01  7.11e+02	-26.9961 76.5628 0.1980	
160.669845 298.841869	7.30e-01  9.64e-01  6.86e+02	15.1426 98.1652 0.2938	
160.669845 298.841869	8.23e-01  8.95e-01  6.83e+02	-39.3717 92.6466 0.4280	
160.669845 298.841869	7.69e-01  9.50e-01  6.81e+02	13.9366 101.0614 0.7639	
160.669845 298.841869	7.42e-01  9.62e-01  6.83e+02	45.4628 89.7475 0.5427	
160.669845 298.841869	6.44e-01  8.95e-01  7.22e+02	-4.8767 71.4823 0.7926	
160.669845 298.841869	6.73e-01  8.95e-01  7.16e+02	13.0807 75.9598 0.6119	
160.669845 298.841869	7.42e-01  9.11e-01  6.97e+02	17.3256 89.9757 0.0011	
160.669845 298.841869	7.89e-01  9.01e-01  6.89e+02	-15.1471 95.6439 0.1081	
160.669845 298.841869	7.04e-01  9.31e-01  7.00e+02	7.3448 89.5403 0.8800	
160.669845 298.841869	6.48e-01  8.86e-01  7.24e+02	-7.3187 69.5640 0.6451	
160.669845 298.841869	7.94e-01  8.31e-01  7.06e+02	-30.9549 79.4453 0.2463	
160.669845 298.841869	7.92e-01  9.28e-01  6.82e+02	-4.3119 101.4190 0.3440	
160.669845 298.841869	7.33e-01  8.74e-01  7.09e+02	10.4158 82.3835 0.3764	
160.669845 298.841869	7.75e-01  8.67e-01  7.01e+02	-27.8612 84.2266 0.5211	
160.669845 298.841869	7.57e-01  8.86e-01  7.00e+02	-10.3325 88.7452 0.3979	
160.669845 298.841869	6.13e-01  9.49e-01  7.13e+02	-19.1389 77.5525 0.1048	
160.669845 298.841869	8.35e-01  9.72e-01  6.62e+02	-79.9050 79.8872 0.2347	
160.669845 298.841869	8.05e-01  8.88e-01  6.89e+02	-47.2459 84.7156 0.9663	
160.669845 298.841869	6.43e-01  8.99e-01  7.22e+02	-0.0074 72.4117 0.6516	
160.669845 298.841869	7.52e-01  9.01e-01  6.98e+02	-34.7608 84.4665 0.2111	
160.669845 298.841869	6.93e-01  8.38e-01  7.28e+02	4.4176 66.1897 0.8549	
160.669845 298.841869	7.32e-01  9.04e-01  7.01e+02	-20.0251 86.5884 0.2916	
160.669845 298.841869	7.58e-01  9.46e-01  6.85e+02	-6.2965 99.7066 0.2517	
160.669845 298.841869	8.24e-01  9.55e-01  6.68e+02	-32.2399 104.6159 0.0171	
160.669845 298.841869	8.17e-01  9.11e-01  6.81e+02	-50.4465 89.0446 0.6016	
160.669845 298.841869	7.78e-01  8.67e-01  7.00e+02	-7.6301 89.0734 0.1936	
160.669845 298.841869	7.27e-01  8.97e-01  7.04e+02	-49.4025 71.2610 0.5954	
160.669845 298.841869	6.84e-01  9.31e-01  7.04e+02	2.9795 86.7708 0.0163	
160.669845 298.841869	8.56e-01  8.91e-01  6.77e+02	5.6505 104.5561 0.9312	
160.669845 298.841869	7.08e-01  9.35e-01  6.98e+02	-5.6905 91.1168 0.1542	
160.669845 298.841869	7.68e-01  9.24e-01  6.88e+02	45.3787 86.4904 0.2941	
160.669845 298.841869	8.40e-01  8.61e-01  6.88e+02	-5.1412 97.8482 0.8381	
160.669845 298.841869	8.59e-01  9.04e-01  6.73e+02	8.0790 106.5689 0.7305	
160.669845 298.841869	8.34e-01  9.18e-01  6.75e+02	-29.4332 101.3890 0.6446	
160.669845 298.841869	7.03e-01  8.67e-01  7.18e+02	31.6550 69.0932 0.6520	
160.669845 298.841869	8.27e-01  8.79e-01  6.86e+02	11.9542 98.0255 0.9084	
160.669845 298.841869	7.09e-01  8.85e-01  7.11e+02	-3.0590 81.0525 0.9008	
160.669845 298.841869	7.42e-01  8.52e-01  7.13e+02	13.3337 78.9324 0.9988	
160.669845 298.841869	6.54e-01  8.58e-01  7.31e+02	-7.3237 62.5945 0.8891	
160.669845 298.841869	7.83e-01  9.76e-01  6.71e+02	42.5847 98.9437 0.1659	
160.669845 298.841869	8.23e-01  9.94e-01  6.59e+02	-1.7710 114.5615 0.9776	
160.669845 298.841869	6.65e-01  8.81e-01  7.22e+02	20.4169 68.9217 0.3978	
160.669845 298.841869	7.20e-01  9.73e-01  6.85e+02	-30.3557 94.7944 0.2959	
160.669845 298.841869	7.62e-01  9.18e-01  6.91e+02	-0.3884 95.7889 0.5266	
160.669845 298.841869	8.09e-01  8.69e-01  6.93e+02	-50.4204 80.0088 0.1509	
160.669845 298.841869	7.26e-01  8.82e-01  7.08e+02	26.2940 79.2424 0.3766	
160.669845 298.841869	7.52e-01  8.84e-01  7.02e+02	-31.7985 82.3958 0.6480	
160.669845 298.841869	8.64e-01  9.13e-01  6.70e+02	-42.9130 99.9441 0.7984	
160.669845 298.841869	7.60e-01  8.79e-01  7.02e+02	59.0920 65.7528 0.3494	
160.669845 298.841869	6.78e-01  8.93e-01  7.16e+02	1.8712 77.2151 0.4706	
160.669845 298.841869	8.23e-01  9.00e-01  6.82e+02	18.6952 99.8216 0.8334	
160.669845 298.841869	7.15e-01  9.54e-01  6.91e+02	-1.8503 95.6734 0.6072	
160.669845 298.841869	7.08e-01  8.67e-01  7.17e+02	-3.1625 76.7641 0.6177	
160.669845 298.841869	8.62e-01  9.02e-01  6.73e+02	38.1225 99.9612 0.2849	
160.669845 298.841869	6.77e-01  8.30e-01  7.34e+02	-24.6369 54.8529 0.7931	
160.669845 298.841869	6.92e-01  8.64e-01  7.21e+02	-2.0296 72.9311 0.5016	
160.669845 298.841869	8.16e-01  9.73e-01  6.66e+02	76.3568 80.5561 0.1440	
160.669845 298.841869	7.16e-01  8.87e-01  7.09e+02	-12.7252 81.8107 0.6775	
160.669845 298.841869	8.39e-01  8.95e-01  6.80e+02	-30.5292 98.3599 0.5223	
160.669845 298.841869	7.62e-01  8.77e-01  7.02e+02	-25.1291 84.8181 0.2085	
160.669845 298.841869	8.08e-01  9.02e-01  6.85e+02	11.0349 99.0292 0.0324	
160.669845 298.841869	9.18e-01  9.67e-01  6.45e+02	43.0592 113.4045 0.0652	
160.669845 298.841869	8.27e-01  8.94e-01  6.83e+02	4.3312 101.0305 0.8564	
160.669845 298.841869	6.86e-01  8.23e-01  7.34e+02	3.9887 60.1479 0.0621	
160.669845 298.841869	7.24e-01  8.54e-01  7.16e+02	-30.1906 70.8170 0.5493	
160.669845 298.841869	7.32e-01  8.91e-01  7.05e+02	4.3311 86.0602 0.2125	
160.669845 298.841869	7.63e-01  8.67e-01  7.04e+02	-8.0680 86.2700 0.1836	
160.669845 298.841869	8.10e-01  9.12e-01  6.82e+02	-6.6863 101.2928 0.3058	
160.669845 298.841869	6.49e-01  9.04e-01  7.19e+02	-11.0574 73.9890 0.6459	
160.669845 298.841869	7.54e-01  8.52e-01  7.10e+02	8.7291 81.5604 0.3203	
160.669845 298.841869	7.43e-01  9.74e-01  6.80e+02	-8.8444 102.2222 0.2186	
160.669845 298.841869	7.26e-01  8.32e-01  7.22e+02	29.9671 65.7525 0.6371	
160.669845 298.841869	8.19e-01  9.07e-01  6.81e+02	9.3796 101.5147 0.2597	
160.669845 298.841869	8.06e-01  9.31e-01  6.78e+02	-41.3122 95.3902 0.8878	
160.669845 298.841869	8.58e-01  9.51e-01  6.62e+02	-2.7608 112.9070 0.5939	
160.669845 298.841869	6.65e-01  8.76e-01  7.24e+02	-3.4856 70.5047 0.6512	
160.669845 298.841869	7.16e-01  9.43e-01  6.94e+02	10.6228 93.1580 0.5018	
160.669845 298.841869	7.46e-01  8.97e-01  7.00e+02	16.0288 88.2294 0.8056	
160.669845 298.841869	7.37e-01  9.22e-01  6.95e+02	27.1502 88.9254 0.0497	
160.669845 298.841869	6.75e-01  9.20e-01  7.09e+02	-17.0235 81.2333 0.3218	
160.669845 298.841869	6.93e-01  9.25e-01  7.04e+02	41.8164 76.3359 0.4174	
160.669845 298.841869	7.42e-01  9.13e-01  6.96e+02	5.4161 92.0096 0.7897	
160.669845 298.841869	7.44e-01  8.83e-01  7.04e+02	7.8270 86.2903 0.3571	
160.669845 298.841869	8.26e-01  8.59e-01  6.91e+02	28.5923 91.1359 0.3649	
160.669845 298.841869	7.62e-01  8.86e-01  6.99e+02	-0.3176 90.1215 0.5873	
160.669845 298.841869	7.19e-01  8.24e-01  7.26e+02	18.6886 65.9200 1.0000	
160.669845 298.841869	8.30e-01  9.35e-01  6.72e+02	52.4427 93.8492 0.5882	
160.669845 298.841869	8.24e-01  8.78e-01  6.87e+02	0.1559 98.2605 0.3326	
160.669845 298.841869	7.20e-01  9.58e-01  6.89e+02	-31.2563 91.8884 0.5312	
160.669845 298.841869	7.38e-01  9.10e-01  6.98e+02	4.9816 90.7352 0.6175	
160.669845 298.841869	7.14e-01  9.10e-01  7.03e+02	22.2133 84.2941 0.3373	
160.669845 298.841869	7.76e-01  8.97e-01  6.93e+02	-47.9956 81.1570 0.6186	
160.669845 298.841869	8.52e-01  9.17e-01  6.71e+02	24.7425 104.9152 0.7177	
160.669845 298.841869	7.35e-01  9.49e-01  6.88e+02	-24.1754 94.3948 0.1645	
160.669845 298.841869	7.81e-01  8.16e-01  7.13e+02	3.8492 79.6358 0.0780	
160.669845 298.841869	7.96e-01  8.69e-01  6.96e+02	-9.3298 92.0396 0.9575	
160.669845 298.841869	7.28e-01  8.50e-01  7.17e+02	36.8811 67.3492 0.5358	
160.669845 298.841869	7.31e-01  8.32e-01  7.21e+02	-40.2291 61.0705 0.2909	
160.669845 298.841869	8.90e-01  9.37e-01  6.58e+02	-40.6034 107.3962 0.2658	
160.669845 298.841869	8.24e-01  9.09e-01  6.80e+02	-53.1180 88.1743 0.3817	
160.669845 298.841869	7.67e-01  8.75e-01  7.01e+02	-10.2735 88.3527 0.9699	
160.669845 298.841869	7.42e-01  8.51e-01  7.13e+02	-16.5027 77.9276 0.7768	
160.669845 298.841869	7.94e-01  9.44e-01  6.77e+02	23.5226 101.5843 0.9768	
160.669845 298.841869	8.12e-01  9.70e-01  6.67e+02	-69.0039 85.8866 0.6127	
160.669845 298.841869	7.90e-01  8.36e-01  7.06e+02	31.5119 79.3321 0.6103	
160.669845 298.841869	9.17e-01  9.69e-01  6.45e+02	0.4785 121.4910 0.9346	
160.669845 298.841869	7.65e-01  9.36e-01  6.86e+02	28.0618 95.2268 0.4492	
160.669845 298.841869	7.46e-01  8.38e-01  7.16e+02	28.8479 72.0017 0.2751	
160.669845 298.841869	7.69e-01  8.64e-01  7.04e+02	-23.7038 83.8123 0.8553	
160.669845 298.841869	8.07e-01  8.79e-01  6.91e+02	29.4315 91.2461 0.5330	
160.669845 298.841869	6.24e-01  9.36e-01  7.15e+02	-5.0341 78.2756 0.5968	
160.669845 298.841869	8.11e-01  9.58e-01  6.70e+02	-34.6865 102.5880 0.5564	
160.669845 298.841869	8.28e-01  9.39e-01  6.71e+02	23.5842 105.1714 0.1498	
160.669845 298.841869	7.96e-01  9.37e-01  6.79e+02	10.3918 103.0823 0.4590	
160.669845 298.841869	6.41e-01  8.70e-01  7.30e+02	18.9938 60.9668 0.9793	
160.669845 298.841869	7.46e-01  9.66e-01  6.82e+02	-8.6427 101.3757 0.8898	
160.669845 298.841869	7.04e-01  8.66e-01  7.18e+02	-22.7210 72.3159 0.8604	
160.669845 298.841869	6.20e-01  8.82e-01  7.32e+02	-16.9945 60.3201 0.1186	
160.669845 298.841869	7.71e-01  9.69e-01  6.76e+02	-43.8976 95.5650 0.1328	
160.669845 298.841869	7.58e-01  9.25e-01  6.90e+02	21.4844 94.1620 0.4733	
160.669845 298.841869	7.44e-01  8.90e-01  7.02e+02	-1.3209 87.9400 0.1099	
160.669845 298.841869	7.09e-01  8.74e-01  7.14e+02	19.7140 76.1648 0.5711	
160.669845 298.841869	6.80e-01  8.66e-01  7.23e+02	-9.4619 70.3589 0.1136	
160.669845 298.841869	7.62e-01  8.86e-01  6.99e+02	15.6843 88.7930 0.9039	
160.669845 298.841869	7.69e-01  8.71e-01  7.02e+02	-6.7542 88.2277 0.8347	
160.669845 298.841869	6.87e-01  8.52e-01  7.26e+02	-30.2538 61.7005 0.7132	
160.669845 298.841869	7.07e-01  8.70e-01  7.16e+02	33.5354 69.6131 0.5819	
160.669845 298.841869	7.18e-01  9.72e-01  6.86e+02	51.1896 84.9361 0.2123	
160.669845 298.841869	8.92e-01  9.00e-01  6.66e+02	25.0555 107.6768 0.8362	
160.669845 298.841869	6.06e-01  9.75e-01  7.07e+02	-16.0072 83.3279 0.1436	
160.669845 298.841869	6.79e-01  8.81e-01  7.19e+02	9.9226 74.0883 0.6803	
160.669845 298.841869	7.98e-01  8.50e-01  7.00e+02	5.9563 89.2042 0.0642	
160.669845 298.841869	8.04e-01  8.70e-01  6.94e+02	13.6122 92.8734 0.8292	
160.669845 298.841869	8.56e-01  9.70e-01  6.58e+02	10.7390 114.6065 0.7043	
160.669845 298.841869	8.72e-01  8.98e-01  6.71e+02	-24.1134 104.9648 0.9974	
160.669845 298.841869	7.40e-01  7.99e-01  7.28e+02	-17.4679 64.5457 0.4577	
160.669845 298.841869	8.86e-01  9.61e-01  6.54e+02	52.8363 104.7012 0.5971	
160.669845 298.841869	7.71e-01  8.09e-01  7.17e+02	17.6031 74.3197 0.2846	
160.669845 298.841869	6.83e-01  9.53e-01  6.98e+02	47.7739 77.5582 0.7753	
160.669845 298.841869	7.57e-01  8.90e-01  6.99e+02	-14.6367 88.9207 0.2134	
160.669845 298.841869	5.98e-01  9.01e-01  7.30e+02	26.9443 58.1418 0.8031	
160.669845 298.841869	7.59e-01  8.54e-01  7.08e+02	-3.0644 83.3778 0.9856	
160.669845 298.841869	7.73e-01  9.45e-01  6.82e+02	10.2961 101.2135 0.0746	
160.669845 298.841869	7.81e-01  8.44e-01  7.06e+02	42.6424 74.0246 0.1938	
160.669845 298.841869	7.75e-01  9.27e-01  6.86e+02	-34.0951 93.0664 0.7691	
160.669845 298.841869	8.06e-01  9.29e-01  6.78e+02	75.5020 70.9803 0.0240	
160.669845 298.841869	7.69e-01  9.28e-01  6.87e+02	14.4969 97.4675 0.3594	
160.669845 298.841869	7.91e-01  9.61e-01  6.74e+02	-69.0343 81.0322 0.4288	
160.669845 298.841869	7.75e-01  8.86e-01  6.96e+02	-13.1069 91.2330 0.8185	
160.669845 298.841869	7.99e-01  8.43e-01  7.02e+02	16.1982 86.9613 0.5093	
160.669845 298.841869	6.85e-01  8.97e-01  7.13e+02	-10.3768 78.9718 0.9532	
160.669845 298.841869	7.72e-01  9.26e-01  6.87e+02	-15.8043 97.2833 0.6031	
160.669845 298.841869	8.70e-01  9.02e-01  6.71e+02	46.4738 97.4877 0.7748	
160.669845 298.841869	8.06e-01  9.03e-01  6.85e+02	48.6260 86.8758 0.3134	
160.669845 298.841869	8.37e-01  8.88e-01  6.82e+02	13.1727 100.8690 0.2348	
160.669845 298.841869	7.71e-01  9.75e-01  6.74e+02	-11.7777 105.4829 0.8965	
160.669845 298.841869	6.89e-01  8.68e-01  7.20e+02	38.8178 62.3496 0.9612	
160.669845 298.841869	7.55e-01  8.48e-01  7.11e+02	22.0754 78.3511 0.6306	
160.669845 298.841869	8.34e-01  9.38e-01  6.70e+02	-14.2313 107.5649 0.0577	
160.669845 298.841869	7.95e-01  9.31e-01  6.81e+02	-37.7647 95.1585 0.8907	
160.669845 298.841869	6.86e-01  9.11e-01  7.09e+02	-2.3965 82.8506 0.9022	
160.669845 298.841869	8.51e-01  9.45e-01  6.65e+02	-21.2392 109.2953 0.3479	
160.669845 298.841869	8.46e-01  9.08e-01  6.75e+02	-14.1075 104.7787 0.0190	
160.669845 298.841869	6.94e-01  8.28e-01  7.31e+02	-37.0395 51.6802 0.3287	
160.669845 298.841869	7.32e-01  9.12e-01  6.99e+02	42.0911 79.9310 0.3334	
160.669845 298.841869	8.01e-01  9.04e-01  6.86e+02	21.9221 96.6755 0.1388	
160.669845 298.841869	7.60e-01  8.64e-01  7.06e+02	-28.0036 80.8651 0.1320	
160.669845 298.841869	7.35e-01  9.69e-01  6.83e+02	-36.9143 93.8759 0.6249	
160.669845 298.841869	6.43e-01  9.10e-01  7.18e+02	0.9677 75.3168 0.8254	
160.669845 298.841869	7.22e-01  8.97e-01  7.05e+02	-4.7911 85.8237 0.8458	
160.669845 298.841869	8.71e-01  9.12e-01  6.68e+02	-15.5231 108.3410 0.3386	
160.669845 298.841869	7.56e-01  9.23e-01  6.91e+02	-40.9053 86.7689 0.6876	
160.669845 298.841869	7.30e-01  8.53e-01  7.15e+02	-3.4479 77.7296 0.6227	
160.669845 298.841869	8.10e-01  9.06e-01  6.83e+02	-37.9678 93.1783 0.6139	
160.669845 298.841869	7.02e-01  9.09e-01  7.06e+02	21.1162 82.4209 0.5115	
160.669845 298.841869	7.57e-01  9.76e-01  6.77e+02	-41.0678 96.3107 0.1744	
160.669845 298.841869	7.10e-01  8.28e-01  7.27e+02	0.7386 67.4809 0.8219	
160.669845 298.841869	8.05e-01  9.01e-01  6.86e+02	3.2975 99.0694 0.3824	
160.669845 298.841869	7.42e-01  8.52e-01  7.13e+02	-2.5079 79.9027 0.2079	
160.669845 298.841869	8.04e-01  9.11e-01  6.83e+02	-28.6940 96.4184 0.9249	
160.669845 298.841869	7.60e-01  9.02e-01  6.95e+02	-13.1922 91.9045 0.6581	
160.669845 298.841869	7.19e-01  8.24e-01  7.26e+02	-38.7153 56.6070 0.4263	
160.669845 298.841869	7.76e-01  8.67e-01  7.01e+02	-20.1981 86.6407 0.8681	
160.669845 298.841869	7.90e-01  9.25e-01  6.83e+02	-35.2952 94.5977 0.0797	
160.669845 298.841869	6.96e-01  9.03e-01  7.09e+02	-16.0115 81.3232 0.2667	
160.669845 298.841869	8.64e-01  8.79e-01  6.78e+02	15.9542 102.9050 0.8878	
160.669845 298.841869	8.35e-01  9.50e-01  6.67e+02	-9.7142 109.6638 0.4784	
160.669845 298.841869	7.15e-01  9.18e-01  7.01e+02	6.4326 88.6647 0.1422	
160.669845 298.841869	7.83e-01  9.07e-01  6.89e+02	38.2595 89.2511 0.6820	
160.669845 298.841869	6.46e-01  9.25e-01  7.14e+02	-5.4779 79.1600 0.5777	
160.669845 298.841869	7.39e-01  8.62e-01  7.11e+02	-26.3654 76.9906 0.1520	
160.669845 298.841869	6.74e-01  9.56e-01  6.99e+02	-33.1199 84.0550 0.6639	
160.669845 298.841869	7.30e-01  8.64e-01  7.12e+02	-3.8048 80.3716 0.4933	
160.669845 298.841869	7.49e-01  8.36e-01  7.16e+02	24.3757 73.7820 0.1111	
160.669845 298.841869	6.72e-01  8.81e-01  7.21e+02	12.6984 72.1363 0.7897	
160.669845 298.841869	6.41e-01  9.46e-01  7.08e+02	-29.1182 78.3776 0.5676	
160.669845 298.841869	7.91e-01  9.31e-01  6.81e+02	-15.4455 100.7485 0.8686	
160.669845 298.841869	7.52e-01  9.53e-01  6.84e+02	-66.2183 75.3650 0.3030	
160.669845 298.841869	6.59e-01  8.88e-01  7.21e+02	16.7280 70.5912 0.7931	
160.669845 298.841869	5.76e-01  8.64e-01  7.46e+02	2.7080 44.7264 0.6346	
160.669845 298.841869	6.51e-01  9.06e-01  7.18e+02	-17.0874 73.7505 0.0203	
160.669845 298.841869	8.67e-01  9.69e-01  6.56e+02	-75.9013 87.9847 0.8689	
160.669845 298.841869	8.47e-01  8.74e-01  6.83e+02	-3.1323 100.9447 0.1004	
160.669845 298.841869	7.63e-01  8.76e-01  7.02e+02	6.0082 88.2375 0.6392	
