98.297221 291.922982	6.12e-01  8.93e-01  6.52e+02	0.0000 57.5179 0.4971	
98.297221 291.922982	8.59e-01  9.42e-01  5.93e+02	3.7620 99.9323 0.5053	
98.297221 291.922982	6.87e-01  8.40e-01  6.51e+02	-28.9153 50.7636 0.6554	
98.297221 291.922982	7.88e-01  9.13e-01  6.13e+02	-0.7174 88.1718 0.5711	
98.297221 291.922982	7.93e-01  9.10e-01  6.13e+02	-1.4620 88.3488 0.9145	
98.297221 291.922982	6.53e-01  9.69e-01  6.25e+02	-10.3556 79.9020 0.2202	
98.297221 291.922982	6.35e-01  8.83e-01  6.50e+02	-43.5867 40.3199 0.3489	
98.297221 291.922982	7.68e-01  9.45e-01  6.10e+02	45.9417 77.9236 0.1286	
98.297221 291.922982	7.68e-01  8.75e-01  6.26e+02	-9.4846 79.0321 0.5151	
98.297221 291.922982	8.39e-01  9.53e-01  5.95e+02	29.9034 94.5730 0.7825	
98.297221 291.922982	7.80e-01  8.93e-01  6.20e+02	10.2503 83.5458 0.5391	
98.297221 291.922982	6.36e-01  8.62e-01  6.56e+02	-3.4578 53.5722 0.6383	
98.297221 291.922982	7.34e-01  8.93e-01  6.29e+02	12.6516 76.5877 0.1035	
98.297221 291.922982	7.00e-01  8.59e-01  6.44e+02	-16.8567 63.4571 0.1444	
98.297221 291.922982	7.98e-01  8.93e-01  6.16e+02	38.3432 77.5700 0.0533	
98.297221 291.922982	5.45e-01  9.52e-01  6.47e+02	36.9213 50.3436 0.3697	
98.297221 291.922982	6.75e-01  9.33e-01  6.30e+02	-33.5070 68.9864 0.7543	
98.297221 291.922982	6.88e-01  9.72e-01  6.18e+02	-10.2273 84.5860 0.9077	
98.297221 291.922982	8.04e-01  9.60e-01  6.00e+02	18.9666 94.5117 0.6243	
98.297221 291.922982	7.47e-01  9.15e-01  6.21e+02	-41.8930 72.0755 0.6528	
98.297221 291.922982	7.57e-01  8.26e-01  6.40e+02	-8.6264 68.5044 0.5798	
98.297221 291.922982	7.91e-01  9.30e-01  6.09e+02	-20.1166 88.5850 0.8401	
98.297221 291.922982	6.79e-01  8.90e-01  6.40e+02	-21.9044 65.0624 0.8399	
98.297221 291.922982	7.16e-01  8.78e-01  6.36e+02	18.2874 69.8480 0.8101	
98.297221 291.922982	7.29e-01  9.45e-01  6.17e+02	-1.0452 85.6891 0.9693	
98.297221 291.922982	7.70e-01  8.76e-01  6.26e+02	-26.6942 75.4031 0.3807	
98.297221 291.922982	7.44e-01  9.15e-01  6.22e+02	21.3655 79.9486 0.4327	
98.297221 291.922982	7.25e-01  9.73e-01  6.11e+02	-12.7768 88.6211 0.8850	
98.297221 291.922982	7.42e-01  7.86e-01  6.53e+02	7.1285 56.5299 0.0793	
98.297221 291.922982	6.33e-01  9.04e-01  6.45e+02	38.6979 51.2553 0.2674	
98.297221 291.922982	6.44e-01  9.57e-01  6.29e+02	-19.9756 74.6120 0.2398	
98.297221 291.922982	7.99e-01  9.08e-01  6.12e+02	23.8520 85.6044 0.3795	
98.297221 291.922982	5.49e-01  9.15e-01  6.57e+02	-22.9370 46.8844 0.3957	
98.297221 291.922982	7.95e-01  8.81e-01  6.19e+02	13.5599 83.2302 0.4191	
98.297221 291.922982	6.49e-01  8.77e-01  6.50e+02	13.1458 58.7857 0.2950	
98.297221 291.922982	7.07e-01  8.83e-01  6.37e+02	6.0378 71.3975 0.3259	
98.297221 291.922982	8.22e-01  8.88e-01  6.12e+02	-7.7702 88.6416 0.8735	
98.297221 291.922982	6.93e-01  8.91e-01  6.37e+02	-16.5929 69.2957 0.1140	
98.297221 291.922982	7.15e-01  8.35e-01  6.47e+02	-20.2287 59.5349 0.9300	
98.297221 291.922982	7.31e-01  8.59e-01  6.38e+02	-4.0312 70.8068 0.0778	
98.297221 291.922982	7.22e-01  8.98e-01  6.30e+02	-23.0272 73.3202 0.1340	
98.297221 291.922982	7.07e-01  9.82e-01  6.12e+02	-4.0532 88.9113 0.1231	
98.297221 291.922982	9.16e-01  9.52e-01  5.80e+02	-5.2028 106.5734 0.6904	
98.297221 291.922982	8.10e-01  8.62e-01  6.20e+02	-39.4268 73.7362 0.0907	
98.297221 291.922982	6.97e-01  9.07e-01  6.33e+02	20.6321 72.0484 0.3124	
98.297221 291.922982	6.84e-01  8.54e-01  6.48e+02	-29.6485 53.7228 0.2804	
98.297221 291.922982	6.52e-01  8.75e-01  6.49e+02	-4.2499 60.3568 0.9876	
98.297221 291.922982	6.88e-01  8.84e-01  6.40e+02	-0.4802 68.9019 0.6981	
98.297221 291.922982	8.11e-01  8.98e-01  6.12e+02	-32.0907 82.9142 0.1779	
98.297221 291.922982	6.20e-01  9.45e-01  6.37e+02	-48.6597 52.3972 0.8069	
98.297221 291.922982	7.79e-01  8.73e-01  6.24e+02	20.5421 78.3011 0.7931	
98.297221 291.922982	7.55e-01  8.49e-01  6.35e+02	-14.4589 71.5333 0.1805	
98.297221 291.922982	7.01e-01  9.56e-01  6.20e+02	12.4127 83.1365 0.9471	
98.297221 291.922982	8.45e-01  9.37e-01  5.97e+02	20.9407 95.5727 0.2091	
98.297221 291.922982	5.73e-01  9.76e-01  6.36e+02	20.3983 68.9087 0.5407	
98.297221 291.922982	6.15e-01  8.23e-01  6.70e+02	11.9123 31.7585 0.6647	
98.297221 291.922982	7.94e-01  8.76e-01  6.21e+02	-2.2379 83.3618 0.7274	
98.297221 291.922982	6.80e-01  9.37e-01  6.28e+02	-10.1822 77.4954 0.0344	
98.297221 291.922982	6.87e-01  9.35e-01  6.27e+02	10.1472 78.0987 0.1951	
98.297221 291.922982	6.73e-01  8.34e-01  6.56e+02	-10.2466 52.9155 0.1267	
98.297221 291.922982	6.98e-01  9.26e-01  6.28e+02	-17.3427 76.6668 0.5648	
98.297221 291.922982	6.32e-01  9.69e-01  6.28e+02	-22.1484 74.8330 0.3788	
98.297221 291.922982	6.88e-01  9.25e-01  6.30e+02	-36.5809 67.8233 0.3905	
98.297221 291.922982	5.98e-01  8.91e-01  6.55e+02	-1.6112 54.4456 0.9563	
98.297221 291.922982	7.07e-01  8.87e-01  6.36e+02	-20.2994 69.7187 0.8728	
98.297221 291.922982	7.73e-01  9.16e-01  6.16e+02	2.0250 86.7176 0.9584	
98.297221 291.922982	6.69e-01  9.67e-01  6.23e+02	-4.5534 82.0631 0.4018	
98.297221 291.922982	7.64e-01  8.55e-01  6.32e+02	31.9678 68.4651 0.6922	
98.297221 291.922982	7.65e-01  9.49e-01  6.10e+02	40.5600 81.0404 0.5295	
98.297221 291.922982	7.05e-01  8.41e-01  6.48e+02	5.0086 62.0122 0.6104	
98.297221 291.922982	6.33e-01  9.26e-01  6.39e+02	28.6860 63.2082 0.3515	
98.297221 291.922982	7.24e-01  9.13e-01  6.26e+02	15.6211 78.2004 0.7307	
98.297221 291.922982	7.34e-01  8.68e-01  6.35e+02	4.6165 73.0252 0.8049	
98.297221 291.922982	5.63e-01  9.34e-01  6.50e+02	-22.4310 55.7879 0.2700	
98.297221 291.922982	7.68e-01  8.23e-01  6.38e+02	-10.7060 69.5195 0.1024	
98.297221 291.922982	7.57e-01  8.83e-01  6.27e+02	26.2009 74.8499 0.7215	
98.297221 291.922982	7.09e-01  8.52e-01  6.44e+02	-43.2877 49.1297 0.2157	
98.297221 291.922982	7.26e-01  8.84e-01  6.33e+02	37.9422 64.6197 0.0206	
98.297221 291.922982	6.37e-01  9.40e-01  6.35e+02	-22.5829 69.3719 0.3015	
98.297221 291.922982	6.82e-01  9.53e-01  6.24e+02	22.6939 78.0058 0.0182	
98.297221 291.922982	7.20e-01  9.75e-01  6.12e+02	35.8827 81.6949 0.7819	
98.297221 291.922982	6.37e-01  9.14e-01  6.42e+02	-1.4740 67.2720 0.3119	
98.297221 291.922982	5.98e-01  9.12e-01  6.50e+02	-18.9234 57.2586 0.3425	
98.297221 291.922982	7.05e-01  9.53e-01  6.20e+02	-9.5944 83.5458 0.5374	
98.297221 291.922982	7.55e-01  9.40e-01  6.14e+02	-9.9740 87.5217 0.2523	
98.297221 291.922982	7.43e-01  7.74e-01  6.55e+02	1.6617 54.2487 0.1479	
98.297221 291.922982	7.34e-01  8.81e-01  6.32e+02	-44.9026 60.8629 0.4629	
98.297221 291.922982	7.39e-01  9.33e-01  6.18e+02	16.3363 83.4849 0.5650	
98.297221 291.922982	8.66e-01  9.49e-01  5.90e+02	13.9107 100.5776 0.6031	
98.297221 291.922982	7.66e-01  8.07e-01  6.42e+02	-36.2190 56.1983 0.2681	
98.297221 291.922982	8.04e-01  9.68e-01  5.98e+02	7.0068 97.2003 0.4021	
98.297221 291.922982	6.13e-01  9.21e-01  6.44e+02	0.5678 65.1259 0.2187	
98.297221 291.922982	6.48e-01  9.25e-01  6.37e+02	-9.8755 70.6378 0.9163	
98.297221 291.922982	7.62e-01  9.71e-01  6.05e+02	4.3946 93.1386 0.5045	
98.297221 291.922982	6.83e-01  9.34e-01  6.28e+02	9.4885 77.4259 0.8780	
98.297221 291.922982	6.96e-01  9.61e-01  6.19e+02	1.7605 84.3718 0.8864	
98.297221 291.922982	7.02e-01  9.69e-01  6.16e+02	33.2245 79.6504 0.5854	
98.297221 291.922982	6.73e-01  9.89e-01  6.17e+02	3.3428 86.1623 0.0763	
98.297221 291.922982	7.25e-01  9.80e-01  6.10e+02	-1.9124 90.5966 0.9928	
98.297221 291.922982	6.51e-01  9.95e-01  6.19e+02	15.1590 83.4841 0.3057	
98.297221 291.922982	8.22e-01  9.12e-01  6.07e+02	7.4239 91.8816 0.0394	
98.297221 291.922982	7.50e-01  8.21e-01  6.43e+02	37.0656 55.3297 0.7838	
98.297221 291.922982	6.32e-01  9.14e-01  6.43e+02	-26.3837 60.8832 0.4992	
98.297221 291.922982	4.94e-01  8.94e-01  6.72e+02	0.0884 29.7245 0.0551	
98.297221 291.922982	7.22e-01  9.07e-01  6.28e+02	23.6048 74.9069 0.2623	
98.297221 291.922982	8.06e-01  8.81e-01  6.17e+02	34.3933 78.7593 0.7840	
98.297221 291.922982	6.92e-01  8.80e-01  6.40e+02	-10.2361 67.9959 0.1589	
98.297221 291.922982	7.15e-01  9.39e-01  6.21e+02	9.1247 82.5088 0.1931	
98.297221 291.922982	6.60e-01  9.42e-01  6.31e+02	-13.7099 75.0107 0.5405	
98.297221 291.922982	7.07e-01  8.51e-01  6.45e+02	6.3146 64.6062 0.7498	
98.297221 291.922982	8.26e-01  8.88e-01  6.11e+02	-54.1625 71.2313 0.8134	
98.297221 291.922982	6.13e-01  8.79e-01  6.56e+02	-22.8522 48.9245 0.7023	
98.297221 291.922982	7.16e-01  9.42e-01  6.21e+02	14.1162 82.3289 0.2642	
98.297221 291.922982	6.97e-01  9.67e-01  6.18e+02	-16.0945 83.9037 0.8366	
98.297221 291.922982	6.39e-01  8.87e-01  6.49e+02	3.3926 61.1354 0.0439	
98.297221 291.922982	6.96e-01  8.77e-01  6.40e+02	5.1467 68.6156 0.1975	
98.297221 291.922982	7.67e-01  8.89e-01  6.23e+02	-19.1267 79.6010 0.2496	
98.297221 291.922982	6.92e-01  8.48e-01  6.48e+02	39.8031 46.7887 0.1923	
98.297221 291.922982	6.91e-01  8.80e-01  6.40e+02	29.6652 61.8913 0.0939	
98.297221 291.922982	5.99e-01  9.32e-01  6.44e+02	12.4425 64.3433 0.3013	
98.297221 291.922982	7.21e-01  7.86e-01  6.57e+02	6.8435 51.5093 0.2265	
98.297221 291.922982	7.92e-01  9.02e-01  6.15e+02	33.0782 80.5325 0.3719	
98.297221 291.922982	7.55e-01  9.13e-01  6.20e+02	32.8245 77.3801 0.6370	
98.297221 291.922982	7.34e-01  8.96e-01  6.28e+02	-4.6640 78.0784 0.7191	
98.297221 291.922982	8.40e-01  9.90e-01  5.86e+02	-55.5092 87.4655 0.0982	
98.297221 291.922982	7.49e-01  8.66e-01  6.32e+02	-1.9231 75.1902 0.3051	
98.297221 291.922982	7.42e-01  8.66e-01  6.34e+02	-14.3686 72.6441 0.1248	
98.297221 291.922982	8.58e-01  8.98e-01  6.03e+02	-25.0827 91.2110 0.5037	
98.297221 291.922982	7.60e-01  8.74e-01  6.28e+02	-6.5784 77.9144 0.1876	
98.297221 291.922982	6.95e-01  8.60e-01  6.45e+02	-13.6006 63.5307 0.2619	
98.297221 291.922982	8.33e-01  8.91e-01  6.09e+02	70.9779 56.5293 0.5728	
98.297221 291.922982	7.55e-01  8.63e-01  6.32e+02	-6.1884 75.3510 0.5329	
98.297221 291.922982	6.03e-01  9.25e-01  6.45e+02	-20.4202 61.1782 0.4428	
98.297221 291.922982	6.74e-01  8.86e-01  6.42e+02	21.6750 63.4629 0.3057	
98.297221 291.922982	7.49e-01  8.67e-01  6.32e+02	35.5691 66.4903 0.8452	
98.297221 291.922982	6.14e-01  9.09e-01  6.47e+02	-15.9947 60.2667 0.0586	
98.297221 291.922982	7.17e-01  9.33e-01  6.22e+02	-20.4306 79.8402 0.1299	
98.297221 291.922982	7.34e-01  8.71e-01  6.34e+02	-25.8801 69.1109 0.6520	
98.297221 291.922982	8.46e-01  8.88e-01  6.08e+02	22.0319 89.1671 0.0619	
98.297221 291.922982	6.86e-01  9.04e-01  6.35e+02	-29.2030 66.6041 0.9195	
98.297221 291.922982	6.86e-01  9.36e-01  6.28e+02	-20.4764 75.9059 0.6351	
98.297221 291.922982	7.66e-01  9.67e-01  6.05e+02	-5.5186 93.1133 0.8587	
98.297221 291.922982	6.69e-01  8.65e-01  6.49e+02	19.1492 58.1277 0.6222	
98.297221 291.922982	7.27e-01  8.41e-01  6.43e+02	-26.9737 60.6727 0.7771	
98.297221 291.922982	7.61e-01  9.81e-01  6.03e+02	26.3159 90.8334 0.2047	
98.297221 291.922982	6.70e-01  9.33e-01  6.31e+02	27.7383 70.8085 0.8127	
98.297221 291.922982	6.76e-01  9.33e-01  6.30e+02	-13.7983 75.6448 0.1491	
98.297221 291.922982	7.98e-01  9.41e-01  6.05e+02	9.0482 92.8249 0.1161	
98.297221 291.922982	7.17e-01  8.46e-01  6.44e+02	-6.3390 65.4987 0.1946	
98.297221 291.922982	8.20e-01  9.78e-01  5.93e+02	57.0952 82.2939 0.5244	
98.297221 291.922982	8.11e-01  9.54e-01  6.00e+02	17.2623 94.8446 0.8996	
98.297221 291.922982	8.61e-01  9.80e-01  5.85e+02	-18.8672 102.7722 0.7758	
98.297221 291.922982	7.07e-01  9.80e-01  6.13e+02	-64.5002 60.7603 0.2358	
98.297221 291.922982	6.46e-01  9.29e-01  6.37e+02	-20.2377 68.8717 0.0266	
98.297221 291.922982	6.13e-01  9.40e-01  6.39e+02	-21.0646 66.1678 0.5707	
98.297221 291.922982	8.51e-01  8.60e-01  6.12e+02	-1.0369 88.9146 0.4356	
98.297221 291.922982	7.51e-01  8.96e-01  6.25e+02	-10.7004 80.0124 0.4433	
98.297221 291.922982	7.86e-01  9.39e-01  6.08e+02	27.5071 87.2984 0.7871	
98.297221 291.922982	6.39e-01  9.01e-01  6.45e+02	-21.3036 60.9245 0.9966	
98.297221 291.922982	7.22e-01  8.90e-01  6.32e+02	6.2418 75.1131 0.7633	
98.297221 291.922982	7.28e-01  8.44e-01  6.42e+02	34.1475 57.9234 0.9553	
98.297221 291.922982	7.23e-01  9.46e-01  6.18e+02	-13.7344 84.0575 0.3683	
98.297221 291.922982	8.53e-01  9.61e-01  5.90e+02	24.9606 98.3612 0.8924	
98.297221 291.922982	6.85e-01  8.74e-01  6.43e+02	0.1153 66.2819 0.5802	
98.297221 291.922982	6.59e-01  9.65e-01  6.25e+02	10.2825 79.9187 0.0681	
98.297221 291.922982	6.96e-01  9.22e-01  6.29e+02	-13.7218 76.4084 0.1834	
98.297221 291.922982	7.55e-01  9.17e-01  6.19e+02	-17.7324 82.7873 0.9403	
98.297221 291.922982	7.28e-01  8.42e-01  6.42e+02	-23.5452 62.8138 0.6598	
98.297221 291.922982	5.84e-01  9.43e-01  6.43e+02	3.5016 65.8703 0.8795	
98.297221 291.922982	6.04e-01  9.48e-01  6.39e+02	-3.9758 69.7933 0.4719	
98.297221 291.922982	7.03e-01  8.73e-01  6.40e+02	-23.2024 65.0066 0.5357	
98.297221 291.922982	8.01e-01  9.50e-01  6.03e+02	4.3856 94.6493 0.1383	
98.297221 291.922982	6.09e-01  9.36e-01  6.41e+02	-22.2596 64.1914 0.9166	
98.297221 291.922982	5.39e-01  9.04e-01  6.62e+02	5.1388 46.1471 0.8433	
98.297221 291.922982	7.06e-01  8.34e-01  6.49e+02	-10.1434 60.0832 0.3309	
98.297221 291.922982	7.35e-01  9.09e-01  6.25e+02	5.7853 80.5564 0.8565	
98.297221 291.922982	6.44e-01  9.41e-01  6.34e+02	-18.8316 71.5602 0.4044	
98.297221 291.922982	6.93e-01  9.23e-01  6.29e+02	8.3857 76.9180 0.5203	
98.297221 291.922982	6.91e-01  7.83e-01  6.65e+02	-6.3649 42.2172 0.9899	
98.297221 291.922982	7.13e-01  9.27e-01  6.25e+02	7.4349 80.4613 0.1498	
98.297221 291.922982	6.47e-01  9.64e-01  6.27e+02	-32.5257 71.9123 0.4261	
98.297221 291.922982	7.43e-01  9.10e-01  6.23e+02	-15.9272 80.3058 0.8158	
98.297221 291.922982	6.00e-01  8.97e-01  6.53e+02	11.6577 55.4751 0.3208	
98.297221 291.922982	7.72e-01  9.36e-01  6.11e+02	-16.3703 88.0472 0.9840	
98.297221 291.922982	7.22e-01  9.38e-01  6.20e+02	-5.1986 83.5237 0.2114	
98.297221 291.922982	6.33e-01  9.57e-01  6.31e+02	-15.9559 74.0770 0.2019	
98.297221 291.922982	7.44e-01  8.14e-01  6.46e+02	-9.2467 63.2946 0.2460	
98.297221 291.922982	7.92e-01  8.22e-01  6.33e+02	13.9597 73.0770 0.4251	
98.297221 291.922982	8.16e-01  9.01e-01  6.11e+02	-23.7185 86.8610 0.1512	
98.297221 291.922982	7.17e-01  9.53e-01  6.18e+02	53.5292 66.7785 0.5725	
98.297221 291.922982	7.60e-01  8.65e-01  6.30e+02	-4.8010 76.6143 0.1175	
98.297221 291.922982	7.11e-01  9.11e-01  6.29e+02	-0.2279 77.6658 0.2888	
98.297221 291.922982	6.21e-01  9.39e-01  6.38e+02	-21.3655 67.1427 0.4417	
98.297221 291.922982	6.12e-01  9.16e-01  6.46e+02	-1.7831 63.6664 0.8916	
98.297221 291.922982	7.03e-01  8.33e-01  6.50e+02	-20.1698 56.4907 0.3849	
98.297221 291.922982	7.04e-01  9.48e-01  6.21e+02	-9.5943 82.5198 0.8634	
98.297221 291.922982	6.51e-01  9.78e-01  6.23e+02	-0.8200 81.9540 0.0598	
98.297221 291.922982	6.40e-01  9.38e-01  6.35e+02	6.5500 72.6167 0.9114	
98.297221 291.922982	7.08e-01  8.78e-01  6.37e+02	-3.4059 70.9913 0.0790	
98.297221 291.922982	6.61e-01  9.03e-01  6.40e+02	-5.9198 68.2895 0.5109	
98.297221 291.922982	7.05e-01  8.86e-01  6.36e+02	-25.3019 67.3093 0.6366	
98.297221 291.922982	7.43e-01  8.91e-01  6.28e+02	8.4554 78.1071 0.8925	
98.297221 291.922982	8.11e-01  8.47e-01  6.24e+02	-9.1047 81.0134 0.5283	
98.297221 291.922982	6.86e-01  9.20e-01  6.31e+02	19.3109 73.4000 0.1128	
98.297221 291.922982	6.76e-01  9.12e-01  6.35e+02	17.1413 70.6967 0.3569	
98.297221 291.922982	6.72e-01  9.01e-01  6.39e+02	42.5075 55.5475 0.6968	
98.297221 291.922982	6.16e-01  9.17e-01  6.45e+02	-21.0107 60.9671 0.9451	
98.297221 291.922982	6.60e-01  9.19e-01  6.36e+02	-8.2863 71.3860 0.1894	
98.297221 291.922982	7.90e-01  9.73e-01  6.00e+02	15.8394 95.2102 0.8135	
98.297221 291.922982	6.03e-01  9.64e-01  6.35e+02	-9.7330 72.5518 0.9311	
98.297221 291.922982	7.37e-01  8.46e-01  6.40e+02	7.5069 68.9594 0.8440	
98.297221 291.922982	6.51e-01  9.04e-01  6.42e+02	33.3910 58.4742 0.6162	
98.297221 291.922982	7.07e-01  8.66e-01  6.41e+02	-29.1486 61.7478 0.9359	
98.297221 291.922982	7.10e-01  7.72e-01  6.63e+02	8.0761 43.9198 0.0624	
98.297221 291.922982	7.20e-01  8.22e-01  6.49e+02	5.3970 60.5851 0.6833	
98.297221 291.922982	6.67e-01  8.89e-01  6.43e+02	-1.8365 66.5504 0.1179	
98.297221 291.922982	7.09e-01  8.59e-01  6.42e+02	3.8024 67.0513 0.1857	
98.297221 291.922982	7.49e-01  8.86e-01  6.27e+02	0.6000 78.7193 0.7356	
98.297221 291.922982	7.57e-01  9.21e-01  6.18e+02	21.0264 82.7609 0.9793	
98.297221 291.922982	7.67e-01  8.90e-01  6.23e+02	6.1310 81.6648 0.9411	
98.297221 291.922982	6.54e-01  9.08e-01  6.41e+02	0.8649 68.4285 0.2309	
98.297221 291.922982	7.39e-01  9.11e-01  6.24e+02	29.6864 75.8344 0.3928	
98.297221 291.922982	7.64e-01  7.88e-01  6.47e+02	-1.9557 62.4610 0.6466	
98.297221 291.922982	6.13e-01  8.87e-01  6.54e+02	7.4802 55.7486 0.9814	
98.297221 291.922982	7.95e-01  9.29e-01  6.08e+02	-3.5917 91.2620 0.2507	
98.297221 291.922982	8.93e-01  8.96e-01  5.96e+02	-24.0247 95.5480 0.9549	
98.297221 291.922982	7.42e-01  8.85e-01  6.29e+02	37.0071 68.0828 0.1367	
98.297221 291.922982	7.91e-01  9.27e-01  6.10e+02	27.2784 86.2723 0.4978	
98.297221 291.922982	6.97e-01  9.46e-01  6.23e+02	-45.4622 68.0758 0.5243	
98.297221 291.922982	6.67e-01  9.18e-01  6.35e+02	-48.6932 54.0340 0.9105	
98.297221 291.922982	6.83e-01  8.20e-01  6.57e+02	-18.9176 48.5632 0.0608	
98.297221 291.922982	8.20e-01  9.11e-01  6.08e+02	13.3107 90.8438 0.3777	
98.297221 291.922982	7.19e-01  9.22e-01  6.25e+02	-11.6344 79.8267 0.5291	
98.297221 291.922982	6.87e-01  9.37e-01  6.27e+02	-44.2432 65.4850 0.1163	
98.297221 291.922982	8.01e-01  9.20e-01  6.09e+02	-10.8016 90.1049 0.6330	
98.297221 291.922982	7.49e-01  9.63e-01  6.09e+02	-11.4726 89.9979 0.8794	
98.297221 291.922982	6.24e-01  8.35e-01  6.65e+02	-18.8610 37.1890 0.4717	
98.297221 291.922982	7.98e-01  8.31e-01  6.30e+02	1.8134 76.9125 0.0943	
98.297221 291.922982	8.36e-01  9.23e-01  6.02e+02	-1.1628 95.2158 0.7437	
98.297221 291.922982	7.39e-01  8.59e-01  6.36e+02	-30.4858 65.6148 0.0105	
98.297221 291.922982	6.91e-01  9.17e-01  6.31e+02	37.3567 66.0566 0.2669	
98.297221 291.922982	6.32e-01  9.37e-01  6.37e+02	-5.1795 71.3411 0.5121	
98.297221 291.922982	8.27e-01  9.35e-01  6.01e+02	34.7737 89.1598 0.9621	
98.297221 291.922982	7.03e-01  9.13e-01  6.30e+02	-1.5343 76.8787 0.9778	
98.297221 291.922982	7.99e-01  9.31e-01  6.07e+02	23.8746 88.8189 0.3222	
98.297221 291.922982	7.96e-01  8.55e-01  6.25e+02	9.1441 79.8562 0.9172	
98.297221 291.922982	7.93e-01  8.37e-01  6.30e+02	16.0883 75.2786 0.8152	
98.297221 291.922982	7.16e-01  8.39e-01  6.46e+02	-24.7584 58.9319 0.4758	
98.297221 291.922982	6.37e-01  8.99e-01  6.46e+02	3.0452 63.6280 0.3136	
98.297221 291.922982	6.59e-01  8.99e-01  6.42e+02	-11.8492 66.3154 0.8019	
98.297221 291.922982	7.06e-01  8.53e-01  6.44e+02	-39.6080 52.0501 0.2605	
98.297221 291.922982	7.17e-01  9.31e-01  6.23e+02	-17.0385 80.1566 0.0864	
98.297221 291.922982	6.91e-01  9.41e-01  6.25e+02	-11.2305 79.4595 0.5724	
98.297221 291.922982	7.23e-01  9.10e-01  6.27e+02	-3.5418 79.0665 0.4571	
98.297221 291.922982	6.97e-01  9.43e-01  6.24e+02	23.1202 78.1442 0.7459	
98.297221 291.922982	6.54e-01  8.83e-01  6.47e+02	23.0338 58.5012 0.3673	
98.297221 291.922982	6.03e-01  9.28e-01  6.44e+02	2.8933 65.1216 0.8894	
98.297221 291.922982	6.64e-01  9.46e-01  6.29e+02	-32.6481 70.4951 0.6691	
98.297221 291.922982	8.14e-01  9.42e-01  6.02e+02	9.4921 94.7393 0.8015	
98.297221 291.922982	8.00e-01  8.48e-01  6.26e+02	9.1624 79.3657 0.3670	
98.297221 291.922982	6.74e-01  8.78e-01  6.44e+02	12.6864 63.9302 0.1684	
98.297221 291.922982	7.33e-01  8.84e-01  6.31e+02	-4.0584 75.9755 0.3268	
98.297221 291.922982	7.25e-01  8.42e-01  6.43e+02	21.4404 62.9371 0.2735	
98.297221 291.922982	7.08e-01  9.11e-01  6.30e+02	12.4949 76.2002 0.2312	
98.297221 291.922982	6.69e-01  9.73e-01  6.21e+02	-8.3518 82.6535 0.5258	
98.297221 291.922982	7.63e-01  9.51e-01  6.10e+02	-27.0813 86.4873 0.8175	
98.297221 291.922982	6.52e-01  9.57e-01  6.28e+02	-18.4008 76.0256 0.1876	
98.297221 291.922982	7.23e-01  9.37e-01  6.20e+02	-32.8667 77.1300 0.7687	
98.297221 291.922982	8.05e-01  8.85e-01  6.16e+02	-18.2107 84.3731 0.4692	
98.297221 291.922982	6.81e-01  8.23e-01  6.57e+02	4.0500 52.5788 0.0567	
98.297221 291.922982	7.88e-01  9.18e-01  6.13e+02	37.6784 80.4030 0.8128	
98.297221 291.922982	6.38e-01  8.56e-01  6.57e+02	-17.7451 49.0571 0.3634	
98.297221 291.922982	7.51e-01  9.52e-01  6.11e+02	-0.0305 89.4449 0.7349	
98.297221 291.922982	5.93e-01  8.87e-01  6.57e+02	2.8721 52.2786 0.7990	
98.297221 291.922982	6.58e-01  9.45e-01  6.30e+02	24.2888 72.7282 0.1699	
98.297221 291.922982	6.00e-01  9.47e-01  6.40e+02	-4.7102 68.9243 0.0535	
98.297221 291.922982	7.14e-01  9.20e-01  6.26e+02	3.0820 79.5419 0.2620	
98.297221 291.922982	6.96e-01  8.32e-01  6.51e+02	24.7651 52.8556 0.5295	
98.297221 291.922982	6.01e-01  9.65e-01  6.35e+02	-4.1010 73.0272 0.0104	
98.297221 291.922982	7.05e-01  7.78e-01  6.63e+02	-13.8870 42.8366 0.8090	
98.297221 291.922982	6.57e-01  9.89e-01  6.19e+02	-19.3377 82.2080 0.6383	
98.297221 291.922982	7.67e-01  9.20e-01  6.16e+02	17.1008 84.9981 0.0696	
98.297221 291.922982	6.74e-01  9.47e-01  6.27e+02	-13.7109 77.8715 0.8656	
98.297221 291.922982	6.88e-01  9.01e-01  6.36e+02	7.2070 72.0558 0.0521	
98.297221 291.922982	8.02e-01  9.40e-01  6.05e+02	20.9995 91.1743 0.3426	
98.297221 291.922982	6.03e-01  8.50e-01  6.65e+02	18.7533 37.3365 0.3693	
98.297221 291.922982	7.89e-01  9.65e-01  6.01e+02	23.6804 92.5049 0.6640	
98.297221 291.922982	7.82e-01  9.16e-01  6.14e+02	59.6171 64.5019 0.5816	
98.297221 291.922982	8.05e-01  8.28e-01  6.29e+02	-34.6816 69.2391 0.1708	
98.297221 291.922982	6.65e-01  9.19e-01  6.36e+02	25.0716 68.1289 0.0021	
98.297221 291.922982	9.03e-01  9.81e-01  5.77e+02	-22.2653 106.1789 0.2053	
98.297221 291.922982	7.61e-01  9.23e-01  6.16e+02	-19.9730 84.0012 0.9405	
98.297221 291.922982	6.17e-01  9.08e-01  6.47e+02	13.4453 61.1797 0.9509	
98.297221 291.922982	5.80e-01  9.39e-01  6.45e+02	5.4765 64.1409 0.3892	
98.297221 291.922982	6.59e-01  8.89e-01  6.44e+02	1.9857 65.1598 0.4347	
98.297221 291.922982	6.75e-01  9.29e-01  6.31e+02	-0.3147 75.9838 0.2387	
98.297221 291.922982	6.81e-01  9.68e-01  6.20e+02	1.1627 83.7020 0.3873	
98.297221 291.922982	6.69e-01  9.05e-01  6.38e+02	-18.6767 67.7279 0.7711	
98.297221 291.922982	7.77e-01  9.03e-01  6.18e+02	10.1453 84.7784 0.5486	
98.297221 291.922982	6.93e-01  9.59e-01  6.21e+02	28.3176 78.6516 0.9531	
98.297221 291.922982	7.00e-01  9.22e-01  6.28e+02	28.3639 72.7921 0.6674	
98.297221 291.922982	6.18e-01  8.96e-01  6.50e+02	-17.1485 57.1427 0.2295	
98.297221 291.922982	7.03e-01  9.10e-01  6.31e+02	-48.0183 59.2018 0.8395	
98.297221 291.922982	9.20e-01  9.37e-01  5.82e+02	39.5813 97.8868 0.7095	
98.297221 291.922982	7.93e-01  8.86e-01  6.19e+02	17.6548 83.0053 0.6693	
98.297221 291.922982	7.62e-01  8.92e-01  6.23e+02	-27.1344 77.0030 0.7427	
98.297221 291.922982	7.06e-01  8.93e-01  6.34e+02	-29.7989 67.2493 0.8318	
98.297221 291.922982	7.97e-01  8.85e-01  6.18e+02	-9.0048 84.8504 0.6791	
98.297221 291.922982	8.16e-01  8.52e-01  6.22e+02	-21.9803 79.8601 0.7370	
98.297221 291.922982	8.14e-01  9.48e-01  6.01e+02	-9.2820 95.4892 0.4652	
98.297221 291.922982	7.04e-01  9.19e-01  6.28e+02	21.8480 75.0947 0.7378	
98.297221 291.922982	7.26e-01  8.24e-01  6.47e+02	-14.0316 60.9352 0.6105	
98.297221 291.922982	8.61e-01  9.77e-01  5.85e+02	-1.9250 104.0574 0.1773	
98.297221 291.922982	7.33e-01  9.72e-01  6.10e+02	14.9715 89.0512 0.3506	
98.297221 291.922982	7.81e-01  9.25e-01  6.12e+02	-28.1042 84.4589 0.4264	
98.297221 291.922982	8.13e-01  9.08e-01  6.10e+02	10.0580 89.9370 0.7828	
98.297221 291.922982	6.59e-01  9.53e-01  6.28e+02	-23.3756 74.6630 0.1080	
98.297221 291.922982	6.50e-01  8.59e-01  6.54e+02	-13.2001 54.2116 0.7289	
98.297221 291.922982	6.74e-01  8.40e-01  6.54e+02	25.6215 49.6420 0.6439	
98.297221 291.922982	6.74e-01  9.49e-01  6.26e+02	-32.5293 72.6730 0.0185	
98.297221 291.922982	6.62e-01  8.84e-01  6.45e+02	19.9857 61.4352 0.1953	
98.297221 291.922982	7.17e-01  8.86e-01  6.34e+02	-27.7770 68.5684 0.5072	
98.297221 291.922982	7.09e-01  8.50e-01  6.44e+02	24.6886 60.4262 0.7030	
98.297221 291.922982	5.30e-01  9.09e-01  6.62e+02	-0.6756 46.3240 0.4946	
98.297221 291.922982	7.50e-01  8.86e-01  6.27e+02	48.0190 62.5417 0.5867	
98.297221 291.922982	7.76e-01  8.89e-01  6.21e+02	23.9130 79.5240 0.4675	
98.297221 291.922982	8.19e-01  9.45e-01  6.00e+02	7.7825 95.7141 0.7787	
98.297221 291.922982	7.91e-01  8.16e-01  6.35e+02	-19.2498 70.5641 0.1698	
98.297221 291.922982	7.38e-01  9.16e-01  6.23e+02	5.9861 81.9834 0.5719	
98.297221 291.922982	7.15e-01  8.83e-01  6.35e+02	-22.8009 69.3749 0.4703	
98.297221 291.922982	8.18e-01  8.66e-01  6.18e+02	-15.9106 83.8158 0.0333	
98.297221 291.922982	6.12e-01  8.63e-01  6.60e+02	25.5434 41.5191 0.3485	
98.297221 291.922982	8.68e-01  9.30e-01  5.94e+02	-37.0452 92.4199 0.9208	
98.297221 291.922982	7.69e-01  8.28e-01  6.37e+02	3.5887 71.2942 0.4398	
98.297221 291.922982	8.31e-01  8.74e-01  6.13e+02	43.2515 76.9114 0.1944	
98.297221 291.922982	7.37e-01  9.58e-01  6.13e+02	32.5973 82.4903 0.0648	
98.297221 291.922982	7.77e-01  8.60e-01  6.28e+02	25.2984 74.2191 0.8918	
98.297221 291.922982	7.51e-01  8.24e-01  6.42e+02	-28.3799 61.2063 0.7562	
98.297221 291.922982	7.06e-01  9.58e-01  6.18e+02	-21.7989 82.2654 0.4384	
98.297221 291.922982	7.34e-01  9.25e-01  6.21e+02	35.8190 75.1357 0.1752	
98.297221 291.922982	6.52e-01  8.95e-01  6.44e+02	2.3107 65.3855 0.2516	
98.297221 291.922982	7.57e-01  9.27e-01  6.16e+02	33.0543 79.8538 0.2105	
98.297221 291.922982	6.71e-01  9.05e-01  6.38e+02	-43.6109 55.6030 0.8504	
98.297221 291.922982	6.78e-01  8.81e-01  6.43e+02	-21.2277 63.1861 0.3324	
98.297221 291.922982	7.54e-01  9.31e-01  6.16e+02	12.6444 85.7319 0.8556	
98.297221 291.922982	7.55e-01  9.06e-01  6.22e+02	23.4841 79.4725 0.1726	
98.297221 291.922982	7.46e-01  8.36e-01  6.40e+02	22.4611 65.1637 0.6017	
98.297221 291.922982	8.41e-01  9.35e-01  5.98e+02	2.0989 97.2810 0.1727	
98.297221 291.922982	6.52e-01  9.36e-01  6.33e+02	1.1642 74.2493 0.0446	
98.297221 291.922982	6.60e-01  8.58e-01  6.52e+02	10.2998 56.7667 0.5033	
98.297221 291.922982	8.63e-01  9.27e-01  5.96e+02	-14.1501 97.7172 0.6721	
98.297221 291.922982	6.66e-01  9.39e-01  6.30e+02	-13.6283 75.4883 0.0311	
98.297221 291.922982	8.06e-01  8.63e-01  6.21e+02	-22.8300 80.0813 0.1545	
98.297221 291.922982	6.98e-01  9.22e-01  6.29e+02	36.7845 68.4843 0.0304	
98.297221 291.922982	5.80e-01  9.26e-01  6.49e+02	-23.1754 56.2613 0.5157	
98.297221 291.922982	7.94e-01  8.64e-01  6.23e+02	55.3317 60.0406 0.7195	
98.297221 291.922982	7.65e-01  9.59e-01  6.07e+02	27.5764 87.7500 0.0457	
98.297221 291.922982	7.46e-01  8.67e-01  6.33e+02	44.0019 60.5050 0.2218	
98.297221 291.922982	6.62e-01  9.71e-01  6.23e+02	36.2222 73.6054 0.3547	
98.297221 291.922982	5.72e-01  9.01e-01  6.57e+02	-7.9796 51.7630 0.3876	
98.297221 291.922982	5.65e-01  9.53e-01  6.44e+02	-1.9392 65.4233 0.3582	
98.297221 291.922982	7.88e-01  9.19e-01  6.12e+02	-50.0805 73.5342 0.9641	
98.297221 291.922982	7.85e-01  8.48e-01  6.29e+02	0.6018 77.6535 0.5510	
98.297221 291.922982	7.05e-01  9.04e-01  6.32e+02	44.8273 60.8243 0.4207	
98.297221 291.922982	7.87e-01  9.06e-01  6.15e+02	-23.7846 83.7517 0.2365	
98.297221 291.922982	7.42e-01  8.15e-01  6.46e+02	-15.6518 61.6999 0.8463	
98.297221 291.922982	7.42e-01  9.65e-01  6.10e+02	-22.9681 87.3029 0.0528	
98.297221 291.922982	7.67e-01  8.59e-01  6.30e+02	0.3362 76.7621 0.0656	
98.297221 291.922982	7.84e-01  8.94e-01  6.19e+02	43.9792 72.4777 0.7992	
98.297221 291.922982	5.62e-01  9.29e-01  6.51e+02	13.8634 57.1741 0.2197	
98.297221 291.922982	7.13e-01  8.51e-01  6.43e+02	-23.8003 61.6553 0.7894	
98.297221 291.922982	6.97e-01  9.08e-01  6.32e+02	9.3952 74.5179 0.5951	
98.297221 291.922982	7.31e-01  8.64e-01  6.37e+02	37.2772 61.3460 0.6610	
98.297221 291.922982	8.00e-01  9.24e-01  6.09e+02	4.8470 91.1329 0.8048	
98.297221 291.922982	5.80e-01  8.87e-01  6.60e+02	6.3129 48.8178 0.4251	
98.297221 291.922982	7.62e-01  9.21e-01  6.17e+02	33.6024 79.2274 0.3663	
98.297221 291.922982	7.53e-01  8.72e-01  6.30e+02	-16.7818 75.0776 0.4958	
98.297221 291.922982	6.47e-01  8.41e-01  6.59e+02	-6.9103 49.3880 0.5012	
98.297221 291.922982	5.93e-01  9.35e-01  6.44e+02	-14.7664 63.4606 0.0775	
98.297221 291.922982	8.08e-01  9.28e-01  6.06e+02	20.8983 90.3107 0.7740	
98.297221 291.922982	7.11e-01  9.57e-01  6.18e+02	-16.5157 83.9711 0.4591	
98.297221 291.922982	7.16e-01  9.11e-01  6.28e+02	-7.0499 78.0497 0.1388	
98.297221 291.922982	7.80e-01  9.03e-01  6.17e+02	-48.9554 70.4050 0.3234	
98.297221 291.922982	6.63e-01  9.08e-01  6.39e+02	-30.3670 63.1780 0.9082	
98.297221 291.922982	8.03e-01  8.15e-01  6.32e+02	-1.6018 75.0574 0.5361	
98.297221 291.922982	4.71e-01  9.91e-01  6.47e+02	-3.5059 62.3499 0.0891	
98.297221 291.922982	6.72e-01  9.85e-01  6.18e+02	-4.2631 85.3723 0.1250	
98.297221 291.922982	7.69e-01  8.10e-01  6.41e+02	18.3554 65.4237 0.3438	
98.297221 291.922982	7.44e-01  8.67e-01  6.33e+02	8.6829 74.0470 0.2955	
98.297221 291.922982	7.29e-01  8.92e-01  6.30e+02	-32.7373 69.4146 0.9951	
98.297221 291.922982	7.69e-01  8.75e-01  6.26e+02	-11.2274 78.9378 0.7117	
98.297221 291.922982	7.28e-01  8.88e-01  6.31e+02	-27.9367 70.6548 0.6087	
98.297221 291.922982	6.98e-01  9.36e-01  6.25e+02	-35.8315 71.9111 0.0328	
98.297221 291.922982	5.27e-01  9.62e-01  6.47e+02	22.7174 57.9907 0.8106	
98.297221 291.922982	8.06e-01  8.77e-01  6.18e+02	-9.8609 84.6199 0.7373	
98.297221 291.922982	8.14e-01  9.26e-01  6.06e+02	-4.1028 92.9571 0.1321	
98.297221 291.922982	6.93e-01  8.94e-01  6.36e+02	-19.9741 69.0442 0.9214	
98.297221 291.922982	5.50e-01  9.27e-01  6.53e+02	-27.8948 48.8717 0.0082	
98.297221 291.922982	7.58e-01  9.10e-01  6.20e+02	-9.5280 83.2538 0.2545	
98.297221 291.922982	5.99e-01  9.26e-01  6.46e+02	28.1190 57.5719 0.6918	
98.297221 291.922982	8.84e-01  9.38e-01  5.89e+02	59.3269 83.0887 0.7748	
98.297221 291.922982	7.29e-01  9.57e-01  6.14e+02	55.9150 67.4315 0.0265	
98.297221 291.922982	7.95e-01  9.10e-01  6.13e+02	-26.6329 84.5308 0.9468	
98.297221 291.922982	5.35e-01  9.83e-01  6.41e+02	0.0827 68.4885 0.9479	
98.297221 291.922982	7.70e-01  9.20e-01  6.15e+02	44.0902 75.0013 0.1266	
98.297221 291.922982	6.67e-01  9.14e-01  6.37e+02	-14.7227 70.2207 0.0230	
98.297221 291.922982	7.26e-01  8.85e-01  6.32e+02	5.0764 74.9419 0.6806	
98.297221 291.922982	8.35e-01  9.65e-01  5.93e+02	-14.9965 99.0765 0.2387	
98.297221 291.922982	8.47e-01  9.48e-01  5.94e+02	24.0280 96.4670 0.2505	
98.297221 291.922982	6.71e-01  8.14e-01  6.61e+02	8.5086 46.4274 0.8947	
98.297221 291.922982	7.83e-01  9.27e-01  6.11e+02	-3.1026 89.4980 0.6736	
98.297221 291.922982	7.68e-01  8.25e-01  6.38e+02	-24.5199 66.2165 0.7153	
98.297221 291.922982	6.61e-01  8.94e-01  6.43e+02	12.2472 65.5957 0.1939	
98.297221 291.922982	6.42e-01  8.48e-01  6.58e+02	28.1967 42.1434 0.5740	
98.297221 291.922982	6.06e-01  9.28e-01  6.44e+02	-5.4606 65.2482 0.1963	
98.297221 291.922982	7.84e-01  8.47e-01  6.29e+02	6.4225 77.0332 0.8129	
98.297221 291.922982	6.92e-01  8.75e-01  6.42e+02	-5.7706 67.3828 0.5268	
98.297221 291.922982	7.20e-01  8.92e-01  6.32e+02	44.8855 60.7336 0.9050	
98.297221 291.922982	7.43e-01  8.56e-01  6.36e+02	-50.1669 51.9654 0.7852	
98.297221 291.922982	7.59e-01  9.61e-01  6.08e+02	-59.0676 69.9019 0.9660	
98.297221 291.922982	6.29e-01  9.57e-01  6.32e+02	-39.1065 64.2484 0.5428	
98.297221 291.922982	7.34e-01  8.44e-01  6.41e+02	-4.5634 68.3009 0.3332	
98.297221 291.922982	6.60e-01  8.50e-01  6.54e+02	-27.3921 48.1427 0.3405	
98.297221 291.922982	7.49e-01  9.90e-01  6.03e+02	60.2539 72.9046 0.8084	
98.297221 291.922982	7.72e-01  9.24e-01  6.14e+02	-19.3253 85.6017 0.9323	
98.297221 291.922982	8.03e-01  9.43e-01  6.04e+02	64.6482 68.3460 0.2979	
98.297221 291.922982	6.61e-01  8.37e-01  6.57e+02	-7.5440 51.6455 0.2978	
98.297221 291.922982	6.72e-01  9.30e-01  6.31e+02	20.2611 73.0165 0.8667	
98.297221 291.922982	8.04e-01  8.79e-01  6.18e+02	-11.8426 84.5523 0.4947	
98.297221 291.922982	6.77e-01  9.83e-01  6.17e+02	23.8620 82.3070 0.8872	
98.297221 291.922982	6.11e-01  8.65e-01  6.60e+02	-2.4645 48.7476 0.4244	
98.297221 291.922982	7.42e-01  9.73e-01  6.08e+02	-21.1671 88.9346 0.4437	
98.297221 291.922982	7.19e-01  8.99e-01  6.30e+02	-10.9740 75.7572 0.5423	
98.297221 291.922982	8.54e-01  9.03e-01  6.03e+02	1.8379 94.7419 0.1646	
98.297221 291.922982	7.84e-01  8.66e-01  6.25e+02	0.1263 80.4356 0.7232	
98.297221 291.922982	7.59e-01  8.46e-01  6.35e+02	-20.8587 70.0197 0.6317	
98.297221 291.922982	8.47e-01  9.39e-01  5.96e+02	-27.5736 94.5021 0.6996	
98.297221 291.922982	7.93e-01  8.47e-01  6.28e+02	30.6046 72.4089 0.2862	
98.297221 291.922982	7.32e-01  9.52e-01  6.15e+02	-21.2116 84.4976 0.9185	
98.297221 291.922982	7.23e-01  9.31e-01  6.22e+02	42.0153 71.1615 0.4759	
98.297221 291.922982	7.36e-01  8.10e-01  6.48e+02	-18.4678 58.5345 0.2532	
98.297221 291.922982	8.67e-01  9.30e-01  5.94e+02	-15.9424 98.1803 0.9494	
98.297221 291.922982	7.72e-01  9.53e-01  6.07e+02	69.6173 60.0139 0.4940	
98.297221 291.922982	8.03e-01  9.02e-01  6.13e+02	22.1123 85.7497 0.5381	
98.297221 291.922982	6.65e-01  9.09e-01  6.38e+02	12.1116 69.3378 0.6598	
98.297221 291.922982	8.32e-01  9.45e-01  5.98e+02	-38.1944 89.6355 0.7229	
98.297221 291.922982	5.99e-01  9.77e-01  6.32e+02	12.9707 74.2399 0.2879	
98.297221 291.922982	6.04e-01  9.48e-01  6.39e+02	20.1734 66.8280 0.0255	
98.297221 291.922982	8.08e-01  8.20e-01  6.30e+02	23.0498 73.0971 0.2820	
98.297221 291.922982	6.42e-01  9.36e-01  6.35e+02	11.9772 71.7827 0.7172	
98.297221 291.922982	7.85e-01  9.06e-01  6.16e+02	-28.3973 81.8971 0.5101	
98.297221 291.922982	7.26e-01  7.93e-01  6.55e+02	17.0506 52.3983 0.3095	
98.297221 291.922982	8.02e-01  8.74e-01  6.20e+02	-43.8620 71.8757 0.5950	
98.297221 291.922982	7.70e-01  9.33e-01  6.13e+02	-5.2539 88.6364 0.8032	
98.297221 291.922982	6.65e-01  8.76e-01  6.47e+02	31.3778 54.7481 0.3993	
98.297221 291.922982	5.62e-01  9.08e-01  6.57e+02	-6.8646 52.0678 0.3991	
98.297221 291.922982	8.60e-01  9.71e-01  5.87e+02	29.6814 99.0133 0.1416	
98.297221 291.922982	7.67e-01  8.02e-01  6.43e+02	-1.1006 66.0536 0.1771	
98.297221 291.922982	8.02e-01  9.28e-01  6.07e+02	-3.3773 92.0155 0.9707	
98.297221 291.922982	8.11e-01  9.43e-01  6.02e+02	-8.2130 94.6021 0.5172	
98.297221 291.922982	6.27e-01  9.43e-01  6.36e+02	-2.9119 72.0312 0.8395	
98.297221 291.922982	7.06e-01  8.89e-01  6.35e+02	-4.3695 72.7526 0.2664	
98.297221 291.922982	7.48e-01  9.14e-01  6.21e+02	5.1757 83.0851 0.4954	
98.297221 291.922982	7.53e-01  9.42e-01  6.14e+02	-10.9932 87.4225 0.5833	
98.297221 291.922982	6.86e-01  9.35e-01  6.28e+02	-27.3877 73.6664 0.8816	
98.297221 291.922982	7.81e-01  9.49e-01  6.07e+02	11.0466 91.7959 0.8143	
98.297221 291.922982	7.99e-01  8.75e-01  6.20e+02	22.2467 81.0666 0.8487	
98.297221 291.922982	6.96e-01  8.35e-01  6.51e+02	-9.5504 58.1904 0.8161	
98.297221 291.922982	7.01e-01  8.76e-01  6.39e+02	-9.6580 68.8216 0.6091	
98.297221 291.922982	7.40e-01  7.83e-01  6.54e+02	6.8943 55.3114 0.7098	
98.297221 291.922982	6.82e-01  7.97e-01  6.63e+02	-12.7032 43.0376 0.5405	
98.297221 291.922982	8.09e-01  9.39e-01  6.04e+02	-13.7353 93.1925 0.7035	
98.297221 291.922982	7.90e-01  8.95e-01  6.17e+02	-5.9951 85.6217 0.2487	
98.297221 291.922982	5.58e-01  9.35e-01  6.50e+02	23.4723 54.7949 0.5909	
98.297221 291.922982	7.14e-01  8.65e-01  6.40e+02	-42.0552 54.9061 0.2821	
98.297221 291.922982	7.19e-01  9.44e-01  6.19e+02	-4.7208 84.1952 0.2805	
98.297221 291.922982	7.74e-01  8.59e-01  6.29e+02	16.0941 76.0040 0.6937	
98.297221 291.922982	7.79e-01  8.52e-01  6.29e+02	50.5600 58.6415 0.3097	
98.297221 291.922982	6.74e-01  8.62e-01  6.49e+02	21.3213 57.4415 0.1182	
98.297221 291.922982	7.17e-01  8.90e-01  6.33e+02	6.4663 74.2554 0.7058	
98.297221 291.922982	6.31e-01  8.93e-01  6.49e+02	-2.3480 61.2339 0.6383	
98.297221 291.922982	7.90e-01  9.30e-01  6.09e+02	39.9115 81.5847 0.0493	
98.297221 291.922982	6.54e-01  9.20e-01  6.37e+02	-33.6138 62.6441 0.9457	
98.297221 291.922982	6.84e-01  8.33e-01  6.54e+02	-10.1053 55.1554 0.6809	
98.297221 291.922982	7.91e-01  9.06e-01  6.14e+02	-8.3463 87.1455 0.1259	
98.297221 291.922982	7.88e-01  9.39e-01  6.08e+02	9.7553 91.2624 0.6518	
98.297221 291.922982	7.41e-01  8.40e-01  6.40e+02	4.1063 68.7228 0.6242	
98.297221 291.922982	8.26e-01  9.18e-01  6.05e+02	24.2695 90.2337 0.1470	
98.297221 291.922982	6.88e-01  8.79e-01  6.41e+02	-7.5578 67.4774 0.0033	
98.297221 291.922982	6.25e-01  9.27e-01  6.41e+02	-26.6419 62.8748 0.2392	
98.297221 291.922982	8.22e-01  8.60e-01  6.19e+02	-23.3565 81.6048 0.3463	
98.297221 291.922982	6.01e-01  9.90e-01  6.28e+02	30.7616 72.0047 0.0235	
98.297221 291.922982	7.40e-01  9.44e-01  6.15e+02	1.4803 86.9102 0.4699	
98.297221 291.922982	7.73e-01  8.25e-01  6.37e+02	-23.5008 67.6752 0.6884	
98.297221 291.922982	7.18e-01  9.61e-01  6.16e+02	-22.2240 83.9682 0.7246	
98.297221 291.922982	8.72e-01  9.29e-01  5.93e+02	47.1468 88.0747 0.5416	
98.297221 291.922982	7.22e-01  8.68e-01  6.37e+02	30.3976 64.4549 0.7304	
98.297221 291.922982	7.52e-01  8.74e-01  6.30e+02	-6.9130 76.8611 0.7224	
98.297221 291.922982	7.38e-01  8.38e-01  6.41e+02	24.4944 63.5004 0.3772	
98.297221 291.922982	6.61e-01  9.08e-01  6.39e+02	44.6998 53.3838 0.0597	
98.297221 291.922982	7.84e-01  9.29e-01  6.11e+02	21.2651 87.4601 0.7312	
98.297221 291.922982	7.54e-01  9.06e-01  6.22e+02	34.3037 75.3121 0.0517	
98.297221 291.922982	7.04e-01  9.35e-01  6.24e+02	-39.8368 70.5376 0.6736	
98.297221 291.922982	6.24e-01  9.46e-01  6.36e+02	6.7830 72.0088 0.3706	
98.297221 291.922982	6.01e-01  9.21e-01  6.47e+02	-38.7315 49.8903 0.6323	
98.297221 291.922982	7.92e-01  8.52e-01  6.27e+02	35.8793 70.7273 0.4229	
98.297221 291.922982	7.43e-01  9.01e-01  6.25e+02	-13.8981 79.2318 0.1876	
98.297221 291.922982	7.54e-01  9.49e-01  6.12e+02	14.9288 87.9839 0.4732	
98.297221 291.922982	7.28e-01  9.78e-01  6.09e+02	-10.1926 90.0849 0.8824	
98.297221 291.922982	7.85e-01  8.58e-01  6.27e+02	8.2221 78.9144 0.6461	
98.297221 291.922982	7.72e-01  8.70e-01  6.26e+02	-17.9800 77.3974 0.4755	
98.297221 291.922982	6.73e-01  9.43e-01  6.28e+02	32.4324 71.3129 0.9623	
98.297221 291.922982	5.81e-01  9.92e-01  6.31e+02	5.9533 76.0327 0.9382	
98.297221 291.922982	6.86e-01  9.44e-01  6.25e+02	2.5093 80.1047 0.2635	
98.297221 291.922982	8.75e-01  9.21e-01  5.94e+02	-35.6027 92.8150 0.9378	
98.297221 291.922982	6.78e-01  9.57e-01  6.24e+02	-11.8047 80.5646 0.2150	
98.297221 291.922982	6.50e-01  9.67e-01  6.26e+02	21.9493 76.7825 0.6417	
98.297221 291.922982	6.80e-01  9.25e-01  6.31e+02	-3.3129 75.9322 0.0766	
98.297221 291.922982	7.37e-01  9.59e-01  6.12e+02	-49.2872 73.9386 0.7436	
98.297221 291.922982	6.01e-01  8.91e-01  6.55e+02	-11.5071 53.6512 0.5711	
98.297221 291.922982	7.29e-01  9.10e-01  6.26e+02	-26.4322 75.5390 0.1341	
98.297221 291.922982	7.70e-01  8.80e-01  6.25e+02	5.3854 80.5480 0.7235	
98.297221 291.922982	8.62e-01  8.99e-01  6.02e+02	51.9601 79.8231 0.3282	
98.297221 291.922982	7.21e-01  9.05e-01  6.28e+02	15.4135 76.5993 0.1252	
98.297221 291.922982	6.94e-01  8.97e-01  6.36e+02	-38.1940 61.7546 0.5185	
98.297221 291.922982	5.63e-01  9.24e-01  6.52e+02	-20.2920 53.8767 0.1827	
98.297221 291.922982	7.93e-01  9.09e-01  6.13e+02	-41.9613 77.7186 0.6007	
98.297221 291.922982	7.86e-01  9.41e-01  6.08e+02	-28.6875 87.1700 0.7606	
98.297221 291.922982	8.27e-01  9.74e-01  5.92e+02	-48.1652 88.1489 0.2764	
98.297221 291.922982	7.62e-01  9.67e-01  6.06e+02	29.1290 88.1395 0.7149	
98.297221 291.922982	7.81e-01  8.83e-01  6.22e+02	-14.0808 81.5466 0.5155	
98.297221 291.922982	4.77e-01  9.54e-01  6.57e+02	-27.3111 44.2712 0.6452	
98.297221 291.922982	6.07e-01  9.48e-01  6.38e+02	24.6303 65.8317 0.3646	
98.297221 291.922982	7.69e-01  7.82e-01  6.48e+02	25.3052 56.8714 0.8759	
98.297221 291.922982	7.66e-01  8.28e-01  6.38e+02	-7.3375 70.5983 0.0976	
98.297221 291.922982	7.65e-01  8.84e-01  6.25e+02	-12.1442 79.7413 0.5383	
98.297221 291.922982	8.66e-01  9.31e-01  5.94e+02	0.3336 99.5260 0.3986	
98.297221 291.922982	7.30e-01  9.43e-01  6.17e+02	0.7877 85.6196 0.0478	
98.297221 291.922982	6.87e-01  8.62e-01  6.46e+02	-22.5085 59.7699 0.9772	
98.297221 291.922982	7.56e-01  9.09e-01  6.21e+02	-37.6550 74.4312 0.4580	
98.297221 291.922982	7.44e-01  9.33e-01  6.17e+02	-44.5259 73.2655 0.2745	
98.297221 291.922982	6.00e-01  9.54e-01  6.38e+02	37.0924 60.3336 0.3364	
98.297221 291.922982	6.92e-01  8.51e-01  6.48e+02	2.6817 62.0348 0.4813	
98.297221 291.922982	6.79e-01  8.80e-01  6.43e+02	-32.9873 57.9060 0.1914	
98.297221 291.922982	6.57e-01  9.30e-01  6.34e+02	-6.8873 73.3580 0.1854	
98.297221 291.922982	5.92e-01  9.55e-01  6.39e+02	-18.1953 67.3264 0.7063	
98.297221 291.922982	7.04e-01  9.19e-01  6.28e+02	15.2942 76.6141 0.0897	
98.297221 291.922982	7.48e-01  8.69e-01  6.32e+02	3.6599 75.5063 0.4387	
98.297221 291.922982	6.50e-01  8.47e-01  6.57e+02	3.8375 52.3931 0.2353	
98.297221 291.922982	7.16e-01  8.27e-01  6.48e+02	7.7878 60.9584 0.2915	
98.297221 291.922982	7.56e-01  9.90e-01  6.02e+02	-40.4982 86.2952 0.3236	
98.297221 291.922982	7.22e-01  9.33e-01  6.21e+02	-12.4756 82.0479 0.1069	
98.297221 291.922982	7.06e-01  9.36e-01  6.24e+02	10.0091 80.8597 0.9800	
98.297221 291.922982	7.97e-01  8.96e-01  6.16e+02	-50.0282 70.8993 0.8411	
98.297221 291.922982	6.65e-01  8.57e-01  6.52e+02	-17.5326 55.5919 0.5150	
98.297221 291.922982	7.33e-01  8.91e-01  6.30e+02	-36.4353 68.0725 0.3444	
98.297221 291.922982	6.62e-01  8.91e-01  6.43e+02	-8.9328 65.6060 0.6006	
98.297221 291.922982	6.30e-01  9.02e-01  6.46e+02	13.7989 61.7792 0.6547	
98.297221 291.922982	7.50e-01  9.02e-01  6.23e+02	-13.7009 80.4057 0.6539	
98.297221 291.922982	7.52e-01  8.40e-01  6.38e+02	9.0135 70.2059 0.3669	
98.297221 291.922982	7.39e-01  9.15e-01  6.23e+02	-3.8165 82.0729 0.0707	
98.297221 291.922982	6.16e-01  9.28e-01  6.42e+02	-1.4520 67.1202 0.4717	
98.297221 291.922982	7.04e-01  8.98e-01  6.33e+02	-3.4415 74.1655 0.0104	
98.297221 291.922982	8.07e-01  8.78e-01  6.18e+02	26.9886 81.1019 0.3797	
98.297221 291.922982	8.07e-01  9.07e-01  6.11e+02	-22.7953 86.7888 0.1148	
98.297221 291.922982	7.29e-01  8.88e-01  6.31e+02	20.0350 73.3261 0.2339	
98.297221 291.922982	7.94e-01  9.62e-01  6.01e+02	37.2242 87.9679 0.4257	
98.297221 291.922982	7.80e-01  8.87e-01  6.21e+02	3.6838 83.1533 0.5376	
98.297221 291.922982	8.54e-01  9.48e-01  5.93e+02	-3.9182 100.0558 0.7174	
98.297221 291.922982	8.34e-01  8.77e-01  6.12e+02	2.7889 88.8227 0.8407	
98.297221 291.922982	6.47e-01  9.69e-01  6.26e+02	19.0748 77.4585 0.2431	
98.297221 291.922982	8.29e-01  8.99e-01  6.08e+02	-19.0258 89.3219 0.5658	
98.297221 291.922982	6.41e-01  8.66e-01  6.54e+02	22.5004 51.2150 0.5430	
98.297221 291.922982	7.15e-01  9.67e-01  6.15e+02	-25.5900 83.6314 0.7899	
98.297221 291.922982	7.99e-01  8.58e-01  6.24e+02	-43.3403 68.9881 0.8663	
98.297221 291.922982	5.41e-01  8.99e-01  6.63e+02	-11.6685 43.1699 0.6882	
98.297221 291.922982	5.79e-01  9.39e-01  6.45e+02	0.3317 64.1335 0.9290	
98.297221 291.922982	6.48e-01  8.35e-01  6.61e+02	-14.3855 45.9470 0.5861	
98.297221 291.922982	8.08e-01  8.92e-01  6.14e+02	-36.9359 79.5685 0.4127	
98.297221 291.922982	7.90e-01  8.87e-01  6.19e+02	23.5262 81.3734 0.9351	
98.297221 291.922982	7.42e-01  8.73e-01  6.32e+02	21.1035 72.4431 0.4588	
98.297221 291.922982	7.08e-01  8.54e-01  6.44e+02	17.4981 63.5488 0.0966	
98.297221 291.922982	7.14e-01  9.45e-01  6.20e+02	-21.2839 81.0673 0.7943	
98.297221 291.922982	6.95e-01  8.20e-01  6.54e+02	3.7596 55.1081 0.5276	
98.297221 291.922982	7.33e-01  8.62e-01  6.37e+02	35.0863 62.6115 0.2049	
98.297221 291.922982	7.42e-01  9.61e-01  6.11e+02	-6.8983 89.4472 0.3297	
98.297221 291.922982	8.31e-01  9.66e-01  5.94e+02	11.5618 99.1671 0.8055	
98.297221 291.922982	6.70e-01  8.60e-01  6.50e+02	-6.0354 59.6901 0.6469	
98.297221 291.922982	7.42e-01  9.78e-01  6.07e+02	4.5995 92.0612 0.4396	
98.297221 291.922982	6.90e-01  8.56e-01  6.47e+02	-7.6796 62.5433 0.1130	
98.297221 291.922982	7.41e-01  8.84e-01  6.30e+02	-11.6432 76.3155 0.4725	
98.297221 291.922982	8.20e-01  9.93e-01  5.89e+02	14.9480 100.8721 0.4271	
98.297221 291.922982	7.59e-01  9.78e-01  6.04e+02	-43.4355 83.3985 0.2395	
98.297221 291.922982	8.31e-01  8.37e-01  6.22e+02	44.3007 69.9760 0.8556	
98.297221 291.922982	7.78e-01  8.31e-01  6.34e+02	-5.0355 73.4017 0.8051	
98.297221 291.922982	6.66e-01  8.54e-01  6.52e+02	-1.1534 57.9594 0.1857	
98.297221 291.922982	6.54e-01  9.21e-01  6.37e+02	-21.9092 67.8954 0.1983	
98.297221 291.922982	6.57e-01  8.86e-01  6.46e+02	-13.9476 62.4350 0.9366	
98.297221 291.922982	6.73e-01  8.95e-01  6.40e+02	-42.7829 53.6959 0.5410	
98.297221 291.922982	6.85e-01  8.27e-01  6.55e+02	17.7013 51.5825 0.2916	
98.297221 291.922982	7.57e-01  8.89e-01  6.25e+02	-25.0251 76.3458 0.2679	
98.297221 291.922982	8.11e-01  8.91e-01  6.14e+02	-20.2957 85.6989 0.8165	
98.297221 291.922982	6.94e-01  8.74e-01  6.41e+02	-3.1338 67.7307 0.5298	
98.297221 291.922982	6.53e-01  9.31e-01  6.35e+02	-12.3353 72.2319 0.7720	
98.297221 291.922982	7.19e-01  9.37e-01  6.21e+02	46.4712 68.9873 0.1785	
98.297221 291.922982	7.13e-01  9.69e-01  6.14e+02	33.6151 80.9963 0.7452	
98.297221 291.922982	7.56e-01  9.32e-01  6.15e+02	14.0816 85.8852 0.7609	
98.297221 291.922982	5.76e-01  9.75e-01  6.36e+02	18.9121 69.6048 0.5600	
98.297221 291.922982	8.57e-01  9.16e-01  5.99e+02	18.9955 94.9418 0.1986	
98.297221 291.922982	8.29e-01  9.38e-01  6.00e+02	10.4734 95.6967 0.1168	
98.297221 291.922982	7.41e-01  8.37e-01  6.41e+02	10.4468 67.5010 0.8556	
98.297221 291.922982	6.80e-01  9.33e-01  6.29e+02	-26.8030 72.5900 0.7611	
98.297221 291.922982	6.74e-01  8.66e-01  6.47e+02	5.1567 62.0442 0.2745	
98.297221 291.922982	7.08e-01  9.87e-01  6.11e+02	-49.5326 74.7892 0.5997	
98.297221 291.922982	6.62e-01  9.75e-01  6.22e+02	-14.6458 81.4056 0.6576	
98.297221 291.922982	6.98e-01  9.03e-01  6.33e+02	-19.3212 71.6644 0.5297	
98.297221 291.922982	7.96e-01  9.45e-01  6.05e+02	-13.2083 92.6792 0.8647	
98.297221 291.922982	8.16e-01  8.70e-01  6.18e+02	27.2288 81.0936 0.8063	
98.297221 291.922982	8.27e-01  8.44e-01  6.21e+02	-9.3230 82.8698 0.8856	
98.297221 291.922982	8.14e-01  9.63e-01  5.97e+02	-10.8823 97.2019 0.3867	
98.297221 291.922982	7.63e-01  9.10e-01  6.19e+02	26.2936 80.4071 0.6574	
98.297221 291.922982	5.92e-01  9.72e-01  6.34e+02	-0.0175 73.4987 0.9001	
98.297221 291.922982	7.41e-01  9.75e-01  6.08e+02	-64.2555 65.2101 0.3724	
98.297221 291.922982	6.54e-01  9.50e-01  6.30e+02	17.6587 75.0209 0.7147	
98.297221 291.922982	7.43e-01  9.30e-01  6.18e+02	-11.0770 84.3582 0.0897	
98.297221 291.922982	6.61e-01  9.22e-01  6.36e+02	-2.2547 72.4451 0.7401	
98.297221 291.922982	7.00e-01  8.93e-01  6.36e+02	-7.8383 72.1352 0.7568	
98.297221 291.922982	6.24e-01  8.75e-01  6.55e+02	8.1768 54.1660 0.7700	
98.297221 291.922982	6.69e-01  9.29e-01  6.32e+02	2.2391 75.1249 0.0067	
98.297221 291.922982	6.31e-01  8.52e-01  6.59e+02	8.6719 48.8162 0.0218	
98.297221 291.922982	8.13e-01  9.12e-01  6.09e+02	-27.5324 86.8512 0.5370	
98.297221 291.922982	7.16e-01  7.88e-01  6.58e+02	6.9533 50.6679 0.8831	
98.297221 291.922982	7.29e-01  8.68e-01  6.36e+02	20.9830 69.2320 0.1165	
98.297221 291.922982	6.82e-01  9.33e-01  6.29e+02	-27.7033 72.6162 0.8271	
98.297221 291.922982	7.34e-01  9.21e-01  6.22e+02	6.7551 82.1816 0.3422	
98.297221 291.922982	6.81e-01  9.24e-01  6.31e+02	26.7486 71.0460 0.3016	
98.297221 291.922982	7.61e-01  8.31e-01  6.38e+02	11.2219 69.7578 0.1928	
98.297221 291.922982	7.35e-01  7.66e-01  6.59e+02	14.0770 48.1303 0.7985	
98.297221 291.922982	7.62e-01  9.43e-01  6.12e+02	4.2293 89.2115 0.7822	
98.297221 291.922982	7.73e-01  9.49e-01  6.08e+02	12.8552 90.5119 0.1128	
98.297221 291.922982	7.29e-01  9.52e-01  6.15e+02	-51.2492 70.2437 0.8800	
98.297221 291.922982	8.21e-01  9.15e-01  6.07e+02	12.3173 91.5790 0.9352	
98.297221 291.922982	7.07e-01  8.51e-01  6.45e+02	-3.4624 64.8616 0.6767	
98.297221 291.922982	8.47e-01  9.19e-01  6.00e+02	-4.4328 95.8597 0.4385	
98.297221 291.922982	8.06e-01  8.56e-01  6.23e+02	-29.8949 76.4804 0.2450	
98.297221 291.922982	7.16e-01  9.14e-01  6.27e+02	19.8384 76.2634 0.6846	
98.297221 291.922982	7.40e-01  9.60e-01  6.12e+02	46.0974 76.4996 0.7805	
98.297221 291.922982	6.78e-01  8.58e-01  6.49e+02	-27.9751 54.5390 0.6514	
98.297221 291.922982	7.28e-01  9.40e-01  6.19e+02	17.5909 82.9509 0.9369	
98.297221 291.922982	7.38e-01  8.04e-01  6.49e+02	-8.3457 59.9310 0.4153	
98.297221 291.922982	6.91e-01  9.38e-01  6.26e+02	19.7118 77.4222 0.3654	
98.297221 291.922982	7.14e-01  8.82e-01  6.35e+02	15.6643 70.9938 0.8966	
98.297221 291.922982	8.11e-01  8.46e-01  6.24e+02	16.9004 79.5322 0.8883	
98.297221 291.922982	5.89e-01  9.72e-01  6.35e+02	10.3938 72.3334 0.6057	
98.297221 291.922982	7.38e-01  8.54e-01  6.37e+02	13.2349 69.8422 0.2651	
98.297221 291.922982	7.01e-01  9.55e-01  6.20e+02	-8.9989 83.4028 0.7110	
98.297221 291.922982	6.83e-01  9.47e-01  6.25e+02	20.7251 77.6235 0.3598	
98.297221 291.922982	6.20e-01  9.32e-01  6.40e+02	-33.5400 60.0387 0.8209	
98.297221 291.922982	7.17e-01  8.76e-01  6.36e+02	10.8783 71.0798 0.0796	
98.297221 291.922982	6.57e-01  8.87e-01  6.45e+02	23.7011 59.7262 0.7279	
98.297221 291.922982	7.25e-01  9.53e-01  6.16e+02	18.8297 84.4374 0.6343	
98.297221 291.922982	6.97e-01  8.76e-01  6.40e+02	18.8215 66.0516 0.1424	
98.297221 291.922982	7.61e-01  8.97e-01  6.23e+02	-28.4974 77.0933 0.8443	
98.297221 291.922982	7.19e-01  8.84e-01  6.34e+02	8.8093 73.2687 0.4874	
98.297221 291.922982	7.07e-01  9.11e-01  6.30e+02	17.2899 75.1368 0.0313	
98.297221 291.922982	7.06e-01  9.49e-01  6.21e+02	0.8772 83.5846 0.7179	
98.297221 291.922982	7.95e-01  8.47e-01  6.27e+02	-9.4564 78.4791 0.4082	
98.297221 291.922982	6.81e-01  9.84e-01  6.16e+02	51.2333 69.5581 0.7844	
98.297221 291.922982	7.20e-01  9.32e-01  6.22e+02	16.5544 80.8531 0.5692	
98.297221 291.922982	6.17e-01  9.48e-01  6.37e+02	-26.1750 66.7507 0.5851	
98.297221 291.922982	8.26e-01  8.87e-01  6.12e+02	-0.1118 89.2826 0.2228	
98.297221 291.922982	6.55e-01  9.34e-01  6.34e+02	-10.9867 73.1984 0.5607	
98.297221 291.922982	7.57e-01  7.72e-01  6.52e+02	15.0571 55.3478 0.5890	
98.297221 291.922982	5.98e-01  9.00e-01  6.53e+02	-10.1990 56.0514 0.8343	
98.297221 291.922982	7.48e-01  9.51e-01  6.12e+02	-11.5062 88.0938 0.7184	
98.297221 291.922982	8.42e-01  9.31e-01  5.99e+02	-14.1307 95.8043 0.1240	
98.297221 291.922982	7.53e-01  8.69e-01  6.31e+02	-3.4824 76.2219 0.9769	
98.297221 291.922982	7.52e-01  9.50e-01  6.12e+02	-19.1822 87.1325 0.4624	
98.297221 291.922982	7.51e-01  9.61e-01  6.09e+02	29.4510 85.8568 0.7189	
98.297221 291.922982	5.84e-01  9.99e-01  6.29e+02	43.3805 64.7224 0.2063	
98.297221 291.922982	7.34e-01  8.87e-01  6.30e+02	11.6189 75.8649 0.8069	
98.297221 291.922982	6.39e-01  8.44e-01  6.60e+02	-3.1335 48.9100 0.1852	
98.297221 291.922982	8.05e-01  8.81e-01  6.17e+02	17.1690 83.9877 0.8969	
98.297221 291.922982	7.27e-01  8.83e-01  6.32e+02	-23.7397 71.1483 0.3614	
98.297221 291.922982	6.90e-01  8.12e-01  6.58e+02	-18.4130 48.1345 0.5454	
98.297221 291.922982	7.63e-01  9.30e-01  6.14e+02	-20.7912 85.0545 0.9227	
98.297221 291.922982	7.92e-01  8.74e-01  6.21e+02	-25.2073 79.0658 0.8747	
98.297221 291.922982	8.32e-01  9.41e-01  5.99e+02	59.4961 76.6703 0.0075	
98.297221 291.922982	8.56e-01  8.71e-01  6.09e+02	-19.2480 88.9992 0.1338	
98.297221 291.922982	7.97e-01  9.11e-01  6.12e+02	-19.5491 86.8842 0.4029	
98.297221 291.922982	8.13e-01  8.76e-01  6.17e+02	-10.9707 85.2543 0.3230	
98.297221 291.922982	8.23e-01  8.72e-01  6.16e+02	-9.6165 86.2588 0.0745	
98.297221 291.922982	7.63e-01  8.35e-01  6.37e+02	-33.0232 63.6233 0.7425	
98.297221 291.922982	7.19e-01  9.51e-01  6.18e+02	-10.7111 84.7915 0.9144	
98.297221 291.922982	6.87e-01  9.73e-01  6.18e+02	34.2838 78.1102 0.5817	
98.297221 291.922982	6.91e-01  9.32e-01  6.27e+02	-10.9573 77.9599 0.0412	
98.297221 291.922982	7.84e-01  9.09e-01  6.15e+02	12.4729 86.1262 0.7353	
98.297221 291.922982	8.19e-01  9.56e-01  5.98e+02	35.2952 90.8334 0.5498	
98.297221 291.922982	7.40e-01  9.90e-01  6.05e+02	43.2323 82.9884 0.6449	
98.297221 291.922982	7.91e-01  9.90e-01  5.95e+02	40.7723 90.0258 0.1237	
98.297221 291.922982	5.76e-01  8.98e-01  6.57e+02	-14.1387 50.2027 0.4521	
98.297221 291.922982	6.29e-01  9.18e-01  6.43e+02	-31.8731 58.6326 0.0659	
98.297221 291.922982	7.85e-01  8.77e-01  6.22e+02	29.8585 76.7659 0.9151	
98.297221 291.922982	7.54e-01  9.52e-01  6.11e+02	5.5272 89.6858 0.0570	
98.297221 291.922982	7.30e-01  9.41e-01  6.18e+02	23.0346 82.0392 0.0686	
98.297221 291.922982	6.89e-01  8.12e-01  6.58e+02	-12.2409 49.8978 0.9535	
98.297221 291.922982	7.74e-01  9.15e-01  6.16e+02	-4.8810 86.6733 0.1384	
98.297221 291.922982	7.38e-01  9.72e-01  6.09e+02	-41.4282 80.9367 0.6429	
98.297221 291.922982	7.55e-01  7.78e-01  6.52e+02	3.3192 58.1065 0.4248	
98.297221 291.922982	7.85e-01  8.82e-01  6.21e+02	36.4532 74.8227 0.1188	
98.297221 291.922982	6.32e-01  9.14e-01  6.43e+02	-43.1219 50.6147 0.5909	
98.297221 291.922982	7.79e-01  8.52e-01  6.29e+02	5.4398 77.2102 0.7629	
98.297221 291.922982	7.84e-01  9.11e-01  6.15e+02	-53.6327 68.9908 0.5401	
98.297221 291.922982	7.26e-01  9.17e-01  6.25e+02	-10.5733 80.0846 0.8463	
98.297221 291.922982	5.91e-01  8.74e-01  6.61e+02	-5.8380 46.8376 0.9188	
98.297221 291.922982	7.54e-01  8.86e-01  6.27e+02	4.5287 79.2803 0.3914	
98.297221 291.922982	6.62e-01  8.60e-01  6.51e+02	-4.1878 58.3102 0.0906	
98.297221 291.922982	7.42e-01  9.53e-01  6.13e+02	-26.9050 84.3832 0.0372	
98.297221 291.922982	6.80e-01  9.43e-01  6.27e+02	-43.9950 65.7751 0.2499	
98.297221 291.922982	6.32e-01  8.58e-01  6.58e+02	-14.6386 49.5425 0.4044	
98.297221 291.922982	7.88e-01  9.20e-01  6.12e+02	-7.0579 88.8836 0.2647	
98.297221 291.922982	7.38e-01  9.65e-01  6.11e+02	-47.1482 76.5223 0.9693	
98.297221 291.922982	7.40e-01  9.17e-01  6.22e+02	-18.7091 80.5384 0.6881	
98.297221 291.922982	6.45e-01  9.00e-01  6.44e+02	18.6630 62.7406 0.4142	
98.297221 291.922982	6.87e-01  7.97e-01  6.62e+02	-1.3014 46.1848 0.0220	
98.297221 291.922982	7.54e-01  9.61e-01  6.09e+02	-8.4906 90.6679 0.1114	
98.297221 291.922982	6.29e-01  8.46e-01  6.61e+02	24.0460 40.5173 0.5360	
98.297221 291.922982	7.31e-01  9.23e-01  6.22e+02	-26.7603 77.9347 0.7836	
98.297221 291.922982	9.11e-01  9.66e-01  5.78e+02	15.9248 106.4792 0.3843	
98.297221 291.922982	7.68e-01  9.08e-01  6.18e+02	-11.9115 84.1068 0.5404	
98.297221 291.922982	6.95e-01  8.79e-01  6.40e+02	2.3576 68.8734 0.0218	
98.297221 291.922982	8.03e-01  9.57e-01  6.01e+02	1.8714 95.8444 0.5058	
98.297221 291.922982	6.68e-01  8.58e-01  6.50e+02	-13.0102 57.9100 0.8622	
98.297221 291.922982	7.59e-01  9.58e-01  6.09e+02	-13.1258 90.1398 0.0510	
98.297221 291.922982	7.48e-01  8.51e-01  6.36e+02	-28.5238 66.3255 0.1185	
98.297221 291.922982	7.43e-01  9.84e-01  6.05e+02	8.6034 92.7589 0.8417	
98.297221 291.922982	6.52e-01  9.34e-01  6.34e+02	-12.2154 72.6811 0.5992	
98.297221 291.922982	7.14e-01  8.26e-01  6.49e+02	-28.1259 53.8280 0.1288	
98.297221 291.922982	8.03e-01  9.12e-01  6.11e+02	37.3290 81.8380 0.5567	
98.297221 291.922982	7.66e-01  9.41e-01  6.11e+02	3.7325 89.5342 0.3214	
98.297221 291.922982	6.85e-01  9.62e-01  6.21e+02	7.6343 82.8604 0.5319	
98.297221 291.922982	8.49e-01  9.62e-01  5.91e+02	-28.6789 97.1117 0.6127	
98.297221 291.922982	7.05e-01  8.37e-01  6.48e+02	-15.2666 59.6010 0.2632	
98.297221 291.922982	7.51e-01  8.58e-01  6.34e+02	-40.7217 61.8117 0.8322	
98.297221 291.922982	8.44e-01  9.36e-01  5.97e+02	31.9551 92.4010 0.7146	
98.297221 291.922982	8.41e-01  8.89e-01  6.08e+02	66.2416 62.9304 0.5582	
98.297221 291.922982	6.28e-01  8.88e-01  6.50e+02	-28.1088 52.3068 0.1531	
98.297221 291.922982	6.75e-01  8.64e-01  6.48e+02	2.5755 62.0537 0.0814	
98.297221 291.922982	7.23e-01  9.18e-01  6.25e+02	-4.8890 80.4611 0.8030	
98.297221 291.922982	7.01e-01  8.95e-01  6.35e+02	-16.5239 71.3503 0.8183	
98.297221 291.922982	6.36e-01  9.38e-01  6.36e+02	7.5013 71.9020 0.0427	
98.297221 291.922982	8.15e-01  8.42e-01  6.24e+02	16.4934 79.5062 0.6175	
98.297221 291.922982	6.77e-01  8.47e-01  6.51e+02	-12.5606 57.0053 0.5374	
98.297221 291.922982	7.34e-01  9.56e-01  6.14e+02	18.8056 85.9541 0.4258	
98.297221 291.922982	8.40e-01  9.54e-01  5.94e+02	59.3298 79.8376 0.8219	
98.297221 291.922982	6.63e-01  9.40e-01  6.31e+02	7.0548 76.0169 0.0490	
98.297221 291.922982	8.42e-01  9.37e-01  5.98e+02	-6.7926 97.3938 0.7186	
98.297221 291.922982	5.76e-01  8.76e-01  6.63e+02	1.1847 44.6186 0.9774	
98.297221 291.922982	7.69e-01  8.62e-01  6.29e+02	-4.1147 77.3189 0.7649	
98.297221 291.922982	7.97e-01  8.86e-01  6.18e+02	22.7616 82.2235 0.6984	
98.297221 291.922982	6.75e-01  9.77e-01  6.19e+02	5.1219 84.3118 0.1872	
98.297221 291.922982	8.00e-01  9.42e-01  6.05e+02	11.1484 92.9074 0.2901	
98.297221 291.922982	7.79e-01  9.49e-01  6.07e+02	56.7078 72.5917 0.3248	
98.297221 291.922982	7.43e-01  8.97e-01  6.26e+02	2.0837 79.8075 0.5875	
98.297221 291.922982	6.58e-01  9.04e-01  6.41e+02	1.0141 68.4001 0.2942	
98.297221 291.922982	6.74e-01  8.63e-01  6.48e+02	-9.5133 60.8974 0.0811	
98.297221 291.922982	6.08e-01  9.22e-01  6.45e+02	-40.7512 49.8328 0.9470	
98.297221 291.922982	5.96e-01  9.03e-01  6.53e+02	-19.0090 54.0590 0.0639	
98.297221 291.922982	6.86e-01  8.65e-01  6.45e+02	33.9923 54.6872 0.1710	
98.297221 291.922982	6.54e-01  8.64e-01  6.52e+02	-4.2752 57.8234 0.4872	
98.297221 291.922982	7.41e-01  9.18e-01  6.22e+02	13.9690 81.7176 0.0634	
98.297221 291.922982	7.84e-01  9.36e-01  6.09e+02	14.8932 89.7790 0.7599	
98.297221 291.922982	6.72e-01  9.12e-01  6.36e+02	-17.4333 70.0204 0.0652	
98.297221 291.922982	6.69e-01  9.64e-01  6.23e+02	27.3088 76.9010 0.7479	
98.297221 291.922982	7.63e-01  9.03e-01  6.21e+02	-6.9673 83.0971 0.1637	
98.297221 291.922982	7.59e-01  9.57e-01  6.09e+02	13.5975 90.0079 0.2281	
98.297221 291.922982	7.63e-01  9.31e-01  6.14e+02	-35.0489 80.4707 0.4032	
98.297221 291.922982	5.73e-01  8.86e-01  6.61e+02	-10.2879 46.5486 0.6987	
98.297221 291.922982	7.42e-01  7.88e-01  6.52e+02	2.8047 57.6143 0.1656	
98.297221 291.922982	6.91e-01  7.83e-01  6.65e+02	5.3351 42.3403 0.5047	
98.297221 291.922982	5.82e-01  8.92e-01  6.58e+02	22.4156 46.1741 0.3791	
98.297221 291.922982	7.52e-01  9.89e-01  6.03e+02	39.1493 86.2217 0.3686	
98.297221 291.922982	9.24e-01  9.47e-01  5.79e+02	24.4537 104.2589 0.0592	
98.297221 291.922982	6.17e-01  9.02e-01  6.49e+02	-5.7997 60.8090 0.6376	
98.297221 291.922982	8.90e-01  9.46e-01  5.86e+02	-11.7854 102.9552 0.8186	
98.297221 291.922982	6.32e-01  9.09e-01  6.44e+02	22.7100 61.2484 0.8275	
98.297221 291.922982	7.00e-01  8.34e-01  6.50e+02	-8.9796 58.8931 0.8142	
98.297221 291.922982	6.88e-01  9.80e-01  6.16e+02	8.5218 86.1484 0.5411	
98.297221 291.922982	7.83e-01  9.29e-01  6.11e+02	-8.2706 89.5652 0.2440	
98.297221 291.922982	7.00e-01  9.24e-01  6.28e+02	-22.8751 74.9962 0.3674	
98.297221 291.922982	7.94e-01  9.54e-01  6.03e+02	15.2968 93.2938 0.2134	
98.297221 291.922982	8.35e-01  9.81e-01  5.89e+02	-6.7562 101.7864 0.2024	
98.297221 291.922982	8.29e-01  9.22e-01  6.03e+02	-30.4068 89.2482 0.7231	
98.297221 291.922982	7.76e-01  9.34e-01  6.11e+02	2.3049 89.6681 0.8506	
98.297221 291.922982	8.06e-01  9.34e-01  6.05e+02	15.5891 91.9565 0.9667	
98.297221 291.922982	6.95e-01  8.95e-01  6.36e+02	-6.7345 71.7855 0.4243	
98.297221 291.922982	8.44e-01  9.49e-01  5.95e+02	0.6339 99.2839 0.3839	
98.297221 291.922982	6.17e-01  8.98e-01  6.50e+02	-29.0857 52.2938 0.4840	
98.297221 291.922982	7.43e-01  9.16e-01  6.22e+02	-28.6338 77.7356 0.4796	
98.297221 291.922982	7.46e-01  9.04e-01  6.24e+02	4.8220 81.1887 0.4300	
98.297221 291.922982	7.89e-01  9.42e-01  6.07e+02	-33.8295 85.9101 0.1881	
98.297221 291.922982	8.06e-01  8.98e-01  6.13e+02	32.2113 82.1510 0.0783	
98.297221 291.922982	6.87e-01  9.47e-01  6.25e+02	-1.2119 80.7306 0.6203	
98.297221 291.922982	8.67e-01  9.61e-01  5.88e+02	28.1098 98.9849 0.1602	
98.297221 291.922982	7.16e-01  9.57e-01  6.17e+02	-15.3153 84.7531 0.5423	
98.297221 291.922982	7.02e-01  8.08e-01  6.56e+02	31.8417 42.8579 0.6854	
98.297221 291.922982	7.66e-01  9.17e-01  6.17e+02	-51.2461 69.0754 0.8324	
98.297221 291.922982	7.94e-01  8.70e-01  6.22e+02	-6.2187 82.3799 0.8557	
98.297221 291.922982	7.81e-01  8.67e-01  6.25e+02	38.0435 70.5818 0.2380	
98.297221 291.922982	6.58e-01  9.63e-01  6.25e+02	31.7816 73.5994 0.7143	
98.297221 291.922982	5.94e-01  8.56e-01  6.66e+02	14.1272 38.7966 0.7974	
98.297221 291.922982	7.28e-01  8.07e-01  6.51e+02	8.9616 58.3584 0.1418	
98.297221 291.922982	6.07e-01  9.03e-01  6.50e+02	-22.0618 55.1877 0.9250	
98.297221 291.922982	7.28e-01  9.72e-01  6.11e+02	-8.5119 89.3543 0.2041	
98.297221 291.922982	7.07e-01  9.23e-01  6.27e+02	25.0960 75.1512 0.4619	
98.297221 291.922982	8.17e-01  9.17e-01  6.07e+02	-24.7490 88.8662 0.9652	
98.297221 291.922982	6.09e-01  9.04e-01  6.50e+02	24.0300 55.2268 0.6540	
98.297221 291.922982	6.89e-01  8.36e-01  6.52e+02	-36.1526 45.3190 0.1721	
98.297221 291.922982	7.17e-01  9.62e-01  6.15e+02	26.4473 82.9495 0.9474	
98.297221 291.922982	6.22e-01  8.97e-01  6.49e+02	9.2996 59.7781 0.7509	
98.297221 291.922982	7.05e-01  9.92e-01  6.10e+02	41.3210 80.2513 0.2455	
98.297221 291.922982	6.54e-01  9.31e-01  6.35e+02	25.4359 68.7328 0.4260	
98.297221 291.922982	7.29e-01  9.11e-01  6.26e+02	-48.2964 63.8640 0.6616	
98.297221 291.922982	7.95e-01  8.89e-01  6.17e+02	-0.0609 85.6414 0.5288	
98.297221 291.922982	8.83e-01  9.37e-01  5.90e+02	-18.5454 100.2347 0.2268	
98.297221 291.922982	7.38e-01  8.63e-01  6.35e+02	-23.9519 68.7989 0.9248	
98.297221 291.922982	6.89e-01  8.85e-01  6.40e+02	33.0168 60.8787 0.6246	
98.297221 291.922982	7.78e-01  8.07e-01  6.40e+02	-27.9718 62.9967 0.2550	
98.297221 291.922982	7.56e-01  9.03e-01  6.22e+02	22.1884 79.5239 0.0823	
98.297221 291.922982	7.20e-01  9.11e-01  6.27e+02	-26.2594 74.3630 0.6652	
98.297221 291.922982	8.12e-01  9.88e-01  5.92e+02	-57.3476 82.6258 0.1959	
98.297221 291.922982	8.36e-01  8.87e-01  6.10e+02	-12.7436 89.6677 0.7243	
98.297221 291.922982	6.90e-01  9.57e-01  6.21e+02	-15.7704 81.4471 0.9939	
98.297221 291.922982	7.63e-01  8.90e-01  6.24e+02	9.0248 80.9100 0.6773	
98.297221 291.922982	8.54e-01  9.10e-01  6.01e+02	-24.1284 92.6441 0.4735	
98.297221 291.922982	6.58e-01  8.73e-01  6.49e+02	-3.7510 60.9780 0.1040	
98.297221 291.922982	7.12e-01  8.74e-01  6.38e+02	30.1729 63.9637 0.9504	
98.297221 291.922982	8.00e-01  9.56e-01  6.01e+02	2.9685 95.3983 0.1002	
98.297221 291.922982	7.01e-01  8.42e-01  6.48e+02	-26.4651 55.9197 0.6206	
98.297221 291.922982	8.52e-01  9.93e-01  5.84e+02	21.3181 102.7866 0.4131	
98.297221 291.922982	6.99e-01  9.66e-01  6.18e+02	22.5579 82.4596 0.7252	
98.297221 291.922982	4.58e-01  9.78e-01  6.53e+02	12.0858 55.3944 0.7155	
98.297221 291.922982	8.20e-01  9.27e-01  6.04e+02	24.1576 90.7257 0.6048	
98.297221 291.922982	7.44e-01  9.15e-01  6.22e+02	42.5887 71.0795 0.3209	
98.297221 291.922982	7.03e-01  9.41e-01  6.23e+02	3.1597 81.8430 0.2961	
98.297221 291.922982	6.54e-01  9.49e-01  6.30e+02	54.9589 54.0403 0.3989	
98.297221 291.922982	8.04e-01  9.38e-01  6.05e+02	-15.2972 92.2524 0.7801	
98.297221 291.922982	6.72e-01  9.38e-01  6.29e+02	4.7453 77.2069 0.3423	
98.297221 291.922982	7.66e-01  9.15e-01  6.17e+02	12.4644 84.8400 0.7476	
98.297221 291.922982	7.53e-01  9.07e-01  6.22e+02	11.7269 81.8986 0.2693	
98.297221 291.922982	8.09e-01  9.37e-01  6.04e+02	32.1548 88.2450 0.3634	
98.297221 291.922982	7.36e-01  9.27e-01  6.20e+02	-14.9785 82.4567 0.5147	
98.297221 291.922982	7.34e-01  9.55e-01  6.14e+02	4.2422 87.8398 0.9836	
98.297221 291.922982	7.88e-01  8.87e-01  6.19e+02	-5.4326 84.1914 0.3741	
98.297221 291.922982	7.47e-01  9.28e-01  6.18e+02	-49.6191 69.2753 0.1627	
98.297221 291.922982	7.10e-01  8.29e-01  6.49e+02	6.3896 60.1725 0.9258	
98.297221 291.922982	7.71e-01  9.69e-01  6.04e+02	-10.2313 93.4549 0.4325	
98.297221 291.922982	7.67e-01  8.75e-01  6.26e+02	16.1417 77.8689 0.7888	
98.297221 291.922982	8.16e-01  8.90e-01  6.13e+02	13.4419 87.4461 0.4613	
98.297221 291.922982	7.51e-01  9.69e-01  6.08e+02	-6.0388 91.6655 0.7933	
98.297221 291.922982	8.65e-01  9.66e-01  5.87e+02	-23.6008 100.6465 0.7162	
98.297221 291.922982	7.52e-01  7.66e-01  6.55e+02	-4.0730 54.3239 0.5588	
98.297221 291.922982	8.50e-01  9.13e-01  6.01e+02	-3.3882 95.4801 0.7580	
98.297221 291.922982	7.70e-01  9.20e-01  6.15e+02	-23.5200 83.6551 0.4966	
98.297221 291.922982	6.83e-01  8.40e-01  6.52e+02	3.2689 57.5865 0.6783	
98.297221 291.922982	7.49e-01  9.16e-01  6.20e+02	33.0467 76.8924 0.4886	
98.297221 291.922982	6.84e-01  8.79e-01  6.42e+02	-7.3309 66.6915 0.9915	
98.297221 291.922982	7.90e-01  9.09e-01  6.14e+02	-51.6553 71.1601 0.5576	
98.297221 291.922982	7.77e-01  8.94e-01  6.20e+02	5.6828 83.6767 0.5900	
98.297221 291.922982	7.35e-01  8.27e-01  6.44e+02	34.9054 54.9082 0.3029	
98.297221 291.922982	6.69e-01  8.63e-01  6.49e+02	27.7262 53.9440 0.3753	
98.297221 291.922982	5.63e-01  9.54e-01  6.44e+02	-4.1781 65.2996 0.8855	
98.297221 291.922982	7.16e-01  8.45e-01  6.44e+02	9.5302 64.6998 0.8426	
98.297221 291.922982	6.72e-01  9.68e-01  6.22e+02	16.9713 80.7930 0.6960	
98.297221 291.922982	7.26e-01  9.50e-01  6.17e+02	7.5232 85.8990 0.6865	
98.297221 291.922982	8.22e-01  9.39e-01  6.01e+02	-18.8722 93.8666 0.7732	
98.297221 291.922982	6.56e-01  8.45e-01  6.56e+02	-1.6508 53.0281 0.3020	
98.297221 291.922982	7.03e-01  8.48e-01  6.46e+02	8.2681 63.1056 0.5269	
98.297221 291.922982	5.91e-01  9.43e-01  6.42e+02	1.6566 67.0064 0.5122	
98.297221 291.922982	7.01e-01  9.17e-01  6.29e+02	28.6796 71.7952 0.3643	
98.297221 291.922982	7.20e-01  9.37e-01  6.21e+02	31.4273 77.1848 0.6550	
98.297221 291.922982	6.62e-01  9.08e-01  6.39e+02	-7.6739 69.4134 0.2235	
98.297221 291.922982	7.43e-01  8.20e-01  6.44e+02	-0.2862 65.1300 0.5686	
98.297221 291.922982	7.37e-01  9.66e-01  6.11e+02	-19.4743 87.7332 0.2034	
98.297221 291.922982	7.96e-01  9.01e-01  6.15e+02	-13.4708 86.3448 0.1250	
98.297221 291.922982	8.60e-01  9.79e-01  5.85e+02	57.8681 86.7657 0.5942	
98.297221 291.922982	6.75e-01  8.98e-01  6.39e+02	-11.0630 69.0260 0.4256	
98.297221 291.922982	6.68e-01  8.06e-01  6.64e+02	-3.1858 43.7773 0.2383	
98.297221 291.922982	7.54e-01  9.71e-01  6.06e+02	-3.6506 92.4385 0.1020	
98.297221 291.922982	7.00e-01  8.12e-01  6.56e+02	9.3396 53.1690 0.5948	
98.297221 291.922982	6.80e-01  8.76e-01  6.44e+02	24.2606 61.2139 0.8944	
98.297221 291.922982	7.04e-01  9.20e-01  6.28e+02	1.9150 78.4113 0.6158	
98.297221 291.922982	7.14e-01  8.55e-01  6.42e+02	9.9397 66.4152 0.4951	
98.297221 291.922982	6.63e-01  9.18e-01  6.36e+02	13.1383 70.9138 0.1231	
98.297221 291.922982	6.54e-01  8.91e-01  6.45e+02	20.9832 61.2990 0.7141	
98.297221 291.922982	8.01e-01  8.86e-01  6.17e+02	16.0524 84.3974 0.6319	
98.297221 291.922982	7.59e-01  9.52e-01  6.10e+02	22.3341 87.5036 0.4070	
98.297221 291.922982	8.07e-01  9.39e-01  6.04e+02	-18.6468 92.1213 0.2812	
98.297221 291.922982	6.91e-01  9.56e-01  6.21e+02	39.2060 73.0680 0.1902	
98.297221 291.922982	6.44e-01  9.24e-01  6.38e+02	-14.8571 68.8952 0.9343	
98.297221 291.922982	7.00e-01  8.11e-01  6.56e+02	-9.9854 52.7541 0.3435	
98.297221 291.922982	7.41e-01  8.61e-01  6.35e+02	-7.5263 72.5976 0.0802	
98.297221 291.922982	7.68e-01  8.11e-01  6.41e+02	-4.0679 67.9196 0.3836	
98.297221 291.922982	7.29e-01  9.87e-01  6.07e+02	26.3901 88.1866 0.0669	
98.297221 291.922982	7.14e-01  9.45e-01  6.20e+02	-3.9009 83.8818 0.1844	
98.297221 291.922982	8.29e-01  9.40e-01  5.99e+02	-9.3806 96.0788 0.2923	
98.297221 291.922982	7.10e-01  9.48e-01  6.20e+02	6.2960 83.7106 0.9004	
98.297221 291.922982	7.88e-01  9.19e-01  6.12e+02	-2.3686 89.0010 0.2838	
98.297221 291.922982	7.50e-01  8.51e-01  6.36e+02	23.2844 68.7123 0.5806	
98.297221 291.922982	7.89e-01  9.54e-01  6.04e+02	-31.2529 88.6477 0.9197	
98.297221 291.922982	6.47e-01  9.67e-01  6.26e+02	9.0073 79.0019 0.4611	
98.297221 291.922982	5.90e-01  9.20e-01  6.49e+02	-25.9715 55.1098 0.3612	
98.297221 291.922982	7.98e-01  8.17e-01  6.33e+02	5.6238 74.1698 0.9330	
98.297221 291.922982	7.73e-01  8.43e-01  6.33e+02	38.4849 64.2266 0.5933	
98.297221 291.922982	7.84e-01  9.41e-01  6.08e+02	22.1085 88.9132 0.1113	
98.297221 291.922982	7.58e-01  8.69e-01  6.30e+02	-1.0823 77.1139 0.4573	
98.297221 291.922982	7.34e-01  8.81e-01  6.32e+02	10.8220 74.8683 0.7420	
98.297221 291.922982	7.07e-01  9.67e-01  6.16e+02	37.7446 77.9775 0.9922	
98.297221 291.922982	7.89e-01  8.89e-01  6.19e+02	-12.5300 83.8319 0.5216	
98.297221 291.922982	8.41e-01  9.32e-01  5.99e+02	-45.5881 85.4826 0.7597	
98.297221 291.922982	7.13e-01  9.06e-01  6.30e+02	-22.7434 73.6895 0.3883	
98.297221 291.922982	6.75e-01  9.33e-01  6.30e+02	21.3858 73.6770 0.1912	
98.297221 291.922982	8.28e-01  8.69e-01  6.15e+02	10.7687 86.4363 0.6548	
98.297221 291.922982	6.89e-01  9.07e-01  6.34e+02	-25.6481 69.1401 0.5933	
98.297221 291.922982	6.70e-01  8.88e-01  6.43e+02	11.7353 65.5738 0.0902	
98.297221 291.922982	7.78e-01  8.52e-01  6.29e+02	-3.0123 77.2137 0.6032	
98.297221 291.922982	7.35e-01  9.31e-01  6.20e+02	19.0676 82.0310 0.6040	
98.297221 291.922982	7.41e-01  9.13e-01  6.23e+02	10.7893 81.4264 0.1144	
98.297221 291.922982	7.89e-01  8.67e-01  6.24e+02	42.6324 69.1850 0.5832	
98.297221 291.922982	6.22e-01  9.12e-01  6.45e+02	28.1834 57.8830 0.7383	
98.297221 291.922982	6.10e-01  9.33e-01  6.42e+02	-33.0321 58.6783 0.1545	
98.297221 291.922982	7.73e-01  8.52e-01  6.31e+02	-17.4640 74.4062 0.4494	
98.297221 291.922982	6.96e-01  9.32e-01  6.27e+02	31.3432 72.8305 0.0161	
98.297221 291.922982	6.77e-01  8.42e-01  6.53e+02	-36.2684 43.9414 0.2831	
98.297221 291.922982	7.86e-01  9.79e-01  5.99e+02	-44.1885 86.3475 0.3185	
98.297221 291.922982	7.29e-01  8.81e-01  6.33e+02	9.3980 74.2498 0.8776	
98.297221 291.922982	7.72e-01  8.28e-01  6.36e+02	-5.0836 71.9372 0.2724	
98.297221 291.922982	6.34e-01  8.86e-01  6.50e+02	-13.7981 58.2914 0.3304	
98.297221 291.922982	7.60e-01  8.28e-01  6.39e+02	14.8515 68.2576 0.8467	
98.297221 291.922982	7.23e-01  9.02e-01  6.29e+02	-6.3155 77.3773 0.3855	
98.297221 291.922982	8.79e-01  9.41e-01  5.90e+02	-34.9910 95.7082 0.2536	
98.297221 291.922982	7.37e-01  8.40e-01  6.41e+02	19.9140 65.3089 0.9261	
98.297221 291.922982	7.51e-01  9.45e-01  6.13e+02	5.1536 88.2129 0.3026	
98.297221 291.922982	7.87e-01  8.73e-01  6.23e+02	55.5927 60.3447 0.7135	
98.297221 291.922982	6.74e-01  9.67e-01  6.22e+02	-10.7162 82.0506 0.8312	
98.297221 291.922982	8.07e-01  9.31e-01  6.06e+02	6.6659 92.7600 0.8495	
98.297221 291.922982	6.61e-01  8.98e-01  6.42e+02	-4.0118 67.2162 0.6763	
98.297221 291.922982	7.07e-01  9.05e-01  6.31e+02	18.3696 73.7043 0.6005	
98.297221 291.922982	7.60e-01  8.50e-01  6.34e+02	11.7311 73.1082 0.7448	
98.297221 291.922982	7.34e-01  9.19e-01  6.23e+02	43.1457 69.8170 0.2009	
98.297221 291.922982	7.45e-01  8.61e-01  6.34e+02	-18.6720 71.3136 0.6956	
98.297221 291.922982	7.88e-01  9.04e-01  6.16e+02	-15.1512 85.4731 0.3509	
98.297221 291.922982	6.75e-01  9.34e-01  6.30e+02	4.3850 76.6709 0.3861	
98.297221 291.922982	9.05e-01  9.46e-01  5.83e+02	-38.0377 98.0538 0.0238	
98.297221 291.922982	6.80e-01  9.70e-01  6.20e+02	14.6797 82.7418 0.3061	
98.297221 291.922982	7.00e-01  9.58e-01  6.19e+02	-9.9849 83.8535 0.8295	
98.297221 291.922982	7.77e-01  7.88e-01  6.44e+02	-11.1263 64.1196 0.0468	
98.297221 291.922982	5.96e-01  8.85e-01  6.57e+02	17.6071 49.0910 0.0989	
98.297221 291.922982	5.80e-01  9.42e-01  6.45e+02	-16.8526 62.7659 0.4504	
98.297221 291.922982	7.31e-01  8.00e-01  6.52e+02	-26.5539 51.5671 0.1159	
98.297221 291.922982	8.30e-01  9.24e-01  6.03e+02	7.6650 94.3978 0.9090	
98.297221 291.922982	6.43e-01  9.38e-01  6.35e+02	-0.4383 73.2988 0.1141	
98.297221 291.922982	6.99e-01  8.81e-01  6.39e+02	37.4565 59.2851 0.3385	
98.297221 291.922982	7.76e-01  9.61e-01  6.05e+02	29.5124 88.7831 0.6247	
98.297221 291.922982	6.37e-01  9.08e-01  6.43e+02	7.4275 65.5262 0.9483	
98.297221 291.922982	7.10e-01  9.50e-01  6.20e+02	-31.3822 78.1774 0.0340	
98.297221 291.922982	6.60e-01  9.15e-01  6.38e+02	-3.0083 70.7657 0.2680	
98.297221 291.922982	8.29e-01  9.50e-01  5.97e+02	-0.8893 97.7712 0.9559	
98.297221 291.922982	8.32e-01  9.06e-01  6.06e+02	0.1122 92.6130 0.6362	
98.297221 291.922982	5.88e-01  8.74e-01  6.62e+02	-16.9795 43.6074 0.3669	
98.297221 291.922982	6.94e-01  7.99e-01  6.60e+02	-0.6944 48.6460 0.3375	
98.297221 291.922982	7.45e-01  9.30e-01  6.18e+02	9.0937 84.9609 0.4977	
98.297221 291.922982	7.42e-01  8.40e-01  6.40e+02	1.4846 69.0716 0.1365	
98.297221 291.922982	6.93e-01  8.10e-01  6.58e+02	19.0386 47.9417 0.0875	
98.297221 291.922982	7.38e-01  9.28e-01  6.20e+02	19.4100 81.9535 0.5617	
98.297221 291.922982	6.61e-01  9.14e-01  6.38e+02	-10.2463 70.2199 0.7500	
98.297221 291.922982	6.40e-01  9.49e-01  6.32e+02	-35.6164 66.1460 0.2977	
98.297221 291.922982	7.38e-01  9.04e-01  6.25e+02	-2.5289 80.0991 0.0441	
98.297221 291.922982	7.32e-01  9.58e-01  6.13e+02	8.9089 87.7360 0.5110	
98.297221 291.922982	7.32e-01  8.28e-01  6.45e+02	32.7067 55.8126 0.7074	
98.297221 291.922982	7.69e-01  9.39e-01  6.11e+02	-11.9183 88.7736 0.4428	
98.297221 291.922982	7.79e-01  8.87e-01  6.21e+02	-3.6177 83.0450 0.4000	
98.297221 291.922982	8.25e-01  9.67e-01  5.94e+02	-53.5820 83.7617 0.1928	
98.297221 291.922982	7.36e-01  8.86e-01  6.30e+02	23.7323 72.9722 0.8858	
98.297221 291.922982	6.25e-01  9.22e-01  6.42e+02	45.0698 49.6367 0.8354	
98.297221 291.922982	6.43e-01  9.11e-01  6.42e+02	2.6362 67.4615 0.5379	
98.297221 291.922982	6.94e-01  9.01e-01  6.35e+02	-33.6393 65.0993 0.8761	
98.297221 291.922982	7.85e-01  9.15e-01  6.14e+02	23.3697 84.8920 0.1836	
98.297221 291.922982	6.19e-01  9.27e-01  6.42e+02	-28.0628 61.3264 0.9363	
98.297221 291.922982	6.85e-01  9.03e-01  6.36e+02	-3.0352 72.1719 0.6294	
98.297221 291.922982	7.39e-01  9.63e-01  6.11e+02	17.0309 87.9075 0.4233	
98.297221 291.922982	7.41e-01  8.49e-01  6.38e+02	-15.0180 68.9640 0.6129	
98.297221 291.922982	7.63e-01  8.75e-01  6.27e+02	-45.6357 64.1986 0.6721	
98.297221 291.922982	6.56e-01  9.54e-01  6.28e+02	41.5341 66.2964 0.9225	
98.297221 291.922982	8.41e-01  9.25e-01  6.00e+02	10.5354 95.4786 0.7610	
98.297221 291.922982	6.98e-01  8.18e-01  6.54e+02	-19.0273 51.8611 0.9376	
98.297221 291.922982	7.45e-01  9.54e-01  6.12e+02	11.0610 88.3496 0.8362	
98.297221 291.922982	7.18e-01  9.39e-01  6.21e+02	-26.8793 78.9250 0.5578	
98.297221 291.922982	7.90e-01  8.45e-01  6.29e+02	62.6697 46.2765 0.5471	
98.297221 291.922982	6.87e-01  8.60e-01  6.46e+02	5.4169 63.2893 0.5747	
98.297221 291.922982	6.76e-01  9.22e-01  6.33e+02	-10.0220 74.0618 0.6392	
