139.152872 298.570858	4.94e-01  7.26e-01  3.72e+05	0.0000 60.9518 0.2908	
139.152872 298.570858	6.35e-01  8.05e-01  3.39e+05	33.5363 75.1721 0.5205	
139.152872 298.570858	5.83e-01  9.60e-01  3.25e+05	-57.3212 68.8354 0.0239	
139.152872 298.570858	7.76e-01  8.83e-01  3.11e+05	-44.9197 85.3994 0.8607	
139.152872 298.570858	5.67e-01  9.71e-01  3.25e+05	15.1126 87.9852 0.3454	
139.152872 298.570858	4.53e-01  7.34e-01  3.78e+05	15.0632 54.5975 0.7695	
139.152872 298.570858	7.09e-01  8.50e-01  3.23e+05	16.3871 89.0697 0.0508	
139.152872 298.570858	7.16e-01  9.24e-01  3.13e+05	33.3789 89.3717 0.1161	
139.152872 298.570858	7.87e-01  8.60e-01  3.12e+05	6.5158 95.5888 0.0109	
139.152872 298.570858	5.53e-01  8.56e-01  3.43e+05	30.3488 73.8378 0.6488	
139.152872 298.570858	4.43e-01  8.05e-01  3.68e+05	-12.3803 63.1032 0.1208	
139.152872 298.570858	5.89e-01  8.54e-01  3.38e+05	-20.9485 79.8401 0.7089	
139.152872 298.570858	6.46e-01  9.09e-01  3.23e+05	27.6725 86.0060 0.9336	
139.152872 298.570858	5.05e-01  8.88e-01  3.45e+05	4.6161 78.3979 0.4379	
139.152872 298.570858	6.63e-01  8.00e-01  3.35e+05	48.7944 68.4186 0.1168	
139.152872 298.570858	5.68e-01  7.77e-01  3.52e+05	-16.6288 72.4403 0.1801	
139.152872 298.570858	4.47e-01  8.58e-01  3.58e+05	23.6344 66.3933 0.6070	
139.152872 298.570858	4.17e-01  8.01e-01  3.73e+05	9.2634 60.0484 0.3781	
139.152872 298.570858	7.47e-01  9.57e-01  3.05e+05	2.7393 98.8770 0.8858	
139.152872 298.570858	5.18e-01  8.92e-01  3.43e+05	-9.2997 79.4486 0.0222	
139.152872 298.570858	5.19e-01  9.19e-01  3.39e+05	-17.8320 80.1828 0.1085	
139.152872 298.570858	5.99e-01  9.23e-01  3.28e+05	18.2891 86.2148 0.4131	
139.152872 298.570858	6.23e-01  9.23e-01  3.24e+05	33.9537 83.1022 0.1361	
139.152872 298.570858	6.34e-01  9.12e-01  3.25e+05	29.8226 84.6300 0.4805	
139.152872 298.570858	7.20e-01  8.67e-01  3.19e+05	14.4340 91.1611 0.2214	
139.152872 298.570858	4.96e-01  8.09e-01  3.58e+05	7.3112 70.0936 0.1609	
139.152872 298.570858	6.05e-01  6.50e-01  3.66e+05	-42.4523 49.4310 0.1671	
139.152872 298.570858	6.32e-01  9.66e-01  3.18e+05	1.4282 92.9597 0.3543	
139.152872 298.570858	4.92e-01  6.97e-01  3.77e+05	-9.1098 56.1820 0.2180	
139.152872 298.570858	6.89e-01  8.52e-01  3.25e+05	-47.9509 75.4702 0.2736	
139.152872 298.570858	5.84e-01  8.46e-01  3.40e+05	23.4847 78.0443 0.2403	
139.152872 298.570858	4.72e-01  7.23e-01  3.76e+05	24.8455 52.2028 0.2344	
139.152872 298.570858	5.32e-01  6.91e-01  3.72e+05	21.3398 57.5217 0.8765	
139.152872 298.570858	5.01e-01  8.11e-01  3.57e+05	36.2315 61.3336 0.0313	
139.152872 298.570858	3.70e-01  7.99e-01  3.81e+05	-8.5255 53.3338 0.5689	
139.152872 298.570858	6.41e-01  8.75e-01  3.28e+05	-26.9308 83.4978 0.5804	
139.152872 298.570858	5.68e-01  7.84e-01  3.51e+05	0.7522 74.9798 0.7469	
139.152872 298.570858	3.37e-01  8.89e-01  3.71e+05	-33.3607 51.9196 0.9056	
139.152872 298.570858	4.11e-01  7.70e-01  3.79e+05	-33.2007 44.8135 0.6765	
139.152872 298.570858	5.42e-01  8.98e-01  3.39e+05	4.7137 82.1614 0.3468	
139.152872 298.570858	4.57e-01  8.14e-01  3.64e+05	-1.1798 66.9301 0.9678	
139.152872 298.570858	5.05e-01  7.72e-01  3.63e+05	25.1327 62.7286 0.3433	
139.152872 298.570858	5.10e-01  5.99e-01  3.92e+05	-17.2351 40.7091 0.9303	
139.152872 298.570858	4.22e-01  9.14e-01  3.54e+05	-11.6009 72.5701 0.2344	
139.152872 298.570858	6.33e-01  8.32e-01  3.35e+05	-16.8682 82.4344 0.8528	
139.152872 298.570858	5.58e-01  8.49e-01  3.43e+05	26.4916 75.2014 0.1913	
139.152872 298.570858	5.34e-01  7.61e-01  3.60e+05	17.0336 67.3411 0.1837	
139.152872 298.570858	6.80e-01  7.94e-01  3.34e+05	52.0428 66.9231 0.9571	
139.152872 298.570858	6.51e-01  8.27e-01  3.33e+05	-25.5834 81.1924 0.0756	
139.152872 298.570858	6.69e-01  8.20e-01  3.32e+05	-26.4160 81.6847 0.7089	
139.152872 298.570858	6.77e-01  8.82e-01  3.23e+05	-35.5608 83.2794 0.2368	
139.152872 298.570858	4.05e-01  9.36e-01  3.53e+05	6.0701 73.6557 0.7953	
139.152872 298.570858	4.17e-01  8.84e-01  3.59e+05	-25.6757 65.2507 0.5770	
139.152872 298.570858	4.63e-01  8.14e-01  3.63e+05	5.6099 67.3355 0.7815	
139.152872 298.570858	5.53e-01  7.19e-01  3.64e+05	4.2632 66.8287 0.2728	
139.152872 298.570858	5.98e-01  9.07e-01  3.30e+05	-17.3490 85.2516 0.6492	
139.152872 298.570858	5.10e-01  7.85e-01  3.60e+05	19.4964 66.6281 0.3990	
139.152872 298.570858	2.88e-01  9.51e-01  3.69e+05	-9.3685 62.6461 0.0832	
139.152872 298.570858	5.42e-01  9.62e-01  3.30e+05	27.7247 82.3713 0.5290	
139.152872 298.570858	6.27e-01  8.63e-01  3.32e+05	43.4708 74.1786 0.9255	
139.152872 298.570858	5.90e-01  7.73e-01  3.50e+05	38.3776 65.5986 0.6121	
139.152872 298.570858	5.18e-01  8.25e-01  3.53e+05	5.4821 73.9706 0.6720	
139.152872 298.570858	5.12e-01  7.97e-01  3.58e+05	-6.1681 70.6459 0.1200	
139.152872 298.570858	5.94e-01  8.83e-01  3.34e+05	35.9082 77.0803 0.0308	
139.152872 298.570858	5.86e-01  7.10e-01  3.60e+05	-1.5469 69.5306 0.2780	
139.152872 298.570858	4.45e-01  9.22e-01  3.49e+05	49.5787 58.0090 0.6278	
139.152872 298.570858	2.45e-01  9.19e-01  3.82e+05	-10.2708 52.4241 0.4153	
139.152872 298.570858	7.38e-01  8.55e-01  3.19e+05	23.1084 89.7364 0.7058	
139.152872 298.570858	6.63e-01  9.51e-01  3.16e+05	3.6664 93.8217 0.0810	
139.152872 298.570858	6.16e-01  8.36e-01  3.37e+05	-28.3172 78.2731 0.8134	
139.152872 298.570858	4.74e-01  8.43e-01  3.57e+05	12.5955 70.5020 0.9668	
139.152872 298.570858	6.62e-01  8.26e-01  3.32e+05	-17.7964 83.9249 0.9446	
139.152872 298.570858	6.08e-01  7.98e-01  3.44e+05	-31.2842 73.1265 0.3876	
139.152872 298.570858	6.04e-01  9.02e-01  3.30e+05	4.8229 86.9676 0.7315	
139.152872 298.570858	5.64e-01  6.15e-01  3.79e+05	-12.9047 54.0542 0.2124	
139.152872 298.570858	4.89e-01  8.33e-01  3.56e+05	42.2274 58.4263 0.3778	
139.152872 298.570858	5.70e-01  9.10e-01  3.33e+05	-34.9482 77.7849 0.5754	
139.152872 298.570858	4.78e-01  7.50e-01  3.71e+05	17.9660 59.3006 0.8730	
139.152872 298.570858	6.73e-01  8.98e-01  3.21e+05	-62.3047 66.7855 0.5262	
139.152872 298.570858	5.69e-01  8.88e-01  3.36e+05	-42.1727 72.1042 0.8236	
139.152872 298.570858	5.66e-01  7.13e-01  3.62e+05	1.1259 67.8316 0.2758	
139.152872 298.570858	4.51e-01  6.33e-01  3.96e+05	3.4709 38.7825 0.5057	
139.152872 298.570858	6.21e-01  9.39e-01  3.23e+05	47.2419 77.3658 0.6604	
139.152872 298.570858	6.26e-01  8.84e-01  3.29e+05	-29.4796 82.2924 0.1223	
139.152872 298.570858	6.17e-01  8.38e-01  3.36e+05	-3.6607 83.4009 0.5883	
139.152872 298.570858	5.76e-01  7.73e-01  3.52e+05	-20.4156 71.8402 0.3617	
139.152872 298.570858	4.40e-01  7.62e-01  3.75e+05	6.9963 58.3183 0.3360	
139.152872 298.570858	4.13e-01  7.60e-01  3.80e+05	-11.1576 53.4512 0.8858	
139.152872 298.570858	6.36e-01  8.47e-01  3.33e+05	-44.7344 72.8818 0.3745	
139.152872 298.570858	7.06e-01  9.27e-01  3.14e+05	-6.4487 94.8009 0.8437	
139.152872 298.570858	9.08e-01  9.44e-01  2.90e+05	-58.8391 88.0809 0.2606	
139.152872 298.570858	7.38e-01  8.78e-01  3.16e+05	26.4298 90.2557 0.0302	
139.152872 298.570858	5.92e-01  8.56e-01  3.38e+05	64.4991 52.0341 0.5733	
139.152872 298.570858	5.16e-01  8.40e-01  3.51e+05	26.8276 70.3313 0.7071	
139.152872 298.570858	6.21e-01  9.17e-01  3.26e+05	-33.3478 82.7305 0.8752	
139.152872 298.570858	4.62e-01  8.80e-01  3.53e+05	-34.3439 65.6344 0.5982	
139.152872 298.570858	8.32e-01  9.28e-01  2.99e+05	13.4370 100.8176 0.5934	
139.152872 298.570858	4.21e-01  8.89e-01  3.58e+05	6.0659 70.7065 0.8353	
139.152872 298.570858	4.98e-01  7.10e-01  3.74e+05	-13.0904 58.0580 0.7235	
139.152872 298.570858	5.47e-01  8.65e-01  3.43e+05	-26.3247 75.5723 0.0149	
139.152872 298.570858	7.91e-01  8.59e-01  3.12e+05	3.7468 95.9051 0.2257	
139.152872 298.570858	4.68e-01  8.36e-01  3.59e+05	-31.5572 62.9160 0.8909	
139.152872 298.570858	5.70e-01  7.57e-01  3.55e+05	-7.2859 72.3408 0.0406	
139.152872 298.570858	4.36e-01  8.04e-01  3.69e+05	-21.0976 59.8065 0.4321	
139.152872 298.570858	5.76e-01  9.49e-01  3.27e+05	-8.1875 87.9950 0.9149	
139.152872 298.570858	4.05e-01  8.55e-01  3.66e+05	-27.1392 59.8609 0.9624	
139.152872 298.570858	5.60e-01  9.45e-01  3.30e+05	12.8075 86.0410 0.1568	
139.152872 298.570858	5.37e-01  7.68e-01  3.59e+05	17.2952 68.2975 0.0575	
139.152872 298.570858	3.49e-01  8.26e-01  3.80e+05	-6.6678 54.5025 0.7752	
139.152872 298.570858	5.04e-01  9.21e-01  3.41e+05	-26.4473 76.6484 0.2635	
139.152872 298.570858	6.79e-01  8.88e-01  3.22e+05	9.6038 90.5634 0.5707	
139.152872 298.570858	5.52e-01  8.19e-01  3.49e+05	24.9401 72.4063 0.3906	
139.152872 298.570858	8.51e-01  9.28e-01  2.97e+05	-48.8014 90.2993 0.7710	
139.152872 298.570858	5.42e-01  8.09e-01  3.51e+05	-23.5054 71.1739 0.6832	
139.152872 298.570858	4.82e-01  9.81e-01  3.35e+05	38.7735 74.5350 0.4040	
139.152872 298.570858	4.16e-01  9.24e-01  3.53e+05	5.3819 73.6682 0.8912	
139.152872 298.570858	5.31e-01  7.39e-01  3.64e+05	-5.8134 66.6016 0.4424	
139.152872 298.570858	7.47e-01  9.78e-01  3.03e+05	23.3771 97.1744 0.6304	
139.152872 298.570858	7.24e-01  9.07e-01  3.14e+05	3.0422 94.8216 0.9576	
139.152872 298.570858	6.46e-01  7.70e-01  3.42e+05	-8.5933 79.9480 0.1136	
139.152872 298.570858	5.71e-01  8.42e-01  3.42e+05	13.6868 79.0256 0.3888	
139.152872 298.570858	5.49e-01  7.84e-01  3.54e+05	19.6706 70.5921 0.9625	
139.152872 298.570858	5.06e-01  7.99e-01  3.59e+05	41.7921 56.7082 0.9231	
139.152872 298.570858	6.70e-01  9.02e-01  3.21e+05	38.6152 82.8044 0.0214	
139.152872 298.570858	7.29e-01  8.70e-01  3.18e+05	49.9060 78.5272 0.2493	
139.152872 298.570858	4.82e-01  7.82e-01  3.65e+05	-7.8083 65.7136 0.6004	
139.152872 298.570858	4.78e-01  7.89e-01  3.64e+05	-22.9772 62.3931 0.5092	
139.152872 298.570858	5.44e-01  8.66e-01  3.43e+05	8.4681 79.4523 0.7292	
139.152872 298.570858	6.94e-01  8.41e-01  3.26e+05	-34.9022 81.9153 0.7701	
139.152872 298.570858	6.00e-01  7.49e-01  3.52e+05	11.0779 73.8527 0.7379	
139.152872 298.570858	5.83e-01  7.55e-01  3.53e+05	23.9394 69.6711 0.1031	
139.152872 298.570858	6.66e-01  8.19e-01  3.32e+05	-22.6962 82.5546 0.4930	
139.152872 298.570858	5.83e-01  8.56e-01  3.39e+05	-39.8784 71.8767 0.3028	
139.152872 298.570858	6.73e-01  9.12e-01  3.20e+05	-17.7904 90.4817 0.0567	
139.152872 298.570858	5.82e-01  7.81e-01  3.50e+05	6.9238 75.5972 0.2773	
139.152872 298.570858	6.10e-01  7.62e-01  3.48e+05	10.8874 75.9823 0.1999	
139.152872 298.570858	5.15e-01  9.33e-01  3.37e+05	-31.7631 76.6039 0.8196	
139.152872 298.570858	7.83e-01  8.88e-01  3.09e+05	-26.5431 93.4331 0.0331	
139.152872 298.570858	7.15e-01  7.89e-01  3.30e+05	-3.9168 86.8652 0.7691	
139.152872 298.570858	4.47e-01  7.02e-01  3.85e+05	-40.8861 30.4666 0.4255	
139.152872 298.570858	6.29e-01  9.30e-01  3.23e+05	-22.1582 87.7872 0.1104	
139.152872 298.570858	5.55e-01  8.69e-01  3.41e+05	-8.8347 80.6310 0.8009	
139.152872 298.570858	4.73e-01  8.58e-01  3.55e+05	2.2768 72.9392 0.8285	
139.152872 298.570858	5.15e-01  7.39e-01  3.67e+05	13.9114 63.5303 0.1288	
139.152872 298.570858	6.03e-01  9.16e-01  3.28e+05	27.8050 83.4648 0.8279	
139.152872 298.570858	3.91e-01  7.95e-01  3.78e+05	2.5016 56.5499 0.8111	
139.152872 298.570858	5.98e-01  9.26e-01  3.27e+05	-2.0358 88.2232 0.8433	
139.152872 298.570858	6.16e-01  9.07e-01  3.28e+05	10.1660 87.6351 0.6860	
139.152872 298.570858	5.90e-01  8.95e-01  3.32e+05	3.3623 85.5718 0.0536	
139.152872 298.570858	5.48e-01  8.46e-01  3.45e+05	-33.4198 71.1619 0.2110	
139.152872 298.570858	4.02e-01  8.94e-01  3.60e+05	-0.2812 69.5823 0.1227	
139.152872 298.570858	7.61e-01  9.75e-01  3.02e+05	3.6047 100.4454 0.6424	
139.152872 298.570858	5.37e-01  7.68e-01  3.58e+05	8.3720 69.9877 0.5760	
139.152872 298.570858	5.35e-01  7.31e-01  3.65e+05	-8.9580 65.7459 0.3283	
139.152872 298.570858	6.31e-01  8.53e-01  3.33e+05	-7.8702 85.1395 0.1811	
139.152872 298.570858	6.24e-01  8.15e-01  3.39e+05	-2.0661 82.1806 0.3844	
139.152872 298.570858	6.49e-01  8.37e-01  3.32e+05	32.3876 79.2780 0.1311	
139.152872 298.570858	4.46e-01  6.92e-01  3.86e+05	-6.7195 48.7438 0.6041	
139.152872 298.570858	5.00e-01  7.95e-01  3.60e+05	-39.7646 57.0046 0.9010	
139.152872 298.570858	5.79e-01  7.08e-01  3.61e+05	0.0862 68.6365 0.4987	
139.152872 298.570858	7.60e-01  8.62e-01  3.15e+05	-44.7043 83.0712 0.2305	
139.152872 298.570858	4.69e-01  8.11e-01  3.62e+05	0.5256 67.8527 0.8118	
139.152872 298.570858	4.58e-01  8.49e-01  3.58e+05	-18.4689 68.2843 0.6996	
139.152872 298.570858	7.06e-01  9.18e-01  3.15e+05	-15.4490 93.2143 0.3705	
139.152872 298.570858	4.54e-01  7.91e-01  3.68e+05	-3.6391 63.9667 0.6370	
139.152872 298.570858	5.94e-01  8.61e-01  3.37e+05	32.6154 76.7894 0.5202	
139.152872 298.570858	5.78e-01  8.07e-01  3.46e+05	-23.1913 74.3621 0.0191	
139.152872 298.570858	6.55e-01  7.16e-01  3.49e+05	-17.3926 74.5791 0.9345	
139.152872 298.570858	6.41e-01  7.61e-01  3.44e+05	-11.1822 78.4882 0.2335	
139.152872 298.570858	4.61e-01  9.65e-01  3.41e+05	-6.8220 80.9061 0.3360	
139.152872 298.570858	6.11e-01  9.09e-01  3.28e+05	-27.5971 83.5759 0.7650	
139.152872 298.570858	6.53e-01  7.79e-01  3.40e+05	-12.5969 80.6737 0.8022	
139.152872 298.570858	4.89e-01  7.46e-01  3.70e+05	28.5407 56.0192 0.7464	
139.152872 298.570858	4.74e-01  8.62e-01  3.54e+05	-16.2997 71.7396 0.6321	
139.152872 298.570858	5.73e-01  7.89e-01  3.50e+05	-19.7693 73.2199 0.5055	
139.152872 298.570858	6.57e-01  7.15e-01  3.48e+05	21.0649 73.8470 0.1517	
139.152872 298.570858	4.56e-01  7.48e-01  3.75e+05	21.1207 55.0077 0.1057	
139.152872 298.570858	6.42e-01  9.25e-01  3.22e+05	10.4208 90.4482 0.8625	
139.152872 298.570858	6.40e-01  6.86e-01  3.55e+05	12.9886 71.4538 0.6485	
139.152872 298.570858	5.25e-01  6.70e-01  3.76e+05	17.1246 55.1421 0.6597	
139.152872 298.570858	5.10e-01  7.60e-01  3.64e+05	10.5443 66.0528 0.3719	
139.152872 298.570858	6.50e-01  7.26e-01  3.48e+05	-6.4007 76.8072 0.6122	
139.152872 298.570858	4.50e-01  7.55e-01  3.75e+05	-3.8881 58.9618 0.4572	
139.152872 298.570858	6.56e-01  8.91e-01  3.24e+05	42.2769 79.2669 0.3469	
139.152872 298.570858	5.54e-01  8.75e-01  3.40e+05	-18.3255 79.3138 0.7250	
139.152872 298.570858	5.74e-01  8.59e-01  3.40e+05	26.7790 77.2728 0.8025	
139.152872 298.570858	3.60e-01  8.67e-01  3.71e+05	-14.4609 60.1399 0.9402	
139.152872 298.570858	5.86e-01  8.28e-01  3.42e+05	14.2756 78.9769 0.5557	
139.152872 298.570858	6.28e-01  8.89e-01  3.28e+05	-32.3007 81.6727 0.4840	
139.152872 298.570858	4.35e-01  8.35e-01  3.64e+05	-20.5642 63.5698 0.0619	
139.152872 298.570858	7.68e-01  9.86e-01  3.00e+05	60.3431 81.4497 0.4923	
139.152872 298.570858	3.94e-01  8.63e-01  3.66e+05	5.7080 65.1055 0.0665	
139.152872 298.570858	5.49e-01  8.68e-01  3.42e+05	5.8053 80.2312 0.4766	
139.152872 298.570858	6.63e-01  7.22e-01  3.46e+05	60.3319 49.1970 0.1522	
139.152872 298.570858	6.26e-01  7.21e-01  3.52e+05	7.9337 74.1530 0.3115	
139.152872 298.570858	5.72e-01  8.83e-01  3.37e+05	-2.8847 83.3169 0.8925	
139.152872 298.570858	5.62e-01  6.63e-01  3.71e+05	-1.2779 61.7074 0.6584	
139.152872 298.570858	6.42e-01  9.51e-01  3.19e+05	30.0883 87.6504 0.5787	
139.152872 298.570858	6.23e-01  9.08e-01  3.26e+05	7.5815 88.4188 0.0696	
139.152872 298.570858	5.34e-01  7.69e-01  3.59e+05	-29.2735 63.9363 0.9369	
139.152872 298.570858	4.68e-01  7.97e-01  3.65e+05	-31.5778 58.2762 0.0680	
139.152872 298.570858	7.18e-01  8.62e-01  3.20e+05	1.7137 91.8179 0.3781	
139.152872 298.570858	7.77e-01  8.67e-01  3.12e+05	34.1163 89.3699 0.9100	
139.152872 298.570858	4.52e-01  8.06e-01  3.66e+05	36.2456 54.5383 0.9902	
139.152872 298.570858	4.88e-01  9.02e-01  3.46e+05	-5.4122 78.1123 0.8867	
139.152872 298.570858	6.09e-01  6.92e-01  3.59e+05	15.3906 68.3612 0.2684	
139.152872 298.570858	5.68e-01  7.08e-01  3.63e+05	15.3595 65.7606 0.1309	
139.152872 298.570858	4.79e-01  9.54e-01  3.40e+05	1.0210 81.7310 0.0167	
139.152872 298.570858	3.42e-01  7.76e-01  3.90e+05	-15.7992 42.9373 0.7032	
139.152872 298.570858	5.34e-01  8.38e-01  3.48e+05	32.3554 69.5929 0.1084	
139.152872 298.570858	5.60e-01  9.29e-01  3.32e+05	-25.5031 82.0299 0.8012	
139.152872 298.570858	7.28e-01  9.03e-01  3.14e+05	-5.8763 94.7105 0.1687	
139.152872 298.570858	5.74e-01  8.11e-01  3.46e+05	33.3827 70.3278 0.0402	
139.152872 298.570858	6.46e-01  8.56e-01  3.30e+05	-19.9508 84.4636 0.4611	
139.152872 298.570858	5.34e-01  9.59e-01  3.31e+05	31.9933 80.0600 0.1602	
139.152872 298.570858	4.89e-01  7.09e-01  3.76e+05	17.3978 55.4888 0.7054	
139.152872 298.570858	5.47e-01  8.04e-01  3.52e+05	10.2022 74.1452 0.1652	
139.152872 298.570858	6.15e-01  9.29e-01  3.25e+05	-0.6313 89.6488 0.2684	
139.152872 298.570858	4.44e-01  8.46e-01  3.61e+05	16.6423 66.9527 0.0447	
139.152872 298.570858	6.78e-01  9.11e-01  3.19e+05	15.6878 91.0892 0.3618	
139.152872 298.570858	3.21e-01  8.72e-01  3.77e+05	17.9699 54.6274 0.2628	
139.152872 298.570858	5.13e-01  7.87e-01  3.59e+05	30.1034 63.1658 0.3406	
139.152872 298.570858	6.64e-01  7.52e-01  3.42e+05	18.5562 78.2512 0.0184	
139.152872 298.570858	5.43e-01  7.20e-01  3.65e+05	-1.3210 66.0995 0.3147	
139.152872 298.570858	3.63e-01  8.64e-01  3.71e+05	32.0066 53.0307 0.1493	
139.152872 298.570858	4.43e-01  7.97e-01  3.69e+05	18.7402 60.6041 0.0073	
139.152872 298.570858	6.10e-01  7.40e-01  3.52e+05	-12.6692 73.7079 0.1556	
139.152872 298.570858	4.59e-01  8.12e-01  3.64e+05	4.2362 66.8648 0.9453	
139.152872 298.570858	6.48e-01  9.38e-01  3.20e+05	30.8176 86.9220 0.1654	
139.152872 298.570858	4.09e-01  6.92e-01  3.93e+05	-8.9943 41.4197 0.2675	
139.152872 298.570858	5.51e-01  8.50e-01  3.44e+05	41.0727 67.7244 0.2696	
139.152872 298.570858	5.10e-01  9.34e-01  3.38e+05	-10.5490 81.9047 0.1845	
139.152872 298.570858	5.49e-01  8.64e-01  3.42e+05	-39.4560 69.7902 0.9506	
139.152872 298.570858	6.69e-01  7.43e-01  3.43e+05	-14.1910 78.8407 0.6686	
139.152872 298.570858	4.49e-01  6.04e-01  4.02e+05	8.8854 30.0181 0.1268	
139.152872 298.570858	7.35e-01  8.63e-01  3.18e+05	34.7241 86.2549 0.6513	
139.152872 298.570858	5.26e-01  6.94e-01  3.72e+05	-6.3940 60.6304 0.0855	
139.152872 298.570858	6.59e-01  8.04e-01  3.35e+05	1.2476 84.0534 0.7141	
139.152872 298.570858	4.04e-01  7.66e-01  3.81e+05	-14.3879 52.2505 0.0904	
139.152872 298.570858	4.55e-01  8.63e-01  3.56e+05	30.6790 64.9530 0.1895	
139.152872 298.570858	3.92e-01  9.59e-01  3.52e+05	-7.7850 74.4328 0.3508	
139.152872 298.570858	4.67e-01  7.66e-01  3.70e+05	-0.9758 62.5935 0.3541	
139.152872 298.570858	5.78e-01  8.05e-01  3.47e+05	30.4226 71.4677 0.6625	
139.152872 298.570858	3.68e-01  8.61e-01  3.71e+05	-10.4425 61.1777 0.5921	
139.152872 298.570858	4.73e-01  9.10e-01  3.47e+05	-14.8347 76.2625 0.4258	
139.152872 298.570858	4.83e-01  7.95e-01  3.63e+05	13.7418 66.3000 0.8588	
139.152872 298.570858	6.42e-01  9.15e-01  3.23e+05	-11.9953 89.6911 0.3295	
139.152872 298.570858	6.04e-01  8.61e-01  3.35e+05	-31.4760 78.0039 0.5855	
139.152872 298.570858	5.52e-01  6.47e-01  3.76e+05	3.2486 58.2395 0.1740	
139.152872 298.570858	7.67e-01  9.30e-01  3.06e+05	22.1542 96.0315 0.5345	
139.152872 298.570858	5.92e-01  9.00e-01  3.32e+05	20.5080 83.6445 0.9173	
139.152872 298.570858	6.33e-01  7.91e-01  3.41e+05	-18.7098 78.8246 0.8038	
139.152872 298.570858	6.39e-01  9.39e-01  3.20e+05	12.4234 90.9308 0.9359	
139.152872 298.570858	6.49e-01  9.46e-01  3.18e+05	-3.3050 92.7408 0.2783	
139.152872 298.570858	5.75e-01  8.45e-01  3.41e+05	45.7827 66.5003 0.6810	
139.152872 298.570858	5.11e-01  8.09e-01  3.56e+05	38.3353 60.9744 0.5820	
139.152872 298.570858	5.94e-01  7.47e-01  3.53e+05	1.2411 74.0293 0.5970	
139.152872 298.570858	5.30e-01  7.49e-01  3.62e+05	27.7185 61.9636 0.7524	
139.152872 298.570858	7.16e-01  8.02e-01  3.28e+05	-32.2566 81.7536 0.3194	
139.152872 298.570858	4.87e-01  8.33e-01  3.56e+05	31.5563 64.7482 0.9751	
139.152872 298.570858	5.54e-01  7.98e-01  3.51e+05	38.8141 64.1017 0.7822	
139.152872 298.570858	5.60e-01  7.27e-01  3.61e+05	42.0394 54.2964 0.3426	
139.152872 298.570858	5.38e-01  7.05e-01  3.68e+05	-9.7430 63.0762 0.8859	
139.152872 298.570858	5.21e-01  7.52e-01  3.63e+05	21.0477 63.8146 0.0570	
139.152872 298.570858	4.92e-01  7.95e-01  3.61e+05	8.3925 68.0919 0.8258	
139.152872 298.570858	6.25e-01  8.47e-01  3.34e+05	35.1087 77.1005 0.1171	
139.152872 298.570858	6.97e-01  8.20e-01  3.28e+05	21.8910 85.0737 0.3963	
139.152872 298.570858	4.26e-01  7.56e-01  3.79e+05	24.0750 50.5555 0.5451	
139.152872 298.570858	5.04e-01  7.19e-01  3.72e+05	-7.5754 60.9653 0.7740	
139.152872 298.570858	6.10e-01  8.25e-01  3.39e+05	-14.1261 80.7326 0.6398	
139.152872 298.570858	4.05e-01  7.37e-01  3.86e+05	10.3184 48.9039 0.7208	
139.152872 298.570858	4.96e-01  7.15e-01  3.74e+05	-21.3751 55.8897 0.4429	
139.152872 298.570858	4.79e-01  7.00e-01  3.79e+05	10.9401 54.4420 0.8515	
139.152872 298.570858	5.33e-01  7.98e-01  3.54e+05	15.6380 71.3353 0.8572	
139.152872 298.570858	6.17e-01  8.26e-01  3.38e+05	-28.9522 77.3275 0.4216	
139.152872 298.570858	4.41e-01  8.61e-01  3.59e+05	42.4759 55.8623 0.1870	
139.152872 298.570858	6.25e-01  9.25e-01  3.24e+05	35.0333 82.9169 0.9983	
139.152872 298.570858	4.92e-01  9.75e-01  3.35e+05	-24.1016 80.8269 0.2612	
139.152872 298.570858	5.84e-01  8.32e-01  3.42e+05	9.6200 79.8784 0.4370	
139.152872 298.570858	5.30e-01  6.72e-01  3.75e+05	4.9795 58.4930 0.8357	
139.152872 298.570858	5.64e-01  7.97e-01  3.50e+05	43.6548 61.9357 0.1582	
139.152872 298.570858	6.74e-01  8.19e-01  3.31e+05	-11.4541 85.3800 0.9557	
139.152872 298.570858	6.23e-01  8.46e-01  3.35e+05	-44.6868 71.6476 0.8943	
139.152872 298.570858	6.05e-01  9.18e-01  3.27e+05	15.9264 86.8076 0.7693	
139.152872 298.570858	6.57e-01  8.71e-01  3.27e+05	-25.4740 84.8431 0.7724	
139.152872 298.570858	4.64e-01  7.97e-01  3.66e+05	-7.6933 65.3288 0.2979	
139.152872 298.570858	5.96e-01  7.21e-01  3.57e+05	-22.4989 68.0623 0.0174	
139.152872 298.570858	5.07e-01  7.17e-01  3.72e+05	1.1771 61.3913 0.2044	
139.152872 298.570858	7.01e-01  8.89e-01  3.19e+05	25.5575 88.8648 0.1931	
139.152872 298.570858	4.06e-01  7.81e-01  3.78e+05	-11.7053 55.5504 0.2392	
139.152872 298.570858	7.69e-01  8.67e-01  3.13e+05	0.1808 95.1769 0.8961	
139.152872 298.570858	6.20e-01  7.77e-01  3.45e+05	20.4023 76.1303 0.9469	
139.152872 298.570858	6.01e-01  8.03e-01  3.44e+05	31.5226 72.9763 0.3646	
139.152872 298.570858	5.30e-01  8.10e-01  3.53e+05	8.8539 73.3299 0.0412	
139.152872 298.570858	5.27e-01  8.58e-01  3.46e+05	-10.4635 77.1222 0.8502	
139.152872 298.570858	7.40e-01  9.66e-01  3.05e+05	40.0700 90.5103 0.9219	
139.152872 298.570858	2.90e-01  9.95e-01  3.62e+05	21.0166 65.1161 0.9339	
139.152872 298.570858	4.95e-01  9.30e-01  3.41e+05	-25.6698 76.8960 0.1601	
139.152872 298.570858	6.99e-01  7.86e-01  3.33e+05	-7.8946 85.2057 0.1079	
139.152872 298.570858	3.59e-01  8.05e-01  3.82e+05	-27.2822 45.9077 0.4986	
139.152872 298.570858	5.47e-01  9.32e-01  3.33e+05	14.2576 84.0148 0.1561	
139.152872 298.570858	6.40e-01  7.57e-01  3.45e+05	-6.4933 78.5432 0.6590	
139.152872 298.570858	4.86e-01  7.92e-01  3.63e+05	-29.3862 61.0109 0.3890	
139.152872 298.570858	6.45e-01  8.65e-01  3.29e+05	27.2069 83.0240 0.1037	
139.152872 298.570858	4.85e-01  8.31e-01  3.57e+05	6.6040 71.2608 0.2474	
139.152872 298.570858	4.40e-01  9.06e-01  3.52e+05	8.5175 73.9313 0.3602	
139.152872 298.570858	5.69e-01  9.66e-01  3.26e+05	0.0054 89.0288 0.9766	
139.152872 298.570858	3.98e-01  8.86e-01  3.62e+05	-30.0282 61.3684 0.7158	
139.152872 298.570858	5.87e-01  8.20e-01  3.43e+05	37.5841 70.2307 0.7582	
139.152872 298.570858	5.37e-01  6.83e-01  3.72e+05	-18.9224 58.0886 0.1719	
139.152872 298.570858	3.99e-01  9.49e-01  3.52e+05	12.5892 73.5316 0.6641	
139.152872 298.570858	6.18e-01  9.20e-01  3.26e+05	7.8322 88.8897 0.8537	
139.152872 298.570858	4.88e-01  7.72e-01  3.66e+05	23.2230 61.5433 0.4218	
139.152872 298.570858	6.30e-01  8.88e-01  3.28e+05	6.2692 87.6692 0.4511	
139.152872 298.570858	4.86e-01  9.52e-01  3.39e+05	-10.5278 81.5023 0.4608	
139.152872 298.570858	5.11e-01  8.60e-01  3.48e+05	-15.1514 75.1701 0.9893	
139.152872 298.570858	6.67e-01  8.37e-01  3.30e+05	9.0539 86.4357 0.7269	
139.152872 298.570858	4.44e-01  7.57e-01  3.75e+05	-6.0586 58.2506 0.5401	
139.152872 298.570858	5.43e-01  9.24e-01  3.35e+05	-5.9829 84.0652 0.6159	
139.152872 298.570858	7.43e-01  8.83e-01  3.15e+05	15.3364 93.4061 0.7293	
139.152872 298.570858	6.82e-01  8.70e-01  3.24e+05	-9.6812 89.6131 0.8458	
139.152872 298.570858	3.50e-01  7.81e-01  3.88e+05	24.8902 40.9199 0.8519	
139.152872 298.570858	3.79e-01  8.12e-01  3.77e+05	-5.0037 57.0190 0.9330	
139.152872 298.570858	4.14e-01  8.57e-01  3.64e+05	-35.9252 56.4844 0.3408	
139.152872 298.570858	7.26e-01  9.83e-01  3.05e+05	-25.7894 95.7504 0.5906	
139.152872 298.570858	5.43e-01  8.39e-01  3.47e+05	-11.5162 76.7152 0.7044	
139.152872 298.570858	4.83e-01  7.96e-01  3.63e+05	-6.0689 67.4802 0.3005	
139.152872 298.570858	6.19e-01  9.49e-01  3.22e+05	-20.5396 88.7884 0.5935	
139.152872 298.570858	5.76e-01  8.33e-01  3.43e+05	-33.0458 72.6857 0.9414	
139.152872 298.570858	4.78e-01  8.31e-01  3.58e+05	-0.3156 70.8328 0.6341	
139.152872 298.570858	5.93e-01  9.33e-01  3.27e+05	-0.7891 88.4396 0.8408	
139.152872 298.570858	7.43e-01  8.42e-01  3.20e+05	-6.7233 91.9336 0.6362	
139.152872 298.570858	5.65e-01  9.29e-01  3.31e+05	-18.1302 84.3228 0.3925	
139.152872 298.570858	5.61e-01  8.97e-01  3.36e+05	12.6467 82.7154 0.7484	
139.152872 298.570858	4.98e-01  8.12e-01  3.58e+05	15.1025 69.4406 0.7567	
139.152872 298.570858	6.48e-01  8.53e-01  3.30e+05	-6.6608 86.4873 0.8378	
139.152872 298.570858	7.06e-01  8.93e-01  3.18e+05	40.2786 83.8271 0.1126	
139.152872 298.570858	6.02e-01  7.70e-01  3.48e+05	-3.4819 76.6602 0.2549	
139.152872 298.570858	7.95e-01  9.29e-01  3.03e+05	-27.7850 95.9701 0.1794	
139.152872 298.570858	8.23e-01  8.88e-01  3.05e+05	-17.9419 97.5676 0.4908	
139.152872 298.570858	4.10e-01  8.12e-01  3.72e+05	-30.6659 53.0223 0.7272	
139.152872 298.570858	6.27e-01  7.90e-01  3.42e+05	20.0964 77.9913 0.7161	
139.152872 298.570858	4.43e-01  7.64e-01  3.74e+05	3.2530 59.2037 0.1473	
139.152872 298.570858	5.60e-01  7.09e-01  3.64e+05	2.5895 66.6311 0.0622	
139.152872 298.570858	3.49e-01  7.62e-01  3.91e+05	-7.0468 43.8258 0.2870	
139.152872 298.570858	3.63e-01  8.00e-01  3.82e+05	-15.2456 51.0679 0.2310	
139.152872 298.570858	5.14e-01  6.49e-01  3.82e+05	-31.3368 42.9773 0.2973	
139.152872 298.570858	4.50e-01  9.18e-01  3.49e+05	-11.5003 75.4648 0.2974	
139.152872 298.570858	4.56e-01  7.62e-01  3.73e+05	-16.3011 58.4618 0.9833	
139.152872 298.570858	4.59e-01  7.78e-01  3.69e+05	15.4924 61.0549 0.0588	
139.152872 298.570858	7.00e-01  8.26e-01  3.27e+05	49.9051 72.9895 0.2134	
139.152872 298.570858	4.35e-01  9.37e-01  3.48e+05	-16.9311 74.8754 0.3231	
139.152872 298.570858	6.34e-01  8.14e-01  3.38e+05	4.2641 82.7558 0.9443	
139.152872 298.570858	4.31e-01  8.35e-01  3.65e+05	-16.8588 64.2584 0.1940	
139.152872 298.570858	6.62e-01  9.82e-01  3.12e+05	-32.5387 89.9560 0.3013	
139.152872 298.570858	6.01e-01  6.77e-01  3.63e+05	6.5238 67.3943 0.6168	
139.152872 298.570858	6.33e-01  9.17e-01  3.24e+05	-39.4081 80.9604 0.8120	
139.152872 298.570858	6.88e-01  8.75e-01  3.22e+05	3.0982 90.7889 0.8504	
139.152872 298.570858	3.88e-01  7.65e-01  3.84e+05	-9.3084 50.7659 0.9075	
139.152872 298.570858	4.04e-01  8.24e-01  3.71e+05	9.7056 61.2108 0.2811	
139.152872 298.570858	7.22e-01  8.88e-01  3.17e+05	-28.3609 89.3038 0.7103	
139.152872 298.570858	7.17e-01  9.34e-01  3.12e+05	-50.6147 81.6257 0.4612	
139.152872 298.570858	4.63e-01  7.14e-01  3.80e+05	5.1348 55.0106 0.6921	
139.152872 298.570858	7.15e-01  8.22e-01  3.26e+05	23.1012 86.1413 0.2203	
139.152872 298.570858	6.83e-01  9.31e-01  3.16e+05	9.1670 93.5214 0.4845	
139.152872 298.570858	5.61e-01  7.43e-01  3.59e+05	-26.2136 65.2789 0.2217	
139.152872 298.570858	4.67e-01  7.67e-01  3.70e+05	18.1611 60.0327 0.4836	
139.152872 298.570858	4.76e-01  6.55e-01  3.88e+05	-1.9651 48.0920 0.6313	
139.152872 298.570858	5.35e-01  8.36e-01  3.49e+05	-6.4625 76.3679 0.1265	
139.152872 298.570858	5.73e-01  8.26e-01  3.44e+05	-18.0084 76.9182 0.8461	
139.152872 298.570858	6.31e-01  8.70e-01  3.30e+05	-30.2333 81.3172 0.0239	
139.152872 298.570858	4.27e-01  8.08e-01  3.70e+05	-12.5807 61.6429 0.8942	
139.152872 298.570858	4.87e-01  6.81e-01  3.81e+05	7.4002 53.4660 0.9119	
139.152872 298.570858	5.47e-01  7.24e-01  3.64e+05	1.1679 66.9014 0.2059	
139.152872 298.570858	5.77e-01  8.51e-01  3.40e+05	-18.6279 79.1860 0.6573	
139.152872 298.570858	4.96e-01  7.69e-01  3.65e+05	11.2501 65.2451 0.7409	
139.152872 298.570858	5.16e-01  9.12e-01  3.40e+05	25.1900 77.3992 0.5511	
139.152872 298.570858	6.32e-01  7.31e-01  3.50e+05	14.3427 74.5450 0.5678	
139.152872 298.570858	4.72e-01  8.15e-01  3.61e+05	-46.2898 50.7559 0.7643	
139.152872 298.570858	6.39e-01  8.22e-01  3.36e+05	-1.5392 83.8733 0.1706	
139.152872 298.570858	5.80e-01  7.36e-01  3.57e+05	6.6005 71.3220 0.8469	
139.152872 298.570858	3.70e-01  8.63e-01  3.70e+05	22.0022 58.6577 0.2309	
139.152872 298.570858	6.57e-01  8.41e-01  3.31e+05	-10.4043 85.8781 0.2097	
139.152872 298.570858	4.60e-01  6.63e-01  3.89e+05	-9.3659 45.7464 0.9740	
139.152872 298.570858	4.80e-01  8.91e-01  3.48e+05	9.7470 76.0625 0.8300	
139.152872 298.570858	7.31e-01  7.83e-01  3.29e+05	-22.2466 84.7582 0.5061	
139.152872 298.570858	4.58e-01  7.33e-01  3.77e+05	-26.0510 50.9236 0.6843	
139.152872 298.570858	5.38e-01  7.84e-01  3.56e+05	16.5706 70.1915 0.3512	
139.152872 298.570858	5.48e-01  7.78e-01  3.55e+05	10.7506 71.7282 0.8805	
139.152872 298.570858	5.35e-01  6.82e-01  3.73e+05	3.4396 60.5828 0.0581	
139.152872 298.570858	4.93e-01  6.78e-01  3.81e+05	5.8705 54.0826 0.8193	
139.152872 298.570858	7.16e-01  8.15e-01  3.26e+05	-2.7291 88.7602 0.9924	
139.152872 298.570858	5.66e-01  8.31e-01  3.45e+05	38.4688 68.8864 0.7716	
139.152872 298.570858	5.82e-01  8.07e-01  3.46e+05	-16.8074 76.3039 0.1231	
139.152872 298.570858	6.34e-01  8.73e-01  3.30e+05	-21.5067 84.4432 0.9204	
139.152872 298.570858	5.67e-01  6.79e-01  3.68e+05	-4.4364 63.9650 0.2489	
139.152872 298.570858	6.71e-01  9.09e-01  3.20e+05	43.5888 80.8717 0.9315	
139.152872 298.570858	4.44e-01  8.64e-01  3.58e+05	-0.0736 70.7934 0.7639	
139.152872 298.570858	4.29e-01  9.79e-01  3.43e+05	33.4951 72.3944 0.9399	
139.152872 298.570858	6.93e-01  7.29e-01  3.41e+05	30.4128 74.8938 0.8677	
139.152872 298.570858	6.19e-01  9.71e-01  3.19e+05	-18.6879 90.5483 0.7945	
139.152872 298.570858	3.59e-01  8.82e-01  3.69e+05	13.8543 62.0816 0.3985	
139.152872 298.570858	5.05e-01  6.71e-01  3.80e+05	11.9174 53.8949 0.6119	
139.152872 298.570858	7.05e-01  8.35e-01  3.25e+05	36.8150 81.3667 0.4029	
139.152872 298.570858	6.49e-01  8.43e-01  3.32e+05	-19.6621 83.8283 0.4526	
139.152872 298.570858	6.84e-01  8.78e-01  3.23e+05	-26.9103 86.6734 0.3146	
139.152872 298.570858	5.61e-01  6.28e-01  3.77e+05	-21.6833 52.7719 0.7830	
139.152872 298.570858	3.97e-01  9.20e-01  3.57e+05	26.1539 66.7504 0.7092	
139.152872 298.570858	6.37e-01  7.03e-01  3.53e+05	28.3660 68.2142 0.2119	
139.152872 298.570858	5.13e-01  9.34e-01  3.38e+05	21.0801 80.1325 0.0353	
139.152872 298.570858	6.06e-01  7.15e-01  3.56e+05	-45.2286 56.1073 0.5916	
139.152872 298.570858	4.48e-01  7.52e-01  3.76e+05	1.5588 58.4370 0.4736	
139.152872 298.570858	3.99e-01  8.33e-01  3.70e+05	-26.3628 56.5550 0.9514	
139.152872 298.570858	4.25e-01  7.13e-01  3.86e+05	8.3330 48.5939 0.9195	
139.152872 298.570858	5.86e-01  8.53e-01  3.39e+05	-31.8865 75.7322 0.2147	
139.152872 298.570858	4.51e-01  7.44e-01  3.76e+05	-21.2181 53.7772 0.9717	
139.152872 298.570858	3.58e-01  8.15e-01  3.80e+05	-41.0350 36.2059 0.5952	
139.152872 298.570858	2.56e-01  8.60e-01  3.90e+05	-1.3210 45.4246 0.3185	
139.152872 298.570858	4.88e-01  6.70e-01  3.83e+05	-5.6500 52.0558 0.5127	
139.152872 298.570858	5.80e-01  8.71e-01  3.37e+05	-19.8230 80.6942 0.3053	
139.152872 298.570858	5.38e-01  9.29e-01  3.35e+05	51.5940 66.7068 0.5226	
139.152872 298.570858	4.96e-01  8.48e-01  3.52e+05	0.2750 74.3107 0.5681	
139.152872 298.570858	5.52e-01  8.13e-01  3.49e+05	3.9562 76.0677 0.0050	
139.152872 298.570858	7.12e-01  8.43e-01  3.23e+05	-10.3828 89.7131 0.0293	
139.152872 298.570858	3.20e-01  8.16e-01  3.87e+05	-11.1529 47.7039 0.7403	
139.152872 298.570858	5.89e-01  8.30e-01  3.42e+05	61.8347 51.7707 0.6996	
139.152872 298.570858	5.41e-01  7.39e-01  3.62e+05	34.5845 58.5185 0.7027	
139.152872 298.570858	5.19e-01  6.59e-01  3.79e+05	16.4664 52.8449 0.3751	
139.152872 298.570858	5.01e-01  7.98e-01  3.59e+05	-13.2509 68.7155 0.9532	
139.152872 298.570858	5.52e-01  8.47e-01  3.44e+05	-3.2648 78.9293 0.9939	
139.152872 298.570858	5.32e-01  8.87e-01  3.42e+05	32.6596 73.7167 0.8061	
139.152872 298.570858	6.45e-01  8.53e-01  3.31e+05	22.7910 83.5038 0.9177	
139.152872 298.570858	3.61e-01  7.67e-01  3.88e+05	28.2397 38.3516 0.9966	
139.152872 298.570858	4.15e-01  8.41e-01  3.66e+05	-2.0147 65.2599 0.6431	
139.152872 298.570858	5.94e-01  8.23e-01  3.42e+05	-2.6942 80.4478 0.7582	
139.152872 298.570858	8.10e-01  9.26e-01  3.02e+05	-12.6930 99.7389 0.5054	
139.152872 298.570858	4.59e-01  7.42e-01  3.75e+05	0.7205 58.5842 0.0440	
139.152872 298.570858	4.77e-01  9.48e-01  3.41e+05	0.7187 81.1234 0.2017	
139.152872 298.570858	6.91e-01  7.54e-01  3.38e+05	-24.5716 78.8689 0.9800	
139.152872 298.570858	6.97e-01  7.78e-01  3.34e+05	7.9266 84.5134 0.0304	
139.152872 298.570858	5.28e-01  7.27e-01  3.66e+05	-34.4306 55.3511 0.0212	
139.152872 298.570858	5.30e-01  8.23e-01  3.51e+05	-28.2896 69.4652 0.9492	
139.152872 298.570858	5.07e-01  8.58e-01  3.49e+05	-35.8883 67.1464 0.2095	
139.152872 298.570858	2.96e-01  9.68e-01  3.65e+05	-3.4184 66.0795 0.2301	
139.152872 298.570858	5.80e-01  8.26e-01  3.43e+05	8.2570 79.1966 0.3520	
139.152872 298.570858	6.99e-01  8.33e-01  3.26e+05	-11.6151 88.0664 0.5977	
139.152872 298.570858	5.39e-01  6.31e-01  3.81e+05	16.6775 51.5396 0.4363	
139.152872 298.570858	4.77e-01  8.61e-01  3.53e+05	-13.3163 72.4741 0.0014	
139.152872 298.570858	5.36e-01  8.26e-01  3.50e+05	6.7723 75.5810 0.6885	
139.152872 298.570858	3.12e-01  8.44e-01  3.83e+05	-20.6499 47.9127 0.4506	
139.152872 298.570858	6.12e-01  8.52e-01  3.35e+05	-41.1071 73.2949 0.9227	
139.152872 298.570858	7.34e-01  7.49e-01  3.33e+05	-35.6267 77.7087 0.9712	
139.152872 298.570858	6.52e-01  8.62e-01  3.29e+05	6.8302 87.3942 0.8584	
139.152872 298.570858	4.04e-01  8.60e-01  3.65e+05	-10.4120 65.3601 0.7717	
139.152872 298.570858	7.39e-01  8.83e-01  3.15e+05	-22.2992 91.6926 0.2485	
139.152872 298.570858	5.32e-01  8.25e-01  3.51e+05	-27.1973 70.3047 0.5352	
139.152872 298.570858	7.02e-01  7.88e-01  3.32e+05	-3.7526 85.8699 0.3013	
139.152872 298.570858	5.93e-01  7.47e-01  3.53e+05	0.1625 73.9073 0.2241	
139.152872 298.570858	6.27e-01  8.74e-01  3.30e+05	-10.9239 86.0945 0.6599	
139.152872 298.570858	5.37e-01  7.61e-01  3.60e+05	-0.8199 69.7866 0.9028	
139.152872 298.570858	7.17e-01  8.60e-01  3.21e+05	14.5886 90.5242 0.3160	
139.152872 298.570858	7.73e-01  8.41e-01  3.16e+05	-16.6556 92.4601 0.7928	
139.152872 298.570858	6.24e-01  6.90e-01  3.57e+05	-0.2213 71.4154 0.0172	
139.152872 298.570858	7.85e-01  9.31e-01  3.04e+05	-15.5359 98.2786 0.2404	
139.152872 298.570858	6.87e-01  8.91e-01  3.21e+05	2.6739 91.7183 0.4644	
139.152872 298.570858	6.32e-01  6.98e-01  3.55e+05	35.5530 63.7333 0.3773	
139.152872 298.570858	6.02e-01  8.31e-01  3.40e+05	10.1958 81.1552 0.4153	
139.152872 298.570858	5.48e-01  7.04e-01  3.67e+05	7.9900 64.2519 0.6425	
139.152872 298.570858	4.07e-01  8.22e-01  3.71e+05	3.8543 62.0275 0.4981	
139.152872 298.570858	4.97e-01  7.84e-01  3.62e+05	-22.7624 64.1049 0.1270	
139.152872 298.570858	5.47e-01  9.70e-01  3.28e+05	-44.1273 75.9132 0.3406	
139.152872 298.570858	4.17e-01  9.04e-01  3.56e+05	35.9962 62.4750 0.5942	
139.152872 298.570858	5.24e-01  7.23e-01  3.68e+05	-19.2678 61.2070 0.6909	
139.152872 298.570858	5.13e-01  7.90e-01  3.59e+05	11.0188 69.4462 0.8019	
139.152872 298.570858	4.50e-01  9.75e-01  3.41e+05	20.5140 78.5017 0.9953	
139.152872 298.570858	4.32e-01  8.86e-01  3.56e+05	36.4420 61.8137 0.9671	
139.152872 298.570858	6.17e-01  7.38e-01  3.51e+05	-26.3319 70.4333 0.6562	
139.152872 298.570858	6.05e-01  7.18e-01  3.56e+05	-32.3126 64.6868 0.4293	
139.152872 298.570858	5.49e-01  8.33e-01  3.47e+05	-15.7721 76.0038 0.4142	
139.152872 298.570858	7.43e-01  9.69e-01  3.05e+05	-10.7800 98.7105 0.1652	
139.152872 298.570858	4.44e-01  8.97e-01  3.53e+05	18.5624 71.6551 0.5372	
139.152872 298.570858	5.61e-01  9.19e-01  3.33e+05	-33.0470 78.5949 0.7702	
139.152872 298.570858	3.38e-01  9.78e-01  3.57e+05	-6.4722 71.3134 0.6166	
139.152872 298.570858	5.25e-01  6.62e-01  3.78e+05	-4.8124 56.4651 0.8637	
139.152872 298.570858	6.00e-01  8.61e-01  3.36e+05	-43.6567 71.6621 0.4552	
139.152872 298.570858	4.24e-01  7.90e-01  3.73e+05	5.4062 59.9383 0.4272	
139.152872 298.570858	6.14e-01  8.87e-01  3.30e+05	-55.2210 66.9225 0.1752	
139.152872 298.570858	4.83e-01  7.38e-01  3.72e+05	25.4435 55.5253 0.0823	
139.152872 298.570858	7.52e-01  9.44e-01  3.06e+05	24.2000 95.4494 0.8809	
139.152872 298.570858	6.26e-01  7.21e-01  3.52e+05	-1.2534 74.5401 0.7843	
139.152872 298.570858	4.98e-01  8.14e-01  3.57e+05	-10.1865 70.4629 0.7634	
139.152872 298.570858	5.69e-01  7.44e-01  3.57e+05	18.9571 68.7513 0.6751	
139.152872 298.570858	5.44e-01  7.73e-01  3.57e+05	-16.7522 69.7447 0.2527	
139.152872 298.570858	5.23e-01  8.96e-01  3.42e+05	-2.9510 80.5859 0.0479	
139.152872 298.570858	8.12e-01  9.30e-01  3.01e+05	9.6558 100.3262 0.6615	
139.152872 298.570858	5.11e-01  8.54e-01  3.49e+05	-18.9584 73.7064 0.0278	
139.152872 298.570858	4.48e-01  9.05e-01  3.51e+05	15.5805 73.4405 0.7179	
139.152872 298.570858	3.78e-01  8.66e-01  3.68e+05	-12.7596 62.6432 0.2971	
139.152872 298.570858	6.16e-01  8.67e-01  3.33e+05	5.3305 85.3179 0.4486	
139.152872 298.570858	6.62e-01  8.96e-01  3.23e+05	-29.6608 85.4854 0.1322	
139.152872 298.570858	6.38e-01  9.39e-01  3.21e+05	-0.7517 91.7042 0.5598	
139.152872 298.570858	5.77e-01  7.54e-01  3.54e+05	-49.5863 53.5786 0.7927	
139.152872 298.570858	6.51e-01  9.32e-01  3.20e+05	47.2573 79.0392 0.9854	
139.152872 298.570858	5.78e-01  7.17e-01  3.60e+05	12.6630 68.2985 0.9923	
139.152872 298.570858	6.62e-01  7.97e-01  3.36e+05	33.5348 76.6802 0.0398	
139.152872 298.570858	6.25e-01  9.68e-01  3.19e+05	29.9615 87.7147 0.0037	
139.152872 298.570858	5.47e-01  7.32e-01  3.62e+05	-0.6554 67.8373 0.9521	
139.152872 298.570858	6.39e-01  8.02e-01  3.38e+05	-0.2590 82.3718 0.6377	
139.152872 298.570858	5.83e-01  9.73e-01  3.23e+05	50.5730 74.9086 0.2036	
139.152872 298.570858	4.65e-01  7.90e-01  3.66e+05	-34.8689 55.0577 0.3359	
139.152872 298.570858	6.62e-01  7.73e-01  3.39e+05	7.8033 81.5366 0.5331	
139.152872 298.570858	5.06e-01  8.03e-01  3.58e+05	-7.5873 70.4026 0.3767	
139.152872 298.570858	4.69e-01  6.53e-01  3.89e+05	21.3863 41.2829 0.8626	
139.152872 298.570858	5.63e-01  6.83e-01  3.68e+05	5.4927 63.8549 0.4108	
139.152872 298.570858	5.50e-01  7.23e-01  3.63e+05	-27.3782 61.3642 0.7003	
139.152872 298.570858	4.29e-01  7.71e-01  3.76e+05	-26.3264 52.0757 0.1220	
139.152872 298.570858	3.21e-01  8.44e-01  3.82e+05	25.1595 47.1860 0.8395	
139.152872 298.570858	7.02e-01  7.56e-01  3.36e+05	10.0109 83.0237 0.0539	
139.152872 298.570858	6.70e-01  8.48e-01  3.28e+05	25.1877 84.2030 0.0031	
139.152872 298.570858	6.74e-01  8.99e-01  3.21e+05	-60.6029 68.5088 0.3790	
139.152872 298.570858	5.40e-01  8.39e-01  3.47e+05	31.9474 70.4323 0.8280	
139.152872 298.570858	5.60e-01  6.97e-01  3.66e+05	-9.8313 64.7105 0.6430	
139.152872 298.570858	4.66e-01  9.23e-01  3.46e+05	-15.8529 76.5667 0.5174	
139.152872 298.570858	4.85e-01  9.35e-01  3.41e+05	17.6698 78.7535 0.0728	
139.152872 298.570858	6.26e-01  7.60e-01  3.46e+05	-25.9006 73.4900 0.5269	
139.152872 298.570858	4.71e-01  9.74e-01  3.38e+05	-37.2447 73.8687 0.7777	
139.152872 298.570858	6.18e-01  8.85e-01  3.30e+05	-32.4645 80.5658 0.2420	
139.152872 298.570858	4.93e-01  8.15e-01  3.58e+05	-18.1845 68.4668 0.6397	
139.152872 298.570858	4.91e-01  7.17e-01  3.74e+05	-11.0104 58.4525 0.2959	
139.152872 298.570858	6.16e-01  9.08e-01  3.27e+05	19.8818 86.0329 0.2522	
139.152872 298.570858	5.72e-01  9.18e-01  3.32e+05	-27.9833 81.2321 0.0782	
139.152872 298.570858	3.74e-01  7.65e-01  3.86e+05	24.4401 43.0084 0.8358	
139.152872 298.570858	5.54e-01  8.74e-01  3.40e+05	-2.4495 81.2813 0.6806	
139.152872 298.570858	7.04e-01  8.41e-01  3.25e+05	-35.8170 82.2352 0.1244	
139.152872 298.570858	6.59e-01  8.47e-01  3.30e+05	-13.6298 86.0058 0.4993	
139.152872 298.570858	5.58e-01  7.30e-01  3.61e+05	36.5907 58.0970 0.3654	
139.152872 298.570858	5.75e-01  8.07e-01  3.47e+05	-18.5764 75.4139 0.1084	
139.152872 298.570858	5.45e-01  9.62e-01  3.30e+05	-14.3146 85.9828 0.8770	
139.152872 298.570858	5.09e-01  6.91e-01  3.76e+05	4.4333 58.2510 0.3410	
139.152872 298.570858	4.03e-01  7.30e-01  3.87e+05	4.5376 48.2544 0.0474	
139.152872 298.570858	5.85e-01  8.19e-01  3.44e+05	-18.0214 77.3586 0.5000	
139.152872 298.570858	5.23e-01  8.15e-01  3.53e+05	37.4608 63.4940 0.9095	
139.152872 298.570858	6.87e-01  7.61e-01  3.38e+05	48.9709 66.8644 0.4555	
139.152872 298.570858	5.57e-01  8.40e-01  3.45e+05	13.2167 77.7245 0.6543	
139.152872 298.570858	6.26e-01  8.59e-01  3.32e+05	37.2430 77.1015 0.6764	
139.152872 298.570858	4.80e-01  7.80e-01  3.66e+05	-33.0462 56.7806 0.2818	
139.152872 298.570858	5.70e-01  8.83e-01  3.37e+05	7.4706 82.8845 0.0095	
139.152872 298.570858	6.09e-01  9.39e-01  3.24e+05	-53.1852 72.4985 0.3919	
139.152872 298.570858	6.47e-01  8.20e-01  3.35e+05	8.0302 83.9693 0.1161	
139.152872 298.570858	5.80e-01  6.56e-01  3.70e+05	-19.1829 59.9407 0.0809	
139.152872 298.570858	5.24e-01  9.14e-01  3.39e+05	-29.8374 76.5616 0.6872	
139.152872 298.570858	6.36e-01  9.36e-01  3.21e+05	-9.1927 90.8773 0.0307	
139.152872 298.570858	4.26e-01  7.73e-01  3.76e+05	24.9062 52.6585 0.2171	
139.152872 298.570858	7.40e-01  8.55e-01  3.18e+05	-1.6085 92.7790 0.1099	
139.152872 298.570858	5.39e-01  7.58e-01  3.60e+05	-12.2777 68.6153 0.9155	
139.152872 298.570858	6.15e-01  7.81e-01  3.45e+05	1.1342 78.7648 0.5243	
139.152872 298.570858	6.45e-01  7.45e-01  3.46e+05	-40.7330 66.8454 0.5056	
139.152872 298.570858	4.20e-01  7.77e-01  3.76e+05	3.9266 57.9006 0.3891	
139.152872 298.570858	5.99e-01  6.78e-01  3.63e+05	-4.1005 67.4264 0.1421	
139.152872 298.570858	6.10e-01  6.38e-01  3.67e+05	-25.5658 59.1311 0.1196	
139.152872 298.570858	6.06e-01  8.29e-01  3.39e+05	-10.7368 81.2026 0.0701	
139.152872 298.570858	5.34e-01  8.42e-01  3.48e+05	-25.3522 72.7990 0.2616	
139.152872 298.570858	5.11e-01  6.96e-01  3.74e+05	-0.7665 59.3967 0.6745	
139.152872 298.570858	4.68e-01  9.09e-01  3.48e+05	32.1512 70.1869 0.0082	
139.152872 298.570858	6.29e-01  7.06e-01  3.54e+05	12.0387 72.4160 0.2714	
139.152872 298.570858	3.56e-01  8.43e-01  3.76e+05	24.9035 52.7560 0.0301	
139.152872 298.570858	6.42e-01  8.18e-01  3.36e+05	15.9212 82.2629 0.3389	
139.152872 298.570858	5.05e-01  9.21e-01  3.41e+05	-0.8361 81.2041 0.2143	
139.152872 298.570858	6.22e-01  6.99e-01  3.56e+05	-4.4791 71.9234 0.7521	
139.152872 298.570858	5.91e-01  8.92e-01  3.33e+05	12.4933 84.5235 0.3055	
139.152872 298.570858	7.33e-01  7.70e-01  3.30e+05	-9.9244 86.3068 0.4852	
139.152872 298.570858	7.02e-01  8.12e-01  3.29e+05	21.0264 85.0591 0.2744	
139.152872 298.570858	6.71e-01  9.19e-01  3.19e+05	-12.8993 91.6233 0.4500	
139.152872 298.570858	6.23e-01  8.72e-01  3.31e+05	3.3912 86.2624 0.5615	
139.152872 298.570858	5.10e-01  7.85e-01  3.60e+05	-29.4222 62.9820 0.6179	
139.152872 298.570858	6.17e-01  6.94e-01  3.57e+05	4.7669 71.0241 0.2774	
139.152872 298.570858	4.03e-01  7.68e-01  3.81e+05	-14.5054 52.2771 0.6902	
139.152872 298.570858	5.96e-01  9.25e-01  3.28e+05	-13.1115 87.1172 0.1433	
139.152872 298.570858	6.31e-01  8.63e-01  3.31e+05	-40.7716 76.0172 0.7644	
139.152872 298.570858	4.75e-01  9.30e-01  3.43e+05	-25.1381 75.5051 0.6711	
139.152872 298.570858	5.64e-01  7.19e-01  3.62e+05	6.1616 68.0233 0.0982	
139.152872 298.570858	6.66e-01  7.16e-01  3.47e+05	5.2247 77.3919 0.1585	
139.152872 298.570858	7.57e-01  9.30e-01  3.07e+05	-11.9570 97.2596 0.4904	
139.152872 298.570858	4.99e-01  6.81e-01  3.79e+05	11.3381 54.4688 0.2080	
139.152872 298.570858	4.08e-01  7.45e-01  3.84e+05	5.6180 51.2148 0.8537	
139.152872 298.570858	4.14e-01  8.46e-01  3.66e+05	-3.0912 65.6789 0.7214	
139.152872 298.570858	5.34e-01  7.82e-01  3.57e+05	-6.3210 71.2562 0.2089	
139.152872 298.570858	5.51e-01  7.58e-01  3.58e+05	-18.6957 68.4440 0.9050	
139.152872 298.570858	4.51e-01  8.21e-01  3.64e+05	-28.2877 60.7364 0.0253	
139.152872 298.570858	6.44e-01  8.91e-01  3.26e+05	15.6882 87.5915 0.4730	
139.152872 298.570858	6.48e-01  8.01e-01  3.37e+05	29.4768 77.6012 0.8586	
139.152872 298.570858	5.49e-01  7.40e-01  3.61e+05	6.7782 68.4923 0.2148	
139.152872 298.570858	4.90e-01  8.13e-01  3.59e+05	-34.1423 61.4366 0.3871	
139.152872 298.570858	7.00e-01  7.91e-01  3.32e+05	-19.2013 83.8492 0.1873	
139.152872 298.570858	6.03e-01  8.29e-01  3.40e+05	2.2013 81.6672 0.8090	
139.152872 298.570858	6.86e-01  7.70e-01  3.37e+05	40.1812 73.1476 0.4347	
139.152872 298.570858	5.66e-01  8.91e-01  3.36e+05	-20.7684 80.9232 0.6197	
139.152872 298.570858	5.50e-01  8.68e-01  3.42e+05	-19.5089 78.1726 0.9263	
139.152872 298.570858	5.42e-01  8.12e-01  3.51e+05	-6.1482 74.9013 0.3520	
139.152872 298.570858	5.42e-01  7.26e-01  3.64e+05	-5.6311 66.3536 0.7854	
139.152872 298.570858	5.67e-01  7.58e-01  3.55e+05	17.3501 70.3655 0.2249	
139.152872 298.570858	5.27e-01  9.37e-01  3.35e+05	2.3363 84.0746 0.6787	
139.152872 298.570858	5.97e-01  8.43e-01  3.38e+05	42.2832 70.6798 0.1117	
139.152872 298.570858	7.27e-01  8.00e-01  3.27e+05	-15.8768 87.1143 0.7585	
139.152872 298.570858	5.32e-01  7.08e-01  3.69e+05	11.6001 62.2785 0.6712	
139.152872 298.570858	3.46e-01  9.01e-01  3.68e+05	-11.0058 63.3407 0.5602	
139.152872 298.570858	4.98e-01  8.27e-01  3.55e+05	38.5665 61.2847 0.6742	
139.152872 298.570858	4.89e-01  8.07e-01  3.60e+05	-13.4357 68.3112 0.2007	
139.152872 298.570858	3.49e-01  8.97e-01  3.68e+05	-28.9900 57.1834 0.4979	
139.152872 298.570858	6.70e-01  7.57e-01  3.40e+05	-28.9267 75.9407 0.9953	
139.152872 298.570858	8.27e-01  9.21e-01  3.01e+05	-29.4878 96.6936 0.8459	
139.152872 298.570858	5.27e-01  8.56e-01  3.47e+05	-7.4319 77.3027 0.2206	
139.152872 298.570858	4.99e-01  6.29e-01  3.88e+05	-11.1385 46.2214 0.0231	
139.152872 298.570858	4.56e-01  7.41e-01  3.76e+05	-10.1042 57.1243 0.7461	
139.152872 298.570858	5.52e-01  9.32e-01  3.33e+05	0.1471 85.5385 0.1136	
139.152872 298.570858	6.29e-01  8.26e-01  3.37e+05	-26.8052 79.0071 0.8901	
139.152872 298.570858	6.45e-01  9.11e-01  3.23e+05	-23.4798 87.3028 0.0293	
139.152872 298.570858	6.60e-01  7.34e-01  3.45e+05	33.5325 71.0565 0.5883	
139.152872 298.570858	4.92e-01  8.12e-01  3.59e+05	-26.8137 65.0654 0.2440	
139.152872 298.570858	6.43e-01  6.80e-01  3.56e+05	-0.6331 72.2321 0.7237	
139.152872 298.570858	5.69e-01  9.35e-01  3.30e+05	39.1294 77.5973 0.0664	
139.152872 298.570858	5.16e-01  7.22e-01  3.69e+05	-2.6189 63.1738 0.8603	
139.152872 298.570858	6.31e-01  7.98e-01  3.40e+05	0.5203 81.3891 0.6121	
139.152872 298.570858	6.77e-01  8.72e-01  3.24e+05	3.2684 89.8833 0.1637	
139.152872 298.570858	5.23e-01  8.52e-01  3.48e+05	36.2610 67.9645 0.7389	
139.152872 298.570858	6.53e-01  8.04e-01  3.36e+05	3.1852 83.4930 0.6690	
139.152872 298.570858	6.11e-01  8.31e-01  3.38e+05	-3.1044 82.3788 0.7294	
139.152872 298.570858	6.11e-01  6.84e-01  3.60e+05	-0.4627 69.5226 0.7352	
139.152872 298.570858	7.41e-01  8.60e-01  3.18e+05	-3.0283 93.1122 0.9533	
139.152872 298.570858	3.53e-01  8.24e-01  3.80e+05	-5.3007 54.9542 0.7000	
139.152872 298.570858	6.98e-01  7.97e-01  3.31e+05	52.1316 68.8430 0.3272	
139.152872 298.570858	4.05e-01  7.46e-01  3.84e+05	-3.0852 51.2392 0.9264	
139.152872 298.570858	4.61e-01  7.02e-01  3.82e+05	10.6829 52.1897 0.0663	
139.152872 298.570858	4.91e-01  8.41e-01  3.54e+05	6.1392 72.8491 0.0190	
139.152872 298.570858	5.46e-01  7.24e-01  3.64e+05	4.2924 66.6275 0.0651	
139.152872 298.570858	7.92e-01  8.36e-01  3.14e+05	-32.8700 88.8605 0.0234	
139.152872 298.570858	5.93e-01  8.01e-01  3.45e+05	-32.7906 71.5065 0.7238	
139.152872 298.570858	3.97e-01  8.49e-01  3.68e+05	29.4576 56.9546 0.2917	
139.152872 298.570858	4.19e-01  8.44e-01  3.65e+05	2.2357 66.0203 0.9231	
139.152872 298.570858	4.53e-01  8.19e-01  3.64e+05	-25.3392 62.0798 0.5570	
139.152872 298.570858	6.09e-01  8.81e-01  3.32e+05	14.7644 84.6691 0.0903	
139.152872 298.570858	5.93e-01  7.09e-01  3.59e+05	29.4311 63.6495 0.9645	
139.152872 298.570858	5.26e-01  8.58e-01  3.47e+05	-32.6579 70.5045 0.0941	
139.152872 298.570858	6.27e-01  8.45e-01  3.34e+05	-31.4637 78.6467 0.5786	
139.152872 298.570858	6.63e-01  8.24e-01  3.32e+05	-23.3620 82.5608 0.9149	
139.152872 298.570858	5.49e-01  8.96e-01  3.38e+05	37.4311 73.7253 0.1219	
139.152872 298.570858	6.16e-01  6.84e-01  3.59e+05	-1.5486 69.9995 0.4701	
139.152872 298.570858	4.84e-01  8.84e-01  3.49e+05	-1.9628 76.4109 0.3238	
139.152872 298.570858	6.34e-01  8.18e-01  3.37e+05	32.4830 76.6308 0.5010	
139.152872 298.570858	5.46e-01  9.52e-01  3.31e+05	-0.8151 86.5054 0.4514	
139.152872 298.570858	4.22e-01  6.61e-01  3.97e+05	-13.0743 36.4920 0.4754	
139.152872 298.570858	4.17e-01  8.30e-01  3.68e+05	5.1139 64.1278 0.9162	
139.152872 298.570858	6.59e-01  8.80e-01  3.26e+05	16.8129 87.6384 0.2386	
139.152872 298.570858	6.23e-01  7.64e-01  3.46e+05	25.4755 73.7205 0.0518	
139.152872 298.570858	5.00e-01  8.98e-01  3.45e+05	41.9994 66.8542 0.1440	
139.152872 298.570858	6.96e-01  8.43e-01  3.25e+05	-12.4909 88.4173 0.5054	
139.152872 298.570858	5.47e-01  7.99e-01  3.52e+05	1.4867 74.4400 0.1104	
139.152872 298.570858	4.23e-01  7.65e-01  3.78e+05	0.1395 56.7683 0.0453	
139.152872 298.570858	6.71e-01  9.34e-01  3.17e+05	-19.9418 91.2653 0.3333	
139.152872 298.570858	7.95e-01  8.93e-01  3.07e+05	-17.0088 96.5481 0.8556	
139.152872 298.570858	5.67e-01  7.76e-01  3.53e+05	-13.7220 72.8244 0.3011	
139.152872 298.570858	3.73e-01  8.01e-01  3.80e+05	15.1866 52.7493 0.5272	
139.152872 298.570858	7.42e-01  8.77e-01  3.16e+05	-4.2373 94.0838 0.7515	
139.152872 298.570858	6.71e-01  9.59e-01  3.14e+05	33.3012 88.8080 0.5103	
139.152872 298.570858	6.60e-01  8.57e-01  3.28e+05	27.0401 83.5504 0.0149	
139.152872 298.570858	4.26e-01  9.22e-01  3.52e+05	10.5863 73.9038 0.4541	
139.152872 298.570858	4.69e-01  7.93e-01  3.65e+05	9.6122 65.2148 0.5902	
139.152872 298.570858	5.30e-01  8.50e-01  3.47e+05	10.6441 76.6699 0.1171	
139.152872 298.570858	5.70e-01  7.40e-01  3.58e+05	47.7020 52.5817 0.7813	
139.152872 298.570858	6.44e-01  8.87e-01  3.26e+05	30.2084 83.4919 0.3449	
139.152872 298.570858	6.10e-01  7.02e-01  3.57e+05	11.1093 70.2397 0.9876	
139.152872 298.570858	4.36e-01  7.51e-01  3.78e+05	19.3681 53.2185 0.0320	
139.152872 298.570858	7.09e-01  8.33e-01  3.25e+05	-31.8413 83.6602 0.4053	
139.152872 298.570858	4.18e-01  7.10e-01  3.88e+05	-18.2989 43.8517 0.1427	
139.152872 298.570858	6.23e-01  7.71e-01  3.45e+05	1.7238 78.5463 0.1301	
139.152872 298.570858	5.39e-01  6.63e-01  3.75e+05	16.7999 56.2047 0.8036	
139.152872 298.570858	7.38e-01  9.39e-01  3.09e+05	-5.5948 97.2821 0.0253	
139.152872 298.570858	5.69e-01  7.84e-01  3.51e+05	-12.9096 73.9961 0.0515	
139.152872 298.570858	4.30e-01  8.48e-01  3.63e+05	-17.0081 65.4813 0.0479	
139.152872 298.570858	5.42e-01  7.98e-01  3.53e+05	2.8720 73.8126 0.2345	
139.152872 298.570858	5.45e-01  7.13e-01  3.66e+05	-22.6368 61.4773 0.9164	
139.152872 298.570858	4.28e-01  8.38e-01  3.65e+05	-25.7551 61.2515 0.3836	
139.152872 298.570858	6.88e-01  7.86e-01  3.34e+05	-18.0790 82.8474 0.6741	
139.152872 298.570858	5.78e-01  8.14e-01  3.45e+05	6.1709 78.2162 0.8441	
139.152872 298.570858	5.46e-01  8.76e-01  3.41e+05	29.6954 75.2815 0.4096	
139.152872 298.570858	5.01e-01  7.31e-01  3.70e+05	11.1337 61.4968 0.5155	
139.152872 298.570858	5.89e-01  9.05e-01  3.31e+05	6.7597 85.9205 0.7014	
139.152872 298.570858	5.05e-01  8.86e-01  3.46e+05	51.2822 59.2420 0.6839	
139.152872 298.570858	5.62e-01  7.61e-01  3.56e+05	0.5800 72.2105 0.0430	
139.152872 298.570858	7.12e-01  8.50e-01  3.22e+05	-12.8224 89.9059 0.2823	
139.152872 298.570858	5.44e-01  8.97e-01  3.38e+05	7.2689 82.0760 0.9792	
139.152872 298.570858	5.17e-01  6.87e-01  3.75e+05	2.3896 58.8969 0.5560	
139.152872 298.570858	4.70e-01  8.03e-01  3.64e+05	-1.1653 67.1235 0.5677	
139.152872 298.570858	6.72e-01  8.75e-01  3.24e+05	15.1793 88.5237 0.1487	
139.152872 298.570858	6.40e-01  8.64e-01  3.30e+05	26.0974 82.9166 0.8043	
139.152872 298.570858	5.41e-01  8.97e-01  3.39e+05	41.4745 70.8422 0.8087	
139.152872 298.570858	4.88e-01  6.95e-01  3.78e+05	2.0643 56.0718 0.1921	
139.152872 298.570858	5.12e-01  9.60e-01  3.34e+05	13.0094 83.6745 0.9111	
139.152872 298.570858	4.50e-01  7.65e-01  3.73e+05	5.5492 60.1293 0.2127	
139.152872 298.570858	5.38e-01  6.84e-01  3.72e+05	0.1131 61.2403 0.5962	
139.152872 298.570858	4.91e-01  8.50e-01  3.53e+05	-2.8577 73.9073 0.9719	
139.152872 298.570858	7.19e-01  8.21e-01  3.25e+05	36.9504 81.3783 0.2260	
139.152872 298.570858	4.65e-01  9.17e-01  3.47e+05	12.8308 76.5238 0.9340	
139.152872 298.570858	5.01e-01  8.08e-01  3.58e+05	-46.4859 53.5405 0.9650	
139.152872 298.570858	6.19e-01  7.01e-01  3.56e+05	-13.4900 70.7416 0.7125	
139.152872 298.570858	5.26e-01  9.55e-01  3.33e+05	-34.0201 78.2499 0.3333	
139.152872 298.570858	5.73e-01  6.82e-01  3.66e+05	-17.7457 62.7066 0.2232	
139.152872 298.570858	5.61e-01  7.46e-01  3.58e+05	29.6620 64.1649 0.1733	
139.152872 298.570858	6.10e-01  8.06e-01  3.42e+05	-46.4319 65.6263 0.5142	
139.152872 298.570858	6.01e-01  9.11e-01  3.29e+05	61.4263 62.2850 0.4671	
139.152872 298.570858	5.17e-01  8.17e-01  3.54e+05	24.5016 69.0410 0.9908	
139.152872 298.570858	7.31e-01  8.27e-01  3.23e+05	16.8802 88.9441 0.4047	
139.152872 298.570858	6.02e-01  7.56e-01  3.50e+05	52.3878 54.4110 0.2382	
139.152872 298.570858	5.88e-01  7.93e-01  3.47e+05	9.3122 77.0316 0.6802	
139.152872 298.570858	5.51e-01  9.29e-01  3.33e+05	-23.2472 81.9974 0.3179	
139.152872 298.570858	4.59e-01  8.24e-01  3.62e+05	1.1859 68.1682 0.0320	
139.152872 298.570858	4.92e-01  9.00e-01  3.45e+05	6.3775 78.1843 0.2223	
139.152872 298.570858	6.47e-01  8.73e-01  3.28e+05	-41.5684 77.6258 0.1718	
139.152872 298.570858	5.07e-01  8.84e-01  3.46e+05	53.3006 57.3813 0.1735	
139.152872 298.570858	3.89e-01  8.14e-01  3.75e+05	0.4422 58.7670 0.2467	
139.152872 298.570858	5.33e-01  9.34e-01  3.35e+05	9.9222 83.7615 0.8615	
139.152872 298.570858	5.87e-01  8.52e-01  3.39e+05	8.4464 81.7863 0.2342	
139.152872 298.570858	4.63e-01  8.10e-01  3.64e+05	8.5690 66.5789 0.4825	
139.152872 298.570858	4.91e-01  8.27e-01  3.57e+05	-4.0430 71.5944 0.0333	
139.152872 298.570858	6.22e-01  8.26e-01  3.38e+05	26.9109 78.3980 0.0701	
139.152872 298.570858	7.46e-01  9.24e-01  3.10e+05	-10.9392 96.4230 0.6808	
139.152872 298.570858	5.53e-01  7.25e-01  3.63e+05	-30.2452 60.4695 0.2867	
139.152872 298.570858	5.47e-01  7.67e-01  3.57e+05	-4.4640 71.2633 0.1881	
139.152872 298.570858	5.17e-01  8.11e-01  3.55e+05	-5.7232 72.4716 0.3550	
139.152872 298.570858	5.23e-01  9.75e-01  3.31e+05	-1.1084 86.5380 0.6511	
139.152872 298.570858	7.06e-01  7.90e-01  3.31e+05	9.3893 85.9229 0.8675	
139.152872 298.570858	5.75e-01  7.87e-01  3.50e+05	-18.0325 73.7041 0.9345	
139.152872 298.570858	6.28e-01  7.07e-01  3.54e+05	-13.6638 72.1693 0.9288	
139.152872 298.570858	5.60e-01  8.86e-01  3.38e+05	-38.3906 73.2906 0.9581	
139.152872 298.570858	3.71e-01  8.19e-01  3.77e+05	-14.2502 55.2912 0.4904	
139.152872 298.570858	5.76e-01  9.10e-01  3.32e+05	3.2964 85.6134 0.4035	
139.152872 298.570858	4.03e-01  8.78e-01  3.62e+05	-2.2983 67.9509 0.3960	
139.152872 298.570858	6.39e-01  8.85e-01  3.27e+05	-1.8222 88.2485 0.2716	
139.152872 298.570858	5.56e-01  8.82e-01  3.39e+05	32.6816 75.3751 0.8540	
139.152872 298.570858	5.14e-01  8.25e-01  3.53e+05	-8.3602 73.2586 0.1114	
139.152872 298.570858	2.45e-01  8.87e-01  3.88e+05	0.5168 48.2249 0.2544	
139.152872 298.570858	5.43e-01  7.25e-01  3.64e+05	25.4362 61.5940 0.2721	
139.152872 298.570858	7.92e-01  8.73e-01  3.10e+05	-53.0211 80.9729 0.1414	
139.152872 298.570858	4.47e-01  7.03e-01  3.84e+05	-14.5872 49.0873 0.8168	
139.152872 298.570858	7.28e-01  8.89e-01  3.16e+05	3.9951 94.0447 0.9249	
139.152872 298.570858	6.29e-01  7.93e-01  3.41e+05	36.3484 72.2542 0.4833	
139.152872 298.570858	4.75e-01  7.69e-01  3.68e+05	21.0289 60.3401 0.6011	
139.152872 298.570858	4.20e-01  8.87e-01  3.58e+05	10.3038 69.9414 0.4869	
139.152872 298.570858	5.72e-01  6.35e-01  3.74e+05	-31.4484 50.3410 0.8871	
139.152872 298.570858	5.77e-01  7.32e-01  3.58e+05	10.7851 70.0403 0.4034	
139.152872 298.570858	6.08e-01  7.57e-01  3.49e+05	25.5967 71.7477 0.6665	
139.152872 298.570858	5.34e-01  9.11e-01  3.38e+05	-6.1588 82.4431 0.9723	
139.152872 298.570858	5.69e-01  8.86e-01  3.36e+05	16.1324 81.9048 0.4301	
139.152872 298.570858	4.37e-01  9.75e-01  3.42e+05	-21.1493 77.2969 0.2869	
139.152872 298.570858	5.38e-01  9.63e-01  3.30e+05	10.3932 86.1637 0.9988	
139.152872 298.570858	5.68e-01  9.32e-01  3.31e+05	-27.6010 82.1124 0.0344	
139.152872 298.570858	5.07e-01  8.36e-01  3.53e+05	-21.4011 71.0595 0.8538	
139.152872 298.570858	3.60e-01  7.66e-01  3.89e+05	7.3418 46.5567 0.1719	
139.152872 298.570858	7.36e-01  9.48e-01  3.08e+05	19.7361 95.8171 0.7079	
139.152872 298.570858	3.73e-01  8.44e-01  3.73e+05	28.7874 53.3874 0.2301	
139.152872 298.570858	5.76e-01  8.62e-01  3.39e+05	-25.3898 78.1599 0.9766	
139.152872 298.570858	4.05e-01  8.27e-01  3.70e+05	7.8863 61.9764 0.6113	
139.152872 298.570858	5.29e-01  8.88e-01  3.42e+05	-38.8946 70.4848 0.6641	
139.152872 298.570858	3.54e-01  8.06e-01  3.83e+05	-1.7191 52.7274 0.6511	
139.152872 298.570858	5.13e-01  8.84e-01  3.45e+05	-30.1953 72.8397 0.2536	
139.152872 298.570858	6.75e-01  8.48e-01  3.28e+05	5.5121 88.0342 0.8670	
139.152872 298.570858	6.07e-01  7.95e-01  3.44e+05	3.9204 79.2152 0.3678	
139.152872 298.570858	6.01e-01  9.14e-01  3.29e+05	15.6820 86.2651 0.6586	
139.152872 298.570858	5.67e-01  8.83e-01  3.37e+05	28.4949 78.0512 0.4939	
139.152872 298.570858	5.85e-01  8.24e-01  3.43e+05	7.3648 79.4928 0.3230	
139.152872 298.570858	6.91e-01  8.06e-01  3.31e+05	-45.3376 73.6184 0.6365	
139.152872 298.570858	5.85e-01  6.60e-01  3.68e+05	-25.0670 58.8707 0.2728	
139.152872 298.570858	5.31e-01  8.75e-01  3.43e+05	-35.4929 71.2487 0.4466	
139.152872 298.570858	4.99e-01  8.26e-01  3.55e+05	-32.0032 64.9947 0.1836	
139.152872 298.570858	5.51e-01  6.59e-01  3.74e+05	-31.5320 50.6744 0.3173	
139.152872 298.570858	5.75e-01  7.97e-01  3.48e+05	0.1819 76.7538 0.2339	
139.152872 298.570858	5.92e-01  7.97e-01  3.46e+05	39.2935 67.5660 0.4986	
139.152872 298.570858	7.52e-01  8.17e-01  3.22e+05	9.2066 90.7175 0.2811	
139.152872 298.570858	5.75e-01  7.04e-01  3.62e+05	-3.3035 67.7807 0.6271	
139.152872 298.570858	6.48e-01  8.32e-01  3.33e+05	34.9453 77.7620 0.1250	
139.152872 298.570858	6.03e-01  8.33e-01  3.39e+05	-24.5145 78.2594 0.8080	
139.152872 298.570858	5.60e-01  8.30e-01  3.46e+05	0.9238 78.2299 0.1037	
139.152872 298.570858	5.25e-01  6.10e-01  3.87e+05	-0.9869 48.5941 0.8257	
139.152872 298.570858	5.43e-01  9.42e-01  3.32e+05	7.2782 85.3002 0.1000	
139.152872 298.570858	4.94e-01  7.73e-01  3.65e+05	4.4716 66.3094 0.3927	
139.152872 298.570858	5.69e-01  8.45e-01  3.42e+05	54.2504 59.1504 0.3235	
139.152872 298.570858	4.26e-01  8.64e-01  3.61e+05	12.2584 67.8715 0.8013	
139.152872 298.570858	6.26e-01  9.03e-01  3.27e+05	21.0942 86.0796 0.8694	
139.152872 298.570858	5.48e-01  9.28e-01  3.34e+05	8.5569 84.5354 0.0204	
139.152872 298.570858	6.04e-01  7.95e-01  3.44e+05	-20.2582 76.3415 0.1927	
139.152872 298.570858	5.69e-01  6.92e-01  3.65e+05	25.6956 60.6342 0.0544	
139.152872 298.570858	4.98e-01  9.27e-01  3.41e+05	-34.5890 73.3895 0.6434	
139.152872 298.570858	6.70e-01  7.75e-01  3.38e+05	1.9929 82.6369 0.6693	
139.152872 298.570858	5.90e-01  7.66e-01  3.51e+05	1.0490 75.2964 0.2120	
139.152872 298.570858	4.92e-01  9.64e-01  3.36e+05	41.0569 72.6984 0.6684	
139.152872 298.570858	6.73e-01  8.38e-01  3.29e+05	0.9596 87.4509 0.8174	
139.152872 298.570858	7.18e-01  9.24e-01  3.13e+05	9.2930 95.0944 0.5998	
139.152872 298.570858	5.46e-01  8.25e-01  3.48e+05	-33.7691 68.8875 0.5092	
139.152872 298.570858	6.19e-01  8.83e-01  3.30e+05	4.3928 86.6906 0.8441	
139.152872 298.570858	5.95e-01  9.18e-01  3.29e+05	-3.8720 87.4723 0.7871	
139.152872 298.570858	5.61e-01  8.57e-01  3.42e+05	20.4603 77.8858 0.4658	
139.152872 298.570858	5.80e-01  7.85e-01  3.49e+05	54.2560 53.4652 0.1846	
139.152872 298.570858	5.86e-01  7.45e-01  3.54e+05	36.2891 63.3741 0.8893	
139.152872 298.570858	5.38e-01  7.13e-01  3.67e+05	-49.0814 42.1176 0.8714	
139.152872 298.570858	4.39e-01  7.36e-01  3.80e+05	-11.4575 53.8135 0.7154	
139.152872 298.570858	6.77e-01  9.77e-01  3.11e+05	37.8323 88.4691 0.9988	
139.152872 298.570858	4.59e-01  9.25e-01  3.47e+05	16.5872 75.9898 0.0492	
139.152872 298.570858	7.67e-01  8.76e-01  3.13e+05	-10.8921 94.9645 0.7196	
139.152872 298.570858	5.45e-01  8.38e-01  3.47e+05	-16.0319 76.0179 0.7781	
139.152872 298.570858	4.83e-01  6.99e-01  3.79e+05	-9.3670 55.1114 0.0246	
139.152872 298.570858	3.91e-01  8.99e-01  3.61e+05	41.9167 54.7615 0.0126	
139.152872 298.570858	4.55e-01  6.44e-01  3.94e+05	-7.9975 41.3961 0.9593	
139.152872 298.570858	5.66e-01  7.05e-01  3.64e+05	5.6360 66.7221 0.6285	
139.152872 298.570858	5.15e-01  7.74e-01  3.61e+05	-9.0646 68.2251 0.5792	
139.152872 298.570858	5.50e-01  7.08e-01  3.66e+05	6.8037 65.1727 0.1714	
139.152872 298.570858	3.18e-01  9.64e-01  3.62e+05	-13.4037 66.7869 0.8841	
139.152872 298.570858	5.79e-01  8.09e-01  3.46e+05	6.9339 77.7869 0.2970	
139.152872 298.570858	4.91e-01  7.30e-01  3.72e+05	-5.0456 60.9394 0.4754	
139.152872 298.570858	6.79e-01  9.51e-01  3.14e+05	5.8460 94.6142 0.6988	
139.152872 298.570858	5.32e-01  7.55e-01  3.61e+05	6.7203 68.3314 0.7396	
139.152872 298.570858	6.30e-01  8.31e-01  3.36e+05	-35.4449 76.0379 0.0308	
139.152872 298.570858	6.84e-01  9.21e-01  3.17e+05	-7.3213 93.1019 0.5630	
139.152872 298.570858	5.57e-01  7.36e-01  3.60e+05	6.3497 69.0198 0.3687	
139.152872 298.570858	4.98e-01  9.18e-01  3.42e+05	18.1499 78.3491 0.2554	
139.152872 298.570858	4.87e-01  8.99e-01  3.46e+05	-8.9724 77.3933 0.9873	
139.152872 298.570858	6.81e-01  8.08e-01  3.32e+05	-3.9945 85.8244 0.8468	
139.152872 298.570858	5.23e-01  6.82e-01  3.75e+05	4.5631 58.7981 0.2231	
139.152872 298.570858	4.93e-01  7.33e-01  3.71e+05	20.5264 58.1598 0.7730	
139.152872 298.570858	6.74e-01  9.16e-01  3.19e+05	-33.0460 86.3866 0.0449	
139.152872 298.570858	6.42e-01  8.25e-01  3.35e+05	-7.4491 83.9570 0.7502	
139.152872 298.570858	3.19e-01  9.01e-01  3.72e+05	-9.9426 60.0739 0.8931	
139.152872 298.570858	5.54e-01  6.72e-01  3.71e+05	-27.8484 55.1714 0.3146	
139.152872 298.570858	4.62e-01  7.76e-01  3.69e+05	8.0971 62.6994 0.1704	
139.152872 298.570858	8.07e-01  8.97e-01  3.06e+05	-24.4646 95.7975 0.3070	
139.152872 298.570858	4.51e-01  8.06e-01  3.66e+05	-23.8280 60.9222 0.7715	
139.152872 298.570858	3.98e-01  8.27e-01  3.71e+05	-19.4177 58.5205 0.1946	
139.152872 298.570858	7.14e-01  8.56e-01  3.21e+05	0.0288 91.2947 0.2209	
139.152872 298.570858	3.78e-01  8.35e-01  3.73e+05	31.5546 51.2815 0.1137	
139.152872 298.570858	3.22e-01  9.44e-01  3.65e+05	23.3186 62.2521 0.9366	
139.152872 298.570858	4.72e-01  7.37e-01  3.74e+05	12.5158 58.3979 0.3300	
139.152872 298.570858	4.68e-01  7.89e-01  3.66e+05	-17.9979 62.8752 0.8127	
139.152872 298.570858	5.09e-01  9.75e-01  3.33e+05	20.5829 82.9998 0.8296	
139.152872 298.570858	7.63e-01  9.17e-01  3.08e+05	-60.9433 76.2430 0.1428	
139.152872 298.570858	6.51e-01  7.68e-01  3.42e+05	-6.8737 80.3227 0.4753	
139.152872 298.570858	6.88e-01  7.75e-01  3.36e+05	-9.5749 83.4419 0.2502	
139.152872 298.570858	7.17e-01  8.85e-01  3.18e+05	18.4153 91.3944 0.4680	
139.152872 298.570858	5.89e-01  8.24e-01  3.42e+05	12.1553 79.3032 0.5127	
139.152872 298.570858	6.64e-01  7.41e-01  3.44e+05	21.1751 76.6726 0.4195	
139.152872 298.570858	7.23e-01  7.80e-01  3.30e+05	39.0235 77.5911 0.0641	
139.152872 298.570858	5.29e-01  7.68e-01  3.60e+05	-29.7527 63.0824 0.4550	
139.152872 298.570858	5.64e-01  8.30e-01  3.45e+05	-46.6093 63.2775 0.1431	
139.152872 298.570858	4.80e-01  7.75e-01  3.67e+05	-0.8210 65.0811 0.5624	
139.152872 298.570858	4.68e-01  9.29e-01  3.45e+05	-48.3627 62.2968 0.3391	
139.152872 298.570858	5.41e-01  8.80e-01  3.41e+05	9.3218 80.2918 0.6082	
139.152872 298.570858	6.96e-01  8.34e-01  3.27e+05	13.7506 87.6150 0.3450	
139.152872 298.570858	5.80e-01  8.43e-01  3.41e+05	-27.3886 76.1235 0.9070	
139.152872 298.570858	8.08e-01  8.99e-01  3.05e+05	-2.2642 98.9931 0.2828	
139.152872 298.570858	6.33e-01  8.82e-01  3.28e+05	-15.7730 86.2863 0.7980	
139.152872 298.570858	5.90e-01  7.90e-01  3.47e+05	-21.1903 74.4730 0.9052	
139.152872 298.570858	5.56e-01  7.45e-01  3.59e+05	19.6427 67.2982 0.4238	
139.152872 298.570858	5.81e-01  7.64e-01  3.52e+05	24.6919 70.1521 0.7703	
139.152872 298.570858	4.03e-01  7.97e-01  3.76e+05	-28.1778 51.1836 0.6293	
139.152872 298.570858	6.14e-01  9.16e-01  3.27e+05	7.5494 88.3633 0.1731	
139.152872 298.570858	6.21e-01  7.82e-01  3.44e+05	2.9434 79.2960 0.7817	
139.152872 298.570858	8.47e-01  8.79e-01  3.03e+05	25.1621 96.7738 0.9996	
139.152872 298.570858	3.54e-01  9.23e-01  3.63e+05	7.2293 67.2021 0.5135	
139.152872 298.570858	6.42e-01  8.95e-01  3.26e+05	-30.6538 83.7036 0.9849	
139.152872 298.570858	4.90e-01  8.60e-01  3.52e+05	-17.9058 72.6325 0.5301	
139.152872 298.570858	7.98e-01  9.20e-01  3.04e+05	25.1294 96.3395 0.1813	
139.152872 298.570858	5.42e-01  7.67e-01  3.58e+05	11.0351 70.0317 0.0333	
139.152872 298.570858	4.70e-01  8.84e-01  3.51e+05	11.4889 74.2485 0.6131	
139.152872 298.570858	6.64e-01  7.30e-01  3.45e+05	29.4929 72.8556 0.2122	
139.152872 298.570858	5.72e-01  8.54e-01  3.41e+05	-38.8566 71.2895 0.5548	
139.152872 298.570858	5.71e-01  6.62e-01  3.70e+05	29.6677 55.1465 0.0297	
139.152872 298.570858	6.62e-01  9.45e-01  3.17e+05	-12.6983 92.6492 0.3445	
139.152872 298.570858	5.11e-01  8.12e-01  3.56e+05	27.3235 66.8879 0.5747	
139.152872 298.570858	6.23e-01  8.10e-01  3.40e+05	-9.6845 81.1520 0.6344	
139.152872 298.570858	5.01e-01  7.78e-01  3.62e+05	14.1796 66.3404 0.5823	
139.152872 298.570858	5.66e-01  8.16e-01  3.47e+05	22.8373 74.1708 0.5054	
139.152872 298.570858	5.87e-01  7.37e-01  3.56e+05	3.6070 72.1846 0.9789	
139.152872 298.570858	3.28e-01  8.91e-01  3.72e+05	-2.8650 60.8565 0.8878	
139.152872 298.570858	6.45e-01  8.23e-01  3.35e+05	21.4488 81.6767 0.8450	
139.152872 298.570858	4.59e-01  8.73e-01  3.54e+05	-0.6120 73.1377 0.6545	
139.152872 298.570858	5.99e-01  7.26e-01  3.55e+05	-33.3396 64.2908 0.8102	
139.152872 298.570858	7.00e-01  7.31e-01  3.40e+05	-36.1380 73.1832 0.2788	
139.152872 298.570858	6.29e-01  8.84e-01  3.29e+05	20.1813 85.1532 0.6198	
139.152872 298.570858	6.48e-01  7.52e-01  3.44e+05	2.4526 79.1148 0.1355	
139.152872 298.570858	6.02e-01  7.44e-01  3.52e+05	-4.9567 74.2679 0.9162	
139.152872 298.570858	4.62e-01  8.42e-01  3.59e+05	2.4247 70.4003 0.1111	
139.152872 298.570858	5.96e-01  9.22e-01  3.28e+05	-23.0714 84.7694 0.4222	
139.152872 298.570858	5.65e-01  7.63e-01  3.55e+05	3.9731 72.6036 0.5977	
139.152872 298.570858	7.81e-01  8.69e-01  3.12e+05	14.2978 94.9340 0.4023	
139.152872 298.570858	6.30e-01  6.43e-01  3.63e+05	-29.2652 60.5026 0.6691	
139.152872 298.570858	5.93e-01  7.71e-01  3.50e+05	27.0324 71.0558 0.4241	
139.152872 298.570858	5.34e-01  7.91e-01  3.55e+05	18.5464 70.0633 0.0178	
139.152872 298.570858	5.72e-01  7.24e-01  3.60e+05	17.6566 67.2883 0.8682	
139.152872 298.570858	3.05e-01  9.26e-01  3.70e+05	15.4333 60.4084 0.9354	
139.152872 298.570858	6.46e-01  8.93e-01  3.25e+05	-22.0997 86.5532 0.8985	
139.152872 298.570858	7.30e-01  9.01e-01  3.14e+05	7.4237 94.6026 0.8064	
139.152872 298.570858	6.09e-01  8.07e-01  3.42e+05	0.4564 80.3832 0.4569	
139.152872 298.570858	6.28e-01  9.00e-01  3.27e+05	-22.7333 85.5915 0.8416	
139.152872 298.570858	6.37e-01  9.00e-01  3.26e+05	-5.5082 88.9738 0.4490	
139.152872 298.570858	2.94e-01  8.79e-01  3.80e+05	1.2671 54.6061 0.3241	
139.152872 298.570858	5.45e-01  8.44e-01  3.46e+05	-33.8164 70.5562 0.0110	
139.152872 298.570858	5.74e-01  8.28e-01  3.44e+05	-14.6432 77.9614 0.6441	
139.152872 298.570858	6.76e-01  7.66e-01  3.38e+05	-20.7022 79.8299 0.6003	
139.152872 298.570858	6.48e-01  9.00e-01  3.24e+05	24.6738 86.4820 0.0690	
139.152872 298.570858	5.58e-01  8.20e-01  3.47e+05	-13.0883 76.1680 0.0243	
139.152872 298.570858	5.67e-01  7.51e-01  3.57e+05	23.1274 67.9062 0.8194	
139.152872 298.570858	5.80e-01  8.76e-01  3.36e+05	-33.4394 76.4977 0.6801	
139.152872 298.570858	4.11e-01  8.49e-01  3.65e+05	-17.8666 63.3223 0.4446	
139.152872 298.570858	6.59e-01  7.65e-01  3.41e+05	-7.9187 80.6666 0.4710	
139.152872 298.570858	5.82e-01  7.58e-01  3.53e+05	33.3156 65.9111 0.0299	
139.152872 298.570858	7.12e-01  9.07e-01  3.16e+05	-58.9307 73.4629 0.7329	
139.152872 298.570858	5.97e-01  8.98e-01  3.31e+05	-2.4768 86.2687 0.2379	
139.152872 298.570858	5.70e-01  7.48e-01  3.56e+05	-35.8880 62.1548 0.7168	
139.152872 298.570858	3.76e-01  9.53e-01  3.55e+05	27.6333 67.3635 0.6356	
139.152872 298.570858	6.12e-01  9.63e-01  3.21e+05	5.0558 91.4556 0.0958	
139.152872 298.570858	7.63e-01  8.60e-01  3.15e+05	26.5517 90.5846 0.7842	
139.152872 298.570858	5.86e-01  9.10e-01  3.31e+05	-3.3386 86.3566 0.3754	
139.152872 298.570858	6.26e-01  9.16e-01  3.25e+05	-11.6665 88.7749 0.7459	
139.152872 298.570858	4.45e-01  7.53e-01  3.76e+05	-23.5917 53.0546 0.4189	
139.152872 298.570858	5.61e-01  8.17e-01  3.47e+05	21.9556 74.1428 0.7421	
139.152872 298.570858	4.39e-01  8.13e-01  3.67e+05	14.1685 63.2371 0.0875	
139.152872 298.570858	5.03e-01  8.02e-01  3.58e+05	-43.9269 55.1676 0.8557	
139.152872 298.570858	5.87e-01  8.41e-01  3.40e+05	46.4684 66.7875 0.2452	
139.152872 298.570858	6.99e-01  8.51e-01  3.24e+05	20.4993 87.6249 0.5445	
139.152872 298.570858	5.27e-01  9.05e-01  3.40e+05	-23.4560 78.2080 0.2797	
139.152872 298.570858	4.68e-01  7.34e-01  3.75e+05	38.3671 44.4236 0.2681	
139.152872 298.570858	5.22e-01  8.18e-01  3.53e+05	10.7373 73.1230 0.9255	
139.152872 298.570858	4.09e-01  8.42e-01  3.67e+05	23.1827 60.5325 0.7805	
139.152872 298.570858	5.93e-01  8.85e-01  3.33e+05	22.0228 82.1790 0.3499	
139.152872 298.570858	3.74e-01  8.98e-01  3.64e+05	-2.7307 66.9277 0.7967	
139.152872 298.570858	4.63e-01  8.77e-01  3.53e+05	-4.4478 73.7395 0.6087	
139.152872 298.570858	5.79e-01  8.58e-01  3.39e+05	-32.4575 75.3529 0.3158	
139.152872 298.570858	5.08e-01  7.84e-01  3.61e+05	1.2572 69.1096 0.7644	
139.152872 298.570858	5.05e-01  8.43e-01  3.52e+05	-13.2670 73.4180 0.0722	
139.152872 298.570858	5.96e-01  6.96e-01  3.60e+05	15.7823 67.3627 0.1598	
139.152872 298.570858	5.38e-01  8.87e-01  3.41e+05	-33.5687 73.8233 0.3654	
139.152872 298.570858	4.66e-01  8.18e-01  3.62e+05	-16.1802 66.3850 0.8774	
139.152872 298.570858	6.16e-01  6.58e-01  3.63e+05	21.6505 63.6191 0.1405	
139.152872 298.570858	6.63e-01  7.52e-01  3.42e+05	-4.1110 80.2310 0.8489	
139.152872 298.570858	7.17e-01  9.45e-01  3.10e+05	-6.0899 96.4387 0.9302	
139.152872 298.570858	6.14e-01  7.95e-01  3.43e+05	0.5870 79.8504 0.3634	
139.152872 298.570858	4.72e-01  8.15e-01  3.61e+05	34.1753 59.5754 0.1542	
139.152872 298.570858	7.48e-01  9.01e-01  3.12e+05	-38.0810 88.0283 0.4574	
139.152872 298.570858	4.70e-01  9.27e-01  3.45e+05	-26.1828 74.4445 0.3670	
139.152872 298.570858	5.49e-01  6.48e-01  3.76e+05	-1.9817 58.1002 0.4809	
139.152872 298.570858	4.96e-01  7.47e-01  3.68e+05	-6.6666 63.4445 0.7514	
139.152872 298.570858	5.62e-01  7.35e-01  3.60e+05	-7.1442 69.2561 0.4917	
139.152872 298.570858	5.42e-01  8.44e-01  3.46e+05	-1.3568 77.9420 0.3506	
139.152872 298.570858	5.86e-01  9.05e-01  3.32e+05	-28.2189 81.3439 0.2165	
139.152872 298.570858	6.21e-01  7.31e-01  3.51e+05	-8.0748 74.5443 0.3248	
139.152872 298.570858	6.38e-01  8.50e-01  3.32e+05	31.1877 80.0174 0.7639	
139.152872 298.570858	6.30e-01  8.52e-01  3.33e+05	48.7896 70.1080 0.9661	
139.152872 298.570858	5.05e-01  7.68e-01  3.64e+05	-2.5389 67.1132 0.2892	
139.152872 298.570858	4.83e-01  8.18e-01  3.59e+05	37.5704 59.1066 0.1158	
139.152872 298.570858	5.62e-01  8.49e-01  3.43e+05	-20.3102 77.3622 0.4683	
139.152872 298.570858	4.08e-01  8.15e-01  3.72e+05	10.8403 60.3931 0.3230	
139.152872 298.570858	5.00e-01  8.66e-01  3.49e+05	-41.6004 63.8433 0.2766	
139.152872 298.570858	8.03e-01  8.36e-01  3.13e+05	-32.0497 89.8560 0.7073	
139.152872 298.570858	5.06e-01  9.09e-01  3.42e+05	-29.9831 74.4556 0.6342	
139.152872 298.570858	5.66e-01  7.52e-01  3.56e+05	-19.6625 69.0281 0.8035	
139.152872 298.570858	7.52e-01  9.47e-01  3.06e+05	8.9722 98.1763 0.1002	
139.152872 298.570858	5.60e-01  8.78e-01  3.39e+05	8.8797 81.6936 0.6904	
139.152872 298.570858	5.46e-01  8.23e-01  3.49e+05	-9.5026 75.9130 0.4486	
139.152872 298.570858	6.93e-01  8.89e-01  3.20e+05	14.5617 90.8451 0.0426	
139.152872 298.570858	4.86e-01  8.01e-01  3.61e+05	-50.1422 46.8264 0.1377	
139.152872 298.570858	4.81e-01  7.70e-01  3.67e+05	-17.3262 62.3933 0.9536	
139.152872 298.570858	7.36e-01  8.94e-01  3.14e+05	-29.5602 90.1436 0.9641	
139.152872 298.570858	6.20e-01  6.49e-01  3.64e+05	18.8128 64.0443 0.6169	
139.152872 298.570858	5.28e-01  9.13e-01  3.39e+05	-4.4224 82.2380 0.4167	
139.152872 298.570858	7.88e-01  8.75e-01  3.10e+05	3.4337 96.6386 0.3619	
139.152872 298.570858	5.68e-01  7.39e-01  3.58e+05	-33.2224 62.4493 0.8134	
139.152872 298.570858	5.40e-01  6.62e-01  3.75e+05	14.8557 56.7401 0.3890	
139.152872 298.570858	4.62e-01  9.26e-01  3.46e+05	-10.0845 77.4528 0.7438	
139.152872 298.570858	4.04e-01  7.95e-01  3.76e+05	-3.1365 58.1812 0.1960	
139.152872 298.570858	4.97e-01  8.90e-01  3.46e+05	-38.9409 67.6341 0.1510	
139.152872 298.570858	5.36e-01  8.28e-01  3.50e+05	-10.3934 75.3208 0.5099	
139.152872 298.570858	4.53e-01  8.66e-01  3.56e+05	24.4511 67.5580 0.8605	
139.152872 298.570858	6.02e-01  7.00e-01  3.59e+05	-17.8916 67.9396 0.7862	
139.152872 298.570858	4.08e-01  8.36e-01  3.68e+05	-21.7125 60.0876 0.9422	
139.152872 298.570858	5.18e-01  9.06e-01  3.41e+05	-8.1774 80.6709 0.7682	
139.152872 298.570858	6.97e-01  7.99e-01  3.31e+05	31.1465 80.5662 0.5502	
139.152872 298.570858	7.98e-01  8.87e-01  3.08e+05	17.0741 96.3858 0.6817	
139.152872 298.570858	5.03e-01  7.13e-01  3.73e+05	3.7264 60.4049 0.1314	
139.152872 298.570858	5.47e-01  8.65e-01  3.43e+05	-19.3639 77.6497 0.5297	
139.152872 298.570858	6.42e-01  8.92e-01  3.26e+05	-35.8802 81.4479 0.3351	
139.152872 298.570858	5.58e-01  6.75e-01  3.70e+05	3.7108 62.5383 0.1956	
139.152872 298.570858	7.32e-01  8.60e-01  3.19e+05	-5.7495 92.4167 0.2525	
139.152872 298.570858	5.51e-01  7.89e-01  3.53e+05	-8.7993 73.3647 0.4740	
139.152872 298.570858	6.59e-01  7.60e-01  3.42e+05	25.1834 76.5970 0.7082	
139.152872 298.570858	5.84e-01  8.46e-01  3.40e+05	-18.0823 79.5429 0.0600	
139.152872 298.570858	5.52e-01  6.44e-01  3.76e+05	-18.7915 54.8618 0.6181	
139.152872 298.570858	5.74e-01  8.67e-01  3.39e+05	-2.0417 82.3343 0.4352	
139.152872 298.570858	5.34e-01  8.06e-01  3.53e+05	0.0531 73.8868 0.1101	
139.152872 298.570858	5.06e-01  6.33e-01  3.86e+05	7.8018 48.6780 0.0450	
139.152872 298.570858	6.65e-01  7.53e-01  3.42e+05	-12.2647 79.6358 0.3443	
139.152872 298.570858	6.33e-01  7.21e-01  3.51e+05	-0.6893 75.1243 0.2981	
139.152872 298.570858	4.44e-01  8.43e-01  3.61e+05	-18.3989 66.1329 0.0655	
139.152872 298.570858	5.64e-01  8.02e-01  3.49e+05	5.0242 76.1327 0.3262	
