99.087649 290.811774	7.13e-01  9.03e-01  6.35e+02	0.0000 77.0138 0.9754	
99.087649 290.811774	6.72e-01  9.01e-01  6.43e+02	-5.7794 70.0703 0.6872	
99.087649 290.811774	7.55e-01  9.01e-01  6.27e+02	-2.8420 82.6677 0.8490	
99.087649 290.811774	6.77e-01  9.15e-01  6.39e+02	20.0062 71.3060 0.7472	
99.087649 290.811774	8.84e-01  9.24e-01  5.96e+02	53.7198 85.8405 0.0691	
99.087649 290.811774	7.41e-01  9.65e-01  6.14e+02	-20.1575 88.4737 0.1258	
99.087649 290.811774	7.83e-01  9.46e-01  6.11e+02	30.3326 87.7841 0.0477	
99.087649 290.811774	7.49e-01  8.52e-01  6.40e+02	-18.5038 70.6634 0.9832	
99.087649 290.811774	7.31e-01  8.89e-01  6.35e+02	0.9758 77.0827 0.2781	
99.087649 290.811774	8.72e-01  9.30e-01  5.97e+02	40.4131 92.2444 0.0521	
99.087649 290.811774	7.56e-01  7.83e-01  6.55e+02	21.3138 55.9405 0.5802	
99.087649 290.811774	7.83e-01  8.38e-01  6.36e+02	21.7002 72.9554 0.5518	
99.087649 290.811774	7.07e-01  8.93e-01  6.38e+02	-1.6396 74.1951 0.5996	
99.087649 290.811774	7.44e-01  9.23e-01  6.24e+02	-5.1227 84.4501 0.0770	
99.087649 290.811774	6.19e-01  8.96e-01  6.54e+02	35.5151 48.6022 0.1836	
99.087649 290.811774	6.87e-01  9.29e-01  6.33e+02	-12.5173 77.1755 0.6781	
99.087649 290.811774	8.26e-01  9.42e-01  6.04e+02	-42.5507 87.2901 0.7431	
99.087649 290.811774	7.80e-01  9.62e-01  6.08e+02	-35.0473 88.0156 0.9646	
99.087649 290.811774	8.04e-01  8.42e-01  6.30e+02	17.5428 78.2060 0.6233	
99.087649 290.811774	8.44e-01  9.38e-01  6.01e+02	20.2064 96.5722 0.3497	
99.087649 290.811774	8.55e-01  9.20e-01  6.03e+02	21.7143 95.2329 0.4005	
99.087649 290.811774	6.86e-01  9.00e-01  6.41e+02	2.7915 72.3420 0.1350	
99.087649 290.811774	6.97e-01  9.29e-01  6.31e+02	-11.2621 78.6907 0.1706	
99.087649 290.811774	6.82e-01  8.99e-01  6.42e+02	-7.6932 71.1548 0.8268	
99.087649 290.811774	7.68e-01  9.46e-01  6.14e+02	38.2044 82.8025 0.7191	
99.087649 290.811774	7.90e-01  9.17e-01  6.16e+02	-40.8068 79.7297 0.8372	
99.087649 290.811774	7.62e-01  9.01e-01  6.26e+02	-6.2639 83.2082 0.6570	
99.087649 290.811774	6.49e-01  9.17e-01  6.43e+02	39.2224 58.3003 0.9347	
99.087649 290.811774	7.97e-01  9.17e-01  6.15e+02	-6.6822 90.2389 0.2056	
99.087649 290.811774	7.32e-01  9.75e-01  6.14e+02	14.5109 90.0304 0.6392	
99.087649 290.811774	7.16e-01  8.92e-01  6.37e+02	13.4669 74.2115 0.2124	
99.087649 290.811774	7.93e-01  8.04e-01  6.42e+02	-20.8675 68.6456 0.2582	
99.087649 290.811774	7.49e-01  8.88e-01  6.31e+02	-47.2106 63.9463 0.5722	
99.087649 290.811774	9.13e-01  9.69e-01  5.81e+02	-12.2635 108.1977 0.3911	
99.087649 290.811774	7.78e-01  8.37e-01  6.37e+02	47.4373 58.2630 0.8812	
99.087649 290.811774	8.33e-01  9.39e-01  6.03e+02	32.1991 92.0308 0.3848	
99.087649 290.811774	7.87e-01  9.32e-01  6.13e+02	-11.3540 90.7065 0.3982	
99.087649 290.811774	6.72e-01  9.40e-01  6.33e+02	-11.0858 77.4201 0.9925	
99.087649 290.811774	7.44e-01  8.34e-01  6.45e+02	21.8864 65.0649 0.7076	
99.087649 290.811774	6.77e-01  9.31e-01  6.35e+02	29.4348 71.1983 0.1620	
99.087649 290.811774	8.59e-01  9.71e-01  5.91e+02	-49.3979 91.4686 0.3699	
99.087649 290.811774	7.19e-01  9.56e-01  6.21e+02	30.1100 81.4719 0.7298	
99.087649 290.811774	7.60e-01  7.89e-01  6.52e+02	-12.6225 60.8202 0.8193	
99.087649 290.811774	6.16e-01  8.97e-01  6.55e+02	-17.4579 57.2931 0.2578	
99.087649 290.811774	8.36e-01  9.57e-01  5.98e+02	7.4468 99.8244 0.2331	
99.087649 290.811774	7.08e-01  8.91e-01  6.39e+02	19.0805 71.5062 0.5055	
99.087649 290.811774	8.61e-01  9.15e-01  6.03e+02	-9.9602 97.2588 0.1614	
99.087649 290.811774	8.41e-01  9.43e-01  6.00e+02	41.7600 89.6603 0.3400	
99.087649 290.811774	8.04e-01  9.75e-01  6.00e+02	-16.3079 97.5766 0.4996	
99.087649 290.811774	7.04e-01  9.54e-01  6.24e+02	-21.5820 81.8698 0.3496	
99.087649 290.811774	7.63e-01  9.46e-01  6.15e+02	35.3174 83.3859 0.4873	
99.087649 290.811774	7.03e-01  9.48e-01  6.26e+02	21.6310 80.7243 0.2923	
99.087649 290.811774	7.48e-01  8.98e-01  6.29e+02	-24.6726 77.2203 0.4154	
99.087649 290.811774	7.75e-01  9.38e-01  6.15e+02	-45.7316 78.3203 0.9882	
99.087649 290.811774	8.06e-01  9.64e-01  6.03e+02	2.1180 97.6988 0.6016	
99.087649 290.811774	7.23e-01  9.24e-01  6.28e+02	14.1595 80.9486 0.2761	
99.087649 290.811774	8.24e-01  9.46e-01  6.03e+02	29.5568 92.8341 0.8652	
99.087649 290.811774	7.82e-01  8.70e-01  6.29e+02	3.6915 81.2153 0.5283	
99.087649 290.811774	8.31e-01  8.67e-01  6.19e+02	41.9890 77.0373 0.8252	
99.087649 290.811774	6.06e-01  9.32e-01  6.47e+02	16.8195 64.8267 0.0619	
99.087649 290.811774	7.42e-01  9.01e-01  6.29e+02	-18.5264 78.7320 0.1176	
99.087649 290.811774	7.40e-01  7.98e-01  6.55e+02	3.5029 59.8455 0.6452	
99.087649 290.811774	8.58e-01  9.88e-01  5.88e+02	-45.5419 95.3619 0.1328	
99.087649 290.811774	7.30e-01  7.79e-01  6.61e+02	-8.0853 52.2516 0.0412	
99.087649 290.811774	7.80e-01  9.72e-01  6.05e+02	-0.9180 96.1037 0.6436	
99.087649 290.811774	6.85e-01  9.51e-01  6.28e+02	-26.0774 77.6768 0.7819	
99.087649 290.811774	8.21e-01  9.26e-01  6.08e+02	28.0536 90.2343 0.5957	
99.087649 290.811774	8.16e-01  9.62e-01  6.01e+02	6.0064 98.3840 0.7251	
99.087649 290.811774	7.92e-01  9.18e-01  6.16e+02	45.5009 77.6258 0.1945	
99.087649 290.811774	7.90e-01  9.87e-01  6.00e+02	45.8072 87.7203 0.0869	
99.087649 290.811774	8.52e-01  8.73e-01  6.13e+02	-42.9945 80.6073 0.3634	
99.087649 290.811774	7.40e-01  9.35e-01  6.22e+02	-16.1687 84.6718 0.4553	
99.087649 290.811774	7.34e-01  8.51e-01  6.43e+02	-28.5535 64.1919 0.7175	
99.087649 290.811774	6.75e-01  9.18e-01  6.38e+02	-23.0011 70.7014 0.6366	
99.087649 290.811774	7.14e-01  8.81e-01  6.40e+02	-29.5002 66.6711 0.2823	
99.087649 290.811774	8.59e-01  9.25e-01  6.01e+02	-18.2151 96.9563 0.7517	
99.087649 290.811774	8.36e-01  9.34e-01  6.03e+02	34.1669 91.0180 0.9120	
99.087649 290.811774	8.18e-01  9.49e-01  6.04e+02	-7.8510 96.8410 0.2176	
99.087649 290.811774	8.02e-01  9.55e-01  6.05e+02	-26.5499 92.5031 0.2784	
99.087649 290.811774	6.33e-01  9.22e-01  6.45e+02	-8.2329 68.3259 0.7964	
99.087649 290.811774	6.89e-01  8.91e-01  6.42e+02	-18.4193 68.5478 0.1647	
99.087649 290.811774	8.25e-01  8.94e-01  6.15e+02	-28.8782 85.9906 0.3818	
99.087649 290.811774	7.30e-01  8.43e-01  6.46e+02	-48.4680 47.5729 0.2122	
99.087649 290.811774	6.95e-01  8.62e-01  6.49e+02	-11.7638 64.7291 0.0967	
99.087649 290.811774	7.37e-01  8.41e-01  6.45e+02	-12.7999 67.5064 0.4086	
99.087649 290.811774	7.04e-01  8.96e-01  6.38e+02	25.5225 69.8971 0.0703	
99.087649 290.811774	6.75e-01  8.66e-01  6.51e+02	4.6297 62.9673 0.3585	
99.087649 290.811774	6.49e-01  9.46e-01  6.36e+02	-18.9948 73.8256 0.7564	
99.087649 290.811774	7.94e-01  8.83e-01  6.23e+02	13.0153 84.0941 0.9937	
99.087649 290.811774	8.01e-01  8.76e-01  6.23e+02	-5.6281 84.8014 0.8669	
99.087649 290.811774	7.02e-01  9.51e-01  6.25e+02	11.4116 83.3108 0.3662	
99.087649 290.811774	6.33e-01  8.59e-01  6.62e+02	25.4315 45.9363 0.4808	
99.087649 290.811774	7.00e-01  8.60e-01  6.48e+02	11.8983 65.1605 0.2117	
99.087649 290.811774	7.99e-01  8.66e-01  6.26e+02	-3.9630 83.0769 0.6266	
99.087649 290.811774	7.39e-01  8.34e-01  6.46e+02	-32.5388 59.4233 0.5217	
99.087649 290.811774	7.68e-01  8.37e-01  6.39e+02	-27.6749 68.0213 0.3518	
99.087649 290.811774	7.97e-01  8.58e-01  6.28e+02	-4.9379 81.4325 0.1406	
99.087649 290.811774	7.67e-01  8.77e-01  6.30e+02	-6.5359 80.1223 0.2550	
99.087649 290.811774	8.26e-01  9.97e-01  5.92e+02	-20.5693 101.6032 0.9316	
99.087649 290.811774	8.72e-01  9.41e-01  5.95e+02	-14.7357 100.8044 0.8844	
99.087649 290.811774	8.48e-01  9.56e-01  5.96e+02	5.4486 101.0385 0.8473	
99.087649 290.811774	7.92e-01  9.22e-01  6.15e+02	-35.0030 83.6127 0.4039	
99.087649 290.811774	7.79e-01  9.70e-01  6.06e+02	-16.5511 94.2026 0.4666	
99.087649 290.811774	7.63e-01  8.53e-01  6.37e+02	-32.3065 68.2106 0.2076	
99.087649 290.811774	7.50e-01  9.25e-01  6.22e+02	10.5322 85.1896 0.7042	
99.087649 290.811774	6.41e-01  9.08e-01  6.47e+02	19.5825 64.0747 0.7832	
99.087649 290.811774	7.86e-01  8.64e-01  6.29e+02	2.1885 80.8887 0.2246	
99.087649 290.811774	7.74e-01  8.37e-01  6.38e+02	25.2472 70.0983 0.8494	
99.087649 290.811774	7.36e-01  9.47e-01  6.20e+02	-26.8246 83.1449 0.6392	
99.087649 290.811774	8.57e-01  9.04e-01  6.06e+02	-35.3228 89.2513 0.8292	
99.087649 290.811774	7.96e-01  8.95e-01  6.20e+02	8.0910 86.7498 0.1247	
99.087649 290.811774	7.89e-01  8.76e-01  6.26e+02	-5.3604 83.1707 0.8815	
99.087649 290.811774	7.19e-01  8.55e-01  6.45e+02	-16.7568 66.4036 0.9910	
99.087649 290.811774	6.85e-01  8.44e-01  6.55e+02	17.9910 56.8569 0.9062	
99.087649 290.811774	7.75e-01  8.89e-01  6.26e+02	7.9363 83.0557 0.8691	
99.087649 290.811774	8.43e-01  8.89e-01  6.12e+02	65.9565 64.5173 0.7570	
99.087649 290.811774	7.48e-01  9.31e-01  6.21e+02	-28.9401 81.4780 0.4965	
99.087649 290.811774	7.96e-01  9.39e-01  6.10e+02	48.1104 79.9859 0.4717	
99.087649 290.811774	8.94e-01  9.70e-01  5.84e+02	73.7902 77.8351 0.9023	
99.087649 290.811774	8.50e-01  9.62e-01  5.95e+02	32.2353 96.8226 0.1053	
99.087649 290.811774	7.97e-01  9.54e-01  6.07e+02	-15.2199 94.2581 0.4466	
99.087649 290.811774	5.73e-01  9.39e-01  6.51e+02	-13.4787 62.0723 0.3342	
99.087649 290.811774	7.11e-01  9.00e-01  6.36e+02	-1.8057 76.2165 0.2472	
99.087649 290.811774	8.31e-01  9.43e-01  6.02e+02	-18.3816 96.0396 0.8666	
99.087649 290.811774	7.48e-01  9.24e-01  6.23e+02	-8.5847 84.9142 0.5401	
99.087649 290.811774	8.33e-01  8.91e-01  6.14e+02	12.9134 90.3066 0.2426	
99.087649 290.811774	6.82e-01  9.08e-01  6.40e+02	6.8605 73.0395 0.6222	
99.087649 290.811774	7.50e-01  8.46e-01  6.41e+02	-18.6321 69.6593 0.1666	
99.087649 290.811774	8.59e-01  9.60e-01  5.93e+02	-23.1984 100.1042 0.2974	
99.087649 290.811774	7.27e-01  8.56e-01  6.43e+02	-15.8444 68.3317 0.2386	
99.087649 290.811774	8.39e-01  9.32e-01  6.03e+02	14.3369 96.3031 0.3016	
99.087649 290.811774	7.72e-01  9.13e-01  6.21e+02	-37.1178 78.2882 0.4055	
99.087649 290.811774	6.48e-01  9.16e-01  6.44e+02	46.2419 52.3735 0.2011	
99.087649 290.811774	7.05e-01  8.59e-01  6.47e+02	19.8169 63.8415 0.3394	
99.087649 290.811774	7.07e-01  9.10e-01  6.34e+02	44.9627 63.1983 0.2889	
99.087649 290.811774	6.23e-01  9.32e-01  6.44e+02	-49.3239 48.9583 0.9433	
99.087649 290.811774	7.71e-01  8.63e-01  6.33e+02	-1.3879 78.4029 0.5576	
99.087649 290.811774	7.16e-01  8.43e-01  6.49e+02	-6.7816 65.0571 0.7259	
99.087649 290.811774	7.55e-01  9.09e-01  6.25e+02	18.3514 81.7815 0.9871	
99.087649 290.811774	6.32e-01  9.78e-01  6.30e+02	6.0874 79.9320 0.0265	
99.087649 290.811774	6.87e-01  8.93e-01  6.42e+02	42.1039 57.2474 0.7042	
99.087649 290.811774	7.65e-01  8.01e-01  6.49e+02	-0.3361 65.7172 0.9220	
99.087649 290.811774	8.34e-01  8.70e-01  6.18e+02	-4.5942 88.6098 0.6924	
99.087649 290.811774	8.25e-01  9.18e-01  6.09e+02	4.7864 93.8129 0.7902	
99.087649 290.811774	7.75e-01  9.13e-01  6.20e+02	65.4866 57.5593 0.6015	
99.087649 290.811774	7.53e-01  9.53e-01  6.15e+02	-8.7888 90.0040 0.9477	
99.087649 290.811774	7.90e-01  9.45e-01  6.10e+02	-1.6522 93.5251 0.7311	
99.087649 290.811774	8.24e-01  8.62e-01  6.22e+02	-14.9689 84.8077 0.1906	
99.087649 290.811774	7.12e-01  8.53e-01  6.47e+02	18.8178 63.9983 0.4578	
99.087649 290.811774	6.59e-01  8.93e-01  6.48e+02	-10.2483 65.5773 0.5119	
99.087649 290.811774	6.75e-01  8.64e-01  6.52e+02	-17.0079 60.2285 0.2507	
99.087649 290.811774	7.74e-01  9.71e-01  6.07e+02	-19.4736 93.1949 0.4979	
99.087649 290.811774	9.04e-01  9.12e-01  5.94e+02	-39.5121 94.1770 0.1224	
99.087649 290.811774	7.74e-01  9.88e-01  6.03e+02	-36.9542 90.2037 0.2366	
99.087649 290.811774	7.66e-01  8.48e-01  6.37e+02	-24.0839 71.0434 0.2527	
99.087649 290.811774	7.77e-01  9.80e-01  6.04e+02	42.7143 86.8197 0.1471	
99.087649 290.811774	8.50e-01  9.24e-01  6.03e+02	-65.9816 71.9051 0.2012	
99.087649 290.811774	6.85e-01  9.17e-01  6.37e+02	3.4110 75.4995 0.3600	
99.087649 290.811774	7.27e-01  9.39e-01  6.23e+02	-5.6503 84.9055 0.6830	
99.087649 290.811774	7.35e-01  9.04e-01  6.30e+02	27.9723 75.2808 0.5848	
99.087649 290.811774	8.07e-01  9.05e-01  6.16e+02	-27.9224 85.6638 0.9081	
99.087649 290.811774	7.83e-01  8.13e-01  6.42e+02	19.3198 68.9930 0.8276	
99.087649 290.811774	7.67e-01  9.35e-01  6.17e+02	36.0719 81.7713 0.5746	
99.087649 290.811774	5.65e-01  9.17e-01  6.59e+02	-32.3681 45.6764 0.8786	
99.087649 290.811774	7.89e-01  9.47e-01  6.10e+02	8.0156 93.3596 0.1290	
99.087649 290.811774	8.56e-01  9.02e-01  6.06e+02	3.8772 95.4351 0.5681	
99.087649 290.811774	6.92e-01  9.70e-01  6.22e+02	-21.9629 83.0777 0.7981	
99.087649 290.811774	8.31e-01  9.14e-01  6.09e+02	3.7592 94.0561 0.8850	
99.087649 290.811774	7.35e-01  8.82e-01  6.36e+02	-16.8145 74.4864 0.9478	
99.087649 290.811774	7.33e-01  8.55e-01  6.43e+02	-22.1718 67.2384 0.8577	
99.087649 290.811774	7.88e-01  8.81e-01  6.25e+02	47.8100 69.0208 0.3297	
99.087649 290.811774	6.75e-01  9.28e-01  6.36e+02	-2.7260 76.1783 0.4718	
99.087649 290.811774	7.82e-01  9.07e-01  6.20e+02	-2.3032 87.1219 0.2918	
99.087649 290.811774	8.55e-01  8.85e-01  6.10e+02	-7.7862 92.9199 0.6206	
99.087649 290.811774	7.03e-01  8.74e-01  6.44e+02	-28.9014 63.5704 0.3295	
99.087649 290.811774	7.19e-01  9.07e-01  6.32e+02	13.2149 77.5799 0.0989	
99.087649 290.811774	7.14e-01  8.87e-01  6.39e+02	-44.1220 59.5500 0.9969	
99.087649 290.811774	7.69e-01  8.44e-01  6.38e+02	5.9195 74.5859 0.8336	
99.087649 290.811774	7.34e-01  8.91e-01  6.34e+02	14.1998 76.6372 0.3695	
99.087649 290.811774	7.57e-01  9.93e-01  6.05e+02	12.6958 95.5567 0.9740	
99.087649 290.811774	7.92e-01  9.10e-01  6.17e+02	4.0439 88.8682 0.3533	
99.087649 290.811774	7.72e-01  8.85e-01  6.27e+02	-22.0701 79.2696 0.3723	
99.087649 290.811774	6.71e-01  9.33e-01  6.35e+02	-16.0736 75.1232 0.8680	
99.087649 290.811774	8.16e-01  9.34e-01  6.08e+02	23.8316 91.8520 0.9278	
99.087649 290.811774	8.07e-01  8.73e-01  6.23e+02	13.4959 84.2467 0.7004	
99.087649 290.811774	8.26e-01  8.45e-01  6.25e+02	35.5155 76.0262 0.6765	
99.087649 290.811774	7.65e-01  8.38e-01  6.40e+02	-4.8036 72.9599 0.0942	
99.087649 290.811774	7.72e-01  8.89e-01  6.26e+02	-13.5953 81.8363 0.2428	
99.087649 290.811774	7.30e-01  9.28e-01  6.25e+02	-9.1300 83.1382 0.1679	
99.087649 290.811774	8.19e-01  9.01e-01  6.14e+02	8.8630 90.4966 0.8253	
99.087649 290.811774	7.96e-01  9.80e-01  6.01e+02	47.4708 86.5999 0.5248	
99.087649 290.811774	6.73e-01  9.59e-01  6.28e+02	-13.3683 80.7233 0.1060	
99.087649 290.811774	5.92e-01  8.99e-01  6.59e+02	5.5614 55.5701 0.8344	
99.087649 290.811774	6.83e-01  9.00e-01  6.41e+02	20.7465 68.8880 0.1437	
99.087649 290.811774	6.61e-01  9.66e-01  6.28e+02	-21.1864 78.7743 0.7566	
99.087649 290.811774	8.37e-01  9.57e-01  5.98e+02	-30.6731 95.2526 0.3048	
99.087649 290.811774	7.38e-01  8.56e-01  6.41e+02	-13.6858 70.8003 0.3775	
99.087649 290.811774	7.90e-01  9.73e-01  6.04e+02	-5.2791 97.0489 0.6181	
99.087649 290.811774	7.63e-01  9.52e-01  6.13e+02	3.2106 91.3467 0.2869	
99.087649 290.811774	8.41e-01  8.56e-01  6.19e+02	6.8611 87.3412 0.7957	
99.087649 290.811774	7.67e-01  9.52e-01  6.13e+02	1.3102 91.8551 0.4722	
99.087649 290.811774	7.67e-01  9.00e-01  6.25e+02	23.7643 80.6804 0.4250	
99.087649 290.811774	6.70e-01  9.07e-01  6.42e+02	-30.1116 64.7207 0.1279	
99.087649 290.811774	6.91e-01  9.21e-01  6.35e+02	57.6548 51.2727 0.8625	
99.087649 290.811774	7.75e-01  8.17e-01  6.42e+02	32.2552 63.2478 0.2560	
99.087649 290.811774	7.39e-01  8.82e-01  6.35e+02	35.1752 68.5293 0.7576	
99.087649 290.811774	8.80e-01  9.42e-01  5.93e+02	54.8041 86.9774 0.6685	
99.087649 290.811774	6.60e-01  8.94e-01  6.47e+02	-6.4050 66.6369 0.5512	
99.087649 290.811774	7.05e-01  9.29e-01  6.30e+02	-45.8172 66.1941 0.5340	
99.087649 290.811774	8.72e-01  9.85e-01  5.86e+02	13.2645 105.8777 0.2690	
99.087649 290.811774	7.34e-01  9.18e-01  6.27e+02	-13.4608 81.4519 0.1334	
99.087649 290.811774	7.21e-01  8.82e-01  6.38e+02	0.0884 74.3575 0.3925	
99.087649 290.811774	6.79e-01  9.01e-01  6.42e+02	16.0285 69.7010 0.3319	
99.087649 290.811774	7.96e-01  8.56e-01  6.29e+02	65.2069 48.2462 0.5079	
99.087649 290.811774	7.72e-01  9.55e-01  6.11e+02	12.4804 91.9552 0.9179	
99.087649 290.811774	8.70e-01  9.62e-01  5.91e+02	7.8922 103.7508 0.9199	
99.087649 290.811774	6.77e-01  9.15e-01  6.39e+02	5.6706 73.8213 0.7248	
99.087649 290.811774	7.03e-01  9.75e-01  6.19e+02	19.3489 85.8173 0.1730	
99.087649 290.811774	8.00e-01  9.33e-01  6.11e+02	6.1277 92.9280 0.5429	
99.087649 290.811774	6.85e-01  9.19e-01  6.36e+02	5.5932 75.7407 0.3837	
99.087649 290.811774	8.79e-01  9.30e-01  5.96e+02	-69.8372 73.4613 0.6244	
99.087649 290.811774	8.88e-01  9.14e-01  5.97e+02	1.7309 100.6745 0.4089	
99.087649 290.811774	8.41e-01  9.47e-01  6.00e+02	9.4226 98.9150 0.7601	
99.087649 290.811774	7.41e-01  8.45e-01  6.43e+02	29.9059 63.6627 0.8010	
99.087649 290.811774	7.02e-01  8.86e-01  6.41e+02	-33.5768 63.7490 0.1559	
99.087649 290.811774	6.49e-01  8.80e-01  6.53e+02	47.5231 39.0256 0.1460	
99.087649 290.811774	7.23e-01  8.93e-01  6.35e+02	17.9253 74.5438 0.9767	
99.087649 290.811774	6.70e-01  8.71e-01  6.51e+02	-21.1220 59.6926 0.5207	
99.087649 290.811774	8.37e-01  8.72e-01  6.17e+02	23.7126 86.0780 0.5397	
99.087649 290.811774	8.08e-01  9.66e-01  6.02e+02	31.5068 93.0642 0.5011	
99.087649 290.811774	6.10e-01  8.97e-01  6.56e+02	-8.2430 58.1995 0.8565	
99.087649 290.811774	8.28e-01  8.59e-01  6.22e+02	-8.2530 85.7894 0.5058	
99.087649 290.811774	6.26e-01  8.94e-01  6.54e+02	-16.6790 58.5476 0.8348	
99.087649 290.811774	8.06e-01  8.99e-01  6.17e+02	-3.4342 88.9391 0.9328	
99.087649 290.811774	6.45e-01  9.44e-01  6.37e+02	28.0821 69.8784 0.6444	
99.087649 290.811774	8.18e-01  8.68e-01  6.22e+02	19.7254 83.9318 0.3424	
99.087649 290.811774	8.08e-01  9.05e-01  6.15e+02	-12.7253 89.2358 0.8271	
99.087649 290.811774	6.30e-01  8.32e-01  6.69e+02	2.3080 42.6827 0.9552	
99.087649 290.811774	7.33e-01  8.75e-01  6.38e+02	1.9463 74.7761 0.3198	
99.087649 290.811774	7.33e-01  9.12e-01  6.29e+02	-52.1837 62.3895 0.4938	
99.087649 290.811774	8.04e-01  8.99e-01  6.18e+02	-4.6889 88.7086 0.2163	
99.087649 290.811774	8.30e-01  8.57e-01  6.22e+02	-5.3595 86.0205 0.0852	
99.087649 290.811774	7.65e-01  9.24e-01  6.20e+02	-1.8764 87.3976 0.6011	
99.087649 290.811774	8.13e-01  9.23e-01  6.10e+02	54.6845 75.4825 0.3307	
99.087649 290.811774	7.36e-01  9.08e-01  6.29e+02	18.1277 79.0949 0.1616	
99.087649 290.811774	9.37e-01  9.67e-01  5.77e+02	22.3752 108.6259 0.7181	
99.087649 290.811774	8.00e-01  9.02e-01  6.18e+02	-21.9255 86.0376 0.8701	
99.087649 290.811774	6.25e-01  9.57e-01  6.37e+02	24.1419 71.2586 0.1151	
99.087649 290.811774	6.63e-01  8.71e-01  6.53e+02	1.4347 61.9467 0.4578	
99.087649 290.811774	6.92e-01  8.26e-01  6.58e+02	-30.3701 47.5560 0.0804	
99.087649 290.811774	8.07e-01  9.75e-01  6.00e+02	-15.0699 98.1378 0.9859	
99.087649 290.811774	7.44e-01  8.76e-01  6.35e+02	-13.3225 75.5451 0.4743	
99.087649 290.811774	8.84e-01  9.43e-01  5.92e+02	-13.1163 102.5696 0.9296	
99.087649 290.811774	7.46e-01  8.85e-01  6.33e+02	-16.2630 76.9267 0.2751	
99.087649 290.811774	8.04e-01  9.06e-01  6.16e+02	30.1338 84.5568 0.0174	
99.087649 290.811774	7.01e-01  8.72e-01  6.45e+02	5.1707 68.7698 0.8891	
99.087649 290.811774	7.53e-01  8.42e-01  6.41e+02	24.8716 67.3990 0.0016	
99.087649 290.811774	8.57e-01  9.43e-01  5.97e+02	-52.8386 85.5540 0.6709	
99.087649 290.811774	6.88e-01  9.39e-01  6.30e+02	14.4889 78.8550 0.2907	
99.087649 290.811774	6.86e-01  8.84e-01  6.45e+02	-9.4975 68.4358 0.5978	
99.087649 290.811774	6.38e-01  9.27e-01  6.43e+02	23.3379 66.8394 0.3905	
99.087649 290.811774	7.06e-01  8.51e-01  6.49e+02	-3.0735 65.2210 0.6502	
99.087649 290.811774	6.69e-01  9.52e-01  6.31e+02	-6.6208 79.7005 0.7672	
99.087649 290.811774	7.31e-01  8.26e-01  6.50e+02	-3.7081 64.4400 0.9834	
99.087649 290.811774	7.39e-01  8.40e-01  6.45e+02	0.9756 68.9131 0.3453	
99.087649 290.811774	7.77e-01  9.83e-01  6.04e+02	-40.0744 88.4109 0.8597	
99.087649 290.811774	8.11e-01  9.46e-01  6.06e+02	-15.9982 94.6108 0.4629	
99.087649 290.811774	8.46e-01  9.23e-01  6.04e+02	-28.6345 92.6726 0.0217	
99.087649 290.811774	6.39e-01  9.48e-01  6.37e+02	7.3436 74.8043 0.1334	
99.087649 290.811774	6.89e-01  8.67e-01  6.48e+02	-2.4602 65.7453 0.7784	
99.087649 290.811774	7.35e-01  8.93e-01  6.33e+02	23.1840 75.0621 0.9216	
99.087649 290.811774	7.61e-01  9.02e-01  6.25e+02	1.6811 83.6527 0.3778	
99.087649 290.811774	7.88e-01  8.39e-01  6.35e+02	15.1179 75.5585 0.3609	
99.087649 290.811774	8.39e-01  8.61e-01  6.19e+02	14.1749 86.7855 0.4396	
99.087649 290.811774	8.54e-01  9.62e-01  5.94e+02	-26.7719 98.8563 0.6960	
99.087649 290.811774	8.32e-01  8.93e-01  6.13e+02	1.9990 91.5225 0.4348	
99.087649 290.811774	8.17e-01  8.89e-01  6.17e+02	-5.0528 88.8518 0.8977	
99.087649 290.811774	6.85e-01  9.01e-01  6.41e+02	2.8880 72.4074 0.4518	
99.087649 290.811774	7.37e-01  9.64e-01  6.15e+02	-19.8706 87.9943 0.5398	
99.087649 290.811774	7.57e-01  8.34e-01  6.42e+02	19.4873 68.3246 0.7415	
99.087649 290.811774	6.58e-01  9.07e-01  6.44e+02	2.2527 69.2697 0.2428	
99.087649 290.811774	6.12e-01  8.57e-01  6.66e+02	-27.9648 37.6778 0.6361	
99.087649 290.811774	8.38e-01  8.66e-01  6.18e+02	0.9207 88.5774 0.5442	
99.087649 290.811774	7.62e-01  9.04e-01  6.25e+02	-35.5495 76.1640 0.7828	
99.087649 290.811774	6.13e-01  9.03e-01  6.54e+02	24.8101 55.6132 0.1920	
99.087649 290.811774	6.24e-01  9.41e-01  6.42e+02	1.0311 71.6355 0.0233	
99.087649 290.811774	7.47e-01  8.93e-01  6.30e+02	-13.3643 79.0830 0.0280	
99.087649 290.811774	7.28e-01  9.19e-01  6.28e+02	25.4693 77.7973 0.2243	
99.087649 290.811774	7.93e-01  8.66e-01  6.27e+02	-18.1333 80.3016 0.4155	
99.087649 290.811774	7.61e-01  9.04e-01  6.25e+02	-17.4589 82.1786 0.5064	
99.087649 290.811774	7.19e-01  9.48e-01  6.23e+02	41.6522 74.7778 0.8822	
99.087649 290.811774	6.75e-01  9.49e-01  6.30e+02	-10.1779 79.5473 0.9057	
99.087649 290.811774	7.74e-01  8.93e-01  6.25e+02	20.4499 81.3650 0.8055	
99.087649 290.811774	7.48e-01  9.13e-01  6.25e+02	-22.6210 80.5188 0.6604	
99.087649 290.811774	8.05e-01  9.08e-01  6.15e+02	-34.5506 83.2483 0.3801	
99.087649 290.811774	7.57e-01  9.07e-01  6.25e+02	58.7521 59.6706 0.7017	
99.087649 290.811774	7.49e-01  9.63e-01  6.13e+02	-25.4491 87.8224 0.8241	
99.087649 290.811774	6.57e-01  9.56e-01  6.32e+02	18.1983 77.1539 0.8854	
99.087649 290.811774	8.72e-01  9.54e-01  5.92e+02	70.3393 75.8676 0.8758	
99.087649 290.811774	6.75e-01  9.16e-01  6.39e+02	-12.7796 72.8836 0.0606	
99.087649 290.811774	8.02e-01  9.63e-01  6.03e+02	-27.8801 93.1421 0.7014	
99.087649 290.811774	7.05e-01  8.13e-01  6.59e+02	-18.9173 52.4597 0.7560	
99.087649 290.811774	7.66e-01  8.28e-01  6.42e+02	6.9557 71.0695 0.2496	
99.087649 290.811774	7.45e-01  8.91e-01  6.31e+02	-13.2609 78.4026 0.2470	
99.087649 290.811774	7.89e-01  9.25e-01  6.15e+02	12.4513 89.7448 0.8908	
99.087649 290.811774	7.76e-01  9.37e-01  6.14e+02	2.0558 90.7623 0.7789	
99.087649 290.811774	7.77e-01  8.88e-01  6.26e+02	16.6397 81.8488 0.3758	
99.087649 290.811774	7.17e-01  8.79e-01  6.40e+02	-24.9090 68.8004 0.9178	
99.087649 290.811774	8.06e-01  9.04e-01  6.16e+02	-1.9901 89.7807 0.8905	
99.087649 290.811774	7.09e-01  8.78e-01  6.42e+02	31.1943 64.4208 0.0318	
99.087649 290.811774	8.07e-01  9.33e-01  6.09e+02	49.0882 79.9944 0.5830	
99.087649 290.811774	6.91e-01  8.45e-01  6.54e+02	3.0341 60.8632 0.8873	
99.087649 290.811774	7.96e-01  9.02e-01  6.18e+02	-70.8464 52.5848 0.5871	
99.087649 290.811774	7.41e-01  8.45e-01  6.43e+02	0.6882 70.3894 0.2469	
99.087649 290.811774	8.66e-01  9.25e-01  6.00e+02	-1.2394 99.4112 0.7741	
99.087649 290.811774	6.32e-01  9.17e-01  6.46e+02	-29.6876 60.6992 0.3717	
99.087649 290.811774	7.13e-01  9.19e-01  6.31e+02	16.0261 78.1636 0.6348	
99.087649 290.811774	8.33e-01  8.79e-01  6.16e+02	-20.3277 87.3323 0.4405	
99.087649 290.811774	6.53e-01  9.38e-01  6.37e+02	-19.9657 72.5273 0.6352	
99.087649 290.811774	7.47e-01  9.65e-01  6.13e+02	12.0437 90.5799 0.2438	
99.087649 290.811774	7.50e-01  9.36e-01  6.20e+02	-36.3669 79.5246 0.7169	
99.087649 290.811774	7.03e-01  8.95e-01  6.39e+02	-16.6938 72.1541 0.7700	
99.087649 290.811774	8.10e-01  9.01e-01  6.16e+02	2.1746 89.8793 0.3125	
99.087649 290.811774	8.85e-01  9.51e-01  5.90e+02	35.3208 98.1210 0.2600	
99.087649 290.811774	7.11e-01  9.10e-01  6.34e+02	16.0151 76.2796 0.1418	
99.087649 290.811774	7.82e-01  8.64e-01  6.30e+02	-6.7606 80.0996 0.4757	
99.087649 290.811774	8.13e-01  9.53e-01  6.04e+02	29.8741 92.2896 0.2249	
99.087649 290.811774	6.31e-01  9.57e-01  6.36e+02	-41.0426 63.8634 0.9589	
99.087649 290.811774	6.71e-01  9.10e-01  6.41e+02	6.7569 71.7315 0.8624	
99.087649 290.811774	6.65e-01  9.05e-01  6.43e+02	17.3224 68.0184 0.4791	
99.087649 290.811774	7.68e-01  8.11e-01  6.45e+02	-13.8522 67.1683 0.8038	
99.087649 290.811774	7.79e-01  9.10e-01  6.20e+02	46.0453 73.9326 0.6895	
99.087649 290.811774	7.01e-01  8.82e-01  6.42e+02	34.6304 62.0829 0.3387	
99.087649 290.811774	7.70e-01  9.00e-01  6.24e+02	6.9145 84.1987 0.9416	
99.087649 290.811774	6.45e-01  8.57e-01  6.60e+02	-5.9849 54.2998 0.6192	
99.087649 290.811774	7.61e-01  9.19e-01  6.22e+02	-28.7466 81.3453 0.9655	
99.087649 290.811774	7.45e-01  8.92e-01  6.31e+02	1.5631 79.6863 0.3688	
99.087649 290.811774	7.65e-01  8.89e-01  6.28e+02	-10.6285 81.3007 0.3303	
99.087649 290.811774	7.64e-01  9.60e-01  6.11e+02	-16.7639 91.1603 0.9291	
99.087649 290.811774	6.35e-01  8.93e-01  6.52e+02	-1.6559 62.1732 0.9200	
99.087649 290.811774	7.69e-01  8.41e-01  6.38e+02	-4.6201 74.1687 0.7692	
99.087649 290.811774	7.68e-01  9.65e-01  6.09e+02	7.4659 93.5213 0.9168	
99.087649 290.811774	7.89e-01  9.52e-01  6.09e+02	24.0207 91.1775 0.1258	
99.087649 290.811774	7.53e-01  8.51e-01  6.39e+02	-29.1709 67.5909 0.8635	
99.087649 290.811774	7.78e-01  9.48e-01  6.12e+02	-9.0922 92.0711 0.9372	
99.087649 290.811774	6.89e-01  8.94e-01  6.42e+02	21.2681 68.2025 0.8809	
99.087649 290.811774	8.14e-01  8.62e-01  6.24e+02	31.0333 78.8085 0.4628	
99.087649 290.811774	8.81e-01  9.24e-01  5.97e+02	-12.3518 100.2791 0.5688	
99.087649 290.811774	7.85e-01  9.59e-01  6.08e+02	0.1463 94.8143 0.4650	
99.087649 290.811774	7.23e-01  8.92e-01  6.36e+02	-17.2321 74.4402 0.4557	
99.087649 290.811774	7.19e-01  8.80e-01  6.39e+02	-29.5602 67.2363 0.8425	
99.087649 290.811774	7.10e-01  9.29e-01  6.29e+02	12.4823 80.3147 0.9610	
99.087649 290.811774	7.51e-01  9.06e-01  6.27e+02	11.5277 82.1199 0.3231	
99.087649 290.811774	7.82e-01  8.64e-01  6.30e+02	38.7241 70.5821 0.9334	
99.087649 290.811774	7.11e-01  9.14e-01  6.32e+02	-5.8685 78.4898 0.1955	
99.087649 290.811774	7.86e-01  9.50e-01  6.10e+02	44.2100 82.6567 0.9660	
99.087649 290.811774	7.54e-01  8.64e-01  6.36e+02	-15.7251 74.4493 0.8000	
99.087649 290.811774	8.56e-01  9.68e-01  5.92e+02	2.0871 103.3801 0.9996	
99.087649 290.811774	6.09e-01  9.48e-01  6.42e+02	-15.3166 69.3582 0.7038	
99.087649 290.811774	6.52e-01  9.00e-01  6.47e+02	23.1773 62.7792 0.5544	
99.087649 290.811774	7.79e-01  8.76e-01  6.28e+02	7.3430 81.6133 0.5392	
99.087649 290.811774	7.49e-01  9.70e-01  6.12e+02	7.9537 92.0106 0.6041	
99.087649 290.811774	6.31e-01  9.25e-01  6.45e+02	-5.9933 68.9718 0.8980	
99.087649 290.811774	7.62e-01  8.43e-01  6.39e+02	16.6392 71.6892 0.6078	
99.087649 290.811774	8.75e-01  9.93e-01  5.83e+02	8.8881 107.4569 0.8615	
99.087649 290.811774	7.33e-01  9.58e-01  6.17e+02	10.6205 88.2237 0.1955	
99.087649 290.811774	6.96e-01  8.87e-01  6.42e+02	1.2848 71.3175 0.4884	
99.087649 290.811774	8.19e-01  9.41e-01  6.05e+02	-25.0549 92.8998 0.9817	
99.087649 290.811774	7.90e-01  9.22e-01  6.15e+02	23.3516 87.2636 0.7920	
99.087649 290.811774	6.84e-01  9.01e-01  6.41e+02	-32.0212 64.8601 0.9862	
99.087649 290.811774	7.91e-01  8.73e-01  6.26e+02	15.5026 81.6835 0.6729	
99.087649 290.811774	5.80e-01  8.99e-01  6.61e+02	-3.7027 53.3411 0.4294	
99.087649 290.811774	7.92e-01  8.50e-01  6.31e+02	-3.5612 79.5704 0.6056	
99.087649 290.811774	8.96e-01  9.35e-01  5.91e+02	-30.0489 99.2578 0.0012	
99.087649 290.811774	7.05e-01  8.74e-01  6.44e+02	30.5008 63.1239 0.6629	
99.087649 290.811774	6.97e-01  8.89e-01  6.42e+02	4.2028 71.6351 0.4799	
99.087649 290.811774	7.92e-01  8.28e-01  6.36e+02	-21.2423 72.8097 0.7185	
99.087649 290.811774	7.62e-01  8.73e-01  6.32e+02	15.8816 77.3076 0.3021	
99.087649 290.811774	7.14e-01  9.73e-01  6.18e+02	9.3167 88.3527 0.3988	
99.087649 290.811774	8.68e-01  9.19e-01  6.00e+02	-10.0329 98.4154 0.9675	
99.087649 290.811774	7.38e-01  8.73e-01  6.37e+02	-13.2675 74.1278 0.5779	
99.087649 290.811774	7.66e-01  9.26e-01  6.19e+02	22.3423 85.0776 0.4747	
99.087649 290.811774	7.34e-01  8.52e-01  6.43e+02	0.3958 70.5972 0.4871	
99.087649 290.811774	7.95e-01  8.74e-01  6.25e+02	33.6231 76.7238 0.5990	
99.087649 290.811774	6.96e-01  9.30e-01  6.31e+02	22.7063 76.3057 0.1882	
99.087649 290.811774	8.03e-01  8.55e-01  6.28e+02	12.7561 81.0452 0.0021	
99.087649 290.811774	8.02e-01  9.29e-01  6.11e+02	-37.8692 84.6521 0.7628	
99.087649 290.811774	7.84e-01  9.26e-01  6.15e+02	21.7343 87.5185 0.1756	
99.087649 290.811774	7.40e-01  9.31e-01  6.23e+02	44.5826 72.8886 0.9914	
99.087649 290.811774	7.19e-01  8.96e-01  6.35e+02	-4.4065 76.4896 0.2796	
99.087649 290.811774	7.80e-01  9.64e-01  6.07e+02	7.9887 94.6514 0.8289	
99.087649 290.811774	7.27e-01  9.54e-01  6.20e+02	44.9037 74.9612 0.5281	
99.087649 290.811774	7.39e-01  8.74e-01  6.37e+02	-26.3587 70.7152 0.3553	
99.087649 290.811774	8.28e-01  9.27e-01  6.07e+02	9.3699 95.0144 0.0078	
99.087649 290.811774	6.18e-01  8.86e-01  6.57e+02	-0.1261 57.2085 0.3893	
99.087649 290.811774	6.03e-01  9.00e-01  6.56e+02	17.8870 55.3397 0.0779	
99.087649 290.811774	7.59e-01  9.55e-01  6.14e+02	-0.3724 91.3026 0.8354	
99.087649 290.811774	7.90e-01  9.42e-01  6.11e+02	2.6565 93.0138 0.9932	
99.087649 290.811774	6.54e-01  8.32e-01  6.64e+02	1.9169 49.3083 0.4565	
99.087649 290.811774	7.06e-01  9.25e-01  6.31e+02	-19.5216 77.6321 0.0972	
99.087649 290.811774	7.03e-01  8.66e-01  6.46e+02	-3.2302 67.9428 0.5795	
99.087649 290.811774	6.94e-01  9.06e-01  6.38e+02	-6.0137 74.5850 0.4608	
99.087649 290.811774	6.14e-01  8.83e-01  6.59e+02	-13.8305 53.9480 0.8111	
99.087649 290.811774	7.74e-01  9.61e-01  6.09e+02	-16.1725 92.4124 0.6546	
99.087649 290.811774	7.61e-01  9.56e-01  6.13e+02	-49.7065 77.0062 0.1688	
99.087649 290.811774	8.21e-01  8.86e-01  6.17e+02	2.4392 89.0861 0.3378	
99.087649 290.811774	6.61e-01  8.80e-01  6.51e+02	14.1531 62.2439 0.3113	
99.087649 290.811774	7.13e-01  9.15e-01  6.32e+02	-8.3317 78.7205 0.3612	
99.087649 290.811774	7.53e-01  8.60e-01  6.37e+02	-1.1087 75.2002 0.4613	
99.087649 290.811774	8.57e-01  8.81e-01  6.11e+02	-2.1156 93.0022 0.9836	
99.087649 290.811774	8.10e-01  9.22e-01  6.11e+02	17.2814 91.0345 0.8333	
99.087649 290.811774	7.15e-01  9.67e-01  6.19e+02	14.2403 86.9222 0.3983	
99.087649 290.811774	7.63e-01  8.89e-01  6.28e+02	-24.0042 78.1533 0.7780	
99.087649 290.811774	7.71e-01  8.82e-01  6.28e+02	14.4817 80.3593 0.0133	
99.087649 290.811774	7.00e-01  9.47e-01  6.26e+02	6.0778 82.7947 0.4452	
99.087649 290.811774	7.74e-01  8.93e-01  6.25e+02	30.3233 78.2233 0.9528	
99.087649 290.811774	6.74e-01  9.02e-01  6.43e+02	1.3616 70.9241 0.2951	
99.087649 290.811774	7.25e-01  8.74e-01  6.40e+02	-21.5789 70.0595 0.0803	
99.087649 290.811774	7.06e-01  9.42e-01  6.27e+02	17.9801 80.9231 0.2097	
99.087649 290.811774	7.79e-01  8.89e-01  6.25e+02	-19.0318 81.8030 0.0620	
99.087649 290.811774	6.92e-01  9.17e-01  6.35e+02	13.3252 75.4556 0.4716	
99.087649 290.811774	6.83e-01  8.10e-01  6.64e+02	7.6213 48.9403 0.7202	
99.087649 290.811774	7.55e-01  8.14e-01  6.48e+02	8.4763 66.0166 0.3206	
99.087649 290.811774	7.62e-01  8.61e-01  6.35e+02	-16.3863 75.0172 0.5225	
99.087649 290.811774	6.92e-01  9.02e-01  6.39e+02	7.6341 73.2495 0.7740	
99.087649 290.811774	8.52e-01  9.68e-01  5.93e+02	-31.8104 97.8967 0.3555	
99.087649 290.811774	6.36e-01  9.31e-01  6.42e+02	16.7628 69.3670 0.4704	
99.087649 290.811774	7.83e-01  9.11e-01  6.19e+02	44.1410 76.0283 0.3557	
99.087649 290.811774	6.82e-01  8.93e-01  6.43e+02	5.7573 70.1090 0.5688	
99.087649 290.811774	7.99e-01  9.02e-01  6.18e+02	-67.9198 56.8081 0.8444	
99.087649 290.811774	7.20e-01  8.38e-01  6.49e+02	-19.9983 61.9461 0.4927	
99.087649 290.811774	8.87e-01  9.61e-01  5.88e+02	14.4192 104.5517 0.9267	
99.087649 290.811774	5.99e-01  8.62e-01  6.68e+02	-5.6367 44.9770 0.2715	
99.087649 290.811774	7.40e-01  8.91e-01  6.32e+02	34.8087 70.7128 0.9652	
99.087649 290.811774	8.52e-01  9.34e-01  6.00e+02	32.6729 93.3531 0.4950	
99.087649 290.811774	8.05e-01  9.78e-01  6.00e+02	43.2886 89.4471 0.6833	
99.087649 290.811774	6.69e-01  8.77e-01  6.50e+02	9.5551 63.6720 0.7408	
99.087649 290.811774	6.99e-01  8.63e-01  6.48e+02	-22.8218 62.5966 0.2249	
99.087649 290.811774	8.53e-01  9.06e-01  6.06e+02	11.2933 94.9792 0.1403	
99.087649 290.811774	7.00e-01  9.12e-01  6.35e+02	5.0854 76.7524 0.5169	
99.087649 290.811774	7.28e-01  9.06e-01  6.31e+02	34.7342 71.8084 0.0248	
99.087649 290.811774	7.50e-01  8.68e-01  6.36e+02	1.5178 76.0911 0.1508	
99.087649 290.811774	7.56e-01  9.46e-01  6.16e+02	28.7927 85.0472 0.5874	
99.087649 290.811774	7.04e-01  9.12e-01  6.34e+02	13.5782 76.2281 0.3417	
99.087649 290.811774	7.04e-01  8.23e-01  6.56e+02	9.6392 57.3967 0.0321	
99.087649 290.811774	8.39e-01  9.74e-01  5.94e+02	-50.4699 89.0525 0.6531	
99.087649 290.811774	7.81e-01  9.44e-01  6.12e+02	2.7505 92.2831 0.2882	
99.087649 290.811774	7.79e-01  9.20e-01  6.18e+02	-10.7283 88.1143 0.5886	
99.087649 290.811774	8.45e-01  9.38e-01  6.01e+02	-26.4253 95.1585 0.1105	
99.087649 290.811774	7.69e-01  9.56e-01  6.12e+02	14.8811 91.3359 0.8077	
99.087649 290.811774	8.14e-01  9.43e-01  6.06e+02	21.5159 93.4529 0.0837	
99.087649 290.811774	7.67e-01  8.75e-01  6.31e+02	-25.0762 76.0369 0.8843	
99.087649 290.811774	9.02e-01  9.63e-01  5.84e+02	19.4377 105.5311 0.8489	
99.087649 290.811774	8.07e-01  9.50e-01  6.06e+02	50.1020 81.9606 0.7879	
99.087649 290.811774	6.92e-01  8.74e-01  6.46e+02	-1.9682 67.7935 0.7774	
99.087649 290.811774	8.71e-01  9.39e-01  5.96e+02	22.3999 99.0944 0.6135	
99.087649 290.811774	8.75e-01  9.30e-01  5.97e+02	-25.9131 97.6053 0.3910	
99.087649 290.811774	8.20e-01  9.32e-01  6.07e+02	11.8610 94.4354 0.2103	
99.087649 290.811774	7.37e-01  9.02e-01  6.30e+02	-17.3893 78.3749 0.5869	
99.087649 290.811774	8.04e-01  9.60e-01  6.04e+02	18.2310 95.3077 0.3577	
99.087649 290.811774	8.14e-01  8.99e-01  6.16e+02	-20.7529 87.6868 0.8968	
99.087649 290.811774	7.34e-01  9.45e-01  6.21e+02	32.1160 80.7775 0.1105	
99.087649 290.811774	8.33e-01  9.14e-01  6.08e+02	38.1458 86.2899 0.2106	
99.087649 290.811774	8.55e-01  9.19e-01  6.03e+02	-20.4538 95.3190 0.2391	
99.087649 290.811774	7.80e-01  9.02e-01  6.22e+02	-52.1331 68.4295 0.2766	
99.087649 290.811774	7.64e-01  9.49e-01  6.14e+02	26.5624 87.1157 0.4689	
99.087649 290.811774	7.02e-01  8.69e-01  6.46e+02	34.8703 58.8579 0.6602	
99.087649 290.811774	7.53e-01  9.54e-01  6.15e+02	-27.7041 86.2996 0.6169	
99.087649 290.811774	6.44e-01  9.91e-01  6.25e+02	11.8264 83.1549 0.3038	
99.087649 290.811774	7.28e-01  8.91e-01  6.35e+02	-7.8702 76.6406 0.4090	
99.087649 290.811774	7.80e-01  9.27e-01  6.16e+02	24.9481 86.2774 0.4527	
99.087649 290.811774	8.21e-01  9.40e-01  6.05e+02	55.0720 79.0959 0.2082	
99.087649 290.811774	8.03e-01  9.47e-01  6.07e+02	16.2712 93.8827 0.5068	
99.087649 290.811774	7.22e-01  8.25e-01  6.52e+02	-28.4452 55.6023 0.1535	
99.087649 290.811774	7.69e-01  8.70e-01  6.32e+02	-23.6382 75.8022 0.5473	
99.087649 290.811774	7.96e-01  8.87e-01  6.22e+02	57.2119 64.2587 0.7157	
99.087649 290.811774	7.99e-01  8.47e-01  6.30e+02	18.1932 78.1866 0.6804	
99.087649 290.811774	8.35e-01  9.54e-01  5.99e+02	0.8635 99.5901 0.6659	
99.087649 290.811774	7.17e-01  9.01e-01  6.34e+02	-38.2543 67.1166 0.6673	
99.087649 290.811774	7.13e-01  9.21e-01  6.30e+02	-33.9075 72.8654 0.4163	
99.087649 290.811774	7.97e-01  9.33e-01  6.11e+02	-19.4624 90.6228 0.5182	
99.087649 290.811774	6.93e-01  8.86e-01  6.43e+02	-2.5836 70.5938 0.6543	
99.087649 290.811774	7.41e-01  9.18e-01  6.26e+02	4.7350 83.3547 0.5119	
99.087649 290.811774	6.86e-01  8.64e-01  6.50e+02	-17.0986 62.3599 0.2761	
99.087649 290.811774	6.74e-01  9.17e-01  6.39e+02	-22.5424 70.3351 0.2579	
99.087649 290.811774	6.41e-01  9.14e-01  6.46e+02	29.0481 61.7942 0.5689	
99.087649 290.811774	7.35e-01  9.18e-01  6.27e+02	32.9921 75.8077 0.5116	
99.087649 290.811774	7.27e-01  9.21e-01  6.28e+02	33.4213 74.9233 0.6028	
99.087649 290.811774	7.43e-01  9.03e-01  6.29e+02	39.0585 71.2707 0.5776	
99.087649 290.811774	7.34e-01  9.42e-01  6.21e+02	11.0220 85.7947 0.3021	
99.087649 290.811774	7.20e-01  9.01e-01  6.34e+02	-14.2701 76.1855 0.6527	
99.087649 290.811774	7.08e-01  8.76e-01  6.42e+02	-12.1882 70.0002 0.7091	
99.087649 290.811774	6.92e-01  9.05e-01  6.38e+02	-16.9258 72.3145 0.3200	
99.087649 290.811774	8.50e-01  9.08e-01  6.06e+02	-11.8827 94.9020 0.0160	
99.087649 290.811774	6.42e-01  9.75e-01  6.30e+02	-3.1212 80.7154 0.4198	
99.087649 290.811774	6.60e-01  9.11e-01  6.43e+02	49.5666 50.1038 0.6565	
99.087649 290.811774	7.92e-01  9.83e-01  6.01e+02	50.0604 84.9973 0.9555	
99.087649 290.811774	7.77e-01  9.68e-01  6.07e+02	-32.0312 89.6098 0.8912	
99.087649 290.811774	7.58e-01  9.09e-01  6.25e+02	5.1804 84.1111 0.2079	
99.087649 290.811774	6.62e-01  9.10e-01  6.43e+02	-19.1645 68.0580 0.9416	
99.087649 290.811774	7.76e-01  8.86e-01  6.26e+02	-9.2593 82.6655 0.5320	
99.087649 290.811774	6.92e-01  8.90e-01  6.42e+02	44.7343 55.3279 0.6415	
99.087649 290.811774	7.14e-01  9.27e-01  6.29e+02	-7.9386 81.0246 0.4522	
99.087649 290.811774	7.94e-01  9.29e-01  6.13e+02	-25.7621 87.9640 0.0961	
99.087649 290.811774	8.69e-01  8.78e-01  6.09e+02	4.0262 94.0792 0.5220	
99.087649 290.811774	7.75e-01  8.80e-01  6.28e+02	-34.3706 74.4671 0.7638	
99.087649 290.811774	6.87e-01  8.79e-01  6.46e+02	17.3563 65.9086 0.5556	
99.087649 290.811774	7.49e-01  9.00e-01  6.28e+02	-28.4768 76.4999 0.3478	
99.087649 290.811774	7.34e-01  9.17e-01  6.27e+02	-18.5055 80.3664 0.5777	
99.087649 290.811774	8.46e-01  9.68e-01  5.94e+02	5.7287 102.2045 0.8569	
99.087649 290.811774	6.42e-01  8.99e-01  6.49e+02	-28.0230 58.5812 0.4292	
99.087649 290.811774	8.21e-01  8.81e-01  6.18e+02	-18.7696 86.3192 0.4104	
99.087649 290.811774	5.93e-01  9.74e-01  6.38e+02	21.8909 71.1630 0.0017	
99.087649 290.811774	8.86e-01  9.40e-01  5.92e+02	26.9906 99.6790 0.9445	
99.087649 290.811774	8.27e-01  9.34e-01  6.05e+02	-8.7270 95.8294 0.3885	
99.087649 290.811774	7.59e-01  9.55e-01  6.13e+02	-58.2067 70.4581 0.3936	
99.087649 290.811774	8.00e-01  9.12e-01  6.16e+02	52.4294 73.2880 0.2753	
99.087649 290.811774	7.83e-01  9.15e-01  6.18e+02	-26.2168 84.5363 0.2260	
99.087649 290.811774	7.98e-01  9.08e-01  6.17e+02	-19.9078 86.9985 0.0595	
99.087649 290.811774	6.91e-01  9.69e-01  6.22e+02	0.0680 85.7371 0.5560	
99.087649 290.811774	7.54e-01  8.61e-01  6.37e+02	-0.2168 75.4563 0.8494	
99.087649 290.811774	7.76e-01  9.38e-01  6.14e+02	-40.8149 81.2944 0.9949	
99.087649 290.811774	8.54e-01  9.65e-01  5.93e+02	19.0428 101.1026 0.0245	
99.087649 290.811774	8.10e-01  9.39e-01  6.07e+02	-13.5496 94.0182 0.2726	
99.087649 290.811774	6.75e-01  9.47e-01  6.31e+02	-12.8785 78.8867 0.6093	
99.087649 290.811774	8.20e-01  8.95e-01  6.15e+02	32.4257 84.2308 0.8210	
99.087649 290.811774	6.93e-01  8.61e-01  6.49e+02	5.5075 64.8823 0.2438	
99.087649 290.811774	8.01e-01  9.83e-01  5.99e+02	43.7984 89.4833 0.0371	
99.087649 290.811774	7.35e-01  8.75e-01  6.37e+02	-5.6031 74.8159 0.0817	
99.087649 290.811774	7.61e-01  9.37e-01  6.17e+02	8.2815 88.5724 0.3203	
99.087649 290.811774	8.11e-01  8.69e-01  6.23e+02	20.8484 82.7828 0.7915	
99.087649 290.811774	8.00e-01  8.91e-01  6.20e+02	16.6186 85.4270 0.1308	
99.087649 290.811774	6.87e-01  9.60e-01  6.25e+02	55.8324 62.2559 0.7170	
99.087649 290.811774	8.00e-01  9.37e-01  6.10e+02	18.6896 91.6722 0.5518	
99.087649 290.811774	7.76e-01  8.54e-01  6.34e+02	25.1465 73.5940 0.6505	
99.087649 290.811774	7.60e-01  9.14e-01  6.23e+02	35.6467 77.5288 0.3642	
99.087649 290.811774	7.62e-01  9.30e-01  6.19e+02	46.9549 74.5066 0.8815	
99.087649 290.811774	8.70e-01  9.35e-01  5.97e+02	-19.1876 99.1887 0.7195	
99.087649 290.811774	7.30e-01  8.81e-01  6.37e+02	-38.5257 64.9449 0.2157	
99.087649 290.811774	6.53e-01  8.67e-01  6.55e+02	-30.3547 50.7675 0.7847	
99.087649 290.811774	6.97e-01  9.58e-01  6.24e+02	-11.8732 83.6912 0.0160	
99.087649 290.811774	8.58e-01  9.09e-01  6.04e+02	-15.8602 95.3597 0.7825	
99.087649 290.811774	8.05e-01  8.85e-01  6.21e+02	12.8119 85.8703 0.0318	
99.087649 290.811774	7.15e-01  8.27e-01  6.53e+02	5.4845 61.1230 0.5043	
99.087649 290.811774	7.90e-01  9.41e-01  6.11e+02	28.1958 88.5591 0.2820	
99.087649 290.811774	7.90e-01  9.54e-01  6.08e+02	9.9063 94.2175 0.6303	
99.087649 290.811774	8.86e-01  9.23e-01  5.96e+02	-11.3992 100.7814 0.5646	
99.087649 290.811774	8.76e-01  9.38e-01  5.95e+02	28.7744 97.9202 0.7533	
99.087649 290.811774	6.98e-01  9.01e-01  6.38e+02	-15.1320 72.7558 0.4945	
99.087649 290.811774	6.08e-01  8.90e-01  6.58e+02	7.4516 55.9120 0.8564	
99.087649 290.811774	8.61e-01  9.81e-01  5.89e+02	-6.1516 105.0471 0.0886	
99.087649 290.811774	6.30e-01  9.62e-01  6.35e+02	-13.4584 75.5912 0.2348	
99.087649 290.811774	7.76e-01  9.46e-01  6.12e+02	-6.3848 91.7540 0.5078	
99.087649 290.811774	6.44e-01  9.08e-01  6.47e+02	16.8667 65.3449 0.6940	
99.087649 290.811774	7.31e-01  8.04e-01  6.55e+02	29.7244 51.4120 0.6684	
99.087649 290.811774	7.84e-01  8.82e-01  6.26e+02	-26.6970 79.1444 0.1119	
99.087649 290.811774	7.61e-01  9.55e-01  6.13e+02	-25.7640 87.8599 0.4709	
99.087649 290.811774	7.56e-01  8.88e-01  6.30e+02	-14.0904 79.4238 0.2551	
99.087649 290.811774	7.07e-01  8.58e-01  6.47e+02	3.8778 66.8715 0.9429	
99.087649 290.811774	7.86e-01  9.25e-01  6.15e+02	35.2159 83.1124 0.9818	
99.087649 290.811774	7.04e-01  8.44e-01  6.51e+02	7.3566 63.0090 0.2661	
99.087649 290.811774	8.07e-01  9.52e-01  6.05e+02	-16.1453 94.9209 0.9759	
99.087649 290.811774	7.70e-01  9.61e-01  6.10e+02	-61.0115 70.7013 0.4110	
99.087649 290.811774	6.35e-01  9.39e-01  6.40e+02	17.9847 70.5391 0.8164	
99.087649 290.811774	7.60e-01  8.57e-01  6.36e+02	-2.7692 75.8265 0.9682	
99.087649 290.811774	7.85e-01  9.89e-01  6.01e+02	39.4685 90.4945 0.1804	
99.087649 290.811774	7.20e-01  8.45e-01  6.48e+02	-0.1555 66.4391 0.8166	
99.087649 290.811774	6.78e-01  9.11e-01  6.39e+02	11.0023 72.6700 0.3899	
99.087649 290.811774	7.46e-01  9.21e-01  6.24e+02	-9.4432 84.1105 0.2285	
99.087649 290.811774	6.62e-01  9.06e-01  6.44e+02	10.9396 68.9083 0.7210	
99.087649 290.811774	7.98e-01  8.95e-01  6.20e+02	21.7297 84.6572 0.0279	
99.087649 290.811774	7.52e-01  9.18e-01  6.24e+02	-30.5034 79.2205 0.5512	
99.087649 290.811774	8.20e-01  9.51e-01  6.03e+02	-38.3649 89.8707 0.0196	
99.087649 290.811774	7.29e-01  9.58e-01  6.18e+02	-2.9258 88.3023 0.1431	
99.087649 290.811774	7.35e-01  8.49e-01  6.44e+02	-3.5628 69.9919 0.1176	
99.087649 290.811774	7.75e-01  8.37e-01  6.38e+02	59.1642 45.6638 0.3186	
99.087649 290.811774	7.66e-01  9.28e-01  6.18e+02	9.6452 87.8078 0.8314	
99.087649 290.811774	6.12e-01  8.76e-01  6.61e+02	-7.8966 52.4606 0.4042	
99.087649 290.811774	7.20e-01  8.17e-01  6.54e+02	8.1335 59.7391 0.4330	
99.087649 290.811774	6.97e-01  9.21e-01  6.33e+02	40.8898 66.4264 0.4658	
99.087649 290.811774	7.83e-01  8.91e-01  6.24e+02	6.9341 84.5453 0.4454	
99.087649 290.811774	7.08e-01  9.37e-01  6.27e+02	24.5989 78.6563 0.4446	
99.087649 290.811774	7.57e-01  8.63e-01  6.36e+02	25.4993 71.9762 0.6493	
99.087649 290.811774	7.27e-01  8.95e-01  6.34e+02	-41.7001 65.3038 0.4221	
99.087649 290.811774	7.45e-01  9.26e-01  6.23e+02	-5.9492 85.0382 0.5844	
99.087649 290.811774	7.69e-01  9.09e-01  6.22e+02	-20.4742 83.2541 0.0326	
99.087649 290.811774	7.84e-01  9.21e-01  6.17e+02	3.8070 89.3597 0.8066	
99.087649 290.811774	8.20e-01  9.27e-01  6.08e+02	71.7480 61.5615 0.7167	
99.087649 290.811774	7.59e-01  9.83e-01  6.07e+02	9.5769 94.8537 0.1429	
99.087649 290.811774	7.38e-01  8.44e-01  6.44e+02	-6.6968 69.3056 0.8690	
99.087649 290.811774	7.40e-01  9.26e-01  6.24e+02	35.6355 76.7296 0.4741	
99.087649 290.811774	8.18e-01  9.36e-01  6.06e+02	-3.8625 95.4977 0.1374	
99.087649 290.811774	6.86e-01  9.21e-01  6.35e+02	35.3950 67.8517 0.5541	
99.087649 290.811774	7.66e-01  9.76e-01  6.07e+02	14.5203 94.0562 0.6203	
99.087649 290.811774	8.33e-01  9.36e-01  6.04e+02	5.6195 97.0443 0.1031	
99.087649 290.811774	7.93e-01  8.80e-01  6.24e+02	35.9571 76.5556 0.9201	
99.087649 290.811774	7.87e-01  9.27e-01  6.15e+02	-0.6271 90.7041 0.1639	
99.087649 290.811774	6.49e-01  8.66e-01  6.57e+02	-0.8793 57.8884 0.1573	
99.087649 290.811774	7.26e-01  9.15e-01  6.29e+02	-0.7549 80.9709 0.2092	
99.087649 290.811774	7.68e-01  9.02e-01  6.24e+02	-14.9191 83.1320 0.1916	
99.087649 290.811774	7.51e-01  9.01e-01  6.28e+02	10.0769 81.4490 0.7645	
99.087649 290.811774	8.80e-01  9.14e-01  5.99e+02	36.0486 93.0016 0.6395	
99.087649 290.811774	7.39e-01  8.22e-01  6.49e+02	-0.6679 65.1314 0.4574	
99.087649 290.811774	8.27e-01  9.21e-01  6.08e+02	37.5514 86.8112 0.0189	
99.087649 290.811774	8.54e-01  9.15e-01  6.04e+02	-13.5404 95.9704 0.4193	
99.087649 290.811774	7.62e-01  9.03e-01  6.25e+02	1.7688 83.8371 0.4009	
99.087649 290.811774	6.94e-01  9.14e-01  6.36e+02	26.7848 71.5906 0.1549	
99.087649 290.811774	7.14e-01  8.62e-01  6.45e+02	15.0845 67.4322 0.2814	
99.087649 290.811774	7.64e-01  9.52e-01  6.13e+02	4.2124 91.3181 0.2177	
99.087649 290.811774	7.22e-01  9.09e-01  6.31e+02	26.9844 74.8091 0.1379	
99.087649 290.811774	7.41e-01  8.41e-01  6.44e+02	6.3849 69.3104 0.1743	
99.087649 290.811774	7.49e-01  9.19e-01  6.24e+02	-38.0689 75.6625 0.3097	
99.087649 290.811774	7.61e-01  9.37e-01  6.17e+02	-8.8616 88.5343 0.7842	
99.087649 290.811774	7.55e-01  8.92e-01  6.29e+02	22.1288 78.1423 0.4239	
99.087649 290.811774	7.67e-01  8.34e-01  6.40e+02	17.6650 70.5869 0.9928	
99.087649 290.811774	7.94e-01  9.66e-01  6.04e+02	1.2944 96.6799 0.8748	
99.087649 290.811774	7.28e-01  8.85e-01  6.36e+02	-19.3690 73.5318 0.2588	
99.087649 290.811774	7.15e-01  9.38e-01  6.26e+02	21.8790 80.5448 0.0838	
99.087649 290.811774	8.15e-01  9.62e-01  6.01e+02	-11.2034 97.7831 0.7800	
99.087649 290.811774	7.77e-01  8.87e-01  6.26e+02	-22.8603 80.1783 0.5437	
99.087649 290.811774	8.12e-01  9.03e-01  6.15e+02	-5.3530 90.2324 0.8142	
99.087649 290.811774	8.51e-01  9.29e-01  6.02e+02	-6.1397 98.0510 0.7418	
99.087649 290.811774	6.37e-01  9.03e-01  6.49e+02	1.7510 65.2337 0.0818	
99.087649 290.811774	7.30e-01  8.82e-01  6.36e+02	3.7101 75.6073 0.7669	
99.087649 290.811774	7.85e-01  8.92e-01  6.23e+02	-28.3637 80.4676 0.7290	
99.087649 290.811774	8.15e-01  9.42e-01  6.06e+02	40.0448 87.2041 0.2265	
99.087649 290.811774	6.59e-01  8.85e-01  6.50e+02	-10.3320 63.8077 0.8944	
99.087649 290.811774	8.10e-01  8.64e-01  6.24e+02	4.4928 84.3541 0.5437	
99.087649 290.811774	7.82e-01  9.66e-01  6.07e+02	20.0707 93.3514 0.9920	
99.087649 290.811774	6.17e-01  9.32e-01  6.45e+02	-18.8558 65.9080 0.3555	
99.087649 290.811774	7.47e-01  7.97e-01  6.53e+02	0.1926 61.2883 0.4383	
99.087649 290.811774	6.60e-01  9.35e-01  6.37e+02	14.7084 74.1307 0.8214	
99.087649 290.811774	8.04e-01  8.83e-01  6.21e+02	-19.6202 84.3133 0.7752	
99.087649 290.811774	7.97e-01  9.78e-01  6.01e+02	55.7149 81.3341 0.3239	
99.087649 290.811774	8.99e-01  9.82e-01  5.81e+02	5.7017 108.7977 0.2926	
99.087649 290.811774	7.92e-01  8.37e-01  6.34e+02	-2.4305 77.5138 0.9130	
99.087649 290.811774	8.23e-01  9.85e-01  5.95e+02	42.2819 92.8485 0.6978	
99.087649 290.811774	8.15e-01  9.19e-01  6.11e+02	-7.1192 92.6699 0.0633	
99.087649 290.811774	8.12e-01  8.67e-01  6.23e+02	-4.3006 85.1595 0.7649	
99.087649 290.811774	7.61e-01  9.42e-01  6.16e+02	21.9248 86.9478 0.8320	
99.087649 290.811774	6.37e-01  9.07e-01  6.48e+02	35.3237 55.8638 0.3886	
99.087649 290.811774	8.51e-01  8.92e-01  6.10e+02	30.2189 88.7326 0.9368	
99.087649 290.811774	7.11e-01  9.38e-01  6.27e+02	-4.1186 82.7880 0.2995	
99.087649 290.811774	5.81e-01  9.19e-01  6.55e+02	6.6636 59.3749 0.5098	
99.087649 290.811774	8.39e-01  9.33e-01  6.03e+02	31.6576 92.1928 0.5779	
99.087649 290.811774	6.40e-01  9.69e-01  6.32e+02	-9.7348 78.8099 0.2523	
99.087649 290.811774	7.92e-01  8.70e-01  6.27e+02	-12.4609 81.8564 0.3614	
99.087649 290.811774	7.65e-01  9.37e-01  6.16e+02	-1.9719 89.4716 0.7928	
99.087649 290.811774	7.30e-01  9.06e-01  6.31e+02	-44.1108 66.7830 0.4949	
99.087649 290.811774	8.28e-01  9.26e-01  6.07e+02	6.1685 95.0998 0.7600	
99.087649 290.811774	7.88e-01  9.03e-01  6.20e+02	40.1276 77.4800 0.2889	
99.087649 290.811774	7.75e-01  9.10e-01  6.21e+02	-15.0364 85.3441 0.3329	
99.087649 290.811774	8.11e-01  9.17e-01  6.12e+02	47.2458 79.1589 0.8599	
99.087649 290.811774	8.67e-01  9.50e-01  5.94e+02	-9.6999 101.9927 0.6899	
99.087649 290.811774	7.28e-01  8.52e-01  6.44e+02	-8.9691 68.7893 0.0184	
99.087649 290.811774	6.69e-01  8.91e-01  6.46e+02	4.7280 67.5467 0.6583	
99.087649 290.811774	6.63e-01  9.12e-01  6.42e+02	-31.2463 63.9846 0.1415	
99.087649 290.811774	7.45e-01  8.85e-01  6.33e+02	19.2538 76.0833 0.2297	
99.087649 290.811774	7.01e-01  9.25e-01  6.32e+02	-16.3125 77.6927 0.0741	
99.087649 290.811774	6.80e-01  9.11e-01  6.39e+02	10.3686 72.9239 0.7696	
99.087649 290.811774	8.35e-01  9.18e-01  6.07e+02	-22.9205 92.3193 0.7491	
99.087649 290.811774	8.29e-01  9.55e-01  6.00e+02	-26.6068 95.4043 0.8218	
99.087649 290.811774	8.88e-01  9.27e-01  5.95e+02	-8.7475 101.6501 0.6225	
99.087649 290.811774	7.58e-01  8.86e-01  6.30e+02	-39.7363 69.9104 0.4634	
99.087649 290.811774	7.32e-01  8.52e-01  6.43e+02	-45.1025 53.7613 0.0127	
99.087649 290.811774	6.71e-01  9.21e-01  6.38e+02	-3.3835 74.1725 0.8172	
99.087649 290.811774	7.13e-01  8.39e-01  6.51e+02	-10.1779 63.0768 0.4774	
99.087649 290.811774	6.14e-01  9.09e-01  6.52e+02	20.6045 59.1987 0.3248	
99.087649 290.811774	7.47e-01  9.80e-01  6.10e+02	-0.7263 93.6774 0.6700	
99.087649 290.811774	5.41e-01  9.38e-01  6.57e+02	6.1665 57.6699 0.0884	
99.087649 290.811774	7.07e-01  9.34e-01  6.28e+02	-13.6239 80.6575 0.0560	
99.087649 290.811774	6.97e-01  9.47e-01  6.27e+02	21.0933 79.8759 0.7105	
99.087649 290.811774	6.67e-01  9.04e-01  6.43e+02	18.4166 67.6821 0.4287	
99.087649 290.811774	7.93e-01  9.31e-01  6.13e+02	-23.2110 88.9358 0.2068	
99.087649 290.811774	8.28e-01  8.50e-01  6.24e+02	24.4147 81.2901 0.1152	
99.087649 290.811774	7.02e-01  9.37e-01  6.28e+02	-42.4556 69.7416 0.0340	
99.087649 290.811774	7.21e-01  8.60e-01  6.44e+02	31.6225 62.4274 0.0761	
99.087649 290.811774	7.43e-01  9.71e-01  6.13e+02	4.3012 91.7722 0.5964	
99.087649 290.811774	8.09e-01  9.42e-01  6.07e+02	-1.8012 95.1745 0.4732	
99.087649 290.811774	6.61e-01  8.90e-01  6.48e+02	18.9513 63.4069 0.8027	
99.087649 290.811774	6.51e-01  8.78e-01  6.53e+02	-7.2836 61.0381 0.3975	
99.087649 290.811774	7.39e-01  9.37e-01  6.22e+02	20.8438 83.6590 0.2093	
99.087649 290.811774	7.67e-01  8.93e-01  6.27e+02	-2.5276 82.8092 0.7493	
99.087649 290.811774	6.56e-01  9.00e-01  6.47e+02	4.1599 67.4183 0.3246	
99.087649 290.811774	7.35e-01  9.68e-01  6.15e+02	-23.6579 87.4235 0.4930	
99.087649 290.811774	7.01e-01  9.17e-01  6.34e+02	-23.2231 74.2373 0.5087	
99.087649 290.811774	7.39e-01  9.06e-01  6.29e+02	26.1113 76.8864 0.2308	
99.087649 290.811774	8.17e-01  9.51e-01  6.03e+02	-39.7751 88.8050 0.8594	
99.087649 290.811774	8.05e-01  9.77e-01  6.00e+02	-30.5683 94.4673 0.4789	
99.087649 290.811774	5.96e-01  9.84e-01  6.35e+02	-18.8081 74.6924 0.9178	
99.087649 290.811774	8.64e-01  9.44e-01  5.96e+02	23.4904 98.7032 0.4631	
99.087649 290.811774	8.07e-01  8.90e-01  6.19e+02	46.0431 74.8392 0.6434	
99.087649 290.811774	8.28e-01  9.65e-01  5.98e+02	22.8098 97.5265 0.4807	
99.087649 290.811774	6.37e-01  8.92e-01  6.52e+02	-8.2337 61.8171 0.1691	
99.087649 290.811774	6.33e-01  8.76e-01  6.57e+02	32.3741 47.3568 0.4759	
99.087649 290.811774	6.89e-01  9.28e-01  6.33e+02	14.7803 76.8954 0.3603	
99.087649 290.811774	8.07e-01  9.02e-01  6.16e+02	-8.5008 89.1975 0.6777	
99.087649 290.811774	8.54e-01  9.68e-01  5.92e+02	-33.5391 97.6186 0.3989	
99.087649 290.811774	8.16e-01  8.95e-01  6.16e+02	-24.9403 86.2343 0.4650	
99.087649 290.811774	7.11e-01  8.93e-01  6.38e+02	19.3544 72.2885 0.2519	
99.087649 290.811774	8.66e-01  9.31e-01  5.98e+02	10.7950 99.5841 0.5694	
99.087649 290.811774	7.98e-01  9.01e-01  6.18e+02	27.7349 83.9327 0.4054	
99.087649 290.811774	6.85e-01  8.34e-01  6.58e+02	19.7893 53.4750 0.9562	
99.087649 290.811774	6.77e-01  8.55e-01  6.54e+02	-4.2904 60.4479 0.5595	
99.087649 290.811774	7.67e-01  9.63e-01  6.10e+02	-18.8248 91.5021 0.4594	
99.087649 290.811774	7.51e-01  9.37e-01  6.19e+02	2.9909 87.6106 0.4786	
99.087649 290.811774	8.09e-01  9.01e-01  6.16e+02	26.4446 85.7228 0.8570	
99.087649 290.811774	7.91e-01  7.94e-01  6.44e+02	-11.6553 68.3740 0.4579	
99.087649 290.811774	7.49e-01  9.40e-01  6.19e+02	17.9174 86.1021 0.3197	
99.087649 290.811774	8.68e-01  8.93e-01  6.06e+02	17.6702 94.2260 0.5566	
99.087649 290.811774	7.32e-01  9.29e-01  6.25e+02	3.9495 84.1060 0.5484	
99.087649 290.811774	7.35e-01  8.57e-01  6.41e+02	45.2202 55.7291 0.6664	
99.087649 290.811774	7.35e-01  8.94e-01  6.33e+02	1.0654 78.6650 0.4941	
99.087649 290.811774	7.06e-01  9.03e-01  6.36e+02	14.7074 74.5495 0.9320	
99.087649 290.811774	7.65e-01  8.65e-01  6.34e+02	21.7682 74.8164 0.9360	
99.087649 290.811774	6.31e-01  9.66e-01  6.34e+02	11.0055 76.8863 0.4458	
99.087649 290.811774	7.61e-01  8.72e-01  6.33e+02	-7.8387 78.2834 0.0764	
99.087649 290.811774	9.04e-01  9.58e-01  5.85e+02	-12.0109 106.2417 0.0949	
99.087649 290.811774	6.97e-01  9.77e-01  6.19e+02	32.6705 81.3831 0.2015	
99.087649 290.811774	7.81e-01  8.30e-01  6.38e+02	-18.5663 72.1324 0.3519	
99.087649 290.811774	7.91e-01  9.55e-01  6.07e+02	9.5975 94.4974 0.1633	
99.087649 290.811774	7.06e-01  8.93e-01  6.38e+02	-20.4788 71.2967 0.4129	
99.087649 290.811774	7.57e-01  8.25e-01  6.45e+02	0.0662 69.1883 0.5419	
99.087649 290.811774	7.41e-01  8.63e-01  6.39e+02	-17.4103 71.7963 0.5556	
99.087649 290.811774	7.69e-01  9.47e-01  6.14e+02	-5.3383 91.1700 0.5874	
99.087649 290.811774	5.76e-01  9.41e-01  6.50e+02	9.4186 63.9260 0.3753	
99.087649 290.811774	7.95e-01  8.79e-01  6.24e+02	16.6669 82.8928 0.4891	
99.087649 290.811774	7.81e-01  9.22e-01  6.17e+02	17.4559 87.5252 0.8174	
99.087649 290.811774	7.50e-01  8.97e-01  6.29e+02	-20.3048 78.5728 0.4730	
99.087649 290.811774	7.59e-01  8.83e-01  6.30e+02	27.5879 75.3314 0.6838	
99.087649 290.811774	7.04e-01  8.31e-01  6.54e+02	-15.9308 58.2430 0.4766	
99.087649 290.811774	6.88e-01  8.87e-01  6.44e+02	10.7458 69.0793 0.0361	
99.087649 290.811774	6.69e-01  9.14e-01  6.40e+02	-23.6919 68.6774 0.5061	
99.087649 290.811774	7.17e-01  9.44e-01  6.24e+02	2.3004 84.6799 0.2605	
99.087649 290.811774	7.77e-01  8.46e-01  6.35e+02	-7.1618 76.2449 0.6526	
99.087649 290.811774	7.87e-01  9.38e-01  6.12e+02	6.9889 91.8168 0.1893	
99.087649 290.811774	7.89e-01  8.97e-01  6.21e+02	11.7266 85.6792 0.1960	
99.087649 290.811774	7.68e-01  8.84e-01  6.29e+02	-3.1167 81.4819 0.9559	
99.087649 290.811774	7.77e-01  8.90e-01  6.25e+02	19.6248 81.6105 0.5698	
99.087649 290.811774	7.66e-01  9.12e-01  6.22e+02	-9.6274 85.2886 0.7505	
99.087649 290.811774	7.10e-01  8.81e-01  6.41e+02	8.3674 71.7382 0.5918	
99.087649 290.811774	7.41e-01  8.85e-01  6.34e+02	26.5969 73.2334 0.4324	
99.087649 290.811774	7.71e-01  9.16e-01  6.20e+02	12.4449 86.1777 0.8604	
99.087649 290.811774	8.56e-01  8.77e-01  6.12e+02	27.9518 88.1609 0.7599	
99.087649 290.811774	7.20e-01  9.68e-01  6.17e+02	28.9299 84.0740 0.0263	
99.087649 290.811774	7.09e-01  9.10e-01  6.34e+02	14.2034 76.3179 0.5670	
99.087649 290.811774	7.57e-01  8.61e-01  6.36e+02	-13.9698 74.6558 0.2854	
99.087649 290.811774	7.01e-01  9.47e-01  6.26e+02	2.8035 83.1454 0.5718	
99.087649 290.811774	8.03e-01  9.80e-01  5.99e+02	-3.5957 99.4035 0.4932	
99.087649 290.811774	7.76e-01  8.19e-01  6.42e+02	18.1973 69.2757 0.0992	
99.087649 290.811774	8.08e-01  8.82e-01  6.21e+02	60.2961 62.4785 0.1619	
99.087649 290.811774	7.21e-01  9.70e-01  6.17e+02	0.2262 89.2835 0.2418	
99.087649 290.811774	8.13e-01  9.62e-01  6.02e+02	-4.2324 98.1482 0.9190	
99.087649 290.811774	8.25e-01  8.42e-01  6.26e+02	59.5852 58.0444 0.4357	
99.087649 290.811774	6.85e-01  8.07e-01  6.64e+02	-19.1727 45.3371 0.0697	
99.087649 290.811774	7.52e-01  9.04e-01  6.27e+02	-18.5930 80.5837 0.8212	
99.087649 290.811774	7.47e-01  9.00e-01  6.29e+02	1.0748 81.4382 0.7304	
99.087649 290.811774	7.76e-01  8.45e-01  6.36e+02	52.0162 55.7622 0.6724	
99.087649 290.811774	7.11e-01  8.56e-01  6.47e+02	-35.3523 57.1665 0.4691	
99.087649 290.811774	7.23e-01  8.40e-01  6.48e+02	38.8941 53.5427 0.3821	
99.087649 290.811774	7.10e-01  8.57e-01  6.47e+02	-26.2343 61.9351 0.5178	
99.087649 290.811774	7.54e-01  8.58e-01  6.37e+02	-46.0858 59.1310 0.6390	
99.087649 290.811774	7.33e-01  8.89e-01  6.34e+02	-10.2965 76.7153 0.7154	
99.087649 290.811774	7.61e-01  9.32e-01  6.18e+02	-10.2632 87.6993 0.8756	
99.087649 290.811774	8.25e-01  9.36e-01  6.05e+02	-14.6169 95.1687 0.2122	
99.087649 290.811774	7.11e-01  9.44e-01  6.25e+02	-7.3811 83.7049 0.0277	
99.087649 290.811774	8.54e-01  9.49e-01  5.97e+02	32.4720 95.6220 0.3774	
99.087649 290.811774	8.22e-01  9.36e-01  6.06e+02	-25.8913 92.2800 0.7042	
99.087649 290.811774	7.80e-01  9.22e-01  6.17e+02	-29.9292 83.8771 0.5741	
99.087649 290.811774	7.46e-01  9.75e-01  6.11e+02	-38.5231 84.3661 0.9993	
99.087649 290.811774	8.19e-01  9.53e-01  6.03e+02	-15.9618 96.4283 0.4098	
99.087649 290.811774	6.99e-01  8.68e-01  6.46e+02	18.8873 65.1603 0.3993	
99.087649 290.811774	7.81e-01  8.79e-01  6.27e+02	-23.7486 79.2068 0.2805	
99.087649 290.811774	7.06e-01  8.37e-01  6.53e+02	25.5807 56.4673 0.9438	
99.087649 290.811774	7.96e-01  9.69e-01  6.03e+02	-16.8082 95.8761 0.8339	
99.087649 290.811774	7.31e-01  8.65e-01  6.40e+02	1.0357 72.6485 0.6131	
99.087649 290.811774	7.87e-01  8.03e-01  6.43e+02	-3.6032 70.4938 0.6878	
99.087649 290.811774	7.65e-01  8.95e-01  6.26e+02	-25.3386 79.0717 0.0158	
99.087649 290.811774	8.43e-01  9.30e-01  6.03e+02	9.7741 96.9542 0.4280	
99.087649 290.811774	7.24e-01  9.02e-01  6.33e+02	17.2551 76.5191 0.5857	
99.087649 290.811774	6.60e-01  9.56e-01  6.31e+02	11.0825 78.8154 0.4931	
99.087649 290.811774	8.07e-01  9.28e-01  6.10e+02	-4.5261 93.0849 0.9319	
99.087649 290.811774	8.15e-01  9.74e-01  5.99e+02	-47.4229 87.9510 0.0259	
99.087649 290.811774	7.22e-01  9.07e-01  6.32e+02	22.8159 75.6099 0.1901	
99.087649 290.811774	7.77e-01  9.52e-01  6.11e+02	41.3031 83.2161 0.8024	
99.087649 290.811774	7.27e-01  8.68e-01  6.41e+02	8.5208 72.0374 0.2458	
99.087649 290.811774	7.69e-01  8.82e-01  6.29e+02	-29.1375 76.1130 0.5341	
99.087649 290.811774	7.75e-01  9.37e-01  6.15e+02	15.2135 89.3555 0.7069	
99.087649 290.811774	6.68e-01  9.42e-01  6.34e+02	-36.0576 69.1111 0.4966	
99.087649 290.811774	8.15e-01  9.59e-01  6.02e+02	-52.1517 83.0609 0.5967	
99.087649 290.811774	8.17e-01  8.49e-01  6.26e+02	9.5798 82.6366 0.3885	
99.087649 290.811774	6.50e-01  9.55e-01  6.33e+02	-2.9620 77.9327 0.4510	
99.087649 290.811774	8.51e-01  8.91e-01  6.10e+02	17.1364 92.0038 0.5026	
99.087649 290.811774	7.50e-01  9.31e-01  6.21e+02	-26.8804 82.3422 0.0569	
99.087649 290.811774	7.00e-01  8.38e-01  6.53e+02	-25.1045 55.7464 0.6174	
99.087649 290.811774	7.82e-01  9.55e-01  6.09e+02	43.3141 83.3752 0.9238	
99.087649 290.811774	8.79e-01  9.51e-01  5.91e+02	-15.8581 102.5132 0.3536	
99.087649 290.811774	8.45e-01  8.89e-01  6.11e+02	-40.7064 83.1551 0.3607	
99.087649 290.811774	8.03e-01  8.92e-01  6.19e+02	3.1869 87.6956 0.0912	
99.087649 290.811774	7.44e-01  7.90e-01  6.56e+02	-0.6492 58.7698 0.3682	
99.087649 290.811774	6.25e-01  9.42e-01  6.41e+02	29.2292 65.8567 0.6434	
99.087649 290.811774	7.42e-01  9.57e-01  6.16e+02	60.3132 66.3890 0.7341	
99.087649 290.811774	7.79e-01  8.41e-01  6.36e+02	21.5582 72.8590 0.9722	
99.087649 290.811774	6.89e-01  8.42e-01  6.55e+02	-9.4281 59.0287 0.4854	
99.087649 290.811774	8.02e-01  8.86e-01  6.21e+02	24.2984 83.0463 0.5993	
99.087649 290.811774	7.65e-01  8.94e-01  6.27e+02	-4.5659 82.7333 0.7826	
99.087649 290.811774	7.55e-01  8.37e-01  6.42e+02	-39.7402 59.0689 0.3780	
99.087649 290.811774	6.87e-01  8.41e-01  6.55e+02	23.4459 54.3977 0.7738	
99.087649 290.811774	7.16e-01  9.58e-01  6.21e+02	-57.7120 64.7723 0.3391	
99.087649 290.811774	7.14e-01  8.73e-01  6.42e+02	-3.7171 71.1923 0.6534	
99.087649 290.811774	7.73e-01  9.15e-01  6.20e+02	-15.8974 85.5912 0.7896	
99.087649 290.811774	7.63e-01  9.38e-01  6.17e+02	-1.1268 89.3272 0.0946	
99.087649 290.811774	8.10e-01  9.08e-01  6.14e+02	-17.2175 89.1500 0.2687	
99.087649 290.811774	8.12e-01  9.35e-01  6.08e+02	32.4494 88.9228 0.1319	
99.087649 290.811774	8.30e-01  9.13e-01  6.09e+02	-14.9895 92.6570 0.4893	
99.087649 290.811774	7.99e-01  9.68e-01  6.03e+02	50.2618 83.6138 0.4267	
99.087649 290.811774	7.79e-01  8.54e-01  6.33e+02	34.0243 70.4987 0.4901	
99.087649 290.811774	8.12e-01  9.59e-01  6.02e+02	-17.2392 96.3214 0.8841	
99.087649 290.811774	7.46e-01  9.14e-01  6.26e+02	11.5639 82.7321 0.0467	
99.087649 290.811774	8.16e-01  9.16e-01  6.11e+02	-29.9737 87.6854 0.8279	
99.087649 290.811774	6.48e-01  8.50e-01  6.61e+02	18.2589 49.8661 0.4160	
99.087649 290.811774	7.92e-01  8.75e-01  6.26e+02	-44.2257 70.9244 0.4665	
99.087649 290.811774	6.96e-01  9.09e-01  6.37e+02	-7.5985 75.2462 0.6784	
99.087649 290.811774	7.49e-01  9.82e-01  6.09e+02	-16.5565 92.5916 0.0456	
99.087649 290.811774	7.43e-01  9.18e-01  6.25e+02	-39.8943 73.6065 0.3142	
99.087649 290.811774	7.92e-01  9.14e-01  6.17e+02	-11.0414 88.6624 0.3331	
99.087649 290.811774	7.51e-01  9.08e-01  6.26e+02	8.7306 82.7012 0.4541	
99.087649 290.811774	7.41e-01  9.29e-01  6.23e+02	-18.8345 83.2460 0.9094	
99.087649 290.811774	8.64e-01  9.75e-01  5.89e+02	9.8962 104.4328 0.2639	
99.087649 290.811774	5.22e-01  9.40e-01  6.59e+02	-11.1789 54.1745 0.9971	
99.087649 290.811774	8.45e-01  8.98e-01  6.10e+02	-24.0707 90.5567 0.5807	
99.087649 290.811774	7.01e-01  9.19e-01  6.33e+02	-8.7782 77.7231 0.1033	
99.087649 290.811774	8.16e-01  8.75e-01  6.21e+02	50.4997 70.7262 0.5129	
99.087649 290.811774	6.80e-01  9.56e-01  6.28e+02	17.8344 80.1311 0.6104	
99.087649 290.811774	7.36e-01  8.33e-01  6.47e+02	9.7365 66.2618 0.7346	
99.087649 290.811774	8.06e-01  9.16e-01  6.13e+02	-24.5234 88.1225 0.2633	
99.087649 290.811774	7.91e-01  9.28e-01  6.13e+02	20.4734 89.0375 0.3614	
99.087649 290.811774	6.64e-01  9.45e-01  6.33e+02	-38.1040 68.2438 0.7976	
99.087649 290.811774	7.76e-01  9.53e-01  6.11e+02	-21.0471 90.5679 0.5592	
99.087649 290.811774	7.26e-01  9.29e-01  6.26e+02	-28.5687 78.3242 0.9608	
99.087649 290.811774	8.35e-01  9.78e-01  5.94e+02	-38.4589 94.8749 0.1909	
99.087649 290.811774	7.26e-01  9.63e-01  6.18e+02	-6.7556 88.4972 0.9002	
99.087649 290.811774	5.92e-01  9.36e-01  6.48e+02	1.4284 65.8972 0.6926	
99.087649 290.811774	8.22e-01  9.25e-01  6.08e+02	14.5296 93.4239 0.8118	
99.087649 290.811774	7.77e-01  8.91e-01  6.25e+02	-27.0664 79.6245 0.5467	
99.087649 290.811774	6.69e-01  9.23e-01  6.38e+02	9.9697 73.8624 0.4204	
99.087649 290.811774	7.77e-01  8.56e-01  6.33e+02	7.0581 78.0095 0.1904	
99.087649 290.811774	8.38e-01  8.99e-01  6.11e+02	3.1108 93.0214 0.2553	
99.087649 290.811774	7.20e-01  8.14e-01  6.55e+02	-19.5887 56.2896 0.1869	
99.087649 290.811774	6.59e-01  9.67e-01  6.29e+02	13.3009 80.2514 0.7816	
99.087649 290.811774	7.57e-01  8.06e-01  6.49e+02	31.0578 57.5022 0.3619	
99.087649 290.811774	8.48e-01  8.92e-01  6.10e+02	-19.0077 91.3691 0.1508	
99.087649 290.811774	7.32e-01  8.84e-01  6.36e+02	3.8382 76.1581 0.3373	
99.087649 290.811774	5.77e-01  9.55e-01  6.46e+02	3.7327 67.9904 0.9608	
99.087649 290.811774	7.32e-01  9.20e-01  6.27e+02	-4.7505 82.6132 0.9690	
99.087649 290.811774	7.80e-01  8.31e-01  6.38e+02	29.8909 68.1769 0.8256	
99.087649 290.811774	7.67e-01  8.64e-01  6.33e+02	-12.5618 76.9950 0.3746	
99.087649 290.811774	6.57e-01  9.22e-01  6.41e+02	-15.0850 70.8581 0.1890	
99.087649 290.811774	8.80e-01  9.70e-01  5.87e+02	0.3987 105.8283 0.9382	
99.087649 290.811774	8.31e-01  9.10e-01  6.10e+02	-24.0930 90.5073 0.0323	
99.087649 290.811774	8.42e-01  8.85e-01  6.13e+02	22.3631 88.9141 0.1607	
99.087649 290.811774	7.18e-01  8.32e-01  6.51e+02	32.4548 54.3563 0.5739	
99.087649 290.811774	7.46e-01  9.26e-01  6.23e+02	52.1039 67.6771 0.8246	
99.087649 290.811774	6.21e-01  9.10e-01  6.50e+02	-4.1146 64.0513 0.3322	
99.087649 290.811774	6.93e-01  8.28e-01  6.57e+02	21.3370 53.0532 0.9913	
99.087649 290.811774	7.05e-01  9.25e-01  6.31e+02	-6.5266 79.6430 0.9467	
99.087649 290.811774	7.27e-01  8.92e-01  6.35e+02	-37.3009 67.4482 0.8613	
99.087649 290.811774	7.43e-01  9.17e-01  6.26e+02	9.3512 83.0924 0.8349	
99.087649 290.811774	7.55e-01  8.42e-01  6.41e+02	-8.5878 71.7758 0.4263	
99.087649 290.811774	6.57e-01  9.66e-01  6.29e+02	12.2942 80.0890 0.7692	
99.087649 290.811774	7.83e-01  8.80e-01  6.26e+02	-22.4366 80.1130 0.6226	
99.087649 290.811774	8.88e-01  9.28e-01  5.94e+02	30.7713 97.3886 0.9955	
99.087649 290.811774	8.13e-01  8.79e-01  6.20e+02	-7.7970 86.6861 0.9963	
99.087649 290.811774	7.70e-01  9.18e-01  6.20e+02	-42.9721 75.9161 0.2779	
99.087649 290.811774	6.99e-01  8.89e-01  6.41e+02	-24.0023 68.0541 0.2533	
99.087649 290.811774	7.11e-01  7.84e-01  6.65e+02	-31.9531 37.1764 0.3322	
99.087649 290.811774	7.57e-01  8.70e-01  6.34e+02	-14.2618 76.3223 0.2864	
99.087649 290.811774	7.53e-01  9.00e-01  6.28e+02	43.1297 69.9144 0.5014	
99.087649 290.811774	6.39e-01  8.68e-01  6.58e+02	-29.2978 48.2253 0.4683	
99.087649 290.811774	7.81e-01  8.89e-01  6.24e+02	-3.0790 84.2615 0.8053	
99.087649 290.811774	7.80e-01  7.91e-01  6.47e+02	3.0141 66.7203 0.5084	
99.087649 290.811774	7.41e-01  9.15e-01  6.27e+02	-45.4930 69.3289 0.1429	
99.087649 290.811774	6.55e-01  8.58e-01  6.58e+02	-21.7588 52.7369 0.7452	
99.087649 290.811774	7.35e-01  8.95e-01  6.32e+02	-26.5678 74.1427 0.4408	
99.087649 290.811774	6.67e-01  9.46e-01  6.32e+02	-33.8103 71.0741 0.6578	
99.087649 290.811774	7.83e-01  8.88e-01  6.24e+02	-23.6084 81.0568 0.4227	
99.087649 290.811774	7.29e-01  8.16e-01  6.53e+02	19.0273 58.8021 0.3167	
99.087649 290.811774	5.48e-01  9.30e-01  6.57e+02	-7.4577 56.6503 0.4786	
99.087649 290.811774	8.09e-01  9.04e-01  6.16e+02	34.0408 83.4328 0.5880	
99.087649 290.811774	6.64e-01  8.75e-01  6.51e+02	21.3215 59.3369 0.2621	
99.087649 290.811774	8.57e-01  8.90e-01  6.09e+02	39.8310 85.3542 0.6350	
99.087649 290.811774	8.08e-01  8.22e-01  6.34e+02	21.7997 74.4785 0.0237	
99.087649 290.811774	8.64e-01  8.75e-01  6.10e+02	14.0182 92.1713 0.4101	
99.087649 290.811774	7.43e-01  9.36e-01  6.21e+02	-0.4598 86.5635 0.6544	
99.087649 290.811774	8.08e-01  9.48e-01  6.06e+02	17.0232 94.4444 0.0680	
99.087649 290.811774	7.65e-01  9.37e-01  6.17e+02	8.3513 88.9782 0.4990	
99.087649 290.811774	6.64e-01  9.42e-01  6.34e+02	-25.2117 73.2258 0.3191	
99.087649 290.811774	7.81e-01  8.05e-01  6.44e+02	-19.8598 67.0007 0.7028	
99.087649 290.811774	7.80e-01  9.65e-01  6.07e+02	36.0867 87.9196 0.8931	
99.087649 290.811774	7.87e-01  9.55e-01  6.08e+02	7.9427 94.1654 0.3659	
99.087649 290.811774	6.92e-01  9.25e-01  6.33e+02	27.3685 73.1325 0.6035	
99.087649 290.811774	8.22e-01  9.65e-01  5.99e+02	-16.0591 98.2258 0.8378	
99.087649 290.811774	8.45e-01  8.61e-01  6.18e+02	25.9340 84.9748 0.4986	
99.087649 290.811774	8.58e-01  9.56e-01  5.95e+02	-12.0251 101.4022 0.1965	
99.087649 290.811774	6.02e-01  9.09e-01  6.54e+02	2.1177 60.3768 0.0480	
99.087649 290.811774	7.00e-01  9.15e-01  6.34e+02	10.2496 76.6455 0.9049	
99.087649 290.811774	7.89e-01  9.52e-01  6.08e+02	24.5992 91.0799 0.0765	
99.087649 290.811774	7.92e-01  9.09e-01  6.18e+02	-58.5657 66.6096 0.4489	
99.087649 290.811774	6.96e-01  9.26e-01  6.32e+02	-36.0877 70.0864 0.0045	
99.087649 290.811774	7.30e-01  9.27e-01  6.26e+02	44.1482 71.0106 0.8868	
99.087649 290.811774	7.23e-01  8.80e-01  6.39e+02	2.4207 74.0904 0.9194	
99.087649 290.811774	7.84e-01  8.35e-01  6.36e+02	11.4642 74.8346 0.2637	
99.087649 290.811774	8.78e-01  9.59e-01  5.90e+02	21.8299 102.2099 0.5965	
99.087649 290.811774	7.15e-01  8.93e-01  6.37e+02	3.5924 75.3503 0.7491	
99.087649 290.811774	7.44e-01  9.28e-01  6.23e+02	-3.2033 85.4896 0.7900	
99.087649 290.811774	8.06e-01  8.44e-01  6.30e+02	54.5197 59.6615 0.4762	
99.087649 290.811774	7.60e-01  8.70e-01  6.33e+02	-35.7209 69.4646 0.7483	
99.087649 290.811774	6.72e-01  8.49e-01  6.56e+02	-15.1205 56.1383 0.8759	
99.087649 290.811774	7.32e-01  9.22e-01  6.26e+02	15.0406 81.6457 0.3497	
99.087649 290.811774	8.50e-01  9.54e-01  5.96e+02	57.5311 83.2440 0.4708	
99.087649 290.811774	8.44e-01  9.47e-01  5.99e+02	29.8123 95.1108 0.2979	
99.087649 290.811774	7.18e-01  8.73e-01  6.41e+02	10.6045 71.3307 0.5446	
99.087649 290.811774	7.64e-01  9.31e-01  6.18e+02	-4.3843 88.3171 0.3267	
99.087649 290.811774	6.40e-01  8.97e-01  6.50e+02	39.3427 50.7323 0.2466	
99.087649 290.811774	7.42e-01  8.28e-01  6.47e+02	-4.6446 66.9772 0.7398	
99.087649 290.811774	8.71e-01  8.80e-01  6.08e+02	25.6936 91.0703 0.8162	
99.087649 290.811774	8.15e-01  9.37e-01  6.07e+02	-8.6817 94.8141 0.4741	
99.087649 290.811774	7.67e-01  9.32e-01  6.17e+02	-23.8928 85.6453 0.2346	
99.087649 290.811774	7.75e-01  8.76e-01  6.29e+02	-6.0490 81.0810 0.9042	
99.087649 290.811774	7.90e-01  8.47e-01  6.32e+02	-23.2963 75.3498 0.0059	
99.087649 290.811774	7.66e-01  9.09e-01  6.23e+02	55.7507 64.5442 0.3376	
99.087649 290.811774	7.33e-01  9.37e-01  6.23e+02	33.3708 78.7847 0.3643	
99.087649 290.811774	6.26e-01  9.26e-01  6.45e+02	-17.9430 66.3350 0.2616	
99.087649 290.811774	7.79e-01  8.87e-01  6.26e+02	-5.3540 83.4329 0.1003	
99.087649 290.811774	6.68e-01  9.21e-01  6.39e+02	34.1726 65.6408 0.6843	
99.087649 290.811774	7.72e-01  9.45e-01  6.13e+02	24.6950 87.9854 0.3688	
99.087649 290.811774	7.95e-01  8.77e-01  6.24e+02	-7.7235 83.9794 0.8114	
99.087649 290.811774	6.49e-01  8.98e-01  6.48e+02	-21.1647 62.3495 0.3525	
99.087649 290.811774	7.43e-01  8.17e-01  6.49e+02	27.6894 58.7183 0.6246	
99.087649 290.811774	6.74e-01  9.31e-01  6.35e+02	-35.8175 67.7886 0.7859	
99.087649 290.811774	7.37e-01  8.99e-01  6.31e+02	9.2872 79.1182 0.9616	
99.087649 290.811774	8.43e-01  9.51e-01  5.98e+02	-36.2403 93.2113 0.0407	
99.087649 290.811774	7.73e-01  9.38e-01  6.15e+02	-53.3881 73.2541 0.1885	
99.087649 290.811774	7.57e-01  9.46e-01  6.16e+02	-34.5165 83.0417 0.2097	
99.087649 290.811774	7.43e-01  8.66e-01  6.38e+02	-44.7050 59.9577 0.9843	
99.087649 290.811774	8.61e-01  9.20e-01  6.02e+02	71.0144 67.9731 0.8436	
99.087649 290.811774	8.85e-01  9.61e-01  5.88e+02	11.3266 104.8198 0.4061	
99.087649 290.811774	8.24e-01  8.83e-01  6.17e+02	0.1134 89.0028 0.6839	
99.087649 290.811774	8.21e-01  8.83e-01  6.18e+02	32.3672 82.6448 0.6886	
99.087649 290.811774	6.52e-01  8.80e-01  6.52e+02	49.9109 37.0661 0.5852	
99.087649 290.811774	7.06e-01  9.27e-01  6.30e+02	-17.6921 78.4569 0.7026	
99.087649 290.811774	7.86e-01  8.57e-01  6.31e+02	20.1265 77.2185 0.8739	
99.087649 290.811774	7.86e-01  9.24e-01  6.16e+02	-11.5474 89.3444 0.6835	
99.087649 290.811774	8.64e-01  9.68e-01  5.91e+02	-10.7060 103.5952 0.8799	
99.087649 290.811774	8.21e-01  9.14e-01  6.11e+02	-26.1598 89.2388 0.7000	
99.087649 290.811774	6.58e-01  8.81e-01  6.51e+02	21.6683 59.7238 0.1365	
99.087649 290.811774	8.08e-01  8.47e-01  6.28e+02	10.8905 80.8326 0.6486	
99.087649 290.811774	7.17e-01  9.30e-01  6.27e+02	-16.9761 80.5593 0.8995	
99.087649 290.811774	6.87e-01  8.79e-01  6.46e+02	-38.6224 56.1923 0.3734	
99.087649 290.811774	8.20e-01  8.62e-01  6.23e+02	37.2172 76.9133 0.3449	
99.087649 290.811774	7.48e-01  8.33e-01  6.45e+02	13.5443 67.7856 0.2934	
99.087649 290.811774	7.18e-01  9.75e-01  6.16e+02	12.3497 88.8282 0.4317	
99.087649 290.811774	6.44e-01  8.16e-01  6.71e+02	-16.3860 37.2263 0.4813	
99.087649 290.811774	8.13e-01  9.06e-01  6.14e+02	23.4173 87.7886 0.0704	
99.087649 290.811774	8.58e-01  8.95e-01  6.07e+02	12.3628 94.1313 0.9517	
99.087649 290.811774	8.02e-01  9.81e-01  5.99e+02	-1.4552 99.5161 0.8950	
99.087649 290.811774	6.75e-01  9.02e-01  6.42e+02	-4.1110 70.8926 0.8839	
99.087649 290.811774	6.31e-01  8.99e-01  6.51e+02	18.7055 60.2841 0.7786	
99.087649 290.811774	8.21e-01  9.03e-01  6.13e+02	53.5766 74.1287 0.5490	
99.087649 290.811774	7.75e-01  9.43e-01  6.13e+02	-38.9771 82.8066 0.5631	
99.087649 290.811774	7.57e-01  9.24e-01  6.21e+02	-51.8797 69.3460 0.1133	
99.087649 290.811774	7.81e-01  9.29e-01  6.15e+02	-28.1661 85.7011 0.3535	
99.087649 290.811774	8.06e-01  8.37e-01  6.31e+02	-6.7198 79.3182 0.4946	
99.087649 290.811774	8.25e-01  9.15e-01  6.10e+02	-1.1664 93.5427 0.6257	
99.087649 290.811774	6.74e-01  8.32e-01  6.61e+02	-9.5282 52.9905 0.4248	
99.087649 290.811774	7.29e-01  8.54e-01  6.43e+02	14.9695 68.5334 0.1610	
99.087649 290.811774	5.53e-01  9.42e-01  6.53e+02	11.0156 60.2895 0.9464	
99.087649 290.811774	7.91e-01  9.40e-01  6.11e+02	-10.5574 92.4143 0.0416	
99.087649 290.811774	5.87e-01  9.05e-01  6.58e+02	-12.6738 55.2276 0.1177	
99.087649 290.811774	8.27e-01  9.47e-01  6.02e+02	15.3305 96.7408 0.7359	
99.087649 290.811774	4.73e-01  9.35e-01  6.68e+02	-2.0749 44.5124 0.5908	
99.087649 290.811774	7.53e-01  9.06e-01  6.26e+02	17.9676 81.0469 0.2932	
99.087649 290.811774	8.16e-01  8.45e-01  6.27e+02	-29.5876 77.0259 0.9725	
99.087649 290.811774	7.13e-01  8.18e-01  6.56e+02	19.6587 55.4268 0.4301	
99.087649 290.811774	8.31e-01  9.02e-01  6.11e+02	-1.9534 92.5407 0.2232	
99.087649 290.811774	8.12e-01  9.67e-01  6.01e+02	13.8951 97.7239 0.3248	
99.087649 290.811774	7.37e-01  9.30e-01  6.24e+02	-28.2082 80.1168 0.8660	
99.087649 290.811774	6.42e-01  8.88e-01  6.52e+02	14.4094 60.6173 0.1333	
99.087649 290.811774	7.29e-01  9.43e-01  6.22e+02	-44.5188 73.4766 0.4320	
99.087649 290.811774	8.20e-01  8.99e-01  6.14e+02	-8.4337 90.5038 0.5104	
99.087649 290.811774	8.03e-01  9.89e-01  5.98e+02	-12.3838 99.7322 0.7927	
99.087649 290.811774	7.11e-01  9.43e-01  6.25e+02	-4.3818 83.6425 0.3077	
99.087649 290.811774	7.22e-01  8.88e-01  6.37e+02	20.1686 72.8479 0.4363	
99.087649 290.811774	7.95e-01  8.99e-01  6.20e+02	-3.0503 87.4830 0.3120	
99.087649 290.811774	7.25e-01  9.73e-01  6.15e+02	-35.6356 82.8151 0.4519	
99.087649 290.811774	7.44e-01  8.97e-01  6.30e+02	16.4088 78.7991 0.7755	
99.087649 290.811774	7.65e-01  8.48e-01  6.37e+02	-30.3840 68.5916 0.3526	
99.087649 290.811774	7.38e-01  8.92e-01  6.33e+02	14.3122 77.2831 0.7568	
99.087649 290.811774	7.46e-01  8.75e-01  6.35e+02	36.5904 67.5590 0.0730	
99.087649 290.811774	7.92e-01  8.67e-01  6.28e+02	28.7599 77.0363 0.6251	
99.087649 290.811774	7.66e-01  9.15e-01  6.21e+02	4.1613 86.2594 0.6846	
