174.810160 295.096637	7.72e-01  8.94e-01  6.92e+02	-0.0000 92.6467 0.5004	
174.810160 295.096637	7.49e-01  8.99e-01  6.96e+02	-9.4954 89.6972 0.8875	
174.810160 295.096637	6.98e-01  8.98e-01  7.07e+02	39.3647 71.4347 0.8412	
174.810160 295.096637	8.07e-01  8.46e-01  6.96e+02	-13.3705 88.7577 0.7584	
174.810160 295.096637	7.35e-01  8.27e-01  7.18e+02	12.9576 71.3762 0.5268	
174.810160 295.096637	7.74e-01  8.32e-01  7.07e+02	-2.6982 81.4910 0.0937	
174.810160 295.096637	8.05e-01  8.34e-01  6.99e+02	3.5858 87.4007 0.7817	
174.810160 295.096637	7.63e-01  9.64e-01  6.76e+02	59.5578 84.1028 0.3582	
174.810160 295.096637	6.57e-01  9.43e-01  7.03e+02	0.4342 84.9100 0.5902	
174.810160 295.096637	7.90e-01  8.17e-01  7.07e+02	-11.6334 80.6419 0.8105	
174.810160 295.096637	7.59e-01  7.99e-01  7.20e+02	-7.4356 70.5718 0.2222	
174.810160 295.096637	6.95e-01  9.15e-01  7.03e+02	-20.1047 82.3510 0.7783	
174.810160 295.096637	7.80e-01  8.80e-01  6.93e+02	27.5525 87.3792 0.5031	
174.810160 295.096637	7.80e-01  8.98e-01  6.89e+02	-13.9292 93.5042 0.7010	
174.810160 295.096637	8.81e-01  9.80e-01  6.47e+02	-35.7626 113.0112 0.2972	
174.810160 295.096637	7.34e-01  8.94e-01  7.00e+02	-6.3597 86.4451 0.7927	
174.810160 295.096637	7.50e-01  9.28e-01  6.88e+02	24.4723 92.1804 0.6855	
174.810160 295.096637	6.96e-01  9.64e-01  6.89e+02	39.8272 85.6532 0.1056	
174.810160 295.096637	7.57e-01  8.85e-01  6.98e+02	-24.7831 85.2761 0.4742	
174.810160 295.096637	7.85e-01  8.94e-01  6.89e+02	-28.8529 90.1301 0.3252	
174.810160 295.096637	8.14e-01  9.39e-01  6.71e+02	-19.7312 103.7102 0.4453	
174.810160 295.096637	7.85e-01  8.87e-01  6.91e+02	-18.1269 91.6828 0.9540	
174.810160 295.096637	7.66e-01  8.40e-01  7.07e+02	-17.3407 79.6751 0.2892	
174.810160 295.096637	7.07e-01  8.75e-01  7.11e+02	-8.1127 77.9043 0.3485	
174.810160 295.096637	7.79e-01  8.70e-01  6.96e+02	-28.1786 84.9758 0.1066	
174.810160 295.096637	7.51e-01  8.27e-01  7.14e+02	-36.5948 66.2295 0.4903	
174.810160 295.096637	8.17e-01  9.05e-01  6.79e+02	13.5253 100.0663 0.7210	
174.810160 295.096637	7.61e-01  9.61e-01  6.77e+02	-22.1830 99.8107 0.3722	
174.810160 295.096637	7.15e-01  8.92e-01  7.05e+02	33.9495 76.1429 0.5877	
174.810160 295.096637	7.50e-01  9.63e-01  6.78e+02	18.1897 99.6862 0.6818	
174.810160 295.096637	7.64e-01  8.38e-01  7.08e+02	-17.2082 78.9760 0.9631	
174.810160 295.096637	5.53e-01  9.41e-01  7.23e+02	28.4124 61.2165 0.4070	
174.810160 295.096637	8.22e-01  9.20e-01  6.74e+02	38.4052 96.5482 0.7626	
174.810160 295.096637	7.88e-01  8.97e-01  6.88e+02	28.0987 91.2916 0.3628	
174.810160 295.096637	6.44e-01  9.24e-01  7.11e+02	15.6671 77.0943 0.7500	
174.810160 295.096637	7.54e-01  9.68e-01  6.76e+02	29.9944 98.0692 0.6143	
174.810160 295.096637	6.59e-01  8.33e-01  7.34e+02	11.8784 54.9070 0.1402	
174.810160 295.096637	8.27e-01  9.16e-01  6.74e+02	13.5656 103.0574 0.5978	
174.810160 295.096637	6.34e-01  9.06e-01  7.18e+02	-23.7155 68.3986 0.5309	
174.810160 295.096637	7.30e-01  9.61e-01  6.83e+02	6.3832 98.1920 0.1254	
174.810160 295.096637	6.22e-01  8.97e-01  7.23e+02	-23.6770 63.3421 0.2122	
174.810160 295.096637	7.50e-01  8.30e-01  7.14e+02	-8.5650 75.8046 0.6101	
174.810160 295.096637	6.25e-01  8.87e-01  7.26e+02	14.6700 63.4277 0.0297	
174.810160 295.096637	8.29e-01  9.67e-01  6.61e+02	-14.3082 110.3281 0.6732	
174.810160 295.096637	6.93e-01  9.10e-01  7.05e+02	45.2194 70.0322 0.3544	
174.810160 295.096637	6.86e-01  8.90e-01  7.12e+02	23.7304 74.0785 0.7085	
174.810160 295.096637	7.87e-01  8.47e-01  7.00e+02	6.0953 86.4406 0.6977	
174.810160 295.096637	6.28e-01  8.83e-01  7.26e+02	-32.3312 55.9823 0.5784	
174.810160 295.096637	7.17e-01  8.71e-01  7.10e+02	-3.4043 79.0552 0.6361	
174.810160 295.096637	7.70e-01  8.78e-01  6.96e+02	-44.4647 77.8178 0.8860	
174.810160 295.096637	6.76e-01  8.09e-01  7.37e+02	-7.7142 51.9514 0.6711	
174.810160 295.096637	7.12e-01  9.49e-01  6.90e+02	43.3782 83.3951 0.4515	
174.810160 295.096637	8.05e-01  9.48e-01  6.71e+02	-7.2504 105.4422 0.2278	
174.810160 295.096637	7.58e-01  9.39e-01  6.83e+02	18.4545 96.6499 0.5317	
174.810160 295.096637	6.88e-01  8.39e-01  7.26e+02	23.2219 60.8424 0.4438	
174.810160 295.096637	7.17e-01  9.17e-01  6.98e+02	20.1739 86.2571 0.6821	
174.810160 295.096637	8.68e-01  9.25e-01  6.63e+02	-16.4019 109.0768 0.7859	
174.810160 295.096637	7.42e-01  8.42e-01  7.12e+02	8.4713 76.9491 0.7567	
174.810160 295.096637	7.42e-01  9.23e-01  6.91e+02	16.3012 91.9347 0.0483	
174.810160 295.096637	7.80e-01  9.56e-01  6.74e+02	-36.3117 97.4000 0.6277	
174.810160 295.096637	7.05e-01  9.20e-01  7.00e+02	-25.6708 83.4999 0.7161	
174.810160 295.096637	6.52e-01  8.97e-01  7.17e+02	-7.3461 72.8820 0.0274	
174.810160 295.096637	7.57e-01  9.54e-01  6.80e+02	-11.6225 100.0162 0.8526	
174.810160 295.096637	7.50e-01  8.49e-01  7.09e+02	-25.5559 76.3376 0.3590	
174.810160 295.096637	7.55e-01  9.00e-01  6.94e+02	26.4839 87.1621 0.1379	
174.810160 295.096637	8.10e-01  9.39e-01  6.72e+02	-13.7025 104.1107 0.9873	
174.810160 295.096637	5.76e-01  9.21e-01  7.25e+02	-6.8210 65.1033 0.3962	
174.810160 295.096637	6.43e-01  9.53e-01  7.03e+02	-0.1729 84.9819 0.0892	
174.810160 295.096637	6.59e-01  8.90e-01  7.18e+02	-7.7930 72.3801 0.8655	
174.810160 295.096637	7.11e-01  9.42e-01  6.92e+02	58.5465 71.5886 0.5153	
174.810160 295.096637	8.58e-01  9.55e-01  6.58e+02	10.8456 112.4466 0.3995	
174.810160 295.096637	7.66e-01  9.00e-01  6.92e+02	-23.7167 89.6560 0.0822	
174.810160 295.096637	7.26e-01  8.68e-01  7.09e+02	-17.4819 78.0928 0.1603	
174.810160 295.096637	7.31e-01  8.85e-01  7.03e+02	-12.8032 83.5026 0.2136	
174.810160 295.096637	6.92e-01  9.05e-01  7.07e+02	-14.0798 80.8139 0.0161	
174.810160 295.096637	7.39e-01  8.42e-01  7.13e+02	17.4837 74.8104 0.2529	
174.810160 295.096637	7.81e-01  9.13e-01  6.85e+02	-12.1088 96.5523 0.0978	
174.810160 295.096637	8.28e-01  9.31e-01  6.70e+02	-1.1193 106.1728 0.8289	
174.810160 295.096637	7.66e-01  9.85e-01  6.70e+02	47.3114 95.4589 0.5615	
174.810160 295.096637	8.24e-01  8.91e-01  6.81e+02	1.6298 99.8105 0.7486	
174.810160 295.096637	8.15e-01  9.25e-01  6.75e+02	45.8561 92.9156 0.7429	
174.810160 295.096637	8.01e-01  8.32e-01  7.01e+02	39.6833 76.6962 0.5806	
174.810160 295.096637	7.70e-01  8.76e-01  6.97e+02	-32.2386 83.1211 0.4599	
174.810160 295.096637	7.91e-01  9.37e-01  6.77e+02	6.9275 102.1057 0.7522	
174.810160 295.096637	7.25e-01  9.72e-01  6.81e+02	16.9727 98.1952 0.5362	
174.810160 295.096637	8.08e-01  8.94e-01  6.84e+02	16.2184 96.6098 0.4829	
174.810160 295.096637	7.40e-01  9.10e-01  6.95e+02	20.2455 88.4503 0.7689	
174.810160 295.096637	7.18e-01  9.21e-01  6.96e+02	17.0395 87.8868 0.9855	
174.810160 295.096637	8.55e-01  9.66e-01  6.56e+02	66.1414 92.8766 0.1342	
174.810160 295.096637	8.52e-01  9.41e-01  6.63e+02	-28.6469 106.7148 0.6829	
174.810160 295.096637	6.84e-01  8.02e-01  7.37e+02	-23.9376 46.7023 0.2662	
174.810160 295.096637	6.94e-01  8.77e-01  7.14e+02	23.4800 72.3774 0.1481	
174.810160 295.096637	8.65e-01  9.33e-01  6.62e+02	39.3488 103.8235 0.7193	
174.810160 295.096637	6.21e-01  9.18e-01  7.17e+02	17.2692 71.0767 0.3415	
174.810160 295.096637	7.69e-01  8.39e-01  7.07e+02	41.5028 70.7447 0.7325	
174.810160 295.096637	6.91e-01  9.07e-01  7.06e+02	-46.0000 68.5057 0.6272	
174.810160 295.096637	8.74e-01  9.80e-01  6.49e+02	-0.4055 117.6674 0.0534	
174.810160 295.096637	6.08e-01  8.89e-01  7.29e+02	13.8601 60.4585 0.4230	
174.810160 295.096637	8.25e-01  9.03e-01  6.78e+02	-36.5263 95.0948 0.6817	
174.810160 295.096637	7.67e-01  9.16e-01  6.87e+02	33.4970 89.7885 0.5895	
174.810160 295.096637	7.84e-01  9.72e-01  6.69e+02	-57.8255 89.7250 0.9189	
174.810160 295.096637	7.28e-01  9.30e-01  6.92e+02	35.3912 85.6541 0.2931	
174.810160 295.096637	7.31e-01  8.96e-01  7.00e+02	24.1012 83.2817 0.0360	
174.810160 295.096637	7.21e-01  8.64e-01  7.11e+02	25.1533 74.2226 0.5225	
174.810160 295.096637	7.69e-01  8.76e-01  6.97e+02	-3.9601 88.9868 0.7164	
174.810160 295.096637	7.22e-01  9.80e-01  6.80e+02	-1.4214 100.6660 0.8424	
174.810160 295.096637	5.96e-01  9.39e-01  7.16e+02	-24.0035 70.1926 0.3087	
174.810160 295.096637	8.27e-01  8.97e-01  6.79e+02	8.5596 100.8062 0.2989	
174.810160 295.096637	7.50e-01  9.07e-01  6.93e+02	-13.0483 90.7309 0.2594	
174.810160 295.096637	8.44e-01  9.39e-01  6.65e+02	-18.6718 107.5905 0.3142	
174.810160 295.096637	7.87e-01  8.04e-01  7.11e+02	8.3260 77.8094 0.6205	
174.810160 295.096637	7.80e-01  9.51e-01  6.76e+02	5.5914 102.9640 0.9891	
174.810160 295.096637	8.03e-01  9.02e-01  6.83e+02	-42.2492 89.0682 0.4858	
174.810160 295.096637	7.59e-01  9.55e-01  6.79e+02	-44.6735 90.7311 0.8875	
174.810160 295.096637	8.10e-01  8.86e-01  6.85e+02	-41.0977 87.8131 0.3759	
174.810160 295.096637	7.77e-01  8.62e-01  6.99e+02	-35.4770 80.3231 0.6961	
174.810160 295.096637	7.39e-01  8.71e-01  7.05e+02	-22.6539 79.8942 0.6767	
174.810160 295.096637	7.33e-01  9.73e-01  6.79e+02	15.1790 99.5659 0.8499	
174.810160 295.096637	6.46e-01  9.46e-01  7.04e+02	11.8903 83.0801 0.5638	
174.810160 295.096637	7.82e-01  8.21e-01  7.08e+02	29.3383 75.1234 0.5559	
174.810160 295.096637	8.61e-01  9.50e-01  6.59e+02	1.8856 112.6368 0.6236	
174.810160 295.096637	6.95e-01  9.26e-01  7.00e+02	7.5260 86.8106 0.7444	
174.810160 295.096637	7.80e-01  8.90e-01  6.91e+02	35.7369 86.1559 0.6482	
174.810160 295.096637	7.28e-01  7.51e-01  7.40e+02	-11.0429 47.1219 0.4488	
174.810160 295.096637	7.72e-01  9.11e-01  6.88e+02	-10.8666 94.9487 0.1716	
174.810160 295.096637	6.14e-01  9.27e-01  7.16e+02	-38.5580 63.1941 0.3875	
174.810160 295.096637	7.02e-01  9.61e-01  6.89e+02	22.6839 91.9007 0.5617	
174.810160 295.096637	7.09e-01  7.54e-01  7.44e+02	10.8164 41.0683 0.2325	
174.810160 295.096637	7.61e-01  8.48e-01  7.06e+02	12.2333 81.1988 0.9427	
174.810160 295.096637	7.85e-01  8.86e-01  6.91e+02	8.4296 92.9358 0.9480	
174.810160 295.096637	6.54e-01  8.96e-01  7.17e+02	-4.0162 73.2688 0.5256	
174.810160 295.096637	6.93e-01  9.03e-01  7.07e+02	6.2432 81.6360 0.5492	
174.810160 295.096637	7.49e-01  8.32e-01  7.13e+02	12.5338 75.5984 0.2582	
174.810160 295.096637	7.62e-01  8.30e-01  7.11e+02	-25.2701 74.4740 0.5485	
174.810160 295.096637	8.76e-01  9.76e-01  6.49e+02	-25.3523 114.6403 0.7922	
174.810160 295.096637	7.58e-01  8.60e-01  7.04e+02	-31.2928 78.2021 0.5888	
174.810160 295.096637	8.10e-01  8.41e-01  6.96e+02	63.5129 63.1025 0.3326	
174.810160 295.096637	5.56e-01  9.63e-01  7.16e+02	4.2314 74.2018 0.0338	
174.810160 295.096637	6.56e-01  8.48e-01  7.30e+02	12.5037 59.1324 0.6854	
174.810160 295.096637	7.99e-01  8.29e-01  7.02e+02	13.1141 84.3465 0.5935	
174.810160 295.096637	8.65e-01  9.17e-01  6.65e+02	31.6180 104.2464 0.8523	
174.810160 295.096637	7.36e-01  9.81e-01  6.77e+02	-37.2057 95.3935 0.9739	
174.810160 295.096637	6.11e-01  9.62e-01  7.06e+02	8.3008 81.7915 0.4394	
174.810160 295.096637	7.13e-01  8.60e-01  7.14e+02	25.6031 71.3657 0.7475	
174.810160 295.096637	6.30e-01  9.28e-01  7.13e+02	-18.6126 74.9431 0.2744	
174.810160 295.096637	7.98e-01  9.46e-01  6.73e+02	40.9432 96.3843 0.6077	
174.810160 295.096637	8.38e-01  9.79e-01  6.56e+02	-5.9524 113.6728 0.0139	
174.810160 295.096637	7.34e-01  8.64e-01  7.08e+02	-3.0785 80.5335 0.4235	
174.810160 295.096637	6.65e-01  9.41e-01  7.02e+02	-53.6609 66.8147 0.6763	
174.810160 295.096637	6.38e-01  8.43e-01  7.36e+02	27.1335 46.6032 0.0045	
174.810160 295.096637	8.21e-01  9.53e-01  6.66e+02	-6.0438 108.2357 0.5186	
174.810160 295.096637	7.48e-01  9.25e-01  6.89e+02	-20.0278 92.5776 0.7569	
174.810160 295.096637	8.90e-01  9.74e-01  6.47e+02	21.5318 116.6539 0.8537	
174.810160 295.096637	6.78e-01  9.24e-01  7.04e+02	7.5003 83.8021 0.2350	
174.810160 295.096637	8.02e-01  8.66e-01  6.92e+02	29.6645 87.7245 0.4449	
174.810160 295.096637	8.33e-01  9.44e-01  6.66e+02	30.2491 104.2779 0.2891	
174.810160 295.096637	7.82e-01  9.54e-01  6.74e+02	26.3558 100.3523 0.3403	
174.810160 295.096637	8.23e-01  9.29e-01  6.72e+02	36.5983 98.7058 0.1393	
174.810160 295.096637	7.62e-01  9.43e-01  6.82e+02	-13.0974 98.5924 0.2528	
174.810160 295.096637	6.58e-01  9.52e-01  7.00e+02	32.7665 80.4829 0.1958	
174.810160 295.096637	7.00e-01  8.72e-01  7.14e+02	36.4804 66.8530 0.7007	
174.810160 295.096637	6.02e-01  9.45e-01  7.13e+02	0.1809 76.9740 0.0693	
174.810160 295.096637	8.06e-01  9.37e-01  6.74e+02	-8.8424 103.8230 0.1317	
174.810160 295.096637	6.06e-01  9.37e-01  7.15e+02	9.9609 74.7160 0.7514	
174.810160 295.096637	6.24e-01  9.09e-01  7.19e+02	28.3857 65.5294 0.3389	
174.810160 295.096637	7.27e-01  8.93e-01  7.02e+02	-11.0560 84.7241 0.5959	
174.810160 295.096637	8.52e-01  8.84e-01  6.76e+02	6.6037 102.4121 0.0478	
174.810160 295.096637	7.58e-01  9.66e-01  6.76e+02	20.6787 100.6275 0.8262	
174.810160 295.096637	7.83e-01  8.61e-01  6.98e+02	18.8775 86.6538 0.1850	
174.810160 295.096637	8.21e-01  9.82e-01  6.59e+02	-11.4383 111.6578 0.5211	
174.810160 295.096637	6.59e-01  8.46e-01  7.30e+02	25.8805 54.4504 0.7254	
174.810160 295.096637	8.21e-01  9.09e-01  6.77e+02	-53.1852 87.0673 0.6254	
174.810160 295.096637	8.91e-01  9.20e-01  6.59e+02	0.7069 112.4119 0.5074	
174.810160 295.096637	8.18e-01  9.00e-01  6.80e+02	29.1659 95.9916 0.1234	
174.810160 295.096637	7.22e-01  8.76e-01  7.08e+02	-9.7768 80.4184 0.5092	
174.810160 295.096637	7.35e-01  9.47e-01  6.86e+02	-38.5382 88.7099 0.9390	
174.810160 295.096637	8.24e-01  9.02e-01  6.78e+02	-13.9553 100.5027 0.7982	
174.810160 295.096637	6.79e-01  9.38e-01  7.00e+02	-28.9203 82.1246 0.2877	
174.810160 295.096637	8.24e-01  8.88e-01  6.82e+02	-10.6043 98.7453 0.7686	
174.810160 295.096637	7.26e-01  9.45e-01  6.88e+02	8.2194 94.7059 0.4310	
174.810160 295.096637	5.89e-01  9.43e-01  7.16e+02	0.9034 74.2976 0.1893	
174.810160 295.096637	7.91e-01  8.57e-01  6.97e+02	-19.1927 87.0285 0.0592	
174.810160 295.096637	8.24e-01  8.80e-01  6.83e+02	8.0279 97.8916 0.4337	
174.810160 295.096637	6.02e-01  8.92e-01  7.29e+02	-26.7760 55.4519 0.3302	
174.810160 295.096637	6.62e-01  9.13e-01  7.11e+02	22.9221 75.4742 0.2913	
174.810160 295.096637	6.56e-01  8.38e-01  7.33e+02	15.1901 54.9671 0.8566	
174.810160 295.096637	7.94e-01  9.23e-01  6.80e+02	-4.7384 100.5638 0.8148	
174.810160 295.096637	7.19e-01  8.91e-01  7.04e+02	2.9486 83.7265 0.4056	
174.810160 295.096637	7.54e-01  8.89e-01  6.97e+02	-45.2609 76.6714 0.4135	
174.810160 295.096637	6.22e-01  9.30e-01  7.14e+02	-7.2000 75.9567 0.0199	
174.810160 295.096637	7.66e-01  8.34e-01  7.09e+02	-2.8804 80.2943 0.7776	
174.810160 295.096637	8.73e-01  9.24e-01  6.62e+02	54.3247 96.5486 0.9967	
174.810160 295.096637	7.53e-01  8.58e-01  7.06e+02	-9.8543 82.2785 0.8829	
174.810160 295.096637	7.01e-01  8.98e-01  7.06e+02	-16.6891 80.5738 0.9684	
174.810160 295.096637	7.36e-01  9.29e-01  6.91e+02	-4.6656 93.5093 0.8194	
174.810160 295.096637	8.05e-01  8.91e-01  6.85e+02	38.4189 89.1106 0.5858	
174.810160 295.096637	8.12e-01  8.99e-01  6.81e+02	-20.2292 97.4039 0.5258	
174.810160 295.096637	6.49e-01  9.42e-01  7.05e+02	-10.1421 82.7860 0.8251	
174.810160 295.096637	8.66e-01  9.17e-01  6.65e+02	12.3991 108.2580 0.9643	
174.810160 295.096637	7.30e-01  8.87e-01  7.03e+02	-3.0816 84.5660 0.1946	
174.810160 295.096637	6.91e-01  9.07e-01  7.06e+02	42.8486 70.4559 0.6773	
174.810160 295.096637	7.36e-01  8.33e-01  7.16e+02	-32.3700 66.7317 0.2986	
174.810160 295.096637	6.97e-01  9.29e-01  6.99e+02	-42.2011 77.0325 0.9246	
174.810160 295.096637	7.50e-01  9.71e-01  6.76e+02	-55.8529 86.0122 0.4586	
174.810160 295.096637	6.44e-01  9.62e-01  7.00e+02	-7.1373 86.8341 0.7191	
174.810160 295.096637	8.13e-01  9.30e-01  6.74e+02	-24.7267 101.2125 0.4953	
174.810160 295.096637	7.49e-01  9.34e-01  6.86e+02	8.6484 96.0361 0.9328	
174.810160 295.096637	7.82e-01  9.04e-01  6.87e+02	-25.7326 92.3669 0.1172	
174.810160 295.096637	8.28e-01  8.42e-01  6.92e+02	19.6827 90.5821 0.6816	
174.810160 295.096637	8.01e-01  9.77e-01  6.65e+02	-1.1547 109.3861 0.6922	
174.810160 295.096637	6.71e-01  9.20e-01  7.06e+02	-6.2762 81.9559 0.1985	
174.810160 295.096637	7.88e-01  9.98e-01  6.62e+02	31.8011 106.1888 0.2059	
174.810160 295.096637	7.84e-01  8.76e-01  6.94e+02	8.2410 90.9334 0.8935	
174.810160 295.096637	7.08e-01  9.42e-01  6.93e+02	-33.6523 85.7512 0.9758	
174.810160 295.096637	7.26e-01  8.69e-01  7.09e+02	28.3340 75.0692 0.2196	
174.810160 295.096637	7.90e-01  9.22e-01  6.81e+02	21.3564 97.6574 0.9184	
174.810160 295.096637	7.24e-01  8.52e-01  7.14e+02	-23.7916 72.2709 0.6929	
174.810160 295.096637	8.68e-01  8.91e-01  6.71e+02	19.3696 104.0709 0.0172	
174.810160 295.096637	7.37e-01  9.16e-01  6.94e+02	-34.6892 84.6894 0.4111	
174.810160 295.096637	9.05e-01  9.22e-01  6.55e+02	-24.7347 111.5974 0.5918	
174.810160 295.096637	6.67e-01  8.49e-01  7.28e+02	-12.4013 61.7583 0.0070	
174.810160 295.096637	7.13e-01  8.89e-01  7.06e+02	-11.1526 81.6635 0.9007	
174.810160 295.096637	7.60e-01  9.31e-01  6.85e+02	49.0409 83.9787 0.6760	
174.810160 295.096637	9.42e-01  9.95e-01  6.31e+02	-52.4727 114.5964 0.1875	
174.810160 295.096637	7.25e-01  9.42e-01  6.89e+02	-42.5129 84.2806 0.3057	
174.810160 295.096637	7.97e-01  8.83e-01  6.89e+02	-38.6894 86.3751 0.0406	
174.810160 295.096637	7.41e-01  8.32e-01  7.15e+02	15.1955 73.3763 0.8716	
174.810160 295.096637	7.48e-01  9.14e-01  6.92e+02	33.7865 86.2308 0.2278	
174.810160 295.096637	6.92e-01  9.27e-01  7.00e+02	-9.4558 86.3617 0.4972	
174.810160 295.096637	7.35e-01  9.26e-01  6.92e+02	3.0688 92.7904 0.3219	
174.810160 295.096637	8.02e-01  8.34e-01  7.00e+02	-5.3391 86.6451 0.3227	
174.810160 295.096637	5.88e-01  9.60e-01  7.11e+02	50.1101 60.3142 0.0707	
174.810160 295.096637	7.19e-01  9.02e-01  7.01e+02	4.2565 85.8890 0.9915	
174.810160 295.096637	7.73e-01  9.06e-01  6.89e+02	-5.3850 94.8176 0.0358	
174.810160 295.096637	7.70e-01  9.52e-01  6.77e+02	-25.7419 98.7450 0.7118	
174.810160 295.096637	6.78e-01  8.08e-01  7.37e+02	-20.1828 48.8608 0.9830	
174.810160 295.096637	8.08e-01  9.46e-01  6.71e+02	-32.9725 100.5129 0.9770	
174.810160 295.096637	8.39e-01  9.44e-01  6.65e+02	-25.3613 106.4215 0.5682	
174.810160 295.096637	6.26e-01  8.09e-01  7.49e+02	-14.4780 30.9873 0.6519	
174.810160 295.096637	8.32e-01  9.04e-01  6.76e+02	4.1602 102.8390 0.3927	
174.810160 295.096637	7.39e-01  8.69e-01  7.06e+02	15.2978 81.2909 0.9652	
174.810160 295.096637	8.31e-01  9.70e-01  6.60e+02	-30.2559 107.5527 0.6888	
174.810160 295.096637	7.64e-01  9.06e-01  6.91e+02	10.7632 92.9484 0.1425	
174.810160 295.096637	7.70e-01  8.91e-01  6.93e+02	38.6132 83.4961 0.6730	
174.810160 295.096637	7.75e-01  9.18e-01  6.85e+02	14.2129 96.2133 0.9964	
174.810160 295.096637	8.37e-01  9.19e-01  6.71e+02	2.9027 105.6983 0.1532	
174.810160 295.096637	8.24e-01  9.15e-01  6.75e+02	53.5084 88.5034 0.0332	
174.810160 295.096637	7.28e-01  8.99e-01  7.00e+02	-50.2239 70.9085 0.8710	
174.810160 295.096637	7.67e-01  9.01e-01  6.91e+02	-21.9708 90.5560 0.5498	
174.810160 295.096637	6.98e-01  9.72e-01  6.87e+02	-25.8588 92.7242 0.1683	
174.810160 295.096637	7.02e-01  8.34e-01  7.24e+02	-8.0700 66.4026 0.4512	
174.810160 295.096637	7.68e-01  9.20e-01  6.86e+02	16.0247 95.2845 0.8447	
174.810160 295.096637	7.35e-01  9.03e-01  6.98e+02	-11.1995 87.8467 0.7635	
174.810160 295.096637	8.20e-01  9.93e-01  6.57e+02	1.1828 113.5907 0.5835	
174.810160 295.096637	8.29e-01  9.23e-01  6.72e+02	16.9150 103.8107 0.8518	
174.810160 295.096637	8.26e-01  8.34e-01  6.94e+02	26.9690 86.9835 0.2731	
174.810160 295.096637	8.18e-01  8.84e-01  6.84e+02	-34.3869 91.7524 0.5950	
174.810160 295.096637	9.19e-01  9.55e-01  6.45e+02	53.5409 106.8827 0.4025	
174.810160 295.096637	7.57e-01  8.17e-01  7.15e+02	-1.8179 74.8341 0.6402	
174.810160 295.096637	6.80e-01  9.30e-01  7.02e+02	30.8792 79.8119 0.6587	
174.810160 295.096637	6.80e-01  9.68e-01  6.91e+02	-16.6697 91.5369 0.1683	
174.810160 295.096637	8.22e-01  8.46e-01  6.92e+02	56.8908 72.7343 0.2904	
174.810160 295.096637	7.74e-01  9.09e-01  6.88e+02	45.7552 83.8349 0.5490	
174.810160 295.096637	7.30e-01  9.20e-01  6.94e+02	-11.2217 90.5960 0.5478	
174.810160 295.096637	7.48e-01  8.87e-01  6.99e+02	28.2086 83.1197 0.0047	
174.810160 295.096637	7.09e-01  9.06e-01  7.03e+02	34.0200 77.9287 0.7930	
174.810160 295.096637	7.78e-01  8.96e-01  6.90e+02	41.9249 84.1210 0.6137	
174.810160 295.096637	7.32e-01  8.99e-01  6.99e+02	-14.7300 86.1931 0.2700	
174.810160 295.096637	7.58e-01  8.74e-01  7.00e+02	59.4189 63.1905 0.3678	
174.810160 295.096637	7.08e-01  8.24e-01  7.25e+02	2.1543 65.4998 0.1058	
174.810160 295.096637	5.99e-01  9.30e-01  7.18e+02	-15.5707 70.6869 0.0201	
174.810160 295.096637	5.72e-01  9.03e-01  7.32e+02	4.2820 58.6537 0.0269	
174.810160 295.096637	7.43e-01  9.62e-01  6.80e+02	-20.2222 98.1511 0.1971	
174.810160 295.096637	8.66e-01  9.41e-01  6.60e+02	15.8298 110.9892 0.4775	
174.810160 295.096637	8.22e-01  9.59e-01  6.65e+02	-30.8263 104.9091 0.8712	
174.810160 295.096637	7.84e-01  9.77e-01  6.68e+02	31.1915 102.7779 0.2278	
174.810160 295.096637	7.66e-01  9.53e-01  6.78e+02	31.0228 96.8514 0.4805	
174.810160 295.096637	7.42e-01  9.33e-01  6.88e+02	5.0901 95.0659 0.4916	
174.810160 295.096637	7.79e-01  9.16e-01  6.85e+02	-9.9415 96.9455 0.2824	
174.810160 295.096637	7.94e-01  9.20e-01  6.80e+02	25.8888 96.7260 0.3441	
174.810160 295.096637	7.67e-01  9.30e-01  6.84e+02	-47.9718 85.6646 0.9072	
174.810160 295.096637	7.86e-01  9.22e-01  6.82e+02	-20.0036 97.3777 0.6916	
174.810160 295.096637	8.12e-01  9.70e-01  6.64e+02	24.4308 106.8749 0.4055	
174.810160 295.096637	7.39e-01  8.86e-01  7.01e+02	-9.0782 85.5767 0.4419	
174.810160 295.096637	6.82e-01  8.56e-01  7.22e+02	36.3668 58.0243 0.0163	
174.810160 295.096637	7.00e-01  9.08e-01  7.04e+02	-11.0778 83.4380 0.3283	
174.810160 295.096637	6.72e-01  8.80e-01  7.17e+02	9.6799 72.2878 0.3977	
174.810160 295.096637	8.09e-01  8.38e-01  6.97e+02	-19.9475 86.6195 0.2566	
174.810160 295.096637	7.30e-01  9.14e-01  6.96e+02	-16.2088 88.6679 0.9583	
174.810160 295.096637	9.10e-01  9.38e-01  6.51e+02	-12.2555 116.0991 0.8787	
174.810160 295.096637	6.09e-01  9.03e-01  7.24e+02	9.0533 65.9485 0.9771	
174.810160 295.096637	7.03e-01  9.01e-01  7.05e+02	34.6470 75.6232 0.5953	
174.810160 295.096637	7.56e-01  9.28e-01  6.87e+02	-22.4575 93.5824 0.9516	
174.810160 295.096637	7.19e-01  9.24e-01  6.95e+02	43.7419 79.0126 0.2602	
174.810160 295.096637	6.10e-01  9.11e-01  7.22e+02	-11.0072 68.1729 0.5034	
174.810160 295.096637	6.99e-01  8.49e-01  7.20e+02	-20.0638 67.2931 0.6478	
174.810160 295.096637	8.67e-01  9.32e-01  6.62e+02	52.4697 97.8068 0.7439	
174.810160 295.096637	8.99e-01  9.82e-01  6.43e+02	-11.4486 120.0067 0.5892	
174.810160 295.096637	8.11e-01  8.66e-01  6.90e+02	24.4391 90.6938 0.1913	
174.810160 295.096637	5.47e-01  9.69e-01  7.16e+02	18.4802 72.2287 0.4748	
174.810160 295.096637	7.70e-01  8.28e-01  7.09e+02	-20.0330 77.2653 0.8132	
174.810160 295.096637	7.09e-01  8.52e-01  7.17e+02	-2.7551 73.0224 0.9301	
174.810160 295.096637	6.96e-01  8.18e-01  7.30e+02	0.7813 60.9614 0.2433	
174.810160 295.096637	6.30e-01  9.08e-01  7.19e+02	45.2202 55.9738 0.7894	
174.810160 295.096637	7.79e-01  9.53e-01  6.75e+02	-29.3731 99.0767 0.7738	
174.810160 295.096637	7.50e-01  8.47e-01  7.09e+02	23.6041 76.3986 0.1524	
174.810160 295.096637	8.77e-01  9.14e-01  6.64e+02	20.4869 108.0485 0.5669	
174.810160 295.096637	8.02e-01  9.11e-01  6.81e+02	8.3790 99.3737 0.4854	
174.810160 295.096637	6.64e-01  8.86e-01  7.18e+02	13.8683 71.4165 0.4985	
174.810160 295.096637	7.80e-01  8.85e-01  6.93e+02	-17.3742 90.6489 0.7451	
174.810160 295.096637	6.73e-01  9.07e-01  7.10e+02	8.5604 79.0297 0.7240	
174.810160 295.096637	6.63e-01  8.92e-01  7.16e+02	-8.6056 73.5950 0.1494	
174.810160 295.096637	7.15e-01  8.96e-01  7.04e+02	-19.7845 81.6417 0.4192	
174.810160 295.096637	6.93e-01  8.77e-01  7.14e+02	-31.1265 69.2433 0.9973	
174.810160 295.096637	8.59e-01  9.94e-01  6.48e+02	-16.3135 116.7438 0.2477	
174.810160 295.096637	6.99e-01  9.10e-01  7.03e+02	-4.6313 84.2845 0.9482	
174.810160 295.096637	8.12e-01  8.98e-01  6.82e+02	-21.6320 96.8918 0.5817	
174.810160 295.096637	8.23e-01  8.35e-01  6.95e+02	27.9573 86.2582 0.2389	
174.810160 295.096637	7.33e-01  8.64e-01  7.08e+02	-25.6889 76.4602 0.1838	
174.810160 295.096637	7.72e-01  9.00e-01  6.90e+02	8.4352 93.3591 0.6862	
174.810160 295.096637	7.16e-01  9.49e-01  6.89e+02	10.8192 93.8059 0.6771	
174.810160 295.096637	7.53e-01  8.39e-01  7.11e+02	-40.8289 67.3616 0.2378	
174.810160 295.096637	7.87e-01  9.32e-01  6.79e+02	3.4439 101.0867 0.5316	
174.810160 295.096637	8.13e-01  9.52e-01  6.68e+02	11.6869 106.7140 0.4456	
174.810160 295.096637	7.90e-01  9.48e-01  6.74e+02	-39.0005 96.3809 0.7887	
174.810160 295.096637	7.46e-01  9.20e-01  6.91e+02	-11.0877 92.8043 0.9480	
174.810160 295.096637	5.99e-01  9.66e-01  7.07e+02	59.4708 55.6659 0.6157	
174.810160 295.096637	7.07e-01  8.30e-01  7.24e+02	-14.6094 65.3029 0.0972	
174.810160 295.096637	8.38e-01  8.97e-01  6.76e+02	-30.1247 98.1617 0.2693	
174.810160 295.096637	8.05e-01  9.02e-01  6.82e+02	-26.9392 95.2363 0.7110	
174.810160 295.096637	7.09e-01  9.19e-01  6.99e+02	-10.9698 87.1684 0.3900	
174.810160 295.096637	7.68e-01  8.09e-01  7.15e+02	-0.2724 75.2205 0.6399	
174.810160 295.096637	7.24e-01  9.02e-01  7.00e+02	20.0117 84.4746 0.0656	
174.810160 295.096637	7.09e-01  8.73e-01  7.11e+02	22.0123 74.9034 0.4210	
174.810160 295.096637	7.99e-01  9.26e-01  6.78e+02	-14.6746 100.6018 0.6631	
174.810160 295.096637	6.92e-01  9.70e-01  6.88e+02	-38.1920 87.0675 0.6617	
174.810160 295.096637	8.63e-01  9.63e-01  6.55e+02	-95.5184 63.2480 0.7534	
174.810160 295.096637	8.79e-01  9.51e-01  6.55e+02	42.3707 106.6192 0.8294	
174.810160 295.096637	7.04e-01  8.88e-01  7.09e+02	13.3180 79.3864 0.1927	
174.810160 295.096637	7.43e-01  9.16e-01  6.92e+02	63.0439 67.4846 0.7661	
174.810160 295.096637	7.84e-01  8.50e-01  7.00e+02	18.5502 84.7370 0.6027	
174.810160 295.096637	7.53e-01  9.60e-01  6.79e+02	49.6089 88.1920 0.9372	
174.810160 295.096637	7.76e-01  8.24e-01  7.09e+02	26.4946 75.6802 0.3121	
174.810160 295.096637	7.81e-01  9.31e-01  6.80e+02	36.5668 93.2954 0.8734	
174.810160 295.096637	7.73e-01  8.86e-01  6.94e+02	31.4776 85.9216 0.0935	
174.810160 295.096637	7.99e-01  9.05e-01  6.83e+02	-13.3863 97.5255 0.4641	
174.810160 295.096637	8.22e-01  9.42e-01  6.69e+02	22.9202 104.4663 0.7003	
174.810160 295.096637	6.34e-01  9.35e-01  7.10e+02	-10.0463 78.8320 0.9736	
174.810160 295.096637	7.09e-01  9.61e-01  6.87e+02	24.0554 92.6532 0.9548	
174.810160 295.096637	7.23e-01  8.95e-01  7.02e+02	-21.1011 82.5567 0.3847	
174.810160 295.096637	7.16e-01  9.38e-01  6.92e+02	2.5626 92.3926 0.4002	
174.810160 295.096637	7.20e-01  9.01e-01  7.01e+02	27.8917 81.2770 0.1894	
174.810160 295.096637	7.67e-01  8.52e-01  7.04e+02	-62.0351 56.8189 0.3513	
174.810160 295.096637	6.87e-01  8.90e-01  7.12e+02	-41.5279 65.9589 0.2121	
174.810160 295.096637	7.58e-01  8.72e-01  7.01e+02	-21.8067 83.7077 0.0159	
174.810160 295.096637	6.57e-01  9.54e-01  7.00e+02	27.4604 82.7909 0.6466	
174.810160 295.096637	7.07e-01  8.82e-01  7.09e+02	-5.7665 79.5230 0.4616	
174.810160 295.096637	6.72e-01  8.86e-01  7.16e+02	-5.5389 74.0808 0.4398	
174.810160 295.096637	7.82e-01  8.15e-01  7.10e+02	23.6750 75.8602 0.6384	
174.810160 295.096637	7.58e-01  9.08e-01  6.91e+02	-54.2014 75.5650 0.6742	
174.810160 295.096637	6.66e-01  9.68e-01  6.94e+02	36.3341 83.7614 0.9934	
174.810160 295.096637	8.10e-01  8.96e-01  6.83e+02	-8.9202 98.1857 0.5790	
174.810160 295.096637	7.81e-01  8.47e-01  7.02e+02	-12.7334 84.6126 0.5253	
174.810160 295.096637	8.12e-01  9.23e-01  6.76e+02	0.7898 102.9683 0.4826	
174.810160 295.096637	8.06e-01  9.45e-01  6.71e+02	13.4739 104.6459 0.9929	
174.810160 295.096637	7.54e-01  9.00e-01  6.94e+02	31.0827 85.4852 0.7778	
174.810160 295.096637	8.50e-01  9.63e-01  6.58e+02	-88.8173 70.0558 0.9549	
174.810160 295.096637	7.33e-01  9.19e-01  6.94e+02	-6.0759 91.3114 0.0824	
174.810160 295.096637	8.05e-01  8.81e-01  6.88e+02	-8.4871 95.1725 0.6254	
174.810160 295.096637	6.94e-01  9.19e-01  7.02e+02	16.1724 83.9781 0.2682	
174.810160 295.096637	7.32e-01  9.08e-01  6.97e+02	5.1130 89.0217 0.0717	
174.810160 295.096637	7.65e-01  9.25e-01  6.85e+02	50.3884 82.9065 0.3505	
174.810160 295.096637	7.67e-01  8.66e-01  7.00e+02	-14.5081 85.6425 0.5646	
174.810160 295.096637	7.63e-01  8.94e-01  6.94e+02	14.5370 90.2531 0.2546	
174.810160 295.096637	7.38e-01  7.82e-01  7.29e+02	12.5701 60.1851 0.1296	
174.810160 295.096637	7.36e-01  8.68e-01  7.07e+02	-6.2289 81.6671 0.9708	
174.810160 295.096637	7.34e-01  8.92e-01  7.01e+02	37.8528 77.7070 0.2428	
174.810160 295.096637	6.04e-01  9.78e-01  7.03e+02	-13.1628 83.9325 0.7434	
174.810160 295.096637	6.57e-01  9.23e-01  7.08e+02	6.3407 80.2775 0.9112	
174.810160 295.096637	7.85e-01  8.27e-01  7.06e+02	-1.1005 82.4676 0.8346	
174.810160 295.096637	7.91e-01  9.61e-01  6.71e+02	-47.7635 94.5230 0.9212	
174.810160 295.096637	7.34e-01  9.03e-01  6.98e+02	-6.5381 88.3776 0.2581	
174.810160 295.096637	8.48e-01  9.03e-01  6.73e+02	-69.0549 78.9304 0.8658	
174.810160 295.096637	6.52e-01  8.95e-01  7.18e+02	25.0682 68.1410 0.9258	
174.810160 295.096637	7.46e-01  9.34e-01  6.87e+02	-15.0924 94.6589 0.7590	
174.810160 295.096637	6.55e-01  9.44e-01  7.03e+02	15.8082 83.2768 0.6221	
174.810160 295.096637	7.93e-01  9.85e-01  6.64e+02	57.3258 93.4541 0.6358	
174.810160 295.096637	8.13e-01  9.30e-01  6.74e+02	-25.6775 100.9696 0.2279	
174.810160 295.096637	7.80e-01  8.63e-01  6.98e+02	27.2484 84.0115 0.3113	
174.810160 295.096637	7.89e-01  8.12e-01  7.09e+02	8.6508 79.6322 0.8893	
174.810160 295.096637	6.10e-01  9.37e-01  7.14e+02	7.2086 75.6226 0.3679	
174.810160 295.096637	8.17e-01  8.35e-01  6.96e+02	45.1906 77.3650 0.5643	
174.810160 295.096637	5.53e-01  8.80e-01  7.42e+02	16.7523 41.5184 0.1594	
174.810160 295.096637	7.62e-01  9.18e-01  6.88e+02	-10.5424 94.8768 0.0259	
174.810160 295.096637	7.69e-01  8.91e-01  6.93e+02	-8.2618 91.2869 0.3726	
174.810160 295.096637	6.55e-01  9.39e-01  7.04e+02	1.8795 83.7487 0.3171	
174.810160 295.096637	5.93e-01  8.82e-01  7.34e+02	26.6555 49.4245 0.2360	
174.810160 295.096637	8.81e-01  9.62e-01  6.52e+02	-2.0439 116.2765 0.8919	
174.810160 295.096637	7.02e-01  8.10e-01  7.30e+02	8.5281 59.4407 0.6811	
174.810160 295.096637	6.70e-01  9.74e-01  6.92e+02	-44.8425 81.3226 0.7165	
174.810160 295.096637	6.77e-01  9.02e-01  7.10e+02	-0.6511 78.8955 0.2396	
174.810160 295.096637	6.66e-01  9.28e-01  7.05e+02	-19.4845 80.5655 0.2690	
174.810160 295.096637	8.12e-01  9.68e-01  6.65e+02	8.3362 109.0553 0.9763	
174.810160 295.096637	8.88e-01  9.32e-01  6.57e+02	-20.1970 111.7283 0.1000	
174.810160 295.096637	7.32e-01  8.45e-01  7.14e+02	-24.4043 72.1503 0.6329	
174.810160 295.096637	7.91e-01  8.52e-01  6.98e+02	-44.3290 76.4366 0.5505	
174.810160 295.096637	7.05e-01  8.51e-01  7.18e+02	4.7509 71.8523 0.6460	
174.810160 295.096637	8.41e-01  9.85e-01  6.54e+02	67.6677 92.8608 0.2438	
174.810160 295.096637	7.10e-01  8.54e-01  7.16e+02	46.8002 57.2173 0.9657	
174.810160 295.096637	5.94e-01  9.45e-01  7.15e+02	45.8864 59.7408 0.2448	
174.810160 295.096637	7.76e-01  9.02e-01  6.89e+02	-2.2529 94.6772 0.2677	
174.810160 295.096637	7.73e-01  8.58e-01  7.01e+02	10.1717 85.7745 0.1945	
174.810160 295.096637	8.53e-01  9.10e-01  6.70e+02	-24.5524 103.6175 0.1450	
174.810160 295.096637	6.79e-01  8.82e-01  7.16e+02	25.9627 69.8883 0.8394	
174.810160 295.096637	7.59e-01  9.50e-01  6.80e+02	-2.1715 100.1700 0.2751	
174.810160 295.096637	6.82e-01  9.28e-01  7.02e+02	21.9910 82.6728 0.1154	
174.810160 295.096637	6.40e-01  9.08e-01  7.17e+02	-15.4853 72.0827 0.6539	
174.810160 295.096637	7.90e-01  9.00e-01  6.86e+02	-3.3804 96.4112 0.3605	
174.810160 295.096637	7.40e-01  9.31e-01  6.89e+02	11.6083 93.7851 0.0015	
174.810160 295.096637	6.69e-01  8.45e-01  7.28e+02	-1.8762 62.3903 0.5291	
174.810160 295.096637	8.28e-01  9.33e-01  6.70e+02	39.7964 98.7481 0.9805	
174.810160 295.096637	6.23e-01  9.63e-01  7.04e+02	37.6429 75.4815 0.8682	
174.810160 295.096637	6.89e-01  8.97e-01  7.09e+02	-34.6193 71.8617 0.4496	
174.810160 295.096637	7.42e-01  8.43e-01  7.12e+02	-15.2394 76.2489 0.5736	
174.810160 295.096637	8.23e-01  9.51e-01  6.66e+02	-6.8484 108.2650 0.2866	
174.810160 295.096637	8.73e-01  9.57e-01  6.54e+02	1.8226 114.8309 0.6659	
174.810160 295.096637	6.96e-01  8.38e-01  7.24e+02	-25.4933 61.5143 0.6311	
174.810160 295.096637	7.11e-01  9.11e-01  7.01e+02	-66.5184 55.1995 0.7300	
174.810160 295.096637	7.76e-01  9.87e-01  6.67e+02	3.7247 107.8561 0.3842	
174.810160 295.096637	7.11e-01  8.99e-01  7.04e+02	-28.9826 79.0726 0.4462	
174.810160 295.096637	7.29e-01  8.61e-01  7.10e+02	13.0263 78.0420 0.2949	
174.810160 295.096637	8.09e-01  9.74e-01  6.64e+02	23.9313 107.3259 0.2651	
174.810160 295.096637	7.90e-01  8.83e-01  6.91e+02	-54.5591 75.9461 0.4162	
174.810160 295.096637	7.65e-01  9.80e-01  6.71e+02	30.8372 101.0478 0.0873	
174.810160 295.096637	6.39e-01  9.58e-01  7.02e+02	40.0437 75.5947 0.2269	
174.810160 295.096637	7.87e-01  9.50e-01  6.74e+02	-53.2459 89.1343 0.8674	
174.810160 295.096637	8.89e-01  9.60e-01  6.50e+02	-28.8714 113.2723 0.5521	
174.810160 295.096637	6.70e-01  9.28e-01  7.05e+02	41.2935 72.6415 0.2581	
174.810160 295.096637	7.76e-01  9.00e-01  6.89e+02	-16.4344 92.9428 0.7553	
174.810160 295.096637	7.74e-01  9.20e-01  6.85e+02	-22.5611 94.7805 0.1003	
174.810160 295.096637	7.83e-01  8.40e-01  7.03e+02	1.2322 84.6025 0.2492	
174.810160 295.096637	7.42e-01  9.04e-01  6.96e+02	-55.7677 70.6267 0.6514	
174.810160 295.096637	7.03e-01  8.97e-01  7.06e+02	-3.8909 82.1084 0.3732	
174.810160 295.096637	6.52e-01  9.11e-01  7.13e+02	5.0126 76.6247 0.1073	
174.810160 295.096637	8.17e-01  9.19e-01  6.76e+02	33.3356 97.5730 0.3631	
174.810160 295.096637	8.44e-01  9.73e-01  6.57e+02	19.0430 111.9451 0.2508	
174.810160 295.096637	6.77e-01  8.55e-01  7.24e+02	7.0056 66.7057 0.6246	
174.810160 295.096637	6.74e-01  9.13e-01  7.08e+02	-17.3908 79.1193 0.3951	
174.810160 295.096637	8.01e-01  9.65e-01  6.67e+02	56.0387 92.0492 0.0474	
174.810160 295.096637	7.48e-01  9.44e-01  6.84e+02	8.0877 97.5806 0.6532	
174.810160 295.096637	7.77e-01  8.65e-01  6.98e+02	3.6464 88.0919 0.2560	
174.810160 295.096637	8.40e-01  8.68e-01  6.83e+02	2.2377 98.5640 0.8208	
174.810160 295.096637	7.42e-01  9.32e-01  6.88e+02	-35.0583 88.4272 0.8608	
174.810160 295.096637	7.66e-01  8.17e-01  7.13e+02	39.6712 65.5199 0.9138	
174.810160 295.096637	6.23e-01  9.57e-01  7.05e+02	11.7430 82.0885 0.7676	
174.810160 295.096637	7.76e-01  8.99e-01  6.90e+02	26.5573 90.3350 0.4044	
174.810160 295.096637	6.47e-01  9.56e-01  7.01e+02	-23.0222 83.1414 0.7072	
174.810160 295.096637	7.38e-01  9.39e-01  6.88e+02	-9.0505 95.1383 0.6726	
174.810160 295.096637	6.19e-01  9.18e-01  7.18e+02	-17.9424 70.6111 0.3336	
174.810160 295.096637	8.24e-01  9.21e-01  6.74e+02	44.7098 94.2205 0.3280	
174.810160 295.096637	6.84e-01  8.42e-01  7.26e+02	19.3753 62.0990 0.9967	
174.810160 295.096637	6.93e-01  8.97e-01  7.09e+02	19.6576 78.0009 0.3720	
174.810160 295.096637	6.68e-01  9.19e-01  7.08e+02	-19.2957 78.8366 0.8388	
174.810160 295.096637	5.45e-01  9.44e-01  7.24e+02	-17.8315 64.5359 0.1491	
174.810160 295.096637	7.64e-01  8.13e-01  7.15e+02	-5.4169 75.1857 0.8905	
174.810160 295.096637	7.46e-01  8.15e-01  7.19e+02	-18.0798 69.6260 0.9277	
174.810160 295.096637	7.84e-01  8.99e-01  6.88e+02	-17.3776 93.6599 0.4539	
174.810160 295.096637	7.08e-01  8.79e-01  7.10e+02	-2.6663 79.2943 0.8534	
174.810160 295.096637	7.06e-01  8.72e-01  7.13e+02	17.5605 75.1879 0.1005	
174.810160 295.096637	8.46e-01  9.71e-01  6.57e+02	-17.9908 112.2053 0.7948	
174.810160 295.096637	8.50e-01  9.19e-01  6.68e+02	-0.0311 107.2138 0.8058	
174.810160 295.096637	6.23e-01  9.61e-01  7.04e+02	-13.6309 82.5769 0.9904	
174.810160 295.096637	8.36e-01  8.72e-01  6.83e+02	-3.9857 98.5215 0.3931	
174.810160 295.096637	8.87e-01  9.24e-01  6.59e+02	-25.1372 109.6344 0.3639	
174.810160 295.096637	7.05e-01  8.89e-01  7.08e+02	3.8431 80.8422 0.6945	
174.810160 295.096637	8.89e-01  9.28e-01  6.58e+02	-64.2958 93.1489 0.4303	
174.810160 295.096637	7.37e-01  9.14e-01  6.94e+02	-54.9966 72.7432 0.8519	
174.810160 295.096637	7.72e-01  8.39e-01  7.06e+02	12.5797 81.4585 0.7063	
174.810160 295.096637	6.43e-01  9.31e-01  7.09e+02	25.5590 75.8398 0.2862	
174.810160 295.096637	7.78e-01  8.92e-01  6.91e+02	0.4556 93.3316 0.5421	
174.810160 295.096637	7.58e-01  8.67e-01  7.02e+02	-12.4310 84.5916 0.2806	
174.810160 295.096637	7.81e-01  8.94e-01  6.90e+02	41.7216 84.3310 0.6973	
174.810160 295.096637	8.15e-01  9.11e-01  6.78e+02	-13.0774 100.7318 0.6235	
174.810160 295.096637	6.37e-01  9.39e-01  7.08e+02	5.0574 80.7891 0.7557	
174.810160 295.096637	7.94e-01  8.19e-01  7.06e+02	36.3100 74.2901 0.7649	
174.810160 295.096637	6.78e-01  9.71e-01  6.91e+02	43.0376 83.0423 0.1012	
174.810160 295.096637	7.91e-01  9.19e-01  6.81e+02	-28.3001 95.4887 0.9114	
174.810160 295.096637	8.39e-01  8.94e-01  6.77e+02	-36.3402 95.7258 0.5953	
174.810160 295.096637	6.84e-01  8.86e-01  7.13e+02	24.9675 72.3080 0.2318	
174.810160 295.096637	7.55e-01  9.07e-01  6.92e+02	-54.3791 74.8923 0.5541	
174.810160 295.096637	7.11e-01  7.79e-01  7.37e+02	8.1877 52.0367 0.5063	
174.810160 295.096637	7.34e-01  8.78e-01  7.05e+02	17.7228 81.7316 0.5253	
174.810160 295.096637	8.42e-01  9.16e-01  6.71e+02	18.4484 104.2952 0.0744	
174.810160 295.096637	7.58e-01  8.76e-01  7.00e+02	18.9709 85.0780 0.0796	
174.810160 295.096637	7.98e-01  8.61e-01  6.94e+02	21.5480 88.4771 0.4342	
174.810160 295.096637	7.88e-01  9.58e-01  6.72e+02	12.8106 104.3750 0.8282	
174.810160 295.096637	7.40e-01  9.32e-01  6.89e+02	23.5331 91.7714 0.5758	
174.810160 295.096637	7.82e-01  8.16e-01  7.09e+02	-20.6804 77.0161 0.7091	
174.810160 295.096637	7.48e-01  8.77e-01  7.02e+02	0.0570 85.8591 0.5716	
174.810160 295.096637	6.72e-01  9.61e-01  6.95e+02	-51.0312 75.0831 0.4582	
174.810160 295.096637	7.20e-01  8.63e-01  7.12e+02	-15.7350 76.1869 0.8067	
174.810160 295.096637	8.22e-01  9.25e-01  6.73e+02	-58.1677 86.8130 0.2658	
174.810160 295.096637	8.51e-01  9.59e-01  6.59e+02	50.7150 100.6004 0.6811	
174.810160 295.096637	6.07e-01  9.05e-01  7.24e+02	-26.1290 61.5057 0.8976	
174.810160 295.096637	7.65e-01  8.85e-01  6.96e+02	-22.8490 87.0840 0.8196	
174.810160 295.096637	7.36e-01  9.25e-01  6.92e+02	45.6659 80.9201 0.4290	
174.810160 295.096637	6.48e-01  8.95e-01  7.19e+02	23.5932 67.9578 0.0570	
174.810160 295.096637	7.78e-01  8.42e-01  7.04e+02	-24.7995 80.2988 0.8291	
174.810160 295.096637	7.57e-01  8.68e-01  7.02e+02	9.2568 85.0281 0.6399	
174.810160 295.096637	7.78e-01  8.75e-01  6.96e+02	25.8236 86.3777 0.5164	
174.810160 295.096637	7.98e-01  9.40e-01  6.74e+02	9.6027 103.2958 0.1414	
174.810160 295.096637	7.70e-01  8.63e-01  7.00e+02	17.8451 84.8879 0.6737	
174.810160 295.096637	8.15e-01  9.63e-01  6.65e+02	-32.0904 104.2326 0.8944	
174.810160 295.096637	6.40e-01  9.61e-01  7.01e+02	-22.8551 83.0750 0.7363	
174.810160 295.096637	7.55e-01  8.85e-01  6.98e+02	-12.1096 87.5700 0.2305	
174.810160 295.096637	7.53e-01  9.35e-01  6.85e+02	29.4623 92.4816 0.0798	
174.810160 295.096637	7.91e-01  8.55e-01  6.97e+02	-41.0487 78.8185 0.6882	
174.810160 295.096637	6.96e-01  9.76e-01  6.86e+02	-11.6303 95.9987 0.1341	
174.810160 295.096637	6.95e-01  9.01e-01  7.07e+02	-24.8720 77.8827 0.1579	
174.810160 295.096637	7.58e-01  8.36e-01  7.10e+02	19.9546 76.4403 0.2001	
174.810160 295.096637	6.84e-01  8.34e-01  7.28e+02	-8.8548 62.1671 0.8290	
174.810160 295.096637	7.33e-01  8.63e-01  7.09e+02	51.1192 61.8795 0.9713	
174.810160 295.096637	6.92e-01  8.87e-01  7.11e+02	-17.2561 76.2036 0.2677	
174.810160 295.096637	7.24e-01  8.75e-01  7.08e+02	-10.6088 80.4783 0.3179	
174.810160 295.096637	7.53e-01  9.10e-01  6.92e+02	13.7140 91.7770 0.2108	
174.810160 295.096637	7.82e-01  8.07e-01  7.12e+02	-19.2734 75.3715 0.9881	
174.810160 295.096637	8.46e-01  9.37e-01  6.65e+02	-23.1285 106.6627 0.9276	
174.810160 295.096637	7.50e-01  8.76e-01  7.02e+02	25.7388 81.8861 0.0026	
174.810160 295.096637	7.68e-01  8.91e-01  6.93e+02	-1.9780 91.6831 0.2308	
174.810160 295.096637	8.18e-01  9.64e-01  6.64e+02	-25.1361 106.6995 0.2069	
174.810160 295.096637	7.29e-01  8.68e-01  7.08e+02	27.2218 75.8267 0.8422	
174.810160 295.096637	7.01e-01  8.55e-01  7.18e+02	1.3167 72.1855 0.0832	
174.810160 295.096637	6.27e-01  8.86e-01  7.25e+02	8.6384 64.8442 0.2734	
174.810160 295.096637	7.89e-01  9.03e-01  6.86e+02	33.5253 90.8083 0.6617	
174.810160 295.096637	8.73e-01  9.30e-01  6.61e+02	36.0871 105.5047 0.3346	
174.810160 295.096637	7.41e-01  8.88e-01  7.01e+02	-21.7756 83.8373 0.8742	
174.810160 295.096637	8.48e-01  9.72e-01  6.56e+02	10.8018 113.4337 0.2100	
174.810160 295.096637	6.41e-01  9.31e-01  7.10e+02	21.9835 76.5431 0.2789	
174.810160 295.096637	5.85e-01  8.75e-01  7.38e+02	-1.1748 51.4834 0.6685	
174.810160 295.096637	9.00e-01  9.36e-01  6.53e+02	-70.3366 91.3955 0.0644	
174.810160 295.096637	7.89e-01  9.00e-01  6.87e+02	-73.0716 62.5845 0.9191	
174.810160 295.096637	7.84e-01  9.19e-01  6.83e+02	-48.0697 86.2421 0.4114	
174.810160 295.096637	7.70e-01  9.08e-01  6.89e+02	-10.0683 94.3291 0.4852	
174.810160 295.096637	8.32e-01  9.17e-01  6.73e+02	7.2659 104.4584 0.8026	
174.810160 295.096637	7.92e-01  8.95e-01  6.87e+02	-22.8774 93.0607 0.9998	
174.810160 295.096637	7.76e-01  8.88e-01  6.93e+02	-20.9711 89.8735 0.5080	
174.810160 295.096637	8.82e-01  9.76e-01  6.48e+02	6.5853 117.8760 0.8333	
174.810160 295.096637	7.50e-01  8.56e-01  7.07e+02	-13.4839 80.7873 0.3134	
174.810160 295.096637	8.34e-01  9.61e-01  6.62e+02	-51.2748 98.4574 0.3460	
174.810160 295.096637	7.66e-01  9.50e-01  6.79e+02	13.3673 100.4010 0.5742	
174.810160 295.096637	6.46e-01  8.71e-01  7.26e+02	-30.5090 57.1700 0.6086	
174.810160 295.096637	8.26e-01  9.55e-01  6.65e+02	-10.0022 108.8064 0.4816	
174.810160 295.096637	6.67e-01  9.26e-01  7.06e+02	4.4477 82.5475 0.3746	
174.810160 295.096637	8.10e-01  8.90e-01  6.84e+02	-54.4054 81.0965 0.8883	
174.810160 295.096637	6.91e-01  9.86e-01  6.84e+02	3.8537 97.6917 0.3911	
174.810160 295.096637	5.71e-01  9.64e-01  7.13e+02	25.4756 72.6493 0.0995	
174.810160 295.096637	7.03e-01  8.93e-01  7.07e+02	27.2100 76.6822 0.4685	
174.810160 295.096637	7.02e-01  8.36e-01  7.23e+02	-24.6956 62.7310 0.8440	
174.810160 295.096637	7.95e-01  9.38e-01  6.76e+02	-18.2318 101.3792 0.7187	
174.810160 295.096637	8.02e-01  8.70e-01  6.91e+02	2.5127 93.1273 0.8717	
174.810160 295.096637	7.21e-01  8.81e-01  7.07e+02	-8.0328 81.6469 0.6641	
174.810160 295.096637	6.49e-01  9.83e-01  6.93e+02	19.5330 89.8989 0.9339	
174.810160 295.096637	7.55e-01  9.14e-01  6.90e+02	18.5611 91.8430 0.2717	
174.810160 295.096637	7.17e-01  9.61e-01  6.86e+02	43.9063 86.1449 0.3666	
174.810160 295.096637	7.36e-01  9.15e-01  6.94e+02	-35.8827 83.6825 0.5966	
174.810160 295.096637	7.54e-01  8.83e-01  6.99e+02	3.2842 87.7928 0.0817	
174.810160 295.096637	8.01e-01  8.86e-01  6.87e+02	10.7441 95.0881 0.0171	
174.810160 295.096637	6.75e-01  9.61e-01  6.94e+02	-14.4456 89.9681 0.7544	
174.810160 295.096637	8.16e-01  8.61e-01  6.90e+02	6.6728 93.6350 0.9005	
174.810160 295.096637	7.42e-01  7.82e-01  7.28e+02	-1.3281 62.3547 0.1762	
174.810160 295.096637	8.01e-01  9.41e-01  6.73e+02	-18.7196 102.6692 0.1480	
174.810160 295.096637	4.86e-01  9.49e-01  7.32e+02	-14.1295 56.0467 0.6011	
174.810160 295.096637	7.80e-01  9.13e-01  6.85e+02	-24.4855 94.0338 0.6628	
174.810160 295.096637	7.43e-01  9.16e-01  6.93e+02	14.9036 90.9875 0.6586	
174.810160 295.096637	7.26e-01  7.98e-01  7.28e+02	-22.8878 58.3841 0.1402	
174.810160 295.096637	7.32e-01  8.48e-01  7.13e+02	-29.6553 70.9643 0.3573	
174.810160 295.096637	7.97e-01  8.88e-01  6.88e+02	-3.0230 95.4028 0.3464	
174.810160 295.096637	8.09e-01  8.60e-01  6.92e+02	7.3109 92.3258 0.4110	
174.810160 295.096637	7.65e-01  9.41e-01  6.81e+02	-17.2967 98.1854 0.4279	
174.810160 295.096637	8.47e-01  8.73e-01  6.80e+02	-10.2786 99.8977 0.9493	
174.810160 295.096637	8.84e-01  9.10e-01  6.63e+02	9.7234 109.9745 0.9817	
174.810160 295.096637	8.47e-01  8.97e-01  6.74e+02	-23.9948 101.0553 0.5201	
174.810160 295.096637	6.22e-01  9.02e-01  7.22e+02	26.3098 63.5341 0.9014	
174.810160 295.096637	6.73e-01  9.55e-01  6.96e+02	22.4802 86.7122 0.1994	
174.810160 295.096637	7.56e-01  8.97e-01  6.95e+02	-21.3438 88.2567 0.7023	
174.810160 295.096637	6.50e-01  9.04e-01  7.16e+02	-11.4734 73.5965 0.7551	
174.810160 295.096637	8.82e-01  9.87e-01  6.45e+02	29.7396 115.6385 0.7222	
174.810160 295.096637	6.70e-01  9.33e-01  7.03e+02	-6.3487 84.5402 0.5932	
174.810160 295.096637	8.33e-01  9.40e-01  6.67e+02	49.6085 95.9348 0.7343	
174.810160 295.096637	7.51e-01  9.50e-01  6.82e+02	-35.6418 92.6404 0.9186	
174.810160 295.096637	7.86e-01  9.26e-01  6.81e+02	-28.6302 95.7771 0.9073	
174.810160 295.096637	6.23e-01  9.80e-01  6.99e+02	-6.5513 87.8058 0.7659	
174.810160 295.096637	7.99e-01  9.45e-01  6.73e+02	32.3941 99.4427 0.4546	
174.810160 295.096637	7.41e-01  9.58e-01  6.82e+02	61.2103 78.3016 0.2027	
174.810160 295.096637	7.80e-01  8.92e-01  6.91e+02	-1.3384 93.5823 0.5271	
174.810160 295.096637	5.98e-01  9.22e-01  7.21e+02	-0.9269 69.9809 0.2482	
174.810160 295.096637	7.32e-01  9.30e-01  6.91e+02	-17.9767 91.4459 0.5784	
174.810160 295.096637	6.68e-01  8.26e-01  7.34e+02	0.2536 55.8202 0.6360	
174.810160 295.096637	6.92e-01  9.25e-01  7.01e+02	17.4383 84.6647 0.9697	
174.810160 295.096637	6.41e-01  9.81e-01  6.95e+02	-21.0608 88.0760 0.0636	
174.810160 295.096637	8.49e-01  9.24e-01  6.67e+02	-35.4076 101.8954 0.7718	
174.810160 295.096637	7.37e-01  9.14e-01  6.94e+02	30.0145 85.8888 0.6782	
174.810160 295.096637	8.63e-01  9.57e-01  6.56e+02	3.0795 113.7023 0.4063	
174.810160 295.096637	7.12e-01  9.24e-01  6.97e+02	-21.1986 86.7238 0.8850	
174.810160 295.096637	7.01e-01  8.96e-01  7.07e+02	-22.7837 78.4552 0.3571	
174.810160 295.096637	7.27e-01  8.53e-01  7.13e+02	-0.3308 76.8731 0.9977	
174.810160 295.096637	7.48e-01  9.11e-01  6.93e+02	-46.7800 79.3335 0.1702	
174.810160 295.096637	9.14e-01  9.40e-01  6.49e+02	-0.0700 117.3888 0.3563	
174.810160 295.096637	6.94e-01  8.46e-01  7.23e+02	16.3155 66.2863 0.4724	
174.810160 295.096637	6.61e-01  9.71e-01  6.94e+02	-46.4457 78.5579 0.6194	
174.810160 295.096637	7.15e-01  9.38e-01  6.93e+02	28.0302 87.8553 0.7844	
174.810160 295.096637	8.30e-01  9.80e-01  6.58e+02	28.5793 109.3564 0.1144	
174.810160 295.096637	7.79e-01  9.02e-01  6.88e+02	1.2040 95.1611 0.0260	
174.810160 295.096637	7.76e-01  9.19e-01  6.85e+02	6.5860 97.3221 0.1838	
174.810160 295.096637	7.86e-01  8.41e-01  7.02e+02	-6.2988 85.1618 0.1524	
174.810160 295.096637	7.79e-01  9.20e-01  6.84e+02	24.6071 94.8718 0.9008	
174.810160 295.096637	7.69e-01  8.21e-01  7.12e+02	-7.0880 77.7413 0.0214	
174.810160 295.096637	7.78e-01  8.57e-01  7.00e+02	33.0771 80.4755 0.5973	
174.810160 295.096637	6.36e-01  9.16e-01  7.15e+02	-19.9563 72.5652 0.7437	
174.810160 295.096637	6.33e-01  9.14e-01  7.16e+02	-4.1122 74.0649 0.6185	
174.810160 295.096637	8.33e-01  8.88e-01  6.80e+02	-17.1267 99.0707 0.7269	
174.810160 295.096637	7.58e-01  8.36e-01  7.10e+02	-12.4771 78.0934 0.6328	
174.810160 295.096637	6.84e-01  8.38e-01  7.27e+02	-7.0547 63.5334 0.3502	
174.810160 295.096637	6.59e-01  8.56e-01  7.27e+02	-20.2249 60.0787 0.7808	
174.810160 295.096637	7.52e-01  8.55e-01  7.07e+02	0.2975 81.9461 0.5146	
174.810160 295.096637	7.55e-01  8.77e-01  7.00e+02	10.7812 86.2923 0.5680	
174.810160 295.096637	8.49e-01  9.52e-01  6.61e+02	-11.0627 110.8749 0.6785	
174.810160 295.096637	8.77e-01  8.88e-01  6.70e+02	-23.3016 103.9634 0.9589	
174.810160 295.096637	7.92e-01  8.87e-01  6.89e+02	13.8252 93.4945 0.5619	
174.810160 295.096637	6.36e-01  9.77e-01  6.97e+02	-29.1075 84.1951 0.6154	
174.810160 295.096637	8.25e-01  8.58e-01  6.89e+02	24.4287 91.6530 0.9058	
174.810160 295.096637	6.51e-01  8.86e-01  7.20e+02	42.8577 55.6350 0.2857	
174.810160 295.096637	7.35e-01  9.02e-01  6.98e+02	-46.1072 75.4067 0.9838	
174.810160 295.096637	8.41e-01  9.00e-01  6.75e+02	37.8043 96.3788 0.4278	
174.810160 295.096637	7.13e-01  9.76e-01  6.82e+02	-8.1861 98.5222 0.7523	
174.810160 295.096637	7.88e-01  9.44e-01  6.76e+02	-31.6908 98.0578 0.4218	
174.810160 295.096637	7.12e-01  8.78e-01  7.09e+02	7.2299 79.4786 0.9093	
174.810160 295.096637	6.75e-01  9.47e-01  6.98e+02	18.9277 86.3514 0.4865	
174.810160 295.096637	8.04e-01  9.64e-01  6.67e+02	-12.9495 107.1437 0.6298	
174.810160 295.096637	8.28e-01  9.53e-01  6.65e+02	34.6778 103.5531 0.5419	
174.810160 295.096637	7.76e-01  9.52e-01  6.76e+02	-17.2135 101.2873 0.4514	
174.810160 295.096637	7.86e-01  8.23e-01  7.07e+02	7.1132 81.4546 0.0660	
174.810160 295.096637	7.47e-01  8.94e-01  6.97e+02	-24.9793 85.3822 0.9777	
174.810160 295.096637	7.40e-01  8.40e-01  7.13e+02	-27.8507 71.2503 0.4959	
174.810160 295.096637	6.64e-01  9.26e-01  7.06e+02	-27.7062 77.5370 0.3330	
174.810160 295.096637	6.65e-01  8.29e-01  7.34e+02	13.7780 54.5019 0.9815	
174.810160 295.096637	7.66e-01  8.30e-01  7.10e+02	24.5129 75.4475 0.9028	
174.810160 295.096637	7.75e-01  9.40e-01  6.79e+02	4.9586 100.7780 0.3637	
174.810160 295.096637	7.68e-01  9.10e-01  6.89e+02	-21.4222 92.3601 0.7445	
174.810160 295.096637	6.24e-01  8.33e-01  7.42e+02	-16.4683 42.5425 0.0718	
174.810160 295.096637	7.35e-01  9.22e-01  6.92e+02	28.8051 87.7086 0.0516	
174.810160 295.096637	7.57e-01  9.41e-01  6.83e+02	66.1943 72.9728 0.4573	
174.810160 295.096637	7.90e-01  9.45e-01  6.75e+02	-47.8588 91.6533 0.6474	
174.810160 295.096637	7.76e-01  9.56e-01  6.75e+02	-12.9180 102.7061 0.8015	
174.810160 295.096637	7.95e-01  8.98e-01  6.86e+02	21.6058 94.2659 0.1234	
174.810160 295.096637	5.46e-01  8.92e-01  7.40e+02	7.2361 47.6898 0.2184	
174.810160 295.096637	7.66e-01  9.57e-01  6.77e+02	-62.1013 81.3375 0.7826	
174.810160 295.096637	8.69e-01  9.49e-01  6.57e+02	4.1054 113.3585 0.3964	
174.810160 295.096637	7.65e-01  9.05e-01  6.91e+02	-45.8255 81.5454 0.0915	
174.810160 295.096637	7.52e-01  8.57e-01  7.06e+02	3.9609 82.4275 0.8682	
174.810160 295.096637	8.46e-01  9.87e-01  6.53e+02	40.9386 108.1155 0.9357	
174.810160 295.096637	7.47e-01  8.89e-01  6.99e+02	-24.8751 84.2960 0.1836	
174.810160 295.096637	7.76e-01  9.00e-01  6.90e+02	-32.4102 88.5645 0.9733	
174.810160 295.096637	9.38e-01  9.47e-01  6.43e+02	6.1172 120.6172 0.7493	
174.810160 295.096637	6.77e-01  8.19e-01  7.34e+02	-13.7668 54.6064 0.0146	
174.810160 295.096637	7.67e-01  9.01e-01  6.91e+02	11.1868 92.4504 0.0181	
174.810160 295.096637	8.43e-01  8.97e-01  6.75e+02	9.3661 102.9870 0.6890	
174.810160 295.096637	6.72e-01  8.79e-01  7.18e+02	-11.6619 71.4533 0.6339	
174.810160 295.096637	8.04e-01  9.32e-01  6.75e+02	53.9755 88.0152 0.9213	
174.810160 295.096637	6.47e-01  9.18e-01  7.12e+02	-13.4338 76.4164 0.4690	
174.810160 295.096637	8.24e-01  8.86e-01  6.82e+02	17.2161 97.5510 0.0102	
174.810160 295.096637	7.98e-01  8.61e-01  6.94e+02	-43.3071 80.0891 0.7911	
174.810160 295.096637	7.55e-01  8.47e-01  7.08e+02	-4.3916 80.7329 0.1813	
174.810160 295.096637	8.02e-01  9.24e-01  6.78e+02	17.1136 100.4117 0.5076	
174.810160 295.096637	7.30e-01  9.25e-01  6.93e+02	55.7932 73.2590 0.6098	
174.810160 295.096637	7.25e-01  8.61e-01  7.11e+02	4.4827 78.3296 0.3564	
174.810160 295.096637	7.82e-01  8.31e-01  7.06e+02	-15.7538 81.2684 0.9204	
174.810160 295.096637	6.90e-01  8.53e-01  7.21e+02	-48.8032 49.1908 0.7982	
174.810160 295.096637	6.96e-01  9.52e-01  6.92e+02	59.9345 70.2285 0.4068	
174.810160 295.096637	7.92e-01  9.53e-01  6.72e+02	-10.5484 104.3808 0.3935	
174.810160 295.096637	7.15e-01  9.07e-01  7.01e+02	19.6061 84.2198 0.9145	
174.810160 295.096637	7.32e-01  8.43e-01  7.14e+02	-9.0133 75.1518 0.7633	
174.810160 295.096637	7.40e-01  8.53e-01  7.10e+02	-9.0202 78.9479 0.8634	
174.810160 295.096637	8.31e-01  9.39e-01  6.68e+02	13.7580 106.7905 0.9285	
174.810160 295.096637	7.38e-01  8.94e-01  6.99e+02	-41.6827 76.8964 0.7031	
174.810160 295.096637	8.25e-01  9.39e-01  6.69e+02	-5.6790 106.6841 0.9642	
174.810160 295.096637	8.64e-01  8.74e-01  6.76e+02	-24.5675 99.9430 0.0854	
174.810160 295.096637	7.77e-01  9.39e-01  6.79e+02	-39.4410 92.7265 0.9401	
174.810160 295.096637	8.34e-01  8.80e-01  6.81e+02	20.3469 97.5534 0.7520	
174.810160 295.096637	7.42e-01  9.46e-01  6.85e+02	-72.8216 64.8619 0.7891	
174.810160 295.096637	7.42e-01  8.69e-01  7.05e+02	50.4293 66.1105 0.9509	
174.810160 295.096637	6.74e-01  9.69e-01  6.92e+02	4.6485 92.3668 0.4683	
174.810160 295.096637	7.29e-01  9.67e-01  6.82e+02	-38.2004 91.6154 0.7557	
174.810160 295.096637	7.96e-01  9.67e-01  6.68e+02	-11.7350 106.7625 0.0949	
174.810160 295.096637	7.35e-01  9.71e-01  6.80e+02	-7.0014 100.4354 0.9501	
174.810160 295.096637	7.99e-01  8.87e-01  6.88e+02	28.5005 91.2931 0.7040	
174.810160 295.096637	7.71e-01  9.84e-01  6.69e+02	-35.7213 100.7884 0.1665	
174.810160 295.096637	7.19e-01  9.57e-01  6.87e+02	-9.3914 95.8110 0.4131	
174.810160 295.096637	6.72e-01  8.98e-01  7.12e+02	-6.1571 77.0135 0.4550	
174.810160 295.096637	6.68e-01  8.40e-01  7.30e+02	30.6324 52.4580 0.6220	
174.810160 295.096637	7.01e-01  8.59e-01  7.17e+02	2.3919 73.2173 0.2841	
174.810160 295.096637	7.74e-01  8.75e-01  6.96e+02	-14.8497 88.5121 0.5538	
174.810160 295.096637	7.10e-01  9.31e-01  6.96e+02	9.6509 89.6918 0.4288	
174.810160 295.096637	7.99e-01  8.79e-01  6.89e+02	-38.1011 86.2875 0.3047	
174.810160 295.096637	8.78e-01  9.25e-01  6.61e+02	67.2820 88.8278 0.4767	
174.810160 295.096637	7.96e-01  8.93e-01  6.87e+02	-43.2049 85.8991 0.7812	
174.810160 295.096637	7.99e-01  9.14e-01  6.81e+02	16.7136 98.5143 0.4626	
174.810160 295.096637	7.85e-01  9.14e-01  6.84e+02	-26.6042 94.1908 0.4340	
174.810160 295.096637	7.13e-01  8.87e-01  7.07e+02	-11.9917 80.9754 0.6478	
174.810160 295.096637	7.17e-01  9.07e-01  7.00e+02	-34.0230 79.7022 0.7362	
174.810160 295.096637	7.36e-01  8.55e-01  7.10e+02	16.0829 77.4323 0.0315	
174.810160 295.096637	7.27e-01  8.51e-01  7.13e+02	-13.4837 75.2508 0.7537	
174.810160 295.096637	7.78e-01  8.34e-01  7.06e+02	-58.3849 58.3102 0.2070	
174.810160 295.096637	6.67e-01  9.20e-01  7.07e+02	23.3522 77.9872 0.3723	
174.810160 295.096637	6.92e-01  9.15e-01  7.04e+02	-31.0770 78.3132 0.6530	
174.810160 295.096637	8.30e-01  8.64e-01  6.86e+02	-42.3028 86.6350 0.2323	
174.810160 295.096637	7.95e-01  9.28e-01  6.78e+02	63.8912 78.8420 0.1059	
174.810160 295.096637	8.18e-01  9.24e-01  6.74e+02	-38.3626 96.5473 0.9274	
174.810160 295.096637	7.23e-01  9.47e-01  6.88e+02	28.9464 90.5664 0.4111	
174.810160 295.096637	8.02e-01  8.94e-01  6.85e+02	37.7822 89.4492 0.3523	
174.810160 295.096637	5.16e-01  9.32e-01  7.33e+02	12.0913 56.2449 0.3206	
174.810160 295.096637	8.54e-01  9.88e-01  6.51e+02	3.4336 116.5189 0.2633	
174.810160 295.096637	7.51e-01  9.21e-01  6.89e+02	45.3144 82.7337 0.2318	
174.810160 295.096637	6.90e-01  8.67e-01  7.17e+02	4.0433 72.8271 0.2287	
174.810160 295.096637	8.06e-01  9.07e-01  6.81e+02	-17.8439 98.2314 0.0195	
174.810160 295.096637	7.80e-01  9.25e-01  6.82e+02	-13.3417 98.2438 0.4697	
174.810160 295.096637	9.18e-01  9.83e-01  6.39e+02	-36.6484 116.8546 0.7645	
174.810160 295.096637	7.28e-01  8.70e-01  7.08e+02	25.9747 76.6090 0.9575	
174.810160 295.096637	8.09e-01  9.44e-01  6.71e+02	-26.3715 102.2951 0.5352	
174.810160 295.096637	7.89e-01  8.74e-01  6.93e+02	33.2774 85.6137 0.8543	
174.810160 295.096637	8.68e-01  9.15e-01  6.65e+02	-32.8275 103.9283 0.9516	
174.810160 295.096637	7.55e-01  9.26e-01  6.87e+02	-49.0780 82.2948 0.3089	
174.810160 295.096637	7.35e-01  8.76e-01  7.05e+02	-30.5969 77.5222 0.4072	
174.810160 295.096637	6.91e-01  8.83e-01  7.13e+02	-10.3520 76.2426 0.9881	
174.810160 295.096637	8.16e-01  9.39e-01  6.71e+02	-41.0897 97.5239 0.6944	
174.810160 295.096637	6.69e-01  9.57e-01  6.96e+02	7.6813 89.3137 0.6861	
174.810160 295.096637	7.11e-01  8.54e-01  7.16e+02	5.3991 73.7874 0.6237	
174.810160 295.096637	7.79e-01  8.82e-01  6.93e+02	8.5198 91.2619 0.0778	
174.810160 295.096637	8.41e-01  9.19e-01  6.70e+02	-9.3795 105.7704 0.2997	
174.810160 295.096637	7.38e-01  9.09e-01  6.95e+02	-44.0175 78.7872 0.4762	
174.810160 295.096637	8.44e-01  8.66e-01  6.82e+02	-30.4193 94.1495 0.1303	
174.810160 295.096637	8.71e-01  9.71e-01  6.51e+02	4.2528 116.3273 0.2632	
174.810160 295.096637	8.38e-01  9.56e-01  6.62e+02	5.5821 110.6265 0.8231	
174.810160 295.096637	5.82e-01  9.59e-01  7.12e+02	61.1082 47.5254 0.6335	
174.810160 295.096637	6.92e-01  7.76e-01  7.42e+02	-14.5292 42.7917 0.5284	
174.810160 295.096637	7.79e-01  8.86e-01  6.92e+02	43.7034 81.3952 0.5395	
174.810160 295.096637	7.94e-01  8.42e-01  7.00e+02	1.5330 87.0105 0.8202	
174.810160 295.096637	6.56e-01  9.14e-01  7.11e+02	23.4106 74.6751 0.6318	
174.810160 295.096637	7.96e-01  9.24e-01  6.79e+02	26.6166 97.4787 0.9356	
174.810160 295.096637	7.42e-01  8.88e-01  7.00e+02	-67.1761 55.4091 0.4389	
174.810160 295.096637	7.72e-01  8.96e-01  6.92e+02	22.6977 90.1440 0.4334	
174.810160 295.096637	5.71e-01  9.23e-01  7.26e+02	18.9014 62.4095 0.9656	
174.810160 295.096637	7.36e-01  9.96e-01  6.73e+02	-13.2688 103.9365 0.2309	
174.810160 295.096637	6.63e-01  9.08e-01  7.12e+02	-9.0842 77.4569 0.2475	
174.810160 295.096637	8.13e-01  8.74e-01  6.88e+02	-27.6751 91.5312 0.9528	
174.810160 295.096637	7.10e-01  9.21e-01  6.98e+02	-38.2049 79.7338 0.3826	
174.810160 295.096637	6.65e-01  8.41e-01  7.30e+02	-3.1679 60.1843 0.6545	
174.810160 295.096637	7.87e-01  8.80e-01  6.92e+02	-15.5213 91.3370 0.8695	
174.810160 295.096637	7.57e-01  9.48e-01  6.81e+02	2.0694 99.7343 0.5368	
174.810160 295.096637	7.08e-01  8.92e-01  7.06e+02	55.7861 60.2958 0.1364	
174.810160 295.096637	7.66e-01  9.26e-01  6.85e+02	1.8141 97.2332 0.4575	
174.810160 295.096637	7.47e-01  9.14e-01  6.92e+02	-49.5845 78.1518 0.3880	
174.810160 295.096637	7.15e-01  9.23e-01  6.97e+02	33.8539 82.7811 0.9173	
174.810160 295.096637	7.07e-01  9.69e-01  6.86e+02	-5.3887 96.6770 0.3559	
174.810160 295.096637	6.53e-01  9.44e-01  7.04e+02	30.0858 78.8472 0.5068	
174.810160 295.096637	7.53e-01  9.08e-01  6.93e+02	49.6416 77.7528 0.5148	
174.810160 295.096637	8.31e-01  9.53e-01  6.64e+02	-2.2431 109.6088 0.4490	
174.810160 295.096637	8.40e-01  9.28e-01  6.68e+02	-5.7324 107.0939 0.9344	
174.810160 295.096637	5.91e-01  9.18e-01  7.23e+02	-7.8329 67.0999 0.2921	
174.810160 295.096637	8.40e-01  9.64e-01  6.60e+02	31.1221 107.6132 0.5568	
174.810160 295.096637	4.70e-01  9.65e-01  7.30e+02	-17.3271 58.0199 0.8085	
174.810160 295.096637	7.35e-01  8.67e-01  7.07e+02	-1.0716 81.3236 0.7872	
174.810160 295.096637	6.68e-01  9.13e-01  7.09e+02	-26.0214 75.6707 0.9204	
174.810160 295.096637	7.55e-01  9.08e-01  6.92e+02	28.4533 88.2946 0.2743	
174.810160 295.096637	7.04e-01  8.15e-01  7.29e+02	7.6473 61.6765 0.6516	
174.810160 295.096637	8.15e-01  9.91e-01  6.58e+02	-35.7590 106.9532 0.6573	
174.810160 295.096637	6.73e-01  8.15e-01  7.36e+02	19.7459 49.6772 0.0158	
174.810160 295.096637	7.67e-01  9.34e-01  6.83e+02	-34.5118 92.4951 0.5060	
174.810160 295.096637	8.13e-01  9.67e-01  6.64e+02	-12.9370 108.7179 0.6708	
174.810160 295.096637	8.20e-01  9.96e-01  6.56e+02	-12.7786 113.2871 0.5090	
174.810160 295.096637	7.11e-01  9.13e-01  7.00e+02	-5.2461 86.8465 0.6842	
174.810160 295.096637	7.79e-01  9.21e-01  6.83e+02	23.1268 95.5734 0.1623	
174.810160 295.096637	6.16e-01  9.02e-01  7.23e+02	9.2861 67.1993 0.5430	
174.810160 295.096637	8.83e-01  9.52e-01  6.53e+02	17.4860 114.0061 0.6353	
174.810160 295.096637	7.27e-01  9.18e-01  6.96e+02	-29.8382 85.0985 0.8269	
174.810160 295.096637	7.22e-01  9.72e-01  6.82e+02	-29.8075 94.7180 0.4943	
174.810160 295.096637	6.33e-01  9.58e-01  7.03e+02	-14.0424 83.4440 0.6588	
174.810160 295.096637	8.11e-01  9.71e-01  6.64e+02	-0.7212 109.7371 0.9116	
174.810160 295.096637	7.76e-01  9.65e-01  6.73e+02	-71.1361 76.9211 0.2999	
174.810160 295.096637	7.51e-01  8.78e-01  7.01e+02	-8.3574 86.0188 0.6962	
174.810160 295.096637	7.47e-01  8.90e-01  6.98e+02	-22.1971 85.2707 0.0169	
174.810160 295.096637	7.94e-01  9.47e-01  6.74e+02	53.6966 89.3699 0.3347	
174.810160 295.096637	6.95e-01  9.53e-01  6.92e+02	14.0014 91.2801 0.2467	
174.810160 295.096637	8.57e-01  8.64e-01  6.80e+02	-37.0783 93.3727 0.2630	
174.810160 295.096637	7.46e-01  8.22e-01  7.17e+02	-18.2389 71.3923 0.5419	
174.810160 295.096637	8.83e-01  9.59e-01  6.52e+02	35.3250 110.6219 0.7044	
174.810160 295.096637	7.65e-01  9.20e-01  6.87e+02	-7.9340 95.8142 0.5744	
174.810160 295.096637	7.43e-01  8.82e-01  7.01e+02	49.0704 70.5162 0.0878	
174.810160 295.096637	6.20e-01  9.23e-01  7.16e+02	-11.9829 73.1103 0.3356	
174.810160 295.096637	8.70e-01  9.45e-01  6.58e+02	15.2770 112.0739 0.0023	
174.810160 295.096637	6.60e-01  8.74e-01  7.22e+02	-15.5161 66.8025 0.7339	
174.810160 295.096637	7.74e-01  8.66e-01  6.99e+02	-17.5473 86.3232 0.9277	
174.810160 295.096637	6.14e-01  9.16e-01  7.19e+02	28.7073 65.3513 0.6282	
174.810160 295.096637	7.23e-01  8.53e-01  7.14e+02	-17.7724 74.2461 0.0733	
174.810160 295.096637	7.93e-01  9.18e-01  6.81e+02	-35.0844 93.4036 0.8416	
174.810160 295.096637	7.80e-01  8.89e-01  6.91e+02	14.2416 91.9375 0.0920	
174.810160 295.096637	8.23e-01  9.47e-01  6.67e+02	-1.7125 107.8922 0.2823	
174.810160 295.096637	7.02e-01  8.58e-01  7.17e+02	7.0897 72.7954 0.8283	
174.810160 295.096637	7.49e-01  9.24e-01  6.89e+02	-29.2995 89.9747 0.8311	
174.810160 295.096637	8.21e-01  8.47e-01  6.93e+02	51.9297 76.3062 0.3624	
174.810160 295.096637	7.47e-01  8.86e-01  7.00e+02	-9.9030 86.7972 0.3344	
174.810160 295.096637	8.63e-01  8.95e-01  6.71e+02	-36.7937 99.0791 0.2852	
174.810160 295.096637	7.06e-01  8.76e-01  7.11e+02	-28.3951 72.9073 0.7311	
174.810160 295.096637	7.75e-01  8.75e-01  6.96e+02	46.9394 76.6195 0.8505	
174.810160 295.096637	6.89e-01  8.38e-01  7.26e+02	-26.0353 59.7195 0.7276	
174.810160 295.096637	7.42e-01  9.10e-01  6.94e+02	-7.5057 90.8318 0.6570	
174.810160 295.096637	6.95e-01  9.21e-01  7.01e+02	-27.9114 81.3587 0.4338	
174.810160 295.096637	8.05e-01  8.73e-01  6.90e+02	-30.7593 88.8878 0.6108	
174.810160 295.096637	8.25e-01  8.69e-01  6.86e+02	67.8179 68.8404 0.9571	
174.810160 295.096637	8.34e-01  8.82e-01  6.81e+02	-22.5860 97.3020 0.0159	
174.810160 295.096637	7.35e-01  8.73e-01  7.06e+02	-33.9888 75.4465 0.8886	
174.810160 295.096637	6.64e-01  9.25e-01  7.06e+02	-23.8618 78.6013 0.6358	
174.810160 295.096637	7.46e-01  9.13e-01  6.93e+02	1.1647 92.1718 0.8593	
174.810160 295.096637	7.99e-01  8.77e-01  6.90e+02	-15.4037 92.6295 0.1418	
174.810160 295.096637	7.16e-01  8.69e-01  7.11e+02	12.2856 77.4704 0.7190	
174.810160 295.096637	8.09e-01  8.37e-01  6.98e+02	7.7844 88.1997 0.9103	
174.810160 295.096637	5.39e-01  9.30e-01  7.29e+02	27.2576 54.8032 0.3377	
174.810160 295.096637	8.30e-01  8.85e-01  6.81e+02	35.5834 93.2645 0.8674	
174.810160 295.096637	8.32e-01  9.13e-01  6.74e+02	38.0844 96.8857 0.5550	
174.810160 295.096637	6.96e-01  8.52e-01  7.20e+02	34.0353 61.6779 0.5891	
174.810160 295.096637	7.72e-01  8.99e-01  6.91e+02	-52.0039 77.7152 0.0468	
174.810160 295.096637	7.19e-01  9.32e-01  6.93e+02	-27.7916 87.6329 0.1823	
174.810160 295.096637	8.86e-01  9.58e-01  6.51e+02	10.9350 115.8900 0.6003	
174.810160 295.096637	7.85e-01  8.98e-01  6.88e+02	-27.8980 91.0606 0.3209	
174.810160 295.096637	8.23e-01  8.52e-01  6.91e+02	27.6020 89.3597 0.4171	
174.810160 295.096637	6.67e-01  8.85e-01  7.17e+02	5.3114 72.9933 0.8480	
174.810160 295.096637	7.76e-01  8.67e-01  6.98e+02	-1.9986 88.3937 0.0347	
174.810160 295.096637	6.90e-01  8.00e-01  7.36e+02	-32.0541 42.8065 0.7720	
174.810160 295.096637	8.39e-01  9.44e-01  6.65e+02	8.0993 109.0818 0.0662	
174.810160 295.096637	7.56e-01  9.18e-01  6.89e+02	29.4397 89.7970 0.3753	
174.810160 295.096637	7.12e-01  9.88e-01  6.79e+02	-14.1509 99.7600 0.1341	
174.810160 295.096637	7.91e-01  8.83e-01  6.90e+02	-20.5130 91.4905 0.7290	
174.810160 295.096637	7.88e-01  9.06e-01  6.85e+02	16.4649 95.6790 0.9633	
174.810160 295.096637	6.06e-01  9.27e-01  7.18e+02	26.9261 67.4999 0.6437	
174.810160 295.096637	7.92e-01  8.36e-01  7.02e+02	27.7157 80.7890 0.2441	
174.810160 295.096637	7.04e-01  8.77e-01  7.12e+02	8.6836 77.5496 0.2200	
174.810160 295.096637	8.05e-01  9.02e-01  6.83e+02	-2.7482 98.7909 0.0580	
174.810160 295.096637	6.89e-01  8.09e-01  7.34e+02	10.8590 55.1637 0.0583	
174.810160 295.096637	6.93e-01  9.41e-01  6.96e+02	-34.6539 82.9778 0.9439	
174.810160 295.096637	7.11e-01  8.85e-01  7.08e+02	-19.5505 78.5981 0.1369	
174.810160 295.096637	7.87e-01  9.13e-01  6.83e+02	-37.4921 90.7734 0.3823	
174.810160 295.096637	8.02e-01  8.42e-01  6.98e+02	-24.7755 84.7654 0.9340	
174.810160 295.096637	8.66e-01  8.95e-01  6.70e+02	3.6486 106.0134 0.3066	
174.810160 295.096637	7.61e-01  9.31e-01  6.85e+02	42.1899 87.9013 0.8871	
174.810160 295.096637	7.06e-01  8.44e-01  7.20e+02	-3.1614 70.5546 0.0244	
174.810160 295.096637	7.24e-01  8.11e-01  7.25e+02	-44.5272 48.6570 0.1517	
174.810160 295.096637	8.02e-01  9.02e-01  6.83e+02	29.3752 94.0458 0.7431	
174.810160 295.096637	7.60e-01  8.90e-01  6.96e+02	5.7329 89.9028 0.0694	
174.810160 295.096637	6.78e-01  9.47e-01  6.98e+02	-17.2050 87.0415 0.7983	
174.810160 295.096637	7.40e-01  9.06e-01  6.96e+02	22.1651 87.2996 0.5560	
174.810160 295.096637	6.98e-01  8.23e-01  7.28e+02	-0.9498 63.0079 0.4128	
174.810160 295.096637	7.71e-01  9.27e-01  6.84e+02	1.6942 98.1076 0.7078	
174.810160 295.096637	7.02e-01  8.78e-01  7.12e+02	-5.5554 77.5899 0.8383	
174.810160 295.096637	6.85e-01  9.18e-01  7.04e+02	28.1279 79.0928 0.9950	
174.810160 295.096637	8.04e-01  8.90e-01  6.86e+02	-42.9900 86.8678 0.6560	
174.810160 295.096637	7.20e-01  8.99e-01  7.02e+02	-20.2883 83.0876 0.1694	
174.810160 295.096637	6.44e-01  9.26e-01  7.10e+02	7.6296 78.7856 0.1261	
174.810160 295.096637	5.51e-01  9.56e-01  7.19e+02	-38.7362 60.3375 0.5130	
174.810160 295.096637	7.54e-01  9.19e-01  6.89e+02	43.0130 84.0509 0.6281	
174.810160 295.096637	7.61e-01  9.19e-01  6.88e+02	29.9037 90.5502 0.2692	
174.810160 295.096637	6.95e-01  9.10e-01  7.04e+02	-22.3282 80.7216 0.9480	
174.810160 295.096637	6.64e-01  8.74e-01  7.21e+02	-33.5205 61.0827 0.8939	
174.810160 295.096637	7.19e-01  8.75e-01  7.09e+02	4.8931 80.2971 0.0838	
174.810160 295.096637	7.82e-01  9.04e-01  6.87e+02	31.1975 90.6111 0.2497	
174.810160 295.096637	7.24e-01  9.73e-01  6.81e+02	0.0105 99.7632 0.7293	
174.810160 295.096637	7.34e-01  8.31e-01  7.17e+02	-15.8128 71.6059 0.5628	
174.810160 295.096637	7.02e-01  9.16e-01  7.01e+02	-9.0599 85.6052 0.4116	
174.810160 295.096637	6.82e-01  9.30e-01  7.02e+02	-3.4598 85.6918 0.1083	
174.810160 295.096637	7.49e-01  8.39e-01  7.11e+02	2.2154 78.0701 0.5515	
174.810160 295.096637	6.86e-01  9.27e-01  7.02e+02	17.6755 84.0422 0.0877	
174.810160 295.096637	7.92e-01  9.12e-01  6.83e+02	-18.0635 96.9308 0.8370	
174.810160 295.096637	6.86e-01  9.10e-01  7.06e+02	6.4828 81.9984 0.9101	
174.810160 295.096637	8.41e-01  9.36e-01  6.66e+02	3.6648 108.4643 0.7616	
174.810160 295.096637	7.33e-01  9.48e-01  6.86e+02	-32.9791 90.7311 0.0164	
174.810160 295.096637	8.11e-01  9.45e-01  6.71e+02	-5.3013 105.8619 0.9474	
174.810160 295.096637	7.43e-01  9.08e-01  6.94e+02	6.5208 90.7405 0.0621	
174.810160 295.096637	8.78e-01  9.45e-01  6.56e+02	-14.9340 113.0355 0.5159	
174.810160 295.096637	8.32e-01  9.22e-01  6.72e+02	-6.1856 105.2174 0.4264	
174.810160 295.096637	6.98e-01  9.50e-01  6.93e+02	48.6213 78.2556 0.9377	
174.810160 295.096637	7.31e-01  8.84e-01  7.04e+02	33.6628 77.1996 0.4401	
174.810160 295.096637	7.51e-01  9.36e-01  6.85e+02	-23.9087 94.0439 0.1634	
174.810160 295.096637	7.61e-01  9.35e-01  6.83e+02	15.8924 96.9386 0.2308	
174.810160 295.096637	7.22e-01  9.03e-01  7.00e+02	-10.5948 86.0673 0.1172	
174.810160 295.096637	6.89e-01  8.48e-01  7.23e+02	-18.6827 65.2818 0.3979	
174.810160 295.096637	7.80e-01  8.77e-01  6.94e+02	-40.2919 81.5903 0.0857	
174.810160 295.096637	7.24e-01  8.77e-01  7.07e+02	33.5268 74.3143 0.4312	
174.810160 295.096637	7.89e-01  9.26e-01  6.80e+02	11.8035 99.8132 0.3306	
174.810160 295.096637	7.83e-01  9.29e-01  6.80e+02	56.3847 82.6940 0.5223	
174.810160 295.096637	7.30e-01  8.93e-01  7.01e+02	-17.4241 84.2593 0.1947	
174.810160 295.096637	8.36e-01  8.41e-01  6.90e+02	-21.8286 91.3769 0.4473	
174.810160 295.096637	6.46e-01  8.82e-01  7.23e+02	28.6837 61.8344 0.1514	
174.810160 295.096637	7.29e-01  9.18e-01  6.95e+02	-19.6141 88.5327 0.0802	
174.810160 295.096637	6.19e-01  9.05e-01  7.21e+02	-9.2779 68.6467 0.2497	
174.810160 295.096637	7.87e-01  8.96e-01  6.88e+02	-5.3423 95.1575 0.2273	
174.810160 295.096637	7.78e-01  9.23e-01  6.83e+02	-60.7093 77.5178 0.3343	
174.810160 295.096637	6.87e-01  9.32e-01  7.00e+02	27.0688 82.8366 0.8070	
174.810160 295.096637	5.71e-01  9.16e-01  7.28e+02	37.3087 50.9732 0.8781	
174.810160 295.096637	9.00e-01  9.62e-01  6.47e+02	-10.3608 117.9290 0.0947	
174.810160 295.096637	6.94e-01  8.64e-01  7.17e+02	-17.9226 70.8201 0.5472	
174.810160 295.096637	6.49e-01  9.27e-01  7.09e+02	-15.1248 78.6508 0.9355	
174.810160 295.096637	7.30e-01  9.35e-01  6.90e+02	-26.7809 89.9295 0.5516	
174.810160 295.096637	6.70e-01  9.68e-01  6.93e+02	28.2545 87.2514 0.9664	
174.810160 295.096637	7.18e-01  9.22e-01  6.96e+02	-26.5426 85.9009 0.2554	
174.810160 295.096637	6.93e-01  9.79e-01  6.86e+02	35.8888 89.8827 0.4009	
174.810160 295.096637	7.40e-01  9.17e-01  6.93e+02	-13.5014 91.1804 0.9105	
174.810160 295.096637	6.67e-01  8.89e-01  7.16e+02	-28.6981 68.3425 0.2524	
174.810160 295.096637	7.31e-01  8.13e-01  7.23e+02	-15.6641 66.2155 0.8532	
174.810160 295.096637	7.41e-01  8.82e-01  7.02e+02	-29.2518 80.4119 0.3284	
174.810160 295.096637	8.48e-01  9.52e-01  6.61e+02	19.3089 109.7632 0.8822	
174.810160 295.096637	7.49e-01  9.13e-01  6.92e+02	-37.4132 84.8654 0.2864	
174.810160 295.096637	6.39e-01  8.75e-01  7.26e+02	20.4556 61.1908 0.8140	
174.810160 295.096637	9.56e-01  9.74e-01  6.33e+02	42.6087 117.8754 0.6482	
174.810160 295.096637	8.26e-01  9.01e-01  6.78e+02	46.7188 90.2291 0.3373	
174.810160 295.096637	6.95e-01  9.05e-01  7.06e+02	-15.7429 81.3067 0.2870	
174.810160 295.096637	7.46e-01  9.74e-01  6.77e+02	13.7778 101.5012 0.7653	
174.810160 295.096637	7.07e-01  9.43e-01  6.93e+02	5.9211 92.0469 0.2590	
174.810160 295.096637	6.35e-01  9.31e-01  7.11e+02	-10.0096 78.2289 0.5380	
174.810160 295.096637	7.80e-01  8.30e-01  7.06e+02	4.8495 81.9711 0.3465	
174.810160 295.096637	8.83e-01  9.43e-01  6.55e+02	-14.4041 113.4204 0.2988	
174.810160 295.096637	7.86e-01  8.81e-01  6.92e+02	2.7536 92.5095 0.4487	
174.810160 295.096637	7.97e-01  9.04e-01  6.84e+02	-7.2383 97.7409 0.2731	
174.810160 295.096637	8.46e-01  8.83e-01  6.78e+02	10.3270 101.1610 0.4879	
174.810160 295.096637	7.30e-01  8.62e-01  7.10e+02	23.1804 75.9262 0.9960	
174.810160 295.096637	6.20e-01  9.60e-01  7.05e+02	22.7181 80.0467 0.7691	
174.810160 295.096637	8.13e-01  9.32e-01  6.73e+02	5.8848 104.3137 0.0029	
174.810160 295.096637	7.19e-01  9.12e-01  6.99e+02	34.0994 80.9721 0.8479	
174.810160 295.096637	8.46e-01  9.01e-01  6.73e+02	47.2846 92.9867 0.2276	
174.810160 295.096637	6.97e-01  9.08e-01  7.04e+02	41.2137 72.7858 0.0354	
174.810160 295.096637	6.29e-01  8.89e-01  7.24e+02	-8.1114 66.2188 0.2615	
174.810160 295.096637	8.30e-01  8.54e-01  6.89e+02	-49.2878 81.0649 0.2270	
174.810160 295.096637	6.87e-01  9.35e-01  6.99e+02	-15.0246 86.2471 0.1314	
174.810160 295.096637	8.17e-01  8.71e-01  6.87e+02	-24.1179 92.5957 0.7397	
174.810160 295.096637	6.80e-01  9.75e-01  6.89e+02	13.7274 93.5212 0.1080	
174.810160 295.096637	7.82e-01  8.38e-01  7.04e+02	-29.6984 78.7734 0.0554	
174.810160 295.096637	8.46e-01  9.34e-01  6.66e+02	25.0277 105.9168 0.3430	
174.810160 295.096637	7.21e-01  8.75e-01  7.08e+02	-12.8947 79.6964 0.6641	
174.810160 295.096637	7.84e-01  8.86e-01  6.91e+02	-6.2847 92.9013 0.4242	
174.810160 295.096637	8.46e-01  9.62e-01  6.59e+02	37.8041 105.9883 0.7709	
174.810160 295.096637	7.54e-01  9.64e-01  6.78e+02	50.1418 88.6703 0.4210	
174.810160 295.096637	7.84e-01  9.28e-01  6.80e+02	-22.2959 97.5838 0.1887	
174.810160 295.096637	7.27e-01  9.46e-01  6.88e+02	-36.6988 88.1423 0.3235	
174.810160 295.096637	8.21e-01  9.51e-01  6.67e+02	-14.5589 107.1344 0.0935	
174.810160 295.096637	7.53e-01  7.99e-01  7.21e+02	-13.4753 68.3489 0.0629	
174.810160 295.096637	7.20e-01  8.97e-01  7.03e+02	1.6512 85.1128 0.2424	
174.810160 295.096637	7.64e-01  9.39e-01  6.82e+02	12.2917 98.3568 0.7663	
174.810160 295.096637	7.15e-01  9.18e-01  6.98e+02	13.2195 87.5968 0.4106	
174.810160 295.096637	8.73e-01  9.74e-01  6.50e+02	31.5245 112.5824 0.1644	
174.810160 295.096637	8.04e-01  9.11e-01  6.81e+02	-26.3298 96.5374 0.0525	
174.810160 295.096637	7.52e-01  8.72e-01  7.02e+02	-31.5515 79.3160 0.9575	
174.810160 295.096637	7.84e-01  8.90e-01  6.90e+02	8.2559 93.4015 0.4746	
174.810160 295.096637	9.10e-01  9.54e-01  6.47e+02	-24.6740 115.9369 0.9146	
174.810160 295.096637	7.64e-01  9.33e-01  6.84e+02	-10.7453 97.6125 0.6327	
174.810160 295.096637	6.60e-01  7.94e-01  7.45e+02	2.2049 40.5256 0.3120	
174.810160 295.096637	7.02e-01  8.96e-01  7.07e+02	-11.5052 81.1440 0.4359	
174.810160 295.096637	8.46e-01  9.84e-01  6.54e+02	-4.2587 115.1937 0.2346	
174.810160 295.096637	7.04e-01  8.98e-01  7.06e+02	-29.3234 77.4899 0.8993	
174.810160 295.096637	7.89e-01  8.94e-01  6.88e+02	-50.5888 80.6387 0.6046	
174.810160 295.096637	8.03e-01  9.63e-01  6.68e+02	9.1632 107.2388 0.1327	
174.810160 295.096637	7.04e-01  9.30e-01  6.97e+02	-31.5406 83.4400 0.5852	
174.810160 295.096637	6.31e-01  9.13e-01  7.17e+02	-19.6902 70.9794 0.5999	
174.810160 295.096637	7.04e-01  8.78e-01  7.11e+02	35.1951 69.8637 0.6682	
174.810160 295.096637	7.18e-01  8.72e-01  7.10e+02	20.4585 76.7796 0.9470	
174.810160 295.096637	9.00e-01  9.33e-01  6.54e+02	25.7985 112.1436 0.3706	
174.810160 295.096637	8.20e-01  9.16e-01  6.76e+02	11.6889 102.4135 0.0612	
174.810160 295.096637	7.56e-01  8.62e-01  7.04e+02	-46.9589 69.9601 0.5423	
174.810160 295.096637	8.07e-01  8.87e-01  6.86e+02	-12.1624 95.9722 0.9139	
174.810160 295.096637	7.78e-01  9.38e-01  6.79e+02	-49.4962 87.7510 0.5905	
174.810160 295.096637	7.73e-01  9.68e-01  6.73e+02	-49.7867 92.2628 0.2249	
174.810160 295.096637	7.84e-01  8.85e-01  6.91e+02	-13.9285 92.0132 0.3004	
174.810160 295.096637	7.70e-01  9.12e-01  6.88e+02	31.1543 90.3881 0.1844	
174.810160 295.096637	8.26e-01  8.97e-01  6.79e+02	60.9810 80.4432 0.5130	
174.810160 295.096637	7.54e-01  8.93e-01  6.96e+02	-23.8389 86.6574 0.5460	
174.810160 295.096637	7.51e-01  8.95e-01  6.96e+02	-4.6374 89.5009 0.3503	
174.810160 295.096637	7.44e-01  8.24e-01  7.17e+02	8.8860 73.2502 0.0240	
174.810160 295.096637	8.27e-01  8.90e-01  6.80e+02	-5.9990 99.9561 0.9704	
174.810160 295.096637	8.06e-01  8.81e-01  6.87e+02	-16.0345 94.3239 0.2948	
174.810160 295.096637	7.01e-01  9.10e-01  7.03e+02	-19.6594 82.4034 0.2055	
174.810160 295.096637	6.17e-01  9.41e-01  7.11e+02	-2.1504 78.1788 0.9886	
174.810160 295.096637	7.80e-01  8.83e-01  6.93e+02	-1.1851 92.0689 0.8396	
174.810160 295.096637	7.98e-01  9.52e-01  6.71e+02	43.5021 96.0826 0.0364	
174.810160 295.096637	7.43e-01  8.99e-01  6.97e+02	-38.9087 80.1568 0.7964	
174.810160 295.096637	7.63e-01  9.02e-01  6.92e+02	-42.7272 82.3721 0.6189	
174.810160 295.096637	6.73e-01  9.18e-01  7.07e+02	26.0657 77.5995 0.8954	
174.810160 295.096637	7.11e-01  8.70e-01  7.12e+02	-37.3032 68.3515 0.2584	
174.810160 295.096637	7.63e-01  8.53e-01  7.05e+02	61.1446 57.0586 0.5123	
174.810160 295.096637	7.91e-01  9.09e-01  6.84e+02	13.2600 97.0000 0.9139	
174.810160 295.096637	7.68e-01  9.01e-01  6.91e+02	28.3456 89.0500 0.4131	
174.810160 295.096637	6.40e-01  9.26e-01  7.11e+02	-5.9189 78.0469 0.0099	
174.810160 295.096637	6.99e-01  9.29e-01  6.98e+02	-3.0885 88.1377 0.6963	
174.810160 295.096637	7.58e-01  8.48e-01  7.07e+02	55.4006 60.1855 0.5232	
174.810160 295.096637	7.08e-01  9.47e-01  6.91e+02	-33.8834 86.6640 0.3995	
