91.568756 294.884065	7.11e-01  8.71e-01  5.93e+02	0.0000 64.9667 0.2057	
91.568756 294.884065	7.64e-01  8.70e-01  5.84e+02	15.6651 70.8207 0.6629	
91.568756 294.884065	7.73e-01  9.23e-01  5.70e+02	-1.7977 81.6220 0.7363	
91.568756 294.884065	7.18e-01  9.04e-01  5.85e+02	-30.1637 65.1127 0.8680	
91.568756 294.884065	6.91e-01  8.80e-01  5.95e+02	21.4933 59.9556 0.6349	
91.568756 294.884065	7.84e-01  8.46e-01  5.85e+02	1.5561 71.6795 0.4502	
91.568756 294.884065	7.86e-01  9.53e-01  5.62e+02	18.0413 84.9646 0.3611	
91.568756 294.884065	6.77e-01  9.34e-01  5.85e+02	1.2682 71.5869 0.0581	
91.568756 294.884065	7.88e-01  8.48e-01  5.83e+02	12.5224 71.4983 0.2972	
91.568756 294.884065	7.77e-01  8.63e-01  5.83e+02	-7.9780 72.7954 0.4320	
91.568756 294.884065	6.83e-01  9.20e-01  5.87e+02	-23.5901 65.9641 0.4054	
91.568756 294.884065	7.45e-01  8.56e-01  5.90e+02	-9.9533 66.8078 0.3917	
91.568756 294.884065	8.22e-01  8.75e-01  5.71e+02	-46.1676 66.3614 0.3644	
91.568756 294.884065	6.15e-01  8.83e-01  6.08e+02	-10.3418 50.2978 0.1023	
91.568756 294.884065	8.16e-01  9.13e-01  5.65e+02	31.4930 79.0207 0.0009	
91.568756 294.884065	8.27e-01  9.43e-01  5.56e+02	-58.2696 68.3360 0.3867	
91.568756 294.884065	9.22e-01  9.31e-01  5.42e+02	0.2056 97.7194 0.7774	
91.568756 294.884065	7.68e-01  8.45e-01  5.88e+02	12.3687 68.0873 0.0233	
91.568756 294.884065	8.36e-01  9.44e-01  5.55e+02	4.8958 90.7193 0.1813	
91.568756 294.884065	6.29e-01  9.40e-01  5.91e+02	14.5248 65.0003 0.4420	
91.568756 294.884065	8.72e-01  9.62e-01  5.45e+02	4.0692 96.0967 0.8117	
91.568756 294.884065	8.09e-01  9.02e-01  5.68e+02	13.8087 81.7491 0.1783	
91.568756 294.884065	6.53e-01  8.67e-01  6.05e+02	-4.4929 54.1003 0.4980	
91.568756 294.884065	6.37e-01  9.31e-01  5.92e+02	6.1135 65.4779 0.4670	
91.568756 294.884065	6.88e-01  8.96e-01  5.92e+02	28.6079 59.9036 0.7949	
91.568756 294.884065	8.27e-01  9.23e-01  5.61e+02	15.9138 86.0358 0.7932	
91.568756 294.884065	6.72e-01  8.46e-01  6.06e+02	13.7136 51.1019 0.4145	
91.568756 294.884065	8.31e-01  8.55e-01  5.74e+02	-22.5753 76.0746 0.8827	
91.568756 294.884065	9.07e-01  9.55e-01  5.40e+02	53.3807 82.9313 0.6257	
91.568756 294.884065	8.24e-01  9.15e-01  5.63e+02	35.0768 78.6893 0.4798	
91.568756 294.884065	8.14e-01  9.01e-01  5.68e+02	19.6201 80.9468 0.4107	
91.568756 294.884065	7.41e-01  8.96e-01  5.82e+02	-15.2400 72.0694 0.9845	
91.568756 294.884065	6.16e-01  9.40e-01  5.93e+02	33.8339 55.4199 0.0430	
91.568756 294.884065	7.72e-01  9.18e-01  5.72e+02	13.6431 79.6174 0.6452	
91.568756 294.884065	7.21e-01  9.47e-01  5.74e+02	6.9390 78.7196 0.8935	
91.568756 294.884065	8.21e-01  9.22e-01  5.62e+02	-32.4654 80.3827 0.8690	
91.568756 294.884065	6.28e-01  9.14e-01  5.98e+02	-4.4003 60.9337 0.2782	
91.568756 294.884065	7.85e-01  8.82e-01  5.77e+02	0.3492 77.2700 0.5635	
91.568756 294.884065	7.59e-01  9.30e-01  5.71e+02	13.2564 79.8635 0.8974	
91.568756 294.884065	6.36e-01  9.01e-01  6.00e+02	-15.3411 57.4153 0.5935	
91.568756 294.884065	7.42e-01  9.27e-01  5.75e+02	-1.6043 78.4583 0.4739	
91.568756 294.884065	7.35e-01  8.32e-01  5.97e+02	6.6843 61.0348 0.9454	
91.568756 294.884065	7.91e-01  8.89e-01  5.74e+02	-27.4931 74.1274 0.2003	
91.568756 294.884065	6.73e-01  8.74e-01  6.00e+02	-18.6109 56.5456 0.3114	
91.568756 294.884065	7.26e-01  9.45e-01  5.74e+02	-33.7077 71.7214 0.2476	
91.568756 294.884065	8.19e-01  9.24e-01  5.62e+02	26.1754 82.7716 0.4689	
91.568756 294.884065	8.05e-01  8.48e-01  5.80e+02	12.6159 73.8655 0.7386	
91.568756 294.884065	6.10e-01  8.96e-01  6.05e+02	-4.2072 53.7318 0.0016	
91.568756 294.884065	7.51e-01  8.89e-01  5.82e+02	2.9324 73.6458 0.4860	
91.568756 294.884065	7.34e-01  9.60e-01  5.69e+02	0.4844 82.3889 0.5708	
91.568756 294.884065	7.83e-01  8.86e-01  5.76e+02	-46.9015 61.7156 0.3237	
91.568756 294.884065	8.11e-01  8.96e-01  5.69e+02	6.2076 82.1243 0.9863	
91.568756 294.884065	8.14e-01  9.31e-01  5.61e+02	40.3419 77.1659 0.4998	
91.568756 294.884065	7.33e-01  9.79e-01  5.65e+02	11.9546 83.9330 0.6360	
91.568756 294.884065	6.08e-01  9.30e-01  5.97e+02	10.6651 60.7253 0.7649	
91.568756 294.884065	7.82e-01  8.14e-01  5.92e+02	34.8360 56.1496 0.0418	
91.568756 294.884065	8.44e-01  9.66e-01  5.49e+02	-17.4861 92.3536 0.3490	
91.568756 294.884065	8.10e-01  8.73e-01  5.74e+02	-20.0720 76.4924 0.5880	
91.568756 294.884065	7.09e-01  8.47e-01  5.99e+02	-12.5536 58.5035 0.7143	
91.568756 294.884065	7.39e-01  8.05e-01  6.02e+02	16.2424 54.3878 0.4610	
91.568756 294.884065	8.00e-01  8.59e-01  5.79e+02	27.9998 70.5766 0.1185	
91.568756 294.884065	8.18e-01  8.96e-01  5.68e+02	44.8591 69.9733 0.2422	
91.568756 294.884065	6.87e-01  9.07e-01  5.89e+02	3.8352 68.1308 0.2397	
91.568756 294.884065	6.61e-01  9.78e-01  5.77e+02	46.3495 61.7895 0.3571	
91.568756 294.884065	7.37e-01  9.23e-01  5.77e+02	-46.1905 61.9925 0.0172	
91.568756 294.884065	8.19e-01  9.38e-01  5.59e+02	53.7231 70.2490 0.3025	
91.568756 294.884065	7.59e-01  8.58e-01  5.87e+02	-24.6876 65.5041 0.5312	
91.568756 294.884065	7.54e-01  9.48e-01  5.68e+02	53.8881 62.8031 0.5399	
91.568756 294.884065	7.13e-01  9.33e-01  5.79e+02	-16.3885 74.1041 0.9619	
91.568756 294.884065	6.91e-01  8.47e-01  6.03e+02	-12.1836 55.3703 0.4793	
91.568756 294.884065	6.64e-01  9.95e-01  5.73e+02	2.1599 80.0599 0.7479	
91.568756 294.884065	8.59e-01  9.07e-01  5.58e+02	-38.5885 80.2064 0.9743	
91.568756 294.884065	5.74e-01  8.97e-01  6.11e+02	7.1462 47.2797 0.4018	
91.568756 294.884065	7.79e-01  8.93e-01  5.76e+02	-23.3714 74.5133 0.0039	
91.568756 294.884065	7.22e-01  9.58e-01  5.72e+02	18.1718 78.5603 0.9881	
91.568756 294.884065	7.80e-01  8.55e-01  5.83e+02	11.9090 71.6285 0.7972	
91.568756 294.884065	7.79e-01  9.15e-01  5.71e+02	7.6643 80.7138 0.8399	
91.568756 294.884065	7.62e-01  8.57e-01  5.87e+02	-10.4731 69.4422 0.2487	
91.568756 294.884065	8.31e-01  9.44e-01  5.56e+02	-41.6673 80.1209 0.0594	
91.568756 294.884065	7.98e-01  9.06e-01  5.69e+02	13.8538 80.9054 0.2261	
91.568756 294.884065	7.74e-01  8.46e-01  5.87e+02	-20.3347 67.1041 0.8965	
91.568756 294.884065	6.58e-01  8.97e-01  5.97e+02	14.6119 60.3650 0.7784	
91.568756 294.884065	7.94e-01  9.48e-01  5.61e+02	-43.1303 75.6070 0.7254	
91.568756 294.884065	7.36e-01  9.49e-01  5.71e+02	4.0352 80.9282 0.5086	
91.568756 294.884065	6.28e-01  9.79e-01  5.82e+02	-48.3432 55.6899 0.6944	
91.568756 294.884065	7.21e-01  8.87e-01  5.88e+02	3.8155 69.3097 0.8789	
91.568756 294.884065	7.91e-01  8.59e-01  5.81e+02	-22.3691 71.2374 0.8853	
91.568756 294.884065	8.56e-01  9.08e-01  5.58e+02	-47.4675 75.1117 0.8719	
91.568756 294.884065	8.03e-01  9.73e-01  5.54e+02	-10.4387 90.3662 0.4697	
91.568756 294.884065	6.98e-01  9.41e-01  5.80e+02	27.2947 70.2351 0.2217	
91.568756 294.884065	8.00e-01  8.73e-01  5.76e+02	21.2341 74.9608 0.1185	
91.568756 294.884065	8.48e-01  8.82e-01  5.65e+02	0.8503 84.8953 0.8430	
91.568756 294.884065	7.37e-01  8.87e-01  5.85e+02	-24.8298 67.2358 0.4940	
91.568756 294.884065	7.75e-01  8.24e-01  5.91e+02	-5.1344 66.5693 0.5172	
91.568756 294.884065	7.29e-01  8.81e-01  5.88e+02	-8.4951 68.8462 0.0981	
91.568756 294.884065	7.15e-01  9.75e-01  5.69e+02	-40.3598 71.9696 0.8492	
91.568756 294.884065	7.45e-01  8.98e-01  5.81e+02	-32.5388 66.9678 0.2871	
91.568756 294.884065	7.57e-01  8.59e-01  5.87e+02	15.3065 68.0896 0.7985	
91.568756 294.884065	7.02e-01  9.38e-01  5.79e+02	26.3090 70.7636 0.4504	
91.568756 294.884065	8.03e-01  9.33e-01  5.63e+02	-21.8228 83.3396 0.6398	
91.568756 294.884065	7.19e-01  9.16e-01  5.82e+02	9.7694 73.2567 0.4555	
91.568756 294.884065	8.49e-01  9.50e-01  5.51e+02	-33.2235 86.5622 0.4697	
91.568756 294.884065	7.82e-01  8.73e-01  5.79e+02	8.4156 75.0482 0.5450	
91.568756 294.884065	7.71e-01  9.60e-01  5.63e+02	-4.1145 86.0912 0.5920	
91.568756 294.884065	7.68e-01  9.29e-01  5.70e+02	19.5669 79.3349 0.6943	
91.568756 294.884065	8.58e-01  9.63e-01  5.47e+02	-21.7867 92.4069 0.9907	
91.568756 294.884065	7.16e-01  9.44e-01  5.76e+02	41.7306 65.8922 0.9273	
91.568756 294.884065	7.62e-01  8.99e-01  5.78e+02	-16.1789 75.0833 0.5185	
91.568756 294.884065	7.47e-01  8.43e-01  5.93e+02	11.1290 64.5349 0.1447	
91.568756 294.884065	6.72e-01  9.76e-01  5.76e+02	-42.2837 65.6176 0.9002	
91.568756 294.884065	7.57e-01  9.09e-01  5.76e+02	17.1798 75.6958 0.3548	
91.568756 294.884065	6.87e-01  9.60e-01  5.77e+02	17.1125 75.2273 0.2761	
91.568756 294.884065	6.45e-01  8.85e-01  6.02e+02	-7.3156 56.8292 0.8846	
91.568756 294.884065	7.93e-01  8.05e-01  5.92e+02	-30.1719 59.0926 0.4594	
91.568756 294.884065	7.09e-01  8.71e-01  5.94e+02	-3.7143 64.6452 0.7547	
91.568756 294.884065	9.23e-01  9.82e-01  5.32e+02	-16.7738 101.0730 0.3204	
91.568756 294.884065	8.21e-01  9.60e-01  5.54e+02	-10.3962 90.5311 0.9259	
91.568756 294.884065	7.53e-01  9.37e-01  5.71e+02	22.3731 77.9615 0.7692	
91.568756 294.884065	7.49e-01  9.21e-01  5.75e+02	-19.0431 76.0081 0.5232	
91.568756 294.884065	7.39e-01  8.58e-01  5.91e+02	-1.8199 66.8829 0.0322	
91.568756 294.884065	7.50e-01  8.66e-01  5.87e+02	-16.5313 68.0191 0.4864	
91.568756 294.884065	6.32e-01  9.29e-01  5.93e+02	-20.5008 61.4755 0.7747	
91.568756 294.884065	7.38e-01  9.24e-01  5.76e+02	-47.4511 61.4078 0.8501	
91.568756 294.884065	7.63e-01  9.24e-01  5.72e+02	-27.6005 75.6295 0.9260	
91.568756 294.884065	6.75e-01  9.68e-01  5.77e+02	-39.6099 66.2139 0.4776	
91.568756 294.884065	7.03e-01  9.52e-01  5.76e+02	-16.8321 75.8784 0.6530	
91.568756 294.884065	8.16e-01  9.54e-01  5.56e+02	9.2933 89.4134 0.1866	
91.568756 294.884065	7.56e-01  9.86e-01  5.60e+02	19.1359 85.9215 0.0095	
91.568756 294.884065	5.30e-01  9.44e-01  6.06e+02	1.2798 53.6477 0.9355	
91.568756 294.884065	7.76e-01  8.77e-01  5.80e+02	-47.5530 58.5169 0.9658	
91.568756 294.884065	6.87e-01  9.50e-01  5.79e+02	30.6704 69.0857 0.6575	
91.568756 294.884065	7.28e-01  8.91e-01  5.86e+02	3.9273 70.9515 0.0618	
91.568756 294.884065	8.18e-01  8.57e-01  5.76e+02	19.8153 75.3139 0.2003	
91.568756 294.884065	6.63e-01  8.85e-01  5.99e+02	20.5361 56.5687 0.3834	
91.568756 294.884065	5.99e-01  9.18e-01  6.02e+02	20.5413 53.8685 0.1983	
91.568756 294.884065	7.33e-01  9.44e-01  5.73e+02	8.5019 79.4384 0.2310	
91.568756 294.884065	8.11e-01  9.35e-01  5.61e+02	-25.3349 83.4611 0.8847	
91.568756 294.884065	5.59e-01  8.66e-01  6.22e+02	-7.0338 32.4590 0.1643	
91.568756 294.884065	7.69e-01  9.30e-01  5.70e+02	-37.7612 72.7867 0.6520	
91.568756 294.884065	6.93e-01  8.09e-01  6.11e+02	-0.2600 47.6801 0.9417	
91.568756 294.884065	7.49e-01  9.05e-01  5.79e+02	20.3382 73.2612 0.7129	
91.568756 294.884065	6.37e-01  9.56e-01  5.86e+02	40.0563 58.1182 0.4590	
91.568756 294.884065	7.65e-01  9.19e-01  5.73e+02	-12.9606 79.0449 0.2128	
91.568756 294.884065	7.39e-01  8.74e-01  5.87e+02	-5.3087 69.6043 0.2688	
91.568756 294.884065	7.82e-01  8.65e-01  5.81e+02	-19.9331 71.6358 0.0918	
91.568756 294.884065	6.53e-01  8.71e-01  6.04e+02	4.0063 55.1101 0.5197	
91.568756 294.884065	8.47e-01  9.53e-01  5.51e+02	11.1916 92.1407 0.0188	
91.568756 294.884065	8.31e-01  9.06e-01  5.63e+02	-5.8605 85.7104 0.5381	
91.568756 294.884065	7.38e-01  9.33e-01  5.74e+02	-16.5901 77.2033 0.6398	
91.568756 294.884065	7.19e-01  8.90e-01  5.87e+02	4.8137 69.4301 0.9030	
91.568756 294.884065	7.87e-01  9.71e-01  5.58e+02	29.6877 84.0697 0.9327	
91.568756 294.884065	8.01e-01  9.54e-01  5.59e+02	-44.7747 76.3368 0.9376	
91.568756 294.884065	6.80e-01  9.89e-01  5.71e+02	32.7939 73.8482 0.0530	
91.568756 294.884065	7.51e-01  9.00e-01  5.79e+02	-11.6686 74.6091 0.4432	
91.568756 294.884065	6.86e-01  9.01e-01  5.91e+02	-24.9223 62.1529 0.6685	
91.568756 294.884065	6.89e-01  8.26e-01  6.08e+02	-7.7270 50.8787 0.0871	
91.568756 294.884065	7.84e-01  8.83e-01  5.77e+02	7.2990 76.9640 0.2964	
91.568756 294.884065	9.05e-01  9.51e-01  5.41e+02	35.1350 91.5651 0.4319	
91.568756 294.884065	7.55e-01  9.38e-01  5.70e+02	-14.3493 80.2384 0.5035	
91.568756 294.884065	6.57e-01  9.65e-01  5.81e+02	41.0379 62.2557 0.0648	
91.568756 294.884065	6.55e-01  8.68e-01  6.04e+02	19.7960 51.3783 0.9128	
91.568756 294.884065	7.94e-01  8.66e-01  5.79e+02	10.1275 75.4424 0.6433	
91.568756 294.884065	8.19e-01  9.01e-01  5.66e+02	17.6144 82.0601 0.1992	
91.568756 294.884065	6.45e-01  8.81e-01  6.03e+02	15.5482 54.1927 0.9984	
91.568756 294.884065	8.19e-01  9.25e-01  5.62e+02	-55.7752 66.6216 0.4126	
91.568756 294.884065	6.59e-01  8.82e-01  6.00e+02	29.0816 51.1612 0.2419	
91.568756 294.884065	8.86e-01  9.37e-01  5.47e+02	19.6274 92.8713 0.1154	
91.568756 294.884065	6.24e-01  8.43e-01  6.16e+02	-8.6503 40.4794 0.9341	
91.568756 294.884065	8.22e-01  9.70e-01  5.52e+02	-3.0200 92.3611 0.1955	
91.568756 294.884065	6.43e-01  8.76e-01  6.05e+02	-29.2090 46.2884 0.8444	
91.568756 294.884065	4.94e-01  9.49e-01  6.10e+02	-5.8292 48.9961 0.6250	
91.568756 294.884065	7.18e-01  9.48e-01  5.75e+02	-16.3710 77.0570 0.4571	
91.568756 294.884065	7.29e-01  8.74e-01  5.89e+02	4.3504 68.0873 0.7057	
91.568756 294.884065	7.84e-01  8.80e-01  5.77e+02	-30.2388 70.6302 0.8472	
91.568756 294.884065	7.25e-01  9.67e-01  5.69e+02	-36.3009 73.8838 0.3366	
91.568756 294.884065	7.54e-01  9.05e-01  5.78e+02	7.7628 76.2531 0.5392	
91.568756 294.884065	7.33e-01  8.75e-01  5.88e+02	-17.8626 66.8217 0.2088	
91.568756 294.884065	6.85e-01  8.43e-01  6.05e+02	-11.7599 53.2937 0.9925	
91.568756 294.884065	7.42e-01  9.27e-01  5.75e+02	0.1581 78.4436 0.9927	
91.568756 294.884065	6.54e-01  8.86e-01  6.00e+02	8.6727 58.3616 0.7024	
91.568756 294.884065	5.81e-01  9.34e-01  6.00e+02	24.0525 53.4680 0.2924	
91.568756 294.884065	7.73e-01  8.28e-01  5.91e+02	-27.2673 61.2150 0.5243	
91.568756 294.884065	7.19e-01  8.28e-01  6.02e+02	-34.2885 46.3301 0.2826	
91.568756 294.884065	7.01e-01  9.37e-01  5.80e+02	-26.9222 70.2454 0.9959	
91.568756 294.884065	8.25e-01  8.91e-01  5.67e+02	-25.4437 79.3861 0.1913	
91.568756 294.884065	7.64e-01  8.87e-01  5.80e+02	31.4859 68.4460 0.9085	
91.568756 294.884065	7.10e-01  9.12e-01  5.84e+02	14.9494 70.6289 0.5146	
91.568756 294.884065	7.30e-01  8.69e-01  5.90e+02	-7.4782 67.1027 0.1526	
91.568756 294.884065	7.22e-01  9.42e-01  5.75e+02	46.2045 63.2273 0.1641	
91.568756 294.884065	7.31e-01  8.97e-01  5.84e+02	-0.6235 72.5077 0.7264	
91.568756 294.884065	8.10e-01  9.21e-01  5.64e+02	45.4182 72.3075 0.6307	
91.568756 294.884065	8.60e-01  8.81e-01  5.63e+02	27.2716 81.6565 0.5418	
91.568756 294.884065	7.97e-01  9.02e-01  5.71e+02	54.7394 60.2217 0.4900	
91.568756 294.884065	6.81e-01  9.70e-01  5.76e+02	-27.0203 73.3010 0.0263	
91.568756 294.884065	9.16e-01  9.48e-01  5.40e+02	-20.4827 96.6371 0.3101	
91.568756 294.884065	7.75e-01  8.84e-01  5.78e+02	-16.2181 74.5113 0.9795	
91.568756 294.884065	6.65e-01  9.18e-01  5.91e+02	-18.5640 64.4700 0.4402	
91.568756 294.884065	6.88e-01  9.40e-01  5.81e+02	-46.9454 57.2296 0.8555	
91.568756 294.884065	6.63e-01  8.88e-01  5.98e+02	33.7070 50.7225 0.0437	
91.568756 294.884065	7.29e-01  9.56e-01  5.71e+02	13.0959 80.1679 0.7423	
91.568756 294.884065	8.10e-01  8.80e-01  5.73e+02	-12.5991 79.1074 0.7722	
91.568756 294.884065	7.63e-01  8.84e-01  5.81e+02	23.8511 70.6770 0.4251	
91.568756 294.884065	7.67e-01  8.76e-01  5.82e+02	33.7853 65.7884 0.4785	
91.568756 294.884065	7.50e-01  9.51e-01  5.68e+02	-26.6548 78.4044 0.0466	
91.568756 294.884065	7.28e-01  8.38e-01  5.97e+02	9.8529 60.6455 0.3545	
91.568756 294.884065	8.41e-01  9.02e-01  5.62e+02	6.6823 86.3047 0.4792	
91.568756 294.884065	8.40e-01  8.98e-01  5.63e+02	-31.6226 79.9487 0.5762	
91.568756 294.884065	8.21e-01  9.05e-01  5.65e+02	0.1036 84.6078 0.7641	
91.568756 294.884065	6.83e-01  9.23e-01  5.86e+02	-27.5364 64.8929 0.3347	
91.568756 294.884065	6.34e-01  8.74e-01  6.07e+02	7.8085 51.9982 0.4035	
91.568756 294.884065	7.46e-01  9.48e-01  5.70e+02	-22.3631 78.8954 0.9357	
91.568756 294.884065	8.35e-01  8.64e-01  5.71e+02	-21.9115 78.0168 0.1250	
91.568756 294.884065	7.14e-01  8.81e-01  5.90e+02	-29.0944 60.8257 0.6700	
91.568756 294.884065	8.25e-01  9.02e-01  5.65e+02	-7.9600 84.3752 0.4467	
91.568756 294.884065	8.18e-01  9.49e-01  5.57e+02	-73.1387 51.7537 0.8051	
91.568756 294.884065	7.19e-01  8.38e-01  5.99e+02	-2.7146 59.6310 0.4907	
91.568756 294.884065	7.30e-01  8.39e-01  5.97e+02	-6.3542 61.5733 0.0445	
91.568756 294.884065	8.23e-01  8.70e-01  5.72e+02	35.2154 72.2902 0.7571	
91.568756 294.884065	7.46e-01  8.52e-01  5.91e+02	-8.5916 66.3687 0.0280	
91.568756 294.884065	7.87e-01  9.45e-01  5.63e+02	-52.5290 68.0245 0.6946	
91.568756 294.884065	7.86e-01  8.73e-01  5.79e+02	4.4350 75.8858 0.1208	
91.568756 294.884065	8.13e-01  8.48e-01  5.79e+02	-4.4594 75.8941 0.9519	
91.568756 294.884065	7.59e-01  9.23e-01  5.73e+02	31.7824 73.3590 0.6783	
91.568756 294.884065	7.91e-01  9.66e-01  5.58e+02	-45.6128 76.2904 0.4266	
91.568756 294.884065	7.26e-01  8.80e-01  5.88e+02	18.4415 66.4304 0.9329	
91.568756 294.884065	6.40e-01  9.09e-01  5.97e+02	-13.8635 60.2877 0.6567	
91.568756 294.884065	6.63e-01  9.50e-01  5.83e+02	-1.0196 72.7467 0.5351	
91.568756 294.884065	6.13e-01  9.89e-01  5.82e+02	0.0192 73.7590 0.3707	
91.568756 294.884065	7.81e-01  9.78e-01  5.57e+02	-10.7691 88.7055 0.1082	
91.568756 294.884065	6.16e-01  9.45e-01  5.92e+02	31.9407 57.6216 0.9666	
91.568756 294.884065	7.63e-01  9.31e-01  5.70e+02	36.2630 73.0483 0.6812	
91.568756 294.884065	7.56e-01  9.36e-01  5.71e+02	-52.4143 62.1570 0.9228	
91.568756 294.884065	7.55e-01  9.54e-01  5.67e+02	-59.8625 58.5981 0.6527	
91.568756 294.884065	8.73e-01  9.42e-01  5.48e+02	32.9987 88.2677 0.6892	
91.568756 294.884065	8.06e-01  8.89e-01  5.71e+02	31.5274 74.4112 0.6918	
91.568756 294.884065	7.24e-01  9.56e-01  5.72e+02	9.0523 80.1126 0.5899	
91.568756 294.884065	7.26e-01  8.62e-01  5.92e+02	-28.7768 59.1199 0.4236	
91.568756 294.884065	7.69e-01  8.05e-01  5.96e+02	-12.6409 61.0460 0.3213	
91.568756 294.884065	7.98e-01  9.47e-01  5.61e+02	27.6333 82.8766 0.1999	
91.568756 294.884065	7.57e-01  9.76e-01  5.62e+02	18.8088 84.8531 0.0089	
91.568756 294.884065	6.58e-01  8.81e-01  6.00e+02	17.6797 55.9066 0.7487	
91.568756 294.884065	7.80e-01  9.61e-01  5.61e+02	52.3295 69.9247 0.8909	
91.568756 294.884065	8.29e-01  9.15e-01  5.62e+02	-3.0837 86.7163 0.5751	
91.568756 294.884065	8.55e-01  9.61e-01  5.48e+02	24.4556 91.3385 0.8329	
91.568756 294.884065	5.62e-01  9.58e-01  5.97e+02	23.7452 56.6800 0.4669	
91.568756 294.884065	6.57e-01  9.13e-01  5.93e+02	-16.4923 62.9860 0.2912	
91.568756 294.884065	7.24e-01  9.39e-01  5.76e+02	-11.1323 77.3284 0.2499	
91.568756 294.884065	6.75e-01  9.03e-01  5.92e+02	34.5696 55.9987 0.3612	
91.568756 294.884065	7.75e-01  9.16e-01  5.71e+02	3.9930 80.7681 0.0844	
91.568756 294.884065	7.19e-01  9.74e-01  5.69e+02	17.4979 80.7601 0.5977	
91.568756 294.884065	6.02e-01  8.92e-01  6.08e+02	22.5118 46.3802 0.6111	
91.568756 294.884065	6.89e-01  9.11e-01  5.88e+02	-22.6501 65.3681 0.4007	
91.568756 294.884065	8.93e-01  9.24e-01  5.48e+02	15.0930 93.0832 0.7193	
91.568756 294.884065	8.32e-01  9.03e-01  5.64e+02	15.2834 84.2119 0.0800	
91.568756 294.884065	7.73e-01  8.86e-01  5.78e+02	24.5695 72.2786 0.7044	
91.568756 294.884065	6.85e-01  8.63e-01  6.00e+02	3.9318 59.1105 0.3023	
91.568756 294.884065	7.53e-01  8.46e-01  5.91e+02	25.3556 62.0168 0.9068	
91.568756 294.884065	7.11e-01  7.59e-01  6.19e+02	1.6362 37.6240 0.9220	
91.568756 294.884065	8.24e-01  8.76e-01  5.71e+02	11.6798 80.4263 0.4771	
91.568756 294.884065	7.70e-01  8.46e-01  5.87e+02	-6.4628 69.3366 0.9477	
91.568756 294.884065	8.54e-01  9.36e-01  5.53e+02	-37.3513 83.7811 0.9803	
91.568756 294.884065	8.28e-01  9.08e-01  5.63e+02	-45.0557 73.0152 0.6124	
91.568756 294.884065	8.12e-01  8.67e-01  5.75e+02	2.8038 78.5048 0.9132	
91.568756 294.884065	6.56e-01  9.06e-01  5.95e+02	7.7430 63.2011 0.1990	
91.568756 294.884065	7.86e-01  9.47e-01  5.63e+02	-29.7033 80.8178 0.5224	
91.568756 294.884065	7.31e-01  8.85e-01  5.86e+02	12.5356 69.3034 0.0787	
91.568756 294.884065	8.19e-01  8.97e-01  5.67e+02	-34.9468 75.7937 0.7919	
91.568756 294.884065	7.07e-01  9.22e-01  5.82e+02	27.6687 68.0604 0.9091	
91.568756 294.884065	7.82e-01  9.05e-01  5.72e+02	-27.2998 75.3980 0.5863	
91.568756 294.884065	7.87e-01  9.19e-01  5.69e+02	-6.5704 82.3231 0.0412	
91.568756 294.884065	7.57e-01  7.77e-01  6.05e+02	8.8671 53.4443 0.9556	
91.568756 294.884065	7.61e-01  8.82e-01  5.81e+02	-4.6824 73.9178 0.2906	
91.568756 294.884065	8.12e-01  9.45e-01  5.59e+02	-9.1270 88.0617 0.7850	
91.568756 294.884065	6.16e-01  9.73e-01  5.85e+02	-42.9453 56.9237 0.5190	
91.568756 294.884065	6.35e-01  9.71e-01  5.83e+02	-8.6198 72.5657 0.6892	
91.568756 294.884065	7.31e-01  9.59e-01  5.70e+02	-2.7086 81.7807 0.9865	
91.568756 294.884065	7.54e-01  9.07e-01  5.77e+02	-43.0238 63.7991 0.9231	
91.568756 294.884065	7.39e-01  9.21e-01  5.77e+02	-14.4148 75.9900 0.8825	
91.568756 294.884065	8.55e-01  9.29e-01  5.54e+02	46.1838 78.4386 0.6046	
91.568756 294.884065	8.79e-01  9.21e-01  5.51e+02	-8.1391 92.2524 0.2328	
91.568756 294.884065	7.69e-01  9.26e-01  5.70e+02	-30.6526 75.5419 0.6678	
91.568756 294.884065	7.09e-01  9.16e-01  5.83e+02	-8.6040 72.1742 0.5974	
91.568756 294.884065	8.03e-01  9.66e-01  5.56e+02	-19.9962 87.8769 0.7568	
91.568756 294.884065	7.94e-01  8.77e-01  5.76e+02	9.8738 76.9605 0.0460	
91.568756 294.884065	7.09e-01  9.41e-01  5.78e+02	-32.7056 69.3805 0.2523	
91.568756 294.884065	7.24e-01  8.86e-01  5.87e+02	10.7357 68.8737 0.4158	
91.568756 294.884065	8.08e-01  9.42e-01  5.60e+02	-28.2065 83.0801 0.5361	
91.568756 294.884065	8.77e-01  9.24e-01  5.51e+02	-13.4285 91.7199 0.7135	
91.568756 294.884065	7.20e-01  8.99e-01  5.85e+02	-6.9427 70.8876 0.0889	
91.568756 294.884065	7.97e-01  9.51e-01  5.60e+02	-16.4440 86.1351 0.4232	
91.568756 294.884065	7.98e-01  9.81e-01  5.54e+02	-32.5119 85.4136 0.9239	
91.568756 294.884065	7.92e-01  9.47e-01  5.62e+02	-35.8308 79.0335 0.1190	
91.568756 294.884065	7.41e-01  8.67e-01  5.89e+02	-11.2128 67.8441 0.3385	
91.568756 294.884065	6.99e-01  8.46e-01  6.01e+02	-7.2173 57.6011 0.6132	
91.568756 294.884065	7.33e-01  8.32e-01  5.98e+02	-14.9692 59.1940 0.6366	
91.568756 294.884065	6.93e-01  8.93e-01  5.91e+02	25.6464 61.3047 0.3294	
91.568756 294.884065	6.16e-01  9.57e-01  5.89e+02	6.3241 67.9486 0.5788	
91.568756 294.884065	8.37e-01  9.50e-01  5.53e+02	-22.9245 88.7805 0.0485	
91.568756 294.884065	6.18e-01  9.28e-01  5.96e+02	-17.0932 60.3223 0.5132	
91.568756 294.884065	7.42e-01  9.10e-01  5.79e+02	40.3994 64.3698 0.1020	
91.568756 294.884065	6.96e-01  9.30e-01  5.82e+02	30.6327 66.6646 0.4991	
91.568756 294.884065	8.15e-01  8.80e-01  5.72e+02	21.3436 77.9114 0.7899	
91.568756 294.884065	7.60e-01  8.44e-01  5.90e+02	-0.4143 67.7132 0.8125	
91.568756 294.884065	7.55e-01  8.85e-01  5.82e+02	-5.2376 73.5658 0.9119	
91.568756 294.884065	7.50e-01  8.09e-01  6.00e+02	5.8986 59.1865 0.0771	
91.568756 294.884065	7.87e-01  9.55e-01  5.61e+02	-12.7864 86.2122 0.3860	
91.568756 294.884065	7.23e-01  8.55e-01  5.94e+02	16.4833 61.8272 0.0191	
91.568756 294.884065	7.38e-01  8.78e-01  5.87e+02	13.6020 68.9389 0.4717	
91.568756 294.884065	6.51e-01  8.63e-01  6.06e+02	-8.8801 52.2799 0.3772	
91.568756 294.884065	7.17e-01  8.22e-01  6.03e+02	1.0401 56.0172 0.5811	
91.568756 294.884065	8.01e-01  9.36e-01  5.63e+02	-2.1449 86.2940 0.3291	
91.568756 294.884065	8.50e-01  8.96e-01  5.62e+02	57.8349 64.7721 0.4586	
91.568756 294.884065	7.79e-01  9.28e-01  5.68e+02	-14.8291 81.6510 0.9073	
91.568756 294.884065	7.20e-01  8.44e-01  5.98e+02	-15.9838 59.1543 0.7827	
91.568756 294.884065	6.76e-01  8.88e-01  5.96e+02	5.0134 62.6926 0.6137	
91.568756 294.884065	6.48e-01  9.68e-01  5.81e+02	-23.9120 70.0750 0.2178	
91.568756 294.884065	7.65e-01  8.71e-01  5.83e+02	2.4208 72.8684 0.5821	
91.568756 294.884065	6.76e-01  9.13e-01  5.90e+02	-43.2122 52.2492 0.1374	
91.568756 294.884065	6.89e-01  9.16e-01  5.87e+02	-13.6186 68.7731 0.0717	
91.568756 294.884065	7.30e-01  8.38e-01  5.97e+02	-8.1194 61.2691 0.8203	
91.568756 294.884065	7.39e-01  9.23e-01  5.76e+02	34.9770 69.1479 0.2200	
91.568756 294.884065	7.28e-01  8.93e-01  5.85e+02	-15.6398 69.6490 0.9074	
91.568756 294.884065	7.29e-01  9.14e-01  5.80e+02	-33.4566 66.9606 0.4173	
91.568756 294.884065	7.67e-01  8.18e-01  5.94e+02	-15.3482 62.3492 0.4532	
91.568756 294.884065	8.71e-01  8.93e-01  5.58e+02	-28.8834 83.8380 0.4890	
91.568756 294.884065	7.75e-01  8.85e-01  5.78e+02	-5.4271 76.0664 0.0689	
91.568756 294.884065	8.13e-01  9.22e-01  5.63e+02	-7.0996 85.5672 0.7428	
91.568756 294.884065	7.49e-01  8.47e-01  5.92e+02	15.7235 64.5273 0.8354	
91.568756 294.884065	6.19e-01  9.33e-01  5.95e+02	-3.4331 63.7782 0.3461	
91.568756 294.884065	7.83e-01  8.71e-01  5.79e+02	-20.0719 72.7104 0.4451	
91.568756 294.884065	7.31e-01  8.73e-01  5.89e+02	-39.5655 55.6767 0.2247	
91.568756 294.884065	6.73e-01  9.16e-01  5.90e+02	-29.6020 61.0714 0.0001	
91.568756 294.884065	8.22e-01  9.01e-01  5.66e+02	6.8898 84.0214 0.0742	
91.568756 294.884065	8.15e-01  8.81e-01  5.71e+02	-24.6043 76.9879 0.8245	
91.568756 294.884065	8.49e-01  9.50e-01  5.51e+02	4.5982 92.6053 0.9694	
91.568756 294.884065	7.30e-01  8.28e-01  5.99e+02	14.8277 57.8351 0.5235	
91.568756 294.884065	8.22e-01  9.88e-01  5.48e+02	-21.5916 91.8939 0.6066	
91.568756 294.884065	7.65e-01  9.10e-01  5.75e+02	-9.2217 78.2688 0.1644	
91.568756 294.884065	6.56e-01  8.47e-01  6.09e+02	-30.4810 39.5788 0.8688	
91.568756 294.884065	6.96e-01  9.64e-01  5.74e+02	-40.4283 67.6751 0.8998	
91.568756 294.884065	7.77e-01  9.77e-01  5.58e+02	4.8503 88.7237 0.1956	
91.568756 294.884065	6.92e-01  9.54e-01  5.77e+02	3.4521 76.7417 0.1965	
91.568756 294.884065	7.07e-01  8.66e-01  5.95e+02	4.8487 63.3441 0.6251	
91.568756 294.884065	6.94e-01  8.84e-01  5.94e+02	-25.2798 59.6022 0.9995	
91.568756 294.884065	8.33e-01  9.81e-01  5.48e+02	-29.3137 89.8676 0.8790	
91.568756 294.884065	7.01e-01  8.11e-01  6.09e+02	-0.5770 50.0608 0.1799	
91.568756 294.884065	7.47e-01  9.06e-01  5.79e+02	-0.1095 75.9321 0.4983	
91.568756 294.884065	7.86e-01  8.96e-01  5.74e+02	-56.5325 55.5843 0.6386	
91.568756 294.884065	6.93e-01  8.62e-01  5.99e+02	-16.5079 57.8934 0.8874	
91.568756 294.884065	6.91e-01  8.93e-01  5.92e+02	-12.6586 64.9672 0.0058	
91.568756 294.884065	8.60e-01  9.68e-01  5.46e+02	13.9099 94.7117 0.6235	
91.568756 294.884065	7.19e-01  9.58e-01  5.72e+02	-19.6829 77.9126 0.6383	
91.568756 294.884065	7.71e-01  8.97e-01  5.76e+02	29.6192 71.7956 0.0960	
91.568756 294.884065	7.12e-01  8.28e-01  6.03e+02	13.5904 54.7229 0.7977	
91.568756 294.884065	7.45e-01  8.71e-01  5.87e+02	-15.5495 68.2809 0.9631	
91.568756 294.884065	7.30e-01  9.35e-01  5.75e+02	-0.3198 78.2428 0.4797	
91.568756 294.884065	6.30e-01  8.74e-01  6.07e+02	24.1837 45.8948 0.4701	
91.568756 294.884065	8.23e-01  9.66e-01  5.52e+02	46.4203 79.5573 0.2010	
91.568756 294.884065	6.69e-01  8.21e-01  6.13e+02	-3.2770 45.3165 0.7188	
91.568756 294.884065	7.04e-01  8.23e-01  6.06e+02	0.4382 53.5910 0.2220	
91.568756 294.884065	7.55e-01  9.37e-01  5.70e+02	-21.1601 78.6355 0.8757	
91.568756 294.884065	8.60e-01  9.79e-01  5.44e+02	-19.0604 94.8263 0.3323	
91.568756 294.884065	9.39e-01  9.81e-01  5.29e+02	-19.2652 101.8453 0.0104	
91.568756 294.884065	6.39e-01  9.60e-01  5.85e+02	-14.5030 70.0744 0.7357	
91.568756 294.884065	8.29e-01  9.84e-01  5.48e+02	-10.8844 93.9318 0.4870	
91.568756 294.884065	6.92e-01  8.34e-01  6.05e+02	-1.9470 53.8260 0.1869	
91.568756 294.884065	7.19e-01  8.28e-01  6.02e+02	0.1833 57.6014 0.8102	
91.568756 294.884065	6.51e-01  8.62e-01  6.06e+02	1.5535 52.6992 0.2434	
91.568756 294.884065	7.79e-01  8.34e-01  5.88e+02	23.5572 64.7543 0.3725	
91.568756 294.884065	7.51e-01  8.39e-01  5.93e+02	14.0752 63.8943 0.3507	
91.568756 294.884065	7.51e-01  8.39e-01  5.93e+02	-1.6985 65.2970 0.9269	
91.568756 294.884065	7.87e-01  9.33e-01  5.66e+02	10.3893 83.7880 0.8333	
91.568756 294.884065	7.27e-01  8.72e-01  5.90e+02	-10.0663 66.7950 0.3972	
91.568756 294.884065	8.28e-01  8.59e-01  5.73e+02	29.5159 73.8366 0.6520	
91.568756 294.884065	8.64e-01  8.92e-01  5.60e+02	-16.6610 86.3628 0.6495	
91.568756 294.884065	6.71e-01  9.00e-01  5.94e+02	16.5874 62.3313 0.8541	
91.568756 294.884065	7.57e-01  9.01e-01  5.78e+02	41.7191 63.9937 0.3798	
91.568756 294.884065	6.40e-01  8.80e-01  6.04e+02	-2.0579 55.2438 0.1934	
91.568756 294.884065	6.64e-01  8.10e-01  6.16e+02	-4.3525 40.6301 0.8702	
91.568756 294.884065	7.22e-01  8.54e-01  5.95e+02	16.0848 61.4637 0.7085	
91.568756 294.884065	6.99e-01  9.25e-01  5.83e+02	-12.1681 71.8502 0.4902	
91.568756 294.884065	7.34e-01  8.52e-01  5.93e+02	-11.1315 64.0737 0.5636	
91.568756 294.884065	6.15e-01  9.41e-01  5.93e+02	18.2897 62.2218 0.9558	
91.568756 294.884065	6.61e-01  8.90e-01  5.98e+02	-22.0163 56.8459 0.0960	
91.568756 294.884065	7.73e-01  9.44e-01  5.66e+02	-25.4594 80.3541 0.9461	
91.568756 294.884065	8.13e-01  9.68e-01  5.54e+02	-9.6035 90.7650 0.0058	
91.568756 294.884065	7.61e-01  9.58e-01  5.65e+02	5.3752 84.7550 0.2975	
91.568756 294.884065	7.01e-01  9.27e-01  5.82e+02	0.0559 73.5331 0.7406	
91.568756 294.884065	7.63e-01  8.65e-01  5.85e+02	-9.5133 71.1068 0.7024	
91.568756 294.884065	5.98e-01  9.59e-01  5.92e+02	-21.9548 62.6423 0.8922	
91.568756 294.884065	7.22e-01  9.35e-01  5.77e+02	-24.2904 73.3885 0.6606	
91.568756 294.884065	7.70e-01  9.64e-01  5.62e+02	-54.4690 67.2921 0.0556	
91.568756 294.884065	6.59e-01  8.98e-01  5.96e+02	-25.7291 56.8060 0.9736	
91.568756 294.884065	8.11e-01  8.73e-01  5.74e+02	-17.5409 77.2704 0.1127	
91.568756 294.884065	6.87e-01  8.75e-01  5.97e+02	-4.3275 61.8112 0.6140	
91.568756 294.884065	7.95e-01  9.11e-01  5.69e+02	-31.2552 76.2720 0.6858	
91.568756 294.884065	5.99e-01  9.17e-01  6.02e+02	-20.5377 53.6223 0.6281	
91.568756 294.884065	7.75e-01  8.55e-01  5.85e+02	0.1724 71.7446 0.9164	
91.568756 294.884065	6.37e-01  8.10e-01  6.22e+02	10.2930 31.4987 0.3636	
91.568756 294.884065	7.81e-01  8.63e-01  5.82e+02	8.3494 73.2981 0.9371	
91.568756 294.884065	8.49e-01  8.77e-01  5.66e+02	11.3427 83.6181 0.5844	
91.568756 294.884065	7.13e-01  8.93e-01  5.88e+02	23.8437 64.9983 0.4446	
91.568756 294.884065	6.08e-01  9.51e-01  5.92e+02	28.5539 59.6172 0.1266	
91.568756 294.884065	7.69e-01  8.86e-01  5.79e+02	4.5624 75.6220 0.4929	
91.568756 294.884065	7.65e-01  8.85e-01  5.80e+02	-9.8565 74.5102 0.8056	
91.568756 294.884065	8.36e-01  8.92e-01  5.65e+02	47.7971 69.8861 0.2507	
91.568756 294.884065	7.65e-01  9.35e-01  5.69e+02	3.0229 82.2615 0.3644	
91.568756 294.884065	8.78e-01  9.03e-01  5.55e+02	4.8243 90.5510 0.1053	
91.568756 294.884065	7.71e-01  8.63e-01  5.84e+02	-0.6788 72.3803 0.0929	
91.568756 294.884065	5.87e-01  9.19e-01  6.03e+02	-2.9649 55.9049 0.9001	
91.568756 294.884065	7.07e-01  9.25e-01  5.82e+02	-15.6804 72.2821 0.9928	
91.568756 294.884065	8.14e-01  8.92e-01  5.69e+02	-39.9372 71.8066 0.3432	
91.568756 294.884065	7.38e-01  9.05e-01  5.81e+02	-18.1503 72.3090 0.1569	
91.568756 294.884065	7.73e-01  9.37e-01  5.67e+02	7.2507 83.0272 0.3021	
91.568756 294.884065	7.14e-01  9.06e-01  5.85e+02	55.2159 45.7902 0.8791	
91.568756 294.884065	8.30e-01  9.23e-01  5.60e+02	-16.4841 86.2926 0.4553	
91.568756 294.884065	7.85e-01  9.42e-01  5.64e+02	-35.8981 77.4394 0.2329	
91.568756 294.884065	7.07e-01  9.50e-01  5.76e+02	-8.0204 77.4743 0.3578	
91.568756 294.884065	6.19e-01  8.79e-01  6.08e+02	-12.4872 49.7049 0.5451	
91.568756 294.884065	7.61e-01  8.90e-01  5.80e+02	-40.5746 63.4010 0.2890	
91.568756 294.884065	7.58e-01  9.07e-01  5.76e+02	-13.3139 76.3891 0.8524	
91.568756 294.884065	5.30e-01  8.94e-01  6.19e+02	-13.8161 34.4486 0.6532	
91.568756 294.884065	8.49e-01  9.21e-01  5.57e+02	2.8992 89.5525 0.2021	
91.568756 294.884065	7.78e-01  9.20e-01  5.70e+02	19.7493 79.2332 0.0436	
91.568756 294.884065	8.56e-01  9.51e-01  5.50e+02	-4.1155 93.4510 0.3815	
91.568756 294.884065	7.67e-01  9.73e-01  5.61e+02	-14.8676 86.1634 0.0110	
91.568756 294.884065	6.84e-01  8.86e-01  5.95e+02	-18.0727 61.0846 0.6913	
91.568756 294.884065	7.72e-01  9.08e-01  5.74e+02	-23.6181 75.7523 0.8712	
91.568756 294.884065	7.12e-01  7.93e-01  6.11e+02	29.7461 37.5761 0.7707	
91.568756 294.884065	8.47e-01  9.74e-01  5.47e+02	-30.3138 90.1823 0.8006	
91.568756 294.884065	8.00e-01  9.03e-01  5.70e+02	-21.4862 79.0870 0.8686	
91.568756 294.884065	7.81e-01  9.07e-01  5.72e+02	12.4850 79.2485 0.1094	
91.568756 294.884065	7.45e-01  8.87e-01  5.83e+02	7.3475 72.2904 0.1646	
91.568756 294.884065	7.14e-01  9.31e-01  5.79e+02	29.0350 70.0734 0.2212	
91.568756 294.884065	6.51e-01  8.54e-01  6.08e+02	22.8655 45.3510 0.2389	
91.568756 294.884065	8.69e-01  9.54e-01  5.47e+02	-64.1351 70.1828 0.8764	
91.568756 294.884065	7.02e-01  9.48e-01  5.77e+02	43.1429 63.7317 0.0128	
91.568756 294.884065	8.13e-01  8.92e-01  5.70e+02	-11.0594 81.2943 0.8051	
91.568756 294.884065	7.59e-01  8.24e-01  5.94e+02	11.8009 63.0264 0.1420	
91.568756 294.884065	7.09e-01  9.22e-01  5.82e+02	41.2140 61.0944 0.1542	
91.568756 294.884065	7.19e-01  8.40e-01  5.99e+02	-11.4065 59.1823 0.7655	
91.568756 294.884065	7.01e-01  9.52e-01  5.76e+02	-1.3616 77.5547 0.3791	
91.568756 294.884065	7.13e-01  9.14e-01  5.83e+02	-20.7104 69.9593 0.0771	
91.568756 294.884065	6.40e-01  9.70e-01  5.82e+02	18.4210 71.0872 0.7635	
91.568756 294.884065	6.70e-01  8.72e-01  6.01e+02	-20.1041 54.9576 0.4293	
91.568756 294.884065	6.75e-01  9.25e-01  5.87e+02	20.3890 66.7232 0.7851	
91.568756 294.884065	7.43e-01  8.89e-01  5.83e+02	-13.4996 71.5062 0.1802	
91.568756 294.884065	7.27e-01  9.15e-01  5.80e+02	4.4165 74.7791 0.8217	
91.568756 294.884065	6.77e-01  9.08e-01  5.91e+02	9.1257 66.4040 0.6719	
91.568756 294.884065	6.05e-01  9.79e-01  5.85e+02	12.6590 70.0228 0.3067	
91.568756 294.884065	6.75e-01  8.93e-01  5.95e+02	39.1972 50.1462 0.8823	
91.568756 294.884065	7.53e-01  9.02e-01  5.79e+02	-10.3772 75.3286 0.4401	
91.568756 294.884065	7.97e-01  8.55e-01  5.80e+02	-29.5324 68.8816 0.0259	
91.568756 294.884065	7.53e-01  9.27e-01  5.73e+02	-8.2680 79.2955 0.1030	
91.568756 294.884065	6.42e-01  9.19e-01  5.94e+02	-8.3318 63.6900 0.2627	
91.568756 294.884065	7.98e-01  9.11e-01  5.68e+02	16.1128 81.1301 0.7393	
91.568756 294.884065	6.71e-01  9.21e-01  5.89e+02	19.6601 65.7747 0.0903	
91.568756 294.884065	7.41e-01  9.50e-01  5.70e+02	6.4975 81.4883 0.6612	
91.568756 294.884065	7.08e-01  9.70e-01  5.71e+02	62.9249 50.8546 0.0817	
91.568756 294.884065	7.75e-01  8.70e-01  5.81e+02	13.1409 72.8596 0.6778	
91.568756 294.884065	7.00e-01  9.18e-01  5.85e+02	2.2153 71.7203 0.2063	
91.568756 294.884065	6.84e-01  9.44e-01  5.81e+02	14.3615 72.8572 0.6503	
91.568756 294.884065	6.93e-01  9.25e-01  5.84e+02	-27.4715 66.6827 0.1600	
91.568756 294.884065	7.23e-01  9.47e-01  5.74e+02	-38.8802 69.0275 0.5401	
91.568756 294.884065	8.07e-01  9.06e-01  5.68e+02	12.3786 82.2913 0.1232	
91.568756 294.884065	8.09e-01  9.45e-01  5.59e+02	-14.2877 87.1104 0.3423	
91.568756 294.884065	6.86e-01  9.12e-01  5.88e+02	39.2433 56.6732 0.5945	
91.568756 294.884065	6.55e-01  9.84e-01  5.77e+02	-5.3117 77.3009 0.2500	
91.568756 294.884065	6.74e-01  8.85e-01  5.97e+02	17.9252 59.3277 0.2467	
91.568756 294.884065	7.17e-01  8.64e-01  5.94e+02	4.0571 64.5476 0.8116	
91.568756 294.884065	7.09e-01  9.04e-01  5.86e+02	22.2693 67.1888 0.3062	
91.568756 294.884065	7.72e-01  9.54e-01  5.64e+02	7.6967 85.0910 0.1330	
91.568756 294.884065	7.82e-01  9.64e-01  5.60e+02	-43.7482 76.2352 0.0038	
91.568756 294.884065	6.48e-01  9.05e-01  5.97e+02	-14.3896 60.3851 0.2040	
91.568756 294.884065	6.87e-01  8.49e-01  6.03e+02	29.9095 47.8360 0.0796	
91.568756 294.884065	6.24e-01  9.02e-01  6.02e+02	-32.3267 47.6455 0.2077	
91.568756 294.884065	6.60e-01  9.04e-01  5.95e+02	21.5340 60.0265 0.6751	
91.568756 294.884065	7.17e-01  8.83e-01  5.89e+02	-31.7326 60.3217 0.4243	
91.568756 294.884065	7.38e-01  9.47e-01  5.71e+02	-1.1066 80.9606 0.5608	
91.568756 294.884065	7.23e-01  9.26e-01  5.79e+02	31.4423 69.2306 0.5190	
91.568756 294.884065	8.34e-01  8.59e-01  5.72e+02	-22.1905 77.2085 0.0574	
91.568756 294.884065	6.84e-01  9.47e-01  5.81e+02	-46.8649 58.0969 0.2842	
91.568756 294.884065	7.69e-01  8.93e-01  5.78e+02	-17.8817 74.6486 0.3358	
91.568756 294.884065	7.23e-01  9.50e-01  5.73e+02	15.5785 78.2355 0.8048	
91.568756 294.884065	7.66e-01  9.24e-01  5.71e+02	-12.7788 79.8321 0.4678	
91.568756 294.884065	7.74e-01  8.65e-01  5.83e+02	49.5984 53.8777 0.2394	
91.568756 294.884065	7.56e-01  8.36e-01  5.93e+02	20.8134 62.2180 0.3246	
91.568756 294.884065	7.83e-01  9.65e-01  5.60e+02	19.4203 85.7601 0.9393	
91.568756 294.884065	8.36e-01  9.81e-01  5.47e+02	40.2623 85.8597 0.5865	
91.568756 294.884065	7.73e-01  9.42e-01  5.66e+02	19.9596 81.6588 0.1287	
91.568756 294.884065	7.84e-01  8.78e-01  5.78e+02	-41.5858 64.1514 0.7390	
91.568756 294.884065	5.96e-01  9.19e-01  6.02e+02	-19.9104 53.7124 0.0577	
91.568756 294.884065	8.17e-01  8.96e-01  5.68e+02	-12.7298 82.0679 0.4359	
91.568756 294.884065	7.14e-01  8.26e-01  6.03e+02	-4.9022 56.0377 0.9383	
91.568756 294.884065	7.09e-01  8.54e-01  5.98e+02	2.4117 61.2883 0.3446	
91.568756 294.884065	8.70e-01  8.96e-01  5.58e+02	11.2035 88.3494 0.6344	
91.568756 294.884065	7.44e-01  9.01e-01  5.80e+02	9.6465 74.2659 0.5904	
91.568756 294.884065	7.74e-01  8.98e-01  5.76e+02	-7.5892 77.6892 0.1496	
91.568756 294.884065	6.95e-01  9.21e-01  5.85e+02	-11.0060 70.9192 0.7526	
91.568756 294.884065	7.44e-01  9.06e-01  5.79e+02	-1.6198 75.5947 0.4654	
91.568756 294.884065	8.33e-01  8.77e-01  5.69e+02	-36.0364 74.1546 0.1959	
91.568756 294.884065	8.17e-01  8.66e-01  5.74e+02	11.0588 78.3365 0.0719	
91.568756 294.884065	7.77e-01  9.18e-01  5.71e+02	-50.9553 63.3608 0.5489	
91.568756 294.884065	7.05e-01  9.14e-01  5.85e+02	-24.9062 67.3220 0.2483	
91.568756 294.884065	7.65e-01  9.59e-01  5.64e+02	-31.0696 79.6421 0.1270	
91.568756 294.884065	6.63e-01  9.69e-01  5.79e+02	25.1788 71.6849 0.1140	
91.568756 294.884065	7.97e-01  8.24e-01  5.87e+02	-7.1417 69.6562 0.1785	
91.568756 294.884065	7.63e-01  8.67e-01  5.84e+02	2.9246 71.8441 0.0182	
91.568756 294.884065	9.07e-01  9.39e-01  5.43e+02	-25.6253 93.6597 0.0352	
91.568756 294.884065	6.84e-01  9.31e-01  5.84e+02	11.0808 71.1891 0.5606	
91.568756 294.884065	7.79e-01  9.02e-01  5.74e+02	-35.1577 70.9898 0.3514	
91.568756 294.884065	7.52e-01  8.85e-01  5.82e+02	-16.5745 71.4293 0.8571	
91.568756 294.884065	7.54e-01  9.14e-01  5.76e+02	-46.0121 63.0007 0.3375	
91.568756 294.884065	8.03e-01  9.37e-01  5.62e+02	18.8553 84.5574 0.7244	
91.568756 294.884065	7.98e-01  8.97e-01  5.71e+02	24.2575 77.1116 0.1755	
91.568756 294.884065	8.39e-01  9.35e-01  5.56e+02	-0.7041 90.1901 0.2056	
91.568756 294.884065	7.88e-01  9.12e-01  5.70e+02	-29.7403 76.1462 0.7736	
91.568756 294.884065	9.21e-01  9.63e-01  5.36e+02	33.0860 95.0191 0.9634	
91.568756 294.884065	7.03e-01  8.98e-01  5.89e+02	21.2041 65.3745 0.6693	
91.568756 294.884065	7.99e-01  9.28e-01  5.64e+02	-2.2195 85.1359 0.7721	
91.568756 294.884065	6.59e-01  9.02e-01  5.95e+02	-2.9955 63.1789 0.2943	
91.568756 294.884065	7.43e-01  9.14e-01  5.78e+02	32.1541 69.4761 0.9678	
91.568756 294.884065	6.42e-01  8.52e-01  6.11e+02	-3.9523 48.1320 0.2653	
91.568756 294.884065	7.22e-01  8.82e-01  5.89e+02	24.5886 64.1098 0.4265	
91.568756 294.884065	7.49e-01  8.20e-01  5.97e+02	24.3998 56.5192 0.4223	
91.568756 294.884065	7.56e-01  8.37e-01  5.92e+02	5.5623 65.6154 0.5776	
91.568756 294.884065	8.22e-01  8.95e-01  5.67e+02	-54.5555 63.2216 0.2449	
91.568756 294.884065	8.28e-01  9.82e-01  5.48e+02	-3.3059 94.2324 0.7526	
91.568756 294.884065	7.32e-01  9.62e-01  5.69e+02	6.2149 82.1221 0.2564	
91.568756 294.884065	7.77e-01  9.18e-01  5.71e+02	22.2130 78.1420 0.3947	
91.568756 294.884065	6.96e-01  9.95e-01  5.67e+02	21.2271 80.5801 0.3992	
91.568756 294.884065	7.46e-01  8.40e-01  5.93e+02	-23.2481 60.5108 0.8099	
91.568756 294.884065	6.85e-01  9.16e-01  5.88e+02	-1.1834 69.4417 0.7647	
91.568756 294.884065	8.80e-01  9.56e-01  5.44e+02	-22.2915 93.6680 0.5967	
91.568756 294.884065	8.55e-01  9.64e-01  5.47e+02	63.4950 70.4475 0.7267	
91.568756 294.884065	8.39e-01  9.01e-01  5.63e+02	-6.7139 85.9504 0.5116	
91.568756 294.884065	6.62e-01  9.14e-01  5.92e+02	-21.0455 62.4519 0.1928	
91.568756 294.884065	6.85e-01  9.06e-01  5.90e+02	-18.3155 65.1926 0.3313	
91.568756 294.884065	6.69e-01  9.01e-01  5.94e+02	37.3923 52.4820 0.6888	
91.568756 294.884065	6.36e-01  9.21e-01  5.95e+02	-14.7295 61.9762 0.1407	
91.568756 294.884065	7.63e-01  8.45e-01  5.89e+02	-19.6449 65.5348 0.0461	
91.568756 294.884065	6.79e-01  9.41e-01  5.83e+02	-6.2691 72.7743 0.9966	
91.568756 294.884065	7.32e-01  9.42e-01  5.73e+02	2.0155 79.5256 0.7186	
91.568756 294.884065	6.21e-01  9.13e-01  5.99e+02	-11.3322 58.7800 0.8423	
91.568756 294.884065	8.84e-01  9.91e-01  5.37e+02	25.6200 96.7029 0.0172	
91.568756 294.884065	6.77e-01  9.83e-01  5.73e+02	10.1733 79.0813 0.0175	
91.568756 294.884065	7.29e-01  9.53e-01  5.71e+02	-9.5165 80.2776 0.5863	
91.568756 294.884065	8.21e-01  9.33e-01  5.60e+02	-18.6052 85.9776 0.3331	
91.568756 294.884065	6.38e-01  9.31e-01  5.92e+02	0.2790 65.9784 0.5196	
91.568756 294.884065	6.72e-01  8.82e-01  5.98e+02	8.6540 60.4884 0.2333	
91.568756 294.884065	7.33e-01  8.71e-01  5.89e+02	-21.4462 64.9042 0.7896	
91.568756 294.884065	7.97e-01  9.51e-01  5.60e+02	18.5484 85.7841 0.1298	
91.568756 294.884065	7.87e-01  8.47e-01  5.84e+02	4.6700 72.0981 0.9162	
91.568756 294.884065	7.08e-01  9.17e-01  5.83e+02	9.3680 72.1939 0.5412	
91.568756 294.884065	7.31e-01  8.90e-01  5.85e+02	-49.0270 51.7582 0.1201	
91.568756 294.884065	7.04e-01  8.82e-01  5.92e+02	33.3679 56.8731 0.3937	
91.568756 294.884065	7.68e-01  9.11e-01  5.74e+02	-5.3172 79.1117 0.7296	
91.568756 294.884065	7.36e-01  8.90e-01  5.84e+02	-15.5836 70.3029 0.8619	
91.568756 294.884065	7.95e-01  9.09e-01  5.69e+02	-42.4316 70.4640 0.2597	
91.568756 294.884065	8.72e-01  9.68e-01  5.43e+02	24.4774 93.6705 0.1921	
91.568756 294.884065	7.70e-01  8.50e-01  5.87e+02	-14.2247 68.7498 0.5078	
91.568756 294.884065	7.16e-01  8.98e-01  5.86e+02	-7.4039 70.2258 0.8608	
91.568756 294.884065	9.04e-01  9.46e-01  5.42e+02	14.6240 96.4207 0.5053	
91.568756 294.884065	8.27e-01  8.93e-01  5.67e+02	31.7923 77.5368 0.2995	
91.568756 294.884065	6.96e-01  8.78e-01  5.94e+02	-14.5514 62.4641 0.6081	
91.568756 294.884065	7.79e-01  8.98e-01  5.75e+02	-0.7195 78.7897 0.9599	
91.568756 294.884065	7.44e-01  8.31e-01  5.96e+02	10.7557 61.9201 0.7979	
91.568756 294.884065	7.53e-01  8.71e-01  5.86e+02	-13.9370 69.6931 0.5558	
91.568756 294.884065	7.41e-01  8.63e-01  5.90e+02	-10.9169 67.1301 0.0689	
91.568756 294.884065	7.89e-01  8.92e-01  5.74e+02	-14.6816 77.7745 0.0957	
91.568756 294.884065	7.92e-01  8.81e-01  5.76e+02	25.2420 73.7834 0.4772	
91.568756 294.884065	7.20e-01  9.18e-01  5.81e+02	-33.2993 66.5362 0.5925	
91.568756 294.884065	6.33e-01  9.10e-01  5.98e+02	8.6168 60.3207 0.6269	
91.568756 294.884065	6.91e-01  9.35e-01  5.82e+02	11.3472 72.6108 0.6748	
91.568756 294.884065	8.21e-01  9.24e-01  5.61e+02	3.2655 86.9178 0.5177	
91.568756 294.884065	7.85e-01  8.84e-01  5.76e+02	-20.7144 74.7327 0.6607	
91.568756 294.884065	6.44e-01  9.45e-01  5.88e+02	-29.2646 63.0339 0.3654	
91.568756 294.884065	7.89e-01  9.80e-01  5.55e+02	-0.5652 90.3992 0.7712	
91.568756 294.884065	6.64e-01  8.86e-01  5.98e+02	12.0052 59.4384 0.0932	
91.568756 294.884065	7.81e-01  9.54e-01  5.62e+02	-19.6133 84.1917 0.6703	
91.568756 294.884065	8.57e-01  8.71e-01  5.65e+02	42.2799 73.3292 0.4526	
91.568756 294.884065	6.51e-01  8.95e-01  5.98e+02	-7.8958 60.0480 0.3362	
91.568756 294.884065	6.99e-01  8.16e-01  6.08e+02	-12.4927 49.4053 0.8621	
91.568756 294.884065	7.21e-01  9.54e-01  5.73e+02	-8.3679 79.5456 0.1789	
91.568756 294.884065	8.21e-01  9.26e-01  5.61e+02	37.1398 78.9596 0.3698	
91.568756 294.884065	6.48e-01  9.81e-01  5.78e+02	28.0272 70.8372 0.1008	
91.568756 294.884065	8.67e-01  9.31e-01  5.52e+02	42.7498 82.0669 0.4892	
91.568756 294.884065	6.74e-01  8.47e-01  6.06e+02	2.3477 53.6087 0.7804	
91.568756 294.884065	8.11e-01  8.73e-01  5.74e+02	-18.1416 77.2645 0.1920	
91.568756 294.884065	6.41e-01  8.33e-01  6.15e+02	5.0319 42.0515 0.4557	
91.568756 294.884065	7.67e-01  8.09e-01  5.96e+02	14.2858 60.9426 0.2872	
91.568756 294.884065	8.29e-01  9.00e-01  5.65e+02	25.6800 80.8947 0.7454	
91.568756 294.884065	7.87e-01  9.39e-01  5.64e+02	-34.5090 77.8434 0.3785	
91.568756 294.884065	8.75e-01  9.67e-01  5.43e+02	53.2039 80.9696 0.8725	
91.568756 294.884065	8.08e-01  8.66e-01  5.76e+02	-21.1054 75.1240 0.0230	
91.568756 294.884065	7.68e-01  8.75e-01  5.82e+02	-1.9331 73.8168 0.8113	
91.568756 294.884065	7.21e-01  8.39e-01  5.99e+02	24.3387 55.0831 0.5425	
91.568756 294.884065	6.44e-01  9.33e-01  5.90e+02	22.4047 63.4333 0.4047	
91.568756 294.884065	5.71e-01  9.50e-01  5.98e+02	-11.1020 59.9949 0.5896	
91.568756 294.884065	6.73e-01  8.66e-01  6.01e+02	26.3830 51.4672 0.7228	
91.568756 294.884065	7.98e-01  8.82e-01  5.74e+02	13.2395 77.7303 0.3484	
91.568756 294.884065	8.30e-01  9.24e-01  5.60e+02	-13.4497 86.8049 0.5226	
91.568756 294.884065	7.54e-01  9.49e-01  5.68e+02	-40.6003 72.3311 0.2019	
91.568756 294.884065	7.57e-01  9.05e-01  5.77e+02	12.2497 75.9746 0.5144	
91.568756 294.884065	7.94e-01  8.97e-01  5.72e+02	-39.7277 69.8863 0.4100	
91.568756 294.884065	7.08e-01  9.15e-01  5.84e+02	6.9585 72.0380 0.4317	
91.568756 294.884065	8.18e-01  9.38e-01  5.59e+02	-5.5199 88.2256 0.1828	
91.568756 294.884065	5.79e-01  9.50e-01  5.97e+02	-4.8744 61.8555 0.6488	
91.568756 294.884065	6.98e-01  8.44e-01  6.02e+02	-1.8747 57.2132 0.9709	
91.568756 294.884065	7.59e-01  8.96e-01  5.79e+02	40.8968 63.9784 0.9832	
91.568756 294.884065	6.85e-01  8.31e-01  6.07e+02	7.1144 51.4475 0.1951	
91.568756 294.884065	7.62e-01  9.49e-01  5.67e+02	-21.0203 81.1196 0.2514	
91.568756 294.884065	8.35e-01  8.70e-01  5.70e+02	-13.6085 80.6157 0.7594	
91.568756 294.884065	6.78e-01  7.99e-01  6.16e+02	2.6418 41.1700 0.3171	
91.568756 294.884065	8.33e-01  9.06e-01  5.63e+02	28.3756 81.2921 0.0315	
91.568756 294.884065	6.98e-01  8.74e-01  5.95e+02	24.9247 58.4252 0.7484	
91.568756 294.884065	7.36e-01  8.77e-01  5.87e+02	-5.4509 69.6860 0.1347	
91.568756 294.884065	7.39e-01  8.61e-01  5.90e+02	-3.7964 67.4059 0.0868	
91.568756 294.884065	7.75e-01  9.44e-01  5.66e+02	-31.9641 78.2076 0.0456	
91.568756 294.884065	5.80e-01  9.30e-01  6.02e+02	-3.5045 57.5634 0.4581	
91.568756 294.884065	7.03e-01  8.71e-01  5.95e+02	-17.7074 61.2364 0.6536	
91.568756 294.884065	7.52e-01  9.99e-01  5.58e+02	26.5369 85.1839 0.1447	
91.568756 294.884065	8.19e-01  8.26e-01  5.82e+02	-9.1304 73.0827 0.2910	
91.568756 294.884065	8.11e-01  8.24e-01  5.84e+02	24.0673 68.1575 0.5511	
91.568756 294.884065	7.86e-01  9.01e-01  5.73e+02	-5.2728 79.8332 0.1472	
91.568756 294.884065	8.02e-01  8.56e-01  5.79e+02	-17.3674 73.7586 0.6840	
91.568756 294.884065	7.33e-01  9.29e-01  5.76e+02	-22.5154 74.3907 0.1657	
91.568756 294.884065	7.38e-01  8.68e-01  5.89e+02	38.8289 56.4120 0.2333	
91.568756 294.884065	7.93e-01  8.88e-01  5.74e+02	13.8810 77.8140 0.9935	
91.568756 294.884065	7.92e-01  8.62e-01  5.80e+02	20.6403 72.3245 0.3637	
91.568756 294.884065	8.33e-01  8.69e-01  5.70e+02	26.8473 77.0321 0.5798	
91.568756 294.884065	5.83e-01  9.81e-01  5.88e+02	18.2673 66.5911 0.2214	
91.568756 294.884065	8.09e-01  9.59e-01  5.56e+02	44.4634 78.1352 0.5114	
91.568756 294.884065	7.47e-01  8.69e-01  5.87e+02	41.8863 56.1115 0.9259	
91.568756 294.884065	7.84e-01  8.48e-01  5.84e+02	-29.4607 65.5532 0.1821	
91.568756 294.884065	6.69e-01  8.52e-01  6.05e+02	-5.9521 53.5481 0.5834	
91.568756 294.884065	7.89e-01  8.69e-01  5.79e+02	-29.7802 69.8337 0.1935	
91.568756 294.884065	7.20e-01  8.94e-01  5.86e+02	-18.8744 67.8677 0.2057	
91.568756 294.884065	7.75e-01  8.01e-01  5.96e+02	-22.4901 58.2911 0.3508	
91.568756 294.884065	7.97e-01  8.64e-01  5.78e+02	9.8911 75.5198 0.1680	
91.568756 294.884065	7.64e-01  8.09e-01  5.97e+02	26.9981 55.9997 0.0257	
91.568756 294.884065	7.72e-01  9.25e-01  5.70e+02	-33.1068 74.6351 0.2195	
91.568756 294.884065	8.67e-01  9.60e-01  5.46e+02	22.7255 92.7824 0.8148	
91.568756 294.884065	6.66e-01  9.52e-01  5.82e+02	17.3600 71.2847 0.0751	
91.568756 294.884065	8.51e-01  8.93e-01  5.62e+02	6.5300 86.2025 0.6604	
91.568756 294.884065	8.01e-01  9.06e-01  5.69e+02	-27.9883 77.6749 0.9048	
91.568756 294.884065	7.36e-01  8.59e-01  5.91e+02	10.2189 65.8221 0.8384	
91.568756 294.884065	8.34e-01  9.18e-01  5.60e+02	-23.7252 84.3425 0.8750	
91.568756 294.884065	8.40e-01  8.63e-01  5.70e+02	7.6769 81.2261 0.3398	
91.568756 294.884065	7.45e-01  9.58e-01  5.68e+02	27.6773 78.5766 0.6134	
91.568756 294.884065	6.79e-01  9.28e-01  5.86e+02	13.4548 69.6599 0.1924	
91.568756 294.884065	4.94e-01  8.87e-01  6.26e+02	-1.4609 23.2098 0.9599	
91.568756 294.884065	7.41e-01  8.90e-01  5.83e+02	-11.6454 71.8464 0.9161	
91.568756 294.884065	6.76e-01  8.86e-01  5.96e+02	-9.4726 61.8079 0.1877	
91.568756 294.884065	6.37e-01  9.04e-01  5.99e+02	7.7880 59.8182 0.9693	
91.568756 294.884065	7.32e-01  9.30e-01  5.76e+02	1.2990 77.8218 0.2094	
91.568756 294.884065	6.92e-01  8.70e-01  5.97e+02	13.0709 60.3321 0.8212	
91.568756 294.884065	8.61e-01  9.40e-01  5.51e+02	-30.7596 87.5898 0.2825	
91.568756 294.884065	6.53e-01  8.55e-01  6.08e+02	22.7210 46.2516 0.1248	
91.568756 294.884065	7.87e-01  9.76e-01  5.57e+02	-49.9762 74.5552 0.4313	
91.568756 294.884065	7.36e-01  9.26e-01  5.76e+02	42.1824 65.1529 0.6756	
91.568756 294.884065	7.91e-01  8.81e-01  5.76e+02	27.2080 72.9491 0.5981	
91.568756 294.884065	8.43e-01  9.68e-01  5.49e+02	-10.7694 93.4699 0.3840	
91.568756 294.884065	7.71e-01  8.80e-01  5.80e+02	-2.0678 75.0702 0.8922	
91.568756 294.884065	7.16e-01  9.08e-01  5.84e+02	-7.0928 72.0026 0.6936	
91.568756 294.884065	7.85e-01  8.90e-01  5.75e+02	-7.0815 78.0808 0.8065	
91.568756 294.884065	6.66e-01  8.94e-01  5.96e+02	38.3497 49.3646 0.8963	
91.568756 294.884065	7.74e-01  8.59e-01  5.84e+02	14.9401 70.6502 0.7485	
91.568756 294.884065	7.62e-01  9.28e-01  5.71e+02	11.1857 80.1584 0.5037	
91.568756 294.884065	8.09e-01  8.35e-01  5.82e+02	-13.4907 72.3347 0.9511	
91.568756 294.884065	7.79e-01  8.94e-01  5.75e+02	9.5192 77.6616 0.6586	
91.568756 294.884065	7.25e-01  8.57e-01  5.94e+02	24.2347 59.8060 0.5263	
91.568756 294.884065	6.57e-01  9.66e-01  5.80e+02	13.7385 73.5748 0.6300	
91.568756 294.884065	7.05e-01  9.68e-01  5.72e+02	3.4075 80.3177 0.1495	
91.568756 294.884065	8.43e-01  9.55e-01  5.51e+02	-22.5958 89.9292 0.6938	
91.568756 294.884065	8.14e-01  8.72e-01  5.74e+02	37.7895 69.9157 0.6651	
91.568756 294.884065	6.86e-01  9.72e-01  5.74e+02	-20.9814 75.9924 0.9480	
91.568756 294.884065	8.27e-01  8.83e-01  5.69e+02	7.2027 82.2611 0.4902	
91.568756 294.884065	7.77e-01  8.03e-01  5.95e+02	19.9630 60.0567 0.1336	
91.568756 294.884065	5.93e-01  9.33e-01  5.99e+02	17.3140 57.5758 0.4389	
91.568756 294.884065	7.33e-01  9.35e-01  5.75e+02	2.7981 78.5080 0.0641	
91.568756 294.884065	7.41e-01  9.20e-01  5.77e+02	-39.0143 66.7675 0.0806	
91.568756 294.884065	7.21e-01  9.41e-01  5.75e+02	40.8924 66.6650 0.0002	
91.568756 294.884065	7.52e-01  9.19e-01  5.75e+02	-1.4915 78.4987 0.7684	
91.568756 294.884065	6.53e-01  8.85e-01  6.00e+02	-2.5331 58.6186 0.1272	
91.568756 294.884065	7.29e-01  9.27e-01  5.77e+02	44.6186 62.6810 0.1397	
91.568756 294.884065	7.38e-01  9.30e-01  5.75e+02	15.5299 76.9547 0.8341	
91.568756 294.884065	7.95e-01  9.84e-01  5.54e+02	-15.3353 90.0418 0.9650	
91.568756 294.884065	7.15e-01  9.66e-01  5.71e+02	10.1484 80.5556 0.0317	
91.568756 294.884065	9.10e-01  9.47e-01  5.41e+02	12.1235 97.4187 0.2674	
91.568756 294.884065	6.51e-01  8.69e-01  6.05e+02	26.5620 47.6354 0.6559	
91.568756 294.884065	6.69e-01  8.30e-01  6.11e+02	24.7823 41.0332 0.7569	
91.568756 294.884065	6.21e-01  8.96e-01  6.03e+02	0.5809 55.8507 0.5736	
91.568756 294.884065	7.80e-01  8.47e-01  5.85e+02	-27.0806 65.9686 0.4990	
91.568756 294.884065	6.31e-01  9.67e-01  5.84e+02	19.0141 69.3620 0.1360	
91.568756 294.884065	7.14e-01  9.15e-01  5.82e+02	-29.1009 67.2860 0.9539	
91.568756 294.884065	7.83e-01  9.84e-01  5.56e+02	5.0236 90.1726 0.8032	
91.568756 294.884065	7.60e-01  9.44e-01  5.68e+02	-24.6172 79.2409 0.0584	
91.568756 294.884065	8.81e-01  9.45e-01  5.46e+02	52.5674 79.4309 0.9910	
91.568756 294.884065	7.32e-01  9.04e-01  5.82e+02	-22.1376 70.3063 0.2242	
91.568756 294.884065	7.42e-01  8.25e-01  5.98e+02	-18.4143 58.4456 0.8670	
91.568756 294.884065	8.51e-01  9.50e-01  5.51e+02	-10.3305 92.4356 0.7701	
91.568756 294.884065	7.80e-01  8.93e-01  5.75e+02	9.3526 77.6388 0.4046	
91.568756 294.884065	7.37e-01  8.87e-01  5.85e+02	-1.8944 71.5819 0.2358	
91.568756 294.884065	7.68e-01  9.54e-01  5.65e+02	-21.1960 82.4418 0.8571	
91.568756 294.884065	7.17e-01  9.50e-01  5.74e+02	-33.6174 71.4070 0.5134	
91.568756 294.884065	7.30e-01  9.39e-01  5.74e+02	27.3017 74.0457 0.4075	
91.568756 294.884065	7.85e-01  9.02e-01  5.73e+02	-24.5278 76.1390 0.0308	
91.568756 294.884065	6.01e-01  8.66e-01  6.14e+02	-0.1852 43.5942 0.4962	
91.568756 294.884065	7.21e-01  9.10e-01  5.83e+02	11.5982 72.2976 0.9722	
91.568756 294.884065	7.90e-01  9.22e-01  5.68e+02	9.9181 82.7154 0.9030	
91.568756 294.884065	8.59e-01  9.93e-01  5.41e+02	47.8624 85.7329 0.3103	
91.568756 294.884065	7.12e-01  8.74e-01  5.92e+02	6.6409 65.2921 0.8529	
91.568756 294.884065	7.09e-01  8.56e-01  5.97e+02	18.8818 58.8708 0.2880	
91.568756 294.884065	6.34e-01  9.38e-01  5.91e+02	36.6659 55.8300 0.7451	
91.568756 294.884065	7.17e-01  8.29e-01  6.02e+02	-29.1799 49.7258 0.8360	
91.568756 294.884065	7.04e-01  8.76e-01  5.93e+02	38.0318 52.5472 0.9811	
91.568756 294.884065	7.51e-01  9.28e-01  5.73e+02	13.9619 78.4257 0.3296	
91.568756 294.884065	6.89e-01  9.26e-01  5.84e+02	11.4668 71.0273 0.3727	
91.568756 294.884065	8.81e-01  9.79e-01  5.40e+02	12.8912 97.8151 0.4045	
91.568756 294.884065	7.16e-01  9.02e-01  5.85e+02	-22.7887 67.5246 0.6555	
91.568756 294.884065	7.64e-01  9.25e-01  5.72e+02	-9.9442 80.0888 0.0002	
91.568756 294.884065	7.13e-01  9.29e-01  5.80e+02	2.5200 75.2872 0.6877	
91.568756 294.884065	7.69e-01  9.40e-01  5.67e+02	-13.0363 82.3734 0.5696	
91.568756 294.884065	7.66e-01  8.92e-01  5.78e+02	15.8236 74.5095 0.2197	
91.568756 294.884065	8.11e-01  8.39e-01  5.81e+02	38.2145 63.9662 0.8528	
91.568756 294.884065	7.10e-01  9.17e-01  5.83e+02	21.0860 69.8208 0.7438	
91.568756 294.884065	6.36e-01  9.25e-01  5.94e+02	2.7798 64.4738 0.5859	
91.568756 294.884065	8.33e-01  9.10e-01  5.62e+02	15.6792 85.1139 0.0584	
91.568756 294.884065	6.89e-01  9.35e-01  5.82e+02	36.2107 63.8443 0.8950	
91.568756 294.884065	7.06e-01  8.59e-01  5.97e+02	11.2778 60.8357 0.6459	
91.568756 294.884065	7.28e-01  8.61e-01  5.92e+02	-13.6451 64.4453 0.5652	
91.568756 294.884065	8.86e-01  9.12e-01  5.52e+02	27.0199 88.4108 0.8959	
91.568756 294.884065	7.92e-01  9.22e-01  5.67e+02	1.5104 83.5162 0.9370	
91.568756 294.884065	7.07e-01  9.52e-01  5.75e+02	-3.6869 78.1421 0.3572	
91.568756 294.884065	7.51e-01  9.21e-01  5.75e+02	2.8918 78.6068 0.0996	
91.568756 294.884065	8.66e-01  9.54e-01  5.47e+02	-47.4987 81.9738 0.1417	
91.568756 294.884065	7.11e-01  9.01e-01  5.86e+02	17.4189 68.3471 0.5675	
91.568756 294.884065	7.02e-01  8.99e-01  5.88e+02	-17.4684 66.5697 0.9147	
91.568756 294.884065	6.93e-01  8.56e-01  6.00e+02	3.8097 58.8814 0.0175	
91.568756 294.884065	7.68e-01  8.73e-01  5.82e+02	5.6224 73.3011 0.2047	
91.568756 294.884065	8.42e-01  9.82e-01  5.46e+02	-1.6020 95.5152 0.1109	
91.568756 294.884065	6.33e-01  9.41e-01  5.90e+02	29.6449 60.4868 0.3505	
91.568756 294.884065	8.03e-01  9.04e-01  5.69e+02	10.5187 81.7469 0.3841	
91.568756 294.884065	8.26e-01  9.63e-01  5.53e+02	-1.9685 91.9594 0.3015	
91.568756 294.884065	6.67e-01  8.24e-01  6.12e+02	11.8079 44.5850 0.1459	
91.568756 294.884065	7.64e-01  8.37e-01  5.91e+02	1.5051 67.0961 0.3412	
91.568756 294.884065	7.44e-01  8.52e-01  5.91e+02	21.0194 63.2304 0.0861	
91.568756 294.884065	7.53e-01  8.82e-01  5.83e+02	-6.4770 72.7084 0.2216	
91.568756 294.884065	6.73e-01  8.95e-01  5.94e+02	15.3709 62.0997 0.6621	
91.568756 294.884065	7.94e-01  8.80e-01  5.76e+02	39.3750 67.4295 0.7280	
91.568756 294.884065	8.10e-01  9.63e-01  5.55e+02	-28.1184 86.0096 0.7221	
91.568756 294.884065	8.32e-01  9.66e-01  5.51e+02	0.3908 92.8499 0.3100	
91.568756 294.884065	8.24e-01  9.15e-01  5.63e+02	-28.1834 81.4505 0.8808	
91.568756 294.884065	7.00e-01  9.19e-01  5.84e+02	-19.7405 69.2948 0.9136	
91.568756 294.884065	7.03e-01  8.53e-01  5.99e+02	1.4918 60.1447 0.8166	
91.568756 294.884065	6.80e-01  9.69e-01  5.76e+02	15.0122 76.3682 0.8824	
91.568756 294.884065	6.54e-01  8.63e-01  6.06e+02	5.2913 53.3673 0.6130	
91.568756 294.884065	7.34e-01  9.44e-01  5.73e+02	-22.2850 76.8370 0.0445	
91.568756 294.884065	7.42e-01  8.21e-01  5.98e+02	22.0426 56.4087 0.1621	
91.568756 294.884065	7.13e-01  8.25e-01  6.03e+02	-7.7489 55.4999 0.0871	
91.568756 294.884065	8.40e-01  9.54e-01  5.52e+02	15.8252 91.0133 0.1550	
91.568756 294.884065	8.01e-01  8.77e-01  5.75e+02	-16.0457 76.9181 0.1815	
91.568756 294.884065	7.82e-01  9.31e-01  5.67e+02	-5.3370 83.5019 0.5496	
91.568756 294.884065	8.50e-01  9.51e-01  5.51e+02	18.2608 91.1811 0.1913	
91.568756 294.884065	8.33e-01  9.17e-01  5.61e+02	6.7787 87.1553 0.9992	
91.568756 294.884065	7.42e-01  8.99e-01  5.81e+02	5.1966 73.9061 0.1579	
91.568756 294.884065	7.56e-01  9.15e-01  5.75e+02	16.2360 76.7951 0.5055	
91.568756 294.884065	6.76e-01  8.70e-01  6.00e+02	13.7930 57.5103 0.8932	
91.568756 294.884065	7.15e-01  9.31e-01  5.79e+02	-14.9334 74.4092 0.1527	
91.568756 294.884065	7.24e-01  9.30e-01  5.78e+02	38.5558 66.3218 0.7863	
91.568756 294.884065	6.90e-01  8.53e-01  6.01e+02	23.0442 52.9621 0.6982	
91.568756 294.884065	7.45e-01  8.94e-01  5.82e+02	37.9746 63.3401 0.0865	
91.568756 294.884065	6.10e-01  9.19e-01  6.00e+02	-7.6560 58.9843 0.7492	
91.568756 294.884065	7.32e-01  9.60e-01  5.69e+02	9.2286 81.6136 0.9692	
91.568756 294.884065	8.79e-01  9.49e-01  5.46e+02	-35.5410 88.7274 0.0012	
91.568756 294.884065	7.19e-01  9.08e-01  5.83e+02	10.2398 71.8796 0.1458	
91.568756 294.884065	7.17e-01  8.86e-01  5.89e+02	21.3122 65.1849 0.4336	
91.568756 294.884065	8.10e-01  9.00e-01  5.68e+02	9.4549 82.1727 0.9579	
91.568756 294.884065	8.44e-01  8.92e-01  5.64e+02	5.8179 85.4887 0.7025	
91.568756 294.884065	7.58e-01  9.25e-01  5.73e+02	45.7238 65.7383 0.3963	
91.568756 294.884065	7.66e-01  8.00e-01  5.98e+02	-22.7318 56.2721 0.2384	
91.568756 294.884065	9.01e-01  9.37e-01  5.44e+02	29.7235 91.6542 0.6855	
91.568756 294.884065	8.32e-01  9.52e-01  5.54e+02	52.8946 74.4355 0.4620	
91.568756 294.884065	8.45e-01  8.52e-01  5.71e+02	25.9059 76.5803 0.8156	
91.568756 294.884065	6.36e-01  9.74e-01  5.82e+02	12.6306 72.5202 0.6720	
91.568756 294.884065	7.31e-01  8.37e-01  5.97e+02	-3.8849 61.5486 0.1484	
91.568756 294.884065	7.02e-01  9.18e-01  5.84e+02	0.0461 72.0091 0.0645	
91.568756 294.884065	7.88e-01  9.05e-01  5.71e+02	6.9702 80.5388 0.9582	
91.568756 294.884065	7.93e-01  9.55e-01  5.60e+02	8.3727 87.3808 0.9693	
91.568756 294.884065	7.63e-01  9.02e-01  5.77e+02	-26.7435 72.5047 0.4734	
91.568756 294.884065	5.04e-01  9.48e-01  6.08e+02	37.9072 33.6234 0.4373	
91.568756 294.884065	8.27e-01  9.79e-01  5.49e+02	71.2801 60.9873 0.4308	
91.568756 294.884065	8.85e-01  9.37e-01  5.47e+02	-24.5001 91.6368 0.2908	
91.568756 294.884065	6.59e-01  9.46e-01  5.85e+02	-4.1613 71.4434 0.8339	
91.568756 294.884065	8.13e-01  9.75e-01  5.52e+02	36.8205 84.4062 0.9869	
91.568756 294.884065	8.08e-01  8.78e-01  5.74e+02	-12.6065 78.4584 0.5079	
91.568756 294.884065	8.87e-01  9.22e-01  5.50e+02	31.8439 87.9817 0.2930	
91.568756 294.884065	6.33e-01  9.83e-01  5.80e+02	-37.9470 64.5771 0.7631	
91.568756 294.884065	7.90e-01  9.62e-01  5.59e+02	-10.7557 87.7147 0.8475	
91.568756 294.884065	6.53e-01  9.51e-01  5.85e+02	-12.9184 70.4907 0.8443	
91.568756 294.884065	7.41e-01  9.09e-01  5.79e+02	1.2065 75.6789 0.5278	
91.568756 294.884065	7.20e-01  8.38e-01  5.99e+02	11.6311 58.8446 0.4873	
91.568756 294.884065	7.87e-01  8.58e-01  5.82e+02	3.9664 73.8197 0.4792	
91.568756 294.884065	7.63e-01  8.75e-01  5.83e+02	8.5421 72.7824 0.3058	
91.568756 294.884065	7.31e-01  8.74e-01  5.89e+02	15.3989 66.8764 0.9651	
91.568756 294.884065	8.34e-01  9.73e-01  5.49e+02	-22.1262 91.1719 0.2968	
91.568756 294.884065	7.65e-01  9.32e-01  5.70e+02	-7.6352 81.4829 0.2006	
91.568756 294.884065	7.14e-01  9.26e-01  5.80e+02	8.8176 74.4320 0.9922	
91.568756 294.884065	7.45e-01  9.41e-01  5.71e+02	-25.3548 76.8489 0.6243	
91.568756 294.884065	8.03e-01  9.29e-01  5.64e+02	30.0875 80.2863 0.7748	
91.568756 294.884065	7.41e-01  8.44e-01  5.94e+02	-7.0748 64.2606 0.1883	
91.568756 294.884065	8.50e-01  9.27e-01  5.56e+02	-34.6981 83.3235 0.1824	
91.568756 294.884065	8.07e-01  9.78e-01  5.53e+02	18.8459 89.9300 0.1116	
91.568756 294.884065	8.01e-01  9.26e-01  5.65e+02	17.8980 83.2289 0.7032	
91.568756 294.884065	6.93e-01  9.27e-01  5.84e+02	-6.3982 72.2439 0.3282	
91.568756 294.884065	7.41e-01  8.32e-01  5.96e+02	4.4980 62.2832 0.4358	
91.568756 294.884065	7.39e-01  8.66e-01  5.89e+02	-11.2693 67.3542 0.7180	
91.568756 294.884065	7.11e-01  8.58e-01  5.96e+02	-38.3815 49.2874 0.8226	
91.568756 294.884065	8.54e-01  9.66e-01  5.47e+02	-2.7316 94.8511 0.2999	
91.568756 294.884065	8.48e-01  9.31e-01  5.55e+02	3.6210 90.5053 0.2722	
91.568756 294.884065	7.81e-01  9.41e-01  5.65e+02	21.6081 81.9983 0.3639	
91.568756 294.884065	7.43e-01  8.82e-01  5.85e+02	-7.9408 71.2456 0.2451	
91.568756 294.884065	7.94e-01  9.94e-01  5.52e+02	22.5250 89.7261 0.5406	
91.568756 294.884065	6.50e-01  9.36e-01  5.89e+02	-24.8487 63.9182 0.6535	
91.568756 294.884065	7.45e-01  9.24e-01  5.75e+02	-4.7473 78.1656 0.7125	
91.568756 294.884065	7.32e-01  8.28e-01  5.99e+02	15.8631 57.9158 0.5218	
91.568756 294.884065	6.68e-01  9.06e-01  5.93e+02	24.7081 60.5905 0.9717	
91.568756 294.884065	7.11e-01  8.75e-01  5.92e+02	-18.7731 62.9987 0.6803	
91.568756 294.884065	7.50e-01  8.62e-01  5.88e+02	-40.5642 56.1701 0.4924	
91.568756 294.884065	7.98e-01  9.80e-01  5.54e+02	16.9232 89.7122 0.8392	
91.568756 294.884065	8.64e-01  9.59e-01  5.47e+02	25.4668 91.6610 0.6222	
91.568756 294.884065	7.96e-01  9.06e-01  5.70e+02	9.4666 81.3061 0.0224	
91.568756 294.884065	7.64e-01  9.14e-01  5.74e+02	-16.5859 77.4920 0.7992	
91.568756 294.884065	7.72e-01  9.14e-01  5.73e+02	4.7291 79.9922 0.0087	
91.568756 294.884065	8.15e-01  9.03e-01  5.67e+02	47.1146 69.1284 0.8147	
91.568756 294.884065	7.27e-01  9.62e-01  5.70e+02	16.2686 80.1711 0.9634	
91.568756 294.884065	9.01e-01  9.34e-01  5.45e+02	50.3335 81.7875 0.3921	
91.568756 294.884065	8.50e-01  9.61e-01  5.49e+02	-0.3179 93.9715 0.8881	
91.568756 294.884065	7.63e-01  8.12e-01  5.96e+02	-13.4606 61.1576 0.2933	
91.568756 294.884065	7.55e-01  9.49e-01  5.68e+02	13.4770 82.0413 0.3766	
91.568756 294.884065	7.15e-01  9.40e-01  5.77e+02	-25.7633 72.7727 0.1301	
91.568756 294.884065	7.55e-01  8.92e-01  5.80e+02	-14.5806 73.3110 0.8714	
91.568756 294.884065	7.79e-01  8.51e-01  5.85e+02	20.3796 68.7878 0.6826	
91.568756 294.884065	7.17e-01  9.13e-01  5.83e+02	-4.9657 72.9870 0.8293	
91.568756 294.884065	7.48e-01  9.15e-01  5.77e+02	6.6607 77.0992 0.9597	
91.568756 294.884065	7.35e-01  9.53e-01  5.71e+02	-4.3821 81.2658 0.6358	
91.568756 294.884065	8.01e-01  8.52e-01  5.80e+02	16.1694 73.2370 0.8844	
91.568756 294.884065	7.56e-01  9.49e-01  5.68e+02	-24.6745 79.3671 0.1885	
91.568756 294.884065	7.51e-01  8.35e-01  5.94e+02	3.4240 64.6317 0.7052	
91.568756 294.884065	7.64e-01  9.18e-01  5.73e+02	31.0095 73.5426 0.0467	
91.568756 294.884065	7.48e-01  9.03e-01  5.79e+02	26.0300 70.9682 0.8761	
91.568756 294.884065	7.75e-01  8.76e-01  5.80e+02	16.1111 73.1909 0.0467	
91.568756 294.884065	7.10e-01  9.12e-01  5.84e+02	-16.9412 70.1400 0.6167	
91.568756 294.884065	7.77e-01  8.53e-01  5.85e+02	13.7847 70.3848 0.1752	
91.568756 294.884065	8.07e-01  9.58e-01  5.57e+02	-18.3382 87.7353 0.9945	
91.568756 294.884065	8.11e-01  8.82e-01  5.72e+02	-28.5892 75.1769 0.7430	
91.568756 294.884065	7.27e-01  8.64e-01  5.92e+02	-11.6644 65.1418 0.4539	
91.568756 294.884065	7.36e-01  8.39e-01  5.96e+02	-0.7649 62.9431 0.9035	
91.568756 294.884065	7.79e-01  8.60e-01  5.83e+02	14.9148 71.6768 0.9403	
91.568756 294.884065	7.25e-01  8.56e-01  5.94e+02	26.9343 58.5035 0.6632	
91.568756 294.884065	8.03e-01  9.45e-01  5.60e+02	-38.4292 78.7243 0.1373	
91.568756 294.884065	7.07e-01  9.16e-01  5.84e+02	30.8003 65.6332 0.2687	
91.568756 294.884065	7.08e-01  9.17e-01  5.83e+02	14.5006 71.3657 0.0047	
91.568756 294.884065	7.20e-01  8.10e-01  6.05e+02	-33.3423 42.3750 0.6729	
91.568756 294.884065	8.01e-01  9.49e-01  5.60e+02	-26.7362 83.7971 0.2790	
91.568756 294.884065	7.33e-01  7.97e-01  6.06e+02	-11.3660 52.4537 0.2367	
91.568756 294.884065	7.42e-01  8.87e-01  5.84e+02	6.9078 71.9100 0.3673	
91.568756 294.884065	7.44e-01  8.83e-01  5.84e+02	5.1911 71.6966 0.3043	
91.568756 294.884065	7.29e-01  9.28e-01  5.77e+02	24.9419 73.0172 0.2774	
91.568756 294.884065	7.71e-01  9.44e-01  5.66e+02	37.7759 75.1706 0.7576	
91.568756 294.884065	6.52e-01  9.65e-01  5.81e+02	-9.3233 73.4281 0.3771	
91.568756 294.884065	6.89e-01  9.18e-01  5.86e+02	7.6301 69.9651 0.7354	
91.568756 294.884065	7.77e-01  8.76e-01  5.80e+02	-25.9648 70.6947 0.7479	
91.568756 294.884065	6.24e-01  8.38e-01  6.17e+02	3.2493 39.5518 0.4536	
91.568756 294.884065	6.11e-01  9.35e-01  5.95e+02	7.7043 62.8213 0.3242	
91.568756 294.884065	7.13e-01  8.93e-01  5.88e+02	-1.0212 69.3302 0.3922	
91.568756 294.884065	6.89e-01  9.14e-01  5.87e+02	-0.3403 69.8207 0.3352	
91.568756 294.884065	7.66e-01  8.99e-01  5.77e+02	30.8381 70.8737 0.6045	
91.568756 294.884065	8.07e-01  9.75e-01  5.54e+02	-31.1897 85.9834 0.4782	
91.568756 294.884065	7.89e-01  8.94e-01  5.74e+02	28.5837 74.1629 0.9660	
91.568756 294.884065	7.56e-01  9.71e-01  5.63e+02	-33.2847 79.3526 0.1336	
91.568756 294.884065	7.92e-01  8.33e-01  5.86e+02	-26.5815 65.7230 0.4043	
91.568756 294.884065	7.43e-01  9.34e-01  5.73e+02	-26.3354 75.0633 0.8948	
91.568756 294.884065	7.52e-01  8.17e-01  5.97e+02	18.7069 58.5476 0.8539	
91.568756 294.884065	6.60e-01  9.02e-01  5.95e+02	12.4608 62.1405 0.9170	
91.568756 294.884065	9.05e-01  9.69e-01  5.38e+02	28.8480 95.5038 0.8156	
91.568756 294.884065	7.45e-01  8.45e-01  5.93e+02	15.8032 63.5988 0.4615	
91.568756 294.884065	7.29e-01  9.09e-01  5.81e+02	18.3611 71.8269 0.8733	
91.568756 294.884065	8.06e-01  9.24e-01  5.64e+02	5.0075 85.2479 0.3460	
91.568756 294.884065	6.71e-01  9.59e-01  5.80e+02	-28.5303 69.5162 0.7080	
91.568756 294.884065	7.96e-01  8.69e-01  5.77e+02	-2.5056 76.8224 0.9795	
91.568756 294.884065	6.59e-01  8.31e-01  6.12e+02	-20.7915 41.3878 0.4013	
91.568756 294.884065	6.44e-01  9.16e-01  5.94e+02	-24.7831 59.0364 0.6376	
91.568756 294.884065	6.16e-01  9.72e-01  5.86e+02	-43.4387 56.2760 0.8966	
91.568756 294.884065	8.46e-01  9.53e-01  5.51e+02	-17.8353 91.0478 0.8154	
91.568756 294.884065	6.01e-01  8.67e-01  6.14e+02	-1.6802 43.9360 0.2911	
91.568756 294.884065	6.83e-01  8.22e-01  6.10e+02	-12.2781 47.5474 0.2011	
91.568756 294.884065	7.33e-01  8.93e-01  5.84e+02	25.0648 67.5470 0.4387	
91.568756 294.884065	7.97e-01  9.05e-01  5.70e+02	-3.6372 81.8714 0.2457	
91.568756 294.884065	7.56e-01  8.56e-01  5.88e+02	-3.3724 69.0578 0.3044	
91.568756 294.884065	7.41e-01  9.70e-01  5.66e+02	-26.2207 80.2773 0.7313	
91.568756 294.884065	8.05e-01  9.19e-01  5.65e+02	40.3340 74.3426 0.2289	
91.568756 294.884065	7.22e-01  8.87e-01  5.88e+02	4.5979 69.3985 0.9954	
91.568756 294.884065	8.76e-01  9.70e-01  5.42e+02	-45.9632 85.8239 0.5798	
91.568756 294.884065	7.55e-01  8.50e-01  5.89e+02	-36.0040 57.8247 0.0361	
91.568756 294.884065	8.20e-01  8.99e-01  5.67e+02	-4.0184 83.6427 0.1520	
91.568756 294.884065	7.55e-01  9.11e-01  5.76e+02	30.7029 71.2362 0.8023	
91.568756 294.884065	8.09e-01  9.74e-01  5.53e+02	-4.7654 91.4863 0.3502	
91.568756 294.884065	9.24e-01  9.59e-01  5.36e+02	27.7657 96.6237 0.9471	
91.568756 294.884065	8.57e-01  9.21e-01  5.55e+02	-17.3634 88.7049 0.1650	
91.568756 294.884065	6.43e-01  9.04e-01  5.98e+02	-17.2225 58.8335 0.3811	
91.568756 294.884065	6.27e-01  9.54e-01  5.88e+02	25.4980 64.2725 0.2450	
91.568756 294.884065	7.50e-01  9.88e-01  5.60e+02	-12.7408 86.7566 0.4033	
91.568756 294.884065	7.91e-01  9.58e-01  5.60e+02	-24.1533 84.5630 0.0580	
91.568756 294.884065	7.38e-01  8.39e-01  5.95e+02	27.2978 57.1756 0.8535	
91.568756 294.884065	7.63e-01  9.25e-01  5.72e+02	7.4050 80.3788 0.9691	
91.568756 294.884065	6.38e-01  8.99e-01  6.00e+02	11.2690 58.2548 0.0173	
91.568756 294.884065	7.07e-01  9.33e-01  5.80e+02	-39.8480 63.9074 0.3566	
91.568756 294.884065	7.53e-01  9.81e-01  5.61e+02	-12.1770 86.1703 0.0020	
91.568756 294.884065	6.40e-01  8.77e-01  6.05e+02	31.8403 44.2497 0.4828	
91.568756 294.884065	6.99e-01  9.51e-01  5.77e+02	0.2846 77.0727 0.0770	
91.568756 294.884065	6.75e-01  8.64e-01  6.02e+02	26.6104 51.1399 0.8633	
91.568756 294.884065	6.45e-01  9.13e-01  5.95e+02	29.7704 55.9170 0.2399	
91.568756 294.884065	6.33e-01  9.06e-01  5.99e+02	-10.7268 59.0136 0.5193	
91.568756 294.884065	7.53e-01  8.95e-01  5.80e+02	20.9372 72.1017 0.7348	
91.568756 294.884065	7.16e-01  9.28e-01  5.79e+02	-9.6411 74.8178 0.4945	
91.568756 294.884065	7.96e-01  8.33e-01  5.85e+02	6.8564 71.0948 0.4836	
91.568756 294.884065	8.58e-01  9.21e-01  5.55e+02	-54.5508 72.2786 0.9948	
91.568756 294.884065	8.52e-01  9.31e-01  5.54e+02	-20.5106 88.6260 0.7704	
91.568756 294.884065	8.02e-01  9.28e-01  5.64e+02	29.9201 80.0352 0.2483	
91.568756 294.884065	6.49e-01  9.46e-01  5.86e+02	-9.1881 69.7498 0.7519	
91.568756 294.884065	5.71e-01  8.83e-01  6.15e+02	-21.6298 36.7401 0.0546	
91.568756 294.884065	6.48e-01  9.14e-01  5.94e+02	1.8015 64.1224 0.6193	
91.568756 294.884065	7.22e-01  9.68e-01  5.69e+02	-48.0773 66.6067 0.8703	
91.568756 294.884065	6.80e-01  8.64e-01  6.01e+02	3.0650 58.4753 0.4371	
91.568756 294.884065	7.66e-01  9.20e-01  5.72e+02	11.5368 79.4694 0.6550	
91.568756 294.884065	7.62e-01  8.75e-01  5.83e+02	1.7822 73.1054 0.9051	
91.568756 294.884065	7.52e-01  8.17e-01  5.98e+02	22.8789 56.8981 0.1123	
91.568756 294.884065	8.34e-01  9.04e-01  5.63e+02	15.8533 84.5145 0.4393	
91.568756 294.884065	6.70e-01  9.23e-01  5.88e+02	44.4933 52.6890 0.5262	
91.568756 294.884065	7.05e-01  8.09e-01  6.09e+02	13.0933 48.6180 0.5722	
91.568756 294.884065	8.47e-01  9.55e-01  5.50e+02	3.0592 93.0597 0.3725	
91.568756 294.884065	7.44e-01  9.44e-01  5.71e+02	-9.1609 80.6834 0.2925	
91.568756 294.884065	7.39e-01  9.09e-01  5.80e+02	-7.4964 74.9259 0.7015	
91.568756 294.884065	8.57e-01  9.07e-01  5.58e+02	2.3047 88.7999 0.9286	
91.568756 294.884065	7.20e-01  8.45e-01  5.97e+02	-1.5980 61.3835 0.5268	
91.568756 294.884065	6.91e-01  9.90e-01  5.69e+02	29.9969 76.4422 0.8681	
91.568756 294.884065	8.07e-01  9.18e-01  5.65e+02	-28.1028 79.9908 0.5801	
91.568756 294.884065	6.04e-01  9.24e-01  5.99e+02	-23.9466 54.6686 0.5386	
91.568756 294.884065	7.62e-01  8.86e-01  5.80e+02	-17.4430 72.7410 0.9032	
91.568756 294.884065	7.58e-01  8.45e-01  5.90e+02	26.7535 62.1918 0.9756	
91.568756 294.884065	7.54e-01  9.44e-01  5.69e+02	6.6797 82.0399 0.0089	
91.568756 294.884065	6.62e-01  9.63e-01  5.80e+02	1.6211 74.7767 0.0180	
91.568756 294.884065	6.58e-01  8.77e-01  6.01e+02	-6.3987 57.4292 0.6173	
91.568756 294.884065	7.81e-01  9.27e-01  5.68e+02	8.9720 82.5169 0.9132	
91.568756 294.884065	8.76e-01  9.92e-01  5.38e+02	-11.6248 98.8010 0.8172	
91.568756 294.884065	7.57e-01  9.05e-01  5.77e+02	35.9128 68.1152 0.5731	
91.568756 294.884065	8.27e-01  9.18e-01  5.62e+02	23.2339 83.7127 0.6973	
91.568756 294.884065	7.75e-01  9.27e-01  5.69e+02	7.9127 81.9632 0.8025	
91.568756 294.884065	6.75e-01  8.49e-01  6.05e+02	16.3912 51.7548 0.6366	
91.568756 294.884065	7.08e-01  8.30e-01  6.03e+02	-11.1488 55.0794 0.7779	
91.568756 294.884065	7.40e-01  8.45e-01  5.94e+02	7.2080 64.3558 0.5642	
91.568756 294.884065	8.18e-01  9.08e-01  5.65e+02	26.2285 80.4861 0.7659	
91.568756 294.884065	7.76e-01  9.20e-01  5.70e+02	-35.9781 73.1416 0.0200	
91.568756 294.884065	7.78e-01  8.62e-01  5.83e+02	7.5090 72.8321 0.0563	
91.568756 294.884065	7.81e-01  8.71e-01  5.80e+02	-29.8475 68.8783 0.4315	
91.568756 294.884065	7.45e-01  9.05e-01  5.79e+02	-38.9988 64.6191 0.1817	
91.568756 294.884065	8.46e-01  9.72e-01  5.47e+02	-35.3313 88.0654 0.9143	
91.568756 294.884065	8.44e-01  9.24e-01  5.57e+02	-32.8186 83.1375 0.1421	
91.568756 294.884065	6.91e-01  8.75e-01  5.96e+02	-9.9359 61.7877 0.7938	
91.568756 294.884065	7.37e-01  9.82e-01  5.64e+02	31.7028 79.4700 0.6836	
91.568756 294.884065	7.62e-01  9.89e-01  5.58e+02	1.6038 88.9672 0.5283	
91.568756 294.884065	7.36e-01  8.53e-01  5.93e+02	-2.6664 65.5339 0.0187	
91.568756 294.884065	7.54e-01  8.66e-01  5.86e+02	-5.5067 70.3712 0.2341	
91.568756 294.884065	8.22e-01  8.63e-01  5.74e+02	34.3006 71.5926 0.6143	
91.568756 294.884065	8.41e-01  9.95e-01  5.43e+02	-25.5571 93.4034 0.4688	
91.568756 294.884065	7.93e-01  8.82e-01  5.75e+02	-3.8893 78.1367 0.9503	
91.568756 294.884065	7.97e-01  8.93e-01  5.72e+02	-14.0683 78.9717 0.6372	
91.568756 294.884065	5.53e-01  9.33e-01  6.05e+02	-25.2285 47.9336 0.3989	
91.568756 294.884065	6.53e-01  9.48e-01  5.86e+02	-12.8103 69.9158 0.1454	
91.568756 294.884065	6.86e-01  8.81e-01  5.95e+02	3.2346 63.0092 0.4761	
91.568756 294.884065	7.43e-01  8.98e-01  5.81e+02	0.0237 74.1712 0.4513	
91.568756 294.884065	6.87e-01  8.59e-01  6.00e+02	12.6137 57.2718 0.6329	
91.568756 294.884065	7.25e-01  8.01e-01  6.06e+02	-3.0308 52.7618 0.5130	
91.568756 294.884065	7.63e-01  8.80e-01  5.82e+02	11.5738 73.0539 0.4851	
91.568756 294.884065	7.05e-01  8.95e-01  5.89e+02	-12.9734 67.3674 0.0544	
91.568756 294.884065	7.71e-01  7.88e-01  6.00e+02	-0.9486 59.3752 0.4733	
91.568756 294.884065	6.75e-01  9.02e-01  5.93e+02	48.0097 44.6955 0.6295	
91.568756 294.884065	8.79e-01  9.38e-01  5.48e+02	-22.3926 91.7015 0.3669	
91.568756 294.884065	7.62e-01  8.59e-01  5.86e+02	44.7333 54.6775 0.7329	
91.568756 294.884065	6.28e-01  8.93e-01  6.03e+02	-30.2561 47.4761 0.8318	
91.568756 294.884065	6.26e-01  8.96e-01  6.03e+02	13.5981 54.9869 0.3858	
91.568756 294.884065	7.22e-01  9.77e-01  5.67e+02	-13.7695 82.3635 0.9067	
91.568756 294.884065	7.24e-01  9.33e-01  5.77e+02	8.7605 76.7145 0.8355	
91.568756 294.884065	7.23e-01  8.48e-01  5.96e+02	-29.0110 55.3850 0.9624	
91.568756 294.884065	7.44e-01  9.67e-01  5.66e+02	-5.3143 84.2102 0.3024	
91.568756 294.884065	7.16e-01  9.16e-01  5.82e+02	5.8628 73.3495 0.7908	
91.568756 294.884065	6.03e-01  9.34e-01  5.97e+02	7.1497 61.4014 0.8839	
91.568756 294.884065	7.71e-01  8.87e-01  5.78e+02	12.5097 75.1481 0.0322	
91.568756 294.884065	6.61e-01  9.74e-01  5.78e+02	-25.4087 72.1337 0.2608	
