0.511229 277.380786	6.88e-01  8.37e-01  4.41e+02	-0.0000 39.1378 0.6065	
0.511229 277.380786	7.51e-01  8.40e-01  4.31e+02	29.8678 37.2649 0.7089	
0.511229 277.380786	6.55e-01  9.05e-01  4.33e+02	-0.3467 46.0508 0.4920	
0.511229 277.380786	5.83e-01  8.92e-01  4.45e+02	2.8481 34.7652 0.4511	
0.511229 277.380786	7.09e-01  9.17e-01  4.24e+02	-15.2455 50.8032 0.5779	
0.511229 277.380786	6.21e-01  8.89e-01  4.40e+02	5.9618 38.9195 0.0021	
0.511229 277.380786	7.20e-01  8.58e-01  4.33e+02	6.0156 46.0806 0.6164	
0.511229 277.380786	6.48e-01  9.23e-01  4.31e+02	22.1492 42.5877 0.0572	
0.511229 277.380786	6.69e-01  8.55e-01  4.40e+02	-7.3228 39.0177 0.1050	
0.511229 277.380786	7.05e-01  8.60e-01  4.34e+02	5.5576 44.7047 0.4496	
0.511229 277.380786	7.70e-01  9.79e-01  4.07e+02	16.4436 62.2403 0.3257	
0.511229 277.380786	6.47e-01  9.76e-01  4.22e+02	-20.2348 50.9328 0.9766	
0.511229 277.380786	6.80e-01  8.90e-01  4.33e+02	-0.0835 46.5540 0.2882	
0.511229 277.380786	5.88e-01  8.87e-01  4.45e+02	-12.3444 32.2440 0.1697	
0.511229 277.380786	6.57e-01  8.73e-01  4.39e+02	-15.8953 37.9716 0.4343	
0.511229 277.380786	7.14e-01  9.73e-01  4.15e+02	4.1026 59.4919 0.0535	
0.511229 277.380786	6.72e-01  8.76e-01  4.36e+02	23.5613 36.6564 0.3743	
0.511229 277.380786	7.48e-01  8.20e-01  4.35e+02	-2.1699 44.6252 0.2441	
0.511229 277.380786	6.71e-01  8.80e-01  4.36e+02	-17.1785 40.5824 0.7524	
0.511229 277.380786	6.12e-01  8.80e-01  4.43e+02	-17.2950 32.1124 0.7841	
0.511229 277.380786	7.94e-01  8.72e-01  4.20e+02	-6.1836 55.6372 0.2330	
0.511229 277.380786	6.84e-01  9.01e-01  4.30e+02	-12.5389 46.9121 0.3799	
0.511229 277.380786	6.98e-01  7.86e-01  4.48e+02	13.6821 27.9076 0.6033	
0.511229 277.380786	7.13e-01  9.66e-01  4.16e+02	-20.2752 55.2348 0.3598	
0.511229 277.380786	8.41e-01  9.34e-01  4.04e+02	-13.5887 64.2481 0.6031	
0.511229 277.380786	7.54e-01  8.44e-01  4.30e+02	-16.1529 45.8082 0.9138	
0.511229 277.380786	6.44e-01  8.63e-01  4.42e+02	16.2101 33.9088 0.8464	
0.511229 277.380786	5.95e-01  9.30e-01  4.36e+02	11.5277 41.9599 0.5340	
0.511229 277.380786	5.35e-01  8.90e-01  4.51e+02	2.9721 26.5384 0.4970	
0.511229 277.380786	5.77e-01  8.80e-01  4.48e+02	-8.2437 30.1711 0.9073	
0.511229 277.380786	8.40e-01  8.63e-01  4.15e+02	-5.7592 59.0935 0.6002	
0.511229 277.380786	7.14e-01  8.18e-01  4.40e+02	-1.7937 39.6970 0.4393	
0.511229 277.380786	8.27e-01  8.68e-01  4.16e+02	6.6312 58.2735 0.2569	
0.511229 277.380786	7.89e-01  8.94e-01  4.17e+02	26.5888 51.3571 0.3954	
0.511229 277.380786	8.06e-01  9.35e-01  4.09e+02	28.2046 56.4600 0.7198	
0.511229 277.380786	5.75e-01  9.77e-01  4.30e+02	9.2518 48.0864 0.5579	
0.511229 277.380786	5.25e-01  9.46e-01  4.41e+02	15.3419 35.7704 0.4578	
0.511229 277.380786	8.99e-01  9.11e-01  4.00e+02	16.5657 66.0492 0.2033	
0.511229 277.380786	7.70e-01  8.90e-01  4.21e+02	-7.2634 55.1202 0.4221	
0.511229 277.380786	6.48e-01  8.71e-01  4.40e+02	14.9086 36.7118 0.7127	
0.511229 277.380786	5.83e-01  8.56e-01  4.51e+02	19.2372 17.4262 0.9952	
0.511229 277.380786	5.73e-01  8.95e-01  4.45e+02	3.8114 33.8873 0.4504	
0.511229 277.380786	6.53e-01  9.69e-01  4.22e+02	-10.1527 53.5593 0.5927	
0.511229 277.380786	6.26e-01  9.25e-01  4.33e+02	7.5710 45.3011 0.5359	
0.511229 277.380786	7.85e-01  8.25e-01  4.29e+02	26.1297 42.4117 0.4055	
0.511229 277.380786	6.49e-01  9.73e-01  4.22e+02	-22.2121 49.8764 0.6255	
0.511229 277.380786	7.68e-01  9.72e-01  4.08e+02	-21.0326 59.9586 0.6285	
0.511229 277.380786	7.13e-01  8.85e-01  4.29e+02	-27.0896 41.3426 0.0468	
0.511229 277.380786	7.61e-01  8.97e-01  4.21e+02	-20.0631 51.8311 0.8366	
0.511229 277.380786	5.54e-01  9.48e-01  4.38e+02	-12.4857 40.3366 0.8255	
0.511229 277.380786	9.01e-01  9.41e-01  3.96e+02	16.0238 68.5553 0.7274	
0.511229 277.380786	7.20e-01  9.24e-01  4.22e+02	-1.6915 54.8963 0.5767	
0.511229 277.380786	8.23e-01  9.12e-01  4.10e+02	2.5668 62.3291 0.5527	
0.511229 277.380786	6.94e-01  8.42e-01  4.39e+02	-2.4910 40.7580 0.0654	
0.511229 277.380786	6.38e-01  8.70e-01  4.42e+02	-22.3116 30.9647 0.0009	
0.511229 277.380786	5.88e-01  9.23e-01  4.38e+02	-11.1246 40.0503 0.0430	
0.511229 277.380786	6.39e-01  8.71e-01  4.41e+02	-6.3711 37.9510 0.6617	
0.511229 277.380786	6.89e-01  8.86e-01  4.32e+02	12.8596 45.1646 0.2907	
0.511229 277.380786	7.89e-01  8.47e-01  4.25e+02	28.3099 44.4636 0.2104	
0.511229 277.380786	7.15e-01  8.33e-01  4.37e+02	11.8615 40.6413 0.6191	
0.511229 277.380786	7.21e-01  8.61e-01  4.32e+02	20.3706 42.4683 0.6590	
0.511229 277.380786	8.15e-01  8.33e-01  4.23e+02	-16.9152 51.3422 0.5769	
0.511229 277.380786	8.37e-01  8.78e-01  4.13e+02	-7.5893 60.0098 0.5591	
0.511229 277.380786	6.78e-01  9.05e-01  4.30e+02	-8.6155 47.6731 0.1976	
0.511229 277.380786	7.07e-01  8.20e-01  4.41e+02	6.1751 38.4949 0.0780	
0.511229 277.380786	6.62e-01  8.80e-01  4.37e+02	-9.1322 42.0330 0.3764	
0.511229 277.380786	5.93e-01  9.37e-01  4.35e+02	-4.0875 44.2475 0.9195	
0.511229 277.380786	7.64e-01  9.08e-01  4.19e+02	-9.5932 56.2274 0.9766	
0.511229 277.380786	7.07e-01  8.93e-01  4.29e+02	-14.8168 47.6014 0.1681	
0.511229 277.380786	8.70e-01  9.38e-01  4.00e+02	-5.9615 67.8023 0.9322	
0.511229 277.380786	5.92e-01  8.99e-01  4.42e+02	-2.5853 37.4445 0.0233	
0.511229 277.380786	7.88e-01  8.84e-01  4.19e+02	27.8903 49.2885 0.8247	
0.511229 277.380786	7.97e-01  8.84e-01  4.18e+02	-5.2496 57.2727 0.4950	
0.511229 277.380786	5.26e-01  9.49e-01  4.40e+02	7.8621 38.7332 0.0304	
0.511229 277.380786	6.54e-01  8.45e-01  4.44e+02	-9.5382 34.2526 0.4004	
0.511229 277.380786	7.26e-01  9.69e-01  4.14e+02	-16.3893 57.9090 0.7904	
0.511229 277.380786	6.98e-01  9.03e-01  4.28e+02	-7.7058 49.6141 0.5716	
0.511229 277.380786	7.34e-01  8.36e-01  4.34e+02	-13.1550 43.2031 0.9800	
0.511229 277.380786	6.44e-01  8.70e-01  4.41e+02	-9.2226 37.8011 0.3014	
0.511229 277.380786	5.37e-01  8.92e-01  4.50e+02	4.1919 27.3543 0.6967	
0.511229 277.380786	6.64e-01  8.83e-01  4.36e+02	-3.1075 43.5032 0.7008	
0.511229 277.380786	6.51e-01  8.40e-01  4.45e+02	6.7533 33.3858 0.9268	
0.511229 277.380786	4.97e-01  9.49e-01  4.43e+02	-17.9516 31.6298 0.5513	
0.511229 277.380786	7.38e-01  7.77e-01  4.43e+02	-0.3821 36.5089 0.3164	
0.511229 277.380786	5.97e-01  9.25e-01  4.37e+02	-5.8777 42.4638 0.5793	
0.511229 277.380786	8.23e-01  9.88e-01  3.99e+02	-1.4149 68.7153 0.7626	
0.511229 277.380786	7.13e-01  8.87e-01  4.29e+02	8.2338 48.9813 0.2669	
0.511229 277.380786	6.40e-01  8.18e-01  4.51e+02	-8.1493 25.8519 0.0037	
0.511229 277.380786	6.67e-01  9.62e-01  4.22e+02	1.2756 54.7313 0.1969	
0.511229 277.380786	6.69e-01  8.51e-01  4.41e+02	26.7207 28.5476 0.0258	
0.511229 277.380786	8.59e-01  8.79e-01  4.10e+02	-22.0752 58.3848 0.8234	
0.511229 277.380786	7.48e-01  9.78e-01  4.10e+02	-6.4107 62.3917 0.8710	
0.511229 277.380786	7.07e-01  8.73e-01  4.32e+02	10.8090 45.8257 0.8564	
0.511229 277.380786	7.30e-01  8.66e-01  4.30e+02	-8.9251 47.9343 0.0030	
0.511229 277.380786	7.53e-01  9.55e-01  4.13e+02	3.2468 60.8450 0.6214	
0.511229 277.380786	7.23e-01  8.77e-01  4.29e+02	-8.5910 48.6675 0.1862	
0.511229 277.380786	7.20e-01  9.23e-01  4.22e+02	13.8092 53.0384 0.0201	
0.511229 277.380786	7.34e-01  7.84e-01  4.43e+02	-13.7349 34.1975 0.4638	
0.511229 277.380786	7.45e-01  8.86e-01  4.25e+02	-23.5444 47.2941 0.7535	
0.511229 277.380786	7.20e-01  8.25e-01  4.38e+02	-3.0607 41.6419 0.3796	
0.511229 277.380786	5.62e-01  9.82e-01  4.30e+02	-4.2640 48.3705 0.9855	
0.511229 277.380786	6.96e-01  9.96e-01  4.13e+02	-4.6268 60.6120 0.3766	
0.511229 277.380786	6.58e-01  9.38e-01  4.27e+02	-10.4322 49.8050 0.1312	
0.511229 277.380786	7.71e-01  9.23e-01  4.15e+02	4.3139 59.0028 0.2317	
0.511229 277.380786	6.68e-01  9.23e-01  4.29e+02	0.8836 49.8207 0.0104	
0.511229 277.380786	6.55e-01  8.35e-01  4.46e+02	-11.0667 31.9474 0.3019	
0.511229 277.380786	6.52e-01  8.44e-01  4.44e+02	-1.6542 35.0212 0.6784	
0.511229 277.380786	7.42e-01  9.11e-01  4.21e+02	-6.0519 55.0515 0.0682	
0.511229 277.380786	7.41e-01  7.97e-01  4.40e+02	-11.5983 38.5938 0.7720	
0.511229 277.380786	6.74e-01  9.45e-01  4.24e+02	11.8236 51.9743 0.9861	
0.511229 277.380786	6.79e-01  8.56e-01  4.39e+02	-4.3219 40.8496 0.2101	
0.511229 277.380786	7.16e-01  8.56e-01  4.34e+02	3.1980 45.7050 0.4945	
0.511229 277.380786	7.45e-01  8.35e-01  4.33e+02	-10.7293 45.1045 0.3840	
0.511229 277.380786	6.45e-01  8.38e-01  4.46e+02	10.0567 31.0642 0.0613	
0.511229 277.380786	7.86e-01  8.24e-01  4.29e+02	-7.5295 49.2801 0.6155	
0.511229 277.380786	7.34e-01  8.60e-01  4.30e+02	-4.6320 48.3031 0.0052	
0.511229 277.380786	6.14e-01  9.37e-01  4.33e+02	-10.4079 45.3428 0.7220	
0.511229 277.380786	7.67e-01  8.21e-01  4.32e+02	12.0639 45.7076 0.8832	
0.511229 277.380786	5.72e-01  9.12e-01  4.42e+02	10.5162 36.0098 0.1319	
0.511229 277.380786	6.54e-01  8.57e-01  4.42e+02	-23.1156 30.2027 0.5550	
0.511229 277.380786	6.11e-01  9.71e-01  4.27e+02	-27.5351 43.1073 0.9449	
0.511229 277.380786	6.65e-01  8.86e-01  4.35e+02	10.4411 43.0283 0.2418	
0.511229 277.380786	6.96e-01  9.54e-01  4.20e+02	20.5290 52.2987 0.7460	
0.511229 277.380786	7.68e-01  8.40e-01  4.29e+02	-10.4207 48.5459 0.3223	
0.511229 277.380786	5.13e-01  9.89e-01  4.34e+02	5.4594 45.0296 0.5973	
0.511229 277.380786	7.17e-01  9.23e-01  4.22e+02	1.8192 54.4029 0.0394	
0.511229 277.380786	7.26e-01  8.86e-01  4.27e+02	2.9765 50.7627 0.8255	
0.511229 277.380786	6.31e-01  9.21e-01  4.33e+02	-9.9952 44.8480 0.0640	
0.511229 277.380786	6.75e-01  8.86e-01  4.34e+02	10.5767 44.1779 0.9688	
0.511229 277.380786	6.49e-01  8.23e-01  4.49e+02	11.6649 27.5931 0.9493	
0.511229 277.380786	6.33e-01  9.66e-01  4.25e+02	13.7930 50.5525 0.0391	
0.511229 277.380786	5.86e-01  9.19e-01  4.39e+02	5.0201 40.3359 0.5908	
0.511229 277.380786	6.97e-01  9.00e-01  4.29e+02	13.5613 47.9296 0.1952	
0.511229 277.380786	7.46e-01  7.84e-01  4.41e+02	-1.2365 38.9677 0.8765	
0.511229 277.380786	6.95e-01  9.29e-01  4.24e+02	-12.0008 51.8467 0.8295	
0.511229 277.380786	6.58e-01  8.43e-01  4.44e+02	-8.0337 35.0256 0.5382	
0.511229 277.380786	6.05e-01  9.05e-01  4.40e+02	-23.3469 32.7846 0.0686	
0.511229 277.380786	8.37e-01  9.20e-01  4.07e+02	-7.1565 63.7518 0.4489	
0.511229 277.380786	6.14e-01  9.15e-01  4.37e+02	18.0916 39.0351 0.7617	
0.511229 277.380786	6.45e-01  8.50e-01  4.44e+02	-6.9748 34.4392 0.2296	
0.511229 277.380786	6.93e-01  9.18e-01  4.26e+02	-15.6965 49.1939 0.4942	
0.511229 277.380786	6.31e-01  8.91e-01  4.39e+02	-12.7732 38.8274 0.7254	
0.511229 277.380786	6.30e-01  9.38e-01  4.31e+02	0.4901 48.2963 0.9536	
0.511229 277.380786	6.04e-01  9.62e-01  4.29e+02	-22.3485 43.8984 0.6197	
0.511229 277.380786	6.88e-01  8.88e-01  4.32e+02	-13.1574 45.2544 0.4420	
0.511229 277.380786	7.01e-01  9.22e-01  4.25e+02	1.1523 52.8548 0.1743	
0.511229 277.380786	7.01e-01  9.67e-01  4.17e+02	-15.5561 55.9462 0.9823	
0.511229 277.380786	7.60e-01  9.04e-01  4.20e+02	-14.0134 54.4671 0.2489	
0.511229 277.380786	6.28e-01  9.40e-01  4.30e+02	-23.3752 42.4048 0.9312	
0.511229 277.380786	7.41e-01  8.25e-01  4.35e+02	8.0354 43.7123 0.5199	
0.511229 277.380786	7.44e-01  8.42e-01  4.32e+02	-1.1452 47.1405 0.2264	
0.511229 277.380786	7.90e-01  8.27e-01  4.28e+02	-4.1526 50.3826 0.4814	
0.511229 277.380786	5.81e-01  8.60e-01  4.51e+02	-2.3833 26.6049 0.7463	
0.511229 277.380786	8.46e-01  9.23e-01  4.06e+02	5.4678 64.8576 0.9573	
0.511229 277.380786	4.43e-01  9.61e-01  4.46e+02	1.9983 32.8016 0.8934	
0.511229 277.380786	7.82e-01  8.37e-01  4.27e+02	-22.8546 45.5268 0.9968	
0.511229 277.380786	7.63e-01  9.45e-01  4.13e+02	17.8114 58.0568 0.2759	
0.511229 277.380786	6.79e-01  8.80e-01  4.34e+02	1.8040 45.0006 0.9063	
0.511229 277.380786	7.02e-01  9.63e-01  4.18e+02	1.3792 57.6734 0.0742	
0.511229 277.380786	6.96e-01  8.58e-01  4.36e+02	2.1629 43.6076 0.1569	
0.511229 277.380786	7.48e-01  7.81e-01  4.41e+02	18.9660 33.6777 0.0544	
0.511229 277.380786	7.51e-01  9.25e-01  4.18e+02	18.8237 54.5109 0.9889	
0.511229 277.380786	6.61e-01  8.65e-01  4.40e+02	-11.2047 38.6252 0.7276	
0.511229 277.380786	6.45e-01  9.19e-01  4.32e+02	12.2317 45.3630 0.9366	
0.511229 277.380786	7.62e-01  8.24e-01  4.32e+02	-14.7680 44.5953 0.3029	
0.511229 277.380786	6.93e-01  9.30e-01  4.24e+02	28.0891 45.0518 0.5669	
0.511229 277.380786	6.64e-01  7.86e-01  4.53e+02	3.9147 23.1320 0.5109	
0.511229 277.380786	6.25e-01  8.99e-01  4.38e+02	-0.7332 41.7297 0.0487	
0.511229 277.380786	6.53e-01  9.08e-01  4.33e+02	-5.6861 45.8843 0.5858	
0.511229 277.380786	5.96e-01  9.11e-01  4.39e+02	3.4045 40.2399 0.2276	
0.511229 277.380786	6.22e-01  8.83e-01  4.41e+02	4.4343 38.0433 0.2179	
0.511229 277.380786	6.29e-01  8.46e-01  4.47e+02	3.9048 31.5628 0.9680	
0.511229 277.380786	7.27e-01  9.52e-01  4.16e+02	2.6319 58.4403 0.2245	
0.511229 277.380786	7.92e-01  9.29e-01  4.12e+02	-7.2886 61.0398 0.9983	
0.511229 277.380786	7.27e-01  7.68e-01  4.46e+02	-6.9535 31.9820 0.8545	
0.511229 277.380786	5.68e-01  9.43e-01  4.37e+02	7.1626 42.3694 0.6346	
0.511229 277.380786	6.93e-01  8.18e-01  4.43e+02	26.8949 24.6055 0.1586	
0.511229 277.380786	7.49e-01  8.85e-01  4.24e+02	19.1986 49.5318 0.4089	
0.511229 277.380786	6.81e-01  8.87e-01  4.33e+02	-18.2379 42.4188 0.6002	
0.511229 277.380786	7.01e-01  8.69e-01  4.34e+02	28.1874 36.1254 0.2317	
0.511229 277.380786	8.32e-01  8.89e-01  4.12e+02	-4.0236 60.9256 0.6379	
0.511229 277.380786	6.14e-01  8.75e-01  4.44e+02	1.7710 35.7880 0.7339	
0.511229 277.380786	5.20e-01  9.11e-01  4.48e+02	5.1687 29.8071 0.3241	
0.511229 277.380786	7.43e-01  8.42e-01  4.32e+02	11.4260 45.6470 0.1304	
0.511229 277.380786	6.62e-01  9.35e-01  4.27e+02	-8.0084 50.2529 0.4502	
0.511229 277.380786	7.39e-01  8.18e-01  4.37e+02	1.3035 43.1434 0.6711	
0.511229 277.380786	7.74e-01  8.02e-01  4.34e+02	0.8438 45.4571 0.6737	
0.511229 277.380786	5.56e-01  9.58e-01  4.35e+02	-8.4893 43.4676 0.9747	
0.511229 277.380786	7.17e-01  9.11e-01  4.24e+02	-23.1220 47.7558 0.7707	
0.511229 277.380786	7.45e-01  9.46e-01  4.15e+02	-15.3458 57.3628 0.8237	
0.511229 277.380786	5.99e-01  9.07e-01  4.40e+02	-8.0992 39.0383 0.8336	
0.511229 277.380786	8.13e-01  9.06e-01  4.12e+02	-19.4695 57.8502 0.6092	
0.511229 277.380786	6.69e-01  9.54e-01  4.23e+02	29.6454 45.0612 0.1281	
0.511229 277.380786	7.38e-01  9.56e-01  4.14e+02	7.2942 59.3363 0.4658	
0.511229 277.380786	6.14e-01  9.78e-01  4.25e+02	-1.1818 52.3206 0.5983	
0.511229 277.380786	7.18e-01  8.99e-01  4.26e+02	14.6611 49.6109 0.8890	
0.511229 277.380786	4.50e-01  9.49e-01  4.48e+02	12.5418 27.8823 0.5823	
0.511229 277.380786	7.14e-01  8.64e-01  4.32e+02	-5.5918 46.4019 0.3767	
0.511229 277.380786	6.88e-01  9.28e-01  4.25e+02	31.9313 41.6159 0.9325	
0.511229 277.380786	6.59e-01  8.32e-01  4.46e+02	-9.7400 32.2535 0.9139	
0.511229 277.380786	7.55e-01  9.76e-01  4.09e+02	-46.0679 43.0480 0.1806	
0.511229 277.380786	8.20e-01  9.30e-01  4.08e+02	33.7619 54.0426 0.0645	
0.511229 277.380786	7.32e-01  8.67e-01  4.29e+02	0.4223 49.1836 0.2278	
0.511229 277.380786	7.44e-01  9.83e-01  4.09e+02	22.8478 58.5836 0.9287	
0.511229 277.380786	6.40e-01  9.42e-01  4.29e+02	-10.1385 48.7523 0.2975	
0.511229 277.380786	7.05e-01  9.46e-01  4.20e+02	-12.8038 54.5536 0.6305	
0.511229 277.380786	7.89e-01  8.84e-01  4.19e+02	-6.1617 56.4561 0.3245	
0.511229 277.380786	7.60e-01  8.25e-01  4.32e+02	-0.5293 46.7746 0.7508	
0.511229 277.380786	7.47e-01  8.66e-01  4.28e+02	-22.6636 45.3093 0.7222	
0.511229 277.380786	7.58e-01  8.88e-01  4.23e+02	-7.0888 53.8435 0.4080	
0.511229 277.380786	6.48e-01  9.63e-01  4.24e+02	3.2309 53.2674 0.1416	
0.511229 277.380786	7.59e-01  8.65e-01  4.26e+02	-8.8783 51.0354 0.3451	
0.511229 277.380786	5.81e-01  8.96e-01  4.44e+02	-1.5670 35.4136 0.5425	
0.511229 277.380786	7.07e-01  8.68e-01  4.33e+02	-3.7024 46.2456 0.5811	
0.511229 277.380786	7.19e-01  8.86e-01  4.28e+02	-1.4892 50.1294 0.3075	
0.511229 277.380786	7.60e-01  8.80e-01  4.24e+02	16.8720 50.8198 0.1809	
0.511229 277.380786	7.20e-01  8.72e-01  4.30e+02	-38.8799 28.8689 0.9905	
0.511229 277.380786	6.52e-01  9.00e-01  4.35e+02	24.4819 37.7351 0.1427	
0.511229 277.380786	8.57e-01  9.32e-01  4.03e+02	-9.3636 65.9629 0.5196	
0.511229 277.380786	5.18e-01  9.55e-01  4.40e+02	-19.1104 35.0255 0.7484	
0.511229 277.380786	7.97e-01  8.67e-01  4.20e+02	-6.9981 55.3502 0.6514	
0.511229 277.380786	6.72e-01  9.53e-01  4.23e+02	-1.7503 54.0689 0.7953	
0.511229 277.380786	6.96e-01  7.81e-01  4.49e+02	-2.1084 29.3074 0.8820	
0.511229 277.380786	7.40e-01  8.82e-01  4.26e+02	-8.4452 51.2360 0.1768	
0.511229 277.380786	6.81e-01  9.00e-01  4.31e+02	13.2180 46.2950 0.0641	
0.511229 277.380786	7.92e-01  8.24e-01  4.28e+02	-12.7562 48.7904 0.6409	
0.511229 277.380786	4.54e-01  9.62e-01  4.45e+02	-5.0116 33.9711 0.8030	
0.511229 277.380786	8.83e-01  9.22e-01  4.01e+02	-25.1409 62.9002 0.0362	
0.511229 277.380786	5.52e-01  9.53e-01  4.37e+02	0.3552 43.0617 0.5005	
0.511229 277.380786	7.08e-01  8.71e-01  4.32e+02	-12.8780 45.1903 0.9352	
0.511229 277.380786	5.35e-01  9.55e-01  4.38e+02	8.5236 40.7472 0.5855	
0.511229 277.380786	5.54e-01  9.25e-01  4.42e+02	1.5497 37.9499 0.8221	
0.511229 277.380786	5.34e-01  9.29e-01  4.43e+02	14.1408 33.4991 0.5680	
0.511229 277.380786	6.63e-01  9.05e-01  4.32e+02	18.5823 43.0359 0.6385	
0.511229 277.380786	7.24e-01  8.51e-01  4.33e+02	-3.4410 45.8613 0.1458	
0.511229 277.380786	8.39e-01  9.61e-01  4.01e+02	-19.6617 64.7591 0.0501	
0.511229 277.380786	6.63e-01  9.26e-01  4.29e+02	6.8842 49.3731 0.2020	
0.511229 277.380786	4.87e-01  9.17e-01  4.51e+02	-12.1276 23.9978 0.5120	
0.511229 277.380786	7.50e-01  8.35e-01  4.32e+02	20.2326 42.3392 0.5612	
0.511229 277.380786	7.75e-01  9.54e-01  4.10e+02	-4.8495 62.3097 0.9680	
0.511229 277.380786	7.59e-01  8.34e-01  4.31e+02	2.3570 47.8142 0.6346	
0.511229 277.380786	6.53e-01  9.09e-01  4.33e+02	19.3302 42.1375 0.9102	
0.511229 277.380786	6.98e-01  7.82e-01  4.48e+02	-1.7711 30.1489 0.4216	
0.511229 277.380786	7.77e-01  8.83e-01  4.21e+02	0.1372 55.5999 0.8494	
0.511229 277.380786	6.30e-01  8.82e-01  4.40e+02	6.4467 38.8032 0.7255	
0.511229 277.380786	6.45e-01  8.98e-01  4.36e+02	6.7330 43.2833 0.9754	
0.511229 277.380786	6.31e-01  8.81e-01  4.41e+02	-4.6049 38.9964 0.3670	
0.511229 277.380786	6.22e-01  9.42e-01  4.31e+02	-6.3863 47.6800 0.4479	
0.511229 277.380786	6.58e-01  9.66e-01  4.22e+02	5.1168 54.2134 0.6909	
0.511229 277.380786	7.14e-01  8.65e-01  4.32e+02	-10.2545 45.6032 0.0542	
0.511229 277.380786	5.46e-01  8.98e-01  4.48e+02	2.5633 30.6789 0.6183	
0.511229 277.380786	5.96e-01  9.13e-01  4.39e+02	9.7637 39.4384 0.7554	
0.511229 277.380786	7.11e-01  8.51e-01  4.35e+02	13.0036 42.5419 0.4085	
0.511229 277.380786	6.80e-01  8.98e-01  4.31e+02	-15.0157 45.2547 0.5210	
0.511229 277.380786	6.30e-01  8.74e-01  4.42e+02	-2.6739 37.6794 0.7939	
0.511229 277.380786	5.65e-01  9.41e-01  4.37e+02	3.1086 42.1453 0.8062	
0.511229 277.380786	6.53e-01  8.59e-01  4.42e+02	-11.2342 36.5286 0.0274	
0.511229 277.380786	6.70e-01  8.08e-01  4.48e+02	4.9077 30.1826 0.9641	
0.511229 277.380786	7.47e-01  9.70e-01  4.11e+02	-0.9288 61.9114 0.5909	
0.511229 277.380786	7.39e-01  9.44e-01  4.16e+02	-7.7116 58.1473 0.7608	
0.511229 277.380786	5.98e-01  9.29e-01  4.36e+02	5.5326 43.3015 0.7711	
0.511229 277.380786	7.25e-01  7.90e-01  4.43e+02	13.1447 34.2376 0.4954	
0.511229 277.380786	6.53e-01  8.55e-01  4.42e+02	-3.1562 37.2977 0.3169	
0.511229 277.380786	6.45e-01  9.11e-01  4.33e+02	-9.8027 44.8521 0.8109	
0.511229 277.380786	7.62e-01  8.85e-01  4.23e+02	16.3482 51.8738 0.4230	
0.511229 277.380786	6.53e-01  9.74e-01  4.22e+02	19.1653 51.5424 0.4939	
0.511229 277.380786	7.35e-01  8.50e-01  4.32e+02	-23.3585 40.9271 0.6662	
0.511229 277.380786	5.82e-01  9.37e-01  4.36e+02	-17.0883 39.7757 0.3507	
0.511229 277.380786	6.30e-01  8.52e-01  4.46e+02	6.3163 32.7641 0.3071	
0.511229 277.380786	5.18e-01  9.47e-01  4.42e+02	2.1044 38.1236 0.1458	
0.511229 277.380786	5.87e-01  9.45e-01  4.34e+02	13.3302 43.1155 0.8029	
0.511229 277.380786	5.92e-01  8.88e-01  4.44e+02	9.5986 33.9405 0.5809	
0.511229 277.380786	7.29e-01  8.22e-01  4.37e+02	-7.2626 41.8370 0.8119	
0.511229 277.380786	6.51e-01  9.17e-01  4.32e+02	5.2485 47.1341 0.8408	
0.511229 277.380786	7.06e-01  8.72e-01  4.32e+02	-22.8403 40.9038 0.8466	
0.511229 277.380786	7.78e-01  9.92e-01  4.04e+02	-32.6232 57.4132 0.3271	
0.511229 277.380786	6.09e-01  8.84e-01  4.43e+02	-11.9538 34.8947 0.2656	
0.511229 277.380786	7.87e-01  8.37e-01  4.26e+02	2.8661 51.4285 0.7443	
0.511229 277.380786	6.58e-01  8.97e-01  4.34e+02	-17.2238 41.7096 0.8147	
0.511229 277.380786	8.06e-01  8.26e-01  4.25e+02	2.0652 52.2492 0.9532	
0.511229 277.380786	6.65e-01  9.43e-01  4.26e+02	-29.9205 42.8013 0.9576	
0.511229 277.380786	6.58e-01  8.27e-01  4.47e+02	9.1447 31.2768 0.9601	
0.511229 277.380786	6.49e-01  8.46e-01  4.44e+02	-13.8060 32.3296 0.3165	
0.511229 277.380786	7.08e-01  8.75e-01  4.31e+02	-10.6168 46.3885 0.6247	
0.511229 277.380786	7.46e-01  9.28e-01  4.18e+02	23.2601 52.7153 0.1591	
0.511229 277.380786	7.37e-01  8.86e-01  4.26e+02	-6.2587 51.6463 0.4251	
0.511229 277.380786	7.49e-01  7.96e-01  4.39e+02	-9.4642 40.0470 0.6090	
0.511229 277.380786	8.11e-01  8.65e-01  4.19e+02	-16.8827 54.3473 0.1284	
0.511229 277.380786	7.00e-01  9.37e-01  4.22e+02	8.0684 53.9123 0.3620	
0.511229 277.380786	7.00e-01  8.91e-01  4.30e+02	-3.4719 48.6652 0.8069	
0.511229 277.380786	7.13e-01  8.71e-01  4.32e+02	-24.3656 40.7113 0.1087	
0.511229 277.380786	6.64e-01  8.89e-01  4.35e+02	24.5336 37.3361 0.2400	
0.511229 277.380786	6.72e-01  9.03e-01  4.32e+02	-9.7736 46.4897 0.8068	
0.511229 277.380786	7.94e-01  8.74e-01  4.20e+02	19.4774 52.7175 0.8806	
0.511229 277.380786	8.67e-01  8.85e-01  4.08e+02	-12.9454 62.3205 0.6933	
0.511229 277.380786	6.19e-01  9.60e-01  4.28e+02	7.5382 49.7323 0.7293	
0.511229 277.380786	7.74e-01  8.60e-01  4.25e+02	-7.8173 52.0998 0.7416	
0.511229 277.380786	8.05e-01  8.72e-01  4.19e+02	-5.4547 56.7647 0.0491	
0.511229 277.380786	6.72e-01  8.64e-01  4.38e+02	19.7348 36.7433 0.5195	
0.511229 277.380786	6.22e-01  8.90e-01  4.40e+02	9.5683 38.4929 0.9026	
0.511229 277.380786	5.82e-01  9.55e-01  4.33e+02	-20.2507 41.4677 0.5491	
0.511229 277.380786	6.00e-01  9.62e-01  4.30e+02	-20.0307 44.6539 0.6010	
0.511229 277.380786	6.14e-01  9.72e-01  4.26e+02	3.3220 51.4512 0.5290	
0.511229 277.380786	6.54e-01  8.92e-01  4.36e+02	0.3377 43.9224 0.8406	
0.511229 277.380786	6.43e-01  8.68e-01  4.41e+02	2.2355 38.3982 0.1357	
0.511229 277.380786	6.43e-01  9.17e-01  4.33e+02	-11.0631 45.1505 0.1451	
0.511229 277.380786	6.44e-01  9.28e-01  4.31e+02	6.6082 47.7307 0.4702	
0.511229 277.380786	6.20e-01  8.89e-01  4.41e+02	26.8598 28.5902 0.0635	
0.511229 277.380786	5.96e-01  9.48e-01  4.33e+02	18.4119 42.5804 0.7471	
0.511229 277.380786	6.05e-01  9.53e-01  4.31e+02	-6.0617 47.7682 0.5829	
0.511229 277.380786	6.81e-01  8.95e-01  4.32e+02	-18.6027 43.6551 0.5799	
0.511229 277.380786	5.95e-01  9.19e-01  4.38e+02	2.7207 41.4685 0.9975	
0.511229 277.380786	6.06e-01  9.35e-01  4.34e+02	-23.5827 38.8442 0.3217	
0.511229 277.380786	5.32e-01  9.25e-01  4.44e+02	-12.1478 33.0659 0.0380	
0.511229 277.380786	6.07e-01  9.09e-01  4.39e+02	-15.6351 38.1647 0.9722	
0.511229 277.380786	7.55e-01  8.39e-01  4.31e+02	13.6457 46.1833 0.8428	
0.511229 277.380786	7.39e-01  8.34e-01  4.34e+02	16.7070 42.3528 0.5345	
0.511229 277.380786	5.68e-01  9.56e-01  4.34e+02	-5.2029 44.7136 0.2383	
0.511229 277.380786	5.44e-01  9.00e-01  4.48e+02	-5.0827 30.7252 0.2897	
0.511229 277.380786	7.54e-01  9.09e-01  4.20e+02	22.8318 51.3878 0.9623	
0.511229 277.380786	5.81e-01  9.11e-01  4.41e+02	20.0824 32.8053 0.7842	
0.511229 277.380786	8.27e-01  9.79e-01  4.00e+02	0.0636 68.2937 0.3928	
0.511229 277.380786	6.87e-01  9.18e-01  4.27e+02	18.6991 47.5243 0.5856	
0.511229 277.380786	6.58e-01  8.35e-01  4.45e+02	-1.2425 34.3860 0.8574	
0.511229 277.380786	7.46e-01  7.76e-01  4.42e+02	-9.3753 36.4362 0.0367	
0.511229 277.380786	6.20e-01  9.17e-01  4.36e+02	-19.2129 39.5579 0.2465	
0.511229 277.380786	6.14e-01  9.15e-01  4.37e+02	-9.4668 41.9758 0.8335	
0.511229 277.380786	6.18e-01  9.07e-01  4.38e+02	29.4834 30.1210 0.2257	
0.511229 277.380786	7.23e-01  8.26e-01  4.37e+02	11.9361 40.6175 0.1933	
0.511229 277.380786	4.87e-01  9.47e-01  4.45e+02	2.3925 34.5757 0.7309	
0.511229 277.380786	6.31e-01  9.38e-01  4.31e+02	8.9838 47.4797 0.8925	
0.511229 277.380786	5.24e-01  9.64e-01  4.38e+02	-15.7194 39.1924 0.3829	
0.511229 277.380786	7.67e-01  8.30e-01  4.31e+02	9.1988 47.4645 0.9286	
0.511229 277.380786	6.26e-01  9.24e-01  4.33e+02	12.5570 44.1151 0.7913	
0.511229 277.380786	7.31e-01  9.18e-01  4.21e+02	-3.3436 55.0569 0.9836	
0.511229 277.380786	7.47e-01  8.11e-01  4.36e+02	8.8527 42.2928 0.0584	
0.511229 277.380786	5.98e-01  8.71e-01  4.47e+02	17.7455 27.3294 0.7018	
0.511229 277.380786	5.37e-01  9.54e-01  4.38e+02	-7.4640 40.9865 0.8327	
0.511229 277.380786	7.14e-01  8.10e-01  4.41e+02	-10.4744 36.8805 0.5526	
0.511229 277.380786	6.77e-01  8.60e-01  4.38e+02	-20.2176 36.2981 0.9273	
0.511229 277.380786	7.45e-01  7.72e-01  4.43e+02	-4.2128 36.5887 0.8549	
0.511229 277.380786	7.45e-01  8.96e-01  4.23e+02	10.3682 52.9369 0.7346	
0.511229 277.380786	6.53e-01  9.21e-01  4.31e+02	0.2374 48.0992 0.7662	
0.511229 277.380786	8.29e-01  8.95e-01  4.12e+02	-12.1258 60.1394 0.3538	
0.511229 277.380786	7.19e-01  8.54e-01  4.33e+02	-21.2295 40.6567 0.9308	
0.511229 277.380786	7.66e-01  8.11e-01  4.34e+02	-8.8946 44.9056 0.3286	
0.511229 277.380786	6.15e-01  9.69e-01  4.27e+02	1.7210 51.1777 0.8631	
0.511229 277.380786	7.95e-01  8.83e-01  4.18e+02	19.9818 53.6706 0.1350	
0.511229 277.380786	6.40e-01  9.00e-01  4.36e+02	12.1009 41.8935 0.7530	
0.511229 277.380786	5.68e-01  9.05e-01  4.44e+02	13.2868 32.9999 0.2710	
0.511229 277.380786	6.07e-01  9.00e-01  4.40e+02	3.5809 39.3900 0.3614	
0.511229 277.380786	7.25e-01  8.32e-01  4.36e+02	-1.9455 43.4654 0.8327	
0.511229 277.380786	6.38e-01  9.13e-01  4.34e+02	-7.7171 44.6320 0.2233	
0.511229 277.380786	7.36e-01  9.60e-01  4.14e+02	12.9088 58.6210 0.4605	
0.511229 277.380786	7.43e-01  8.74e-01  4.27e+02	4.4474 50.9728 0.2433	
0.511229 277.380786	5.65e-01  9.55e-01  4.35e+02	-13.0316 42.7078 0.1451	
0.511229 277.380786	6.72e-01  9.21e-01  4.28e+02	17.2692 46.9130 0.6767	
0.511229 277.380786	6.73e-01  8.32e-01  4.43e+02	-17.6589 31.5524 0.8685	
0.511229 277.380786	8.50e-01  9.42e-01  4.02e+02	4.5480 66.7426 0.0168	
0.511229 277.380786	5.94e-01  8.94e-01  4.43e+02	-13.1276 34.3701 0.8489	
0.511229 277.380786	6.10e-01  8.92e-01  4.41e+02	-10.2284 37.1652 0.8243	
0.511229 277.380786	8.03e-01  9.03e-01  4.14e+02	19.7945 56.5745 0.4492	
0.511229 277.380786	8.38e-01  9.12e-01  4.08e+02	-25.4732 58.2637 0.1210	
0.511229 277.380786	6.37e-01  9.70e-01  4.24e+02	-5.7221 52.9914 0.8497	
0.511229 277.380786	7.01e-01  7.90e-01  4.47e+02	-12.4248 29.8371 0.7621	
0.511229 277.380786	4.49e-01  9.78e-01  4.42e+02	18.6803 32.5924 0.6935	
0.511229 277.380786	5.61e-01  9.54e-01  4.36e+02	-21.2036 38.5357 0.2830	
0.511229 277.380786	7.53e-01  8.57e-01  4.28e+02	6.8286 49.6566 0.6152	
0.511229 277.380786	5.83e-01  9.37e-01  4.36e+02	-28.6075 32.7551 0.3360	
0.511229 277.380786	6.19e-01  8.62e-01  4.46e+02	-1.9412 33.7521 0.9751	
0.511229 277.380786	6.39e-01  9.66e-01  4.25e+02	3.2566 52.8158 0.5235	
0.511229 277.380786	7.79e-01  9.26e-01  4.14e+02	29.0734 52.6579 0.1234	
0.511229 277.380786	6.66e-01  9.25e-01  4.28e+02	12.7204 48.3076 0.6754	
0.511229 277.380786	7.19e-01  8.79e-01  4.29e+02	3.8090 49.2020 0.1634	
0.511229 277.380786	7.48e-01  8.84e-01  4.25e+02	-15.6828 50.5118 0.0340	
0.511229 277.380786	7.08e-01  8.17e-01  4.41e+02	-10.8391 37.0502 0.4961	
0.511229 277.380786	6.35e-01  9.68e-01  4.25e+02	22.9063 47.5638 0.8142	
0.511229 277.380786	6.72e-01  7.97e-01  4.50e+02	3.4368 28.0544 0.6557	
0.511229 277.380786	6.09e-01  9.15e-01  4.37e+02	-0.7722 42.4589 0.2372	
0.511229 277.380786	7.17e-01  7.59e-01  4.49e+02	-3.8907 28.3731 0.6162	
0.511229 277.380786	6.01e-01  8.86e-01  4.43e+02	-0.1998 36.1706 0.7827	
0.511229 277.380786	6.27e-01  9.02e-01  4.37e+02	-3.7148 42.1504 0.8984	
0.511229 277.380786	7.61e-01  7.77e-01  4.40e+02	18.8463 35.4008 0.4965	
0.511229 277.380786	7.45e-01  9.22e-01  4.19e+02	9.7412 55.9975 0.7410	
0.511229 277.380786	6.75e-01  8.75e-01  4.36e+02	-8.7540 42.8996 0.4889	
0.511229 277.380786	5.04e-01  9.21e-01  4.48e+02	1.0888 30.5237 0.7253	
0.511229 277.380786	6.05e-01  9.05e-01  4.39e+02	7.9937 39.6264 0.3034	
0.511229 277.380786	6.61e-01  8.69e-01  4.39e+02	9.1859 39.9983 0.8468	
0.511229 277.380786	5.51e-01  9.11e-01  4.45e+02	14.0397 31.6585 0.9059	
0.511229 277.380786	6.61e-01  9.28e-01  4.29e+02	38.4891 31.7168 0.1200	
0.511229 277.380786	6.80e-01  9.82e-01  4.17e+02	-20.4636 54.3845 0.8287	
0.511229 277.380786	7.26e-01  9.55e-01  4.16e+02	14.0388 57.0011 0.6675	
0.511229 277.380786	7.45e-01  9.01e-01  4.22e+02	-3.0865 54.4018 0.2959	
0.511229 277.380786	6.03e-01  9.23e-01  4.36e+02	6.3262 42.8415 0.2692	
0.511229 277.380786	7.07e-01  8.58e-01  4.34e+02	-3.9274 44.8832 0.3773	
0.511229 277.380786	5.89e-01  9.12e-01  4.40e+02	5.0731 39.3016 0.2476	
0.511229 277.380786	6.24e-01  8.47e-01  4.48e+02	10.3026 29.4132 0.8327	
0.511229 277.380786	6.89e-01  9.23e-01  4.26e+02	15.2093 49.5953 0.2145	
0.511229 277.380786	7.98e-01  9.68e-01  4.05e+02	-2.2183 65.3625 0.4410	
0.511229 277.380786	6.94e-01  8.09e-01  4.44e+02	19.4439 29.1934 0.0590	
0.511229 277.380786	6.98e-01  9.72e-01  4.17e+02	19.8088 54.8982 0.3038	
0.511229 277.380786	7.00e-01  9.07e-01  4.27e+02	-36.9358 35.1133 0.5014	
0.511229 277.380786	7.99e-01  8.88e-01  4.17e+02	-10.8888 57.0608 0.4762	
0.511229 277.380786	7.56e-01  8.19e-01  4.34e+02	-18.9248 41.4240 0.2329	
0.511229 277.380786	6.60e-01  8.79e-01  4.37e+02	-14.4136 40.0377 0.5391	
0.511229 277.380786	7.48e-01  8.73e-01  4.26e+02	0.5874 51.5595 0.8967	
0.511229 277.380786	8.07e-01  9.32e-01  4.09e+02	2.0773 62.9045 0.0616	
0.511229 277.380786	7.03e-01  9.52e-01  4.19e+02	4.7604 56.3991 0.4358	
0.511229 277.380786	7.24e-01  9.65e-01  4.15e+02	-16.3577 57.3331 0.0286	
0.511229 277.380786	7.77e-01  8.88e-01  4.20e+02	-11.5717 54.8714 0.7346	
0.511229 277.380786	6.63e-01  8.51e-01  4.42e+02	-11.1021 36.4108 0.8117	
0.511229 277.380786	7.70e-01  8.17e-01  4.32e+02	-16.9919 43.8764 0.8642	
0.511229 277.380786	6.39e-01  8.79e-01  4.40e+02	15.2199 37.0013 0.0138	
0.511229 277.380786	5.73e-01  9.14e-01  4.42e+02	-3.7898 37.9033 0.7367	
0.511229 277.380786	6.81e-01  9.29e-01  4.26e+02	-1.1679 51.8820 0.2146	
0.511229 277.380786	7.58e-01  8.05e-01  4.36e+02	33.2154 28.4666 0.3167	
0.511229 277.380786	6.27e-01  8.60e-01  4.45e+02	-8.0875 33.5488 0.7529	
0.511229 277.380786	6.10e-01  9.00e-01  4.40e+02	13.4196 37.5727 0.1032	
0.511229 277.380786	8.04e-01  8.96e-01  4.15e+02	14.3774 57.5253 0.2515	
0.511229 277.380786	7.07e-01  9.55e-01  4.18e+02	21.3115 53.1096 0.7870	
0.511229 277.380786	6.99e-01  8.30e-01  4.40e+02	-6.9323 38.9288 0.2497	
0.511229 277.380786	5.98e-01  9.29e-01  4.36e+02	6.4146 43.2582 0.6938	
0.511229 277.380786	5.88e-01  8.46e-01  4.53e+02	7.0976 22.8328 0.1615	
0.511229 277.380786	6.73e-01  9.90e-01  4.17e+02	14.4971 56.6005 0.7610	
0.511229 277.380786	5.80e-01  9.67e-01  4.31e+02	12.6995 46.1377 0.3524	
0.511229 277.380786	7.10e-01  8.48e-01  4.36e+02	-2.3190 43.8096 0.9086	
0.511229 277.380786	8.25e-01  9.43e-01  4.05e+02	-6.9563 64.8272 0.3225	
0.511229 277.380786	7.08e-01  8.29e-01  4.39e+02	-4.0494 40.4858 0.0777	
0.511229 277.380786	7.64e-01  9.18e-01  4.17e+02	8.6984 57.4325 0.0312	
0.511229 277.380786	5.96e-01  9.33e-01  4.36e+02	-8.9775 43.1324 0.3950	
0.511229 277.380786	5.79e-01  9.00e-01  4.43e+02	15.2294 32.7631 0.6300	
0.511229 277.380786	6.03e-01  8.36e-01  4.52e+02	-10.0736 21.9268 0.8141	
0.511229 277.380786	6.76e-01  8.98e-01  4.32e+02	-3.0142 47.1530 0.6666	
0.511229 277.380786	6.35e-01  9.25e-01  4.32e+02	-13.1447 44.9562 0.7661	
0.511229 277.380786	6.64e-01  9.83e-01  4.19e+02	-11.2654 55.8368 0.9517	
0.511229 277.380786	8.74e-01  9.17e-01  4.03e+02	-18.2581 64.1988 0.3121	
0.511229 277.380786	8.28e-01  9.23e-01  4.08e+02	4.4437 63.5713 0.7548	
0.511229 277.380786	5.41e-01  9.85e-01  4.32e+02	-4.6948 47.0397 0.6621	
0.511229 277.380786	6.12e-01  9.00e-01  4.40e+02	-18.5874 35.7882 0.9683	
0.511229 277.380786	5.93e-01  9.17e-01  4.39e+02	-23.2306 33.9214 0.2045	
0.511229 277.380786	7.74e-01  8.73e-01  4.23e+02	-3.7544 53.9541 0.4277	
0.511229 277.380786	6.72e-01  8.58e-01  4.39e+02	9.0845 39.5828 0.9768	
0.511229 277.380786	6.95e-01  8.95e-01  4.30e+02	-15.0891 46.5046 0.6504	
0.511229 277.380786	6.45e-01  9.76e-01  4.22e+02	-30.4935 45.3555 0.5640	
0.511229 277.380786	7.39e-01  9.00e-01  4.23e+02	9.3174 53.0593 0.1003	
0.511229 277.380786	6.35e-01  9.82e-01  4.22e+02	6.1585 54.2363 0.1477	
0.511229 277.380786	6.60e-01  9.30e-01  4.28e+02	20.5086 45.6662 0.1989	
0.511229 277.380786	7.57e-01  9.01e-01  4.21e+02	-8.3207 54.9523 0.3528	
0.511229 277.380786	8.60e-01  9.38e-01  4.01e+02	-17.3814 65.0638 0.7581	
0.511229 277.380786	7.14e-01  8.25e-01  4.39e+02	0.0224 40.7963 0.7667	
0.511229 277.380786	7.90e-01  8.33e-01  4.27e+02	-16.1009 48.7127 0.3764	
0.511229 277.380786	7.77e-01  8.66e-01  4.24e+02	-18.9554 50.2065 0.0068	
0.511229 277.380786	5.69e-01  8.89e-01  4.47e+02	3.0053 32.0765 0.0113	
0.511229 277.380786	7.18e-01  8.30e-01  4.38e+02	-8.5895 41.2873 0.9391	
0.511229 277.380786	6.55e-01  9.13e-01  4.32e+02	5.5299 46.8648 0.4287	
0.511229 277.380786	6.93e-01  9.52e-01  4.21e+02	-24.9672 49.8587 0.3140	
0.511229 277.380786	6.05e-01  9.49e-01  4.32e+02	23.2200 41.4529 0.4705	
0.511229 277.380786	5.82e-01  9.08e-01  4.42e+02	-25.6693 28.1786 0.8863	
0.511229 277.380786	5.70e-01  9.01e-01  4.45e+02	14.9075 31.5865 0.3794	
0.511229 277.380786	5.20e-01  9.62e-01  4.38e+02	-3.1178 41.1898 0.8300	
0.511229 277.380786	7.69e-01  9.12e-01  4.17e+02	9.0703 57.1282 0.3255	
0.511229 277.380786	6.60e-01  9.06e-01  4.33e+02	-12.1148 45.0693 0.7132	
0.511229 277.380786	8.06e-01  9.86e-01  4.01e+02	-11.4068 66.4511 0.8327	
0.511229 277.380786	7.63e-01  8.94e-01  4.21e+02	22.9567 50.5162 0.5557	
0.511229 277.380786	7.52e-01  8.34e-01  4.32e+02	-1.1176 47.1073 0.9703	
0.511229 277.380786	8.17e-01  9.62e-01  4.03e+02	6.6757 65.9041 0.1914	
0.511229 277.380786	5.88e-01  9.36e-01  4.36e+02	3.6248 43.6430 0.0796	
0.511229 277.380786	7.52e-01  8.56e-01  4.29e+02	10.0462 48.9155 0.6946	
0.511229 277.380786	6.93e-01  8.39e-01  4.40e+02	-1.0707 40.2797 0.3462	
0.511229 277.380786	6.95e-01  9.23e-01  4.25e+02	-15.4286 50.1591 0.5806	
0.511229 277.380786	7.43e-01  8.56e-01  4.30e+02	-6.0288 48.6333 0.6612	
0.511229 277.380786	6.93e-01  8.19e-01  4.43e+02	3.3398 36.5952 0.5469	
0.511229 277.380786	6.35e-01  9.06e-01  4.36e+02	5.0800 43.5743 0.4125	
0.511229 277.380786	6.79e-01  9.55e-01  4.22e+02	12.4458 53.4790 0.3698	
0.511229 277.380786	8.20e-01  9.59e-01  4.04e+02	-15.6002 64.2900 0.3552	
0.511229 277.380786	7.27e-01  8.11e-01  4.39e+02	3.0825 40.3725 0.2860	
0.511229 277.380786	7.70e-01  8.76e-01  4.23e+02	6.0785 53.7436 0.9048	
0.511229 277.380786	6.69e-01  8.99e-01  4.32e+02	-11.7206 45.2383 0.4585	
0.511229 277.380786	6.65e-01  8.80e-01  4.36e+02	-15.0814 40.6312 0.0261	
0.511229 277.380786	5.27e-01  9.60e-01  4.38e+02	-10.8871 40.3557 0.3547	
0.511229 277.380786	7.72e-01  9.33e-01  4.14e+02	-23.6848 55.4343 0.8519	
0.511229 277.380786	7.17e-01  8.85e-01  4.29e+02	10.5607 48.7058 0.0373	
0.511229 277.380786	7.59e-01  8.89e-01  4.22e+02	8.4677 53.8761 0.4764	
0.511229 277.380786	7.60e-01  8.53e-01  4.28e+02	-25.7212 43.3523 0.2618	
0.511229 277.380786	6.37e-01  9.57e-01  4.26e+02	-2.9881 51.4811 0.7043	
0.511229 277.380786	7.55e-01  7.88e-01  4.39e+02	-0.8017 40.8068 0.5504	
0.511229 277.380786	8.76e-01  9.71e-01  3.95e+02	14.3947 69.3734 0.6223	
0.511229 277.380786	7.03e-01  8.95e-01  4.29e+02	1.1658 49.6459 0.8132	
0.511229 277.380786	8.13e-01  9.28e-01  4.09e+02	21.5416 59.1814 0.1207	
0.511229 277.380786	7.44e-01  8.00e-01  4.39e+02	19.5126 36.3430 0.8683	
0.511229 277.380786	7.60e-01  7.82e-01  4.39e+02	28.8716 28.7013 0.3629	
0.511229 277.380786	8.33e-01  9.27e-01  4.07e+02	-15.2475 62.6666 0.5667	
0.511229 277.380786	7.04e-01  8.95e-01  4.29e+02	10.5258 48.6053 0.2547	
0.511229 277.380786	7.47e-01  9.89e-01  4.08e+02	13.8024 62.2182 0.2286	
0.511229 277.380786	6.95e-01  8.90e-01  4.31e+02	-20.5764 43.6164 0.8951	
0.511229 277.380786	6.57e-01  8.78e-01  4.38e+02	1.1473 41.9824 0.5817	
0.511229 277.380786	6.52e-01  8.82e-01  4.38e+02	3.4032 41.8026 0.0092	
0.511229 277.380786	6.35e-01  9.77e-01  4.23e+02	15.1367 51.7667 0.9988	
0.511229 277.380786	7.42e-01  8.63e-01  4.29e+02	-6.4692 49.2081 0.5838	
0.511229 277.380786	7.93e-01  8.52e-01  4.23e+02	-17.0663 51.0034 0.8688	
0.511229 277.380786	7.57e-01  9.47e-01  4.13e+02	14.8888 58.5040 0.2592	
0.511229 277.380786	7.86e-01  8.71e-01  4.21e+02	-21.7087 50.7387 0.2856	
0.511229 277.380786	7.56e-01  8.10e-01  4.35e+02	1.7584 44.1600 0.3458	
0.511229 277.380786	6.71e-01  8.90e-01  4.34e+02	-20.3829 40.6196 0.6068	
0.511229 277.380786	7.78e-01  9.67e-01  4.08e+02	-22.0096 60.0029 0.8924	
0.511229 277.380786	7.63e-01  8.45e-01  4.29e+02	-10.2950 48.7098 0.1747	
0.511229 277.380786	6.15e-01  9.91e-01  4.23e+02	33.0512 42.8572 0.5145	
0.511229 277.380786	7.29e-01  9.06e-01  4.24e+02	6.9391 53.1072 0.8163	
0.511229 277.380786	7.02e-01  9.03e-01  4.28e+02	-10.2223 49.5511 0.7415	
0.511229 277.380786	4.85e-01  9.77e-01  4.39e+02	21.6565 34.4851 0.0060	
0.511229 277.380786	7.73e-01  9.82e-01  4.06e+02	-37.7364 52.7650 0.1193	
0.511229 277.380786	6.91e-01  8.80e-01  4.33e+02	-16.6581 43.1413 0.9136	
0.511229 277.380786	6.16e-01  9.15e-01  4.36e+02	7.4423 42.5844 0.4305	
0.511229 277.380786	6.80e-01  9.42e-01  4.24e+02	-3.3927 53.3806 0.7730	
0.511229 277.380786	7.75e-01  8.37e-01  4.28e+02	-7.6571 49.5350 0.4329	
0.511229 277.380786	6.99e-01  7.48e-01  4.54e+02	-5.4599 20.4221 0.8855	
0.511229 277.380786	8.07e-01  9.51e-01  4.06e+02	-25.5470 59.3623 0.9633	
0.511229 277.380786	7.13e-01  8.13e-01  4.41e+02	2.6636 38.6196 0.9337	
0.511229 277.380786	6.23e-01  9.44e-01  4.30e+02	-6.1801 48.0477 0.9896	
0.511229 277.380786	7.21e-01  9.27e-01  4.21e+02	-24.1253 49.7561 0.2109	
0.511229 277.380786	7.06e-01  8.62e-01  4.34e+02	-18.9081 41.3974 0.9459	
0.511229 277.380786	6.30e-01  8.85e-01  4.40e+02	3.7630 39.6195 0.4568	
0.511229 277.380786	5.76e-01  8.82e-01  4.47e+02	-20.3849 24.1113 0.9099	
0.511229 277.380786	8.27e-01  9.46e-01  4.05e+02	4.7012 65.4376 0.1211	
0.511229 277.380786	7.85e-01  8.72e-01  4.21e+02	34.9227 42.7270 0.3738	
0.511229 277.380786	7.32e-01  8.20e-01  4.37e+02	19.0439 38.0689 0.0362	
0.511229 277.380786	8.00e-01  9.02e-01  4.15e+02	14.2744 57.8156 0.2508	
0.511229 277.380786	6.61e-01  8.19e-01  4.47e+02	-2.9985 31.2710 0.6718	
0.511229 277.380786	6.11e-01  9.08e-01  4.38e+02	7.2011 40.8090 0.0600	
0.511229 277.380786	5.57e-01  9.54e-01  4.36e+02	-3.0623 43.5978 0.8461	
0.511229 277.380786	7.79e-01  8.51e-01  4.26e+02	-16.3084 49.5091 0.4132	
0.511229 277.380786	5.40e-01  9.66e-01  4.36e+02	13.1657 42.0582 0.6057	
0.511229 277.380786	6.87e-01  9.64e-01  4.19e+02	-26.5865 50.0033 0.6985	
0.511229 277.380786	6.80e-01  8.84e-01  4.34e+02	0.5562 45.6085 0.8657	
0.511229 277.380786	7.03e-01  9.61e-01  4.18e+02	19.7219 54.1030 0.9302	
0.511229 277.380786	8.30e-01  8.42e-01  4.19e+02	7.7317 55.9460 0.3666	
0.511229 277.380786	6.24e-01  9.34e-01  4.32e+02	-11.1521 45.8050 0.7227	
0.511229 277.380786	7.96e-01  8.34e-01  4.26e+02	-2.3083 51.9571 0.5019	
0.511229 277.380786	6.63e-01  9.48e-01  4.25e+02	-15.0849 50.4599 0.4525	
0.511229 277.380786	6.56e-01  9.04e-01  4.33e+02	15.8939 43.1628 0.5109	
0.511229 277.380786	5.98e-01  9.39e-01  4.34e+02	-21.0564 40.2165 0.5984	
0.511229 277.380786	7.02e-01  8.79e-01  4.32e+02	-17.4888 44.1068 0.6681	
0.511229 277.380786	7.41e-01  8.50e-01  4.31e+02	17.0618 44.8241 0.5768	
0.511229 277.380786	7.03e-01  8.44e-01  4.37e+02	11.7194 40.8446 0.3979	
0.511229 277.380786	5.97e-01  9.63e-01  4.30e+02	-20.7584 44.1726 0.3248	
0.511229 277.380786	6.02e-01  8.83e-01  4.44e+02	20.9564 28.7396 0.9104	
0.511229 277.380786	7.61e-01  8.99e-01  4.21e+02	3.6923 55.6457 0.4395	
0.511229 277.380786	6.86e-01  8.53e-01  4.38e+02	-5.6842 41.2398 0.9041	
0.511229 277.380786	6.52e-01  8.36e-01  4.46e+02	-2.1321 33.2631 0.4105	
0.511229 277.380786	7.24e-01  8.22e-01  4.38e+02	-6.8701 41.3125 0.6552	
0.511229 277.380786	6.30e-01  9.66e-01  4.26e+02	-12.4504 50.5502 0.7189	
0.511229 277.380786	5.92e-01  9.14e-01  4.39e+02	8.4951 39.5497 0.6256	
0.511229 277.380786	5.40e-01  9.57e-01  4.37e+02	19.7039 37.6294 0.4430	
0.511229 277.380786	7.21e-01  9.05e-01  4.25e+02	-32.7001 41.3216 0.4743	
0.511229 277.380786	7.53e-01  9.62e-01  4.11e+02	10.4070 60.7139 0.4394	
0.511229 277.380786	7.21e-01  8.62e-01  4.32e+02	-6.0143 46.9229 0.1228	
0.511229 277.380786	7.31e-01  9.11e-01  4.22e+02	-8.1448 53.8277 0.3585	
0.511229 277.380786	7.57e-01  8.68e-01  4.26e+02	14.2640 49.7921 0.6119	
0.511229 277.380786	8.33e-01  8.76e-01  4.14e+02	26.9983 53.5076 0.9116	
0.511229 277.380786	8.05e-01  9.31e-01  4.10e+02	-19.9129 59.4258 0.7569	
0.511229 277.380786	5.72e-01  9.29e-01  4.39e+02	8.5828 39.8947 0.5737	
0.511229 277.380786	6.34e-01  9.64e-01  4.26e+02	-10.9653 51.0335 0.1257	
0.511229 277.380786	7.42e-01  9.51e-01  4.15e+02	22.9404 55.0986 0.0616	
0.511229 277.380786	6.70e-01  8.55e-01  4.40e+02	14.3932 37.0764 0.5668	
0.511229 277.380786	6.13e-01  9.19e-01  4.36e+02	4.1229 43.5486 0.8868	
0.511229 277.380786	6.62e-01  9.26e-01  4.29e+02	22.0087 44.5429 0.3106	
0.511229 277.380786	6.41e-01  9.73e-01  4.23e+02	-25.1609 47.7613 0.0673	
0.511229 277.380786	5.50e-01  8.84e-01  4.50e+02	-5.2151 27.4519 0.9323	
0.511229 277.380786	7.49e-01  8.70e-01  4.27e+02	-12.1689 49.8495 0.9079	
0.511229 277.380786	5.86e-01  9.47e-01  4.34e+02	-4.6478 45.0531 0.6133	
0.511229 277.380786	6.55e-01  9.00e-01  4.34e+02	7.7336 44.5665 0.9598	
0.511229 277.380786	6.08e-01  8.83e-01  4.43e+02	9.1815 35.3436 0.0878	
0.511229 277.380786	7.85e-01  9.10e-01  4.16e+02	-3.8292 58.9101 0.2424	
0.511229 277.380786	6.30e-01  9.29e-01  4.32e+02	-22.6371 41.2131 0.3662	
0.511229 277.380786	6.90e-01  9.14e-01  4.27e+02	14.5078 48.7281 0.7728	
0.511229 277.380786	6.96e-01  8.20e-01  4.42e+02	21.6358 30.3793 0.1583	
0.511229 277.380786	5.62e-01  8.80e-01  4.49e+02	-0.4012 28.7651 0.2435	
0.511229 277.380786	6.31e-01  8.79e-01  4.41e+02	7.7222 38.0941 0.9577	
0.511229 277.380786	6.67e-01  9.02e-01  4.32e+02	-0.8446 46.8288 0.3613	
0.511229 277.380786	7.09e-01  8.78e-01  4.31e+02	-0.8309 48.0630 0.6749	
0.511229 277.380786	7.06e-01  8.81e-01  4.31e+02	4.2059 47.9739 0.2099	
0.511229 277.380786	6.75e-01  8.91e-01  4.33e+02	5.7353 45.7629 0.9438	
0.511229 277.380786	5.73e-01  8.99e-01  4.45e+02	20.6004 28.2798 0.4189	
0.511229 277.380786	6.91e-01  7.89e-01  4.48e+02	5.5724 29.7454 0.9903	
0.511229 277.380786	6.60e-01  9.33e-01  4.28e+02	18.2384 46.9836 0.0529	
0.511229 277.380786	7.67e-01  8.72e-01  4.24e+02	-2.5512 53.2870 0.2176	
0.511229 277.380786	5.71e-01  9.46e-01  4.36e+02	-9.9677 42.5276 0.8468	
0.511229 277.380786	7.52e-01  8.19e-01  4.34e+02	-6.6921 44.5446 0.8779	
0.511229 277.380786	7.07e-01  8.18e-01  4.41e+02	-5.3816 38.2040 0.8287	
0.511229 277.380786	7.38e-01  9.61e-01  4.14e+02	2.9462 60.2283 0.6608	
0.511229 277.380786	6.43e-01  8.16e-01  4.51e+02	5.1980 26.6072 0.8720	
0.511229 277.380786	6.52e-01  9.08e-01  4.33e+02	2.8568 46.0889 0.3614	
0.511229 277.380786	4.63e-01  9.27e-01  4.51e+02	-1.5330 26.2934 0.8913	
0.511229 277.380786	6.75e-01  9.38e-01  4.25e+02	-9.0598 51.7312 0.2954	
0.511229 277.380786	6.46e-01  8.41e-01  4.46e+02	1.4925 33.6644 0.1353	
0.511229 277.380786	7.34e-01  8.46e-01  4.33e+02	4.3207 46.2610 0.5186	
0.511229 277.380786	7.59e-01  9.32e-01  4.16e+02	-10.1375 58.1631 0.5404	
0.511229 277.380786	5.69e-01  8.88e-01  4.47e+02	5.7928 31.4268 0.9952	
0.511229 277.380786	7.31e-01  9.28e-01  4.20e+02	-26.4814 49.7256 0.7721	
0.511229 277.380786	7.24e-01  9.45e-01  4.18e+02	-2.6742 57.5238 0.4519	
0.511229 277.380786	7.04e-01  8.90e-01  4.29e+02	3.6038 49.0299 0.4451	
0.511229 277.380786	6.74e-01  8.58e-01  4.39e+02	0.1167 40.8112 0.4143	
0.511229 277.380786	7.11e-01  8.48e-01  4.36e+02	7.9834 43.2600 0.0258	
0.511229 277.380786	7.79e-01  8.95e-01  4.19e+02	7.3645 56.5925 0.8298	
0.511229 277.380786	7.70e-01  8.28e-01  4.30e+02	-16.5140 45.6283 0.7504	
0.511229 277.380786	6.97e-01  8.92e-01  4.30e+02	26.2538 41.0126 0.1229	
0.511229 277.380786	6.96e-01  9.04e-01  4.28e+02	-12.7680 48.5117 0.7396	
0.511229 277.380786	7.18e-01  9.12e-01  4.24e+02	-6.0812 52.9466 0.2520	
0.511229 277.380786	6.21e-01  9.17e-01  4.35e+02	-16.1166 41.1239 0.9196	
0.511229 277.380786	5.03e-01  9.05e-01  4.51e+02	3.0935 25.6710 0.2785	
0.511229 277.380786	7.85e-01  9.31e-01  4.12e+02	-15.9346 58.9693 0.2376	
0.511229 277.380786	6.78e-01  8.92e-01  4.33e+02	-4.2930 46.4323 0.9444	
0.511229 277.380786	8.64e-01  9.57e-01  3.98e+02	27.8666 63.1560 0.3955	
0.511229 277.380786	6.78e-01  9.29e-01  4.26e+02	25.5571 44.8674 0.0469	
0.511229 277.380786	5.93e-01  9.03e-01  4.41e+02	-18.4987 33.6051 0.3692	
0.511229 277.380786	5.60e-01  8.97e-01  4.46e+02	-0.4655 32.7593 0.8013	
0.511229 277.380786	7.63e-01  9.15e-01  4.18e+02	-0.0254 57.6981 0.2008	
0.511229 277.380786	5.79e-01  9.27e-01  4.39e+02	23.1096 34.0763 0.0941	
0.511229 277.380786	7.39e-01  9.72e-01  4.12e+02	-6.4392 61.1492 0.0711	
0.511229 277.380786	5.72e-01  9.70e-01  4.31e+02	8.3614 46.9018 0.4215	
0.511229 277.380786	7.15e-01  8.59e-01  4.33e+02	-0.3607 46.0486 0.0421	
0.511229 277.380786	6.20e-01  9.37e-01  4.32e+02	6.0500 46.7931 0.3792	
0.511229 277.380786	5.32e-01  8.77e-01  4.53e+02	-5.0050 21.5606 0.0635	
0.511229 277.380786	7.76e-01  8.24e-01  4.30e+02	13.1374 46.8691 0.2559	
0.511229 277.380786	7.40e-01  9.28e-01  4.19e+02	-7.7686 56.5453 0.1578	
0.511229 277.380786	6.55e-01  8.60e-01  4.41e+02	-8.4841 37.6378 0.0570	
0.511229 277.380786	6.05e-01  8.64e-01  4.47e+02	-5.7415 31.3645 0.1885	
0.511229 277.380786	6.23e-01  9.37e-01  4.32e+02	-14.2725 45.2303 0.0164	
0.511229 277.380786	7.55e-01  8.94e-01  4.22e+02	20.0087 50.9213 0.6455	
0.511229 277.380786	6.93e-01  7.94e-01  4.47e+02	-0.0037 31.5821 0.2860	
0.511229 277.380786	6.93e-01  8.55e-01  4.37e+02	1.8339 42.8592 0.5804	
0.511229 277.380786	6.26e-01  8.76e-01  4.42e+02	-19.4017 32.2115 0.7502	
0.511229 277.380786	5.62e-01  9.26e-01  4.41e+02	20.9997 32.9367 0.6162	
0.511229 277.380786	5.96e-01  9.10e-01  4.40e+02	13.4723 37.8194 0.1119	
0.511229 277.380786	5.62e-01  9.40e-01  4.38e+02	-5.8065 41.3094 0.4164	
0.511229 277.380786	6.62e-01  9.18e-01  4.30e+02	-6.8645 48.0895 0.7991	
0.511229 277.380786	6.08e-01  8.95e-01  4.41e+02	5.9740 38.3663 0.7075	
0.511229 277.380786	6.58e-01  9.78e-01  4.20e+02	3.5323 55.8100 0.8265	
0.511229 277.380786	7.02e-01  9.00e-01  4.28e+02	-11.1737 48.9243 0.4760	
0.511229 277.380786	5.15e-01  9.56e-01  4.40e+02	-12.5320 37.6166 0.5866	
0.511229 277.380786	7.06e-01  8.99e-01  4.28e+02	-7.9050 49.9071 0.2195	
0.511229 277.380786	7.20e-01  8.10e-01  4.40e+02	-10.0411 38.0663 0.9888	
0.511229 277.380786	4.53e-01  9.73e-01  4.43e+02	13.7505 34.1106 0.7713	
0.511229 277.380786	7.28e-01  9.25e-01  4.21e+02	-17.5800 52.8450 0.1115	
0.511229 277.380786	7.02e-01  8.22e-01  4.41e+02	-3.3913 38.4564 0.2891	
0.511229 277.380786	5.44e-01  9.62e-01  4.36e+02	15.0446 41.0524 0.5431	
0.511229 277.380786	7.37e-01  9.64e-01  4.13e+02	-29.2074 53.0607 0.3131	
0.511229 277.380786	6.86e-01  9.20e-01  4.27e+02	-22.8771 45.9128 0.4212	
0.511229 277.380786	6.39e-01  9.16e-01  4.33e+02	-14.5755 43.4757 0.2019	
0.511229 277.380786	7.14e-01  9.11e-01  4.25e+02	-19.5187 49.0000 0.4449	
0.511229 277.380786	7.69e-01  8.84e-01  4.22e+02	12.2233 53.4884 0.0024	
0.511229 277.380786	6.22e-01  8.58e-01  4.46e+02	17.6355 28.4288 0.6317	
0.511229 277.380786	7.40e-01  8.72e-01  4.28e+02	0.1186 50.6294 0.4946	
0.511229 277.380786	6.25e-01  9.80e-01  4.24e+02	15.5882 51.1722 0.1502	
0.511229 277.380786	7.17e-01  9.08e-01  4.25e+02	-0.8611 52.6701 0.3752	
0.511229 277.380786	6.29e-01  8.31e-01  4.50e+02	6.8625 27.2729 0.7161	
0.511229 277.380786	7.18e-01  8.45e-01  4.35e+02	5.9057 44.0643 0.6395	
0.511229 277.380786	6.60e-01  8.97e-01  4.34e+02	-3.5632 45.2387 0.9084	
0.511229 277.380786	7.17e-01  8.99e-01  4.26e+02	2.4101 51.6127 0.0241	
0.511229 277.380786	6.83e-01  8.92e-01  4.32e+02	-21.4778 41.9976 0.8678	
0.511229 277.380786	6.99e-01  8.80e-01  4.32e+02	-8.9950 46.3910 0.0189	
0.511229 277.380786	6.34e-01  9.10e-01  4.35e+02	-1.7558 44.5694 0.0292	
0.511229 277.380786	6.01e-01  8.34e-01  4.53e+02	8.7434 21.4402 0.9377	
0.511229 277.380786	7.83e-01  9.70e-01  4.07e+02	-36.4436 53.2041 0.1828	
0.511229 277.380786	7.93e-01  9.02e-01  4.16e+02	10.8381 57.9930 0.0513	
0.511229 277.380786	6.85e-01  8.94e-01  4.31e+02	-4.8748 47.4943 0.4979	
0.511229 277.380786	7.14e-01  9.21e-01  4.23e+02	-12.0457 52.6147 0.3698	
0.511229 277.380786	6.43e-01  9.41e-01  4.29e+02	16.0819 47.2071 0.3155	
0.511229 277.380786	7.37e-01  8.27e-01  4.35e+02	-13.8454 41.9623 0.9951	
0.511229 277.380786	7.49e-01  9.07e-01  4.21e+02	-21.6078 51.2540 0.8964	
0.511229 277.380786	7.51e-01  9.59e-01  4.12e+02	-5.3612 60.9010 0.7539	
0.511229 277.380786	7.54e-01  8.99e-01  4.21e+02	10.4108 54.2065 0.0542	
0.511229 277.380786	5.86e-01  9.72e-01  4.29e+02	-34.2449 35.3096 0.2778	
0.511229 277.380786	6.30e-01  8.97e-01  4.38e+02	7.4033 41.2179 0.3214	
0.511229 277.380786	5.49e-01  9.19e-01  4.43e+02	-2.9611 36.1051 0.6816	
0.511229 277.380786	5.57e-01  9.60e-01  4.35e+02	5.7788 44.2152 0.9367	
0.511229 277.380786	7.49e-01  9.09e-01  4.20e+02	-25.7420 49.5120 0.1660	
0.511229 277.380786	7.31e-01  9.60e-01  4.15e+02	-9.4846 58.8902 0.0901	
0.511229 277.380786	6.73e-01  8.43e-01  4.42e+02	2.2690 37.9976 0.4042	
0.511229 277.380786	7.10e-01  8.72e-01  4.32e+02	2.1991 47.3539 0.5142	
0.511229 277.380786	7.71e-01  9.11e-01  4.17e+02	-21.1391 54.0083 0.5715	
0.511229 277.380786	6.86e-01  9.59e-01  4.20e+02	-19.5238 52.4731 0.9875	
0.511229 277.380786	6.24e-01  9.23e-01  4.34e+02	17.6551 41.8934 0.2957	
0.511229 277.380786	4.98e-01  9.38e-01  4.45e+02	-0.3299 34.0235 0.1945	
0.511229 277.380786	8.88e-01  9.65e-01  3.94e+02	11.8490 70.2851 0.5266	
0.511229 277.380786	5.79e-01  9.68e-01  4.31e+02	31.2425 36.3045 0.6067	
0.511229 277.380786	7.33e-01  8.69e-01  4.29e+02	7.2117 48.9528 0.9099	
0.511229 277.380786	6.19e-01  8.44e-01  4.49e+02	12.6191 26.5443 0.4768	
0.511229 277.380786	7.10e-01  7.70e-01  4.49e+02	0.1051 29.7751 0.3002	
0.511229 277.380786	8.84e-01  9.64e-01  3.95e+02	25.4940 66.2131 0.9233	
0.511229 277.380786	6.72e-01  8.91e-01  4.34e+02	17.6380 42.2934 0.0603	
0.511229 277.380786	7.10e-01  8.32e-01  4.38e+02	3.8575 41.2331 0.1637	
0.511229 277.380786	7.75e-01  8.54e-01  4.26e+02	3.2914 51.9973 0.8340	
0.511229 277.380786	6.98e-01  8.74e-01  4.33e+02	-16.7379 43.1343 0.2205	
0.511229 277.380786	5.33e-01  9.31e-01  4.43e+02	7.6191 35.9478 0.8466	
0.511229 277.380786	7.32e-01  8.84e-01  4.27e+02	-15.1043 48.9482 0.5195	
0.511229 277.380786	7.22e-01  8.49e-01  4.34e+02	-8.6036 44.7418 0.9327	
0.511229 277.380786	7.14e-01  8.44e-01  4.36e+02	14.1391 41.4178 0.6923	
0.511229 277.380786	7.08e-01  9.03e-01  4.27e+02	-9.5787 50.2186 0.0608	
0.511229 277.380786	7.24e-01  9.30e-01  4.20e+02	-15.4658 53.7421 0.3032	
0.511229 277.380786	6.89e-01  8.96e-01  4.30e+02	-7.6860 47.7560 0.2748	
0.511229 277.380786	5.89e-01  9.75e-01  4.29e+02	3.6629 49.6825 0.2539	
0.511229 277.380786	7.15e-01  8.52e-01  4.34e+02	-0.9689 45.0980 0.5156	
0.511229 277.380786	7.25e-01  8.97e-01  4.26e+02	-18.8252 48.7045 0.4334	
0.511229 277.380786	7.89e-01  9.17e-01  4.14e+02	-13.8635 58.4595 0.0114	
0.511229 277.380786	7.51e-01  9.52e-01  4.13e+02	3.6164 60.3437 0.8286	
0.511229 277.380786	4.73e-01  9.49e-01  4.46e+02	11.8024 31.3715 0.3865	
0.511229 277.380786	6.56e-01  9.58e-01  4.24e+02	10.0261 52.3992 0.5338	
0.511229 277.380786	8.03e-01  9.40e-01  4.09e+02	-22.6081 59.1248 0.1752	
0.511229 277.380786	8.55e-01  8.61e-01  4.13e+02	-35.2978 49.1512 0.3053	
0.511229 277.380786	6.14e-01  8.96e-01  4.40e+02	-12.6149 37.7424 0.3488	
0.511229 277.380786	7.79e-01  9.77e-01  4.06e+02	1.8592 64.7879 0.8085	
0.511229 277.380786	6.48e-01  9.51e-01  4.26e+02	-24.5381 45.5905 0.3985	
0.511229 277.380786	6.71e-01  9.07e-01  4.31e+02	18.3238 44.3856 0.7192	
0.511229 277.380786	7.28e-01  8.76e-01  4.29e+02	33.0367 37.2169 0.6479	
0.511229 277.380786	6.62e-01  8.28e-01  4.46e+02	-12.4946 31.1276 0.7951	
0.511229 277.380786	6.65e-01  9.55e-01  4.23e+02	13.3718 51.9978 0.6484	
0.511229 277.380786	7.57e-01  9.00e-01  4.21e+02	24.8998 49.6178 0.0106	
0.511229 277.380786	7.53e-01  8.52e-01  4.29e+02	-2.1579 49.4917 0.1367	
0.511229 277.380786	7.12e-01  9.07e-01  4.26e+02	-10.2867 51.0934 0.3133	
0.511229 277.380786	6.95e-01  9.34e-01  4.23e+02	1.7090 53.7606 0.2493	
0.511229 277.380786	6.39e-01  9.34e-01  4.30e+02	-26.2187 40.9288 0.3253	
0.511229 277.380786	6.44e-01  8.98e-01  4.36e+02	-8.5449 42.9191 0.5924	
0.511229 277.380786	6.67e-01  8.94e-01  4.34e+02	13.1959 43.7153 0.3094	
0.511229 277.380786	6.95e-01  8.88e-01  4.31e+02	19.2798 43.8702 0.6814	
0.511229 277.380786	6.21e-01  8.89e-01  4.40e+02	14.5927 36.5689 0.0854	
0.511229 277.380786	6.48e-01  8.43e-01  4.45e+02	-15.2041 30.7618 0.1987	
0.511229 277.380786	6.27e-01  9.70e-01  4.25e+02	-9.7744 51.4806 0.2400	
0.511229 277.380786	6.90e-01  8.08e-01  4.45e+02	0.2763 34.2200 0.2491	
0.511229 277.380786	5.53e-01  9.18e-01  4.43e+02	-18.4941 31.3812 0.7369	
0.511229 277.380786	5.95e-01  9.78e-01  4.27e+02	-3.6367 50.6594 0.3698	
0.511229 277.380786	6.59e-01  8.78e-01  4.38e+02	-12.1637 40.3875 0.2673	
0.511229 277.380786	7.01e-01  9.43e-01  4.21e+02	-1.6602 55.4082 0.8686	
0.511229 277.380786	6.98e-01  9.77e-01  4.16e+02	-13.2093 57.4329 0.6736	
0.511229 277.380786	6.17e-01  8.61e-01  4.46e+02	-4.9497 32.7980 0.3718	
0.511229 277.380786	6.76e-01  9.54e-01  4.22e+02	-28.6092 46.4160 0.6041	
0.511229 277.380786	7.29e-01  8.05e-01  4.40e+02	31.2039 24.5718 0.5239	
0.511229 277.380786	7.01e-01  8.79e-01  4.32e+02	2.0414 47.1759 0.5260	
0.511229 277.380786	6.98e-01  9.14e-01  4.26e+02	14.7346 49.5492 0.0729	
0.511229 277.380786	6.82e-01  9.08e-01  4.29e+02	-12.8930 47.4521 0.0302	
0.511229 277.380786	6.84e-01  8.86e-01  4.33e+02	24.1918 39.5677 0.3517	
0.511229 277.380786	7.56e-01  8.24e-01  4.33e+02	-12.0011 44.5434 0.4729	
0.511229 277.380786	7.99e-01  8.41e-01  4.24e+02	2.0808 53.1388 0.0571	
0.511229 277.380786	7.05e-01  8.20e-01  4.41e+02	-23.2206 30.8844 0.4253	
0.511229 277.380786	6.24e-01  9.47e-01  4.30e+02	3.3514 48.8084 0.5081	
0.511229 277.380786	7.47e-01  9.15e-01  4.20e+02	-9.8253 55.4288 0.0760	
0.511229 277.380786	7.25e-01  7.98e-01  4.42e+02	-11.5800 36.2244 0.5434	
0.511229 277.380786	6.80e-01  8.82e-01  4.34e+02	-24.9199 37.9840 0.0823	
0.511229 277.380786	7.93e-01  8.96e-01  4.17e+02	-13.9738 56.7139 0.6994	
0.511229 277.380786	7.39e-01  8.74e-01  4.28e+02	-6.7817 50.2431 0.8666	
0.511229 277.380786	6.66e-01  8.57e-01  4.40e+02	-2.9550 39.3965 0.9082	
0.511229 277.380786	7.59e-01  8.23e-01  4.33e+02	-10.6005 45.2040 0.1578	
0.511229 277.380786	6.91e-01  9.09e-01  4.28e+02	4.3114 50.1270 0.7813	
0.511229 277.380786	6.64e-01  9.75e-01  4.20e+02	2.5889 55.9970 0.9376	
0.511229 277.380786	6.34e-01  9.45e-01  4.29e+02	1.2559 49.6497 0.0326	
0.511229 277.380786	5.60e-01  9.53e-01  4.36e+02	-14.2482 41.4206 0.9727	
0.511229 277.380786	6.54e-01  9.59e-01  4.24e+02	-41.7650 33.0224 0.3512	
0.511229 277.380786	7.07e-01  9.32e-01  4.22e+02	8.2984 53.9930 0.7429	
0.511229 277.380786	5.73e-01  8.79e-01  4.48e+02	8.6510 29.1728 0.1507	
0.511229 277.380786	7.32e-01  8.19e-01  4.37e+02	15.2615 39.4664 0.3923	
0.511229 277.380786	5.83e-01  8.95e-01  4.44e+02	-6.2668 34.9288 0.8666	
0.511229 277.380786	6.53e-01  9.18e-01  4.31e+02	9.7033 46.7837 0.9482	
0.511229 277.380786	5.83e-01  8.95e-01  4.44e+02	-19.6915 29.7338 0.7239	
0.511229 277.380786	6.56e-01  9.21e-01  4.30e+02	-2.4241 48.3988 0.8620	
0.511229 277.380786	7.11e-01  8.64e-01  4.33e+02	3.4496 46.1520 0.3601	
0.511229 277.380786	6.65e-01  8.62e-01  4.39e+02	7.3397 39.6794 0.4833	
0.511229 277.380786	6.39e-01  8.79e-01  4.40e+02	14.4072 37.2946 0.8879	
0.511229 277.380786	7.12e-01  7.60e-01  4.50e+02	16.9896 22.2612 0.3634	
0.511229 277.380786	8.60e-01  9.72e-01  3.97e+02	3.7594 69.8336 0.8923	
0.511229 277.380786	6.24e-01  8.98e-01  4.38e+02	22.6708 34.5525 0.9608	
0.511229 277.380786	7.59e-01  9.02e-01  4.20e+02	-2.4820 55.8727 0.1612	
0.511229 277.380786	6.86e-01  8.20e-01  4.44e+02	-7.6831 34.9557 0.0824	
0.511229 277.380786	6.90e-01  8.71e-01  4.35e+02	-4.9765 44.6729 0.6424	
0.511229 277.380786	8.15e-01  9.72e-01  4.02e+02	-9.2224 66.2860 0.7826	
0.511229 277.380786	7.70e-01  8.23e-01  4.31e+02	-5.3347 47.5884 0.8554	
0.511229 277.380786	8.48e-01  9.27e-01  4.05e+02	-21.3862 62.0085 0.6561	
0.511229 277.380786	5.65e-01  9.03e-01  4.45e+02	-1.3448 34.7188 0.8163	
0.511229 277.380786	7.55e-01  8.43e-01  4.30e+02	-30.0885 38.0185 0.5571	
0.511229 277.380786	7.62e-01  8.27e-01  4.32e+02	0.3508 47.3137 0.5191	
0.511229 277.380786	6.78e-01  8.76e-01  4.35e+02	7.5015 43.6467 0.4551	
0.511229 277.380786	6.23e-01  9.59e-01  4.28e+02	-3.7233 50.3838 0.3350	
0.511229 277.380786	7.93e-01  9.36e-01  4.11e+02	-21.4337 58.3708 0.5264	
0.511229 277.380786	8.19e-01  9.44e-01  4.06e+02	20.6113 61.4483 0.1831	
0.511229 277.380786	5.91e-01  8.99e-01  4.42e+02	-8.4022 36.3931 0.0354	
0.511229 277.380786	7.97e-01  8.70e-01  4.20e+02	-16.3951 53.5591 0.3493	
0.511229 277.380786	6.56e-01  9.73e-01  4.21e+02	7.5714 54.6686 0.2817	
0.511229 277.380786	5.41e-01  8.94e-01  4.49e+02	-8.3792 27.7814 0.4261	
0.511229 277.380786	8.57e-01  9.03e-01  4.07e+02	20.7325 60.8344 0.2878	
0.511229 277.380786	4.64e-01  9.92e-01  4.38e+02	10.2711 40.2936 0.7353	
0.511229 277.380786	7.55e-01  8.61e-01  4.27e+02	4.9204 50.5834 0.4378	
0.511229 277.380786	7.49e-01  8.41e-01  4.31e+02	-10.1883 46.5076 0.6233	
0.511229 277.380786	6.66e-01  9.48e-01  4.25e+02	-21.2312 48.4462 0.6791	
0.511229 277.380786	8.04e-01  8.30e-01  4.25e+02	14.7758 50.3668 0.0869	
0.511229 277.380786	7.49e-01  8.45e-01  4.31e+02	21.2115 43.3677 0.7625	
0.511229 277.380786	7.56e-01  9.56e-01  4.12e+02	6.1855 60.9424 0.2395	
0.511229 277.380786	7.16e-01  8.28e-01  4.38e+02	2.8824 41.5955 0.3473	
0.511229 277.380786	7.29e-01  9.04e-01  4.24e+02	14.2645 51.4346 0.7919	
0.511229 277.380786	7.60e-01  9.27e-01  4.16e+02	14.5673 56.7650 0.2231	
0.511229 277.380786	6.94e-01  8.52e-01  4.37e+02	-2.1757 42.2837 0.8962	
0.511229 277.380786	5.48e-01  9.69e-01  4.34e+02	-22.3456 39.3230 0.7684	
0.511229 277.380786	6.32e-01  9.55e-01  4.27e+02	9.1844 50.0860 0.0844	
0.511229 277.380786	6.00e-01  8.50e-01  4.50e+02	7.3068 26.4187 0.3880	
0.511229 277.380786	5.90e-01  9.31e-01  4.37e+02	5.9513 42.6983 0.9820	
0.511229 277.380786	5.80e-01  8.81e-01  4.47e+02	6.4485 31.4402 0.8762	
0.511229 277.380786	5.39e-01  9.04e-01  4.47e+02	23.5948 20.6755 0.3052	
0.511229 277.380786	6.07e-01  9.09e-01  4.39e+02	1.4467 41.1523 0.2890	
0.511229 277.380786	7.47e-01  8.29e-01  4.34e+02	-17.1708 42.4170 0.7299	
0.511229 277.380786	6.69e-01  9.09e-01  4.31e+02	3.5614 48.0081 0.8164	
0.511229 277.380786	7.77e-01  8.97e-01  4.19e+02	1.6770 56.9940 0.2694	
0.511229 277.380786	5.68e-01  9.22e-01  4.41e+02	1.7825 39.0295 0.6371	
0.511229 277.380786	5.81e-01  9.16e-01  4.40e+02	-2.3073 39.4239 0.0860	
0.511229 277.380786	6.62e-01  9.00e-01  4.33e+02	10.7016 44.7163 0.7361	
0.511229 277.380786	7.09e-01  8.72e-01  4.32e+02	24.4261 40.4640 0.3130	
0.511229 277.380786	6.57e-01  8.79e-01  4.38e+02	-33.7220 25.2542 0.4603	
0.511229 277.380786	6.46e-01  8.71e-01  4.41e+02	-11.9873 37.4455 0.7290	
0.511229 277.380786	5.83e-01  9.37e-01  4.36e+02	-37.3949 22.1001 0.6907	
0.511229 277.380786	5.03e-01  9.07e-01  4.51e+02	7.0297 25.6593 0.5917	
0.511229 277.380786	6.80e-01  8.79e-01  4.35e+02	-0.9316 44.8918 0.0109	
0.511229 277.380786	7.39e-01  9.15e-01  4.21e+02	-22.0348 50.9627 0.0160	
0.511229 277.380786	7.51e-01  9.13e-01  4.20e+02	-16.3662 54.0376 0.2199	
0.511229 277.380786	6.89e-01  9.26e-01  4.26e+02	1.3734 52.1866 0.6798	
0.511229 277.380786	7.11e-01  8.08e-01  4.42e+02	-14.8724 34.4620 0.9107	
0.511229 277.380786	6.41e-01  8.87e-01  4.38e+02	-12.4620 39.6300 0.4589	
0.511229 277.380786	6.10e-01  8.29e-01  4.53e+02	7.2616 22.3945 0.4695	
0.511229 277.380786	8.45e-01  8.94e-01  4.10e+02	2.5606 62.5341 0.6922	
0.511229 277.380786	6.78e-01  9.02e-01  4.31e+02	9.4140 47.0820 0.6143	
0.511229 277.380786	7.84e-01  8.00e-01  4.33e+02	14.3050 44.3022 0.6846	
0.511229 277.380786	5.97e-01  8.93e-01  4.43e+02	-1.0272 36.9858 0.9830	
0.511229 277.380786	7.06e-01  9.14e-01  4.25e+02	19.5593 48.5516 0.7068	
0.511229 277.380786	6.24e-01  9.50e-01  4.29e+02	1.1218 49.4099 0.5459	
0.511229 277.380786	6.85e-01  8.80e-01  4.34e+02	15.6757 42.9082 0.9523	
0.511229 277.380786	6.17e-01  9.49e-01  4.30e+02	1.0354 48.5514 0.1286	
0.511229 277.380786	6.19e-01  8.91e-01  4.40e+02	3.3644 39.4913 0.8490	
0.511229 277.380786	6.83e-01  8.77e-01  4.35e+02	4.1105 44.7727 0.6092	
0.511229 277.380786	7.27e-01  9.21e-01  4.21e+02	9.0362 54.3731 0.3336	
0.511229 277.380786	6.16e-01  9.45e-01  4.31e+02	22.8358 42.2321 0.1682	
0.511229 277.380786	6.62e-01  8.41e-01  4.43e+02	-14.1035 33.2813 0.6042	
0.511229 277.380786	6.92e-01  7.85e-01  4.49e+02	-14.8690 25.4564 0.3649	
0.511229 277.380786	5.63e-01  9.09e-01  4.44e+02	-2.7499 35.6816 0.5211	
0.511229 277.380786	6.94e-01  9.33e-01  4.24e+02	-3.4881 53.5167 0.8693	
0.511229 277.380786	5.30e-01  8.96e-01  4.50e+02	10.0990 25.9592 0.6213	
0.511229 277.380786	6.41e-01  9.31e-01  4.30e+02	5.1391 48.0898 0.9355	
0.511229 277.380786	4.87e-01  9.33e-01  4.47e+02	7.3423 30.4538 0.4594	
0.511229 277.380786	7.59e-01  8.43e-01  4.30e+02	0.6605 49.0198 0.2835	
0.511229 277.380786	6.82e-01  8.35e-01  4.42e+02	-5.9780 37.4501 0.4201	
0.511229 277.380786	7.06e-01  8.61e-01  4.34e+02	-7.6964 44.5819 0.1299	
0.511229 277.380786	7.02e-01  9.68e-01  4.17e+02	-7.4509 57.8031 0.9299	
0.511229 277.380786	5.27e-01  9.58e-01  4.38e+02	-11.3063 39.8238 0.2647	
0.511229 277.380786	6.57e-01  8.67e-01  4.40e+02	-2.3807 40.1443 0.6995	
0.511229 277.380786	7.60e-01  8.74e-01  4.25e+02	5.2316 52.5570 0.3138	
0.511229 277.380786	7.03e-01  9.05e-01  4.27e+02	-7.5646 50.3488 0.4480	
0.511229 277.380786	4.20e-01  9.79e-01  4.45e+02	23.4445 25.7401 0.4241	
0.511229 277.380786	5.96e-01  9.11e-01  4.40e+02	-9.6038 39.1583 0.8233	
0.511229 277.380786	7.76e-01  8.58e-01  4.25e+02	30.4792 42.8860 0.8131	
0.511229 277.380786	7.11e-01  9.28e-01  4.22e+02	-20.6487 50.3973 0.9534	
0.511229 277.380786	6.05e-01  9.39e-01  4.33e+02	-17.2193 42.6992 0.0298	
0.511229 277.380786	6.10e-01  9.37e-01  4.33e+02	7.4987 45.5366 0.4743	
0.511229 277.380786	5.74e-01  9.85e-01  4.28e+02	17.0634 46.9871 0.5037	
0.511229 277.380786	8.08e-01  9.20e-01  4.11e+02	3.2216 61.7580 0.3216	
0.511229 277.380786	7.28e-01  9.29e-01  4.20e+02	-6.0491 55.7493 0.8309	
0.511229 277.380786	7.39e-01  8.21e-01  4.36e+02	1.8949 43.6390 0.7943	
0.511229 277.380786	6.92e-01  9.55e-01  4.20e+02	7.4721 55.5011 0.4001	
0.511229 277.380786	5.99e-01  9.65e-01  4.29e+02	7.5018 48.6966 0.6329	
0.511229 277.380786	6.87e-01  9.50e-01  4.22e+02	-5.2930 54.7825 0.5468	
0.511229 277.380786	7.49e-01  7.82e-01  4.41e+02	-12.1026 37.1861 0.7245	
0.511229 277.380786	7.16e-01  8.47e-01  4.35e+02	1.1068 44.5059 0.5912	
0.511229 277.380786	6.84e-01  8.30e-01  4.42e+02	3.3844 37.2599 0.7196	
0.511229 277.380786	6.12e-01  9.02e-01  4.39e+02	-0.7100 40.5873 0.0314	
0.511229 277.380786	6.86e-01  9.44e-01  4.23e+02	-16.7223 51.5416 0.0335	
0.511229 277.380786	7.31e-01  9.66e-01  4.14e+02	16.0931 58.1036 0.3877	
0.511229 277.380786	5.77e-01  9.55e-01  4.34e+02	4.3592 45.5274 0.5122	
0.511229 277.380786	6.34e-01  8.86e-01  4.39e+02	-15.0074 37.6008 0.7747	
0.511229 277.380786	5.95e-01  9.79e-01  4.27e+02	-11.5055 49.6286 0.2644	
0.511229 277.380786	8.32e-01  8.77e-01  4.14e+02	-12.1932 58.7014 0.6172	
0.511229 277.380786	6.38e-01  9.13e-01  4.34e+02	4.7217 45.1234 0.8213	
0.511229 277.380786	6.92e-01  8.82e-01  4.33e+02	12.9692 44.8427 0.6188	
0.511229 277.380786	5.70e-01  9.79e-01  4.30e+02	0.7086 48.8268 0.1883	
0.511229 277.380786	6.78e-01  8.54e-01  4.39e+02	-15.0555 37.8143 0.0973	
0.511229 277.380786	5.26e-01  9.58e-01  4.39e+02	-20.1013 36.0216 0.2413	
0.511229 277.380786	7.13e-01  8.76e-01  4.31e+02	-7.3268 47.6988 0.3133	
0.511229 277.380786	5.93e-01  8.82e-01  4.45e+02	1.8593 34.0203 0.1947	
0.511229 277.380786	7.43e-01  8.94e-01  4.24e+02	19.2630 49.9695 0.0174	
0.511229 277.380786	6.66e-01  8.75e-01  4.37e+02	-21.2478 36.9839 0.0574	
0.511229 277.380786	7.30e-01  8.47e-01  4.33e+02	-13.7465 44.0469 0.1105	
0.511229 277.380786	5.72e-01  9.43e-01  4.36e+02	15.4584 40.4506 0.2098	
0.511229 277.380786	6.25e-01  9.33e-01  4.32e+02	-0.1966 47.0026 0.9176	
0.511229 277.380786	8.12e-01  8.54e-01  4.20e+02	1.8600 55.8222 0.3374	
0.511229 277.380786	7.59e-01  8.89e-01  4.22e+02	2.3481 54.4376 0.5809	
0.511229 277.380786	5.89e-01  8.90e-01  4.44e+02	-10.3068 33.6489 0.5983	
0.511229 277.380786	5.08e-01  9.35e-01  4.45e+02	-2.3892 34.4513 0.1470	
0.511229 277.380786	6.75e-01  9.40e-01  4.25e+02	14.6999 50.6722 0.6571	
0.511229 277.380786	6.17e-01  9.63e-01  4.28e+02	7.8152 49.9719 0.3453	
0.511229 277.380786	7.25e-01  8.91e-01  4.27e+02	-13.7430 49.5424 0.9293	
0.511229 277.380786	7.67e-01  8.89e-01  4.21e+02	-25.9886 48.8103 0.4195	
0.511229 277.380786	7.73e-01  9.04e-01  4.18e+02	-9.8885 56.5705 0.5500	
0.511229 277.380786	4.80e-01  9.06e-01  4.54e+02	-3.5255 21.8466 0.0499	
0.511229 277.380786	7.74e-01  8.39e-01  4.28e+02	-14.2765 48.2278 0.1421	
0.511229 277.380786	6.65e-01  8.51e-01  4.41e+02	8.6889 37.3927 0.4567	
0.511229 277.380786	8.23e-01  9.36e-01  4.07e+02	-10.1477 63.6728 0.9635	
0.511229 277.380786	5.94e-01  8.90e-01  4.44e+02	9.6146 34.7595 0.2797	
0.511229 277.380786	5.43e-01  8.79e-01  4.52e+02	5.8292 24.4970 0.0542	
0.511229 277.380786	6.55e-01  9.82e-01  4.20e+02	25.3217 50.1472 0.1163	
0.511229 277.380786	6.06e-01  9.17e-01  4.37e+02	5.7763 42.1368 0.5426	
0.511229 277.380786	6.26e-01  9.26e-01  4.33e+02	22.0613 40.6036 0.5687	
0.511229 277.380786	6.61e-01  9.33e-01  4.28e+02	-26.0304 43.3505 0.6774	
0.511229 277.380786	6.18e-01  9.01e-01  4.39e+02	16.9848 37.4041 0.7665	
0.511229 277.380786	6.72e-01  9.11e-01  4.30e+02	2.4876 48.5985 0.4778	
0.511229 277.380786	7.23e-01  8.65e-01  4.31e+02	17.5306 44.5356 0.4080	
0.511229 277.380786	6.56e-01  9.15e-01  4.32e+02	-5.8337 47.1732 0.9447	
0.511229 277.380786	6.71e-01  8.19e-01  4.46e+02	12.4790 30.6322 0.0479	
0.511229 277.380786	7.72e-01  8.59e-01  4.25e+02	24.7333 46.1980 0.7641	
0.511229 277.380786	6.21e-01  9.34e-01  4.32e+02	18.3580 43.1451 0.1502	
0.511229 277.380786	6.75e-01  8.61e-01  4.38e+02	-2.0318 41.3345 0.9462	
0.511229 277.380786	6.56e-01  9.66e-01  4.23e+02	-10.7885 53.2507 0.7078	
0.511229 277.380786	7.02e-01  8.93e-01  4.29e+02	9.7558 48.3468 0.0220	
0.511229 277.380786	6.56e-01  9.38e-01  4.27e+02	-0.8805 50.7655 0.2630	
0.511229 277.380786	6.53e-01  8.98e-01  4.35e+02	26.9653 35.5646 0.7189	
0.511229 277.380786	7.24e-01  7.91e-01  4.43e+02	-7.7402 35.8704 0.9742	
0.511229 277.380786	7.91e-01  9.57e-01  4.08e+02	-6.2833 63.5900 0.8157	
0.511229 277.380786	7.07e-01  9.38e-01  4.21e+02	-18.7785 52.0334 0.3013	
0.511229 277.380786	6.89e-01  8.71e-01  4.35e+02	-7.4030 44.1608 0.2624	
0.511229 277.380786	6.50e-01  9.26e-01  4.30e+02	-4.9696 48.3168 0.1434	
0.511229 277.380786	7.27e-01  8.88e-01  4.27e+02	16.6006 48.4968 0.7402	
0.511229 277.380786	7.55e-01  9.65e-01  4.11e+02	-28.0037 55.2926 0.9359	
0.511229 277.380786	7.42e-01  7.95e-01  4.40e+02	9.4377 38.8676 0.0858	
0.511229 277.380786	6.38e-01  9.43e-01  4.29e+02	-25.5433 42.6999 0.3236	
0.511229 277.380786	5.23e-01  9.40e-01  4.42e+02	-7.0728 36.5911 0.0958	
0.511229 277.380786	6.69e-01  8.45e-01  4.42e+02	-4.7514 37.6842 0.5696	
0.511229 277.380786	7.16e-01  8.75e-01  4.30e+02	11.0267 47.0957 0.0698	
0.511229 277.380786	6.79e-01  9.01e-01  4.31e+02	4.1731 47.7466 0.0847	
0.511229 277.380786	6.99e-01  9.66e-01  4.17e+02	7.1937 57.4118 0.9327	
0.511229 277.380786	7.16e-01  9.27e-01  4.22e+02	39.8519 37.5795 0.1434	
0.511229 277.380786	6.57e-01  8.39e-01  4.45e+02	-1.0888 34.9687 0.1644	
0.511229 277.380786	6.00e-01  9.64e-01  4.29e+02	4.5608 49.0432 0.9319	
0.511229 277.380786	5.32e-01  9.11e-01  4.47e+02	-5.6799 31.5579 0.6407	
0.511229 277.380786	7.79e-01  9.11e-01  4.16e+02	-0.5706 58.5674 0.6712	
0.511229 277.380786	6.61e-01  8.96e-01  4.34e+02	14.2581 43.1018 0.1286	
0.511229 277.380786	7.28e-01  8.08e-01  4.40e+02	11.8873 38.2959 0.4827	
0.511229 277.380786	6.47e-01  8.51e-01  4.44e+02	7.0859 34.8971 0.9279	
0.511229 277.380786	7.46e-01  9.23e-01  4.19e+02	3.1961 56.9907 0.7819	
0.511229 277.380786	6.23e-01  8.60e-01  4.45e+02	23.6506 24.2876 0.3653	
0.511229 277.380786	7.94e-01  8.22e-01  4.28e+02	-5.3995 50.1787 0.7994	
0.511229 277.380786	7.42e-01  8.98e-01  4.23e+02	8.8576 53.2669 0.2517	
0.511229 277.380786	7.01e-01  9.64e-01  4.18e+02	-15.3028 55.6373 0.3706	
0.511229 277.380786	7.11e-01  8.21e-01  4.40e+02	4.7909 39.4072 0.4545	
0.511229 277.380786	7.19e-01  9.88e-01  4.11e+02	5.5360 61.3912 0.5050	
0.511229 277.380786	8.09e-01  8.36e-01  4.24e+02	-17.6464 50.6760 0.1918	
0.511229 277.380786	7.65e-01  8.15e-01  4.33e+02	10.9997 44.8433 0.1403	
0.511229 277.380786	5.90e-01  9.64e-01  4.31e+02	-10.9864 47.0131 0.3988	
0.511229 277.380786	6.31e-01  9.13e-01  4.35e+02	5.1542 44.4000 0.6010	
0.511229 277.380786	7.98e-01  9.05e-01  4.15e+02	5.6523 59.4248 0.9671	
0.511229 277.380786	7.02e-01  8.43e-01  4.38e+02	10.5724 40.7347 0.2842	
0.511229 277.380786	6.17e-01  9.07e-01  4.38e+02	7.0056 41.5662 0.3028	
0.511229 277.380786	6.01e-01  9.68e-01  4.29e+02	15.4764 47.4015 0.4361	
0.511229 277.380786	7.87e-01  9.23e-01  4.13e+02	-15.1608 58.5929 0.2584	
0.511229 277.380786	7.70e-01  8.73e-01  4.23e+02	22.1006 49.1095 0.6872	
0.511229 277.380786	6.07e-01  8.37e-01  4.52e+02	-13.7262 21.3877 0.3247	
0.511229 277.380786	6.93e-01  8.97e-01  4.30e+02	19.0451 45.0150 0.6655	
0.511229 277.380786	7.44e-01  8.19e-01  4.36e+02	-10.5163 42.7010 0.7257	
0.511229 277.380786	8.15e-01  8.91e-01  4.14e+02	-41.3432 43.1732 0.4237	
0.511229 277.380786	7.36e-01  8.34e-01  4.34e+02	16.1581 42.0662 0.4369	
0.511229 277.380786	7.11e-01  8.88e-01  4.29e+02	-25.4125 42.5555 0.8406	
0.511229 277.380786	8.38e-01  9.28e-01  4.06e+02	6.2073 64.6369 0.6969	
0.511229 277.380786	8.32e-01  9.27e-01  4.07e+02	-23.1984 60.1052 0.3508	
0.511229 277.380786	7.72e-01  8.91e-01  4.20e+02	19.3730 52.4932 0.0669	
0.511229 277.380786	6.98e-01  8.33e-01  4.40e+02	2.1376 39.8616 0.6609	
0.511229 277.380786	5.17e-01  9.54e-01  4.40e+02	10.9265 37.9688 0.8891	
0.511229 277.380786	7.95e-01  8.13e-01  4.29e+02	-18.0193 46.1925 0.3146	
0.511229 277.380786	7.64e-01  8.56e-01  4.27e+02	25.2577 44.4909 0.9301	
0.511229 277.380786	5.62e-01  8.81e-01  4.49e+02	-13.5093 25.7965 0.0418	
0.511229 277.380786	7.40e-01  9.47e-01  4.16e+02	2.7536 58.9631 0.7966	
0.511229 277.380786	7.65e-01  9.42e-01  4.13e+02	20.8580 56.8393 0.2830	
0.511229 277.380786	7.83e-01  8.75e-01  4.21e+02	-4.6651 55.0881 0.0698	
0.511229 277.380786	6.30e-01  8.95e-01  4.38e+02	-14.3305 39.1122 0.3581	
0.511229 277.380786	6.82e-01  8.32e-01  4.42e+02	6.4511 36.8407 0.6728	
0.511229 277.380786	6.47e-01  8.63e-01  4.42e+02	-21.3457 31.5943 0.6036	
0.511229 277.380786	5.47e-01  9.14e-01  4.45e+02	-9.3027 33.4397 0.4708	
0.511229 277.380786	7.06e-01  9.15e-01  4.25e+02	3.3776 52.4213 0.0607	
0.511229 277.380786	6.94e-01  9.68e-01  4.18e+02	-16.5425 55.1877 0.5702	
0.511229 277.380786	5.12e-01  9.45e-01  4.42e+02	-2.8313 37.1470 0.1777	
0.511229 277.380786	6.34e-01  9.47e-01  4.28e+02	5.2012 49.7056 0.8604	
0.511229 277.380786	7.58e-01  8.40e-01  4.30e+02	3.3971 48.4201 0.5065	
0.511229 277.380786	6.88e-01  9.70e-01  4.18e+02	-21.1958 53.2739 0.4031	
0.511229 277.380786	7.75e-01  8.71e-01  4.23e+02	0.4995 54.0586 0.8468	
0.511229 277.380786	8.27e-01  9.35e-01  4.06e+02	-25.7555 59.3767 0.3259	
0.511229 277.380786	6.77e-01  8.62e-01  4.38e+02	-9.6290 40.8606 0.0286	
0.511229 277.380786	7.06e-01  9.41e-01  4.21e+02	-7.9055 55.0055 0.8568	
0.511229 277.380786	6.77e-01  9.27e-01  4.27e+02	22.9444 45.7490 0.4014	
0.511229 277.380786	5.70e-01  9.20e-01  4.41e+02	-16.8483 35.0455 0.2756	
0.511229 277.380786	5.63e-01  9.34e-01  4.39e+02	18.3829 36.2629 0.0578	
0.511229 277.380786	7.19e-01  8.71e-01  4.31e+02	10.3163 47.1881 0.5341	
0.511229 277.380786	8.32e-01  8.78e-01  4.14e+02	-1.5650 60.0126 0.6125	
0.511229 277.380786	5.78e-01  9.41e-01  4.36e+02	2.2548 43.4924 0.1945	
0.511229 277.380786	8.23e-01  8.77e-01  4.15e+02	36.0592 46.9016 0.7203	
0.511229 277.380786	7.24e-01  8.00e-01  4.42e+02	-3.0906 37.8830 0.5821	
0.511229 277.380786	6.10e-01  9.08e-01  4.38e+02	21.4477 35.3794 0.8601	
0.511229 277.380786	6.07e-01  8.83e-01  4.43e+02	6.7063 35.8017 0.1761	
0.511229 277.380786	7.79e-01  9.72e-01  4.07e+02	-12.8756 63.1020 0.7020	
0.511229 277.380786	5.96e-01  9.31e-01  4.36e+02	16.6714 40.4435 0.2237	
0.511229 277.380786	6.40e-01  9.51e-01  4.27e+02	-12.2498 49.5510 0.4896	
0.511229 277.380786	8.15e-01  8.32e-01  4.23e+02	22.8469 48.8487 0.1473	
