81.360402 271.466556	5.83e-01  9.35e-01  6.37e+02	0.0000 53.9038 0.7778	
81.360402 271.466556	6.98e-01  9.36e-01  6.17e+02	-1.1982 67.8613 0.7319	
81.360402 271.466556	7.31e-01  9.16e-01  6.16e+02	12.1659 67.4785 0.5633	
81.360402 271.466556	8.03e-01  9.37e-01  5.97e+02	7.2810 78.4942 0.9412	
81.360402 271.466556	8.10e-01  9.22e-01  5.99e+02	-14.1611 76.4697 0.0992	
81.360402 271.466556	8.10e-01  8.64e-01  6.12e+02	20.1094 67.9438 0.8317	
81.360402 271.466556	7.94e-01  9.68e-01  5.92e+02	-2.2552 81.3745 0.3968	
81.360402 271.466556	7.55e-01  8.57e-01  6.25e+02	-22.4812 58.8613 0.1147	
81.360402 271.466556	7.59e-01  8.79e-01  6.19e+02	-19.9894 63.7312 0.6714	
81.360402 271.466556	7.85e-01  9.44e-01  5.99e+02	-43.4919 64.5466 0.5450	
81.360402 271.466556	6.73e-01  9.65e-01  6.14e+02	1.7100 69.5002 0.0815	
81.360402 271.466556	8.19e-01  8.61e-01  6.11e+02	8.3343 71.0912 0.3436	
81.360402 271.466556	7.29e-01  9.48e-01  6.08e+02	-43.7937 58.1618 0.4329	
81.360402 271.466556	6.81e-01  9.00e-01  6.29e+02	10.8692 59.1001 0.7373	
81.360402 271.466556	7.45e-01  9.72e-01  6.00e+02	-6.9279 77.0598 0.9872	
81.360402 271.466556	6.15e-01  9.54e-01  6.27e+02	7.2178 61.0262 0.2129	
81.360402 271.466556	7.61e-01  9.34e-01  6.06e+02	-30.3467 67.8462 0.1166	
81.360402 271.466556	8.12e-01  9.35e-01  5.96e+02	28.7531 74.1270 0.5407	
81.360402 271.466556	6.77e-01  9.25e-01  6.23e+02	-9.3127 63.1479 0.2528	
81.360402 271.466556	6.97e-01  9.53e-01  6.13e+02	21.3746 67.0117 0.4272	
81.360402 271.466556	7.22e-01  8.69e-01  6.28e+02	-27.2476 53.8751 0.8085	
81.360402 271.466556	7.24e-01  9.14e-01  6.17e+02	-8.8213 67.1043 0.0860	
81.360402 271.466556	8.41e-01  9.25e-01  5.92e+02	5.5630 80.9733 0.5114	
81.360402 271.466556	8.80e-01  8.87e-01  5.93e+02	-12.6531 79.9717 0.0741	
81.360402 271.466556	7.20e-01  9.51e-01  6.09e+02	-23.7930 68.3079 0.7251	
81.360402 271.466556	7.19e-01  9.67e-01  6.06e+02	-29.8671 68.0695 0.3407	
81.360402 271.466556	7.01e-01  8.62e-01  6.34e+02	-13.1565 54.5268 0.1058	
81.360402 271.466556	8.84e-01  8.87e-01  5.92e+02	10.1121 80.7847 0.5101	
81.360402 271.466556	8.51e-01  9.35e-01  5.88e+02	-4.8000 82.9436 0.4717	
81.360402 271.466556	5.84e-01  9.41e-01  6.36e+02	-21.8455 50.6118 0.0616	
81.360402 271.466556	7.94e-01  9.35e-01  5.99e+02	11.0095 76.9494 0.9162	
81.360402 271.466556	7.54e-01  8.11e-01  6.36e+02	1.4407 55.1113 0.4500	
81.360402 271.466556	7.16e-01  8.68e-01  6.30e+02	-10.5951 58.3500 0.6857	
81.360402 271.466556	7.93e-01  9.42e-01  5.98e+02	-19.1927 75.9947 0.9746	
81.360402 271.466556	8.73e-01  9.56e-01  5.80e+02	-16.3559 85.4771 0.2987	
81.360402 271.466556	8.79e-01  9.59e-01  5.78e+02	-21.1016 85.2168 0.4601	
81.360402 271.466556	6.99e-01  8.36e-01  6.41e+02	8.5856 49.9505 0.9315	
81.360402 271.466556	6.96e-01  8.92e-01  6.28e+02	-18.5868 57.8369 0.1458	
81.360402 271.466556	6.94e-01  9.21e-01  6.21e+02	51.7636 39.4695 0.6688	
81.360402 271.466556	7.59e-01  8.57e-01  6.24e+02	-3.1445 63.3739 0.6099	
81.360402 271.466556	7.97e-01  8.69e-01  6.13e+02	-8.5524 69.4431 0.6614	
81.360402 271.466556	7.77e-01  8.55e-01  6.21e+02	-14.6157 63.9171 0.5190	
81.360402 271.466556	7.93e-01  8.86e-01  6.10e+02	-29.2672 65.4479 0.0556	
81.360402 271.466556	7.39e-01  9.35e-01  6.10e+02	7.9501 71.7276 0.1727	
81.360402 271.466556	7.71e-01  9.16e-01  6.08e+02	-12.1661 72.1088 0.4119	
81.360402 271.466556	7.21e-01  9.67e-01  6.05e+02	-15.5735 72.8658 0.3951	
81.360402 271.466556	8.98e-01  9.48e-01  5.77e+02	31.3971 82.5884 0.8424	
81.360402 271.466556	6.83e-01  8.69e-01  6.36e+02	12.0110 53.2540 0.3965	
81.360402 271.466556	8.38e-01  8.66e-01  6.06e+02	-2.9068 74.2814 0.4973	
81.360402 271.466556	7.69e-01  9.66e-01  5.97e+02	2.8233 78.9187 0.0439	
81.360402 271.466556	7.50e-01  9.51e-01  6.04e+02	-33.5928 67.4130 0.2187	
81.360402 271.466556	6.31e-01  9.49e-01  6.26e+02	-8.3075 61.8293 0.6880	
81.360402 271.466556	8.32e-01  8.77e-01  6.04e+02	16.3396 73.1470 0.8392	
81.360402 271.466556	7.83e-01  9.25e-01  6.03e+02	17.4442 73.4625 0.1364	
81.360402 271.466556	7.81e-01  8.68e-01  6.17e+02	-4.2568 67.7682 0.7212	
81.360402 271.466556	7.52e-01  9.77e-01  5.97e+02	21.8875 75.5309 0.0882	
81.360402 271.466556	7.74e-01  9.10e-01  6.09e+02	32.3996 65.0272 0.5188	
81.360402 271.466556	7.51e-01  8.24e-01  6.33e+02	-10.2926 56.0175 0.6864	
81.360402 271.466556	8.08e-01  9.44e-01  5.95e+02	-19.7113 77.5524 0.1626	
81.360402 271.466556	7.84e-01  9.42e-01  6.00e+02	3.9170 77.4561 0.3114	
81.360402 271.466556	7.70e-01  9.13e-01  6.09e+02	29.1974 66.4479 0.2589	
81.360402 271.466556	7.17e-01  9.01e-01  6.22e+02	-19.9590 61.7533 0.6402	
81.360402 271.466556	8.11e-01  8.83e-01  6.08e+02	-10.2927 72.5660 0.3563	
81.360402 271.466556	7.22e-01  8.59e-01  6.31e+02	11.4551 57.4681 0.5983	
81.360402 271.466556	9.14e-01  9.55e-01  5.72e+02	9.8815 89.7589 0.7077	
81.360402 271.466556	6.39e-01  9.31e-01  6.29e+02	1.0710 60.2617 0.2415	
81.360402 271.466556	7.08e-01  8.85e-01  6.27e+02	22.4873 56.8204 0.4046	
81.360402 271.466556	7.84e-01  8.10e-01  6.29e+02	5.9428 59.3918 0.0339	
81.360402 271.466556	7.83e-01  9.37e-01  6.01e+02	-0.2446 76.8735 0.6137	
81.360402 271.466556	6.94e-01  9.75e-01  6.08e+02	6.3782 72.7351 0.6572	
81.360402 271.466556	7.38e-01  8.49e-01  6.30e+02	12.4533 57.9289 0.7418	
81.360402 271.466556	6.66e-01  9.36e-01  6.23e+02	-11.0673 63.4058 0.2688	
81.360402 271.466556	8.29e-01  9.40e-01  5.91e+02	7.0986 81.2788 0.6863	
81.360402 271.466556	8.05e-01  8.83e-01  6.08e+02	15.7760 71.0212 0.9511	
81.360402 271.466556	8.04e-01  8.58e-01  6.14e+02	-15.6039 67.6211 0.5406	
81.360402 271.466556	8.99e-01  9.06e-01  5.85e+02	33.3155 77.9439 0.4677	
81.360402 271.466556	8.09e-01  9.05e-01  6.03e+02	-6.2015 75.4276 0.4985	
81.360402 271.466556	9.10e-01  9.40e-01  5.76e+02	0.9266 88.7260 0.3112	
81.360402 271.466556	7.70e-01  9.11e-01  6.09e+02	10.9422 71.4740 0.4076	
81.360402 271.466556	7.94e-01  9.07e-01  6.06e+02	2.5686 74.2919 0.9040	
81.360402 271.466556	7.85e-01  9.23e-01  6.04e+02	8.7459 74.9316 0.1197	
81.360402 271.466556	8.16e-01  9.65e-01  5.89e+02	19.7245 80.6127 0.6226	
81.360402 271.466556	8.21e-01  8.89e-01  6.04e+02	9.3169 74.5944 0.9601	
81.360402 271.466556	6.43e-01  8.72e-01  6.43e+02	-15.3425 46.4894 0.5914	
81.360402 271.466556	7.29e-01  9.03e-01  6.19e+02	-2.0889 66.5594 0.4796	
81.360402 271.466556	7.96e-01  9.58e-01  5.94e+02	9.4849 79.8377 0.5249	
81.360402 271.466556	8.11e-01  8.61e-01  6.12e+02	-11.6382 69.6744 0.2535	
81.360402 271.466556	6.62e-01  9.64e-01  6.16e+02	7.5790 67.7573 0.4935	
81.360402 271.466556	7.57e-01  9.37e-01  6.06e+02	8.0264 73.7843 0.5812	
81.360402 271.466556	7.95e-01  8.33e-01  6.22e+02	28.5722 58.0944 0.5547	
81.360402 271.466556	8.52e-01  8.76e-01  6.01e+02	16.0490 75.3101 0.0668	
81.360402 271.466556	7.50e-01  8.31e-01  6.32e+02	-12.4051 56.6825 0.5321	
81.360402 271.466556	7.94e-01  8.92e-01  6.09e+02	8.1975 72.0877 0.9173	
81.360402 271.466556	7.84e-01  8.82e-01  6.13e+02	14.0651 68.6600 0.1766	
81.360402 271.466556	7.14e-01  9.08e-01  6.21e+02	-15.6421 63.5987 0.6060	
81.360402 271.466556	7.13e-01  9.32e-01  6.15e+02	15.5586 67.2483 0.9145	
81.360402 271.466556	7.83e-01  8.73e-01  6.15e+02	3.5278 68.7074 0.0134	
81.360402 271.466556	7.95e-01  8.72e-01  6.13e+02	2.5390 70.0562 0.6703	
81.360402 271.466556	7.96e-01  9.04e-01  6.06e+02	17.0758 72.2882 0.9149	
81.360402 271.466556	8.34e-01  8.65e-01  6.07e+02	-12.8398 72.6288 0.9099	
81.360402 271.466556	7.12e-01  9.09e-01  6.21e+02	26.4034 59.8884 0.7125	
81.360402 271.466556	7.56e-01  9.16e-01  6.11e+02	36.6588 61.3891 0.0063	
81.360402 271.466556	5.74e-01  9.81e-01  6.26e+02	-5.2889 61.5420 0.4801	
81.360402 271.466556	7.85e-01  8.45e-01  6.21e+02	13.7377 63.6983 0.1071	
81.360402 271.466556	8.25e-01  9.44e-01  5.91e+02	-24.4643 77.8364 0.5700	
81.360402 271.466556	6.96e-01  9.19e-01  6.21e+02	-27.0131 59.2324 0.8932	
81.360402 271.466556	8.78e-01  9.07e-01  5.89e+02	2.3518 82.8112 0.5188	
81.360402 271.466556	8.05e-01  9.50e-01  5.94e+02	19.7983 77.9637 0.9594	
81.360402 271.466556	7.71e-01  8.79e-01  6.16e+02	-8.8167 67.6830 0.1207	
81.360402 271.466556	7.07e-01  9.08e-01  6.22e+02	27.0945 58.8218 0.4911	
81.360402 271.466556	8.31e-01  9.26e-01  5.94e+02	-20.7760 77.5525 0.5805	
81.360402 271.466556	7.00e-01  9.06e-01  6.24e+02	-1.6384 63.4655 0.9415	
81.360402 271.466556	8.71e-01  9.43e-01  5.83e+02	-27.1681 81.1633 0.3822	
81.360402 271.466556	8.10e-01  9.11e-01  6.01e+02	-8.0081 76.1498 0.8865	
81.360402 271.466556	7.51e-01  8.87e-01  6.18e+02	-17.6830 64.5130 0.3498	
81.360402 271.466556	6.59e-01  8.20e-01  6.53e+02	3.9093 38.7788 0.3270	
81.360402 271.466556	8.55e-01  8.95e-01  5.96e+02	-33.4292 72.0252 0.9137	
81.360402 271.466556	7.43e-01  9.34e-01  6.09e+02	7.3908 72.0548 0.1549	
81.360402 271.466556	7.75e-01  9.09e-01  6.09e+02	22.3717 69.0264 0.6126	
81.360402 271.466556	7.53e-01  9.18e-01  6.11e+02	-3.1868 71.3426 0.0113	
81.360402 271.466556	6.80e-01  8.75e-01  6.35e+02	8.7147 54.6768 0.5581	
81.360402 271.466556	8.12e-01  9.82e-01  5.85e+02	-2.7239 84.3700 0.8093	
81.360402 271.466556	8.34e-01  8.85e-01  6.02e+02	-30.8212 69.6512 0.7682	
81.360402 271.466556	8.32e-01  9.73e-01  5.84e+02	23.1890 81.9792 0.7698	
81.360402 271.466556	7.80e-01  8.61e-01  6.19e+02	-14.5169 65.2873 0.7672	
81.360402 271.466556	8.13e-01  8.72e-01  6.09e+02	-2.1028 72.1831 0.6082	
81.360402 271.466556	8.55e-01  8.77e-01  6.00e+02	18.4092 75.1703 0.8355	
81.360402 271.466556	7.31e-01  9.24e-01  6.14e+02	-41.6052 56.0343 0.6336	
81.360402 271.466556	7.61e-01  8.29e-01  6.30e+02	13.7436 57.7330 0.4855	
81.360402 271.466556	7.97e-01  9.30e-01  6.00e+02	-14.1174 76.0714 0.7241	
81.360402 271.466556	7.98e-01  9.62e-01  5.92e+02	-13.2973 80.0234 0.3225	
81.360402 271.466556	7.73e-01  9.51e-01  6.00e+02	-17.6801 75.4825 0.8994	
81.360402 271.466556	7.95e-01  8.20e-01  6.25e+02	12.0132 61.6614 0.7805	
81.360402 271.466556	8.23e-01  8.90e-01  6.03e+02	8.6710 74.9956 0.7021	
81.360402 271.466556	7.07e-01  8.49e-01  6.36e+02	8.4803 53.9245 0.4683	
81.360402 271.466556	8.64e-01  9.78e-01  5.77e+02	-10.8744 87.5556 0.2970	
81.360402 271.466556	9.20e-01  9.55e-01  5.71e+02	38.4538 82.3229 0.2522	
81.360402 271.466556	7.59e-01  8.52e-01  6.25e+02	9.0439 61.9880 0.9275	
81.360402 271.466556	7.42e-01  8.80e-01  6.22e+02	-5.0560 64.5649 0.2737	
81.360402 271.466556	8.52e-01  9.67e-01  5.81e+02	5.0671 86.1444 0.1937	
81.360402 271.466556	7.72e-01  8.92e-01  6.13e+02	20.4165 66.9688 0.0893	
81.360402 271.466556	7.44e-01  9.06e-01  6.15e+02	-5.1646 68.5345 0.3024	
81.360402 271.466556	7.23e-01  8.98e-01  6.21e+02	-20.8318 61.7403 0.8826	
81.360402 271.466556	7.80e-01  9.16e-01  6.06e+02	-5.4103 73.7629 0.1528	
81.360402 271.466556	6.43e-01  9.73e-01  6.17e+02	7.6114 67.1612 0.3761	
81.360402 271.466556	7.83e-01  8.49e-01  6.21e+02	12.2859 64.2924 0.3627	
81.360402 271.466556	7.58e-01  8.71e-01  6.21e+02	-34.5932 55.5688 0.1921	
81.360402 271.466556	7.63e-01  8.65e-01  6.21e+02	-12.0047 64.1061 0.2636	
81.360402 271.466556	6.12e-01  9.29e-01  6.34e+02	30.5346 47.4104 0.1022	
81.360402 271.466556	8.50e-01  8.93e-01  5.97e+02	-6.9303 78.3316 0.2407	
81.360402 271.466556	8.25e-01  9.26e-01  5.95e+02	1.4092 79.6933 0.8008	
81.360402 271.466556	8.62e-01  9.44e-01  5.84e+02	30.7659 79.2285 0.5826	
81.360402 271.466556	9.15e-01  9.82e-01  5.67e+02	-13.9781 91.5707 0.6849	
81.360402 271.466556	8.09e-01  9.02e-01  6.04e+02	-1.6156 75.3941 0.0240	
81.360402 271.466556	6.34e-01  9.23e-01  6.32e+02	-9.8292 57.3106 0.3756	
81.360402 271.466556	8.34e-01  9.00e-01  5.99e+02	-22.3783 74.4229 0.5377	
81.360402 271.466556	7.95e-01  9.01e-01  6.07e+02	-31.9101 66.5941 0.9664	
81.360402 271.466556	5.59e-01  9.41e-01  6.40e+02	-1.1088 51.8940 0.9250	
81.360402 271.466556	7.36e-01  8.78e-01  6.24e+02	2.9380 63.5664 0.1881	
81.360402 271.466556	7.88e-01  9.44e-01  5.98e+02	-33.8994 70.3634 0.8294	
81.360402 271.466556	7.21e-01  9.49e-01  6.09e+02	-1.3627 72.2249 0.9506	
81.360402 271.466556	7.49e-01  9.81e-01  5.97e+02	15.0928 77.4271 0.3570	
81.360402 271.466556	8.54e-01  9.14e-01  5.92e+02	15.7252 79.7098 0.9910	
81.360402 271.466556	8.16e-01  9.10e-01  6.01e+02	53.4990 55.3388 0.1336	
81.360402 271.466556	7.62e-01  8.55e-01  6.24e+02	-6.5533 63.2364 0.3279	
81.360402 271.466556	7.60e-01  8.59e-01  6.23e+02	-16.7325 61.5496 0.3340	
81.360402 271.466556	8.55e-01  9.70e-01  5.80e+02	-18.5637 84.8384 0.8209	
81.360402 271.466556	6.87e-01  8.38e-01  6.43e+02	17.5125 45.7121 0.9348	
81.360402 271.466556	7.30e-01  8.92e-01  6.22e+02	8.6608 64.4260 0.6062	
81.360402 271.466556	8.27e-01  9.89e-01  5.81e+02	-14.3278 85.1041 0.5587	
81.360402 271.466556	7.30e-01  7.94e-01  6.45e+02	-20.6073 42.9267 0.1245	
81.360402 271.466556	8.28e-01  9.56e-01  5.88e+02	-14.4282 81.9283 0.0766	
81.360402 271.466556	7.45e-01  9.07e-01  6.15e+02	-4.4117 68.8525 0.1207	
81.360402 271.466556	6.09e-01  9.19e-01  6.37e+02	3.2976 53.8322 0.4433	
81.360402 271.466556	9.10e-01  9.50e-01  5.74e+02	29.4252 84.5206 0.4610	
81.360402 271.466556	8.29e-01  8.87e-01  6.03e+02	-16.3480 74.0819 0.3458	
81.360402 271.466556	7.65e-01  8.89e-01  6.15e+02	-33.7048 59.9289 0.2555	
81.360402 271.466556	7.74e-01  8.77e-01  6.16e+02	-38.2703 56.5392 0.6146	
81.360402 271.466556	7.24e-01  9.51e-01  6.09e+02	31.2749 65.6697 0.5932	
81.360402 271.466556	7.75e-01  8.83e-01  6.15e+02	-34.6230 59.9275 0.4160	
81.360402 271.466556	9.14e-01  9.49e-01  5.73e+02	3.6450 89.7592 0.9202	
81.360402 271.466556	6.97e-01  9.08e-01  6.24e+02	-4.4021 63.2304 0.0050	
81.360402 271.466556	7.26e-01  8.90e-01  6.23e+02	8.5971 63.6865 0.4262	
81.360402 271.466556	7.15e-01  9.38e-01  6.13e+02	-0.7265 70.0156 0.9767	
81.360402 271.466556	7.81e-01  9.62e-01  5.96e+02	-38.2374 69.7828 0.3302	
81.360402 271.466556	9.03e-01  9.17e-01  5.82e+02	-19.5575 83.8435 0.6102	
81.360402 271.466556	7.30e-01  8.52e-01  6.31e+02	9.0295 57.9802 0.9972	
81.360402 271.466556	7.61e-01  8.66e-01  6.22e+02	6.7346 64.6549 0.1387	
81.360402 271.466556	7.52e-01  8.77e-01  6.21e+02	0.9437 65.5256 0.4813	
81.360402 271.466556	7.24e-01  9.65e-01  6.05e+02	27.2788 69.3434 0.3825	
81.360402 271.466556	7.44e-01  9.13e-01  6.14e+02	-10.2345 69.0050 0.9283	
81.360402 271.466556	7.14e-01  9.09e-01  6.21e+02	8.3771 65.0517 0.4431	
81.360402 271.466556	7.58e-01  8.90e-01  6.16e+02	5.4742 68.0135 0.9282	
81.360402 271.466556	7.73e-01  8.65e-01  6.19e+02	-16.0529 64.5672 0.0642	
81.360402 271.466556	7.13e-01  9.49e-01  6.11e+02	-3.6002 71.3361 0.9074	
81.360402 271.466556	8.47e-01  8.85e-01  6.00e+02	28.7199 72.0118 0.1731	
81.360402 271.466556	7.01e-01  8.81e-01  6.30e+02	8.1519 58.8745 0.8357	
81.360402 271.466556	7.11e-01  9.44e-01  6.13e+02	23.5002 66.4129 0.6251	
81.360402 271.466556	6.86e-01  8.93e-01  6.30e+02	12.5282 58.1357 0.1682	
81.360402 271.466556	7.79e-01  8.61e-01  6.19e+02	-28.5047 60.3221 0.0208	
81.360402 271.466556	8.55e-01  8.89e-01  5.97e+02	-0.4488 78.7627 0.7124	
81.360402 271.466556	7.09e-01  9.03e-01  6.23e+02	-1.0119 64.2014 0.4933	
81.360402 271.466556	7.60e-01  9.02e-01  6.13e+02	-1.9135 69.9638 0.8099	
81.360402 271.466556	7.79e-01  8.56e-01  6.20e+02	3.5287 65.9694 0.4235	
81.360402 271.466556	7.51e-01  9.02e-01  6.15e+02	-51.7453 45.7291 0.8805	
81.360402 271.466556	7.30e-01  8.78e-01  6.25e+02	12.2179 61.5859 0.3377	
81.360402 271.466556	7.57e-01  9.42e-01  6.05e+02	-3.3773 74.7470 0.2925	
81.360402 271.466556	6.66e-01  8.47e-01  6.45e+02	-13.6806 45.3764 0.9107	
81.360402 271.466556	8.25e-01  9.22e-01  5.96e+02	18.3835 77.1244 0.9771	
81.360402 271.466556	7.59e-01  9.79e-01  5.96e+02	-15.6094 77.9473 0.6790	
81.360402 271.466556	7.91e-01  8.71e-01  6.14e+02	-3.3405 69.3955 0.1458	
81.360402 271.466556	7.16e-01  9.65e-01  6.07e+02	12.7337 72.7325 0.0762	
81.360402 271.466556	7.26e-01  9.03e-01  6.20e+02	34.3395 56.6651 0.1513	
81.360402 271.466556	8.06e-01  8.93e-01  6.06e+02	25.8531 69.2986 0.6443	
81.360402 271.466556	7.61e-01  9.41e-01  6.04e+02	-18.8961 72.8368 0.4004	
81.360402 271.466556	8.35e-01  8.73e-01  6.05e+02	-15.3361 73.1703 0.9815	
81.360402 271.466556	7.63e-01  8.55e-01  6.24e+02	-8.1129 63.1801 0.3523	
81.360402 271.466556	7.62e-01  8.86e-01  6.17e+02	-14.7712 66.4287 0.1744	
81.360402 271.466556	7.30e-01  7.82e-01  6.48e+02	2.1686 44.9531 0.1772	
81.360402 271.466556	8.22e-01  9.64e-01  5.87e+02	-17.7800 81.5626 0.8517	
81.360402 271.466556	8.67e-01  8.84e-01  5.96e+02	-17.9985 77.3310 0.6023	
81.360402 271.466556	7.15e-01  9.33e-01  6.14e+02	2.6210 69.2782 0.2538	
81.360402 271.466556	8.09e-01  8.57e-01  6.14e+02	-39.0204 57.9494 0.1649	
81.360402 271.466556	7.76e-01  9.03e-01  6.10e+02	-12.2871 70.8729 0.6323	
81.360402 271.466556	7.12e-01  8.70e-01  6.30e+02	-28.7879 51.7035 0.4929	
81.360402 271.466556	7.00e-01  8.65e-01  6.34e+02	7.8791 55.9902 0.1174	
81.360402 271.466556	7.44e-01  9.02e-01  6.16e+02	22.6769 64.3032 0.6925	
81.360402 271.466556	7.03e-01  8.56e-01  6.36e+02	-10.5502 54.1680 0.7487	
81.360402 271.466556	6.85e-01  9.02e-01  6.28e+02	-18.7151 58.0314 0.9607	
81.360402 271.466556	7.99e-01  8.66e-01  6.14e+02	-3.9915 69.6729 0.6552	
81.360402 271.466556	8.27e-01  9.19e-01  5.97e+02	16.6464 77.3096 0.7126	
81.360402 271.466556	7.24e-01  9.19e-01  6.16e+02	5.0601 68.1088 0.3243	
81.360402 271.466556	8.23e-01  9.07e-01  6.00e+02	-9.1665 76.8363 0.0662	
81.360402 271.466556	6.71e-01  9.04e-01  6.30e+02	-12.1882 58.1386 0.9675	
81.360402 271.466556	7.03e-01  9.09e-01  6.23e+02	8.7957 63.7511 0.4064	
81.360402 271.466556	7.38e-01  8.80e-01  6.23e+02	-2.4170 64.2681 0.4992	
81.360402 271.466556	8.40e-01  9.75e-01  5.82e+02	-3.5058 85.9681 0.4583	
81.360402 271.466556	7.39e-01  9.12e-01  6.15e+02	-10.2697 68.1578 0.9734	
81.360402 271.466556	7.07e-01  8.50e-01  6.36e+02	-9.2738 54.0294 0.7909	
81.360402 271.466556	7.47e-01  9.39e-01  6.07e+02	33.3452 65.4861 0.8021	
81.360402 271.466556	7.92e-01  8.74e-01  6.13e+02	-17.9070 67.7197 0.1713	
81.360402 271.466556	7.42e-01  9.03e-01  6.17e+02	4.0458 67.8947 0.9046	
81.360402 271.466556	8.44e-01  9.34e-01  5.90e+02	-22.4521 79.2402 0.7396	
81.360402 271.466556	6.98e-01  9.42e-01  6.15e+02	-13.8403 67.3886 0.3580	
81.360402 271.466556	7.04e-01  9.35e-01  6.16e+02	5.7287 68.1073 0.5982	
81.360402 271.466556	7.28e-01  8.74e-01  6.26e+02	-7.1444 61.4885 0.6659	
81.360402 271.466556	8.04e-01  8.07e-01  6.26e+02	-2.2112 62.1879 0.7005	
81.360402 271.466556	5.32e-01  9.42e-01  6.44e+02	8.3823 47.6479 0.0586	
81.360402 271.466556	6.88e-01  9.44e-01  6.17e+02	0.7937 67.9809 0.4106	
81.360402 271.466556	8.61e-01  9.08e-01  5.92e+02	-8.9621 80.7765 0.2159	
81.360402 271.466556	8.08e-01  9.27e-01  5.98e+02	10.0926 77.5658 0.3247	
81.360402 271.466556	8.39e-01  8.41e-01  6.11e+02	8.5563 70.9905 0.1937	
81.360402 271.466556	8.62e-01  9.07e-01  5.92e+02	-28.8517 76.0438 0.7255	
81.360402 271.466556	7.71e-01  9.31e-01  6.05e+02	-5.7484 74.6488 0.7164	
81.360402 271.466556	7.97e-01  8.47e-01  6.18e+02	21.1496 63.6184 0.0013	
81.360402 271.466556	7.41e-01  9.18e-01  6.13e+02	-2.8145 70.0422 0.0770	
81.360402 271.466556	7.35e-01  8.02e-01  6.42e+02	-8.3332 49.5280 0.2633	
81.360402 271.466556	8.22e-01  8.25e-01  6.18e+02	0.3828 67.3005 0.4720	
81.360402 271.466556	8.24e-01  9.86e-01  5.83e+02	38.1084 76.8292 0.4090	
81.360402 271.466556	7.72e-01  9.75e-01  5.94e+02	-24.0657 76.4807 0.6339	
81.360402 271.466556	7.02e-01  9.12e-01  6.22e+02	-39.5430 51.1673 0.6243	
81.360402 271.466556	8.11e-01  8.68e-01  6.11e+02	-5.4128 71.3764 0.7984	
81.360402 271.466556	7.88e-01  8.59e-01  6.17e+02	30.2124 60.5013 0.0372	
81.360402 271.466556	7.76e-01  8.92e-01  6.12e+02	1.0539 70.5160 0.9140	
81.360402 271.466556	8.59e-01  9.46e-01  5.84e+02	11.6224 84.0924 0.2734	
81.360402 271.466556	8.30e-01  9.36e-01  5.92e+02	28.2165 76.1078 0.1651	
81.360402 271.466556	7.19e-01  9.24e-01  6.16e+02	19.6534 65.5338 0.2377	
81.360402 271.466556	8.54e-01  9.33e-01  5.88e+02	-9.3262 82.7150 0.2355	
81.360402 271.466556	7.84e-01  8.95e-01  6.10e+02	14.6538 70.4158 0.1208	
81.360402 271.466556	7.70e-01  8.04e-01  6.34e+02	-9.4805 55.6490 0.5873	
81.360402 271.466556	7.26e-01  8.93e-01  6.22e+02	-11.3872 63.7210 0.1742	
81.360402 271.466556	7.42e-01  9.73e-01  6.00e+02	8.0922 76.8677 0.4414	
81.360402 271.466556	8.39e-01  9.71e-01  5.83e+02	26.8965 81.2011 0.3574	
81.360402 271.466556	7.99e-01  9.19e-01  6.02e+02	39.2477 65.4501 0.1938	
81.360402 271.466556	8.06e-01  9.71e-01  5.89e+02	16.6502 81.0972 0.4388	
81.360402 271.466556	8.25e-01  9.70e-01  5.86e+02	5.9583 84.1256 0.3306	
81.360402 271.466556	8.59e-01  9.72e-01  5.79e+02	28.9756 82.4014 0.0412	
81.360402 271.466556	7.09e-01  8.76e-01  6.30e+02	-18.8386 56.5140 0.8009	
81.360402 271.466556	8.77e-01  9.00e-01  5.91e+02	-24.1241 78.4116 0.3585	
81.360402 271.466556	8.67e-01  9.46e-01  5.83e+02	-1.8696 85.5626 0.4369	
81.360402 271.466556	8.05e-01  9.09e-01  6.03e+02	9.0688 75.3099 0.3666	
81.360402 271.466556	7.06e-01  9.29e-01  6.17e+02	40.0677 54.6647 0.8332	
81.360402 271.466556	7.72e-01  9.53e-01  5.99e+02	12.5631 76.6531 0.9988	
81.360402 271.466556	7.48e-01  8.49e-01  6.28e+02	-6.7686 60.3317 0.8760	
81.360402 271.466556	7.58e-01  8.05e-01  6.36e+02	-11.7960 53.4657 0.6131	
81.360402 271.466556	7.13e-01  9.30e-01  6.16e+02	10.3737 67.8576 0.1896	
81.360402 271.466556	7.56e-01  8.89e-01  6.17e+02	4.1800 67.6975 0.7265	
81.360402 271.466556	6.48e-01  9.91e-01  6.12e+02	-7.2290 70.4977 0.8236	
81.360402 271.466556	6.21e-01  9.49e-01  6.27e+02	-1.4698 61.2967 0.1456	
81.360402 271.466556	7.52e-01  9.70e-01  5.99e+02	-29.6331 71.8689 0.0803	
81.360402 271.466556	7.32e-01  9.48e-01  6.08e+02	-12.8771 71.9651 0.5526	
81.360402 271.466556	7.77e-01  8.79e-01  6.15e+02	4.2032 68.7444 0.3157	
81.360402 271.466556	8.86e-01  9.60e-01  5.77e+02	41.5848 78.0409 0.3605	
81.360402 271.466556	9.23e-01  9.36e-01  5.74e+02	28.4221 84.7666 0.4803	
81.360402 271.466556	6.00e-01  9.30e-01  6.36e+02	-0.5352 55.1098 0.4383	
81.360402 271.466556	8.28e-01  9.46e-01  5.90e+02	3.8791 82.0346 0.0967	
81.360402 271.466556	7.76e-01  9.61e-01  5.97e+02	-19.3226 76.5766 0.7620	
81.360402 271.466556	6.66e-01  9.39e-01  6.22e+02	28.0116 58.4288 0.9708	
81.360402 271.466556	7.33e-01  8.76e-01  6.25e+02	7.8561 62.4911 0.1070	
81.360402 271.466556	8.24e-01  9.34e-01  5.94e+02	11.2983 79.6600 0.4725	
81.360402 271.466556	5.64e-01  9.46e-01  6.38e+02	23.0002 48.4520 0.6308	
81.360402 271.466556	8.38e-01  9.11e-01  5.96e+02	-33.5875 71.9071 0.6333	
81.360402 271.466556	7.81e-01  9.05e-01  6.08e+02	12.7430 71.6456 0.8692	
81.360402 271.466556	8.06e-01  9.75e-01  5.88e+02	21.7364 80.2444 0.4344	
81.360402 271.466556	7.77e-01  9.30e-01  6.04e+02	17.1155 73.4855 0.9264	
81.360402 271.466556	6.84e-01  9.34e-01  6.20e+02	-15.4534 64.0482 0.2118	
81.360402 271.466556	9.22e-01  9.42e-01  5.73e+02	10.4451 89.1984 0.2711	
81.360402 271.466556	7.47e-01  8.08e-01  6.38e+02	-41.3718 33.6700 0.4382	
81.360402 271.466556	7.25e-01  9.32e-01  6.13e+02	-7.9628 69.7179 0.1518	
81.360402 271.466556	7.82e-01  9.58e-01  5.96e+02	4.2851 79.0742 0.0450	
81.360402 271.466556	7.55e-01  8.37e-01  6.29e+02	-19.8777 56.2749 0.0483	
81.360402 271.466556	8.44e-01  9.41e-01  5.88e+02	18.2829 81.0662 0.4188	
81.360402 271.466556	7.10e-01  8.63e-01  6.32e+02	-20.8637 53.5948 0.2963	
81.360402 271.466556	7.76e-01  9.87e-01  5.91e+02	-4.8420 81.7128 0.6167	
81.360402 271.466556	7.56e-01  9.19e-01  6.10e+02	26.5426 66.7632 0.6953	
81.360402 271.466556	7.78e-01  8.66e-01  6.18e+02	-11.0754 66.3353 0.1403	
81.360402 271.466556	8.28e-01  8.41e-01  6.13e+02	4.1986 70.0379 0.4391	
81.360402 271.466556	6.38e-01  9.05e-01  6.35e+02	-0.2293 55.3342 0.4176	
81.360402 271.466556	8.43e-01  9.73e-01  5.82e+02	-10.1703 85.5036 0.0414	
81.360402 271.466556	7.30e-01  8.60e-01  6.29e+02	-10.6527 59.0347 0.7049	
81.360402 271.466556	7.89e-01  9.23e-01  6.03e+02	13.0442 74.6485 0.1176	
81.360402 271.466556	8.11e-01  9.62e-01  5.90e+02	-1.1097 82.2311 0.2633	
81.360402 271.466556	7.14e-01  8.99e-01  6.23e+02	16.5500 61.8751 0.4738	
81.360402 271.466556	7.86e-01  9.61e-01  5.95e+02	-12.4332 78.9202 0.4250	
81.360402 271.466556	6.70e-01  9.85e-01  6.10e+02	-35.1487 62.8637 0.1700	
81.360402 271.466556	7.83e-01  8.29e-01  6.25e+02	-18.6873 59.7382 0.3007	
81.360402 271.466556	8.59e-01  9.25e-01  5.89e+02	19.6500 80.4595 0.3826	
81.360402 271.466556	6.26e-01  9.84e-01  6.17e+02	4.1399 67.4944 0.9926	
81.360402 271.466556	8.38e-01  9.49e-01  5.88e+02	28.1974 78.3902 0.7298	
81.360402 271.466556	8.01e-01  9.69e-01  5.90e+02	-5.8093 81.9519 0.7809	
81.360402 271.466556	8.29e-01  9.16e-01  5.97e+02	-37.5875 69.5801 0.4429	
81.360402 271.466556	8.04e-01  9.47e-01  5.95e+02	-21.1068 77.2568 0.2606	
81.360402 271.466556	7.26e-01  8.81e-01  6.25e+02	5.0228 62.6822 0.9976	
81.360402 271.466556	7.21e-01  8.02e-01  6.45e+02	-15.5100 44.9621 0.8016	
81.360402 271.466556	8.40e-01  9.63e-01  5.84e+02	-5.8935 84.6935 0.9659	
81.360402 271.466556	7.96e-01  8.69e-01  6.13e+02	2.7136 69.8396 0.6357	
81.360402 271.466556	7.72e-01  9.22e-01  6.06e+02	-13.2103 72.7997 0.0866	
81.360402 271.466556	7.69e-01  8.99e-01  6.12e+02	3.3472 70.6702 0.9642	
81.360402 271.466556	8.52e-01  9.08e-01  5.94e+02	18.3925 78.2246 0.7606	
81.360402 271.466556	7.95e-01  9.56e-01  5.94e+02	-4.0877 80.0470 0.0144	
81.360402 271.466556	7.09e-01  8.88e-01  6.26e+02	11.4036 60.7357 0.8559	
81.360402 271.466556	7.79e-01  8.88e-01  6.13e+02	8.4313 69.8295 0.4427	
81.360402 271.466556	6.89e-01  8.75e-01  6.34e+02	-11.5670 55.5141 0.0865	
81.360402 271.466556	7.65e-01  8.15e-01  6.32e+02	-6.6136 57.2060 0.1288	
81.360402 271.466556	8.72e-01  9.56e-01  5.80e+02	1.5696 86.8856 0.2571	
81.360402 271.466556	7.29e-01  9.58e-01  6.06e+02	-30.1904 67.7835 0.1719	
81.360402 271.466556	7.03e-01  8.36e-01  6.40e+02	-4.2759 51.2247 0.8582	
81.360402 271.466556	8.32e-01  9.74e-01  5.84e+02	4.3019 85.1773 0.3884	
81.360402 271.466556	7.64e-01  7.87e-01  6.39e+02	-5.9408 52.1965 0.8609	
81.360402 271.466556	7.73e-01  8.60e-01  6.20e+02	1.4800 65.7651 0.7122	
81.360402 271.466556	8.15e-01  9.61e-01  5.89e+02	-5.8853 82.3190 0.2294	
81.360402 271.466556	7.70e-01  8.93e-01  6.13e+02	-2.4262 69.9036 0.2167	
81.360402 271.466556	9.11e-01  9.60e-01  5.72e+02	-28.7473 85.7964 0.6178	
81.360402 271.466556	8.44e-01  9.77e-01  5.81e+02	16.4381 85.0483 0.7245	
81.360402 271.466556	6.35e-01  9.24e-01  6.31e+02	10.6824 57.5315 0.1965	
81.360402 271.466556	8.39e-01  9.09e-01  5.96e+02	-27.8596 74.2069 0.3929	
81.360402 271.466556	7.58e-01  9.64e-01  5.99e+02	-2.2326 77.6008 0.7566	
81.360402 271.466556	7.59e-01  9.35e-01  6.06e+02	0.1210 74.2785 0.4525	
81.360402 271.466556	7.51e-01  8.87e-01  6.18e+02	16.6011 64.8638 0.0380	
81.360402 271.466556	8.17e-01  9.36e-01  5.95e+02	-19.8968 77.5665 0.3690	
81.360402 271.466556	8.33e-01  9.34e-01  5.92e+02	10.2898 80.7294 0.5952	
81.360402 271.466556	8.05e-01  8.66e-01  6.12e+02	15.2326 68.9009 0.3305	
81.360402 271.466556	6.56e-01  9.19e-01  6.29e+02	17.1317 57.7670 0.9872	
81.360402 271.466556	7.94e-01  9.29e-01  6.01e+02	-14.6647 75.5831 0.9360	
81.360402 271.466556	7.88e-01  8.83e-01  6.12e+02	23.1914 66.8438 0.3637	
81.360402 271.466556	7.73e-01  8.17e-01  6.30e+02	-13.4764 57.5991 0.0054	
81.360402 271.466556	7.68e-01  9.42e-01  6.02e+02	3.7060 75.9138 0.5170	
81.360402 271.466556	7.08e-01  9.23e-01  6.18e+02	-22.3635 63.2885 0.6998	
81.360402 271.466556	7.17e-01  8.92e-01  6.24e+02	5.7168 63.2112 0.1740	
81.360402 271.466556	8.50e-01  9.16e-01  5.92e+02	1.9095 81.0751 0.0865	
81.360402 271.466556	6.41e-01  9.21e-01  6.31e+02	17.2864 56.0465 0.4241	
81.360402 271.466556	7.46e-01  9.27e-01  6.10e+02	31.4968 64.5441 0.6450	
81.360402 271.466556	8.92e-01  9.53e-01  5.77e+02	12.2625 87.5357 0.8168	
81.360402 271.466556	7.90e-01  9.07e-01  6.06e+02	9.3962 73.3945 0.0747	
81.360402 271.466556	7.54e-01  9.39e-01  6.06e+02	7.9043 73.8415 0.6547	
81.360402 271.466556	7.72e-01  8.53e-01  6.22e+02	-4.4458 64.4860 0.0671	
81.360402 271.466556	8.39e-01  9.98e-01  5.77e+02	8.6269 87.6927 0.8869	
81.360402 271.466556	7.54e-01  8.71e-01  6.22e+02	4.7171 64.7472 0.5164	
81.360402 271.466556	7.65e-01  8.90e-01  6.15e+02	-44.0400 53.0400 0.5424	
81.360402 271.466556	6.65e-01  9.25e-01  6.26e+02	2.3116 62.3475 0.2183	
81.360402 271.466556	7.55e-01  9.37e-01  6.06e+02	-11.7243 73.2037 0.9269	
81.360402 271.466556	7.14e-01  9.37e-01  6.14e+02	2.5046 69.7384 0.7700	
81.360402 271.466556	7.11e-01  8.74e-01  6.29e+02	-17.8174 57.0491 0.4969	
81.360402 271.466556	7.62e-01  9.09e-01  6.11e+02	-14.7449 69.6657 0.6136	
81.360402 271.466556	7.51e-01  9.15e-01  6.12e+02	-20.8694 67.5450 0.5451	
81.360402 271.466556	7.45e-01  9.04e-01  6.16e+02	-18.5362 66.0213 0.5101	
81.360402 271.466556	7.26e-01  9.18e-01  6.16e+02	9.4980 67.7668 0.3189	
81.360402 271.466556	7.54e-01  8.54e-01  6.26e+02	-9.9271 61.4887 0.9407	
81.360402 271.466556	7.30e-01  9.09e-01  6.17e+02	-6.5837 67.1891 0.5372	
81.360402 271.466556	7.98e-01  9.38e-01  5.98e+02	-1.6355 78.4943 0.9815	
81.360402 271.466556	7.89e-01  8.64e-01  6.16e+02	9.2331 67.8136 0.2494	
81.360402 271.466556	7.03e-01  8.52e-01  6.36e+02	10.1707 53.6025 0.6491	
81.360402 271.466556	8.91e-01  9.69e-01  5.74e+02	6.9948 89.3858 0.8837	
81.360402 271.466556	8.07e-01  9.16e-01  6.01e+02	0.6838 76.8802 0.1706	
81.360402 271.466556	7.26e-01  9.52e-01  6.08e+02	18.9173 70.6171 0.3657	
81.360402 271.466556	7.77e-01  9.60e-01  5.97e+02	22.4285 75.7036 0.6564	
81.360402 271.466556	6.51e-01  9.65e-01  6.18e+02	-10.3088 66.4696 0.6517	
81.360402 271.466556	7.02e-01  9.14e-01  6.22e+02	-14.0299 63.4504 0.2474	
81.360402 271.466556	6.13e-01  9.59e-01  6.26e+02	-2.5620 62.0219 0.4814	
81.360402 271.466556	6.39e-01  8.63e-01  6.46e+02	13.7117 44.0520 0.3194	
81.360402 271.466556	7.16e-01  9.47e-01  6.11e+02	0.2109 71.2659 0.5391	
81.360402 271.466556	7.81e-01  8.85e-01  6.13e+02	-20.6223 67.0269 0.5332	
81.360402 271.466556	6.77e-01  9.62e-01  6.14e+02	14.6516 68.0026 0.4628	
81.360402 271.466556	6.34e-01  8.93e-01  6.39e+02	-14.7361 50.1341 0.4628	
81.360402 271.466556	7.01e-01  8.53e-01  6.37e+02	-24.8654 48.3876 0.9538	
81.360402 271.466556	8.22e-01  8.93e-01  6.03e+02	30.3323 69.4068 0.5003	
81.360402 271.466556	8.17e-01  9.05e-01  6.01e+02	37.9820 66.5175 0.4814	
81.360402 271.466556	7.24e-01  8.25e-01  6.39e+02	22.0812 47.9612 0.2715	
81.360402 271.466556	6.54e-01  9.37e-01  6.24e+02	-9.8197 62.3006 0.5297	
81.360402 271.466556	6.84e-01  9.12e-01  6.25e+02	-3.8149 62.4427 0.7190	
81.360402 271.466556	8.49e-01  9.61e-01  5.83e+02	15.0988 84.1357 0.7377	
81.360402 271.466556	7.70e-01  8.43e-01  6.25e+02	-13.2005 61.4884 0.7313	
81.360402 271.466556	8.07e-01  8.53e-01  6.15e+02	-1.2338 69.1370 0.1116	
81.360402 271.466556	7.74e-01  8.93e-01  6.13e+02	-32.9202 62.2493 0.5927	
81.360402 271.466556	7.09e-01  8.73e-01  6.30e+02	-2.7118 59.2746 0.9894	
81.360402 271.466556	8.36e-01  9.09e-01  5.97e+02	-2.7526 78.9246 0.5846	
81.360402 271.466556	8.07e-01  8.97e-01  6.05e+02	-17.1965 72.6093 0.8908	
81.360402 271.466556	7.26e-01  8.22e-01  6.39e+02	-3.5652 52.3587 0.6088	
81.360402 271.466556	7.74e-01  9.03e-01  6.10e+02	31.6783 64.3954 0.7277	
81.360402 271.466556	6.56e-01  9.09e-01  6.31e+02	-5.3797 58.1195 0.1229	
81.360402 271.466556	7.56e-01  9.12e-01  6.12e+02	-16.2316 69.0652 0.1301	
81.360402 271.466556	8.26e-01  8.91e-01  6.03e+02	-23.2829 72.2580 0.8022	
81.360402 271.466556	6.69e-01  9.34e-01  6.23e+02	-19.1403 61.3438 0.9264	
81.360402 271.466556	7.04e-01  9.17e-01  6.20e+02	0.7550 65.6545 0.2385	
81.360402 271.466556	5.44e-01  9.57e-01  6.38e+02	10.1249 52.6721 0.6539	
81.360402 271.466556	7.80e-01  8.60e-01  6.19e+02	-3.8417 66.5191 0.2027	
81.360402 271.466556	8.01e-01  9.47e-01  5.95e+02	-20.2126 77.1667 0.6203	
81.360402 271.466556	7.62e-01  9.00e-01  6.13e+02	8.3644 69.4421 0.8034	
81.360402 271.466556	6.67e-01  8.96e-01  6.32e+02	1.7470 57.5311 0.0370	
81.360402 271.466556	7.51e-01  9.71e-01  5.99e+02	9.4145 77.2216 0.2508	
81.360402 271.466556	7.26e-01  9.15e-01  6.17e+02	-5.3390 67.7715 0.3891	
81.360402 271.466556	6.71e-01  9.10e-01  6.28e+02	3.1795 60.4361 0.1126	
81.360402 271.466556	7.77e-01  9.07e-01  6.09e+02	-28.3185 66.7521 0.0326	
81.360402 271.466556	8.29e-01  9.09e-01  5.98e+02	-22.4327 74.9528 0.1733	
81.360402 271.466556	7.57e-01  9.13e-01  6.11e+02	-6.5155 70.8073 0.1945	
81.360402 271.466556	6.68e-01  8.82e-01  6.36e+02	12.4568 53.5421 0.3821	
81.360402 271.466556	8.12e-01  9.28e-01  5.97e+02	-18.5194 76.4208 0.0529	
81.360402 271.466556	8.13e-01  9.30e-01  5.97e+02	-11.7037 78.1858 0.0512	
81.360402 271.466556	6.18e-01  9.87e-01  6.18e+02	8.6729 66.6585 0.2433	
81.360402 271.466556	6.81e-01  8.53e-01  6.40e+02	-4.6267 51.1026 0.4437	
81.360402 271.466556	8.73e-01  9.37e-01  5.84e+02	-2.2303 85.1810 0.3792	
81.360402 271.466556	6.45e-01  9.29e-01  6.28e+02	-3.8941 60.5689 0.7838	
81.360402 271.466556	7.80e-01  8.74e-01  6.16e+02	-2.6230 68.5827 0.2272	
81.360402 271.466556	6.30e-01  9.06e-01  6.37e+02	16.9915 51.4791 0.5735	
81.360402 271.466556	7.57e-01  9.26e-01  6.08e+02	2.9840 72.7876 0.2301	
81.360402 271.466556	8.15e-01  9.36e-01  5.95e+02	-2.4608 79.7553 0.2732	
81.360402 271.466556	6.85e-01  8.91e-01  6.30e+02	13.8134 57.5136 0.8026	
81.360402 271.466556	7.86e-01  8.26e-01  6.25e+02	18.9906 59.7037 0.4990	
81.360402 271.466556	8.40e-01  9.01e-01  5.98e+02	-28.0536 73.2924 0.4937	
81.360402 271.466556	5.46e-01  9.41e-01  6.42e+02	15.3589 47.8009 0.1529	
81.360402 271.466556	7.97e-01  9.43e-01  5.97e+02	-20.0363 76.4181 0.3071	
81.360402 271.466556	8.16e-01  8.64e-01  6.11e+02	1.6612 71.5944 0.7498	
81.360402 271.466556	6.82e-01  9.26e-01  6.22e+02	23.8493 59.9821 0.1337	
81.360402 271.466556	7.39e-01  8.40e-01  6.32e+02	10.3877 57.0322 0.1952	
81.360402 271.466556	7.84e-01  8.14e-01  6.28e+02	8.1609 59.8156 0.6501	
81.360402 271.466556	7.59e-01  9.51e-01  6.02e+02	25.6673 71.7855 0.8027	
81.360402 271.466556	8.30e-01  9.69e-01  5.85e+02	17.2005 82.8738 0.8674	
81.360402 271.466556	6.89e-01  9.31e-01  6.20e+02	-2.3354 66.1635 0.1906	
81.360402 271.466556	8.57e-01  8.96e-01  5.95e+02	26.5514 75.0931 0.6722	
81.360402 271.466556	6.91e-01  9.89e-01  6.05e+02	19.9274 71.8907 0.6751	
81.360402 271.466556	7.89e-01  9.51e-01  5.97e+02	20.3038 76.4169 0.8461	
81.360402 271.466556	7.80e-01  9.62e-01  5.96e+02	-17.1598 77.5923 0.0836	
81.360402 271.466556	7.19e-01  9.45e-01  6.11e+02	4.9067 71.2545 0.9721	
81.360402 271.466556	6.28e-01  9.49e-01  6.26e+02	5.5835 61.8970 0.1628	
81.360402 271.466556	7.58e-01  8.61e-01  6.23e+02	7.8984 63.4869 0.2372	
81.360402 271.466556	7.58e-01  9.11e-01  6.12e+02	-10.3564 70.1762 0.7078	
81.360402 271.466556	6.57e-01  9.11e-01  6.31e+02	13.8013 57.1446 0.9702	
81.360402 271.466556	7.35e-01  9.70e-01  6.02e+02	-12.0858 75.2390 0.9923	
81.360402 271.466556	7.16e-01  8.70e-01  6.29e+02	7.5269 59.1985 0.5921	
81.360402 271.466556	7.35e-01  9.13e-01  6.16e+02	-3.5287 68.5815 0.7627	
81.360402 271.466556	7.22e-01  8.82e-01  6.25e+02	10.5529 61.5361 0.1298	
81.360402 271.466556	6.56e-01  8.94e-01  6.35e+02	26.4353 48.9709 0.3834	
81.360402 271.466556	7.69e-01  8.26e-01  6.29e+02	26.6299 53.9369 0.5410	
81.360402 271.466556	8.20e-01  9.15e-01  5.99e+02	-45.9020 63.1054 0.0278	
81.360402 271.466556	7.65e-01  9.02e-01  6.12e+02	26.5872 65.4289 0.0190	
81.360402 271.466556	7.35e-01  9.52e-01  6.06e+02	-19.2714 71.4078 0.6861	
81.360402 271.466556	6.68e-01  8.71e-01  6.39e+02	8.4688 52.1228 0.4186	
81.360402 271.466556	7.82e-01  9.28e-01  6.03e+02	40.8924 63.7184 0.1102	
81.360402 271.466556	8.30e-01  8.46e-01  6.12e+02	-10.5501 70.2212 0.9041	
81.360402 271.466556	7.43e-01  9.17e-01  6.13e+02	27.3316 64.6461 0.5023	
81.360402 271.466556	7.39e-01  8.77e-01  6.23e+02	10.4574 63.0369 0.9232	
81.360402 271.466556	7.90e-01  8.13e-01  6.27e+02	2.4080 61.1578 0.6134	
81.360402 271.466556	7.79e-01  9.66e-01  5.95e+02	7.0258 79.5750 0.0404	
81.360402 271.466556	7.15e-01  9.36e-01  6.14e+02	11.6670 68.7270 0.1459	
81.360402 271.466556	6.69e-01  8.98e-01  6.32e+02	-17.3285 55.5243 0.0288	
81.360402 271.466556	7.55e-01  9.78e-01  5.97e+02	12.7792 78.0451 0.9486	
81.360402 271.466556	7.82e-01  9.44e-01  5.99e+02	-32.2889 70.5742 0.0870	
81.360402 271.466556	8.33e-01  8.73e-01  6.05e+02	-37.2902 64.5702 0.1284	
81.360402 271.466556	7.95e-01  8.70e-01  6.14e+02	0.2596 69.8323 0.5532	
81.360402 271.466556	7.85e-01  9.07e-01  6.07e+02	4.8302 73.2087 0.7666	
81.360402 271.466556	8.16e-01  8.99e-01  6.03e+02	-22.8253 72.2996 0.8721	
81.360402 271.466556	7.66e-01  9.11e-01  6.10e+02	-16.4200 70.0078 0.7837	
81.360402 271.466556	7.31e-01  8.95e-01  6.20e+02	-0.7046 65.6439 0.8772	
81.360402 271.466556	7.39e-01  8.91e-01  6.20e+02	-1.6153 66.0088 0.2433	
81.360402 271.466556	7.36e-01  9.00e-01  6.18e+02	16.8126 64.8212 0.0979	
81.360402 271.466556	7.42e-01  8.91e-01  6.19e+02	11.3432 65.4870 0.6101	
81.360402 271.466556	7.71e-01  9.42e-01  6.02e+02	-6.0488 76.0563 0.9864	
81.360402 271.466556	7.69e-01  8.72e-01  6.18e+02	21.9450 63.2302 0.5206	
81.360402 271.466556	7.78e-01  9.19e-01  6.06e+02	0.1543 74.1935 0.7935	
81.360402 271.466556	7.90e-01  9.42e-01  5.98e+02	-7.2576 77.8212 0.1877	
81.360402 271.466556	7.79e-01  9.18e-01  6.06e+02	15.9317 72.5125 0.2348	
81.360402 271.466556	8.73e-01  9.22e-01  5.87e+02	6.2207 83.6648 0.0448	
81.360402 271.466556	7.01e-01  8.97e-01  6.26e+02	-0.1331 62.1421 0.8480	
81.360402 271.466556	7.80e-01  8.34e-01  6.25e+02	2.1008 62.8973 0.6793	
81.360402 271.466556	7.39e-01  8.85e-01  6.21e+02	-34.0491 55.4994 0.6781	
81.360402 271.466556	7.71e-01  8.52e-01  6.23e+02	7.7577 63.8504 0.1809	
81.360402 271.466556	8.15e-01  9.60e-01  5.90e+02	30.2393 76.6451 0.1725	
81.360402 271.466556	7.24e-01  9.09e-01  6.19e+02	-20.4277 63.5945 0.7687	
81.360402 271.466556	7.92e-01  9.17e-01  6.04e+02	-19.5056 72.8241 0.4917	
81.360402 271.466556	7.98e-01  8.68e-01  6.13e+02	20.4542 66.9212 0.1738	
81.360402 271.466556	7.68e-01  9.13e-01  6.09e+02	-6.3952 72.0010 0.0514	
81.360402 271.466556	6.98e-01  8.96e-01  6.27e+02	-6.2792 61.2748 0.0606	
81.360402 271.466556	7.91e-01  8.98e-01  6.08e+02	6.7284 72.6389 0.2152	
81.360402 271.466556	7.60e-01  9.47e-01  6.03e+02	7.9093 75.3980 0.8341	
81.360402 271.466556	7.85e-01  8.13e-01  6.28e+02	0.4786 60.4940 0.1806	
81.360402 271.466556	9.07e-01  9.23e-01  5.80e+02	14.4877 85.7643 0.3130	
81.360402 271.466556	8.11e-01  9.70e-01  5.88e+02	-19.9547 80.6411 0.0550	
81.360402 271.466556	7.46e-01  9.34e-01  6.08e+02	-0.3252 72.7491 0.0595	
81.360402 271.466556	8.73e-01  9.55e-01  5.80e+02	13.4880 85.8474 0.5937	
81.360402 271.466556	7.64e-01  8.92e-01  6.15e+02	22.6539 65.3156 0.0624	
81.360402 271.466556	7.69e-01  8.51e-01  6.23e+02	6.6778 63.5896 0.7069	
81.360402 271.466556	8.27e-01  8.62e-01  6.09e+02	-17.4431 70.4839 0.2277	
81.360402 271.466556	7.58e-01  8.94e-01  6.16e+02	-26.7649 63.2731 0.5246	
81.360402 271.466556	8.36e-01  9.19e-01  5.95e+02	39.0793 69.8819 0.5369	
81.360402 271.466556	8.23e-01  8.88e-01  6.04e+02	10.7929 74.5710 0.9190	
81.360402 271.466556	8.38e-01  8.79e-01  6.03e+02	-37.9214 65.7693 0.7879	
81.360402 271.466556	7.26e-01  8.72e-01  6.27e+02	-2.2274 61.3555 0.9674	
81.360402 271.466556	8.51e-01  9.54e-01  5.84e+02	4.6389 84.7989 0.2584	
81.360402 271.466556	7.78e-01  8.80e-01  6.15e+02	29.8982 62.2422 0.5787	
81.360402 271.466556	6.90e-01  8.87e-01  6.31e+02	-12.4041 57.5918 0.3218	
81.360402 271.466556	8.27e-01  8.60e-01  6.09e+02	-17.6702 70.2108 0.5623	
81.360402 271.466556	7.94e-01  8.85e-01  6.10e+02	-18.8677 69.1016 0.5684	
81.360402 271.466556	6.54e-01  9.21e-01  6.29e+02	-2.7045 60.2105 0.5076	
81.360402 271.466556	8.42e-01  9.10e-01  5.95e+02	-15.6024 78.0750 0.8334	
81.360402 271.466556	6.99e-01  9.11e-01  6.23e+02	-0.4859 64.1390 0.9344	
81.360402 271.466556	8.28e-01  8.91e-01  6.02e+02	-29.6082 70.0637 0.4397	
81.360402 271.466556	6.79e-01  9.14e-01  6.26e+02	11.0818 61.1616 0.0145	
81.360402 271.466556	7.94e-01  9.53e-01  5.95e+02	0.2159 79.8259 0.4523	
81.360402 271.466556	7.24e-01  8.89e-01  6.23e+02	-0.2093 63.8107 0.2476	
81.360402 271.466556	8.40e-01  9.60e-01  5.85e+02	-11.4513 83.7852 0.8088	
81.360402 271.466556	7.85e-01  9.11e-01  6.06e+02	5.4388 73.7269 0.8140	
81.360402 271.466556	7.86e-01  8.75e-01  6.14e+02	22.2061 65.7721 0.2649	
81.360402 271.466556	8.56e-01  9.74e-01  5.79e+02	-15.9099 85.8842 0.7365	
81.360402 271.466556	7.27e-01  9.43e-01  6.10e+02	0.3533 71.9177 0.4519	
81.360402 271.466556	8.74e-01  9.23e-01  5.86e+02	-23.5884 80.6440 0.1067	
81.360402 271.466556	7.90e-01  9.35e-01  6.00e+02	28.2591 71.9604 0.9159	
81.360402 271.466556	8.21e-01  9.74e-01  5.86e+02	37.7575 75.4466 0.5457	
81.360402 271.466556	7.54e-01  8.46e-01  6.28e+02	0.0123 60.9647 0.9152	
81.360402 271.466556	7.70e-01  8.68e-01  6.19e+02	-11.6973 65.5050 0.8990	
81.360402 271.466556	8.09e-01  8.18e-01  6.22e+02	-7.6487 64.1344 0.2301	
81.360402 271.466556	7.28e-01  8.87e-01  6.23e+02	-26.8666 58.0410 0.6734	
81.360402 271.466556	8.57e-01  9.70e-01  5.80e+02	20.0144 84.7197 0.3240	
81.360402 271.466556	8.90e-01  9.52e-01  5.77e+02	-7.8157 87.8035 0.9324	
81.360402 271.466556	7.47e-01  8.92e-01  6.18e+02	2.6275 67.0743 0.1456	
81.360402 271.466556	7.44e-01  8.65e-01  6.25e+02	-7.4885 62.2878 0.4689	
81.360402 271.466556	7.94e-01  9.13e-01  6.04e+02	9.4598 74.4950 0.1329	
81.360402 271.466556	8.01e-01  8.63e-01  6.14e+02	-6.8907 69.3692 0.5993	
81.360402 271.466556	8.12e-01  8.76e-01  6.09e+02	23.0022 68.7710 0.8717	
81.360402 271.466556	5.94e-01  9.50e-01  6.31e+02	3.2159 58.2337 0.2149	
81.360402 271.466556	8.04e-01  8.88e-01  6.08e+02	15.0138 71.6386 0.1584	
81.360402 271.466556	7.01e-01  9.34e-01  6.17e+02	-4.1714 67.8168 0.2354	
81.360402 271.466556	7.06e-01  9.27e-01  6.18e+02	-11.0409 66.4739 0.8949	
81.360402 271.466556	8.53e-01  9.44e-01  5.86e+02	-37.4575 75.2955 0.7370	
81.360402 271.466556	9.34e-01  9.58e-01  5.68e+02	-41.2588 82.3340 0.5383	
81.360402 271.466556	8.30e-01  8.39e-01  6.13e+02	-8.2257 69.6939 0.7283	
81.360402 271.466556	7.00e-01  7.91e-01  6.52e+02	12.6445 38.4219 0.8885	
81.360402 271.466556	7.37e-01  9.36e-01  6.10e+02	22.4747 68.4301 0.1831	
81.360402 271.466556	6.71e-01  9.66e-01  6.14e+02	21.2540 66.0625 0.8373	
81.360402 271.466556	6.88e-01  9.37e-01  6.18e+02	-11.6270 65.8756 0.7604	
81.360402 271.466556	6.37e-01  9.19e-01  6.32e+02	3.3994 57.6981 0.5343	
81.360402 271.466556	9.00e-01  9.42e-01  5.77e+02	-30.2412 82.6841 0.6395	
81.360402 271.466556	6.43e-01  8.43e-01  6.51e+02	4.0638 41.6445 0.5399	
81.360402 271.466556	7.45e-01  9.36e-01  6.08e+02	2.6595 72.8810 0.8408	
81.360402 271.466556	7.02e-01  9.25e-01  6.19e+02	-12.3859 65.6047 0.0616	
81.360402 271.466556	7.80e-01  9.36e-01  6.02e+02	21.3163 73.4694 0.8400	
81.360402 271.466556	7.59e-01  8.52e-01  6.25e+02	14.8324 60.9099 0.7836	
81.360402 271.466556	7.80e-01  9.13e-01  6.07e+02	-15.7665 71.8894 0.2978	
81.360402 271.466556	7.68e-01  9.38e-01  6.03e+02	9.8119 74.8704 0.2924	
81.360402 271.466556	7.84e-01  9.36e-01  6.01e+02	-7.4208 76.5118 0.3281	
81.360402 271.466556	7.40e-01  9.10e-01  6.15e+02	-19.0516 66.2282 0.2975	
81.360402 271.466556	8.03e-01  8.18e-01  6.23e+02	-6.4479 63.4547 0.2231	
81.360402 271.466556	6.96e-01  8.75e-01  6.32e+02	-28.9560 50.0193 0.0497	
81.360402 271.466556	8.17e-01  9.18e-01  5.99e+02	43.0123 65.0188 0.2002	
81.360402 271.466556	8.44e-01  9.89e-01  5.78e+02	3.4551 87.6810 0.5641	
81.360402 271.466556	7.28e-01  8.98e-01  6.20e+02	12.5290 64.4790 0.2349	
81.360402 271.466556	7.60e-01  9.13e-01  6.11e+02	38.3917 60.3101 0.6523	
81.360402 271.466556	6.88e-01  9.39e-01  6.18e+02	-7.1520 66.8606 0.8389	
81.360402 271.466556	7.59e-01  8.54e-01  6.25e+02	-0.0478 63.0161 0.8493	
81.360402 271.466556	7.90e-01  9.50e-01  5.97e+02	-16.3550 77.2689 0.5145	
81.360402 271.466556	7.39e-01  9.06e-01  6.16e+02	-3.5629 68.0818 0.9587	
81.360402 271.466556	7.63e-01  8.49e-01  6.25e+02	-15.7540 60.9026 0.2966	
81.360402 271.466556	7.95e-01  9.61e-01  5.93e+02	13.4764 79.5457 0.5350	
81.360402 271.466556	8.59e-01  9.38e-01  5.86e+02	17.5647 82.2370 0.0383	
81.360402 271.466556	8.45e-01  8.85e-01  6.00e+02	-17.2232 75.2833 0.9977	
81.360402 271.466556	8.11e-01  9.23e-01  5.99e+02	-48.9189 60.7587 0.4747	
81.360402 271.466556	7.79e-01  9.49e-01  5.99e+02	34.8353 69.6910 0.8991	
81.360402 271.466556	7.59e-01  9.78e-01  5.96e+02	-8.7577 78.9500 0.1469	
81.360402 271.466556	8.08e-01  8.66e-01  6.12e+02	-2.5970 70.9394 0.1171	
81.360402 271.466556	7.50e-01  8.06e-01  6.38e+02	-29.9951 44.3684 0.9431	
81.360402 271.466556	7.36e-01  8.96e-01  6.19e+02	-0.4695 66.4205 0.4406	
81.360402 271.466556	8.28e-01  8.77e-01  6.05e+02	-2.6751 74.5564 0.2512	
81.360402 271.466556	7.60e-01  9.12e-01  6.11e+02	9.6950 70.7036 0.4258	
81.360402 271.466556	8.54e-01  8.85e-01  5.98e+02	16.9275 76.3281 0.0564	
81.360402 271.466556	7.09e-01  9.57e-01  6.10e+02	47.6334 54.0656 0.5983	
81.360402 271.466556	8.50e-01  9.66e-01  5.82e+02	28.1656 81.2826 0.8492	
81.360402 271.466556	8.55e-01  9.04e-01  5.94e+02	2.0118 80.3305 0.9515	
81.360402 271.466556	6.82e-01  8.25e-01  6.47e+02	12.4857 43.4782 0.9271	
81.360402 271.466556	7.39e-01  8.98e-01  6.18e+02	21.8504 63.2720 0.0582	
81.360402 271.466556	7.63e-01  8.95e-01  6.14e+02	-22.6163 65.5486 0.1997	
81.360402 271.466556	6.64e-01  9.48e-01  6.20e+02	24.1405 61.4032 0.8967	
81.360402 271.466556	8.05e-01  8.60e-01  6.14e+02	1.1007 69.6736 0.1564	
81.360402 271.466556	7.94e-01  8.38e-01  6.21e+02	-0.6937 65.3612 0.6228	
81.360402 271.466556	7.18e-01  8.98e-01  6.22e+02	10.9074 63.4939 0.2924	
81.360402 271.466556	7.65e-01  9.83e-01  5.94e+02	-2.6365 80.4378 0.1306	
81.360402 271.466556	7.85e-01  8.59e-01  6.18e+02	13.6567 65.8244 0.4848	
81.360402 271.466556	7.77e-01  8.88e-01  6.13e+02	37.9606 58.9189 0.4275	
81.360402 271.466556	9.34e-01  9.82e-01  5.63e+02	22.0708 91.4202 0.6804	
81.360402 271.466556	8.12e-01  8.31e-01  6.19e+02	-6.8819 66.5190 0.1537	
81.360402 271.466556	8.34e-01  8.95e-01  6.00e+02	12.1501 76.3000 0.6385	
81.360402 271.466556	7.54e-01  8.93e-01  6.16e+02	-28.2675 62.0427 0.7369	
81.360402 271.466556	7.42e-01  9.49e-01  6.06e+02	-9.5598 73.6255 0.3829	
81.360402 271.466556	7.67e-01  9.33e-01  6.05e+02	20.6178 71.8130 0.3892	
81.360402 271.466556	8.12e-01  9.56e-01  5.91e+02	-3.6508 81.6776 0.0394	
81.360402 271.466556	7.61e-01  9.66e-01  5.98e+02	23.1079 74.7089 0.2527	
81.360402 271.466556	8.07e-01  9.85e-01  5.86e+02	-7.5462 84.0102 0.2430	
81.360402 271.466556	7.17e-01  8.68e-01  6.30e+02	17.1200 56.9556 0.0573	
81.360402 271.466556	7.41e-01  8.88e-01  6.20e+02	1.2231 65.7925 0.6070	
81.360402 271.466556	8.29e-01  9.01e-01  6.00e+02	-27.1365 72.3830 0.4582	
81.360402 271.466556	6.83e-01  9.36e-01  6.20e+02	6.8995 65.8271 0.4716	
81.360402 271.466556	7.78e-01  9.65e-01  5.95e+02	-3.6218 79.5483 0.2888	
81.360402 271.466556	7.99e-01  9.86e-01  5.87e+02	3.8948 83.6578 0.8527	
81.360402 271.466556	6.84e-01  8.81e-01  6.33e+02	5.2740 56.9286 0.5944	
81.360402 271.466556	6.48e-01  9.52e-01  6.22e+02	7.7010 64.3462 0.4532	
81.360402 271.466556	6.98e-01  9.83e-01  6.06e+02	-4.9471 74.2150 0.0449	
81.360402 271.466556	7.73e-01  9.52e-01  5.99e+02	15.8416 76.0660 0.6112	
81.360402 271.466556	6.60e-01  9.22e-01  6.27e+02	-3.4159 61.0803 0.7468	
81.360402 271.466556	8.53e-01  9.28e-01  5.89e+02	23.7072 79.0802 0.4951	
81.360402 271.466556	6.86e-01  8.85e-01  6.32e+02	0.6766 58.1537 0.9578	
81.360402 271.466556	7.94e-01  9.48e-01  5.96e+02	-10.3824 78.5309 0.4327	
81.360402 271.466556	6.90e-01  9.01e-01  6.27e+02	-13.1591 60.0322 0.8693	
81.360402 271.466556	8.47e-01  9.08e-01  5.95e+02	-4.2141 79.8189 0.2363	
81.360402 271.466556	7.15e-01  9.15e-01  6.19e+02	-19.2504 63.7388 0.5041	
81.360402 271.466556	7.93e-01  8.40e-01  6.21e+02	-30.4901 57.9137 0.4303	
81.360402 271.466556	8.60e-01  9.29e-01  5.88e+02	16.1292 81.7830 0.3605	
81.360402 271.466556	7.56e-01  8.41e-01  6.28e+02	-19.8613 57.2217 0.7394	
81.360402 271.466556	8.17e-01  8.21e-01  6.20e+02	-2.9358 66.1144 0.8876	
81.360402 271.466556	7.61e-01  8.57e-01  6.24e+02	-3.0662 63.6000 0.5029	
81.360402 271.466556	8.21e-01  9.64e-01  5.88e+02	13.8505 82.1839 0.0607	
81.360402 271.466556	8.18e-01  9.05e-01  6.01e+02	-0.2645 76.6893 0.4977	
81.360402 271.466556	7.49e-01  9.15e-01  6.12e+02	-27.4274 64.9651 0.4846	
81.360402 271.466556	7.95e-01  8.73e-01  6.13e+02	9.5450 69.6258 0.5515	
81.360402 271.466556	7.58e-01  9.61e-01  6.00e+02	-4.9977 77.1470 0.5629	
81.360402 271.466556	7.97e-01  9.41e-01  5.97e+02	-58.9315 52.0711 0.6943	
81.360402 271.466556	7.57e-01  9.10e-01  6.12e+02	-9.5126 70.1960 0.9269	
81.360402 271.466556	7.46e-01  8.29e-01  6.33e+02	-31.6456 47.4968 0.4018	
81.360402 271.466556	7.20e-01  9.45e-01  6.11e+02	24.7069 67.1356 0.6612	
81.360402 271.466556	8.14e-01  9.76e-01  5.86e+02	26.2773 79.7490 0.8595	
81.360402 271.466556	6.46e-01  9.04e-01  6.34e+02	-21.5868 51.7234 0.1100	
81.360402 271.466556	7.06e-01  8.25e-01  6.42e+02	-6.0176 49.3473 0.7260	
81.360402 271.466556	7.73e-01  9.17e-01  6.07e+02	24.9062 69.0535 0.6425	
81.360402 271.466556	7.08e-01  9.47e-01  6.12e+02	22.4955 66.8357 0.9174	
81.360402 271.466556	7.64e-01  8.62e-01  6.22e+02	3.9461 64.7411 0.9038	
81.360402 271.466556	7.73e-01  8.09e-01  6.32e+02	-11.7275 56.7044 0.2858	
81.360402 271.466556	8.28e-01  9.05e-01  5.99e+02	-2.8225 77.7382 0.8678	
81.360402 271.466556	8.27e-01  8.54e-01  6.10e+02	-19.9732 68.8282 0.9914	
81.360402 271.466556	6.70e-01  9.26e-01  6.24e+02	2.4783 63.1151 0.1270	
81.360402 271.466556	6.86e-01  8.74e-01  6.34e+02	-11.6578 54.9182 0.4071	
81.360402 271.466556	7.76e-01  8.68e-01  6.18e+02	-2.3083 67.2117 0.3736	
81.360402 271.466556	7.05e-01  9.41e-01  6.14e+02	8.4149 68.8256 0.0042	
81.360402 271.466556	7.59e-01  9.05e-01  6.13e+02	-17.9719 67.9121 0.1447	
81.360402 271.466556	6.89e-01  9.06e-01  6.26e+02	-13.2028 60.7795 0.1449	
81.360402 271.466556	8.35e-01  9.59e-01  5.86e+02	46.2223 70.2211 0.9547	
81.360402 271.466556	8.15e-01  9.09e-01  6.01e+02	-20.2746 74.1908 0.2456	
81.360402 271.466556	7.92e-01  9.35e-01  6.00e+02	-26.6304 72.7984 0.8158	
81.360402 271.466556	8.05e-01  9.35e-01  5.97e+02	10.9858 77.9527 0.0103	
81.360402 271.466556	7.63e-01  9.30e-01  6.06e+02	43.3299 59.9419 0.2566	
81.360402 271.466556	7.76e-01  9.28e-01  6.04e+02	39.5523 63.8747 0.5990	
81.360402 271.466556	9.29e-01  9.73e-01  5.66e+02	12.1248 92.1381 0.7741	
81.360402 271.466556	7.50e-01  9.57e-01  6.02e+02	22.1960 72.7411 0.5404	
81.360402 271.466556	6.15e-01  9.73e-01  6.22e+02	36.1067 53.6251 0.8230	
81.360402 271.466556	7.39e-01  9.56e-01  6.05e+02	-37.5969 64.6346 0.5611	
81.360402 271.466556	7.80e-01  9.33e-01  6.02e+02	-38.8246 65.3777 0.8638	
81.360402 271.466556	7.23e-01  8.19e-01  6.40e+02	-4.4555 51.2571 0.0191	
81.360402 271.466556	7.66e-01  9.44e-01  6.02e+02	-8.1396 75.5841 0.9885	
81.360402 271.466556	8.75e-01  9.55e-01  5.80e+02	3.1931 86.9819 0.0178	
81.360402 271.466556	7.43e-01  8.47e-01  6.29e+02	35.8049 47.7903 0.4682	
81.360402 271.466556	8.51e-01  9.42e-01  5.87e+02	-4.6274 83.7133 0.8993	
81.360402 271.466556	7.59e-01  9.46e-01  6.03e+02	-27.3388 70.4237 0.5510	
81.360402 271.466556	8.48e-01  8.84e-01  6.00e+02	30.0263 71.4848 0.6830	
81.360402 271.466556	7.99e-01  9.73e-01  5.90e+02	-12.9197 81.2808 0.2530	
81.360402 271.466556	8.44e-01  8.83e-01  6.01e+02	-7.9209 76.5000 0.0755	
81.360402 271.466556	8.12e-01  9.24e-01  5.98e+02	21.1860 75.3064 0.5614	
81.360402 271.466556	8.21e-01  9.76e-01  5.85e+02	10.9772 83.9348 0.0692	
81.360402 271.466556	7.44e-01  9.39e-01  6.08e+02	-4.2563 73.1168 0.4905	
81.360402 271.466556	7.46e-01  8.30e-01  6.33e+02	13.4972 55.5902 0.7443	
81.360402 271.466556	8.17e-01  9.64e-01  5.88e+02	34.6281 75.4942 0.2344	
81.360402 271.466556	7.27e-01  8.98e-01  6.21e+02	-26.3353 60.0246 0.7728	
81.360402 271.466556	8.02e-01  8.42e-01  6.18e+02	19.1510 64.2067 0.1694	
81.360402 271.466556	8.08e-01  9.05e-01  6.03e+02	13.7981 74.4323 0.3344	
81.360402 271.466556	7.33e-01  9.65e-01  6.04e+02	-4.7119 75.2680 0.6144	
81.360402 271.466556	6.56e-01  9.17e-01  6.29e+02	1.1066 59.8209 0.2043	
81.360402 271.466556	8.21e-01  9.52e-01  5.90e+02	27.0861 77.5653 0.7965	
81.360402 271.466556	6.65e-01  9.12e-01  6.29e+02	11.1525 58.9224 0.5668	
81.360402 271.466556	7.64e-01  9.45e-01  6.03e+02	5.8432 75.7247 0.8345	
81.360402 271.466556	7.68e-01  9.61e-01  5.98e+02	-5.4281 78.0701 0.9714	
81.360402 271.466556	8.34e-01  9.52e-01  5.88e+02	38.6726 73.7438 0.0571	
81.360402 271.466556	8.02e-01  8.69e-01  6.12e+02	-11.0745 69.6878 0.6832	
81.360402 271.466556	6.54e-01  9.46e-01  6.22e+02	-11.3456 63.5647 0.9218	
81.360402 271.466556	7.06e-01  8.49e-01  6.37e+02	-1.1026 54.3074 0.5835	
81.360402 271.466556	5.73e-01  9.53e-01  6.34e+02	21.4480 52.0884 0.0637	
81.360402 271.466556	6.74e-01  8.96e-01  6.31e+02	37.6024 44.9073 0.2516	
81.360402 271.466556	8.17e-01  9.39e-01  5.94e+02	-17.1819 78.5433 0.5908	
81.360402 271.466556	7.84e-01  9.42e-01  5.99e+02	56.1037 53.5755 0.3214	
81.360402 271.466556	7.94e-01  8.45e-01  6.19e+02	-13.6207 64.9982 0.4786	
81.360402 271.466556	7.54e-01  8.90e-01  6.17e+02	-4.8584 67.4971 0.3374	
81.360402 271.466556	8.09e-01  8.98e-01  6.05e+02	27.8588 69.5109 0.3301	
81.360402 271.466556	7.71e-01  9.03e-01  6.11e+02	-21.5353 68.0428 0.8745	
81.360402 271.466556	7.99e-01  9.53e-01  5.94e+02	16.4667 78.4936 0.2732	
81.360402 271.466556	7.80e-01  8.29e-01  6.26e+02	-8.6173 61.5036 0.7885	
81.360402 271.466556	8.30e-01  9.02e-01  5.99e+02	-29.0369 71.9621 0.9295	
81.360402 271.466556	8.94e-01  9.01e-01  5.87e+02	-10.2612 83.0831 0.7466	
81.360402 271.466556	6.84e-01  9.23e-01  6.23e+02	26.6807 58.3979 0.3646	
81.360402 271.466556	8.02e-01  8.41e-01  6.19e+02	-13.2947 65.4601 0.9478	
81.360402 271.466556	7.29e-01  9.41e-01  6.10e+02	15.5729 70.1415 0.8875	
81.360402 271.466556	8.40e-01  8.70e-01  6.04e+02	15.3013 73.4435 0.0485	
81.360402 271.466556	5.39e-01  9.24e-01  6.48e+02	-7.1795 44.3084 0.3824	
81.360402 271.466556	9.07e-01  9.65e-01  5.72e+02	30.1653 85.3798 0.7051	
81.360402 271.466556	8.10e-01  9.24e-01  5.99e+02	20.2751 75.3227 0.7717	
81.360402 271.466556	7.86e-01  8.76e-01  6.14e+02	-31.8713 61.8676 0.8973	
81.360402 271.466556	8.29e-01  9.42e-01  5.91e+02	4.6703 81.6537 0.7642	
81.360402 271.466556	7.09e-01  9.15e-01  6.20e+02	13.0463 64.7008 0.3178	
81.360402 271.466556	7.08e-01  9.66e-01  6.08e+02	3.6458 73.0446 0.4934	
81.360402 271.466556	8.96e-01  9.61e-01  5.74e+02	14.7463 88.0758 0.0014	
81.360402 271.466556	7.54e-01  9.24e-01  6.09e+02	-6.7981 72.0109 0.4435	
81.360402 271.466556	7.76e-01  8.43e-01  6.24e+02	4.0060 63.5433 0.4593	
81.360402 271.466556	7.75e-01  9.46e-01  6.00e+02	-13.7328 75.9010 0.5735	
81.360402 271.466556	7.12e-01  9.34e-01  6.15e+02	-12.0130 68.1772 0.1842	
81.360402 271.466556	7.98e-01  8.87e-01  6.09e+02	-42.2093 58.8284 0.4224	
81.360402 271.466556	7.57e-01  8.75e-01  6.20e+02	-1.5819 65.8652 0.6794	
81.360402 271.466556	7.51e-01  9.39e-01  6.06e+02	-13.7897 72.6114 0.7644	
81.360402 271.466556	7.69e-01  9.12e-01  6.09e+02	-35.3011 63.1940 0.9123	
81.360402 271.466556	7.45e-01  9.29e-01  6.10e+02	11.8057 71.0337 0.7353	
81.360402 271.466556	7.61e-01  9.40e-01  6.04e+02	-29.2198 69.1430 0.1620	
81.360402 271.466556	7.49e-01  8.92e-01  6.18e+02	14.5470 65.7416 0.0035	
81.360402 271.466556	7.65e-01  9.21e-01  6.08e+02	6.8450 72.7789 0.6412	
81.360402 271.466556	8.06e-01  9.27e-01  5.99e+02	38.4911 67.8519 0.4658	
81.360402 271.466556	7.59e-01  9.74e-01  5.97e+02	2.4610 78.8408 0.2838	
81.360402 271.466556	6.23e-01  9.22e-01  6.34e+02	-17.2247 53.7358 0.0923	
81.360402 271.466556	7.75e-01  8.81e-01  6.15e+02	42.2717 54.4570 0.1401	
81.360402 271.466556	8.43e-01  9.38e-01  5.89e+02	0.3458 82.6719 0.3740	
81.360402 271.466556	6.54e-01  8.96e-01  6.35e+02	-9.8009 54.7487 0.4860	
81.360402 271.466556	7.60e-01  9.54e-01  6.01e+02	-13.5085 75.4504 0.1752	
81.360402 271.466556	9.10e-01  9.60e-01  5.72e+02	27.1841 86.1923 0.6679	
81.360402 271.466556	7.70e-01  9.23e-01  6.06e+02	17.5310 71.7800 0.0093	
81.360402 271.466556	6.95e-01  9.08e-01  6.24e+02	35.3011 52.4086 0.7786	
81.360402 271.466556	7.94e-01  9.31e-01  6.00e+02	-18.1966 75.1391 0.2238	
81.360402 271.466556	7.04e-01  8.65e-01  6.33e+02	-23.7044 51.9305 0.8611	
81.360402 271.466556	8.68e-01  9.82e-01  5.75e+02	-32.7637 82.6594 0.8546	
81.360402 271.466556	7.46e-01  9.05e-01  6.15e+02	-36.6464 58.3825 0.9864	
81.360402 271.466556	8.95e-01  9.32e-01  5.80e+02	6.7004 86.4906 0.2415	
81.360402 271.466556	6.70e-01  9.22e-01  6.25e+02	23.7116 57.7481 0.1461	
81.360402 271.466556	8.23e-01  9.74e-01  5.85e+02	-9.7312 83.9650 0.0468	
81.360402 271.466556	7.86e-01  9.11e-01  6.06e+02	-1.1379 73.9761 0.4384	
81.360402 271.466556	7.26e-01  9.29e-01  6.13e+02	2.3487 70.0194 0.7592	
81.360402 271.466556	6.77e-01  9.36e-01  6.21e+02	30.0648 58.2818 0.0936	
81.360402 271.466556	7.04e-01  8.57e-01  6.35e+02	15.3096 53.4558 0.6117	
81.360402 271.466556	6.78e-01  9.05e-01  6.28e+02	14.9880 58.6769 0.7943	
81.360402 271.466556	7.13e-01  9.75e-01  6.05e+02	-32.5765 67.3243 0.3577	
81.360402 271.466556	6.78e-01  8.76e-01  6.35e+02	-18.3222 52.2728 0.7760	
81.360402 271.466556	7.67e-01  8.35e-01  6.27e+02	-6.6505 60.8295 0.0081	
81.360402 271.466556	7.05e-01  8.62e-01  6.34e+02	-6.6504 56.2548 0.5182	
81.360402 271.466556	6.88e-01  9.61e-01  6.13e+02	-35.7237 60.6869 0.3267	
81.360402 271.466556	7.42e-01  8.30e-01  6.34e+02	-0.6419 56.6598 0.6597	
81.360402 271.466556	6.73e-01  8.97e-01  6.31e+02	3.9919 58.3858 0.0760	
81.360402 271.466556	7.20e-01  9.87e-01  6.01e+02	6.1449 76.7692 0.4276	
81.360402 271.466556	7.40e-01  8.79e-01  6.23e+02	12.4039 63.1057 0.2288	
81.360402 271.466556	8.77e-01  9.07e-01  5.89e+02	11.7846 81.8331 0.6582	
81.360402 271.466556	9.15e-01  9.65e-01  5.70e+02	-36.1565 83.8149 0.3391	
81.360402 271.466556	7.77e-01  8.69e-01  6.17e+02	-28.0771 61.3963 0.3598	
81.360402 271.466556	7.48e-01  8.93e-01  6.18e+02	27.4155 61.5044 0.3930	
81.360402 271.466556	6.75e-01  9.15e-01  6.26e+02	0.2494 61.9254 0.2846	
81.360402 271.466556	7.99e-01  8.30e-01  6.21e+02	1.7954 64.9858 0.2212	
81.360402 271.466556	8.22e-01  9.32e-01  5.94e+02	-16.3112 78.4204 0.4507	
81.360402 271.466556	8.13e-01  8.70e-01  6.10e+02	-15.3175 70.3294 0.1644	
81.360402 271.466556	7.14e-01  9.20e-01  6.18e+02	17.5865 65.0136 0.1085	
81.360402 271.466556	7.84e-01  8.33e-01  6.24e+02	-22.8969 59.1236 0.1300	
81.360402 271.466556	6.91e-01  9.62e-01  6.12e+02	-19.8597 68.0543 0.4221	
81.360402 271.466556	7.84e-01  9.35e-01  6.01e+02	13.5752 75.5720 0.2040	
81.360402 271.466556	7.69e-01  9.19e-01  6.08e+02	3.3840 73.1561 0.6380	
81.360402 271.466556	8.02e-01  9.31e-01  5.99e+02	-20.2430 75.3488 0.0496	
81.360402 271.466556	7.93e-01  8.61e-01  6.16e+02	0.4838 68.4519 0.3449	
81.360402 271.466556	8.66e-01  9.29e-01  5.87e+02	-3.2557 83.8258 0.5195	
81.360402 271.466556	7.70e-01  8.69e-01  6.19e+02	-9.4070 65.8882 0.1453	
81.360402 271.466556	7.29e-01  8.97e-01  6.20e+02	13.7348 64.2037 0.5576	
81.360402 271.466556	7.54e-01  9.53e-01  6.02e+02	1.5794 75.9959 0.2677	
81.360402 271.466556	7.74e-01  8.51e-01  6.22e+02	8.8240 64.0091 0.4575	
81.360402 271.466556	5.84e-01  9.28e-01  6.39e+02	4.6576 52.1311 0.7378	
81.360402 271.466556	7.59e-01  9.14e-01  6.11e+02	-6.8122 71.2214 0.3310	
81.360402 271.466556	7.57e-01  9.12e-01  6.12e+02	-2.3116 70.9618 0.5548	
81.360402 271.466556	6.27e-01  9.20e-01  6.34e+02	-14.6605 54.7984 0.1784	
81.360402 271.466556	6.16e-01  9.49e-01  6.28e+02	-2.2205 60.6291 0.1192	
81.360402 271.466556	6.84e-01  9.14e-01  6.25e+02	2.3521 62.8459 0.9066	
81.360402 271.466556	7.89e-01  8.34e-01  6.23e+02	-5.7493 63.8741 0.7300	
81.360402 271.466556	7.12e-01  9.06e-01  6.21e+02	-10.6415 64.1511 0.1661	
81.360402 271.466556	6.79e-01  9.01e-01  6.29e+02	25.2178 54.3997 0.2033	
81.360402 271.466556	8.66e-01  8.97e-01  5.93e+02	-15.9371 79.1487 0.2409	
81.360402 271.466556	8.48e-01  9.28e-01  5.90e+02	7.1888 81.8018 0.1318	
81.360402 271.466556	6.61e-01  9.07e-01  6.31e+02	8.9972 58.0264 0.8374	
81.360402 271.466556	8.57e-01  9.63e-01  5.81e+02	8.9712 85.8548 0.4124	
81.360402 271.466556	8.50e-01  9.56e-01  5.84e+02	7.6210 84.7582 0.0961	
81.360402 271.466556	7.44e-01  8.51e-01  6.28e+02	-6.8146 60.0529 0.5423	
81.360402 271.466556	7.24e-01  9.57e-01  6.07e+02	-7.2727 73.1364 0.4802	
81.360402 271.466556	7.85e-01  9.37e-01  6.01e+02	1.2305 77.0041 0.3108	
81.360402 271.466556	7.40e-01  8.25e-01  6.35e+02	-14.3217 53.5612 0.1432	
81.360402 271.466556	7.00e-01  9.74e-01  6.07e+02	9.1247 72.8344 0.4230	
81.360402 271.466556	8.19e-01  9.14e-01  5.99e+02	12.6244 76.6840 0.4331	
81.360402 271.466556	6.95e-01  9.56e-01  6.13e+02	-11.8319 69.4662 0.0391	
81.360402 271.466556	8.46e-01  8.98e-01  5.97e+02	41.8393 66.7565 0.9404	
81.360402 271.466556	6.64e-01  9.34e-01  6.23e+02	16.6963 61.5505 0.3363	
81.360402 271.466556	8.05e-01  9.18e-01  6.01e+02	8.3644 76.3791 0.1125	
81.360402 271.466556	7.89e-01  8.73e-01  6.14e+02	28.9966 63.1315 0.8611	
81.360402 271.466556	7.80e-01  9.66e-01  5.95e+02	21.4514 76.9284 0.7447	
81.360402 271.466556	6.37e-01  9.06e-01  6.35e+02	-11.7707 54.0310 0.5456	
81.360402 271.466556	7.23e-01  9.64e-01  6.05e+02	-17.5803 72.3144 0.8173	
81.360402 271.466556	7.37e-01  9.07e-01  6.17e+02	-4.9055 67.9044 0.1334	
81.360402 271.466556	7.25e-01  9.20e-01  6.16e+02	-33.6002 59.8374 0.5016	
81.360402 271.466556	7.80e-01  8.71e-01  6.16e+02	-6.4549 67.8847 0.2373	
81.360402 271.466556	6.09e-01  8.65e-01  6.52e+02	0.2100 40.8870 0.4380	
81.360402 271.466556	6.82e-01  9.21e-01  6.24e+02	10.4615 62.7739 0.3087	
81.360402 271.466556	8.66e-01  9.50e-01  5.82e+02	-22.3390 82.8855 0.1264	
81.360402 271.466556	7.57e-01  8.67e-01  6.22e+02	-14.8791 62.9907 0.3491	
81.360402 271.466556	6.99e-01  9.47e-01  6.14e+02	3.5761 69.5437 0.5986	
81.360402 271.466556	8.06e-01  8.78e-01  6.10e+02	-12.1623 71.1323 0.4091	
81.360402 271.466556	7.36e-01  8.20e-01  6.37e+02	4.0573 53.6068 0.6296	
81.360402 271.466556	8.97e-01  9.50e-01  5.76e+02	24.2034 85.0729 0.2648	
81.360402 271.466556	8.05e-01  9.28e-01  5.98e+02	-36.6206 68.9704 0.5963	
81.360402 271.466556	8.25e-01  9.30e-01  5.94e+02	17.7499 78.1758 0.4215	
81.360402 271.466556	8.00e-01  8.88e-01  6.08e+02	-5.8848 72.5223 0.5378	
81.360402 271.466556	7.77e-01  8.78e-01  6.16e+02	-15.2431 66.9890 0.9355	
81.360402 271.466556	6.67e-01  9.06e-01  6.30e+02	3.4185 59.2213 0.2795	
81.360402 271.466556	7.77e-01  9.77e-01  5.93e+02	10.4452 80.2592 0.9907	
81.360402 271.466556	6.93e-01  9.47e-01  6.15e+02	-6.4353 68.6175 0.0975	
81.360402 271.466556	7.35e-01  9.11e-01  6.16e+02	-10.3136 67.6622 0.6251	
81.360402 271.466556	7.96e-01  8.85e-01  6.10e+02	8.8318 71.3265 0.1781	
81.360402 271.466556	8.20e-01  9.03e-01  6.01e+02	-18.1784 74.5650 0.0074	
81.360402 271.466556	7.01e-01  9.70e-01  6.08e+02	0.8608 72.9522 0.7624	
81.360402 271.466556	8.43e-01  9.31e-01  5.91e+02	-3.9808 81.8349 0.1265	
81.360402 271.466556	7.16e-01  8.78e-01  6.27e+02	-12.7236 59.7714 0.6549	
81.360402 271.466556	7.89e-01  8.46e-01  6.20e+02	-18.3350 63.2062 0.3752	
81.360402 271.466556	7.43e-01  9.45e-01  6.07e+02	-14.9853 72.2472 0.9659	
81.360402 271.466556	8.24e-01  8.83e-01  6.05e+02	-49.0644 56.4838 0.1014	
81.360402 271.466556	8.29e-01  9.23e-01  5.95e+02	-8.2256 79.3618 0.2783	
81.360402 271.466556	7.69e-01  9.27e-01  6.06e+02	18.6254 71.7964 0.7250	
81.360402 271.466556	7.44e-01  8.83e-01  6.21e+02	-23.3212 61.1720 0.2183	
81.360402 271.466556	7.63e-01  8.83e-01  6.17e+02	-3.5906 67.7605 0.6379	
81.360402 271.466556	7.51e-01  8.28e-01  6.32e+02	-4.2919 57.4244 0.7772	
81.360402 271.466556	8.30e-01  8.64e-01  6.08e+02	-7.3146 72.8872 0.4060	
81.360402 271.466556	7.87e-01  9.33e-01  6.01e+02	0.8003 76.8008 0.8648	
81.360402 271.466556	6.54e-01  8.75e-01  6.40e+02	18.2393 48.0363 0.6026	
81.360402 271.466556	8.54e-01  9.20e-01  5.91e+02	-24.1689 78.2652 0.6955	
81.360402 271.466556	7.31e-01  9.26e-01  6.13e+02	12.0082 69.0825 0.4584	
81.360402 271.466556	7.78e-01  8.89e-01  6.13e+02	-25.1273 65.6130 0.5340	
81.360402 271.466556	7.30e-01  9.11e-01  6.17e+02	-19.9039 64.8403 0.1979	
81.360402 271.466556	7.76e-01  9.28e-01  6.04e+02	25.0313 70.7383 0.5661	
81.360402 271.466556	8.64e-01  9.59e-01  5.81e+02	13.5015 85.5506 0.2072	
81.360402 271.466556	8.62e-01  8.96e-01  5.94e+02	-30.2012 74.2851 0.7987	
81.360402 271.466556	8.16e-01  9.72e-01  5.87e+02	2.3414 83.7146 0.9285	
81.360402 271.466556	6.62e-01  8.83e-01  6.37e+02	0.5486 54.1801 0.8272	
81.360402 271.466556	7.33e-01  9.32e-01  6.11e+02	-19.4501 68.3717 0.8341	
81.360402 271.466556	6.94e-01  9.26e-01  6.20e+02	-13.1113 64.6316 0.6273	
81.360402 271.466556	7.45e-01  8.52e-01  6.28e+02	-9.9223 60.0445 0.3286	
81.360402 271.466556	7.81e-01  8.14e-01  6.29e+02	-14.4064 58.1809 0.2891	
81.360402 271.466556	6.95e-01  8.32e-01  6.43e+02	16.4280 46.4345 0.7923	
81.360402 271.466556	7.93e-01  9.07e-01  6.06e+02	-45.0123 59.2148 0.1826	
81.360402 271.466556	7.38e-01  8.21e-01  6.37e+02	-25.0101 48.3451 0.8680	
81.360402 271.466556	6.72e-01  9.17e-01  6.26e+02	-2.7108 61.7597 0.4245	
81.360402 271.466556	7.93e-01  9.22e-01  6.02e+02	-15.2958 74.5951 0.9757	
81.360402 271.466556	6.98e-01  8.88e-01  6.29e+02	8.3582 59.7742 0.0560	
81.360402 271.466556	8.19e-01  9.53e-01  5.91e+02	-20.8410 79.3409 0.8812	
81.360402 271.466556	8.20e-01  8.64e-01  6.10e+02	25.1324 67.4937 0.3604	
81.360402 271.466556	7.68e-01  8.24e-01  6.29e+02	-4.7064 59.4914 0.4390	
81.360402 271.466556	6.80e-01  9.01e-01  6.29e+02	9.9825 59.2016 0.3154	
81.360402 271.466556	8.14e-01  8.81e-01  6.07e+02	-2.7938 73.3478 0.8539	
81.360402 271.466556	8.78e-01  9.48e-01  5.80e+02	-42.1902 75.7733 0.8256	
81.360402 271.466556	8.58e-01  9.20e-01  5.90e+02	-14.1705 81.0903 0.4432	
81.360402 271.466556	7.34e-01  8.72e-01  6.25e+02	7.6030 62.0009 0.3561	
81.360402 271.466556	8.45e-01  9.14e-01  5.94e+02	-8.8943 79.8625 0.4382	
81.360402 271.466556	7.57e-01  8.56e-01  6.24e+02	-15.2659 61.2321 0.0782	
81.360402 271.466556	8.98e-01  9.51e-01  5.76e+02	40.2773 78.9252 0.7988	
81.360402 271.466556	8.73e-01  9.82e-01  5.74e+02	-20.4072 87.0381 0.9827	
81.360402 271.466556	7.40e-01  9.37e-01  6.09e+02	11.6645 71.5668 0.4889	
81.360402 271.466556	7.91e-01  8.98e-01  6.08e+02	1.7243 72.8898 0.1138	
81.360402 271.466556	7.45e-01  8.44e-01  6.30e+02	-27.5412 52.6332 0.0169	
81.360402 271.466556	7.58e-01  9.51e-01  6.02e+02	26.2893 71.3546 0.2898	
81.360402 271.466556	7.31e-01  8.32e-01  6.36e+02	7.0330 54.7668 0.5544	
81.360402 271.466556	8.27e-01  8.94e-01  6.02e+02	16.5350 74.6074 0.3218	
81.360402 271.466556	8.16e-01  8.48e-01  6.14e+02	-28.5417 63.4591 0.5720	
81.360402 271.466556	7.20e-01  9.28e-01  6.15e+02	-1.0750 69.2323 0.9390	
81.360402 271.466556	7.71e-01  8.52e-01  6.23e+02	16.1705 62.1575 0.8847	
81.360402 271.466556	8.49e-01  8.82e-01  6.00e+02	-28.2702 72.0525 0.4387	
81.360402 271.466556	7.50e-01  8.56e-01  6.26e+02	3.5398 61.8907 0.3036	
81.360402 271.466556	8.17e-01  9.84e-01  5.84e+02	3.5114 84.9489 0.7433	
81.360402 271.466556	6.63e-01  8.86e-01  6.36e+02	-11.5944 53.8006 0.0674	
81.360402 271.466556	6.93e-01  9.52e-01  6.14e+02	23.0690 65.8062 0.9623	
81.360402 271.466556	7.55e-01  8.52e-01  6.26e+02	25.9342 56.4518 0.5711	
81.360402 271.466556	7.04e-01  9.31e-01  6.17e+02	-6.8988 67.3993 0.0997	
81.360402 271.466556	7.80e-01  9.08e-01  6.08e+02	2.6875 73.0569 0.8539	
81.360402 271.466556	7.68e-01  9.68e-01  5.97e+02	18.5458 76.8828 0.6384	
81.360402 271.466556	8.59e-01  8.92e-01  5.96e+02	3.6946 79.3610 0.6188	
81.360402 271.466556	7.34e-01  9.39e-01  6.10e+02	-16.7105 70.1691 0.5205	
81.360402 271.466556	7.48e-01  8.50e-01  6.28e+02	12.8655 59.5739 0.8071	
81.360402 271.466556	7.47e-01  9.28e-01  6.10e+02	21.6410 68.6712 0.4566	
81.360402 271.466556	7.85e-01  9.64e-01  5.94e+02	-18.9972 77.8862 0.3347	
81.360402 271.466556	6.13e-01  9.20e-01  6.36e+02	-12.9848 53.1800 0.3755	
81.360402 271.466556	7.96e-01  8.52e-01  6.17e+02	7.4225 67.1232 0.7459	
81.360402 271.466556	7.63e-01  8.61e-01  6.22e+02	-5.3796 64.4466 0.4611	
81.360402 271.466556	7.71e-01  8.69e-01  6.19e+02	-37.6926 55.0967 0.3858	
81.360402 271.466556	6.71e-01  9.35e-01  6.22e+02	-22.5674 60.7433 0.6317	
81.360402 271.466556	8.09e-01  9.16e-01  6.01e+02	-19.6055 74.5005 0.1427	
81.360402 271.466556	6.92e-01  9.63e-01  6.11e+02	-33.1068 62.9620 0.3933	
81.360402 271.466556	7.30e-01  8.58e-01  6.29e+02	-30.5594 51.3028 0.7568	
81.360402 271.466556	8.87e-01  9.61e-01  5.76e+02	-19.2018 86.5734 0.1917	
81.360402 271.466556	8.30e-01  9.58e-01  5.87e+02	9.6446 82.9330 0.9467	
81.360402 271.466556	8.28e-01  9.22e-01  5.96e+02	2.3454 79.4799 0.2402	
81.360402 271.466556	7.15e-01  9.76e-01  6.04e+02	1.4953 75.1032 0.6394	
81.360402 271.466556	8.91e-01  9.80e-01  5.71e+02	-14.0143 89.4900 0.0793	
81.360402 271.466556	7.89e-01  8.36e-01  6.22e+02	-12.3125 63.2006 0.4251	
81.360402 271.466556	8.38e-01  9.00e-01  5.98e+02	11.1994 77.4049 0.8095	
81.360402 271.466556	7.73e-01  9.17e-01  6.07e+02	-11.4291 72.5566 0.1630	
81.360402 271.466556	8.04e-01  9.00e-01  6.05e+02	27.8985 69.2437 0.7469	
81.360402 271.466556	7.42e-01  8.32e-01  6.33e+02	3.9893 56.8521 0.6964	
81.360402 271.466556	7.70e-01  9.22e-01  6.07e+02	-7.0725 73.3043 0.6999	
81.360402 271.466556	7.82e-01  9.41e-01  6.00e+02	-0.5478 77.2407 0.3394	
81.360402 271.466556	7.55e-01  8.97e-01  6.16e+02	1.6264 68.6817 0.1259	
81.360402 271.466556	7.24e-01  7.98e-01  6.45e+02	-6.9034 46.8536 0.6167	
81.360402 271.466556	7.57e-01  9.49e-01  6.03e+02	-6.0937 75.5022 0.5804	
81.360402 271.466556	8.14e-01  9.49e-01  5.92e+02	-26.9596 76.5266 0.7316	
81.360402 271.466556	7.15e-01  9.24e-01  6.17e+02	-1.3565 67.9276 0.5537	
81.360402 271.466556	8.72e-01  9.69e-01  5.77e+02	2.3598 88.0753 0.4425	
81.360402 271.466556	7.62e-01  8.70e-01  6.20e+02	-12.9484 64.4150 0.0926	
81.360402 271.466556	7.97e-01  9.93e-01  5.86e+02	-17.1569 82.5805 0.8366	
81.360402 271.466556	7.66e-01  9.48e-01  6.01e+02	-35.8976 67.6431 0.1843	
81.360402 271.466556	7.17e-01  9.91e-01  6.00e+02	-12.0413 76.2719 0.4210	
81.360402 271.466556	8.26e-01  9.13e-01  5.98e+02	-0.7347 78.4372 0.2353	
81.360402 271.466556	7.96e-01  9.22e-01  6.02e+02	9.5732 75.7220 0.9810	
81.360402 271.466556	5.57e-01  9.68e-01  6.33e+02	23.0248 52.5827 0.2110	
81.360402 271.466556	8.20e-01  8.93e-01  6.03e+02	-33.9818 67.4426 0.5508	
81.360402 271.466556	8.19e-01  9.60e-01  5.89e+02	-8.5139 82.2772 0.4318	
81.360402 271.466556	7.38e-01  9.12e-01  6.15e+02	-4.9533 68.6951 0.5310	
81.360402 271.466556	6.56e-01  9.04e-01  6.33e+02	-22.3404 52.9111 0.5370	
81.360402 271.466556	8.10e-01  8.68e-01  6.11e+02	5.7529 71.1600 0.5076	
81.360402 271.466556	8.52e-01  9.58e-01  5.83e+02	-11.7878 84.6066 0.8014	
81.360402 271.466556	7.61e-01  9.24e-01  6.08e+02	13.0859 71.8664 0.3652	
81.360402 271.466556	7.24e-01  8.52e-01  6.32e+02	0.8442 57.7537 0.4285	
81.360402 271.466556	8.43e-01  9.30e-01  5.91e+02	37.5418 72.8231 0.3091	
81.360402 271.466556	7.51e-01  8.89e-01  6.18e+02	-27.6487 61.3168 0.7335	
81.360402 271.466556	7.33e-01  8.99e-01  6.19e+02	12.0277 65.3599 0.3761	
81.360402 271.466556	8.09e-01  8.97e-01  6.05e+02	2.1504 74.7989 0.5458	
81.360402 271.466556	6.67e-01  9.29e-01  6.24e+02	-15.0110 61.2996 0.4352	
81.360402 271.466556	7.12e-01  9.39e-01  6.14e+02	15.8920 68.0335 0.0050	
81.360402 271.466556	7.91e-01  8.79e-01  6.12e+02	-7.7460 70.1583 0.9361	
81.360402 271.466556	7.53e-01  9.23e-01  6.10e+02	-24.0299 67.9008 0.2897	
81.360402 271.466556	7.56e-01  9.36e-01  6.06e+02	-13.4227 72.8949 0.4074	
81.360402 271.466556	8.49e-01  8.74e-01  6.02e+02	-28.1492 71.0570 0.5721	
81.360402 271.466556	7.82e-01  8.70e-01  6.16e+02	-10.0678 67.6082 0.5704	
81.360402 271.466556	7.61e-01  9.72e-01  5.97e+02	-22.1592 75.6821 0.8503	
81.360402 271.466556	6.74e-01  8.90e-01  6.33e+02	18.8402 54.0113 0.7165	
81.360402 271.466556	6.45e-01  9.09e-01  6.33e+02	-6.7462 56.5864 0.4371	
81.360402 271.466556	7.46e-01  8.89e-01  6.19e+02	-7.5687 66.1639 0.4894	
81.360402 271.466556	8.54e-01  9.38e-01  5.87e+02	-18.8085 81.5235 0.9069	
81.360402 271.466556	7.21e-01  9.31e-01  6.14e+02	-18.7935 67.1052 0.8866	
81.360402 271.466556	7.31e-01  9.11e-01  6.17e+02	-1.6000 67.8957 0.1805	
81.360402 271.466556	8.49e-01  9.13e-01  5.93e+02	-19.6214 78.2014 0.8703	
81.360402 271.466556	7.72e-01  9.05e-01  6.10e+02	0.2927 71.7616 0.8725	
81.360402 271.466556	7.41e-01  9.38e-01  6.08e+02	-9.3987 72.1488 0.2653	
81.360402 271.466556	6.92e-01  9.80e-01  6.07e+02	-5.3469 73.2716 0.5442	
81.360402 271.466556	7.41e-01  9.41e-01  6.08e+02	-0.3431 73.2245 0.5652	
81.360402 271.466556	8.60e-01  9.40e-01  5.85e+02	-0.9390 84.4415 0.1714	
81.360402 271.466556	9.13e-01  9.50e-01  5.73e+02	-23.3501 86.7057 0.6296	
81.360402 271.466556	8.13e-01  8.75e-01  6.09e+02	2.7939 72.6181 0.9339	
81.360402 271.466556	6.61e-01  8.85e-01  6.36e+02	-8.5516 54.0020 0.7912	
81.360402 271.466556	6.63e-01  9.60e-01  6.17e+02	16.6570 65.6966 0.2445	
81.360402 271.466556	7.68e-01  9.30e-01  6.05e+02	5.4585 74.3211 0.3257	
81.360402 271.466556	6.91e-01  9.25e-01  6.21e+02	22.8727 61.2926 0.4467	
81.360402 271.466556	6.40e-01  8.46e-01  6.50e+02	6.6053 41.6235 0.4618	
81.360402 271.466556	5.79e-01  9.66e-01  6.30e+02	-12.1131 58.3961 0.0969	
81.360402 271.466556	7.45e-01  9.19e-01  6.12e+02	2.4827 70.6440 0.8240	
81.360402 271.466556	8.46e-01  8.94e-01  5.98e+02	3.5035 78.2637 0.5418	
81.360402 271.466556	7.55e-01  8.20e-01  6.33e+02	10.0289 56.0686 0.8248	
81.360402 271.466556	8.33e-01  9.71e-01  5.84e+02	19.1096 82.9232 0.6598	
81.360402 271.466556	7.89e-01  9.23e-01  6.03e+02	30.8245 69.1890 0.1707	
81.360402 271.466556	8.26e-01  9.04e-01  6.00e+02	-5.8847 77.2106 0.6260	
81.360402 271.466556	8.03e-01  9.42e-01  5.96e+02	-9.7725 78.7755 0.2839	
81.360402 271.466556	6.83e-01  9.24e-01  6.23e+02	-3.2265 64.2441 0.8402	
81.360402 271.466556	8.01e-01  9.32e-01  5.98e+02	9.6744 77.4860 0.3519	
81.360402 271.466556	7.11e-01  9.48e-01  6.12e+02	28.2049 65.1967 0.5693	
81.360402 271.466556	6.84e-01  9.43e-01  6.18e+02	9.1433 66.7557 0.8171	
81.360402 271.466556	6.57e-01  8.23e-01  6.53e+02	4.3056 39.1586 0.4906	
81.360402 271.466556	7.80e-01  9.63e-01  5.95e+02	-25.0928 75.5449 0.1720	
81.360402 271.466556	7.99e-01  8.97e-01  6.07e+02	-6.6376 73.4417 0.1322	
81.360402 271.466556	7.20e-01  8.91e-01  6.24e+02	-8.9872 62.9005 0.4719	
