69.510058 263.993430	4.78e-01  8.15e-01  2.80e+05	-0.0000 61.1113 0.5324	
69.510058 263.993430	5.54e-01  9.50e-01  2.57e+05	-17.5085 74.6274 0.4402	
69.510058 263.993430	6.19e-01  8.52e-01  2.60e+05	21.5010 71.4795 0.4513	
69.510058 263.993430	4.07e-01  9.54e-01  2.72e+05	28.9341 60.2732 0.6669	
69.510058 263.993430	5.93e-01  7.93e-01  2.69e+05	30.9451 61.3691 0.5722	
69.510058 263.993430	5.17e-01  7.15e-01  2.88e+05	-6.8873 54.6826 0.8177	
69.510058 263.993430	4.11e-01  8.72e-01  2.81e+05	2.1995 60.1806 0.0806	
69.510058 263.993430	5.35e-01  7.12e-01  2.86e+05	-42.8854 37.0951 0.2400	
69.510058 263.993430	6.94e-01  7.39e-01  2.64e+05	13.0911 70.9087 0.5201	
69.510058 263.993430	5.95e-01  8.66e-01  2.61e+05	-21.6510 70.7554 0.3863	
69.510058 263.993430	6.39e-01  7.02e-01  2.75e+05	-9.5017 64.5337 0.8558	
69.510058 263.993430	5.66e-01  6.23e-01  2.94e+05	-18.8321 46.5019 0.9081	
69.510058 263.993430	6.40e-01  8.79e-01  2.55e+05	-39.3523 66.8692 0.2454	
69.510058 263.993430	4.07e-01  6.75e-01  3.09e+05	12.8861 31.5475 0.9926	
69.510058 263.993430	5.45e-01  8.37e-01  2.70e+05	23.7455 64.2262 0.0199	
69.510058 263.993430	5.74e-01  8.30e-01  2.67e+05	25.3796 65.3442 0.4266	
69.510058 263.993430	5.17e-01  9.00e-01  2.66e+05	-3.9404 70.9343 0.5849	
69.510058 263.993430	7.60e-01  9.39e-01  2.38e+05	21.0550 84.4178 0.2887	
69.510058 263.993430	5.90e-01  7.19e-01  2.78e+05	-11.8854 61.4254 0.6058	
69.510058 263.993430	6.53e-01  9.04e-01  2.51e+05	-12.6769 78.7552 0.4153	
69.510058 263.993430	5.00e-01  7.62e-01  2.84e+05	-6.4647 57.7492 0.8949	
69.510058 263.993430	6.35e-01  9.19e-01  2.52e+05	15.9047 78.0183 0.0661	
69.510058 263.993430	5.87e-01  8.64e-01  2.62e+05	7.7588 72.8994 0.8555	
69.510058 263.993430	6.17e-01  9.50e-01  2.50e+05	30.9791 74.1224 0.9572	
69.510058 263.993430	5.97e-01  7.82e-01  2.70e+05	-27.1526 62.6506 0.4651	
69.510058 263.993430	5.93e-01  7.88e-01  2.70e+05	13.0201 67.1043 0.1281	
69.510058 263.993430	6.65e-01  9.29e-01  2.48e+05	33.9618 74.4239 0.5937	
69.510058 263.993430	4.93e-01  8.12e-01  2.79e+05	-26.4192 56.3298 0.3700	
69.510058 263.993430	5.30e-01  8.27e-01  2.73e+05	28.1280 60.3002 0.0478	
69.510058 263.993430	4.98e-01  7.48e-01  2.86e+05	-16.5121 54.1468 0.8210	
69.510058 263.993430	4.77e-01  7.89e-01  2.84e+05	-34.0306 47.6315 0.0463	
69.510058 263.993430	4.82e-01  8.15e-01  2.80e+05	28.1369 54.6670 0.5079	
69.510058 263.993430	5.14e-01  7.54e-01  2.83e+05	-40.2289 42.8377 0.6036	
69.510058 263.993430	5.30e-01  8.39e-01  2.71e+05	-2.9094 67.3383 0.9100	
69.510058 263.993430	4.17e-01  7.33e-01  2.99e+05	14.8892 42.5711 0.6182	
69.510058 263.993430	5.75e-01  7.95e-01  2.71e+05	-15.4468 65.7434 0.8690	
69.510058 263.993430	6.27e-01  7.92e-01  2.66e+05	12.8515 70.0213 0.8629	
69.510058 263.993430	6.19e-01  8.02e-01  2.66e+05	-29.6733 64.7685 0.0398	
69.510058 263.993430	4.99e-01  8.16e-01  2.78e+05	17.2635 60.6250 0.2627	
69.510058 263.993430	5.00e-01  7.97e-01  2.80e+05	-18.2945 58.7465 0.0662	
69.510058 263.993430	5.14e-01  7.85e-01  2.80e+05	4.3138 61.5494 0.9003	
69.510058 263.993430	6.50e-01  8.14e-01  2.61e+05	-9.3107 73.5778 0.8196	
69.510058 263.993430	5.72e-01  8.82e-01  2.62e+05	0.6395 73.5167 0.5164	
69.510058 263.993430	4.56e-01  8.45e-01  2.79e+05	12.2704 60.5383 0.3779	
69.510058 263.993430	7.40e-01  7.89e-01  2.54e+05	9.9957 77.5291 0.1760	
69.510058 263.993430	3.92e-01  8.13e-01  2.92e+05	14.1257 50.1239 0.1061	
69.510058 263.993430	5.78e-01  8.04e-01  2.70e+05	-34.9549 58.8636 0.2511	
69.510058 263.993430	5.36e-01  8.01e-01  2.75e+05	-6.9450 64.5420 0.5931	
69.510058 263.993430	4.84e-01  8.04e-01  2.81e+05	-11.3535 59.5791 0.3750	
69.510058 263.993430	5.09e-01  6.38e-01  2.99e+05	6.7084 44.1958 0.9922	
69.510058 263.993430	6.27e-01  7.17e-01  2.74e+05	8.7476 64.8712 0.8991	
69.510058 263.993430	6.57e-01  7.05e-01  2.72e+05	-1.0359 66.8860 0.7963	
69.510058 263.993430	8.15e-01  9.17e-01  2.35e+05	-31.7148 82.6024 0.5377	
69.510058 263.993430	6.75e-01  7.15e-01  2.69e+05	-40.9412 55.5647 0.1652	
69.510058 263.993430	4.36e-01  8.87e-01  2.77e+05	-30.1383 56.2012 0.7833	
69.510058 263.993430	7.30e-01  8.78e-01  2.46e+05	-24.7941 78.7317 0.4483	
69.510058 263.993430	4.03e-01  8.10e-01  2.90e+05	-10.8636 52.0123 0.0739	
69.510058 263.993430	4.51e-01  8.06e-01  2.85e+05	-21.4582 53.6040 0.3923	
69.510058 263.993430	6.36e-01  8.44e-01  2.59e+05	-39.0417 64.2929 0.0342	
69.510058 263.993430	6.48e-01  9.10e-01  2.51e+05	-18.0125 77.7964 0.7476	
69.510058 263.993430	5.02e-01  9.08e-01  2.67e+05	-24.7612 66.0084 0.0867	
69.510058 263.993430	7.00e-01  8.62e-01  2.51e+05	-39.4695 69.6486 0.3991	
69.510058 263.993430	5.71e-01  7.57e-01  2.76e+05	20.1929 60.8845 0.9587	
69.510058 263.993430	4.81e-01  8.38e-01  2.77e+05	-3.1880 63.2941 0.0054	
69.510058 263.993430	3.85e-01  7.02e-01  3.08e+05	-18.8388 29.4832 0.7461	
69.510058 263.993430	3.89e-01  6.86e-01  3.10e+05	13.3745 29.4723 0.1265	
69.510058 263.993430	6.28e-01  8.68e-01  2.57e+05	0.1709 76.2284 0.3601	
69.510058 263.993430	4.87e-01  7.41e-01  2.88e+05	15.5246 52.4776 0.2847	
69.510058 263.993430	5.45e-01  7.79e-01  2.76e+05	22.5063 59.7979 0.0695	
69.510058 263.993430	5.10e-01  5.86e-01  3.07e+05	7.9994 35.6456 0.3620	
69.510058 263.993430	5.45e-01  9.19e-01  2.61e+05	-17.8326 72.0581 0.7562	
69.510058 263.993430	4.70e-01  8.39e-01  2.78e+05	-23.6189 57.8700 0.4167	
69.510058 263.993430	4.50e-01  8.00e-01  2.86e+05	1.0766 57.0340 0.9975	
69.510058 263.993430	8.02e-01  8.19e-01  2.45e+05	-10.0086 82.5709 0.3199	
69.510058 263.993430	5.53e-01  9.02e-01  2.62e+05	4.7703 73.4516 0.6582	
69.510058 263.993430	5.14e-01  8.25e-01  2.75e+05	-0.8572 65.0065 0.0583	
69.510058 263.993430	7.43e-01  8.95e-01  2.44e+05	28.1486 79.1833 0.1353	
69.510058 263.993430	4.16e-01  8.91e-01  2.79e+05	-2.1179 62.3520 0.7634	
69.510058 263.993430	5.48e-01  8.79e-01  2.65e+05	20.9699 68.5594 0.5696	
69.510058 263.993430	5.23e-01  8.07e-01  2.76e+05	-2.4640 64.2574 0.2794	
69.510058 263.993430	3.97e-01  8.50e-01  2.86e+05	-27.5896 49.4079 0.2612	
69.510058 263.993430	5.39e-01  8.23e-01  2.72e+05	-5.7009 66.6543 0.6726	
69.510058 263.993430	6.85e-01  7.92e-01  2.59e+05	-12.0833 74.0549 0.9320	
69.510058 263.993430	3.91e-01  8.15e-01  2.91e+05	-16.8354 49.4714 0.5340	
69.510058 263.993430	3.05e-01  9.28e-01  2.88e+05	-1.2407 55.1457 0.0365	
69.510058 263.993430	5.08e-01  7.86e-01  2.80e+05	-13.8409 59.5527 0.3654	
69.510058 263.993430	5.77e-01  9.23e-01  2.57e+05	10.5957 75.6838 0.7181	
69.510058 263.993430	6.86e-01  8.64e-01  2.52e+05	-11.7059 78.5514 0.2871	
69.510058 263.993430	6.21e-01  7.95e-01  2.66e+05	16.8972 68.8909 0.5777	
69.510058 263.993430	3.88e-01  7.68e-01  2.98e+05	-18.9326 41.9288 0.7756	
69.510058 263.993430	5.98e-01  8.10e-01  2.67e+05	30.8058 63.2449 0.5451	
69.510058 263.993430	5.50e-01  8.01e-01  2.73e+05	12.3988 64.8417 0.2748	
69.510058 263.993430	6.40e-01  9.84e-01  2.45e+05	-22.5173 80.2761 0.4503	
69.510058 263.993430	7.40e-01  8.73e-01  2.46e+05	-50.1437 65.8407 0.5748	
69.510058 263.993430	4.99e-01  7.18e-01  2.90e+05	-6.6605 53.1072 0.2052	
69.510058 263.993430	6.83e-01  9.00e-01  2.49e+05	-7.0801 80.9152 0.7783	
69.510058 263.993430	5.91e-01  7.61e-01  2.73e+05	-13.1461 64.7565 0.1990	
69.510058 263.993430	6.55e-01  7.71e-01  2.65e+05	4.6326 71.4874 0.1907	
69.510058 263.993430	5.26e-01  7.76e-01  2.79e+05	3.0900 61.8733 0.9647	
69.510058 263.993430	6.53e-01  7.46e-01  2.68e+05	-17.3057 67.5346 0.2318	
69.510058 263.993430	4.95e-01  8.44e-01  2.75e+05	-1.8677 65.0289 0.1047	
69.510058 263.993430	6.03e-01  8.10e-01  2.66e+05	5.5044 70.4888 0.1566	
69.510058 263.993430	5.81e-01  6.00e-01  2.95e+05	2.4387 49.2703 0.9884	
69.510058 263.993430	5.32e-01  8.00e-01  2.76e+05	-43.2509 47.8589 0.0207	
69.510058 263.993430	5.51e-01  6.19e-01  2.96e+05	19.2148 43.7928 0.0179	
69.510058 263.993430	5.69e-01  7.84e-01  2.73e+05	-22.1596 62.4395 0.6367	
69.510058 263.993430	4.63e-01  7.09e-01  2.96e+05	19.5058 43.9965 0.1236	
69.510058 263.993430	4.72e-01  8.47e-01  2.77e+05	19.2542 60.4432 0.8551	
69.510058 263.993430	6.31e-01  8.94e-01  2.54e+05	-6.3806 77.7147 0.7589	
69.510058 263.993430	5.07e-01  7.32e-01  2.87e+05	17.1747 53.0948 0.3470	
69.510058 263.993430	5.37e-01  8.51e-01  2.69e+05	-3.2177 68.8281 0.2121	
69.510058 263.993430	4.30e-01  8.63e-01  2.80e+05	11.4900 60.0646 0.8402	
69.510058 263.993430	5.67e-01  7.57e-01  2.77e+05	16.6732 61.5708 0.3393	
69.510058 263.993430	4.95e-01  8.40e-01  2.75e+05	11.0106 63.7890 0.3360	
69.510058 263.993430	5.59e-01  9.34e-01  2.58e+05	-27.9339 70.6733 0.1427	
69.510058 263.993430	3.85e-01  8.85e-01  2.83e+05	15.8719 56.7424 0.6507	
69.510058 263.993430	5.32e-01  7.90e-01  2.77e+05	-14.3478 62.0167 0.8534	
69.510058 263.993430	4.46e-01  7.70e-01  2.90e+05	6.2369 53.0229 0.6960	
69.510058 263.993430	6.08e-01  7.09e-01  2.77e+05	17.4282 60.7811 0.6773	
69.510058 263.993430	6.74e-01  9.47e-01  2.45e+05	-21.7902 80.2926 0.7994	
69.510058 263.993430	5.85e-01  7.38e-01  2.77e+05	31.5004 55.3580 0.8262	
69.510058 263.993430	4.37e-01  8.83e-01  2.77e+05	-9.3185 62.7355 0.1319	
69.510058 263.993430	6.49e-01  7.36e-01  2.69e+05	-4.8429 68.5462 0.9247	
69.510058 263.993430	4.29e-01  6.75e-01  3.05e+05	7.8585 37.2590 0.9158	
69.510058 263.993430	5.07e-01  9.21e-01  2.65e+05	-26.2553 66.7895 0.2027	
69.510058 263.993430	5.06e-01  8.30e-01  2.75e+05	24.6028 59.9496 0.3155	
69.510058 263.993430	7.81e-01  8.95e-01  2.40e+05	-30.9951 80.1092 0.1923	
69.510058 263.993430	5.07e-01  8.04e-01  2.78e+05	11.1063 61.7177 0.9138	
69.510058 263.993430	5.27e-01  7.53e-01  2.82e+05	-11.2775 58.8759 0.6626	
69.510058 263.993430	6.14e-01  8.03e-01  2.66e+05	-40.2481 58.4531 0.0300	
69.510058 263.993430	4.92e-01  8.60e-01  2.73e+05	37.1543 54.6508 0.5827	
69.510058 263.993430	6.53e-01  8.07e-01  2.61e+05	10.7722 73.0985 0.3225	
69.510058 263.993430	5.38e-01  7.25e-01  2.84e+05	18.2589 55.3044 0.3356	
69.510058 263.993430	5.41e-01  6.74e-01  2.90e+05	-10.9351 52.0710 0.7054	
69.510058 263.993430	5.66e-01  8.50e-01  2.66e+05	30.7044 63.9662 0.1347	
69.510058 263.993430	5.91e-01  7.90e-01  2.70e+05	4.8111 68.2052 0.0209	
69.510058 263.993430	6.09e-01  8.47e-01  2.62e+05	-18.7563 71.1982 0.7609	
69.510058 263.993430	4.44e-01  9.59e-01  2.68e+05	30.0956 63.1699 0.5995	
69.510058 263.993430	3.84e-01  8.15e-01  2.92e+05	22.0003 46.4851 0.2659	
69.510058 263.993430	6.35e-01  7.69e-01  2.67e+05	-3.3953 69.9713 0.9163	
69.510058 263.993430	4.89e-01  6.87e-01  2.95e+05	-1.3268 48.5582 0.1539	
69.510058 263.993430	6.72e-01  7.42e-01  2.66e+05	32.1204 63.0484 0.4547	
69.510058 263.993430	4.74e-01  6.87e-01  2.97e+05	4.0835 46.5703 0.7433	
69.510058 263.993430	5.04e-01  7.58e-01  2.84e+05	-4.1824 58.0359 0.7202	
69.510058 263.993430	5.30e-01  8.21e-01  2.73e+05	-1.2140 66.0104 0.1190	
69.510058 263.993430	4.98e-01  7.27e-01  2.89e+05	-4.9091 54.1236 0.9352	
69.510058 263.993430	5.61e-01  6.82e-01  2.87e+05	-15.6995 54.0001 0.5350	
69.510058 263.993430	4.77e-01  7.54e-01  2.88e+05	16.2378 52.5435 0.0272	
69.510058 263.993430	4.93e-01  8.36e-01  2.76e+05	25.2635 59.0702 0.2860	
69.510058 263.993430	5.06e-01  8.10e-01  2.77e+05	-22.1727 59.1726 0.3139	
69.510058 263.993430	2.73e-01  8.48e-01  3.03e+05	-21.4440 34.7572 0.2054	
69.510058 263.993430	4.06e-01  7.28e-01  3.01e+05	12.4838 41.0236 0.1004	
69.510058 263.993430	4.27e-01  9.25e-01  2.73e+05	-6.2647 65.8635 0.8800	
69.510058 263.993430	4.29e-01  8.82e-01  2.78e+05	-17.2257 60.2912 0.0809	
69.510058 263.993430	3.51e-01  8.28e-01  2.95e+05	-12.2197 47.4998 0.5489	
69.510058 263.993430	5.54e-01  6.74e-01  2.88e+05	17.6396 51.8527 0.6426	
69.510058 263.993430	4.21e-01  8.07e-01  2.88e+05	3.0130 54.5899 0.0729	
69.510058 263.993430	7.12e-01  7.74e-01  2.59e+05	-3.4407 75.4717 0.2005	
69.510058 263.993430	5.61e-01  7.78e-01  2.75e+05	-31.7936 56.7728 0.2977	
69.510058 263.993430	5.29e-01  7.50e-01  2.82e+05	-42.2682 42.4130 0.1721	
69.510058 263.993430	7.80e-01  8.99e-01  2.40e+05	-23.6241 82.7131 0.0751	
69.510058 263.993430	5.31e-01  6.42e-01  2.96e+05	-17.2364 45.1216 0.8873	
69.510058 263.993430	7.98e-01  8.95e-01  2.39e+05	8.7765 86.2719 0.7681	
69.510058 263.993430	4.79e-01  7.39e-01  2.90e+05	-15.4499 51.3442 0.9290	
69.510058 263.993430	6.01e-01  8.62e-01  2.61e+05	19.0357 71.6208 0.9044	
69.510058 263.993430	6.41e-01  7.95e-01  2.64e+05	37.5740 61.8039 0.1225	
69.510058 263.993430	5.58e-01  8.47e-01  2.67e+05	-13.3256 68.8884 0.8626	
69.510058 263.993430	5.80e-01  6.94e-01  2.83e+05	-3.3153 59.1602 0.2072	
69.510058 263.993430	5.26e-01  7.86e-01  2.78e+05	-16.8731 60.5368 0.4078	
69.510058 263.993430	5.86e-01  9.49e-01  2.54e+05	46.6136 63.2279 0.1244	
69.510058 263.993430	5.93e-01  7.63e-01  2.73e+05	33.7062 57.2240 0.5818	
69.510058 263.993430	7.29e-01  9.01e-01  2.44e+05	11.9363 82.8026 0.5822	
69.510058 263.993430	6.31e-01  7.08e-01  2.75e+05	-23.4607 60.7162 0.0423	
69.510058 263.993430	7.09e-01  8.30e-01  2.53e+05	22.9423 75.3426 0.5876	
69.510058 263.993430	3.86e-01  9.46e-01  2.76e+05	-28.0785 58.0680 0.0044	
69.510058 263.993430	4.93e-01  8.86e-01  2.70e+05	-10.3301 67.4329 0.5486	
69.510058 263.993430	3.99e-01  9.15e-01  2.78e+05	10.3704 62.0492 0.2110	
69.510058 263.993430	4.41e-01  9.29e-01  2.71e+05	-21.0708 64.1470 0.3223	
69.510058 263.993430	5.26e-01  7.82e-01  2.78e+05	9.1278 61.8323 0.2163	
69.510058 263.993430	5.07e-01  7.18e-01  2.89e+05	-21.0936 50.0916 0.4279	
69.510058 263.993430	5.99e-01  7.23e-01  2.77e+05	6.4741 63.3122 0.3383	
69.510058 263.993430	4.05e-01  6.97e-01  3.06e+05	12.6401 35.4626 0.9240	
69.510058 263.993430	8.36e-01  9.55e-01  2.30e+05	22.5267 88.1529 0.2576	
69.510058 263.993430	5.11e-01  6.95e-01  2.91e+05	12.8767 50.6272 0.2989	
69.510058 263.993430	4.21e-01  8.68e-01  2.81e+05	-1.3967 60.6838 0.8231	
69.510058 263.993430	6.63e-01  9.18e-01  2.49e+05	4.7934 81.0068 0.5431	
69.510058 263.993430	6.10e-01  8.54e-01  2.61e+05	-35.4598 65.0855 0.5797	
69.510058 263.993430	6.97e-01  7.76e-01  2.60e+05	-17.8722 72.6145 0.6975	
69.510058 263.993430	5.16e-01  8.91e-01  2.67e+05	-10.8858 69.4451 0.8651	
69.510058 263.993430	5.06e-01  8.84e-01  2.69e+05	2.1672 69.0308 0.5079	
69.510058 263.993430	6.74e-01  8.70e-01  2.53e+05	12.3067 78.0879 0.9674	
69.510058 263.993430	6.93e-01  9.28e-01  2.45e+05	-26.5769 78.7890 0.3168	
69.510058 263.993430	5.93e-01  8.27e-01  2.66e+05	19.4830 68.5181 0.7018	
69.510058 263.993430	4.94e-01  8.82e-01  2.71e+05	-20.8870 64.6913 0.8146	
69.510058 263.993430	7.50e-01  8.41e-01  2.48e+05	-19.3916 79.3052 0.1788	
69.510058 263.993430	4.18e-01  8.37e-01  2.85e+05	-0.3807 57.4326 0.0881	
69.510058 263.993430	3.99e-01  8.07e-01  2.91e+05	23.3951 46.7752 0.0739	
69.510058 263.993430	5.30e-01  8.17e-01  2.74e+05	-3.3010 65.6531 0.9441	
69.510058 263.993430	5.53e-01  9.40e-01  2.58e+05	-19.8959 73.3898 0.2871	
69.510058 263.993430	5.40e-01  7.84e-01  2.76e+05	-5.6478 63.6318 0.9272	
69.510058 263.993430	4.69e-01  8.87e-01  2.73e+05	28.2649 60.1438 0.7492	
69.510058 263.993430	4.43e-01  7.85e-01  2.88e+05	3.1771 54.6107 0.1757	
69.510058 263.993430	4.92e-01  6.44e-01  3.01e+05	10.4927 41.7431 0.5400	
69.510058 263.993430	5.81e-01  7.90e-01  2.71e+05	43.5064 51.7058 0.9772	
69.510058 263.993430	4.90e-01  7.89e-01  2.82e+05	9.5207 59.0562 0.0941	
69.510058 263.993430	4.71e-01  9.22e-01  2.69e+05	29.4241 62.6796 0.4199	
69.510058 263.993430	5.04e-01  7.49e-01  2.85e+05	0.7748 57.2627 0.6094	
69.510058 263.993430	5.39e-01  9.00e-01  2.63e+05	18.0796 70.2566 0.3562	
69.510058 263.993430	5.43e-01  9.49e-01  2.58e+05	2.6885 75.9043 0.8164	
69.510058 263.993430	4.77e-01  9.16e-01  2.69e+05	-28.4594 63.1430 0.5975	
69.510058 263.993430	4.35e-01  8.26e-01  2.84e+05	-5.5172 57.8555 0.5874	
69.510058 263.993430	4.19e-01  8.56e-01  2.83e+05	-17.0154 56.8802 0.3185	
69.510058 263.993430	4.92e-01  7.44e-01  2.88e+05	2.1513 55.4358 0.0936	
69.510058 263.993430	5.56e-01  8.64e-01  2.66e+05	-12.4375 70.1165 0.6498	
69.510058 263.993430	6.20e-01  7.13e-01  2.76e+05	-8.6846 63.9689 0.6681	
69.510058 263.993430	5.54e-01  8.80e-01  2.64e+05	30.6589 65.3616 0.0758	
69.510058 263.993430	5.82e-01  7.37e-01  2.77e+05	-15.3678 61.4454 0.2577	
69.510058 263.993430	6.36e-01  8.97e-01  2.54e+05	3.0186 78.3584 0.6997	
69.510058 263.993430	4.56e-01  7.67e-01  2.89e+05	-30.7538 44.6126 0.6688	
69.510058 263.993430	6.95e-01  8.77e-01  2.50e+05	21.5658 77.6839 0.4558	
69.510058 263.993430	4.30e-01  6.54e-01  3.08e+05	-9.8486 32.9998 0.1660	
69.510058 263.993430	6.94e-01  8.25e-01  2.55e+05	-7.9333 77.1684 0.0600	
69.510058 263.993430	5.12e-01  6.01e-01  3.04e+05	-0.5721 39.3785 0.5044	
69.510058 263.993430	5.28e-01  8.54e-01  2.70e+05	-5.9037 68.1365 0.9783	
69.510058 263.993430	6.21e-01  8.16e-01  2.64e+05	26.7598 67.2609 0.5526	
69.510058 263.993430	6.04e-01  8.57e-01  2.61e+05	32.3417 66.5265 0.0188	
69.510058 263.993430	6.47e-01  7.51e-01  2.68e+05	14.2708 68.1510 0.1670	
69.510058 263.993430	4.08e-01  6.32e-01  3.15e+05	-1.8047 23.8562 0.3104	
69.510058 263.993430	5.39e-01  6.77e-01  2.90e+05	-6.3597 52.9600 0.7700	
69.510058 263.993430	4.84e-01  8.61e-01  2.74e+05	-10.6256 64.6723 0.7077	
69.510058 263.993430	5.62e-01  8.67e-01  2.65e+05	6.3628 71.5818 0.3664	
69.510058 263.993430	5.87e-01  8.69e-01  2.62e+05	1.9257 73.6312 0.8579	
69.510058 263.993430	5.29e-01  7.54e-01  2.82e+05	-18.0626 57.4080 0.6882	
69.510058 263.993430	3.86e-01  9.53e-01  2.75e+05	14.3770 63.4239 0.9219	
69.510058 263.993430	5.03e-01  9.42e-01  2.63e+05	3.7930 72.8430 0.4427	
69.510058 263.993430	2.72e-01  7.94e-01  3.11e+05	1.4638 30.4834 0.0917	
69.510058 263.993430	7.01e-01  9.89e-01  2.39e+05	41.6792 75.8846 0.5313	
69.510058 263.993430	5.89e-01  8.60e-01  2.62e+05	-6.7654 72.9314 0.8734	
69.510058 263.993430	6.90e-01  7.66e-01  2.62e+05	-0.2820 73.6844 0.1861	
69.510058 263.993430	5.01e-01  8.01e-01  2.79e+05	2.0327 61.9235 0.2279	
69.510058 263.993430	4.36e-01  7.65e-01  2.92e+05	-16.9695 48.7622 0.9248	
69.510058 263.993430	5.50e-01  6.75e-01  2.89e+05	-1.7610 54.3079 0.3978	
69.510058 263.993430	5.98e-01  8.32e-01  2.65e+05	22.4386 68.2934 0.9286	
69.510058 263.993430	5.81e-01  7.80e-01  2.72e+05	-22.2324 63.0748 0.2948	
69.510058 263.993430	4.00e-01  8.25e-01  2.89e+05	1.3054 54.4013 0.6064	
69.510058 263.993430	5.48e-01  6.09e-01  2.98e+05	-4.0840 45.9116 0.4188	
69.510058 263.993430	5.00e-01  8.19e-01  2.77e+05	11.1464 62.3926 0.2679	
69.510058 263.993430	6.73e-01  7.81e-01  2.62e+05	23.5700 69.6104 0.9650	
69.510058 263.993430	4.98e-01  8.76e-01  2.71e+05	-40.2318 54.6106 0.3117	
69.510058 263.993430	7.44e-01  8.64e-01  2.46e+05	-12.3177 81.6311 0.5488	
69.510058 263.993430	5.98e-01  7.56e-01  2.73e+05	9.2463 65.6451 0.2882	
69.510058 263.993430	3.94e-01  7.90e-01  2.94e+05	-2.6315 49.5278 0.9406	
69.510058 263.993430	5.03e-01  7.15e-01  2.90e+05	0.0028 53.6095 0.4841	
69.510058 263.993430	6.71e-01  7.21e-01  2.69e+05	3.0741 69.1053 0.9680	
69.510058 263.993430	5.32e-01  6.79e-01  2.91e+05	-23.2807 47.3934 0.2464	
69.510058 263.993430	5.53e-01  7.71e-01  2.77e+05	20.7310 60.3366 0.7876	
69.510058 263.993430	5.79e-01  8.31e-01  2.67e+05	43.6747 55.3466 0.6055	
69.510058 263.993430	5.73e-01  7.65e-01  2.75e+05	3.4764 64.9451 0.2189	
69.510058 263.993430	6.33e-01  7.43e-01  2.71e+05	30.4894 60.7873 0.7291	
69.510058 263.993430	6.16e-01  8.52e-01  2.60e+05	45.6063 58.8484 0.6076	
69.510058 263.993430	6.14e-01  8.36e-01  2.62e+05	-24.3808 69.1044 0.6102	
69.510058 263.993430	5.76e-01  7.82e-01  2.73e+05	19.1043 63.8198 0.7495	
69.510058 263.993430	4.05e-01  8.26e-01  2.88e+05	-7.7355 54.4971 0.0597	
69.510058 263.993430	3.89e-01  7.47e-01  3.01e+05	14.5903 40.6177 0.5551	
69.510058 263.993430	6.75e-01  9.16e-01  2.48e+05	-9.5973 81.0471 0.7181	
69.510058 263.993430	3.00e-01  9.24e-01  2.89e+05	16.1102 51.8347 0.7982	
69.510058 263.993430	9.02e-01  9.50e-01  2.25e+05	-34.3560 86.8727 0.3832	
69.510058 263.993430	4.41e-01  7.53e-01  2.93e+05	-1.6293 50.8805 0.7845	
69.510058 263.993430	7.16e-01  8.54e-01  2.50e+05	-15.2877 79.0577 0.0326	
69.510058 263.993430	5.85e-01  7.43e-01  2.76e+05	14.9794 62.4368 0.7921	
69.510058 263.993430	6.80e-01  8.12e-01  2.58e+05	33.7890 67.9715 0.4576	
69.510058 263.993430	6.42e-01  7.72e-01  2.66e+05	39.1759 58.9743 0.9106	
69.510058 263.993430	6.64e-01  8.25e-01  2.58e+05	-26.0980 71.0915 0.6528	
69.510058 263.993430	3.71e-01  9.03e-01  2.83e+05	-21.9506 55.1611 0.7917	
69.510058 263.993430	5.54e-01  8.90e-01  2.63e+05	-16.4025 71.0372 0.7350	
69.510058 263.993430	5.32e-01  7.93e-01  2.76e+05	28.0378 57.4290 0.4541	
69.510058 263.993430	6.21e-01  7.27e-01  2.74e+05	-8.9798 65.1982 0.9904	
69.510058 263.993430	5.99e-01  8.30e-01  2.65e+05	5.5022 71.6590 0.6835	
69.510058 263.993430	5.84e-01  8.94e-01  2.59e+05	3.6114 75.0279 0.1796	
69.510058 263.993430	7.10e-01  8.04e-01  2.56e+05	42.0618 64.8177 0.9605	
69.510058 263.993430	5.27e-01  7.43e-01  2.83e+05	23.5717 53.9908 0.1954	
69.510058 263.993430	7.48e-01  9.41e-01  2.39e+05	18.8386 84.4404 0.6634	
69.510058 263.993430	5.85e-01  8.61e-01  2.63e+05	-12.0624 72.0292 0.4866	
69.510058 263.993430	5.76e-01  7.87e-01  2.72e+05	2.0180 66.9493 0.4197	
69.510058 263.993430	5.15e-01  7.96e-01  2.78e+05	1.3659 62.6498 0.0580	
69.510058 263.993430	6.24e-01  7.86e-01  2.67e+05	44.6155 54.5782 0.5379	
69.510058 263.993430	6.51e-01  8.09e-01  2.61e+05	-1.2568 73.8495 0.5792	
69.510058 263.993430	5.38e-01  9.78e-01  2.56e+05	36.3086 68.3262 0.5530	
69.510058 263.993430	4.88e-01  7.97e-01  2.81e+05	4.5386 60.1922 0.2843	
69.510058 263.993430	5.16e-01  9.68e-01  2.59e+05	17.3004 73.4574 0.3062	
69.510058 263.993430	5.25e-01  7.71e-01  2.80e+05	6.0933 61.0758 0.6235	
69.510058 263.993430	6.48e-01  7.71e-01  2.66e+05	-46.3157 54.0320 0.3209	
69.510058 263.993430	6.14e-01  7.45e-01  2.72e+05	19.8317 63.7197 0.3550	
69.510058 263.993430	4.52e-01  8.08e-01  2.84e+05	-5.7201 57.6792 0.9297	
69.510058 263.993430	6.47e-01  9.80e-01  2.45e+05	6.5380 83.2565 0.7439	
69.510058 263.993430	6.26e-01  7.68e-01  2.69e+05	19.1413 66.6061 0.9887	
69.510058 263.993430	3.98e-01  9.43e-01  2.75e+05	-21.0564 61.7438 0.0729	
69.510058 263.993430	5.15e-01  8.45e-01  2.72e+05	-25.1679 61.8494 0.9141	
69.510058 263.993430	4.07e-01  8.67e-01  2.83e+05	11.7790 58.1495 0.4085	
69.510058 263.993430	7.38e-01  8.72e-01  2.46e+05	21.6095 79.7819 0.6884	
69.510058 263.993430	5.70e-01  7.98e-01  2.72e+05	-30.3591 60.0941 0.5665	
69.510058 263.993430	5.38e-01  7.67e-01  2.79e+05	0.5251 62.1441 0.1989	
69.510058 263.993430	3.89e-01  9.21e-01  2.78e+05	-22.8587 58.3671 0.4809	
69.510058 263.993430	4.44e-01  9.16e-01  2.72e+05	29.7541 59.7990 0.7384	
69.510058 263.993430	4.39e-01  7.48e-01  2.94e+05	-5.2939 49.7244 0.9348	
69.510058 263.993430	6.52e-01  8.56e-01  2.56e+05	-2.5546 76.8600 0.5983	
69.510058 263.993430	5.49e-01  6.85e-01  2.88e+05	2.5080 55.3189 0.4398	
69.510058 263.993430	5.78e-01  9.11e-01  2.58e+05	-26.8357 70.8271 0.9876	
69.510058 263.993430	6.20e-01  8.01e-01  2.65e+05	-14.7394 69.7569 0.1294	
69.510058 263.993430	6.02e-01  8.61e-01  2.61e+05	-29.9830 67.7794 0.8443	
69.510058 263.993430	6.00e-01  8.90e-01  2.58e+05	14.7471 74.3789 0.1072	
69.510058 263.993430	5.15e-01  8.55e-01  2.71e+05	-3.3355 67.4595 0.8464	
69.510058 263.993430	5.73e-01  7.75e-01  2.74e+05	-5.0626 65.5983 0.6991	
69.510058 263.993430	4.66e-01  8.81e-01  2.74e+05	2.9201 65.6447 0.3005	
69.510058 263.993430	5.04e-01  8.11e-01  2.78e+05	11.0341 62.0314 0.6723	
69.510058 263.993430	4.09e-01  8.04e-01  2.90e+05	2.0653 52.9925 0.2663	
69.510058 263.993430	8.38e-01  9.47e-01  2.31e+05	-23.5137 87.6380 0.4797	
69.510058 263.993430	4.54e-01  6.80e-01  3.01e+05	-22.5352 36.3983 0.7822	
69.510058 263.993430	6.28e-01  6.94e-01  2.77e+05	-38.2357 50.8287 0.4387	
69.510058 263.993430	6.67e-01  8.42e-01  2.56e+05	-0.0221 76.9534 0.4787	
69.510058 263.993430	5.96e-01  8.07e-01  2.67e+05	24.1702 65.6977 0.4645	
69.510058 263.993430	5.25e-01  7.51e-01  2.82e+05	13.6696 57.9821 0.7787	
69.510058 263.993430	6.65e-01  8.08e-01  2.60e+05	33.8949 66.6867 0.5852	
69.510058 263.993430	5.68e-01  8.12e-01  2.70e+05	-9.0227 67.6925 0.2449	
69.510058 263.993430	5.56e-01  9.00e-01  2.62e+05	0.2230 73.6651 0.5602	
69.510058 263.993430	4.26e-01  7.02e-01  3.02e+05	-0.1627 41.9765 0.5668	
69.510058 263.993430	4.77e-01  6.86e-01  2.97e+05	-20.3311 42.1788 0.7431	
69.510058 263.993430	5.46e-01  7.02e-01  2.86e+05	-2.2413 56.6814 0.8718	
69.510058 263.993430	4.69e-01  7.28e-01  2.93e+05	11.0781 49.9326 0.2237	
69.510058 263.993430	5.53e-01  9.42e-01  2.58e+05	19.7408 73.5184 0.1698	
69.510058 263.993430	6.13e-01  8.73e-01  2.59e+05	9.1218 75.0529 0.2848	
69.510058 263.993430	5.51e-01  8.80e-01  2.64e+05	9.2583 71.3863 0.5319	
69.510058 263.993430	5.34e-01  7.39e-01  2.83e+05	9.3254 58.4943 0.4131	
69.510058 263.993430	3.66e-01  8.84e-01  2.86e+05	16.4356 54.5746 0.3573	
69.510058 263.993430	4.98e-01  7.58e-01  2.85e+05	14.8248 55.6748 0.7789	
69.510058 263.993430	4.25e-01  8.44e-01  2.83e+05	-11.7313 57.6735 0.7323	
69.510058 263.993430	5.40e-01  7.42e-01  2.82e+05	-3.5215 60.0376 0.6517	
69.510058 263.993430	5.98e-01  7.86e-01  2.70e+05	-4.5144 68.4163 0.5237	
69.510058 263.993430	6.13e-01  8.26e-01  2.63e+05	-24.4902 68.3036 0.2008	
69.510058 263.993430	5.28e-01  6.85e-01  2.90e+05	-3.8351 52.8559 0.4582	
69.510058 263.993430	6.33e-01  8.92e-01  2.55e+05	8.0869 77.5022 0.7584	
69.510058 263.993430	6.69e-01  9.40e-01  2.46e+05	9.4431 82.0525 0.7000	
69.510058 263.993430	5.54e-01  7.37e-01  2.80e+05	-9.6302 60.2003 0.7407	
69.510058 263.993430	6.87e-01  7.99e-01  2.59e+05	26.7558 70.6884 0.1578	
69.510058 263.993430	6.07e-01  9.07e-01  2.56e+05	13.5979 76.0955 0.6020	
69.510058 263.993430	4.86e-01  7.87e-01  2.83e+05	18.4256 56.2452 0.0786	
69.510058 263.993430	4.57e-01  9.12e-01  2.71e+05	-41.7625 52.9475 0.8588	
69.510058 263.993430	5.52e-01  7.41e-01  2.80e+05	5.0312 60.9120 0.6891	
69.510058 263.993430	6.41e-01  7.64e-01  2.67e+05	24.7290 65.6979 0.2405	
69.510058 263.993430	5.90e-01  7.26e-01  2.77e+05	13.4385 61.7217 0.3142	
69.510058 263.993430	5.21e-01  6.89e-01  2.91e+05	-12.4578 51.0915 0.8265	
69.510058 263.993430	7.25e-01  8.37e-01  2.51e+05	-37.0042 70.9598 0.9623	
69.510058 263.993430	5.03e-01  7.30e-01  2.88e+05	-30.8594 45.8173 0.7671	
69.510058 263.993430	7.54e-01  8.04e-01  2.51e+05	27.1597 75.0444 0.6871	
69.510058 263.993430	6.33e-01  7.88e-01  2.65e+05	-11.0192 70.4460 0.0688	
69.510058 263.993430	7.08e-01  9.00e-01  2.46e+05	13.3374 81.4691 0.8136	
69.510058 263.993430	5.25e-01  7.16e-01  2.87e+05	-14.9633 53.9657 0.0818	
69.510058 263.993430	5.36e-01  8.79e-01  2.66e+05	-5.5306 70.6209 0.1774	
69.510058 263.993430	5.40e-01  7.89e-01  2.76e+05	5.2638 63.9780 0.0156	
69.510058 263.993430	5.46e-01  8.96e-01  2.63e+05	29.0708 66.7047 0.4370	
69.510058 263.993430	5.60e-01  9.25e-01  2.59e+05	1.3517 75.5116 0.0998	
69.510058 263.993430	3.75e-01  8.17e-01  2.93e+05	-2.6222 50.4783 0.1463	
69.510058 263.993430	5.35e-01  7.83e-01  2.77e+05	-1.5815 63.2568 0.5286	
69.510058 263.993430	4.67e-01  8.07e-01  2.83e+05	-0.8053 59.3760 0.9678	
69.510058 263.993430	4.44e-01  8.40e-01  2.81e+05	-21.2016 56.4260 0.0675	
69.510058 263.993430	6.21e-01  8.57e-01  2.59e+05	-32.0182 67.8720 0.5967	
69.510058 263.993430	4.74e-01  7.38e-01  2.91e+05	-2.8051 52.8997 0.3912	
69.510058 263.993430	4.42e-01  9.01e-01  2.74e+05	41.9246 50.1431 0.8584	
69.510058 263.993430	5.27e-01  8.52e-01  2.70e+05	-8.3759 67.7153 0.6165	
69.510058 263.993430	5.71e-01  8.72e-01  2.63e+05	-0.5579 72.7990 0.9569	
69.510058 263.993430	3.50e-01  8.12e-01  2.97e+05	7.5452 46.1688 0.7337	
69.510058 263.993430	6.55e-01  8.28e-01  2.59e+05	12.4324 74.3569 0.3674	
69.510058 263.993430	6.20e-01  9.39e-01  2.51e+05	15.3187 78.4085 0.6227	
69.510058 263.993430	3.60e-01  9.59e-01  2.77e+05	-10.4991 62.5161 0.7830	
69.510058 263.993430	6.85e-01  7.54e-01  2.63e+05	-7.9444 72.1163 0.2611	
69.510058 263.993430	4.45e-01  7.90e-01  2.88e+05	31.3017 45.7610 0.0986	
69.510058 263.993430	6.33e-01  8.53e-01  2.58e+05	-30.3002 69.2911 0.0162	
69.510058 263.993430	6.86e-01  8.08e-01  2.58e+05	-8.0618 75.6425 0.0442	
69.510058 263.993430	5.86e-01  8.87e-01  2.60e+05	-7.1140 74.4342 0.4141	
69.510058 263.993430	6.34e-01  8.66e-01  2.57e+05	14.6926 74.9996 0.4077	
69.510058 263.993430	4.39e-01  8.41e-01  2.82e+05	-9.1017 59.1361 0.5091	
69.510058 263.993430	6.16e-01  7.00e-01  2.78e+05	-16.6412 60.8901 0.4882	
69.510058 263.993430	6.70e-01  8.66e-01  2.53e+05	22.0655 75.4348 0.2762	
69.510058 263.993430	5.74e-01  8.75e-01  2.63e+05	-26.8571 68.0489 0.0151	
69.510058 263.993430	4.42e-01  7.31e-01  2.96e+05	12.1357 46.6366 0.7510	
69.510058 263.993430	6.02e-01  8.05e-01  2.67e+05	33.0313 62.0545 0.8272	
69.510058 263.993430	4.89e-01  7.92e-01  2.82e+05	-25.5122 54.3646 0.8023	
69.510058 263.993430	3.70e-01  8.09e-01  2.95e+05	-1.5198 48.9957 0.9405	
69.510058 263.993430	4.43e-01  8.64e-01  2.79e+05	13.3017 60.8795 0.2747	
69.510058 263.993430	5.88e-01  7.57e-01  2.74e+05	-25.2691 60.5096 0.2729	
69.510058 263.993430	4.55e-01  7.36e-01  2.93e+05	21.0498 45.8750 0.1137	
69.510058 263.993430	4.63e-01  8.65e-01  2.76e+05	28.1082 57.6741 0.5162	
69.510058 263.993430	5.88e-01  8.17e-01  2.67e+05	-12.9876 68.9739 0.2534	
69.510058 263.993430	4.63e-01  9.00e-01  2.72e+05	0.2821 67.0224 0.0323	
69.510058 263.993430	6.76e-01  7.56e-01  2.64e+05	-5.4459 71.8032 0.8025	
69.510058 263.993430	6.79e-01  8.18e-01  2.57e+05	-25.9156 71.6767 0.5229	
69.510058 263.993430	4.98e-01  8.37e-01  2.75e+05	11.7759 63.6230 0.7270	
69.510058 263.993430	5.12e-01  7.33e-01  2.86e+05	11.5060 55.2062 0.2402	
69.510058 263.993430	5.51e-01  8.80e-01  2.64e+05	6.2680 71.6583 0.5813	
69.510058 263.993430	6.00e-01  8.66e-01  2.61e+05	-9.0975 73.7451 0.1984	
69.510058 263.993430	5.72e-01  8.20e-01  2.69e+05	-19.1620 66.5229 0.6550	
69.510058 263.993430	3.71e-01  7.88e-01  2.98e+05	5.6027 46.1544 0.0314	
69.510058 263.993430	6.35e-01  6.87e-01  2.77e+05	-15.9165 61.6140 0.1804	
69.510058 263.993430	3.45e-01  8.20e-01  2.97e+05	10.2436 45.9909 0.3415	
69.510058 263.993430	7.32e-01  8.58e-01  2.48e+05	-12.8955 80.5350 0.5140	
69.510058 263.993430	8.38e-01  9.67e-01  2.29e+05	-47.0702 78.5659 0.3628	
69.510058 263.993430	6.65e-01  7.58e-01  2.65e+05	-1.1444 71.4609 0.3602	
69.510058 263.993430	4.48e-01  5.94e-01  3.15e+05	4.6727 24.0979 0.1757	
69.510058 263.993430	4.72e-01  8.01e-01  2.83e+05	18.4905 56.2473 0.7793	
69.510058 263.993430	6.00e-01  7.63e-01  2.72e+05	-31.3151 59.2453 0.1569	
69.510058 263.993430	6.81e-01  7.45e-01  2.65e+05	-13.9246 70.2996 0.5625	
69.510058 263.993430	6.02e-01  8.70e-01  2.60e+05	21.3962 71.5813 0.5812	
69.510058 263.993430	5.31e-01  8.59e-01  2.69e+05	63.1789 27.8487 0.4368	
69.510058 263.993430	6.85e-01  9.15e-01  2.47e+05	-34.1615 74.6694 0.5910	
69.510058 263.993430	4.96e-01  9.27e-01  2.65e+05	-14.1412 70.0658 0.8879	
69.510058 263.993430	6.14e-01  8.08e-01  2.65e+05	24.9607 66.8878 0.8915	
69.510058 263.993430	4.52e-01  8.00e-01  2.85e+05	5.8560 56.9433 0.2716	
69.510058 263.993430	4.60e-01  9.47e-01  2.67e+05	11.1615 69.4050 0.1515	
69.510058 263.993430	6.23e-01  8.94e-01  2.55e+05	13.1374 76.3222 0.4330	
69.510058 263.993430	5.77e-01  7.75e-01  2.73e+05	5.7202 65.8723 0.4394	
69.510058 263.993430	6.88e-01  9.19e-01  2.47e+05	19.6247 80.0990 0.4212	
69.510058 263.993430	5.80e-01  7.64e-01  2.74e+05	16.9711 63.2473 0.6854	
69.510058 263.993430	5.01e-01  8.21e-01  2.77e+05	7.1156 63.2556 0.5328	
69.510058 263.993430	4.86e-01  8.77e-01  2.72e+05	-19.3242 64.1471 0.7783	
69.510058 263.993430	3.85e-01  9.17e-01  2.79e+05	40.0910 47.1771 0.2310	
69.510058 263.993430	5.25e-01  7.69e-01  2.80e+05	8.1775 60.6385 0.9146	
69.510058 263.993430	4.47e-01  8.74e-01  2.77e+05	-9.8092 62.8228 0.2170	
69.510058 263.993430	6.44e-01  7.50e-01  2.69e+05	12.6387 68.1566 0.1864	
69.510058 263.993430	6.89e-01  7.63e-01  2.62e+05	41.9059 60.2955 0.0961	
69.510058 263.993430	6.50e-01  7.38e-01  2.69e+05	19.2490 66.1973 0.9741	
69.510058 263.993430	5.57e-01  6.31e-01  2.94e+05	-25.6954 43.0910 0.4966	
69.510058 263.993430	5.13e-01  7.97e-01  2.78e+05	10.3865 61.7216 0.1907	
69.510058 263.993430	5.12e-01  8.66e-01  2.70e+05	-19.1135 65.4224 0.7218	
69.510058 263.993430	6.21e-01  9.12e-01  2.54e+05	10.2351 77.7191 0.6488	
69.510058 263.993430	5.93e-01  7.96e-01  2.69e+05	42.1461 54.5623 0.3896	
69.510058 263.993430	4.33e-01  7.70e-01  2.92e+05	24.4107 45.8573 0.7102	
69.510058 263.993430	5.99e-01  7.18e-01  2.77e+05	-6.4229 62.8488 0.8260	
69.510058 263.993430	4.90e-01  8.10e-01  2.79e+05	-22.7337 57.4391 0.2203	
69.510058 263.993430	5.90e-01  6.47e-01  2.87e+05	-5.2517 55.3617 0.5967	
69.510058 263.993430	5.80e-01  8.22e-01  2.68e+05	-34.4098 60.9202 0.2932	
69.510058 263.993430	5.12e-01  9.20e-01  2.64e+05	15.8622 70.2365 0.9830	
69.510058 263.993430	6.19e-01  8.45e-01  2.61e+05	-16.7896 72.2636 0.7890	
69.510058 263.993430	6.22e-01  9.44e-01  2.50e+05	39.2912 70.0185 0.5568	
69.510058 263.993430	4.09e-01  7.77e-01  2.94e+05	-24.3221 43.6119 0.3105	
69.510058 263.993430	5.12e-01  7.69e-01  2.82e+05	20.7091 56.3524 0.6232	
69.510058 263.993430	6.37e-01  8.24e-01  2.61e+05	-6.0587 73.7328 0.9119	
69.510058 263.993430	4.24e-01  7.97e-01  2.89e+05	-23.0656 48.7549 0.9378	
69.510058 263.993430	4.57e-01  7.50e-01  2.91e+05	-13.8763 50.4510 0.2017	
69.510058 263.993430	5.38e-01  8.63e-01  2.68e+05	5.1401 69.6456 0.1445	
69.510058 263.993430	7.68e-01  8.67e-01  2.44e+05	-42.1004 72.5836 0.5469	
69.510058 263.993430	3.61e-01  9.16e-01  2.82e+05	-16.5245 57.2005 0.5499	
69.510058 263.993430	6.58e-01  7.91e-01  2.62e+05	-43.1587 59.1270 0.5152	
69.510058 263.993430	4.97e-01  7.61e-01  2.85e+05	-13.2506 56.2392 0.0594	
69.510058 263.993430	5.44e-01  8.58e-01  2.68e+05	2.0752 69.8348 0.7568	
69.510058 263.993430	6.54e-01  7.56e-01  2.67e+05	-17.2369 68.3457 0.7778	
69.510058 263.993430	6.76e-01  8.00e-01  2.60e+05	0.2727 74.9353 0.8629	
69.510058 263.993430	4.68e-01  8.68e-01  2.75e+05	11.4809 63.8564 0.2876	
69.510058 263.993430	5.26e-01  6.82e-01  2.91e+05	-35.1542 38.9564 0.2195	
69.510058 263.993430	4.50e-01  7.80e-01  2.88e+05	3.5183 54.7834 0.0003	
69.510058 263.993430	5.25e-01  8.04e-01  2.76e+05	-15.7660 62.3008 0.9627	
69.510058 263.993430	6.71e-01  8.81e-01  2.52e+05	9.3993 78.9290 0.4806	
69.510058 263.993430	5.53e-01  8.72e-01  2.65e+05	-42.0715 57.9499 0.8446	
69.510058 263.993430	6.21e-01  7.51e-01  2.71e+05	-27.0054 62.1197 0.9379	
69.510058 263.993430	4.67e-01  8.75e-01  2.74e+05	-4.4299 65.1625 0.8802	
69.510058 263.993430	6.45e-01  7.39e-01  2.70e+05	-14.4676 67.0372 0.0142	
69.510058 263.993430	5.16e-01  9.39e-01  2.62e+05	-16.7848 71.6399 0.1592	
69.510058 263.993430	5.47e-01  6.97e-01  2.87e+05	-20.5691 52.4145 0.7940	
69.510058 263.993430	7.95e-01  8.06e-01  2.47e+05	23.8834 78.6031 0.2423	
69.510058 263.993430	6.09e-01  9.00e-01  2.56e+05	-6.3203 76.7453 0.0129	
69.510058 263.993430	5.12e-01  7.78e-01  2.81e+05	-20.0739 57.4279 0.8246	
69.510058 263.993430	7.05e-01  8.03e-01  2.56e+05	26.5135 72.1643 0.5265	
69.510058 263.993430	6.16e-01  8.43e-01  2.61e+05	-34.0532 65.5393 0.1093	
69.510058 263.993430	5.40e-01  7.93e-01  2.75e+05	46.6126 44.7513 0.8932	
69.510058 263.993430	6.94e-01  8.50e-01  2.53e+05	15.1002 77.6081 0.3920	
69.510058 263.993430	4.56e-01  7.34e-01  2.93e+05	-14.3506 48.2657 0.0630	
69.510058 263.993430	6.28e-01  8.45e-01  2.60e+05	3.6149 74.6641 0.2027	
69.510058 263.993430	5.38e-01  8.96e-01  2.64e+05	-23.7821 68.1274 0.7765	
69.510058 263.993430	3.68e-01  9.64e-01  2.76e+05	2.9068 64.3937 0.9895	
69.510058 263.993430	5.18e-01  9.38e-01  2.62e+05	-5.2453 73.4562 0.6638	
69.510058 263.993430	6.86e-01  8.31e-01  2.55e+05	12.4135 76.4847 0.3513	
69.510058 263.993430	6.34e-01  8.14e-01  2.63e+05	-21.2608 69.9765 0.9936	
69.510058 263.993430	5.71e-01  8.83e-01  2.62e+05	-8.2222 73.0154 0.4482	
69.510058 263.993430	7.24e-01  9.05e-01  2.45e+05	23.5549 80.2016 0.3720	
69.510058 263.993430	5.54e-01  6.67e-01  2.89e+05	12.7559 52.3746 0.4155	
69.510058 263.993430	3.34e-01  8.76e-01  2.91e+05	6.7962 52.3328 0.7342	
69.510058 263.993430	5.45e-01  6.68e-01  2.90e+05	16.4368 50.4060 0.2605	
69.510058 263.993430	5.25e-01  5.96e-01  3.03e+05	10.1273 39.6051 0.5183	
69.510058 263.993430	5.35e-01  8.93e-01  2.65e+05	3.9731 71.6770 0.2412	
69.510058 263.993430	4.53e-01  8.25e-01  2.82e+05	25.9002 53.7970 0.6880	
69.510058 263.993430	6.07e-01  8.67e-01  2.60e+05	-47.3078 57.9143 0.8482	
69.510058 263.993430	5.33e-01  6.57e-01  2.93e+05	28.5831 41.5289 0.0103	
69.510058 263.993430	5.99e-01  8.53e-01  2.62e+05	0.7478 73.3884 0.6421	
69.510058 263.993430	4.82e-01  8.41e-01  2.77e+05	16.6835 61.5463 0.0986	
69.510058 263.993430	5.56e-01  8.90e-01  2.63e+05	-14.3548 71.5675 0.7444	
69.510058 263.993430	6.06e-01  8.56e-01  2.61e+05	-3.1432 73.9793 0.4415	
69.510058 263.993430	4.60e-01  8.40e-01  2.79e+05	-35.5360 50.4441 0.3404	
69.510058 263.993430	6.09e-01  8.50e-01  2.61e+05	-18.0108 71.6142 0.6156	
69.510058 263.993430	4.95e-01  6.94e-01  2.94e+05	-6.5988 49.7714 0.5329	
69.510058 263.993430	5.27e-01  6.92e-01  2.90e+05	-4.2489 53.5348 0.6160	
69.510058 263.993430	3.79e-01  8.11e-01  2.93e+05	2.5333 50.3802 0.3547	
69.510058 263.993430	8.25e-01  9.53e-01  2.31e+05	5.0961 90.2861 0.4135	
69.510058 263.993430	5.90e-01  6.74e-01  2.84e+05	14.0991 56.6265 0.1037	
69.510058 263.993430	5.98e-01  8.38e-01  2.64e+05	29.4931 66.0656 0.2473	
69.510058 263.993430	6.54e-01  8.09e-01  2.61e+05	-22.5803 70.5539 0.8264	
69.510058 263.993430	6.20e-01  6.56e-01  2.82e+05	-1.0631 59.5549 0.9316	
69.510058 263.993430	6.39e-01  7.43e-01  2.70e+05	-2.9711 68.4381 0.8759	
69.510058 263.993430	5.05e-01  8.13e-01  2.77e+05	-5.3454 63.0707 0.3370	
69.510058 263.993430	4.51e-01  7.96e-01  2.86e+05	11.7269 55.4811 0.4949	
69.510058 263.993430	3.88e-01  8.36e-01  2.89e+05	-13.0143 52.6484 0.1282	
69.510058 263.993430	5.59e-01  6.83e-01  2.87e+05	-3.5734 56.0369 0.5107	
69.510058 263.993430	5.02e-01  9.85e-01  2.58e+05	-26.1175 70.9866 0.2279	
69.510058 263.993430	6.38e-01  9.05e-01  2.53e+05	11.4455 78.1351 0.4353	
69.510058 263.993430	6.08e-01  8.81e-01  2.58e+05	43.0531 62.2811 0.7416	
69.510058 263.993430	3.00e-01  8.39e-01  3.01e+05	10.6545 42.1302 0.6240	
69.510058 263.993430	4.57e-01  6.78e-01  3.01e+05	12.4376 41.2569 0.0291	
69.510058 263.993430	6.43e-01  8.94e-01  2.53e+05	23.7966 74.9308 0.5201	
69.510058 263.993430	5.43e-01  7.84e-01  2.76e+05	-23.5086 59.6008 0.6504	
69.510058 263.993430	5.97e-01  7.84e-01  2.70e+05	-10.1362 67.6553 0.9608	
69.510058 263.993430	7.75e-01  9.88e-01  2.33e+05	-16.9731 88.2091 0.8504	
69.510058 263.993430	4.81e-01  7.99e-01  2.82e+05	6.3028 59.6327 0.7849	
69.510058 263.993430	6.98e-01  8.48e-01  2.53e+05	37.3936 69.7306 0.1033	
69.510058 263.993430	5.22e-01  9.62e-01  2.59e+05	5.4990 75.2504 0.3950	
69.510058 263.993430	5.77e-01  8.04e-01  2.70e+05	-19.1011 65.6596 0.8082	
69.510058 263.993430	6.63e-01  8.45e-01  2.56e+05	-36.6506 67.6546 0.3461	
69.510058 263.993430	5.63e-01  7.50e-01  2.78e+05	7.4680 62.4231 0.9771	
69.510058 263.993430	5.35e-01  6.58e-01  2.93e+05	-24.6103 44.3297 0.2377	
69.510058 263.993430	6.01e-01  9.14e-01  2.56e+05	-14.4794 75.9569 0.4704	
69.510058 263.993430	4.26e-01  7.83e-01  2.91e+05	14.6994 50.5148 0.1396	
69.510058 263.993430	5.97e-01  6.41e-01  2.87e+05	-17.8210 52.7548 0.8272	
69.510058 263.993430	4.94e-01  9.08e-01  2.68e+05	24.1959 65.5912 0.5050	
69.510058 263.993430	5.86e-01  9.40e-01  2.54e+05	-10.3726 77.3119 0.9286	
69.510058 263.993430	6.57e-01  7.20e-01  2.70e+05	-36.5382 57.4284 0.4464	
69.510058 263.993430	5.58e-01  7.68e-01  2.76e+05	16.6113 61.8206 0.3994	
69.510058 263.993430	6.04e-01  7.67e-01  2.71e+05	-22.5956 63.7265 0.2739	
69.510058 263.993430	3.87e-01  9.70e-01  2.73e+05	30.9341 58.8284 0.8628	
69.510058 263.993430	5.42e-01  6.65e-01  2.91e+05	-11.1621 51.1773 0.3649	
69.510058 263.993430	5.44e-01  6.78e-01  2.89e+05	14.4847 51.9744 0.9290	
69.510058 263.993430	6.05e-01  8.04e-01  2.67e+05	-5.4354 70.2159 0.5685	
69.510058 263.993430	6.58e-01  7.33e-01  2.69e+05	2.4833 69.0757 0.4491	
69.510058 263.993430	7.25e-01  8.56e-01  2.49e+05	-14.7796 79.7324 0.2851	
69.510058 263.993430	4.58e-01  7.81e-01  2.87e+05	-0.0996 55.8690 0.6346	
69.510058 263.993430	5.39e-01  8.54e-01  2.69e+05	49.9855 48.0416 0.9912	
69.510058 263.993430	5.74e-01  7.24e-01  2.80e+05	11.6238 60.4962 0.0596	
69.510058 263.993430	7.73e-01  8.98e-01  2.41e+05	-16.2639 84.1108 0.5437	
69.510058 263.993430	7.13e-01  7.90e-01  2.57e+05	22.8321 73.1158 0.6472	
69.510058 263.993430	5.53e-01  8.63e-01  2.66e+05	-32.6838 62.9519 0.6975	
69.510058 263.993430	6.15e-01  7.79e-01  2.68e+05	16.3357 67.4103 0.1104	
69.510058 263.993430	6.15e-01  7.97e-01  2.66e+05	1.1176 70.6532 0.4624	
69.510058 263.993430	4.76e-01  6.84e-01  2.98e+05	-1.1262 46.5699 0.8319	
69.510058 263.993430	7.43e-01  7.84e-01  2.54e+05	61.1069 48.5724 0.8957	
69.510058 263.993430	3.17e-01  8.50e-01  2.97e+05	6.0708 47.0665 0.6571	
69.510058 263.993430	3.93e-01  9.17e-01  2.78e+05	9.1869 61.8588 0.9836	
69.510058 263.993430	4.92e-01  7.88e-01  2.82e+05	-25.3536 54.3481 0.4390	
69.510058 263.993430	4.78e-01  7.74e-01  2.85e+05	-10.8359 56.0996 0.4230	
69.510058 263.993430	5.03e-01  7.50e-01  2.85e+05	0.9602 57.2898 0.6234	
69.510058 263.993430	6.01e-01  8.89e-01  2.58e+05	-7.6827 75.4228 0.2343	
69.510058 263.993430	5.79e-01  8.99e-01  2.59e+05	-4.3227 74.9285 0.7861	
69.510058 263.993430	5.80e-01  7.84e-01  2.72e+05	-1.2767 67.0495 0.3549	
69.510058 263.993430	5.98e-01  8.87e-01  2.59e+05	2.0928 75.4496 0.0236	
69.510058 263.993430	6.85e-01  8.33e-01  2.55e+05	14.6981 76.1035 0.6410	
69.510058 263.993430	5.12e-01  8.90e-01  2.68e+05	6.3456 69.6494 0.7758	
69.510058 263.993430	4.93e-01  6.99e-01  2.93e+05	-9.4681 49.7431 0.6621	
69.510058 263.993430	3.50e-01  7.18e-01  3.11e+05	-2.0306 30.8662 0.7754	
69.510058 263.993430	6.73e-01  8.17e-01  2.58e+05	12.1201 74.8403 0.4251	
69.510058 263.993430	5.39e-01  8.11e-01  2.73e+05	-8.3220 65.4494 0.1743	
69.510058 263.993430	5.67e-01  6.48e-01  2.90e+05	3.1481 53.1650 0.1330	
69.510058 263.993430	5.38e-01  7.04e-01  2.87e+05	-14.6498 54.2228 0.1456	
69.510058 263.993430	6.71e-01  8.16e-01  2.58e+05	33.5959 67.7380 0.0988	
69.510058 263.993430	4.67e-01  7.76e-01  2.87e+05	-6.4598 55.8809 0.9799	
69.510058 263.993430	6.18e-01  7.37e-01  2.73e+05	-20.7354 63.0325 0.9435	
69.510058 263.993430	5.08e-01  7.99e-01  2.79e+05	39.5143 48.1649 0.6751	
69.510058 263.993430	3.96e-01  9.06e-01  2.79e+05	-27.2183 55.6020 0.4732	
69.510058 263.993430	5.35e-01  7.36e-01  2.83e+05	16.1217 56.7052 0.1459	
69.510058 263.993430	5.21e-01  8.04e-01  2.76e+05	14.8835 62.1818 0.8562	
69.510058 263.993430	4.57e-01  6.85e-01  3.00e+05	10.8772 42.5449 0.8933	
69.510058 263.993430	5.08e-01  8.47e-01  2.73e+05	51.8017 41.5217 0.8089	
69.510058 263.993430	5.70e-01  7.64e-01  2.75e+05	-32.1412 56.1238 0.6403	
69.510058 263.993430	4.10e-01  9.92e-01  2.68e+05	-1.1575 69.8873 0.6798	
69.510058 263.993430	5.75e-01  8.41e-01  2.66e+05	-16.9668 68.9062 0.2322	
69.510058 263.993430	4.99e-01  6.02e-01  3.06e+05	-11.3558 35.8059 0.3135	
69.510058 263.993430	5.27e-01  8.43e-01  2.71e+05	7.2573 67.1295 0.9702	
69.510058 263.993430	5.63e-01  6.82e-01  2.86e+05	20.3468 52.7388 0.9433	
69.510058 263.993430	7.03e-01  8.29e-01  2.54e+05	-24.7740 74.3202 0.1063	
69.510058 263.993430	5.50e-01  7.64e-01  2.78e+05	30.2823 55.2452 0.8579	
69.510058 263.993430	6.18e-01  8.66e-01  2.59e+05	8.3310 74.9945 0.6163	
69.510058 263.993430	7.90e-01  8.98e-01  2.39e+05	-6.7084 86.1909 0.7059	
69.510058 263.993430	5.93e-01  9.01e-01  2.58e+05	-9.8224 75.4147 0.0044	
69.510058 263.993430	7.29e-01  9.22e-01  2.42e+05	-17.4252 82.8868 0.7687	
69.510058 263.993430	5.11e-01  9.13e-01  2.65e+05	-32.3514 63.7404 0.7271	
69.510058 263.993430	4.98e-01  6.46e-01  3.00e+05	-2.0607 44.3011 0.8149	
69.510058 263.993430	4.53e-01  9.66e-01  2.66e+05	-29.6374 64.6298 0.6444	
69.510058 263.993430	6.43e-01  9.69e-01  2.46e+05	-8.1001 82.3643 0.1627	
69.510058 263.993430	5.77e-01  9.53e-01  2.54e+05	12.9735 77.1626 0.7325	
69.510058 263.993430	6.69e-01  8.61e-01  2.54e+05	-2.3364 78.2305 0.4717	
69.510058 263.993430	5.38e-01  7.33e-01  2.83e+05	-11.1709 57.9787 0.4849	
69.510058 263.993430	6.49e-01  7.46e-01  2.68e+05	-3.3571 69.2814 0.4767	
69.510058 263.993430	5.80e-01  8.45e-01  2.65e+05	-24.4032 67.2873 0.9353	
69.510058 263.993430	3.98e-01  9.48e-01  2.74e+05	34.4774 55.9449 0.9968	
69.510058 263.993430	5.63e-01  6.94e-01  2.85e+05	12.0304 56.3943 0.1794	
69.510058 263.993430	5.08e-01  9.80e-01  2.58e+05	25.2501 71.3694 0.4389	
69.510058 263.993430	6.41e-01  8.82e-01  2.55e+05	-5.8677 77.6057 0.5530	
69.510058 263.993430	7.09e-01  8.04e-01  2.56e+05	-1.9830 77.2413 0.2650	
69.510058 263.993430	3.85e-01  8.02e-01  2.94e+05	14.2174 47.8683 0.9089	
69.510058 263.993430	6.15e-01  8.00e-01  2.66e+05	17.0409 68.7449 0.2196	
69.510058 263.993430	4.84e-01  8.94e-01  2.70e+05	-31.5627 60.3662 0.4318	
69.510058 263.993430	5.17e-01  9.07e-01  2.65e+05	-26.1681 66.4778 0.4025	
69.510058 263.993430	4.05e-01  8.93e-01  2.80e+05	5.1389 61.3476 0.9395	
69.510058 263.993430	4.31e-01  9.08e-01  2.75e+05	-6.4707 64.7712 0.3880	
69.510058 263.993430	5.05e-01  9.47e-01  2.62e+05	-17.3135 71.3020 0.1707	
69.510058 263.993430	5.70e-01  7.14e-01  2.81e+05	-8.5251 59.6727 0.0514	
69.510058 263.993430	5.57e-01  8.43e-01  2.68e+05	31.8452 62.0538 0.4193	
69.510058 263.993430	5.22e-01  8.43e-01  2.72e+05	-13.9303 65.7034 0.5536	
69.510058 263.993430	8.18e-01  8.71e-01  2.39e+05	60.7456 61.6324 0.5263	
69.510058 263.993430	5.77e-01  9.16e-01  2.58e+05	-8.5468 75.5306 0.6836	
69.510058 263.993430	6.40e-01  7.16e-01  2.73e+05	18.5443 63.8071 0.3744	
69.510058 263.993430	5.00e-01  7.54e-01  2.85e+05	-1.9096 57.3102 0.8569	
69.510058 263.993430	6.58e-01  9.39e-01  2.47e+05	-10.1149 81.3784 0.0450	
69.510058 263.993430	4.05e-01  8.65e-01  2.83e+05	-9.9297 58.1077 0.2049	
69.510058 263.993430	4.26e-01  7.20e-01  3.00e+05	-7.5466 43.9451 0.6158	
69.510058 263.993430	7.00e-01  8.16e-01  2.55e+05	-17.0594 75.5361 0.4640	
69.510058 263.993430	5.71e-01  7.60e-01  2.76e+05	-5.1066 64.1510 0.0335	
69.510058 263.993430	5.68e-01  7.41e-01  2.78e+05	-36.5481 50.6965 0.6941	
69.510058 263.993430	7.67e-01  8.08e-01  2.50e+05	18.3508 78.6408 0.1183	
69.510058 263.993430	5.60e-01  8.52e-01  2.66e+05	6.2436 70.3721 0.7210	
69.510058 263.993430	6.74e-01  9.13e-01  2.48e+05	-0.6017 81.4128 0.0959	
69.510058 263.993430	4.47e-01  8.62e-01  2.78e+05	4.1884 62.3616 0.4995	
69.510058 263.993430	5.71e-01  7.64e-01  2.75e+05	0.5062 64.7277 0.9415	
69.510058 263.993430	4.72e-01  8.75e-01  2.74e+05	12.4193 64.4852 0.9987	
69.510058 263.993430	5.21e-01  8.96e-01  2.66e+05	11.2438 70.0752 0.3264	
69.510058 263.993430	6.79e-01  7.54e-01  2.64e+05	-26.1085 67.2051 0.5927	
69.510058 263.993430	5.54e-01  8.77e-01  2.64e+05	16.1908 70.0941 0.7677	
69.510058 263.993430	5.18e-01  8.60e-01  2.70e+05	35.1077 58.3699 0.1029	
69.510058 263.993430	4.52e-01  8.29e-01  2.82e+05	8.1540 59.4675 0.4536	
69.510058 263.993430	4.14e-01  9.12e-01  2.76e+05	-0.1013 63.9667 0.3065	
69.510058 263.993430	4.57e-01  8.56e-01  2.78e+05	-1.0686 62.8847 0.9644	
69.510058 263.993430	6.90e-01  8.87e-01  2.49e+05	-9.8282 80.2926 0.3010	
69.510058 263.993430	3.94e-01  8.39e-01  2.88e+05	-7.9138 54.6921 0.8329	
69.510058 263.993430	6.60e-01  9.13e-01  2.50e+05	-2.4042 80.6263 0.1750	
69.510058 263.993430	3.68e-01  8.36e-01  2.92e+05	14.9201 49.7528 0.6067	
69.510058 263.993430	3.47e-01  8.48e-01  2.93e+05	6.3114 50.5259 0.6432	
69.510058 263.993430	3.98e-01  7.74e-01  2.96e+05	12.9104 46.3049 0.1688	
69.510058 263.993430	5.91e-01  8.50e-01  2.63e+05	-14.6411 71.1387 0.9668	
69.510058 263.993430	4.63e-01  6.89e-01  2.99e+05	7.0190 44.8253 0.9867	
69.510058 263.993430	5.66e-01  7.33e-01  2.80e+05	11.2787 60.5810 0.8096	
69.510058 263.993430	6.23e-01  7.37e-01  2.72e+05	13.2430 65.3637 0.4822	
69.510058 263.993430	4.68e-01  8.69e-01  2.75e+05	-22.3207 61.0066 0.0742	
69.510058 263.993430	7.83e-01  8.65e-01  2.43e+05	-12.4317 83.6679 0.6444	
69.510058 263.993430	4.33e-01  7.71e-01  2.92e+05	-10.6781 50.9300 0.2416	
69.510058 263.993430	2.96e-01  9.25e-01  2.89e+05	-8.9229 53.2388 0.5409	
69.510058 263.993430	4.74e-01  8.94e-01  2.71e+05	26.0287 62.1054 0.7100	
69.510058 263.993430	6.12e-01  8.91e-01  2.57e+05	-9.1922 76.0783 0.7294	
69.510058 263.993430	6.53e-01  7.31e-01  2.70e+05	-29.7597 61.7985 0.1272	
69.510058 263.993430	4.75e-01  7.87e-01  2.84e+05	16.4214 55.7881 0.3426	
69.510058 263.993430	3.53e-01  8.08e-01  2.97e+05	26.7164 38.2545 0.0411	
69.510058 263.993430	5.50e-01  9.78e-01  2.54e+05	2.6258 78.0976 0.8747	
69.510058 263.993430	5.18e-01  7.55e-01  2.83e+05	-12.0356 58.0443 0.5377	
69.510058 263.993430	4.62e-01  7.82e-01  2.86e+05	28.1431 48.8449 0.7741	
69.510058 263.993430	5.96e-01  8.41e-01  2.64e+05	-8.2836 71.9095 0.6467	
69.510058 263.993430	5.18e-01  7.18e-01  2.87e+05	-3.4290 55.4163 0.0974	
69.510058 263.993430	6.03e-01  7.29e-01  2.76e+05	-8.3313 63.9257 0.8745	
69.510058 263.993430	5.76e-01  7.76e-01  2.73e+05	12.0284 65.0152 0.1209	
69.510058 263.993430	4.67e-01  7.80e-01  2.86e+05	-11.4354 55.5554 0.3412	
69.510058 263.993430	6.25e-01  7.18e-01  2.74e+05	-1.2564 65.3569 0.2707	
69.510058 263.993430	5.01e-01  7.28e-01  2.88e+05	-3.4056 54.6556 0.7026	
69.510058 263.993430	4.99e-01  8.61e-01  2.72e+05	8.7345 66.1508 0.4514	
69.510058 263.993430	6.75e-01  9.31e-01  2.47e+05	-60.4833 56.0149 0.9487	
69.510058 263.993430	3.49e-01  8.08e-01  2.98e+05	16.4208 43.0145 0.1582	
69.510058 263.993430	6.53e-01  9.50e-01  2.47e+05	45.4144 68.5902 0.7282	
69.510058 263.993430	5.80e-01  7.04e-01  2.81e+05	1.3887 60.2069 0.1576	
69.510058 263.993430	7.06e-01  8.44e-01  2.52e+05	17.8636 77.3507 0.4789	
69.510058 263.993430	6.59e-01  8.45e-01  2.57e+05	1.6816 76.6508 0.8345	
69.510058 263.993430	4.06e-01  7.84e-01  2.93e+05	4.2073 50.2799 0.3263	
69.510058 263.993430	4.63e-01  7.40e-01  2.92e+05	-24.0315 45.9795 0.5459	
69.510058 263.993430	5.02e-01  7.91e-01  2.80e+05	1.5256 61.1101 0.2087	
69.510058 263.993430	4.63e-01  7.93e-01  2.85e+05	-24.2132 52.1852 0.4600	
69.510058 263.993430	7.00e-01  9.21e-01  2.45e+05	-32.0842 76.7649 0.1496	
69.510058 263.993430	5.47e-01  8.64e-01  2.67e+05	-1.5275 70.5242 0.5741	
69.510058 263.993430	6.31e-01  7.48e-01  2.70e+05	-24.4193 63.7228 0.3360	
69.510058 263.993430	6.37e-01  8.26e-01  2.61e+05	8.4713 73.6838 0.7028	
69.510058 263.993430	5.46e-01  8.06e-01  2.73e+05	6.4076 65.7492 0.6986	
69.510058 263.993430	4.72e-01  7.70e-01  2.87e+05	-14.4035 54.2201 0.8661	
69.510058 263.993430	6.97e-01  7.74e-01  2.60e+05	44.6560 59.8118 0.8229	
69.510058 263.993430	7.30e-01  9.53e-01  2.40e+05	-19.4000 84.0285 0.5865	
69.510058 263.993430	4.84e-01  8.10e-01  2.80e+05	-5.7954 60.9781 0.4460	
69.510058 263.993430	6.98e-01  8.81e-01  2.49e+05	12.2087 80.0639 0.5674	
69.510058 263.993430	4.59e-01  8.42e-01  2.79e+05	-2.3277 61.7090 0.0920	
69.510058 263.993430	6.61e-01  8.13e-01  2.60e+05	22.2447 71.4482 0.2531	
69.510058 263.993430	5.24e-01  8.59e-01  2.70e+05	13.6001 67.2087 0.2095	
69.510058 263.993430	4.11e-01  7.80e-01  2.93e+05	2.7744 50.3592 0.9830	
69.510058 263.993430	5.51e-01  7.17e-01  2.83e+05	-15.1825 56.8350 0.1638	
69.510058 263.993430	6.67e-01  7.47e-01  2.66e+05	-17.5443 68.6434 0.2051	
69.510058 263.993430	6.65e-01  8.24e-01  2.58e+05	-30.9698 69.1174 0.3281	
69.510058 263.993430	6.22e-01  7.46e-01  2.71e+05	-16.3248 65.3514 0.0081	
69.510058 263.993430	8.03e-01  8.90e-01  2.39e+05	-34.9912 79.3457 0.0526	
69.510058 263.993430	4.84e-01  8.93e-01  2.70e+05	9.0013 67.5014 0.0484	
69.510058 263.993430	5.52e-01  7.88e-01  2.75e+05	-4.5089 64.9309 0.9140	
69.510058 263.993430	6.24e-01  7.21e-01  2.74e+05	-16.1407 63.5204 0.9886	
69.510058 263.993430	4.56e-01  8.41e-01  2.80e+05	2.6849 61.3733 0.6272	
69.510058 263.993430	6.47e-01  7.23e-01  2.71e+05	37.6556 56.0513 0.0993	
69.510058 263.993430	5.53e-01  8.10e-01  2.72e+05	-16.3599 64.9616 0.6711	
69.510058 263.993430	4.60e-01  7.89e-01  2.86e+05	2.1493 56.8859 0.2376	
69.510058 263.993430	5.41e-01  7.89e-01  2.76e+05	14.8240 62.5894 0.4298	
69.510058 263.993430	7.71e-01  8.77e-01  2.43e+05	-33.0180 77.8483 0.6091	
69.510058 263.993430	4.12e-01  8.05e-01  2.90e+05	-13.0723 51.8456 0.6024	
69.510058 263.993430	7.24e-01  8.13e-01  2.53e+05	-15.0491 77.1984 0.8338	
69.510058 263.993430	8.52e-01  9.31e-01  2.31e+05	18.9863 88.6387 0.5517	
69.510058 263.993430	5.08e-01  8.54e-01  2.72e+05	38.0147 55.0627 0.0475	
69.510058 263.993430	5.87e-01  6.91e-01  2.82e+05	32.5835 50.1055 0.0577	
69.510058 263.993430	7.33e-01  9.51e-01  2.39e+05	6.8905 86.0061 0.8566	
69.510058 263.993430	6.14e-01  8.18e-01  2.64e+05	35.1689 62.8988 0.5776	
69.510058 263.993430	7.19e-01  8.78e-01  2.48e+05	-40.4771 71.2313 0.9699	
69.510058 263.993430	5.53e-01  6.75e-01  2.88e+05	2.6287 54.6730 0.2189	
69.510058 263.993430	4.39e-01  8.20e-01  2.85e+05	-42.6944 38.9589 0.3511	
69.510058 263.993430	5.21e-01  8.47e-01  2.72e+05	8.0926 66.8368 0.4733	
69.510058 263.993430	7.74e-01  9.33e-01  2.37e+05	27.5820 82.9248 0.9583	
69.510058 263.993430	6.51e-01  7.36e-01  2.69e+05	38.6248 56.9372 0.5944	
69.510058 263.993430	5.68e-01  7.95e-01  2.72e+05	-42.5819 51.7154 0.8342	
69.510058 263.993430	5.59e-01  8.01e-01  2.72e+05	7.7146 66.2624 0.6109	
69.510058 263.993430	5.89e-01  9.07e-01  2.58e+05	-15.4982 74.5967 0.7727	
69.510058 263.993430	5.87e-01  8.67e-01  2.62e+05	-1.8518 73.5501 0.9926	
69.510058 263.993430	6.08e-01  8.54e-01  2.61e+05	26.1157 69.2544 0.3022	
69.510058 263.993430	7.04e-01  8.69e-01  2.50e+05	6.2371 80.3769 0.9968	
69.510058 263.993430	3.81e-01  9.44e-01  2.76e+05	31.2919 55.7162 0.8234	
69.510058 263.993430	4.96e-01  7.76e-01  2.83e+05	-6.2363 58.8069 0.7986	
69.510058 263.993430	4.93e-01  6.40e-01  3.01e+05	-7.0826 42.1544 0.6886	
69.510058 263.993430	6.65e-01  9.77e-01  2.43e+05	1.9354 84.2668 0.3339	
69.510058 263.993430	5.84e-01  7.85e-01  2.71e+05	-18.2027 64.9841 0.9867	
69.510058 263.993430	4.51e-01  8.78e-01  2.76e+05	-1.6309 64.2552 0.4675	
69.510058 263.993430	3.46e-01  8.14e-01  2.98e+05	7.3293 45.9444 0.4693	
69.510058 263.993430	4.86e-01  8.61e-01  2.74e+05	-0.7499 65.7310 0.3447	
69.510058 263.993430	2.91e-01  9.47e-01  2.87e+05	-7.9924 55.0890 0.7035	
69.510058 263.993430	4.64e-01  8.71e-01  2.75e+05	2.0687 64.6984 0.1285	
69.510058 263.993430	4.92e-01  7.16e-01  2.91e+05	1.3755 52.4692 0.7891	
69.510058 263.993430	7.05e-01  8.45e-01  2.52e+05	17.7064 77.3845 0.5201	
69.510058 263.993430	3.39e-01  8.69e-01  2.91e+05	-6.6727 52.0731 0.6751	
69.510058 263.993430	6.82e-01  7.53e-01  2.64e+05	29.1107 66.1529 0.8054	
69.510058 263.993430	5.90e-01  8.00e-01  2.69e+05	5.1856 68.8651 0.4651	
69.510058 263.993430	4.84e-01  7.93e-01  2.82e+05	-19.7073 56.2559 0.2088	
69.510058 263.993430	4.52e-01  6.50e-01  3.06e+05	11.8530 35.6426 0.3358	
69.510058 263.993430	2.92e-01  9.22e-01  2.90e+05	10.8318 51.9911 0.7817	
69.510058 263.993430	5.88e-01  6.80e-01  2.83e+05	-4.4131 58.6309 0.9416	
69.510058 263.993430	6.37e-01  8.13e-01  2.62e+05	-33.6119 65.0554 0.3221	
69.510058 263.993430	5.64e-01  7.71e-01  2.75e+05	25.6387 59.4802 0.3165	
69.510058 263.993430	5.12e-01  8.40e-01  2.73e+05	-11.7101 65.1166 0.1111	
69.510058 263.993430	6.53e-01  8.57e-01  2.56e+05	26.1799 72.4569 0.6375	
69.510058 263.993430	5.04e-01  7.84e-01  2.81e+05	-0.3286 60.6637 0.3979	
69.510058 263.993430	6.76e-01  9.11e-01  2.48e+05	57.7057 57.4325 0.9308	
69.510058 263.993430	6.87e-01  9.24e-01  2.46e+05	6.3069 82.4138 0.8483	
69.510058 263.993430	6.24e-01  7.97e-01  2.66e+05	-54.3349 46.1217 0.2579	
69.510058 263.993430	4.09e-01  8.82e-01  2.81e+05	-26.2409 54.9553 0.2978	
69.510058 263.993430	3.80e-01  8.34e-01  2.90e+05	19.1244 49.5745 0.0051	
69.510058 263.993430	4.42e-01  7.72e-01  2.90e+05	-17.9859 50.0045 0.1068	
69.510058 263.993430	6.02e-01  7.50e-01  2.73e+05	9.7491 65.4218 0.2042	
69.510058 263.993430	3.70e-01  8.87e-01  2.85e+05	-10.3453 56.6689 0.0500	
69.510058 263.993430	7.27e-01  8.16e-01  2.53e+05	20.3522 76.3354 0.4645	
69.510058 263.993430	5.20e-01  6.06e-01  3.02e+05	-0.8519 41.5532 0.1563	
69.510058 263.993430	4.86e-01  6.93e-01  2.95e+05	-15.1766 46.6194 0.1412	
69.510058 263.993430	5.23e-01  7.52e-01  2.83e+05	6.7179 59.0393 0.8869	
69.510058 263.993430	6.54e-01  6.90e-01  2.74e+05	8.8561 64.8090 0.1507	
69.510058 263.993430	6.42e-01  9.15e-01  2.51e+05	-7.4362 79.4399 0.7993	
69.510058 263.993430	6.18e-01  7.52e-01  2.71e+05	-13.6839 66.1367 0.7386	
69.510058 263.993430	3.97e-01  7.28e-01  3.02e+05	4.6254 41.2424 0.9239	
69.510058 263.993430	3.97e-01  9.29e-01  2.76e+05	-5.0221 63.8112 0.5671	
69.510058 263.993430	7.47e-01  8.30e-01  2.49e+05	-10.9858 80.1325 0.0853	
69.510058 263.993430	5.75e-01  8.37e-01  2.66e+05	19.2243 67.9720 0.9021	
69.510058 263.993430	5.52e-01  6.87e-01  2.87e+05	12.4919 54.3305 0.7047	
69.510058 263.993430	6.49e-01  8.01e-01  2.62e+05	-17.6299 71.0910 0.5616	
69.510058 263.993430	8.22e-01  9.05e-01  2.36e+05	-51.0128 72.0637 0.3672	
69.510058 263.993430	5.80e-01  6.68e-01  2.86e+05	2.5083 56.7832 0.0268	
69.510058 263.993430	4.38e-01  8.98e-01  2.75e+05	-10.8718 63.9450 0.0049	
69.510058 263.993430	7.90e-01  8.75e-01  2.41e+05	5.2508 85.2484 0.8076	
69.510058 263.993430	7.45e-01  9.40e-01  2.39e+05	35.2441 78.8137 0.6875	
69.510058 263.993430	6.47e-01  7.36e-01  2.70e+05	31.6944 60.7787 0.4542	
69.510058 263.993430	5.86e-01  7.23e-01  2.78e+05	18.2506 59.7210 0.1814	
69.510058 263.993430	5.32e-01  8.78e-01  2.67e+05	-30.5237 63.5554 0.6553	
69.510058 263.993430	4.39e-01  8.38e-01  2.82e+05	4.6676 59.3960 0.9447	
69.510058 263.993430	5.46e-01  7.06e-01  2.85e+05	38.8282 41.9464 0.1093	
69.510058 263.993430	4.40e-01  8.08e-01  2.86e+05	-26.4760 50.2608 0.1771	
69.510058 263.993430	4.92e-01  7.89e-01  2.82e+05	24.7402 54.7165 0.6352	
69.510058 263.993430	7.25e-01  9.31e-01  2.42e+05	-11.5449 84.1483 0.4962	
69.510058 263.993430	5.64e-01  9.03e-01  2.61e+05	-5.1268 74.1560 0.7331	
69.510058 263.993430	6.61e-01  8.08e-01  2.60e+05	27.9682 69.0434 0.9450	
69.510058 263.993430	5.76e-01  8.01e-01  2.70e+05	-2.7652 67.9970 0.6154	
69.510058 263.993430	6.84e-01  9.26e-01  2.46e+05	39.0325 72.8456 0.4873	
69.510058 263.993430	5.38e-01  8.84e-01  2.65e+05	7.2904 70.9621 0.6488	
69.510058 263.993430	6.77e-01  8.39e-01  2.55e+05	-51.1521 58.0838 0.7930	
69.510058 263.993430	7.24e-01  9.01e-01  2.45e+05	-11.7454 82.5602 0.7072	
69.510058 263.993430	6.80e-01  8.04e-01  2.59e+05	14.7442 74.0505 0.8769	
69.510058 263.993430	5.27e-01  8.37e-01  2.72e+05	-26.7336 61.5286 0.7091	
69.510058 263.993430	5.28e-01  6.33e-01  2.97e+05	-3.6747 46.5130 0.8615	
69.510058 263.993430	6.02e-01  8.30e-01  2.64e+05	29.8908 65.5266 0.8348	
69.510058 263.993430	5.48e-01  7.44e-01  2.80e+05	6.8536 60.6258 0.1239	
69.510058 263.993430	2.84e-01  8.87e-01  2.96e+05	-4.1861 47.7517 0.2819	
69.510058 263.993430	6.32e-01  7.53e-01  2.69e+05	11.0897 67.7936 0.3766	
69.510058 263.993430	4.13e-01  9.22e-01  2.75e+05	6.5205 64.4085 0.9557	
69.510058 263.993430	4.40e-01  9.34e-01  2.71e+05	6.4026 67.5845 0.6414	
69.510058 263.993430	4.59e-01  6.53e-01  3.04e+05	-4.2662 39.0958 0.2745	
69.510058 263.993430	3.87e-01  8.43e-01  2.88e+05	-11.8884 53.5621 0.1811	
69.510058 263.993430	4.34e-01  8.48e-01  2.82e+05	-1.5349 60.0545 0.0127	
69.510058 263.993430	5.47e-01  8.44e-01  2.69e+05	36.2670 58.8803 0.1981	
69.510058 263.993430	5.58e-01  8.72e-01  2.65e+05	-18.4811 69.4869 0.3313	
69.510058 263.993430	4.05e-01  9.73e-01  2.70e+05	17.1519 65.9520 0.9996	
69.510058 263.993430	5.30e-01  9.38e-01  2.60e+05	-26.5051 69.5644 0.2252	
69.510058 263.993430	7.32e-01  7.77e-01  2.56e+05	-1.2661 76.9788 0.2796	
69.510058 263.993430	4.12e-01  8.56e-01  2.83e+05	25.8893 52.6683 0.0130	
69.510058 263.993430	6.57e-01  8.88e-01  2.53e+05	19.5147 76.6432 0.3098	
69.510058 263.993430	7.22e-01  8.77e-01  2.47e+05	9.0421 81.5895 0.7312	
69.510058 263.993430	5.89e-01  8.92e-01  2.59e+05	36.8189 65.6339 0.2045	
69.510058 263.993430	3.25e-01  8.62e-01  2.94e+05	6.5186 49.5733 0.1533	
69.510058 263.993430	6.18e-01  8.56e-01  2.60e+05	-10.4822 74.1101 0.3183	
69.510058 263.993430	6.23e-01  7.25e-01  2.74e+05	1.2183 65.8505 0.9977	
69.510058 263.993430	5.20e-01  8.97e-01  2.66e+05	-7.3799 70.6377 0.0253	
69.510058 263.993430	4.99e-01  7.67e-01  2.84e+05	1.9368 58.5792 0.0709	
69.510058 263.993430	5.96e-01  8.35e-01  2.64e+05	-3.8968 71.8422 0.5040	
69.510058 263.993430	5.64e-01  6.58e-01  2.89e+05	-33.9534 42.0842 0.3738	
69.510058 263.993430	3.70e-01  9.49e-01  2.77e+05	38.9570 50.0361 0.0006	
69.510058 263.993430	5.56e-01  8.05e-01  2.72e+05	-9.5489 66.1784 0.0189	
69.510058 263.993430	7.23e-01  8.47e-01  2.50e+05	-7.4701 80.1596 0.5367	
69.510058 263.993430	5.33e-01  9.07e-01  2.63e+05	-5.2577 72.4116 0.7072	
69.510058 263.993430	6.38e-01  8.68e-01  2.56e+05	32.0624 69.7936 0.4110	
69.510058 263.993430	4.30e-01  8.57e-01  2.81e+05	-0.3462 60.5042 0.3898	
69.510058 263.993430	6.21e-01  9.01e-01  2.55e+05	-0.5467 77.7716 0.2715	
69.510058 263.993430	4.78e-01  8.03e-01  2.82e+05	-9.5099 59.2555 0.6629	
69.510058 263.993430	5.24e-01  6.88e-01  2.91e+05	-12.2159 51.4927 0.0060	
69.510058 263.993430	5.49e-01  7.98e-01  2.74e+05	25.8461 60.4269 0.0154	
69.510058 263.993430	5.15e-01  9.68e-01  2.59e+05	-8.5047 74.8647 0.1597	
69.510058 263.993430	5.33e-01  7.72e-01  2.79e+05	-12.4138 60.9220 0.5938	
69.510058 263.993430	5.41e-01  8.86e-01  2.65e+05	-9.4532 71.0476 0.1048	
69.510058 263.993430	4.05e-01  7.72e-01  2.95e+05	2.7765 48.6667 0.0554	
69.510058 263.993430	6.19e-01  6.93e-01  2.78e+05	-50.1697 37.7609 0.3892	
69.510058 263.993430	5.10e-01  9.22e-01  2.64e+05	7.8284 71.6181 0.9846	
69.510058 263.993430	5.56e-01  8.25e-01  2.70e+05	-10.1771 67.5927 0.6282	
69.510058 263.993430	4.03e-01  8.17e-01  2.89e+05	15.5144 51.6245 0.4623	
69.510058 263.993430	6.08e-01  9.64e-01  2.50e+05	16.0498 78.9905 0.6064	
69.510058 263.993430	5.31e-01  6.79e-01  2.91e+05	-5.3720 52.3907 0.7456	
69.510058 263.993430	4.87e-01  7.72e-01  2.85e+05	-0.0907 57.8717 0.6325	
69.510058 263.993430	4.88e-01  9.02e-01  2.69e+05	8.4508 68.5057 0.4775	
69.510058 263.993430	6.40e-01  8.74e-01  2.56e+05	20.8982 74.4082 0.8450	
69.510058 263.993430	5.53e-01  7.60e-01  2.78e+05	5.0591 62.6675 0.6728	
69.510058 263.993430	5.78e-01  7.76e-01  2.73e+05	25.8223 61.0367 0.0801	
69.510058 263.993430	4.56e-01  7.60e-01  2.90e+05	7.5443 52.8100 0.2870	
69.510058 263.993430	6.90e-01  8.00e-01  2.58e+05	16.2667 74.0353 0.2641	
69.510058 263.993430	5.78e-01  9.47e-01  2.55e+05	48.1803 61.2826 0.8996	
69.510058 263.993430	7.07e-01  8.20e-01  2.54e+05	-18.8196 75.7190 0.0236	
69.510058 263.993430	6.76e-01  8.48e-01  2.55e+05	-21.8886 74.7402 0.0688	
69.510058 263.993430	6.00e-01  6.49e-01  2.86e+05	-21.8342 52.5015 0.1694	
69.510058 263.993430	5.06e-01  8.44e-01  2.73e+05	24.2614 61.3704 0.4639	
69.510058 263.993430	5.68e-01  8.38e-01  2.67e+05	-3.2871 70.1803 0.2271	
69.510058 263.993430	5.45e-01  8.28e-01  2.71e+05	1.6837 67.7709 0.7116	
69.510058 263.993430	4.85e-01  8.26e-01  2.78e+05	-1.5111 62.6998 0.4529	
69.510058 263.993430	5.55e-01  8.79e-01  2.64e+05	14.1535 70.7994 0.1750	
69.510058 263.993430	4.87e-01  7.20e-01  2.91e+05	24.1962 46.4152 0.0455	
69.510058 263.993430	5.17e-01  7.96e-01  2.78e+05	-9.4641 62.1030 0.3395	
69.510058 263.993430	4.68e-01  8.84e-01  2.73e+05	9.4628 65.4430 0.5152	
69.510058 263.993430	8.05e-01  8.92e-01  2.38e+05	5.6056 86.7120 0.8009	
69.510058 263.993430	6.13e-01  8.45e-01  2.62e+05	-18.9882 71.2945 0.0064	
69.510058 263.993430	3.88e-01  7.28e-01  3.04e+05	8.7987 39.1318 0.4782	
69.510058 263.993430	6.23e-01  7.51e-01  2.71e+05	-24.1530 63.3877 0.5347	
69.510058 263.993430	4.17e-01  6.72e-01  3.08e+05	-8.9663 33.9604 0.7051	
69.510058 263.993430	5.74e-01  6.58e-01  2.88e+05	28.8505 46.9646 0.3495	
69.510058 263.993430	2.83e-01  9.66e-01  2.86e+05	18.2962 53.8522 0.5082	
69.510058 263.993430	3.67e-01  8.94e-01  2.84e+05	-11.9607 56.8144 0.9419	
69.510058 263.993430	3.97e-01  9.19e-01  2.78e+05	-1.2594 63.1432 0.4282	
69.510058 263.993430	3.66e-01  8.81e-01  2.86e+05	-1.2806 56.6748 0.3834	
69.510058 263.993430	6.34e-01  8.06e-01  2.63e+05	15.0892 70.9871 0.6086	
69.510058 263.993430	4.93e-01  6.67e-01  2.97e+05	0.2121 46.6333 0.3344	
69.510058 263.993430	4.58e-01  8.83e-01  2.75e+05	-12.0347 64.0675 0.9443	
69.510058 263.993430	4.42e-01  8.31e-01  2.83e+05	-14.5792 57.3502 0.8042	
69.510058 263.993430	5.45e-01  7.39e-01  2.81e+05	1.8218 60.2185 0.4729	
69.510058 263.993430	3.39e-01  8.06e-01  3.00e+05	-3.2749 44.2456 0.1555	
69.510058 263.993430	5.21e-01  8.09e-01  2.76e+05	-19.2269 61.4238 0.6392	
69.510058 263.993430	5.42e-01  6.88e-01  2.88e+05	12.7509 53.3420 0.4727	
69.510058 263.993430	4.19e-01  8.81e-01  2.79e+05	31.5574 53.0312 0.5130	
69.510058 263.993430	5.24e-01  7.95e-01  2.77e+05	-20.2448 60.0189 0.0859	
69.510058 263.993430	6.53e-01  9.69e-01  2.45e+05	3.6050 83.1972 0.4965	
69.510058 263.993430	4.62e-01  6.67e-01  3.02e+05	-24.2856 34.4285 0.4718	
69.510058 263.993430	7.03e-01  9.58e-01  2.41e+05	23.6993 81.8575 0.1350	
69.510058 263.993430	4.70e-01  8.87e-01  2.73e+05	6.0123 66.2566 0.5335	
69.510058 263.993430	3.62e-01  8.28e-01  2.93e+05	-28.7719 41.3809 0.1673	
69.510058 263.993430	5.76e-01  8.36e-01  2.66e+05	34.7460 61.5469 0.7348	
69.510058 263.993430	5.15e-01  8.17e-01  2.76e+05	-38.6465 51.6198 0.5310	
69.510058 263.993430	6.38e-01  8.25e-01  2.61e+05	24.0511 70.0885 0.9546	
69.510058 263.993430	4.57e-01  8.37e-01  2.80e+05	-20.7282 57.5928 0.4484	
69.510058 263.993430	3.55e-01  9.66e-01  2.77e+05	-34.7255 53.2390 0.1798	
69.510058 263.993430	6.26e-01  8.25e-01  2.62e+05	0.1573 73.3209 0.2050	
69.510058 263.993430	4.98e-01  7.93e-01  2.81e+05	1.4598 60.8724 0.2461	
69.510058 263.993430	4.95e-01  8.52e-01  2.74e+05	29.2503 58.8749 0.7497	
69.510058 263.993430	4.11e-01  8.05e-01  2.90e+05	23.2225 48.0735 0.1726	
69.510058 263.993430	4.79e-01  7.55e-01  2.88e+05	-1.2667 55.3860 0.1769	
69.510058 263.993430	6.18e-01  8.28e-01  2.63e+05	-2.8352 72.9128 0.8670	
69.510058 263.993430	5.71e-01  7.72e-01  2.74e+05	26.9336 59.6478 0.9661	
69.510058 263.993430	4.50e-01  8.66e-01  2.78e+05	19.7847 59.9664 0.8687	
69.510058 263.993430	5.77e-01  7.30e-01  2.79e+05	-26.0474 56.6330 0.6368	
69.510058 263.993430	5.71e-01  7.96e-01  2.72e+05	-53.4509 40.8411 0.3020	
69.510058 263.993430	4.85e-01  7.49e-01  2.88e+05	1.8773 55.2752 0.3784	
69.510058 263.993430	5.87e-01  7.57e-01  2.74e+05	46.4415 46.2050 0.1394	
69.510058 263.993430	5.84e-01  9.01e-01  2.59e+05	-24.7959 71.2876 0.4729	
69.510058 263.993430	4.32e-01  7.74e-01  2.91e+05	23.4421 46.6738 0.6296	
69.510058 263.993430	5.17e-01  8.23e-01  2.75e+05	-1.9410 65.1352 0.4120	
69.510058 263.993430	6.69e-01  7.94e-01  2.61e+05	-0.3771 74.1034 0.8802	
69.510058 263.993430	3.82e-01  7.27e-01  3.05e+05	4.2926 38.6529 0.3711	
69.510058 263.993430	4.72e-01  7.68e-01  2.87e+05	-11.5162 54.7086 0.5630	
69.510058 263.993430	5.13e-01  9.17e-01  2.65e+05	41.1054 58.9857 0.8269	
69.510058 263.993430	4.56e-01  9.31e-01  2.69e+05	-0.9079 68.7535 0.5420	
69.510058 263.993430	5.35e-01  7.16e-01  2.86e+05	6.2776 56.7633 0.9719	
69.510058 263.993430	4.12e-01  8.65e-01  2.82e+05	20.2007 56.0872 0.5925	
69.510058 263.993430	5.25e-01  8.23e-01  2.74e+05	3.2421 65.7389 0.1076	
69.510058 263.993430	3.58e-01  8.15e-01  2.96e+05	7.0499 47.6124 0.9010	
69.510058 263.993430	6.60e-01  7.83e-01  2.63e+05	8.1927 72.3123 0.4764	
69.510058 263.993430	5.50e-01  7.05e-01  2.85e+05	-18.7058 54.3469 0.7240	
69.510058 263.993430	5.10e-01  8.30e-01  2.75e+05	17.5267 62.8160 0.4555	
69.510058 263.993430	7.44e-01  9.37e-01  2.40e+05	-14.8139 84.8583 0.6224	
69.510058 263.993430	4.08e-01  8.08e-01  2.90e+05	-17.4807 50.3922 0.5406	
69.510058 263.993430	6.47e-01  7.85e-01  2.64e+05	40.9144 59.2835 0.3070	
69.510058 263.993430	5.70e-01  8.21e-01  2.69e+05	-3.6587 69.0355 0.5119	
69.510058 263.993430	6.73e-01  7.81e-01  2.62e+05	51.2568 52.7304 0.9235	
69.510058 263.993430	4.63e-01  7.72e-01  2.88e+05	33.3209 44.2819 0.2017	
69.510058 263.993430	6.69e-01  8.43e-01  2.56e+05	-6.7046 76.8629 0.1208	
69.510058 263.993430	4.94e-01  7.78e-01  2.83e+05	-1.9091 59.1176 0.3742	
69.510058 263.993430	5.36e-01  8.91e-01  2.65e+05	-4.6786 71.5640 0.8887	
69.510058 263.993430	7.70e-01  8.97e-01  2.41e+05	15.4715 84.0462 0.5063	
69.510058 263.993430	6.17e-01  9.34e-01  2.52e+05	25.0658 75.3923 0.9458	
69.510058 263.993430	6.21e-01  7.46e-01  2.71e+05	-4.1379 67.2301 0.1116	
69.510058 263.993430	5.63e-01  9.23e-01  2.59e+05	1.6086 75.5517 0.6646	
69.510058 263.993430	6.71e-01  7.90e-01  2.61e+05	-22.8412 70.3246 0.4121	
69.510058 263.993430	5.72e-01  8.39e-01  2.67e+05	-18.1035 68.1772 0.1102	
69.510058 263.993430	6.43e-01  8.60e-01  2.57e+05	-1.2460 76.6021 0.1867	
69.510058 263.993430	5.09e-01  7.47e-01  2.85e+05	20.0152 53.9233 0.8655	
69.510058 263.993430	6.72e-01  9.03e-01  2.50e+05	-35.9937 72.2947 0.6804	
69.510058 263.993430	5.21e-01  8.68e-01  2.69e+05	33.0094 60.5472 0.7694	
69.510058 263.993430	6.18e-01  7.43e-01  2.72e+05	-14.1738 65.2857 0.7479	
69.510058 263.993430	5.03e-01  7.39e-01  2.87e+05	-22.4988 51.3674 0.3809	
69.510058 263.993430	5.75e-01  7.71e-01  2.74e+05	-26.3080 60.1844 0.7523	
69.510058 263.993430	5.06e-01  7.80e-01  2.81e+05	14.9168 58.6555 0.1369	
69.510058 263.993430	3.36e-01  8.77e-01  2.90e+05	10.5711 51.9988 0.3186	
69.510058 263.993430	5.40e-01  7.88e-01  2.76e+05	-6.9374 63.8390 0.7903	
69.510058 263.993430	6.07e-01  6.96e-01  2.79e+05	2.5974 61.9608 0.8222	
69.510058 263.993430	7.50e-01  8.96e-01  2.43e+05	-22.3854 81.4344 0.7512	
69.510058 263.993430	6.40e-01  7.39e-01  2.70e+05	-37.9882 56.7033 0.1839	
69.510058 263.993430	8.39e-01  9.80e-01  2.28e+05	52.9467 75.4034 0.8479	
69.510058 263.993430	5.70e-01  6.94e-01  2.84e+05	2.9048 58.3208 0.6713	
69.510058 263.993430	4.54e-01  9.32e-01  2.69e+05	9.4270 68.1471 0.9975	
69.510058 263.993430	5.39e-01  6.79e-01  2.90e+05	-23.5934 48.0370 0.0939	
69.510058 263.993430	6.25e-01  8.86e-01  2.56e+05	28.5472 71.6005 0.9663	
69.510058 263.993430	7.54e-01  8.31e-01  2.49e+05	-27.4076 76.5264 0.6324	
69.510058 263.993430	3.32e-01  8.62e-01  2.93e+05	8.8123 50.0156 0.4990	
69.510058 263.993430	5.53e-01  6.92e-01  2.86e+05	7.0764 56.0662 0.3716	
69.510058 263.993430	7.03e-01  7.73e-01  2.60e+05	-14.4462 73.5611 0.1579	
69.510058 263.993430	5.36e-01  8.94e-01  2.64e+05	-15.9217 70.1339 0.9583	
69.510058 263.993430	6.19e-01  7.41e-01  2.72e+05	17.2617 64.5596 0.1353	
69.510058 263.993430	5.22e-01  7.96e-01  2.77e+05	15.0004 61.5156 0.4862	
69.510058 263.993430	4.49e-01  8.11e-01  2.84e+05	0.2171 57.9959 0.1767	
69.510058 263.993430	5.83e-01  8.16e-01  2.68e+05	32.1215 61.8119 0.2270	
69.510058 263.993430	4.97e-01  7.61e-01  2.85e+05	-2.2569 57.6788 0.1822	
69.510058 263.993430	6.57e-01  8.34e-01  2.58e+05	-42.9721 62.5593 0.7936	
69.510058 263.993430	5.44e-01  8.18e-01  2.72e+05	-23.6745 62.6456 0.4805	
69.510058 263.993430	6.33e-01  7.50e-01  2.70e+05	3.4772 68.3868 0.9196	
69.510058 263.993430	4.79e-01  7.59e-01  2.87e+05	-23.7895 50.4484 0.8298	
69.510058 263.993430	5.92e-01  8.41e-01  2.64e+05	-8.0529 71.6614 0.7622	
69.510058 263.993430	4.98e-01  8.47e-01  2.74e+05	28.7857 58.8824 0.1442	
69.510058 263.993430	6.98e-01  8.20e-01  2.55e+05	31.4528 70.8798 0.2973	
69.510058 263.993430	5.36e-01  7.46e-01  2.82e+05	-8.3025 59.5606 0.5950	
69.510058 263.993430	5.31e-01  7.74e-01  2.79e+05	-42.1099 45.7659 0.4313	
69.510058 263.993430	3.58e-01  9.01e-01  2.85e+05	-16.4579 55.4833 0.8340	
69.510058 263.993430	6.30e-01  8.24e-01  2.62e+05	-12.4163 72.4641 0.1358	
69.510058 263.993430	5.82e-01  8.49e-01  2.64e+05	40.1786 59.7583 0.9609	
69.510058 263.993430	4.66e-01  7.18e-01  2.94e+05	-39.6390 29.8651 0.6198	
69.510058 263.993430	3.68e-01  8.77e-01  2.86e+05	-36.3450 43.2211 0.8112	
69.510058 263.993430	6.48e-01  7.39e-01  2.69e+05	-26.2388 63.5797 0.7410	
69.510058 263.993430	7.57e-01  8.33e-01  2.48e+05	1.3361 81.5372 0.8369	
69.510058 263.993430	3.57e-01  9.30e-01  2.81e+05	5.5822 60.3139 0.6772	
69.510058 263.993430	6.27e-01  9.46e-01  2.50e+05	4.9225 80.5256 0.1698	
69.510058 263.993430	4.53e-01  7.93e-01  2.86e+05	17.8523 53.7305 0.3295	
69.510058 263.993430	5.43e-01  7.22e-01  2.84e+05	-11.8832 57.2488 0.1080	
69.510058 263.993430	6.64e-01  8.67e-01  2.54e+05	48.1887 61.6986 0.6567	
69.510058 263.993430	5.01e-01  8.27e-01  2.76e+05	0.2205 64.1425 0.7947	
69.510058 263.993430	6.82e-01  8.23e-01  2.57e+05	0.2332 76.7809 0.1860	
69.510058 263.993430	4.80e-01  9.19e-01  2.68e+05	9.0884 69.1146 0.9011	
69.510058 263.993430	5.42e-01  8.65e-01  2.67e+05	-22.9478 66.4479 0.5362	
69.510058 263.993430	5.24e-01  8.04e-01  2.76e+05	16.9934 61.8908 0.8743	
69.510058 263.993430	4.12e-01  8.26e-01  2.87e+05	-6.4734 55.3164 0.3312	
69.510058 263.993430	5.06e-01  8.73e-01  2.70e+05	-20.2482 65.1651 0.3684	
69.510058 263.993430	5.80e-01  9.53e-01  2.54e+05	-34.2165 70.5271 0.0598	
69.510058 263.993430	6.00e-01  8.72e-01  2.60e+05	32.0288 67.5067 0.0433	
69.510058 263.993430	4.97e-01  7.16e-01  2.91e+05	-8.2906 52.3114 0.9439	
69.510058 263.993430	6.48e-01  8.61e-01  2.56e+05	-25.2588 72.7295 0.0366	
69.510058 263.993430	5.42e-01  8.08e-01  2.73e+05	5.8101 65.7223 0.8598	
69.510058 263.993430	6.59e-01  8.12e-01  2.60e+05	-13.5179 73.4424 0.7148	
69.510058 263.993430	6.19e-01  7.22e-01  2.75e+05	7.2105 64.8157 0.5073	
69.510058 263.993430	6.72e-01  7.64e-01  2.64e+05	12.7675 71.1832 0.6374	
69.510058 263.993430	5.95e-01  7.83e-01  2.70e+05	17.0567 65.9628 0.4461	
69.510058 263.993430	4.67e-01  7.77e-01  2.86e+05	21.0831 52.3032 0.8621	
69.510058 263.993430	6.48e-01  9.76e-01  2.45e+05	-20.7256 80.7265 0.6794	
69.510058 263.993430	5.25e-01  7.14e-01  2.87e+05	16.0423 53.4760 0.0863	
69.510058 263.993430	4.07e-01  8.77e-01  2.81e+05	27.5234 53.7035 0.3682	
69.510058 263.993430	4.82e-01  8.59e-01  2.75e+05	-15.6016 63.3785 0.1158	
69.510058 263.993430	5.83e-01  8.25e-01  2.67e+05	4.2678 70.2339 0.4578	
69.510058 263.993430	4.34e-01  8.59e-01  2.80e+05	1.6424 61.0706 0.4886	
69.510058 263.993430	5.61e-01  8.60e-01  2.66e+05	17.9582 68.9659 0.4246	
69.510058 263.993430	5.26e-01  8.78e-01  2.67e+05	14.0007 68.6526 0.6442	
69.510058 263.993430	4.19e-01  9.20e-01  2.75e+05	-8.1400 64.5420 0.5873	
