49.450948 298.432527	5.96e-01  8.81e-01  4.98e+05	0.0000 92.0974 0.7414	
49.450948 298.432527	5.98e-01  9.18e-01  4.90e+05	-13.1160 94.1451 0.0071	
49.450948 298.432527	6.58e-01  8.96e-01  4.83e+05	-47.7362 85.3502 0.1763	
49.450948 298.432527	7.44e-01  8.46e-01  4.76e+05	16.4680 98.8624 0.1462	
49.450948 298.432527	5.62e-01  7.79e-01  5.27e+05	-45.1095 66.2413 0.2253	
49.450948 298.432527	6.11e-01  7.66e-01  5.19e+05	36.3827 75.2812 0.7921	
49.450948 298.432527	5.55e-01  8.83e-01  5.06e+05	20.3311 86.6433 0.0958	
49.450948 298.432527	5.21e-01  9.28e-01  5.04e+05	-25.7397 86.0830 0.4811	
49.450948 298.432527	4.36e-01  9.49e-01  5.17e+05	1.3240 84.2924 0.8952	
49.450948 298.432527	5.62e-01  7.49e-01  5.34e+05	-4.5665 76.8083 0.9515	
49.450948 298.432527	6.62e-01  8.29e-01  4.95e+05	-12.4212 92.3714 0.3462	
49.450948 298.432527	5.37e-01  8.99e-01  5.06e+05	-4.5652 88.6987 0.1396	
49.450948 298.432527	6.58e-01  9.33e-01  4.76e+05	-7.4023 99.9844 0.1299	
49.450948 298.432527	6.17e-01  9.21e-01  4.86e+05	-26.1176 93.0561 0.7249	
49.450948 298.432527	6.58e-01  7.85e-01  5.05e+05	23.4468 86.2183 0.4879	
49.450948 298.432527	4.74e-01  8.13e-01  5.39e+05	-6.7110 74.0972 0.8412	
49.450948 298.432527	6.22e-01  8.11e-01  5.07e+05	-9.8322 87.9393 0.4291	
49.450948 298.432527	6.50e-01  8.13e-01  5.01e+05	-51.8074 74.8196 0.0096	
49.450948 298.432527	5.88e-01  8.02e-01  5.16e+05	48.2459 69.7716 0.7209	
49.450948 298.432527	6.07e-01  7.37e-01  5.26e+05	6.0751 80.1374 0.3941	
49.450948 298.432527	6.18e-01  7.60e-01  5.19e+05	15.4429 82.3070 0.7262	
49.450948 298.432527	6.77e-01  8.56e-01  4.87e+05	-2.4831 96.2597 0.5240	
49.450948 298.432527	6.66e-01  9.23e-01  4.76e+05	9.7787 99.6256 0.4367	
49.450948 298.432527	3.92e-01  9.92e-01  5.17e+05	-5.3254 84.0865 0.2252	
49.450948 298.432527	5.00e-01  8.07e-01  5.35e+05	14.1140 75.2565 0.1791	
49.450948 298.432527	6.39e-01  7.43e-01  5.18e+05	27.0365 79.5899 0.0289	
49.450948 298.432527	7.22e-01  7.43e-01  5.01e+05	-36.6710 83.4157 0.1592	
49.450948 298.432527	6.67e-01  9.06e-01  4.79e+05	-9.8552 98.5714 0.6883	
49.450948 298.432527	5.91e-01  9.54e-01  4.85e+05	13.0674 96.2752 0.5285	
49.450948 298.432527	6.63e-01  7.29e-01  5.16e+05	32.2555 78.6475 0.3673	
49.450948 298.432527	6.79e-01  7.46e-01  5.09e+05	-6.5613 87.6052 0.8802	
49.450948 298.432527	4.55e-01  7.70e-01  5.54e+05	14.9630 64.9882 0.6744	
49.450948 298.432527	6.69e-01  8.98e-01  4.81e+05	39.0418 90.5471 0.2957	
49.450948 298.432527	6.14e-01  7.11e-01  5.31e+05	29.5680 72.6805 0.4995	
49.450948 298.432527	7.69e-01  9.11e-01  4.60e+05	-11.0283 105.1825 0.1285	
49.450948 298.432527	5.19e-01  6.89e-01  5.59e+05	30.2996 56.8058 0.4505	
49.450948 298.432527	6.59e-01  7.61e-01  5.10e+05	28.7524 82.5822 0.5803	
49.450948 298.432527	6.89e-01  9.57e-01  4.66e+05	6.3412 103.4988 0.8437	
49.450948 298.432527	3.61e-01  8.41e-01  5.60e+05	-15.5055 61.5942 0.5297	
49.450948 298.432527	5.27e-01  7.93e-01  5.32e+05	-3.1915 77.9349 0.6620	
49.450948 298.432527	6.75e-01  7.40e-01  5.11e+05	42.7788 75.7829 0.6759	
49.450948 298.432527	6.52e-01  7.61e-01  5.11e+05	31.5814 80.9438 0.2120	
49.450948 298.432527	6.59e-01  7.63e-01  5.09e+05	12.6612 86.7173 0.4400	
49.450948 298.432527	4.92e-01  8.43e-01  5.28e+05	-26.5578 75.0116 0.2883	
49.450948 298.432527	7.23e-01  8.64e-01  4.77e+05	25.6027 96.6432 0.6580	
49.450948 298.432527	3.76e-01  7.86e-01  5.70e+05	-14.8181 55.5839 0.4163	
49.450948 298.432527	5.78e-01  6.60e-01  5.51e+05	10.9714 67.6402 0.1094	
49.450948 298.432527	6.84e-01  8.83e-01  4.81e+05	32.8676 93.0027 0.4039	
49.450948 298.432527	6.25e-01  9.29e-01  4.83e+05	54.9552 80.8508 0.0435	
49.450948 298.432527	5.29e-01  7.79e-01  5.34e+05	46.0562 61.2986 0.4711	
49.450948 298.432527	4.89e-01  7.69e-01  5.46e+05	23.5868 66.8623 0.3801	
49.450948 298.432527	5.98e-01  7.69e-01  5.21e+05	8.9879 82.1971 0.1785	
49.450948 298.432527	5.37e-01  6.85e-01  5.55e+05	10.7444 65.3994 0.3816	
49.450948 298.432527	5.72e-01  9.12e-01  4.97e+05	9.4912 92.1898 0.0584	
49.450948 298.432527	6.07e-01  6.75e-01  5.41e+05	-22.3093 70.3351 0.4406	
49.450948 298.432527	6.73e-01  8.23e-01  4.94e+05	-9.4228 93.0837 0.1265	
49.450948 298.432527	5.46e-01  7.64e-01  5.34e+05	-49.5292 58.7543 0.2700	
49.450948 298.432527	5.26e-01  8.83e-01  5.12e+05	-26.3020 82.4548 0.2150	
49.450948 298.432527	4.38e-01  6.76e-01  5.83e+05	-6.5610 48.3349 0.2348	
49.450948 298.432527	6.12e-01  7.55e-01  5.21e+05	-18.9499 80.4728 0.7492	
49.450948 298.432527	5.96e-01  8.61e-01  5.02e+05	-28.1874 86.0074 0.4258	
49.450948 298.432527	6.64e-01  9.03e-01  4.81e+05	-3.8766 98.5642 0.6314	
49.450948 298.432527	6.53e-01  8.49e-01  4.93e+05	-29.3492 89.3080 0.7177	
49.450948 298.432527	5.38e-01  7.71e-01  5.34e+05	2.7133 76.6634 0.9362	
49.450948 298.432527	5.42e-01  8.46e-01  5.17e+05	0.1076 84.5786 0.2700	
49.450948 298.432527	6.52e-01  8.55e-01  4.92e+05	-28.3489 90.0237 0.5155	
49.450948 298.432527	6.36e-01  7.98e-01  5.07e+05	-12.5328 87.6832 0.1982	
49.450948 298.432527	5.67e-01  8.37e-01  5.13e+05	-16.8722 84.4078 0.8913	
49.450948 298.432527	6.68e-01  7.48e-01  5.11e+05	-9.9204 86.4723 0.3524	
49.450948 298.432527	7.88e-01  8.90e-01  4.60e+05	37.4068 98.8157 0.8861	
49.450948 298.432527	5.90e-01  8.87e-01  4.98e+05	35.6845 84.9144 0.3862	
49.450948 298.432527	6.10e-01  7.88e-01  5.14e+05	8.4159 85.0745 0.1087	
49.450948 298.432527	6.61e-01  8.02e-01  5.01e+05	3.9185 90.8517 0.2738	
49.450948 298.432527	4.78e-01  7.13e-01  5.63e+05	18.3562 59.1705 0.1238	
49.450948 298.432527	5.10e-01  8.94e-01  5.13e+05	-6.3641 85.8219 0.9845	
49.450948 298.432527	5.42e-01  8.82e-01  5.09e+05	-23.5648 84.5590 0.2733	
49.450948 298.432527	6.83e-01  9.84e-01  4.63e+05	2.5560 104.9143 0.7129	
49.450948 298.432527	5.08e-01  6.75e-01  5.65e+05	25.1075 55.3736 0.2181	
49.450948 298.432527	6.29e-01  7.88e-01  5.10e+05	4.9984 87.0274 0.9394	
49.450948 298.432527	6.16e-01  7.81e-01  5.15e+05	3.7630 85.3217 0.5369	
49.450948 298.432527	5.74e-01  7.63e-01  5.28e+05	27.9267 74.6710 0.0163	
49.450948 298.432527	5.59e-01  7.27e-01  5.40e+05	-9.3136 73.6235 0.4563	
49.450948 298.432527	5.44e-01  7.10e-01  5.47e+05	22.7470 66.6821 0.0971	
49.450948 298.432527	7.07e-01  9.19e-01  4.70e+05	-25.6984 99.2457 0.5640	
49.450948 298.432527	5.39e-01  8.91e-01  5.08e+05	12.3113 87.4153 0.2193	
49.450948 298.432527	6.89e-01  9.34e-01  4.70e+05	-43.2800 92.6931 0.4230	
49.450948 298.432527	7.38e-01  7.95e-01  4.87e+05	32.8895 90.4625 0.7817	
49.450948 298.432527	5.93e-01  8.34e-01  5.08e+05	6.6992 87.7941 0.4750	
49.450948 298.432527	5.86e-01  7.53e-01  5.27e+05	-5.5106 79.7481 0.1614	
49.450948 298.432527	6.58e-01  8.33e-01  4.95e+05	4.0862 93.1182 0.5603	
49.450948 298.432527	5.30e-01  8.84e-01  5.11e+05	-28.9074 82.0012 0.7860	
49.450948 298.432527	5.33e-01  9.14e-01  5.04e+05	-45.0967 77.5820 0.1323	
49.450948 298.432527	5.42e-01  7.69e-01  5.34e+05	-3.0967 76.9435 0.5698	
49.450948 298.432527	6.66e-01  7.23e-01  5.16e+05	33.8102 77.6874 0.5321	
49.450948 298.432527	5.75e-01  8.97e-01  4.99e+05	-13.1022 90.7868 0.1875	
49.450948 298.432527	4.38e-01  8.82e-01  5.32e+05	25.5525 73.7204 0.0214	
49.450948 298.432527	6.94e-01  7.90e-01  4.97e+05	14.7803 91.4730 0.4637	
49.450948 298.432527	5.46e-01  7.80e-01  5.30e+05	-33.0793 71.3486 0.3926	
49.450948 298.432527	7.80e-01  9.30e-01  4.55e+05	27.2128 103.9499 0.5259	
49.450948 298.432527	7.95e-01  8.75e-01  4.62e+05	45.2444 94.9135 0.7478	
49.450948 298.432527	7.42e-01  8.77e-01  4.71e+05	5.7550 101.9150 0.1309	
49.450948 298.432527	6.53e-01  8.52e-01  4.93e+05	-19.5642 92.1421 0.3227	
49.450948 298.432527	5.28e-01  8.08e-01  5.28e+05	25.6253 75.4195 0.7992	
49.450948 298.432527	5.89e-01  7.32e-01  5.31e+05	31.3043 71.5708 0.0225	
49.450948 298.432527	6.84e-01  8.61e-01  4.85e+05	19.2985 95.1703 0.4100	
49.450948 298.432527	6.60e-01  9.15e-01  4.79e+05	53.2810 83.6239 0.1340	
49.450948 298.432527	5.05e-01  8.68e-01  5.20e+05	-21.2625 80.4292 0.4211	
49.450948 298.432527	6.03e-01  8.48e-01  5.03e+05	33.6226 83.5373 0.9565	
49.450948 298.432527	7.91e-01  8.83e-01  4.61e+05	18.5820 103.7369 0.1803	
49.450948 298.432527	7.27e-01  8.50e-01  4.79e+05	-26.8603 95.6296 0.9577	
49.450948 298.432527	7.85e-01  8.52e-01  4.68e+05	-34.0641 97.3287 0.0152	
49.450948 298.432527	6.71e-01  7.67e-01  5.06e+05	-14.3614 87.7998 0.0365	
49.450948 298.432527	5.73e-01  7.14e-01  5.39e+05	-8.5596 73.8963 0.7378	
49.450948 298.432527	5.41e-01  6.12e-01  5.73e+05	-2.7407 55.8676 0.0438	
49.450948 298.432527	5.03e-01  8.38e-01  5.27e+05	6.1081 79.8837 0.9524	
49.450948 298.432527	8.00e-01  8.59e-01  4.64e+05	-9.0655 104.1171 0.4334	
49.450948 298.432527	4.38e-01  8.27e-01  5.44e+05	-30.4631 65.0684 0.7816	
49.450948 298.432527	7.16e-01  9.41e-01  4.64e+05	-56.0121 88.0964 0.1425	
49.450948 298.432527	6.62e-01  7.87e-01  5.04e+05	15.0218 88.5945 0.9892	
49.450948 298.432527	5.45e-01  7.58e-01  5.35e+05	-0.5493 76.1924 0.9191	
49.450948 298.432527	5.03e-01  8.12e-01  5.33e+05	17.8154 75.2740 0.7666	
49.450948 298.432527	6.59e-01  8.40e-01  4.94e+05	-27.2616 89.7748 0.0284	
49.450948 298.432527	6.91e-01  8.30e-01  4.89e+05	-19.6777 93.3693 0.4809	
49.450948 298.432527	5.76e-01  7.04e-01  5.41e+05	-36.4230 63.9078 0.0332	
49.450948 298.432527	6.82e-01  7.35e-01  5.10e+05	1.3441 87.1981 0.8549	
49.450948 298.432527	5.19e-01  8.22e-01  5.27e+05	-9.8267 79.4406 0.1305	
49.450948 298.432527	6.16e-01  8.46e-01  5.01e+05	45.0921 79.0093 0.4373	
49.450948 298.432527	5.47e-01  6.84e-01  5.53e+05	16.5162 65.5689 0.5787	
49.450948 298.432527	6.24e-01  9.02e-01  4.88e+05	46.5518 83.7482 0.7931	
49.450948 298.432527	5.20e-01  9.58e-01  4.98e+05	41.9823 82.0264 0.0686	
49.450948 298.432527	6.66e-01  7.98e-01  5.00e+05	-1.9199 91.1127 0.7020	
49.450948 298.432527	4.50e-01  8.90e-01  5.27e+05	-6.5339 79.8140 0.8378	
49.450948 298.432527	5.28e-01  7.74e-01  5.36e+05	-35.5041 67.2165 0.4546	
49.450948 298.432527	5.98e-01  6.38e-01  5.52e+05	-10.2129 67.4997 0.2615	
49.450948 298.432527	5.34e-01  9.47e-01  4.97e+05	53.1228 75.5931 0.0395	
49.450948 298.432527	5.37e-01  6.60e-01  5.62e+05	-25.5079 57.3479 0.9331	
49.450948 298.432527	5.98e-01  7.79e-01  5.19e+05	-4.7108 83.4944 0.8633	
49.450948 298.432527	5.92e-01  8.01e-01  5.15e+05	8.7214 84.6742 0.9168	
49.450948 298.432527	6.74e-01  7.67e-01  5.05e+05	21.3246 86.6353 0.7823	
49.450948 298.432527	6.86e-01  8.48e-01  4.87e+05	-13.1728 95.4425 0.5604	
49.450948 298.432527	7.93e-01  8.49e-01  4.67e+05	-66.8387 78.9469 0.9794	
49.450948 298.432527	5.83e-01  7.76e-01  5.23e+05	22.9598 78.5215 0.8104	
49.450948 298.432527	5.69e-01  9.12e-01  4.97e+05	13.9858 91.2868 0.4458	
49.450948 298.432527	5.69e-01  7.46e-01  5.33e+05	19.1178 75.0365 0.6392	
49.450948 298.432527	5.28e-01  8.81e-01  5.12e+05	-45.2013 73.6853 0.1201	
49.450948 298.432527	6.03e-01  7.89e-01  5.16e+05	4.5113 84.8145 0.1460	
49.450948 298.432527	5.95e-01  6.39e-01  5.52e+05	19.4707 65.1425 0.0388	
49.450948 298.432527	7.22e-01  8.26e-01  4.84e+05	1.6175 97.3142 0.8608	
49.450948 298.432527	6.41e-01  9.04e-01  4.85e+05	31.8241 91.7435 0.6384	
49.450948 298.432527	4.98e-01  8.40e-01  5.28e+05	11.6252 78.9866 0.9680	
49.450948 298.432527	6.34e-01  6.49e-01  5.40e+05	-0.2989 73.9663 0.1780	
49.450948 298.432527	6.11e-01  7.15e-01  5.31e+05	26.0123 74.0417 0.8367	
49.450948 298.432527	6.97e-01  8.43e-01  4.86e+05	0.1286 96.8130 0.1907	
49.450948 298.432527	7.31e-01  9.55e-01  4.59e+05	-28.8296 102.0881 0.3181	
49.450948 298.432527	7.64e-01  8.83e-01  4.66e+05	-36.9378 96.9929 0.9662	
49.450948 298.432527	6.65e-01  8.07e-01  4.99e+05	19.1338 89.7413 0.2769	
49.450948 298.432527	5.60e-01  6.32e-01  5.63e+05	19.2380 59.0959 0.4365	
49.450948 298.432527	5.34e-01  9.33e-01  5.00e+05	11.6715 90.5462 0.3263	
49.450948 298.432527	7.36e-01  9.40e-01  4.61e+05	12.8773 104.6923 0.9179	
49.450948 298.432527	5.86e-01  7.23e-01  5.34e+05	-20.5505 73.9627 0.9272	
49.450948 298.432527	6.38e-01  8.00e-01  5.06e+05	13.0771 87.9951 0.0552	
49.450948 298.432527	4.57e-01  8.59e-01  5.32e+05	-25.2509 73.3846 0.1770	
49.450948 298.432527	5.88e-01  7.58e-01  5.26e+05	-9.0882 80.1035 0.6796	
49.450948 298.432527	4.20e-01  8.28e-01  5.49e+05	12.3800 68.5659 0.7626	
49.450948 298.432527	5.01e-01  9.15e-01  5.11e+05	-1.6955 87.0240 0.3465	
49.450948 298.432527	5.03e-01  7.88e-01  5.39e+05	-18.6790 72.3494 0.3155	
49.450948 298.432527	7.21e-01  8.48e-01  4.80e+05	-17.4139 97.2601 0.7867	
49.450948 298.432527	6.26e-01  8.83e-01  4.92e+05	-38.6699 86.3193 0.8532	
49.450948 298.432527	5.89e-01  7.60e-01  5.25e+05	-23.1100 77.4773 0.2528	
49.450948 298.432527	5.43e-01  6.87e-01  5.53e+05	0.0764 67.4669 0.4508	
49.450948 298.432527	6.75e-01  8.18e-01  4.95e+05	13.5293 92.3218 0.2639	
49.450948 298.432527	4.93e-01  7.94e-01  5.39e+05	13.3269 73.1465 0.3411	
49.450948 298.432527	6.22e-01  7.49e-01  5.20e+05	-8.0541 82.5651 0.5376	
49.450948 298.432527	5.38e-01  7.49e-01  5.39e+05	-47.5277 57.1922 0.6943	
49.450948 298.432527	4.93e-01  8.81e-01  5.20e+05	55.5905 62.0004 0.3511	
49.450948 298.432527	5.32e-01  8.04e-01  5.28e+05	-30.2726 73.6045 0.1220	
49.450948 298.432527	6.16e-01  8.87e-01  4.93e+05	55.3310 76.1220 0.2279	
49.450948 298.432527	5.96e-01  7.94e-01  5.16e+05	20.2795 82.2928 0.2784	
49.450948 298.432527	6.22e-01  7.66e-01  5.17e+05	-5.6323 84.4132 0.9020	
49.450948 298.432527	5.79e-01  9.75e-01  4.83e+05	10.9242 97.1102 0.3935	
49.450948 298.432527	5.36e-01  7.71e-01  5.35e+05	-17.1438 74.6133 0.0072	
49.450948 298.432527	6.28e-01  7.16e-01  5.26e+05	-17.1212 78.4997 0.9630	
49.450948 298.432527	5.54e-01  8.56e-01  5.12e+05	-0.5415 86.6204 0.6498	
49.450948 298.432527	5.19e-01  8.72e-01  5.16e+05	17.3016 83.0993 0.1533	
49.450948 298.432527	6.14e-01  8.02e-01  5.11e+05	-1.7092 87.0851 0.1852	
49.450948 298.432527	6.93e-01  8.13e-01  4.92e+05	26.0602 90.6180 0.5583	
49.450948 298.432527	5.35e-01  7.96e-01  5.29e+05	44.5145 65.3971 0.5464	
49.450948 298.432527	8.48e-01  8.87e-01  4.51e+05	44.9256 99.1355 0.7874	
49.450948 298.432527	6.84e-01  7.97e-01  4.97e+05	-4.0244 92.3291 0.3439	
49.450948 298.432527	7.67e-01  8.87e-01  4.65e+05	-7.1610 103.9773 0.1958	
49.450948 298.432527	4.61e-01  8.44e-01  5.35e+05	-29.7938 70.2751 0.7520	
49.450948 298.432527	6.70e-01  7.51e-01  5.10e+05	-5.1777 87.3681 0.0374	
49.450948 298.432527	7.23e-01  9.82e-01  4.56e+05	-21.7677 104.9163 0.2959	
49.450948 298.432527	6.50e-01  8.99e-01  4.84e+05	22.0777 94.8560 0.8046	
49.450948 298.432527	6.06e-01  9.72e-01  4.79e+05	-58.2317 80.4797 0.7981	
49.450948 298.432527	7.24e-01  7.87e-01  4.91e+05	-39.9685 85.7785 0.0360	
49.450948 298.432527	5.47e-01  8.20e-01  5.21e+05	2.8647 82.5982 0.9250	
49.450948 298.432527	4.10e-01  7.57e-01  5.69e+05	-14.7847 56.3619 0.4190	
49.450948 298.432527	6.38e-01  8.47e-01  4.96e+05	-11.0511 92.0833 0.0307	
49.450948 298.432527	5.53e-01  7.72e-01  5.30e+05	-19.0153 76.1584 0.0494	
49.450948 298.432527	6.91e-01  7.79e-01  4.99e+05	-11.7388 90.8362 0.3146	
49.450948 298.432527	6.00e-01  8.84e-01  4.97e+05	4.6359 92.5448 0.8829	
49.450948 298.432527	5.57e-01  6.75e-01  5.53e+05	11.0542 66.7045 0.6775	
49.450948 298.432527	6.71e-01  8.95e-01  4.81e+05	42.0420 89.1630 0.6720	
49.450948 298.432527	5.47e-01  8.59e-01  5.13e+05	-6.4694 85.9459 0.6581	
49.450948 298.432527	6.90e-01  8.74e-01  4.81e+05	5.8434 98.3100 0.0359	
49.450948 298.432527	4.54e-01  8.89e-01  5.26e+05	9.3305 79.8474 0.9852	
49.450948 298.432527	7.54e-01  9.40e-01  4.58e+05	33.9203 100.9986 0.7688	
49.450948 298.432527	5.36e-01  9.23e-01  5.02e+05	-1.0973 90.6720 0.1583	
49.450948 298.432527	4.93e-01  8.70e-01  5.22e+05	-43.7236 69.6722 0.7422	
49.450948 298.432527	6.15e-01  8.73e-01  4.96e+05	-5.8939 92.7730 0.3816	
49.450948 298.432527	6.57e-01  8.35e-01  4.95e+05	-5.3434 93.0827 0.5458	
49.450948 298.432527	5.71e-01  8.79e-01  5.03e+05	23.8318 86.7756 0.8380	
49.450948 298.432527	5.71e-01  8.53e-01  5.09e+05	4.3627 87.6503 0.4399	
49.450948 298.432527	7.64e-01  8.25e-01  4.77e+05	0.0535 100.0799 0.3043	
49.450948 298.432527	5.26e-01  6.99e-01  5.54e+05	22.8208 62.6876 0.5834	
49.450948 298.432527	6.14e-01  7.10e-01  5.31e+05	20.3799 75.6324 0.7704	
49.450948 298.432527	7.37e-01  8.77e-01  4.72e+05	31.8133 96.5914 0.2342	
49.450948 298.432527	5.83e-01  7.58e-01  5.27e+05	3.8838 79.9724 0.3423	
49.450948 298.432527	6.83e-01  8.59e-01  4.85e+05	9.0225 96.4742 0.5351	
49.450948 298.432527	6.87e-01  8.33e-01  4.89e+05	36.2173 88.2631 0.8276	
49.450948 298.432527	4.69e-01  8.21e-01  5.39e+05	-47.1228 58.0059 0.5702	
49.450948 298.432527	6.06e-01  8.40e-01  5.04e+05	11.2950 88.8569 0.2243	
49.450948 298.432527	5.99e-01  8.26e-01  5.09e+05	33.1878 81.4290 0.8250	
49.450948 298.432527	5.30e-01  6.53e-01  5.65e+05	11.8404 59.5440 0.3660	
49.450948 298.432527	6.04e-01  8.22e-01  5.09e+05	-8.8587 87.4652 0.7312	
49.450948 298.432527	8.46e-01  9.45e-01  4.42e+05	-33.4629 106.6263 0.6050	
49.450948 298.432527	5.20e-01  8.95e-01  5.11e+05	2.4388 86.9165 0.0513	
49.450948 298.432527	4.20e-01  8.65e-01  5.40e+05	17.7955 71.9577 0.6188	
49.450948 298.432527	6.93e-01  9.53e-01  4.66e+05	19.5158 101.9026 0.2499	
49.450948 298.432527	7.41e-01  8.77e-01  4.71e+05	-2.8123 101.8874 0.3179	
49.450948 298.432527	6.06e-01  8.09e-01  5.11e+05	6.0551 86.8241 0.9176	
49.450948 298.432527	5.26e-01  7.81e-01  5.35e+05	-17.9974 74.4909 0.4998	
49.450948 298.432527	7.14e-01  9.74e-01  4.59e+05	-16.7720 104.8118 0.7246	
49.450948 298.432527	6.42e-01  7.92e-01  5.07e+05	22.1754 85.7903 0.1045	
49.450948 298.432527	5.25e-01  6.51e-01  5.67e+05	-16.0916 57.4973 0.1075	
49.450948 298.432527	5.09e-01  9.19e-01  5.08e+05	25.9645 84.1367 0.7178	
49.450948 298.432527	5.82e-01  8.49e-01  5.08e+05	-42.0250 77.6835 0.8866	
49.450948 298.432527	5.91e-01  7.18e-01  5.34e+05	8.8073 76.3470 0.4065	
49.450948 298.432527	8.27e-01  9.47e-01  4.45e+05	18.1461 109.3911 0.1864	
49.450948 298.432527	4.34e-01  8.40e-01  5.42e+05	-1.7712 72.8742 0.4668	
49.450948 298.432527	6.98e-01  8.83e-01  4.78e+05	14.2855 98.5336 0.9723	
49.450948 298.432527	6.60e-01  8.30e-01  4.95e+05	4.9465 92.9727 0.6094	
49.450948 298.432527	4.16e-01  7.70e-01  5.64e+05	-24.5200 56.1754 0.5521	
49.450948 298.432527	6.90e-01  7.61e-01  5.03e+05	10.3581 89.4241 0.0902	
49.450948 298.432527	5.77e-01  7.14e-01  5.38e+05	-26.0860 70.1313 0.4145	
49.450948 298.432527	6.93e-01  7.59e-01  5.03e+05	12.2022 89.2613 0.9184	
49.450948 298.432527	5.98e-01  7.82e-01  5.18e+05	-10.9735 83.1036 0.8941	
49.450948 298.432527	4.70e-01  8.53e-01  5.31e+05	31.9403 71.4869 0.0718	
49.450948 298.432527	5.10e-01  7.89e-01  5.36e+05	-16.3042 74.0047 0.5902	
49.450948 298.432527	2.99e-01  8.29e-01  5.80e+05	21.0956 46.7667 0.0120	
49.450948 298.432527	6.61e-01  7.18e-01  5.19e+05	11.7183 82.9308 0.8419	
49.450948 298.432527	5.95e-01  9.01e-01  4.94e+05	39.0821 84.9492 0.8978	
49.450948 298.432527	5.66e-01  8.25e-01  5.16e+05	-7.2704 84.6005 0.3554	
49.450948 298.432527	8.21e-01  8.76e-01  4.57e+05	-37.4640 99.9338 0.8593	
49.450948 298.432527	6.61e-01  8.70e-01  4.87e+05	33.6802 90.0508 0.4680	
49.450948 298.432527	5.60e-01  6.98e-01  5.46e+05	-3.8564 70.8606 0.5250	
49.450948 298.432527	5.19e-01  7.66e-01  5.40e+05	-34.8196 65.4699 0.6935	
49.450948 298.432527	5.28e-01  7.71e-01  5.37e+05	-41.7355 63.1631 0.9495	
49.450948 298.432527	5.22e-01  8.34e-01  5.24e+05	-7.0404 81.2360 0.5364	
49.450948 298.432527	7.20e-01  8.13e-01  4.87e+05	49.8045 82.3966 0.8964	
49.450948 298.432527	7.13e-01  8.93e-01  4.73e+05	33.1605 95.6665 0.8747	
49.450948 298.432527	6.49e-01  7.86e-01  5.07e+05	-16.6360 87.1140 0.1225	
49.450948 298.432527	5.35e-01  7.17e-01  5.48e+05	-3.5015 70.0107 0.4841	
49.450948 298.432527	5.92e-01  8.75e-01  5.00e+05	-26.7561 87.3353 0.4743	
49.450948 298.432527	5.10e-01  9.33e-01  5.05e+05	26.9076 85.2205 0.0412	
49.450948 298.432527	6.43e-01  6.79e-01  5.31e+05	6.7165 77.9204 0.3736	
49.450948 298.432527	6.02e-01  8.48e-01  5.03e+05	-22.1295 87.2289 0.3233	
49.450948 298.432527	5.77e-01  7.57e-01  5.28e+05	-48.3042 63.0777 0.2026	
49.450948 298.432527	5.08e-01  9.41e-01  5.04e+05	6.0021 89.6780 0.1291	
49.450948 298.432527	4.99e-01  7.56e-01  5.47e+05	15.9666 68.8284 0.0946	
49.450948 298.432527	6.95e-01  7.50e-01  5.05e+05	28.7591 84.7861 0.7848	
49.450948 298.432527	6.49e-01  8.11e-01  5.01e+05	29.7771 85.7776 0.1967	
49.450948 298.432527	5.83e-01  8.06e-01  5.16e+05	60.9726 58.7224 0.6067	
49.450948 298.432527	8.27e-01  9.05e-01  4.52e+05	-20.5176 106.6678 0.0665	
49.450948 298.432527	4.91e-01  9.01e-01  5.16e+05	-3.9102 84.8509 0.4065	
49.450948 298.432527	6.75e-01  8.68e-01  4.85e+05	-38.6060 88.9928 0.9695	
49.450948 298.432527	6.37e-01  9.88e-01  4.70e+05	-29.3721 98.1168 0.9030	
49.450948 298.432527	4.88e-01  8.07e-01  5.38e+05	-27.4639 69.9875 0.7021	
49.450948 298.432527	5.44e-01  9.68e-01  4.91e+05	14.9770 93.6081 0.1963	
49.450948 298.432527	7.23e-01  8.05e-01  4.88e+05	14.7644 94.8124 0.6041	
49.450948 298.432527	5.44e-01  7.68e-01  5.34e+05	42.2885 64.4815 0.2887	
49.450948 298.432527	5.37e-01  7.33e-01  5.43e+05	22.9268 68.6237 0.5893	
49.450948 298.432527	6.03e-01  8.46e-01  5.04e+05	8.1961 89.4736 0.7558	
49.450948 298.432527	4.73e-01  8.48e-01  5.31e+05	-0.5828 78.0955 0.4542	
49.450948 298.432527	7.27e-01  8.70e-01  4.75e+05	46.3846 89.2662 0.7602	
49.450948 298.432527	6.99e-01  8.11e-01  4.91e+05	-8.6921 94.2696 0.6385	
49.450948 298.432527	6.69e-01  8.35e-01  4.93e+05	-27.0871 90.1904 0.4151	
49.450948 298.432527	5.69e-01  9.86e-01  4.83e+05	-12.7144 96.9719 0.7974	
49.450948 298.432527	6.19e-01  8.56e-01  4.98e+05	21.1731 89.4897 0.9680	
49.450948 298.432527	6.17e-01  7.44e-01  5.22e+05	-18.5200 79.9407 0.6091	
49.450948 298.432527	6.37e-01  8.21e-01  5.02e+05	29.2365 85.7327 0.8620	
49.450948 298.432527	7.94e-01  9.26e-01  4.53e+05	-14.6411 107.0222 0.3267	
49.450948 298.432527	6.58e-01  7.77e-01  5.07e+05	-35.6285 81.2504 0.2698	
49.450948 298.432527	6.52e-01  8.71e-01  4.89e+05	34.2158 89.1743 0.9806	
49.450948 298.432527	5.81e-01  8.51e-01  5.07e+05	33.3684 81.9208 0.4532	
49.450948 298.432527	6.82e-01  8.66e-01  4.84e+05	-34.7634 90.9459 0.4995	
49.450948 298.432527	4.59e-01  8.00e-01  5.46e+05	-14.1207 69.6955 0.6349	
49.450948 298.432527	6.65e-01  8.69e-01  4.87e+05	31.9522 90.9447 0.6811	
49.450948 298.432527	6.63e-01  6.96e-01  5.23e+05	-24.1235 78.1706 0.3067	
49.450948 298.432527	6.25e-01  8.99e-01  4.89e+05	-17.7937 93.9358 0.6858	
49.450948 298.432527	6.77e-01  9.05e-01  4.78e+05	-17.4628 98.1143 0.9724	
49.450948 298.432527	3.70e-01  9.03e-01  5.43e+05	8.2158 72.1767 0.3003	
49.450948 298.432527	4.75e-01  8.22e-01  5.37e+05	16.0242 73.7602 0.3216	
49.450948 298.432527	5.31e-01  8.52e-01  5.18e+05	10.2239 83.5363 0.7594	
49.450948 298.432527	5.52e-01  7.33e-01  5.40e+05	15.9292 72.4059 0.2227	
49.450948 298.432527	5.56e-01  7.59e-01  5.33e+05	14.0123 76.0635 0.5694	
49.450948 298.432527	3.95e-01  7.00e-01  5.89e+05	2.3595 44.6563 0.5937	
49.450948 298.432527	7.19e-01  7.77e-01  4.94e+05	34.9716 86.7849 0.3486	
49.450948 298.432527	7.50e-01  9.26e-01  4.61e+05	31.4782 100.6804 0.9874	
49.450948 298.432527	4.38e-01  9.35e-01  5.20e+05	3.7286 83.1565 0.0501	
49.450948 298.432527	5.24e-01  8.16e-01  5.27e+05	36.3355 71.2305 0.1694	
49.450948 298.432527	7.24e-01  9.01e-01  4.70e+05	-26.1726 98.9989 0.1721	
49.450948 298.432527	6.03e-01  8.22e-01  5.09e+05	-6.3230 87.6669 0.9651	
49.450948 298.432527	6.17e-01  9.01e-01  4.90e+05	-10.2602 94.6357 0.1330	
49.450948 298.432527	6.72e-01  8.25e-01  4.94e+05	-14.3077 92.5082 0.7188	
49.450948 298.432527	6.04e-01  9.13e-01  4.90e+05	59.9724 73.8434 0.2907	
49.450948 298.432527	4.65e-01  9.04e-01  5.21e+05	-1.9703 82.8004 0.9993	
49.450948 298.432527	6.67e-01  8.87e-01  4.83e+05	-65.2620 72.7303 0.0556	
49.450948 298.432527	5.58e-01  9.00e-01  5.02e+05	3.7617 90.4752 0.6372	
49.450948 298.432527	6.59e-01  8.65e-01  4.89e+05	33.6193 89.5396 0.0168	
49.450948 298.432527	4.36e-01  7.52e-01  5.64e+05	-2.5014 61.4583 0.4654	
49.450948 298.432527	7.35e-01  7.70e-01  4.92e+05	-0.1687 94.2592 0.0600	
49.450948 298.432527	4.74e-01  9.05e-01  5.19e+05	-19.7214 81.3469 0.0486	
49.450948 298.432527	4.91e-01  7.58e-01  5.48e+05	-19.4772 67.1214 0.3519	
49.450948 298.432527	2.68e-01  9.21e-01  5.63e+05	-3.6135 61.5737 0.9608	
49.450948 298.432527	7.63e-01  9.01e-01  4.63e+05	61.3970 84.9137 0.6121	
49.450948 298.432527	6.55e-01  7.61e-01  5.11e+05	-2.4770 87.0456 0.8162	
49.450948 298.432527	5.52e-01  8.04e-01  5.23e+05	-15.5131 80.1280 0.0756	
49.450948 298.432527	5.15e-01  9.05e-01  5.10e+05	10.0024 86.9189 0.7354	
49.450948 298.432527	4.42e-01  7.02e-01  5.75e+05	-1.2301 54.3865 0.6687	
49.450948 298.432527	5.60e-01  9.52e-01  4.91e+05	7.1152 94.5037 0.5343	
49.450948 298.432527	6.04e-01  9.55e-01  4.82e+05	8.7928 97.6958 0.6560	
49.450948 298.432527	5.61e-01  8.74e-01  5.07e+05	26.2834 84.7598 0.2025	
49.450948 298.432527	5.43e-01  9.33e-01  4.98e+05	-25.4676 88.4877 0.6238	
49.450948 298.432527	6.73e-01  9.79e-01  4.65e+05	-38.1457 96.8419 0.1870	
49.450948 298.432527	4.42e-01  8.32e-01  5.42e+05	15.2942 71.2117 0.3093	
49.450948 298.432527	7.62e-01  8.38e-01  4.74e+05	6.8745 100.6480 0.4854	
49.450948 298.432527	6.19e-01  7.06e-01  5.31e+05	-31.6552 71.7956 0.4845	
49.450948 298.432527	5.98e-01  8.38e-01  5.06e+05	-15.4095 87.5271 0.0156	
49.450948 298.432527	5.43e-01  8.15e-01  5.23e+05	-6.0021 81.4752 0.8950	
49.450948 298.432527	6.42e-01  8.65e-01  4.92e+05	13.9857 93.3010 0.5625	
49.450948 298.432527	6.19e-01  7.27e-01  5.26e+05	37.8411 71.1492 0.0554	
49.450948 298.432527	7.05e-01  8.26e-01  4.87e+05	10.1691 95.6328 0.5927	
49.450948 298.432527	6.40e-01  8.09e-01  5.04e+05	-0.9004 89.8707 0.5037	
49.450948 298.432527	3.35e-01  9.73e-01  5.35e+05	-16.5678 74.8009 0.1944	
49.450948 298.432527	4.97e-01  8.95e-01  5.16e+05	-9.3455 84.5053 0.2304	
49.450948 298.432527	6.69e-01  8.44e-01  4.91e+05	25.3656 91.3676 0.4735	
49.450948 298.432527	5.97e-01  7.57e-01  5.24e+05	-5.1046 81.2541 0.1674	
49.450948 298.432527	5.87e-01  6.63e-01  5.48e+05	-0.9985 69.9169 0.7187	
49.450948 298.432527	7.40e-01  9.09e-01  4.66e+05	-70.7161 76.1029 0.3321	
49.450948 298.432527	6.28e-01  6.47e-01  5.42e+05	-6.8324 72.6903 0.3727	
49.450948 298.432527	5.28e-01  7.56e-01  5.40e+05	-12.1089 72.9193 0.2490	
49.450948 298.432527	5.36e-01  7.88e-01  5.31e+05	12.4756 77.4003 0.4975	
49.450948 298.432527	8.13e-01  9.35e-01  4.49e+05	-30.5810 105.1279 0.7794	
49.450948 298.432527	6.43e-01  7.43e-01  5.17e+05	-8.1714 84.0748 0.3064	
49.450948 298.432527	5.06e-01  7.68e-01  5.42e+05	-18.5956 70.4430 0.5284	
49.450948 298.432527	6.32e-01  9.64e-01  4.75e+05	-27.7128 96.7057 0.5048	
49.450948 298.432527	7.20e-01  9.54e-01  4.61e+05	-5.8643 105.2354 0.8245	
49.450948 298.432527	5.45e-01  8.84e-01  5.08e+05	41.0488 78.1497 0.0199	
49.450948 298.432527	6.93e-01  8.44e-01  4.86e+05	-9.4271 96.1468 0.5448	
49.450948 298.432527	6.05e-01  8.45e-01  5.04e+05	0.9477 89.9345 0.5473	
49.450948 298.432527	4.87e-01  9.20e-01  5.13e+05	13.0419 85.2947 0.2123	
49.450948 298.432527	6.68e-01  8.70e-01  4.86e+05	-17.6972 94.9697 0.6490	
49.450948 298.432527	5.09e-01  7.20e-01  5.53e+05	1.8511 67.2068 0.0099	
49.450948 298.432527	6.22e-01  8.24e-01  5.04e+05	38.4032 81.0019 0.8945	
49.450948 298.432527	7.01e-01  8.36e-01  4.86e+05	21.7869 94.1292 0.1789	
49.450948 298.432527	4.98e-01  7.58e-01  5.47e+05	-14.1780 69.2865 0.3261	
49.450948 298.432527	5.64e-01  8.25e-01  5.16e+05	22.0148 81.8318 0.8126	
49.450948 298.432527	5.54e-01  9.05e-01  5.02e+05	-1.2241 90.6927 0.0352	
49.450948 298.432527	3.25e-01  8.62e-01  5.64e+05	-0.2218 61.3743 0.9414	
49.450948 298.432527	7.04e-01  8.11e-01  4.91e+05	10.3932 94.3830 0.1626	
49.450948 298.432527	6.39e-01  7.98e-01  5.06e+05	5.6891 88.6611 0.5433	
49.450948 298.432527	6.77e-01  8.76e-01  4.83e+05	6.4624 97.4275 0.9268	
49.450948 298.432527	7.52e-01  9.81e-01  4.51e+05	3.0800 108.6088 0.0354	
49.450948 298.432527	5.37e-01  7.66e-01  5.36e+05	-31.6759 69.2139 0.6973	
49.450948 298.432527	4.57e-01  6.73e-01  5.79e+05	-6.7403 51.3858 0.8822	
49.450948 298.432527	7.49e-01  8.74e-01  4.70e+05	-17.4923 100.7699 0.4794	
49.450948 298.432527	6.73e-01  7.69e-01  5.05e+05	18.7713 87.2537 0.0140	
49.450948 298.432527	5.22e-01  8.73e-01  5.15e+05	-23.1101 82.0288 0.9759	
49.450948 298.432527	5.89e-01  8.72e-01  5.01e+05	-15.9319 89.4182 0.6243	
49.450948 298.432527	8.14e-01  8.71e-01  4.59e+05	31.4487 101.2476 0.7707	
49.450948 298.432527	5.32e-01  8.35e-01  5.21e+05	-27.0733 78.1445 0.5707	
49.450948 298.432527	3.81e-01  8.66e-01  5.49e+05	43.2230 54.4205 0.8030	
49.450948 298.432527	4.81e-01  7.97e-01  5.41e+05	-35.8773 63.9623 0.3543	
49.450948 298.432527	5.07e-01  7.63e-01  5.44e+05	23.7563 68.3098 0.0982	
49.450948 298.432527	6.72e-01  9.29e-01  4.74e+05	-42.1442 91.6630 0.2577	
49.450948 298.432527	6.59e-01  8.56e-01  4.91e+05	24.1004 91.8389 0.3266	
49.450948 298.432527	5.24e-01  7.38e-01  5.45e+05	17.6195 69.2239 0.7450	
49.450948 298.432527	8.66e-01  9.15e-01  4.44e+05	24.6155 108.4484 0.4106	
49.450948 298.432527	4.20e-01  7.54e-01  5.67e+05	12.7801 58.0215 0.4522	
49.450948 298.432527	5.32e-01  7.79e-01  5.34e+05	-41.7917 64.5723 0.7356	
49.450948 298.432527	5.70e-01  7.63e-01  5.29e+05	26.1529 74.8125 0.6145	
49.450948 298.432527	5.17e-01  8.65e-01  5.18e+05	23.3342 80.7797 0.5537	
49.450948 298.432527	5.84e-01  9.62e-01  4.85e+05	-8.8205 96.7840 0.2528	
49.450948 298.432527	6.16e-01  7.58e-01  5.20e+05	-32.3753 76.7505 0.7864	
49.450948 298.432527	5.82e-01  8.87e-01  5.00e+05	21.4814 88.9489 0.0174	
49.450948 298.432527	4.82e-01  8.63e-01  5.26e+05	-7.1120 80.1627 0.4782	
49.450948 298.432527	6.30e-01  8.38e-01  5.00e+05	-27.8151 87.0759 0.6510	
49.450948 298.432527	6.10e-01  7.41e-01  5.25e+05	-17.9178 79.1495 0.9067	
49.450948 298.432527	7.18e-01  7.73e-01  4.95e+05	-24.7076 89.8690 0.6054	
49.450948 298.432527	4.96e-01  6.65e-01  5.71e+05	-4.0473 57.0015 0.2358	
49.450948 298.432527	6.15e-01  7.91e-01  5.13e+05	-7.0338 85.9554 0.5976	
49.450948 298.432527	8.92e-01  9.21e-01  4.39e+05	39.6887 105.6051 0.5569	
49.450948 298.432527	6.31e-01  8.31e-01  5.01e+05	42.3151 80.4447 0.5175	
49.450948 298.432527	6.69e-01  8.54e-01  4.89e+05	-8.8842 95.1453 0.4674	
49.450948 298.432527	5.50e-01  7.97e-01  5.26e+05	-27.8841 75.6774 0.2710	
49.450948 298.432527	4.38e-01  8.22e-01  5.46e+05	14.0450 69.6876 0.1841	
49.450948 298.432527	6.31e-01  8.37e-01  5.00e+05	-29.5872 86.4625 0.0122	
49.450948 298.432527	7.05e-01  9.92e-01  4.58e+05	55.8660 90.8512 0.9066	
49.450948 298.432527	5.55e-01  8.08e-01  5.22e+05	-44.6922 69.0182 0.0950	
49.450948 298.432527	6.23e-01  9.23e-01  4.84e+05	-16.7935 95.7331 0.5210	
49.450948 298.432527	6.68e-01  7.73e-01  5.05e+05	4.3790 89.0817 0.7760	
49.450948 298.432527	6.37e-01  8.61e-01  4.94e+05	-7.7914 93.4617 0.0268	
49.450948 298.432527	5.14e-01  7.17e-01  5.53e+05	4.4695 67.3941 0.3444	
49.450948 298.432527	7.12e-01  9.33e-01  4.66e+05	-4.2140 103.5744 0.1338	
49.450948 298.432527	5.30e-01  7.89e-01  5.32e+05	-26.2879 73.2633 0.3691	
49.450948 298.432527	5.19e-01  9.03e-01  5.09e+05	-9.9473 87.0050 0.8592	
49.450948 298.432527	7.07e-01  8.46e-01  4.83e+05	-8.4339 97.3720 0.4535	
49.450948 298.432527	5.98e-01  9.27e-01  4.89e+05	4.5816 95.5953 0.7715	
49.450948 298.432527	7.07e-01  7.76e-01  4.97e+05	-12.9849 91.6294 0.0527	
49.450948 298.432527	4.89e-01  8.24e-01  5.33e+05	-3.5583 77.1378 0.2257	
49.450948 298.432527	5.93e-01  8.94e-01  4.96e+05	-19.1531 90.8816 0.9300	
49.450948 298.432527	6.63e-01  9.73e-01  4.68e+05	-34.1766 97.2775 0.4102	
49.450948 298.432527	7.82e-01  8.83e-01  4.63e+05	20.3349 102.8824 0.1943	
49.450948 298.432527	5.34e-01  6.54e-01  5.64e+05	3.1494 61.5338 0.6381	
49.450948 298.432527	7.03e-01  7.89e-01  4.95e+05	-9.7446 92.7279 0.7498	
49.450948 298.432527	7.01e-01  9.12e-01  4.72e+05	46.9178 90.2272 0.4380	
49.450948 298.432527	4.94e-01  7.96e-01  5.39e+05	-8.1509 74.2038 0.3821	
49.450948 298.432527	5.23e-01  7.45e-01  5.44e+05	-5.5720 72.0262 0.3202	
49.450948 298.432527	5.02e-01  8.19e-01  5.31e+05	-30.1297 72.0303 0.0461	
49.450948 298.432527	6.01e-01  8.62e-01  5.01e+05	-57.3270 70.6846 0.8095	
49.450948 298.432527	5.10e-01  8.64e-01  5.20e+05	20.8894 80.6476 0.8015	
49.450948 298.432527	7.51e-01  8.22e-01  4.79e+05	28.9285 94.7309 0.2533	
49.450948 298.432527	7.26e-01  7.69e-01  4.94e+05	2.9924 93.4404 0.0660	
49.450948 298.432527	2.63e-01  8.62e-01  5.81e+05	-4.1813 50.6662 0.4489	
49.450948 298.432527	6.33e-01  8.61e-01  4.95e+05	16.2721 91.9187 0.2875	
49.450948 298.432527	5.09e-01  8.02e-01  5.34e+05	1.3030 76.9823 0.7041	
49.450948 298.432527	5.49e-01  8.71e-01  5.10e+05	-15.8531 86.0240 0.8440	
49.450948 298.432527	5.15e-01  8.15e-01  5.29e+05	11.0918 78.2007 0.5798	
49.450948 298.432527	5.08e-01  7.64e-01  5.43e+05	7.2151 72.2499 0.2409	
49.450948 298.432527	5.43e-01  8.26e-01  5.21e+05	-33.5678 75.7394 0.8320	
49.450948 298.432527	4.52e-01  8.19e-01  5.43e+05	6.2740 72.3101 0.0761	
49.450948 298.432527	2.79e-01  8.55e-01  5.78e+05	-11.7882 51.2403 0.9261	
49.450948 298.432527	5.98e-01  8.00e-01  5.14e+05	-4.4430 85.3593 0.8365	
49.450948 298.432527	4.69e-01  7.85e-01  5.47e+05	-25.7034 65.5139 0.9879	
49.450948 298.432527	6.42e-01  8.86e-01  4.88e+05	36.3127 88.7990 0.9196	
49.450948 298.432527	4.99e-01  7.94e-01  5.38e+05	-46.6385 58.7496 0.5132	
49.450948 298.432527	6.45e-01  9.04e-01  4.84e+05	34.1500 91.2063 0.1230	
49.450948 298.432527	6.53e-01  7.19e-01  5.20e+05	4.0154 82.9867 0.0205	
49.450948 298.432527	5.38e-01  9.71e-01  4.92e+05	-26.0659 90.9073 0.3016	
49.450948 298.432527	4.37e-01  8.20e-01  5.47e+05	-24.2517 66.4274 0.0482	
49.450948 298.432527	5.95e-01  8.22e-01  5.10e+05	41.6207 76.6350 0.6193	
49.450948 298.432527	5.04e-01  7.39e-01  5.50e+05	-5.0283 68.8726 0.1626	
49.450948 298.432527	6.39e-01  8.26e-01  5.01e+05	10.5203 90.5127 0.9142	
49.450948 298.432527	6.08e-01  7.91e-01  5.14e+05	59.2062 61.8000 0.4628	
49.450948 298.432527	6.38e-01  9.40e-01  4.78e+05	-2.5364 99.3486 0.6501	
49.450948 298.432527	6.65e-01  8.65e-01  4.87e+05	9.1059 95.6714 0.8694	
49.450948 298.432527	7.19e-01  8.96e-01  4.72e+05	34.1301 95.8880 0.9239	
49.450948 298.432527	7.05e-01  9.10e-01  4.72e+05	-8.3872 101.4228 0.4478	
49.450948 298.432527	5.56e-01  8.14e-01  5.20e+05	19.0940 80.6937 0.7159	
49.450948 298.432527	5.80e-01  8.64e-01  5.05e+05	-6.6382 89.1795 0.3991	
49.450948 298.432527	4.84e-01  7.84e-01  5.44e+05	23.2396 68.3387 0.1828	
49.450948 298.432527	5.01e-01  7.05e-01  5.59e+05	10.8940 63.2063 0.6876	
49.450948 298.432527	4.31e-01  7.54e-01  5.64e+05	0.8729 61.1365 0.6177	
49.450948 298.432527	4.85e-01  8.84e-01  5.21e+05	1.6555 82.8247 0.9073	
49.450948 298.432527	6.90e-01  7.88e-01  4.98e+05	6.5489 91.8926 0.7519	
49.450948 298.432527	8.03e-01  8.80e-01  4.60e+05	15.7088 104.6849 0.7191	
49.450948 298.432527	7.45e-01  7.99e-01  4.85e+05	5.5281 96.9130 0.7879	
49.450948 298.432527	5.97e-01  8.90e-01  4.96e+05	12.0413 92.0654 0.9996	
49.450948 298.432527	7.80e-01  8.56e-01  4.68e+05	-24.3683 100.1653 0.3348	
49.450948 298.432527	5.96e-01  8.99e-01  4.94e+05	-26.3808 89.6652 0.3267	
49.450948 298.432527	5.58e-01  8.33e-01  5.16e+05	19.6762 82.5514 0.4456	
49.450948 298.432527	6.37e-01  6.71e-01  5.34e+05	4.0892 76.5895 0.1234	
49.450948 298.432527	6.08e-01  6.41e-01  5.49e+05	2.5657 69.7270 0.0051	
49.450948 298.432527	6.11e-01  7.13e-01  5.31e+05	-23.1543 74.9152 0.7912	
49.450948 298.432527	6.77e-01  8.63e-01  4.86e+05	28.8918 92.3861 0.1688	
49.450948 298.432527	4.58e-01  6.89e-01  5.74e+05	20.4095 51.0443 0.3447	
49.450948 298.432527	6.60e-01  8.51e-01  4.91e+05	13.6111 93.7249 0.5469	
49.450948 298.432527	7.08e-01  8.59e-01  4.81e+05	-24.6970 95.5044 0.4499	
49.450948 298.432527	6.99e-01  7.41e-01  5.06e+05	43.6197 77.7284 0.3499	
49.450948 298.432527	5.67e-01  7.17e-01  5.40e+05	-0.2802 73.9556 0.4780	
49.450948 298.432527	5.46e-01  9.26e-01  4.99e+05	36.0487 84.3078 0.2658	
49.450948 298.432527	6.00e-01  7.35e-01  5.28e+05	-25.4641 75.4094 0.1184	
49.450948 298.432527	6.71e-01  8.48e-01  4.90e+05	-24.3797 92.1279 0.1146	
49.450948 298.432527	5.61e-01  7.32e-01  5.38e+05	26.4271 70.2657 0.4098	
49.450948 298.432527	6.20e-01  7.82e-01  5.13e+05	5.5446 85.7012 0.6729	
49.450948 298.432527	7.31e-01  8.26e-01  4.82e+05	7.9781 97.6027 0.2201	
49.450948 298.432527	5.30e-01  7.93e-01  5.31e+05	7.1900 77.9145 0.6529	
49.450948 298.432527	7.17e-01  8.90e-01  4.73e+05	-2.6299 101.2376 0.9475	
49.450948 298.432527	5.47e-01  9.15e-01  5.01e+05	10.0897 90.3522 0.9443	
49.450948 298.432527	5.75e-01  6.50e-01  5.55e+05	-24.7259 61.9015 0.5379	
49.450948 298.432527	6.30e-01  7.93e-01  5.09e+05	11.4175 86.9655 0.5296	
49.450948 298.432527	6.66e-01  7.98e-01  5.01e+05	-16.3241 89.5885 0.4426	
49.450948 298.432527	6.87e-01  7.10e-01  5.15e+05	-1.0451 85.3535 0.2712	
49.450948 298.432527	5.71e-01  8.02e-01  5.20e+05	0.4410 83.2728 0.6334	
49.450948 298.432527	5.19e-01  7.43e-01  5.45e+05	-17.7706 69.1931 0.2252	
49.450948 298.432527	6.17e-01  8.14e-01  5.07e+05	1.9091 88.3417 0.0170	
49.450948 298.432527	4.52e-01  8.07e-01  5.46e+05	-3.0253 71.0147 0.8729	
49.450948 298.432527	5.49e-01  9.64e-01  4.91e+05	6.4865 94.6228 0.6422	
49.450948 298.432527	6.82e-01  9.39e-01  4.71e+05	6.9348 101.9419 0.4590	
49.450948 298.432527	7.51e-01  9.78e-01  4.52e+05	40.8348 100.5178 0.5862	
49.450948 298.432527	7.62e-01  9.12e-01  4.61e+05	19.7212 103.5472 0.1434	
49.450948 298.432527	5.30e-01  7.64e-01  5.38e+05	-4.1480 74.9818 0.9287	
49.450948 298.432527	5.02e-01  7.52e-01  5.47e+05	21.6237 67.1001 0.9095	
49.450948 298.432527	7.46e-01  8.97e-01  4.67e+05	-15.1080 102.4368 0.4078	
49.450948 298.432527	7.72e-01  8.60e-01  4.69e+05	2.6282 102.8588 0.2192	
49.450948 298.432527	3.94e-01  9.62e-01  5.23e+05	8.2990 81.2040 0.4644	
49.450948 298.432527	4.49e-01  9.04e-01  5.24e+05	4.7962 81.1405 0.9805	
49.450948 298.432527	6.46e-01  7.69e-01  5.11e+05	3.6781 86.9042 0.6264	
49.450948 298.432527	6.51e-01  8.70e-01  4.89e+05	-8.6517 95.0760 0.4919	
49.450948 298.432527	5.69e-01  7.89e-01  5.23e+05	-0.9587 81.7365 0.6004	
49.450948 298.432527	5.03e-01  7.29e-01  5.53e+05	-6.2418 67.3818 0.9042	
49.450948 298.432527	5.10e-01  7.43e-01  5.47e+05	-34.5438 61.3187 0.5180	
49.450948 298.432527	5.32e-01  8.18e-01  5.25e+05	-16.3628 79.3708 0.1605	
49.450948 298.432527	6.26e-01  7.81e-01  5.12e+05	9.2091 85.8455 0.4911	
49.450948 298.432527	6.38e-01  9.73e-01  4.73e+05	-3.3463 101.4351 0.8261	
49.450948 298.432527	6.51e-01  6.95e-01  5.26e+05	11.9995 79.7106 0.4577	
49.450948 298.432527	5.06e-01  9.45e-01  5.03e+05	-5.1422 89.8912 0.7261	
49.450948 298.432527	7.65e-01  8.09e-01  4.79e+05	4.9911 99.0292 0.1777	
49.450948 298.432527	5.67e-01  7.28e-01  5.37e+05	15.7137 73.6100 0.9756	
49.450948 298.432527	5.40e-01  9.09e-01  5.04e+05	-42.2139 79.4141 0.9354	
49.450948 298.432527	6.19e-01  7.68e-01  5.17e+05	19.6846 82.2420 0.6791	
49.450948 298.432527	6.10e-01  7.31e-01  5.27e+05	29.4772 74.4666 0.0816	
49.450948 298.432527	6.29e-01  8.04e-01  5.07e+05	-20.4077 86.1614 0.8090	
49.450948 298.432527	5.70e-01  8.92e-01  5.01e+05	-11.4708 90.1696 0.9480	
49.450948 298.432527	4.40e-01  8.85e-01  5.30e+05	40.7455 67.0973 0.9088	
49.450948 298.432527	7.59e-01  8.47e-01  4.73e+05	-26.8277 97.6065 0.1067	
49.450948 298.432527	4.05e-01  7.39e-01  5.75e+05	-0.8258 54.3359 0.7726	
49.450948 298.432527	6.71e-01  8.54e-01  4.89e+05	39.5086 87.1519 0.7079	
49.450948 298.432527	7.17e-01  8.65e-01  4.78e+05	-19.9761 97.5752 0.9245	
49.450948 298.432527	8.31e-01  8.60e-01  4.58e+05	8.1390 106.0294 0.7176	
49.450948 298.432527	6.98e-01  7.76e-01  4.99e+05	-1.6500 91.8698 0.0919	
49.450948 298.432527	4.85e-01  8.64e-01  5.25e+05	16.3806 79.1936 0.0562	
49.450948 298.432527	6.20e-01  8.21e-01  5.05e+05	-47.2545 75.7338 0.8802	
49.450948 298.432527	5.56e-01  6.94e-01  5.48e+05	-8.9446 69.3620 0.6870	
49.450948 298.432527	6.92e-01  7.19e-01  5.12e+05	-5.4828 86.5035 0.3084	
49.450948 298.432527	6.48e-01  8.52e-01  4.93e+05	9.5168 93.3616 0.9425	
49.450948 298.432527	7.60e-01  8.48e-01  4.73e+05	5.6757 101.1614 0.5692	
49.450948 298.432527	7.36e-01  8.89e-01  4.70e+05	12.1589 101.7312 0.6495	
49.450948 298.432527	6.15e-01  7.70e-01  5.17e+05	12.4327 83.4896 0.5993	
49.450948 298.432527	6.79e-01  8.00e-01  4.97e+05	5.7235 92.1254 0.3553	
49.450948 298.432527	6.08e-01  6.40e-01  5.49e+05	-3.9439 69.6330 0.1547	
49.450948 298.432527	4.33e-01  7.77e-01  5.58e+05	-5.9898 64.5073 0.8143	
49.450948 298.432527	5.48e-01  6.71e-01  5.56e+05	-16.4714 63.8763 0.0528	
49.450948 298.432527	4.38e-01  8.50e-01  5.39e+05	-41.1223 61.9777 0.7731	
49.450948 298.432527	3.28e-01  8.37e-01  5.70e+05	-21.9833 53.6775 0.4129	
49.450948 298.432527	4.61e-01  8.51e-01  5.33e+05	-27.0719 72.2271 0.6116	
49.450948 298.432527	6.06e-01  8.27e-01  5.07e+05	-24.9090 84.9176 0.4681	
49.450948 298.432527	6.08e-01  8.59e-01  5.00e+05	-5.8859 91.0778 0.2652	
49.450948 298.432527	6.27e-01  9.27e-01  4.83e+05	-40.6658 88.8699 0.1124	
49.450948 298.432527	6.51e-01  8.53e-01  4.93e+05	31.6194 88.7280 0.3505	
49.450948 298.432527	6.49e-01  8.01e-01  5.04e+05	32.7735 83.7559 0.4905	
49.450948 298.432527	5.79e-01  8.74e-01  5.03e+05	3.0490 90.1541 0.0048	
49.450948 298.432527	3.70e-01  6.97e-01  5.97e+05	-1.1711 37.5995 0.0412	
49.450948 298.432527	7.67e-01  9.47e-01  4.54e+05	-6.4607 107.5013 0.3763	
49.450948 298.432527	5.27e-01  8.12e-01  5.27e+05	13.0983 78.8325 0.1259	
49.450948 298.432527	6.93e-01  9.43e-01  4.68e+05	68.9027 76.7169 0.2953	
49.450948 298.432527	4.95e-01  8.95e-01  5.16e+05	31.1888 78.8566 0.2717	
49.450948 298.432527	6.59e-01  9.04e-01  4.81e+05	-18.9012 96.5274 0.4697	
49.450948 298.432527	5.27e-01  8.85e-01  5.11e+05	-26.1201 82.7232 0.2989	
49.450948 298.432527	7.21e-01  9.41e-01  4.63e+05	-35.4796 98.4811 0.1855	
49.450948 298.432527	7.40e-01  9.11e-01  4.65e+05	30.3834 99.4283 0.4733	
49.450948 298.432527	3.63e-01  8.68e-01  5.53e+05	5.1613 67.4079 0.4859	
49.450948 298.432527	7.97e-01  9.09e-01  4.56e+05	-71.7280 79.6983 0.5443	
49.450948 298.432527	7.32e-01  8.53e-01  4.77e+05	12.4558 99.1140 0.1964	
49.450948 298.432527	4.88e-01  8.56e-01  5.26e+05	20.0817 77.8236 0.7437	
49.450948 298.432527	4.90e-01  8.46e-01  5.28e+05	-26.9762 74.8903 0.7098	
49.450948 298.432527	4.52e-01  7.76e-01  5.54e+05	16.3415 65.0751 0.9127	
49.450948 298.432527	4.55e-01  8.10e-01  5.45e+05	8.5228 71.1873 0.3565	
49.450948 298.432527	5.83e-01  7.57e-01  5.27e+05	-25.7194 75.7402 0.3084	
49.450948 298.432527	6.80e-01  8.78e-01  4.82e+05	-18.1980 96.3176 0.6873	
49.450948 298.432527	4.70e-01  7.93e-01  5.45e+05	-25.4462 66.9862 0.4357	
49.450948 298.432527	5.96e-01  7.81e-01  5.19e+05	-37.1385 74.8698 0.6252	
49.450948 298.432527	6.24e-01  8.88e-01  4.91e+05	-41.7717 85.0327 0.7033	
49.450948 298.432527	5.45e-01  8.65e-01  5.12e+05	-47.8406 72.2161 0.2884	
49.450948 298.432527	7.21e-01  9.84e-01  4.56e+05	11.2709 106.5805 0.6710	
49.450948 298.432527	4.62e-01  9.24e-01  5.17e+05	25.8755 80.3826 0.5912	
49.450948 298.432527	5.56e-01  8.20e-01  5.19e+05	7.1511 83.2432 0.8657	
49.450948 298.432527	5.86e-01  9.78e-01  4.81e+05	23.6738 95.6105 0.9735	
49.450948 298.432527	6.12e-01  9.38e-01  4.84e+05	-14.7940 96.3240 0.4018	
49.450948 298.432527	4.47e-01  8.40e-01  5.39e+05	20.4691 71.5424 0.0121	
49.450948 298.432527	8.43e-01  9.23e-01  4.46e+05	63.6695 90.2438 0.9200	
49.450948 298.432527	6.13e-01  8.41e-01  5.03e+05	-49.2292 75.7134 0.3914	
49.450948 298.432527	5.62e-01  7.70e-01  5.29e+05	34.1170 71.4507 0.0460	
49.450948 298.432527	3.74e-01  8.53e-01  5.54e+05	-1.9975 66.9650 0.4900	
49.450948 298.432527	6.26e-01  7.86e-01  5.11e+05	10.6196 86.0565 0.1331	
49.450948 298.432527	5.97e-01  7.85e-01  5.18e+05	15.8606 82.5396 0.3113	
49.450948 298.432527	5.86e-01  7.37e-01  5.31e+05	-10.8868 77.5083 0.6940	
49.450948 298.432527	6.16e-01  7.50e-01  5.21e+05	8.9623 82.0570 0.4495	
49.450948 298.432527	6.61e-01  7.96e-01  5.02e+05	20.9304 88.0439 0.0694	
49.450948 298.432527	5.09e-01  7.10e-01  5.56e+05	17.5455 63.5307 0.9107	
49.450948 298.432527	6.49e-01  8.73e-01  4.89e+05	6.0504 95.2691 0.7362	
49.450948 298.432527	6.10e-01  6.70e-01  5.41e+05	12.5257 72.3893 0.2337	
49.450948 298.432527	6.46e-01  8.99e-01  4.85e+05	-16.9999 95.6369 0.5040	
49.450948 298.432527	4.52e-01  8.15e-01  5.44e+05	12.8981 70.8263 0.6775	
49.450948 298.432527	5.25e-01  8.76e-01  5.14e+05	-19.6790 83.4874 0.5393	
49.450948 298.432527	6.99e-01  9.19e-01  4.71e+05	-10.3211 101.4307 0.3951	
49.450948 298.432527	4.52e-01  9.49e-01  5.14e+05	38.5155 76.6665 0.2816	
49.450948 298.432527	5.65e-01  7.38e-01  5.36e+05	14.3249 74.7787 0.2368	
49.450948 298.432527	6.38e-01  8.97e-01  4.87e+05	18.7910 94.5594 0.7316	
49.450948 298.432527	5.80e-01  6.85e-01  5.45e+05	-31.7802 64.3417 0.9970	
49.450948 298.432527	6.77e-01  7.02e-01  5.18e+05	-11.8402 82.9876 0.9395	
49.450948 298.432527	5.72e-01  8.50e-01  5.09e+05	14.8552 86.3002 0.2658	
49.450948 298.432527	5.13e-01  9.52e-01  5.00e+05	5.4358 91.0120 0.7090	
49.450948 298.432527	6.08e-01  9.66e-01  4.79e+05	-22.3230 96.5432 0.9618	
49.450948 298.432527	6.40e-01  8.08e-01  5.04e+05	-9.9211 89.2995 0.9549	
49.450948 298.432527	6.33e-01  7.62e-01  5.15e+05	45.1390 72.2803 0.6050	
49.450948 298.432527	6.70e-01  8.55e-01  4.89e+05	23.7837 92.6916 0.0303	
49.450948 298.432527	6.89e-01  9.04e-01  4.76e+05	10.2272 99.8769 0.0440	
49.450948 298.432527	5.19e-01  7.34e-01  5.47e+05	-4.6042 70.2189 0.3834	
49.450948 298.432527	6.10e-01  7.86e-01  5.15e+05	-1.7071 85.3614 0.0226	
49.450948 298.432527	5.00e-01  7.97e-01  5.37e+05	15.9652 73.7243 0.7553	
49.450948 298.432527	6.01e-01  8.05e-01  5.13e+05	-2.4228 86.1680 0.2424	
49.450948 298.432527	5.01e-01  9.77e-01  4.98e+05	24.6054 88.8468 0.9317	
49.450948 298.432527	6.22e-01  8.68e-01  4.95e+05	29.0277 88.4263 0.1520	
49.450948 298.432527	4.44e-01  8.70e-01  5.33e+05	25.2826 73.1743 0.6396	
49.450948 298.432527	5.38e-01  7.96e-01  5.28e+05	7.5781 79.0452 0.8895	
49.450948 298.432527	4.50e-01  7.71e-01  5.55e+05	33.9392 56.8798 0.3901	
49.450948 298.432527	7.22e-01  7.82e-01  4.93e+05	-14.5380 92.9921 0.3879	
49.450948 298.432527	7.51e-01  8.39e-01  4.76e+05	39.9787 91.8738 0.5032	
49.450948 298.432527	6.08e-01  7.33e-01  5.27e+05	18.3560 77.9835 0.2056	
49.450948 298.432527	4.95e-01  7.32e-01  5.54e+05	-28.8032 60.5512 0.1071	
49.450948 298.432527	6.54e-01  7.74e-01  5.08e+05	-32.9048 81.7546 0.4577	
49.450948 298.432527	8.76e-01  9.65e-01  4.34e+05	-20.6610 112.2989 0.0088	
49.450948 298.432527	6.78e-01  8.81e-01  4.82e+05	19.4357 96.1126 0.2936	
49.450948 298.432527	5.56e-01  8.02e-01  5.23e+05	30.3114 75.9531 0.0754	
49.450948 298.432527	7.59e-01  9.16e-01  4.61e+05	10.4980 104.8909 0.3960	
49.450948 298.432527	6.16e-01  8.33e-01  5.04e+05	8.2120 89.5140 0.9944	
49.450948 298.432527	7.42e-01  9.47e-01  4.59e+05	-36.5056 99.8089 0.4657	
49.450948 298.432527	5.79e-01  6.12e-01  5.63e+05	-16.0022 59.9040 0.6702	
49.450948 298.432527	5.36e-01  8.51e-01  5.17e+05	17.8053 82.6571 0.7132	
49.450948 298.432527	5.56e-01  8.62e-01  5.10e+05	-13.0523 86.3329 0.0748	
49.450948 298.432527	4.81e-01  9.53e-01  5.07e+05	-7.8048 88.3084 0.3818	
49.450948 298.432527	5.57e-01  9.28e-01  4.96e+05	-20.8181 90.3315 0.6858	
49.450948 298.432527	4.95e-01  9.05e-01  5.14e+05	-26.3436 81.5079 0.5563	
49.450948 298.432527	6.47e-01  8.84e-01  4.87e+05	-29.7266 91.4682 0.9316	
49.450948 298.432527	5.68e-01  7.76e-01  5.26e+05	-0.7040 80.3804 0.4422	
49.450948 298.432527	6.31e-01  7.52e-01  5.18e+05	-21.3581 81.3464 0.4886	
49.450948 298.432527	5.04e-01  9.13e-01  5.10e+05	-22.7725 84.1186 0.0915	
49.450948 298.432527	5.17e-01  9.22e-01  5.06e+05	-61.9015 63.9320 0.6706	
49.450948 298.432527	4.89e-01  6.46e-01  5.78e+05	21.1667 48.2745 0.7651	
49.450948 298.432527	5.44e-01  8.10e-01  5.24e+05	10.5194 80.7282 0.1846	
49.450948 298.432527	4.57e-01  8.94e-01  5.25e+05	1.8740 81.0819 0.5470	
49.450948 298.432527	5.44e-01  7.47e-01  5.38e+05	30.3770 68.3777 0.5836	
49.450948 298.432527	6.43e-01  7.63e-01  5.13e+05	43.6847 74.3077 0.2554	
49.450948 298.432527	7.35e-01  9.33e-01  4.62e+05	-43.5002 95.5852 0.5591	
49.450948 298.432527	5.95e-01  8.43e-01  5.06e+05	24.6295 85.4174 0.7689	
49.450948 298.432527	8.76e-01  9.43e-01  4.38e+05	-4.7223 113.0114 0.4090	
49.450948 298.432527	6.04e-01  8.69e-01  4.99e+05	-25.9461 88.0378 0.1475	
49.450948 298.432527	5.35e-01  8.58e-01  5.15e+05	-37.5053 76.3542 0.1849	
49.450948 298.432527	6.30e-01  8.51e-01  4.97e+05	-31.0084 87.0128 0.7335	
49.450948 298.432527	8.13e-01  8.48e-01  4.63e+05	23.2798 102.0091 0.9675	
49.450948 298.432527	7.40e-01  9.51e-01  4.58e+05	0.2323 106.3618 0.7051	
49.450948 298.432527	2.27e-01  9.33e-01  5.71e+05	6.6033 56.7107 0.3465	
49.450948 298.432527	6.83e-01  8.76e-01  4.82e+05	-23.8006 95.1657 0.3301	
49.450948 298.432527	6.45e-01  8.01e-01  5.04e+05	-5.0335 89.4692 0.4088	
49.450948 298.432527	5.71e-01  7.73e-01  5.26e+05	1.0499 80.4639 0.9334	
49.450948 298.432527	6.31e-01  9.08e-01  4.86e+05	23.3567 93.8803 0.4187	
49.450948 298.432527	3.61e-01  7.88e-01  5.74e+05	17.0367 52.5221 0.7806	
49.450948 298.432527	5.18e-01  8.56e-01  5.19e+05	3.1091 83.3117 0.5155	
49.450948 298.432527	6.41e-01  7.61e-01  5.13e+05	38.2494 76.9156 0.9776	
49.450948 298.432527	7.21e-01  8.52e-01  4.79e+05	-10.9020 98.4427 0.0176	
49.450948 298.432527	6.36e-01  7.04e-01  5.27e+05	-16.8514 78.1284 0.0335	
49.450948 298.432527	6.88e-01  8.80e-01  4.80e+05	-11.2246 98.0725 0.0403	
49.450948 298.432527	6.93e-01  8.61e-01  4.83e+05	8.9600 97.3466 0.2556	
49.450948 298.432527	6.31e-01  8.39e-01  5.00e+05	-44.2098 80.1127 0.5334	
49.450948 298.432527	5.92e-01  6.99e-01  5.38e+05	4.4994 74.6570 0.6270	
49.450948 298.432527	5.09e-01  7.72e-01  5.41e+05	-10.8703 72.8783 0.7204	
49.450948 298.432527	6.76e-01  7.81e-01  5.02e+05	9.0451 90.0138 0.2092	
49.450948 298.432527	4.53e-01  8.57e-01  5.34e+05	14.3934 75.5375 0.6531	
49.450948 298.432527	7.12e-01  8.83e-01  4.75e+05	55.3191 83.8729 0.2081	
49.450948 298.432527	6.02e-01  8.67e-01  5.00e+05	35.4224 84.3467 0.4499	
49.450948 298.432527	3.63e-01  7.86e-01  5.74e+05	-4.7734 55.1970 0.5617	
49.450948 298.432527	6.76e-01  7.74e-01  5.03e+05	-35.8054 82.5806 0.3958	
49.450948 298.432527	7.07e-01  8.28e-01  4.87e+05	24.5994 93.2097 0.7254	
49.450948 298.432527	6.00e-01  9.00e-01  4.93e+05	-10.6166 93.3098 0.7053	
49.450948 298.432527	3.58e-01  8.05e-01  5.70e+05	-20.4597 54.0033 0.2054	
49.450948 298.432527	7.34e-01  7.65e-01  4.93e+05	-10.2255 93.2876 0.2416	
49.450948 298.432527	6.70e-01  7.88e-01  5.02e+05	32.9645 84.4013 0.1403	
49.450948 298.432527	5.84e-01  9.62e-01  4.84e+05	18.6799 95.4253 0.1481	
49.450948 298.432527	5.72e-01  8.79e-01  5.03e+05	14.9295 88.7846 0.3453	
49.450948 298.432527	5.55e-01  9.19e-01  4.99e+05	-25.9970 88.0845 0.1279	
49.450948 298.432527	5.43e-01  8.39e-01  5.18e+05	13.4659 82.9520 0.6067	
49.450948 298.432527	7.31e-01  9.35e-01  4.63e+05	-11.7172 104.2431 0.3290	
49.450948 298.432527	5.20e-01  7.74e-01  5.38e+05	21.5340 72.0333 0.9594	
49.450948 298.432527	5.68e-01  9.43e-01  4.91e+05	1.8104 94.7134 0.4892	
49.450948 298.432527	6.82e-01  8.09e-01  4.95e+05	12.8443 92.3247 0.2082	
49.450948 298.432527	6.48e-01  6.70e-01  5.32e+05	-34.2355 69.6969 0.0577	
49.450948 298.432527	8.10e-01  9.18e-01  4.52e+05	65.5276 86.3424 0.5785	
49.450948 298.432527	5.40e-01  9.55e-01  4.94e+05	7.9212 93.2124 0.4965	
49.450948 298.432527	3.13e-01  9.10e-01  5.55e+05	-9.4089 65.8429 0.9941	
49.450948 298.432527	4.97e-01  8.66e-01  5.22e+05	-11.0631 81.5800 0.9816	
49.450948 298.432527	4.62e-01  8.44e-01  5.35e+05	21.7026 73.2985 0.0556	
49.450948 298.432527	7.49e-01  9.09e-01  4.64e+05	-7.4457 104.1294 0.2008	
49.450948 298.432527	6.30e-01  9.52e-01  4.78e+05	37.5284 92.2636 0.8017	
49.450948 298.432527	5.20e-01  7.51e-01  5.43e+05	-13.0607 71.3379 0.2760	
49.450948 298.432527	5.15e-01  7.95e-01  5.34e+05	-26.6512 72.1853 0.0816	
49.450948 298.432527	6.31e-01  7.38e-01  5.20e+05	3.6197 82.8421 0.8723	
49.450948 298.432527	5.91e-01  6.64e-01  5.47e+05	-2.5462 70.5870 0.5696	
49.450948 298.432527	6.01e-01  7.27e-01  5.30e+05	-25.3137 74.5833 0.2915	
49.450948 298.432527	4.15e-01  7.21e-01  5.77e+05	-2.9377 52.8704 0.4466	
49.450948 298.432527	7.58e-01  8.41e-01  4.75e+05	-13.9112 99.8037 0.8615	
49.450948 298.432527	4.63e-01  6.45e-01  5.85e+05	-14.8344 45.1110 0.6243	
49.450948 298.432527	4.37e-01  7.94e-01  5.53e+05	-1.0399 67.4882 0.2299	
49.450948 298.432527	5.68e-01  8.06e-01  5.20e+05	26.5263 78.9720 0.7575	
49.450948 298.432527	6.63e-01  7.61e-01  5.09e+05	-8.5727 87.3881 0.6353	
49.450948 298.432527	8.11e-01  9.33e-01  4.50e+05	22.4075 106.9660 0.0707	
49.450948 298.432527	6.60e-01  8.22e-01  4.97e+05	-3.4360 92.4540 0.0859	
49.450948 298.432527	5.72e-01  7.63e-01  5.28e+05	20.8309 76.6928 0.1512	
49.450948 298.432527	6.46e-01  9.03e-01  4.84e+05	-18.8509 95.5780 0.3991	
49.450948 298.432527	6.96e-01  9.35e-01  4.69e+05	-9.8395 102.2996 0.0142	
49.450948 298.432527	6.19e-01  8.94e-01  4.91e+05	-28.3212 90.5013 0.5003	
49.450948 298.432527	5.42e-01  8.26e-01  5.21e+05	-31.6681 76.4484 0.0930	
49.450948 298.432527	6.19e-01  8.45e-01  5.01e+05	21.0987 88.6481 0.6422	
49.450948 298.432527	5.11e-01  7.61e-01  5.43e+05	12.6171 71.5211 0.3799	
49.450948 298.432527	4.58e-01  8.12e-01  5.43e+05	-5.4761 72.2011 0.7914	
49.450948 298.432527	5.89e-01  7.73e-01  5.22e+05	-36.0418 73.7490 0.8154	
49.450948 298.432527	5.80e-01  8.78e-01  5.02e+05	-5.9508 90.3951 0.6302	
49.450948 298.432527	5.97e-01  8.36e-01  5.07e+05	13.8770 87.5049 0.3531	
49.450948 298.432527	5.94e-01  6.26e-01  5.56e+05	2.8738 66.0341 0.2241	
49.450948 298.432527	5.82e-01  7.76e-01  5.23e+05	32.7289 74.9074 0.1730	
49.450948 298.432527	5.78e-01  8.32e-01  5.12e+05	-3.8031 86.5159 0.2846	
49.450948 298.432527	4.99e-01  6.99e-01  5.61e+05	-19.6579 59.9163 0.5135	
49.450948 298.432527	5.91e-01  7.48e-01  5.27e+05	-17.0924 78.0038 0.5896	
49.450948 298.432527	6.82e-01  9.00e-01  4.78e+05	-32.4799 94.2195 0.6772	
49.450948 298.432527	4.69e-01  9.01e-01  5.21e+05	-1.3743 82.8924 0.9195	
49.450948 298.432527	3.91e-01  8.57e-01  5.49e+05	34.2229 60.7094 0.2521	
49.450948 298.432527	4.82e-01  9.23e-01  5.13e+05	11.9726 85.3140 0.5270	
49.450948 298.432527	4.25e-01  8.38e-01  5.45e+05	4.5968 71.3970 0.5286	
49.450948 298.432527	7.11e-01  8.27e-01  4.86e+05	-22.8451 93.9070 0.2516	
49.450948 298.432527	6.13e-01  8.84e-01  4.94e+05	-26.4718 89.8058 0.8228	
49.450948 298.432527	7.05e-01  9.02e-01  4.73e+05	18.5825 99.5487 0.7599	
49.450948 298.432527	5.09e-01  6.76e-01  5.64e+05	-7.5473 60.6818 0.3909	
49.450948 298.432527	5.07e-01  7.20e-01  5.54e+05	-13.5666 65.6004 0.7579	
49.450948 298.432527	8.47e-01  9.43e-01  4.42e+05	18.3988 110.2003 0.5794	
49.450948 298.432527	5.50e-01  6.03e-01  5.73e+05	-13.5254 54.1834 0.4480	
49.450948 298.432527	5.35e-01  7.28e-01  5.45e+05	1.3353 71.4576 0.4895	
49.450948 298.432527	6.50e-01  7.61e-01  5.12e+05	-17.1429 84.9722 0.8963	
49.450948 298.432527	7.02e-01  8.34e-01  4.86e+05	-1.3422 96.5135 0.0970	
49.450948 298.432527	6.27e-01  7.52e-01  5.18e+05	-28.0810 78.9343 0.5729	
49.450948 298.432527	7.08e-01  8.70e-01  4.78e+05	12.1148 98.6902 0.3408	
49.450948 298.432527	6.95e-01  9.51e-01  4.66e+05	-39.4384 95.8899 0.5959	
49.450948 298.432527	7.84e-01  8.24e-01  4.73e+05	-32.4801 96.0140 0.7518	
49.450948 298.432527	6.05e-01  8.74e-01  4.98e+05	5.3805 92.0948 0.4412	
49.450948 298.432527	4.70e-01  8.91e-01  5.22e+05	9.3112 81.5438 0.5685	
49.450948 298.432527	8.06e-01  8.60e-01  4.63e+05	-18.1015 103.3281 0.4071	
49.450948 298.432527	6.54e-01  8.92e-01  4.84e+05	36.5911 90.1118 0.1076	
49.450948 298.432527	5.69e-01  9.76e-01  4.85e+05	26.5499 93.3759 0.0919	
49.450948 298.432527	6.88e-01  7.15e-01  5.13e+05	25.7178 82.0081 0.6837	
49.450948 298.432527	5.93e-01  8.51e-01  5.05e+05	23.3516 86.4150 0.4066	
49.450948 298.432527	7.94e-01  9.13e-01  4.56e+05	4.8111 107.1374 0.0808	
49.450948 298.432527	6.61e-01  8.73e-01  4.87e+05	-12.5615 95.5065 0.1250	
49.450948 298.432527	5.62e-01  8.83e-01  5.04e+05	1.6822 89.6083 0.3943	
49.450948 298.432527	4.12e-01  8.60e-01  5.43e+05	7.3637 72.2261 0.5441	
49.450948 298.432527	5.49e-01  6.32e-01  5.66e+05	-6.0786 60.1929 0.3869	
49.450948 298.432527	5.22e-01  7.82e-01  5.36e+05	15.6473 74.5427 0.6272	
49.450948 298.432527	5.33e-01  8.42e-01  5.19e+05	-31.5895 77.1899 0.5139	
49.450948 298.432527	6.73e-01  7.82e-01  5.02e+05	-19.4960 88.2292 0.3631	
49.450948 298.432527	6.74e-01  8.72e-01  4.84e+05	25.5425 93.7926 0.7081	
49.450948 298.432527	4.98e-01  9.08e-01  5.13e+05	7.2670 85.9229 0.8980	
49.450948 298.432527	5.81e-01  8.63e-01  5.05e+05	27.8732 85.0132 0.9509	
49.450948 298.432527	7.66e-01  8.49e-01  4.72e+05	13.8273 100.8306 0.2640	
49.450948 298.432527	6.35e-01  8.94e-01  4.88e+05	10.3483 95.3953 0.5278	
49.450948 298.432527	5.65e-01  8.78e-01  5.05e+05	28.7340 84.6699 0.1543	
49.450948 298.432527	4.50e-01  7.17e-01  5.69e+05	9.8383 57.4223 0.4785	
49.450948 298.432527	6.16e-01  8.46e-01  5.01e+05	-4.2156 90.8522 0.0304	
49.450948 298.432527	5.43e-01  8.19e-01  5.22e+05	20.3865 79.5856 0.1721	
49.450948 298.432527	4.61e-01  8.44e-01  5.35e+05	-5.5170 76.2065 0.6489	
49.450948 298.432527	7.10e-01  8.09e-01  4.90e+05	-0.1495 95.3014 0.4892	
49.450948 298.432527	5.71e-01  9.46e-01  4.90e+05	-37.2652 87.4820 0.2966	
49.450948 298.432527	6.37e-01  8.33e-01  4.99e+05	19.8972 89.3824 0.1397	
49.450948 298.432527	6.29e-01  8.05e-01  5.07e+05	4.3056 88.4849 0.5219	
49.450948 298.432527	7.86e-01  8.32e-01  4.71e+05	11.5725 101.2983 0.1924	
49.450948 298.432527	3.22e-01  8.47e-01  5.69e+05	2.6874 58.4878 0.4858	
49.450948 298.432527	5.78e-01  7.78e-01  5.24e+05	-9.5897 81.0489 0.2824	
49.450948 298.432527	4.25e-01  7.56e-01  5.66e+05	20.2955 56.9348 0.9950	
49.450948 298.432527	5.62e-01  7.35e-01  5.37e+05	-6.7161 75.1434 0.8158	
49.450948 298.432527	7.29e-01  9.54e-01  4.60e+05	1.8182 105.8690 0.4461	
49.450948 298.432527	3.80e-01  9.49e-01  5.30e+05	19.5349 76.4309 0.9605	
49.450948 298.432527	4.78e-01  8.16e-01  5.38e+05	-22.3839 71.7314 0.6640	
49.450948 298.432527	4.84e-01  6.95e-01  5.66e+05	-5.9537 59.8692 0.2061	
49.450948 298.432527	6.65e-01  9.09e-01  4.79e+05	8.9360 98.7039 0.3156	
49.450948 298.432527	7.87e-01  8.72e-01  4.64e+05	-3.5224 104.4314 0.0233	
49.450948 298.432527	6.88e-01  8.05e-01  4.95e+05	5.6947 93.1952 0.4963	
49.450948 298.432527	6.34e-01  8.60e-01  4.94e+05	-14.9726 92.2597 0.8790	
49.450948 298.432527	6.64e-01  8.04e-01  5.00e+05	21.0671 88.9520 0.7810	
49.450948 298.432527	5.86e-01  8.03e-01  5.16e+05	5.8680 84.4856 0.0612	
49.450948 298.432527	4.97e-01  8.74e-01  5.20e+05	39.3540 73.0834 0.8541	
49.450948 298.432527	5.21e-01  6.99e-01  5.56e+05	-9.7862 65.3289 0.1268	
49.450948 298.432527	5.91e-01  9.63e-01  4.83e+05	14.7152 96.6432 0.5055	
49.450948 298.432527	5.39e-01  7.11e-01  5.48e+05	-6.3501 69.6495 0.1185	
49.450948 298.432527	4.12e-01  7.17e-01  5.80e+05	-1.9246 51.4610 0.7561	
49.450948 298.432527	6.27e-01  7.33e-01  5.23e+05	22.0204 78.9466 0.9536	
49.450948 298.432527	5.48e-01  7.31e-01  5.41e+05	15.5406 71.7991 0.7955	
49.450948 298.432527	6.41e-01  8.59e-01  4.93e+05	22.3110 91.2120 0.1922	
49.450948 298.432527	5.07e-01  9.43e-01  5.04e+05	9.7759 89.3726 0.9341	
49.450948 298.432527	5.24e-01  8.84e-01  5.12e+05	25.1447 82.7016 0.5237	
49.450948 298.432527	7.22e-01  8.86e-01  4.73e+05	-2.8003 101.3262 0.2888	
49.450948 298.432527	5.74e-01  8.50e-01  5.09e+05	-21.6854 85.0577 0.8174	
49.450948 298.432527	6.21e-01  8.96e-01  4.90e+05	7.3629 94.8412 0.4681	
49.450948 298.432527	5.21e-01  9.64e-01  4.96e+05	20.8683 90.3744 0.9419	
49.450948 298.432527	7.15e-01  8.18e-01  4.87e+05	13.0872 95.3966 0.0340	
49.450948 298.432527	5.39e-01  7.66e-01  5.35e+05	15.0388 74.7798 0.0070	
49.450948 298.432527	8.11e-01  9.53e-01  4.46e+05	15.1613 109.3085 0.0413	
49.450948 298.432527	3.43e-01  9.26e-01  5.44e+05	6.1548 72.0091 0.2565	
49.450948 298.432527	5.53e-01  9.00e-01  5.03e+05	-54.2105 72.1254 0.8033	
49.450948 298.432527	4.96e-01  7.93e-01  5.39e+05	-43.4404 60.6882 0.7866	
49.450948 298.432527	4.57e-01  7.85e-01  5.50e+05	-10.9248 68.0592 0.6728	
49.450948 298.432527	5.55e-01  8.75e-01  5.08e+05	6.3218 88.1124 0.5289	
49.450948 298.432527	6.56e-01  8.49e-01  4.92e+05	4.9972 94.0936 0.6680	
49.450948 298.432527	5.74e-01  7.48e-01  5.31e+05	17.7314 76.1517 0.7818	
49.450948 298.432527	7.82e-01  8.89e-01  4.62e+05	5.1543 105.1011 0.3158	
49.450948 298.432527	5.35e-01  7.14e-01  5.48e+05	14.3053 68.4447 0.2799	
49.450948 298.432527	4.49e-01  6.96e-01  5.75e+05	0.0189 54.6162 0.3476	
49.450948 298.432527	7.73e-01  9.06e-01  4.61e+05	-38.6576 98.3045 0.7617	
49.450948 298.432527	6.55e-01  8.71e-01  4.88e+05	38.9699 87.5032 0.7340	
49.450948 298.432527	7.39e-01  9.13e-01  4.65e+05	-19.0908 102.3269 0.8059	
49.450948 298.432527	5.92e-01  9.29e-01  4.89e+05	12.9087 94.5062 0.7765	
49.450948 298.432527	6.02e-01  7.96e-01  5.14e+05	35.9620 77.6677 0.7203	
49.450948 298.432527	5.68e-01  7.52e-01  5.32e+05	-21.2508 75.0329 0.7728	
49.450948 298.432527	6.74e-01  7.10e-01  5.17e+05	-54.6016 64.1669 0.9958	
49.450948 298.432527	5.96e-01  6.77e-01  5.43e+05	-1.8778 72.7341 0.0500	
49.450948 298.432527	5.97e-01  8.42e-01  5.06e+05	-9.8059 88.4609 0.5822	
49.450948 298.432527	5.50e-01  8.84e-01  5.07e+05	-35.8965 81.0045 0.5074	
49.450948 298.432527	6.38e-01  7.20e-01  5.23e+05	39.9193 71.3917 0.9188	
49.450948 298.432527	5.04e-01  8.97e-01  5.14e+05	2.0755 85.7334 0.7267	
49.450948 298.432527	7.46e-01  9.00e-01  4.66e+05	-44.5104 93.6922 0.9326	
49.450948 298.432527	7.04e-01  8.67e-01  4.80e+05	-27.0880 95.1107 0.0508	
49.450948 298.432527	4.48e-01  8.18e-01  5.44e+05	11.0942 70.9964 0.6582	
49.450948 298.432527	4.55e-01  8.13e-01  5.44e+05	-26.4528 67.1658 0.9812	
49.450948 298.432527	6.48e-01  9.39e-01  4.77e+05	-37.6819 92.6188 0.3629	
49.450948 298.432527	7.04e-01  9.43e-01  4.66e+05	65.3314 80.5614 0.3671	
49.450948 298.432527	7.38e-01  8.85e-01  4.70e+05	33.1518 96.7716 0.2497	
49.450948 298.432527	6.56e-01  7.43e-01  5.14e+05	-39.1985 76.1229 0.0933	
49.450948 298.432527	4.14e-01  8.20e-01  5.52e+05	5.2262 67.7245 0.1468	
49.450948 298.432527	5.87e-01  6.43e-01  5.53e+05	-2.8567 67.3384 0.5770	
49.450948 298.432527	4.93e-01  9.34e-01  5.08e+05	-29.5431 82.9613 0.7286	
49.450948 298.432527	4.48e-01  9.06e-01  5.24e+05	-20.7632 78.6887 0.1673	
49.450948 298.432527	6.12e-01  7.01e-01  5.33e+05	-10.8149 76.4641 0.3138	
49.450948 298.432527	7.43e-01  9.19e-01  4.63e+05	-20.2260 102.7040 0.0741	
49.450948 298.432527	4.46e-01  9.63e-01  5.12e+05	29.4572 81.3233 0.2081	
49.450948 298.432527	5.53e-01  8.47e-01  5.14e+05	2.6035 85.6452 0.8468	
49.450948 298.432527	4.88e-01  8.90e-01  5.19e+05	32.5272 77.1269 0.5383	
49.450948 298.432527	7.12e-01  7.34e-01  5.04e+05	1.2962 89.6291 0.9719	
49.450948 298.432527	6.36e-01  8.11e-01  5.04e+05	30.6938 84.3568 0.1693	
49.450948 298.432527	6.44e-01  9.47e-01  4.76e+05	-34.6465 94.0903 0.6546	
49.450948 298.432527	5.83e-01  7.63e-01  5.26e+05	21.5967 77.6742 0.7276	
49.450948 298.432527	6.92e-01  9.57e-01  4.66e+05	16.6313 102.5976 0.6490	
49.450948 298.432527	6.96e-01  8.60e-01  4.83e+05	1.5188 97.8727 0.6587	
49.450948 298.432527	5.66e-01  8.38e-01  5.13e+05	-34.7872 78.7282 0.0430	
49.450948 298.432527	5.71e-01  7.07e-01  5.41e+05	-1.9057 73.3754 0.4779	
49.450948 298.432527	7.03e-01  7.18e-01  5.10e+05	-53.8821 68.8987 0.7098	
49.450948 298.432527	4.52e-01  8.84e-01  5.28e+05	13.2033 78.4690 0.9812	
49.450948 298.432527	6.97e-01  9.22e-01  4.71e+05	40.4234 93.7252 0.0042	
49.450948 298.432527	7.52e-01  9.08e-01  4.64e+05	52.8845 90.2092 0.9213	
49.450948 298.432527	4.96e-01  7.81e-01  5.42e+05	-6.0951 72.9191 0.3753	
49.450948 298.432527	5.33e-01  8.65e-01  5.14e+05	-33.0827 78.8444 0.0808	
49.450948 298.432527	5.63e-01  8.63e-01  5.08e+05	25.6065 84.2177 0.9973	
49.450948 298.432527	7.83e-01  8.62e-01  4.66e+05	-40.9765 95.1739 0.3865	
49.450948 298.432527	4.13e-01  9.74e-01  5.17e+05	-9.2839 84.0460 0.2405	
49.450948 298.432527	5.38e-01  8.30e-01  5.21e+05	23.4191 79.3993 0.7129	
49.450948 298.432527	5.13e-01  9.84e-01  4.94e+05	19.4502 91.6260 0.1875	
49.450948 298.432527	5.40e-01  7.85e-01  5.30e+05	-16.6054 76.7580 0.3886	
49.450948 298.432527	4.89e-01  7.80e-01  5.44e+05	-0.7676 72.2724 0.8467	
49.450948 298.432527	6.79e-01  7.99e-01  4.98e+05	-39.3466 83.3794 0.8306	
49.450948 298.432527	8.02e-01  8.20e-01  4.71e+05	43.2742 92.5946 0.7766	
49.450948 298.432527	7.11e-01  9.07e-01  4.71e+05	-40.3065 93.7030 0.1480	
49.450948 298.432527	6.37e-01  7.97e-01  5.07e+05	-10.0207 88.0381 0.8330	
49.450948 298.432527	5.33e-01  6.52e-01  5.64e+05	4.2761 61.0039 0.2686	
49.450948 298.432527	7.29e-01  9.19e-01  4.66e+05	4.3318 103.7257 0.2405	
49.450948 298.432527	4.95e-01  8.61e-01  5.24e+05	48.0153 65.9668 0.9342	
49.450948 298.432527	5.39e-01  8.05e-01  5.26e+05	3.5389 80.3141 0.5240	
49.450948 298.432527	4.77e-01  8.71e-01  5.25e+05	-3.7966 80.7678 0.3263	
49.450948 298.432527	5.97e-01  7.77e-01  5.20e+05	-1.4377 83.2705 0.0087	
49.450948 298.432527	5.46e-01  9.11e-01  5.02e+05	16.7809 88.9721 0.3611	
49.450948 298.432527	6.43e-01  8.79e-01  4.89e+05	-20.8634 93.1803 0.4632	
49.450948 298.432527	5.32e-01  9.10e-01  5.05e+05	15.8357 87.9354 0.6867	
49.450948 298.432527	6.25e-01  7.47e-01  5.20e+05	2.7434 83.1203 0.6944	
49.450948 298.432527	5.14e-01  7.89e-01  5.36e+05	-42.5415 63.0887 0.7421	
49.450948 298.432527	8.31e-01  8.69e-01  4.57e+05	18.5214 105.2192 0.3308	
49.450948 298.432527	3.95e-01  8.17e-01  5.58e+05	-5.1662 64.7508 0.2792	
49.450948 298.432527	6.84e-01  8.65e-01  4.84e+05	-7.9456 97.0479 0.6535	
49.450948 298.432527	6.81e-01  7.29e-01  5.12e+05	35.4256 78.9100 0.5097	
49.450948 298.432527	5.57e-01  6.86e-01  5.50e+05	0.8506 68.9627 0.6044	
49.450948 298.432527	6.71e-01  7.82e-01  5.03e+05	-17.8192 88.4070 0.2192	
49.450948 298.432527	6.57e-01  7.22e-01  5.19e+05	-22.9482 80.5655 0.7418	
49.450948 298.432527	5.02e-01  8.78e-01  5.18e+05	-12.5317 82.9311 0.1463	
49.450948 298.432527	5.93e-01  8.65e-01  5.02e+05	18.0742 88.8089 0.6211	
49.450948 298.432527	6.28e-01  7.25e-01  5.24e+05	5.5580 81.0147 0.3513	
49.450948 298.432527	5.63e-01  8.61e-01  5.09e+05	17.2501 86.0006 0.0103	
49.450948 298.432527	5.25e-01  9.18e-01  5.05e+05	-4.4529 89.2455 0.2673	
49.450948 298.432527	6.96e-01  8.73e-01  4.80e+05	-37.3658 91.4388 0.6784	
49.450948 298.432527	5.69e-01  7.05e-01  5.42e+05	12.3866 71.8062 0.4079	
49.450948 298.432527	5.72e-01  8.84e-01  5.02e+05	6.3214 90.1896 0.7820	
49.450948 298.432527	7.58e-01  9.37e-01  4.58e+05	14.3177 105.6288 0.3675	
49.450948 298.432527	6.67e-01  7.99e-01  5.00e+05	51.6622 75.2024 0.9089	
49.450948 298.432527	6.51e-01  8.22e-01  4.99e+05	15.8561 90.4101 0.7832	
49.450948 298.432527	5.84e-01  6.82e-01  5.44e+05	33.9259 63.4653 0.9935	
49.450948 298.432527	5.60e-01  8.15e-01  5.19e+05	-4.6064 83.2877 0.4805	
49.450948 298.432527	4.09e-01  9.07e-01  5.32e+05	21.8929 74.4406 0.7740	
49.450948 298.432527	6.20e-01  7.11e-01  5.29e+05	5.0672 78.8939 0.3728	
49.450948 298.432527	4.75e-01  5.99e-01  5.95e+05	10.9968 38.2083 0.5156	
49.450948 298.432527	4.83e-01  8.06e-01  5.39e+05	-16.7334 72.6936 0.9214	
49.450948 298.432527	4.32e-01  8.45e-01  5.42e+05	-10.6832 72.4078 0.4628	
49.450948 298.432527	6.18e-01  9.55e-01  4.79e+05	-16.6137 97.6145 0.0443	
49.450948 298.432527	5.60e-01  7.92e-01  5.25e+05	16.3059 79.4710 0.1420	
49.450948 298.432527	6.38e-01  8.25e-01  5.01e+05	-6.3761 90.7741 0.7417	
49.450948 298.432527	6.24e-01  7.65e-01  5.16e+05	8.2044 84.3316 0.6845	
49.450948 298.432527	6.66e-01  7.61e-01  5.08e+05	4.4420 87.9517 0.5020	
49.450948 298.432527	5.75e-01  7.12e-01  5.39e+05	-33.0095 66.6074 0.6643	
49.450948 298.432527	3.83e-01  8.56e-01  5.51e+05	22.6187 64.6150 0.6618	
49.450948 298.432527	4.96e-01  8.60e-01  5.24e+05	-4.4297 81.4287 0.2225	
49.450948 298.432527	6.49e-01  8.80e-01  4.88e+05	-23.8310 92.9724 0.5613	
49.450948 298.432527	6.31e-01  8.79e-01  4.91e+05	-25.9445 90.9686 0.3256	
49.450948 298.432527	5.45e-01  7.00e-01  5.50e+05	11.1720 68.3172 0.6547	
49.450948 298.432527	4.35e-01  9.06e-01  5.27e+05	-19.9139 77.6281 0.2402	
49.450948 298.432527	7.84e-01  8.94e-01  4.60e+05	23.7622 102.9410 0.2639	
49.450948 298.432527	4.90e-01  9.07e-01  5.15e+05	-20.1496 83.0399 0.2730	
49.450948 298.432527	5.80e-01  7.83e-01  5.22e+05	-10.2631 81.6156 0.5719	
49.450948 298.432527	4.94e-01  8.85e-01  5.19e+05	2.5418 83.6812 0.4213	
49.450948 298.432527	7.12e-01  8.85e-01  4.75e+05	53.7273 85.1190 0.2016	
49.450948 298.432527	4.48e-01  6.90e-01  5.77e+05	-6.9971 52.8453 0.4642	
49.450948 298.432527	4.96e-01  8.99e-01  5.15e+05	3.6758 85.2007 0.0033	
49.450948 298.432527	6.85e-01  8.03e-01  4.96e+05	16.5035 91.4984 0.6065	
49.450948 298.432527	8.00e-01  9.29e-01  4.52e+05	-29.6232 104.3644 0.2821	
49.450948 298.432527	6.25e-01  8.01e-01  5.08e+05	-8.6294 87.5547 0.7366	
49.450948 298.432527	6.63e-01  9.08e-01  4.80e+05	-21.3023 96.6099 0.0422	
49.450948 298.432527	5.07e-01  8.46e-01  5.24e+05	19.3103 78.9121 0.6485	
49.450948 298.432527	7.03e-01  8.30e-01  4.87e+05	5.8496 96.0978 0.9508	
49.450948 298.432527	6.33e-01  7.64e-01  5.15e+05	12.9507 84.4578 0.3693	
49.450948 298.432527	6.73e-01  7.14e-01  5.17e+05	26.1528 80.3567 0.8588	
49.450948 298.432527	6.00e-01  7.43e-01  5.27e+05	7.2717 79.9326 0.5326	
49.450948 298.432527	6.08e-01  8.21e-01  5.08e+05	1.9580 88.2053 0.9804	
49.450948 298.432527	6.22e-01  7.30e-01  5.25e+05	46.9206 66.2009 0.0892	
49.450948 298.432527	5.34e-01  7.46e-01  5.41e+05	-11.8230 72.6534 0.2000	
49.450948 298.432527	3.76e-01  9.08e-01  5.40e+05	7.7779 73.6302 0.9104	
49.450948 298.432527	5.38e-01  8.09e-01  5.26e+05	37.1707 71.6051 0.1280	
49.450948 298.432527	5.39e-01  8.80e-01  5.10e+05	20.6773 84.9501 0.7133	
49.450948 298.432527	5.13e-01  8.77e-01  5.16e+05	11.8106 83.9349 0.4431	
49.450948 298.432527	3.46e-01  8.53e-01  5.61e+05	25.1589 57.9186 0.3727	
49.450948 298.432527	6.72e-01  7.51e-01  5.09e+05	40.7179 77.6002 0.1752	
49.450948 298.432527	6.19e-01  7.40e-01  5.23e+05	34.7809 74.0401 0.3038	
49.450948 298.432527	6.45e-01  8.90e-01  4.87e+05	-19.7502 94.4067 0.9402	
49.450948 298.432527	5.86e-01  7.39e-01  5.31e+05	-20.2995 75.8196 0.0098	
49.450948 298.432527	7.44e-01  7.98e-01  4.85e+05	-6.9609 96.7125 0.6607	
49.450948 298.432527	5.87e-01  8.73e-01  5.01e+05	7.4148 90.4945 0.3810	
49.450948 298.432527	6.66e-01  9.04e-01  4.80e+05	10.4345 98.2797 0.6366	
49.450948 298.432527	6.46e-01  7.92e-01  5.06e+05	21.8861 86.2130 0.1351	
49.450948 298.432527	6.69e-01  8.91e-01  4.82e+05	-4.9169 98.0639 0.6010	
49.450948 298.432527	5.22e-01  7.58e-01  5.41e+05	20.9593 70.4608 0.1593	
49.450948 298.432527	3.87e-01  7.74e-01  5.71e+05	10.4059 56.3574 0.8568	
49.450948 298.432527	6.94e-01  8.46e-01  4.86e+05	10.6246 96.1834 0.9482	
49.450948 298.432527	5.50e-01  9.10e-01  5.01e+05	-27.7646 86.3821 0.3827	
49.450948 298.432527	4.66e-01  9.68e-01  5.07e+05	14.2966 87.4433 0.9426	
49.450948 298.432527	6.24e-01  8.93e-01  4.90e+05	13.3249 94.1774 0.2064	
49.450948 298.432527	6.11e-01  8.61e-01  4.99e+05	-30.5797 86.4841 0.9803	
49.450948 298.432527	4.78e-01  9.16e-01  5.15e+05	2.8759 85.1161 0.6217	
49.450948 298.432527	6.79e-01  9.15e-01  4.76e+05	39.6598 92.2392 0.8249	
49.450948 298.432527	5.44e-01  9.39e-01  4.97e+05	-26.0105 88.8582 0.2800	
49.450948 298.432527	5.38e-01  8.87e-01  5.09e+05	10.8502 87.2289 0.3309	
49.450948 298.432527	5.46e-01  7.93e-01  5.27e+05	-1.1440 79.8857 0.3529	
49.450948 298.432527	7.13e-01  7.37e-01  5.04e+05	19.8218 87.6751 0.7859	
49.450948 298.432527	6.29e-01  8.38e-01  5.00e+05	43.3234 80.4052 0.9735	
49.450948 298.432527	5.17e-01  8.25e-01  5.27e+05	10.4051 79.5880 0.2655	
49.450948 298.432527	4.84e-01  7.79e-01  5.45e+05	3.8256 71.4678 0.8556	
49.450948 298.432527	6.53e-01  8.26e-01  4.98e+05	-32.9069 86.2123 0.3993	
49.450948 298.432527	5.04e-01  8.16e-01  5.32e+05	48.7700 60.8000 0.0036	
49.450948 298.432527	5.60e-01  7.57e-01  5.32e+05	-30.4932 71.3954 0.3188	
49.450948 298.432527	4.70e-01  7.41e-01  5.58e+05	-22.2768 60.9297 0.0706	
49.450948 298.432527	5.62e-01  7.32e-01  5.38e+05	-5.2967 74.9523 0.7176	
49.450948 298.432527	6.69e-01  9.12e-01  4.78e+05	-30.1720 94.8369 0.7065	
49.450948 298.432527	6.56e-01  9.07e-01  4.81e+05	-43.6421 88.2045 0.0902	
49.450948 298.432527	5.99e-01  7.99e-01  5.14e+05	26.2392 81.3822 0.5641	
49.450948 298.432527	7.08e-01  8.66e-01  4.79e+05	-31.9385 93.8207 0.9444	
49.450948 298.432527	5.28e-01  6.99e-01  5.54e+05	19.9529 63.8845 0.1378	
49.450948 298.432527	5.08e-01  7.57e-01  5.45e+05	-0.3796 71.7127 0.9987	
49.450948 298.432527	5.20e-01  6.96e-01  5.57e+05	-34.1489 55.9074 0.8169	
49.450948 298.432527	6.18e-01  8.60e-01  4.98e+05	-23.1924 89.1697 0.6573	
49.450948 298.432527	7.80e-01  8.55e-01  4.68e+05	32.7850 97.6755 0.9744	
49.450948 298.432527	6.12e-01  7.48e-01  5.23e+05	7.7066 81.6281 0.1220	
49.450948 298.432527	6.14e-01  7.57e-01  5.20e+05	-6.2855 82.8192 0.9774	
49.450948 298.432527	7.70e-01  7.76e-01  4.84e+05	25.4582 93.8076 0.7385	
49.450948 298.432527	6.48e-01  7.28e-01  5.19e+05	-3.0755 83.4139 0.5734	
49.450948 298.432527	5.45e-01  8.04e-01  5.25e+05	37.9440 71.3851 0.9405	
49.450948 298.432527	6.54e-01  9.16e-01  4.80e+05	55.3913 81.8850 0.4652	
49.450948 298.432527	4.32e-01  8.16e-01  5.49e+05	-14.3932 68.1964 0.0288	
49.450948 298.432527	5.96e-01  7.68e-01  5.22e+05	0.1117 82.3614 0.9450	
49.450948 298.432527	4.73e-01  7.07e-01  5.66e+05	-0.3011 60.3009 0.5146	
49.450948 298.432527	5.81e-01  8.47e-01  5.08e+05	24.2116 84.6815 0.2046	
49.450948 298.432527	7.66e-01  8.47e-01  4.72e+05	-8.6531 101.2786 0.2789	
49.450948 298.432527	7.57e-01  8.07e-01  4.81e+05	-6.7508 98.2055 0.1088	
49.450948 298.432527	5.41e-01  8.48e-01  5.16e+05	-26.5603 80.4277 0.4680	
49.450948 298.432527	6.10e-01  7.53e-01  5.22e+05	10.4533 81.6210 0.8026	
49.450948 298.432527	5.70e-01  8.73e-01  5.05e+05	-27.3004 85.0833 0.2474	
49.450948 298.432527	5.59e-01  8.07e-01  5.21e+05	46.5645 68.1101 0.6481	
49.450948 298.432527	5.88e-01  9.32e-01  4.90e+05	7.0997 95.0565 0.7278	
49.450948 298.432527	7.20e-01  8.13e-01  4.87e+05	-20.2232 94.0984 0.5284	
49.450948 298.432527	5.20e-01  8.06e-01  5.30e+05	-12.0373 77.6448 0.0828	
49.450948 298.432527	6.97e-01  7.94e-01  4.95e+05	60.8769 70.6384 0.6841	
49.450948 298.432527	6.67e-01  8.97e-01  4.81e+05	8.6343 98.0643 0.1178	
