44.688090 277.103375	8.33e-01  9.14e-01  5.83e+02	-0.0000 86.6041 0.7109	
44.688090 277.103375	7.63e-01  8.26e-01  6.16e+02	-26.6604 58.9614 0.5151	
44.688090 277.103375	8.52e-01  9.64e-01  5.69e+02	3.8712 93.9930 0.0438	
44.688090 277.103375	8.04e-01  9.34e-01  5.84e+02	50.5541 69.4196 0.3436	
44.688090 277.103375	6.76e-01  9.63e-01  6.00e+02	7.3154 75.6767 0.8698	
44.688090 277.103375	6.84e-01  9.52e-01  6.02e+02	20.2742 72.2825 0.2090	
44.688090 277.103375	5.79e-01  9.55e-01  6.19e+02	12.3334 61.4695 0.6720	
44.688090 277.103375	6.46e-01  8.81e-01  6.26e+02	-32.7973 45.6556 0.7688	
44.688090 277.103375	8.50e-01  8.73e-01  5.88e+02	15.9034 82.0926 0.7244	
44.688090 277.103375	7.15e-01  9.07e-01  6.07e+02	3.4114 71.3888 0.4248	
44.688090 277.103375	6.91e-01  9.54e-01  6.00e+02	-19.7303 73.6347 0.0379	
44.688090 277.103375	7.73e-01  8.63e-01  6.06e+02	31.1433 65.2400 0.7992	
44.688090 277.103375	7.23e-01  8.70e-01  6.14e+02	-15.4736 64.4378 0.2239	
44.688090 277.103375	6.23e-01  8.22e-01  6.46e+02	4.3407 32.8106 0.4277	
44.688090 277.103375	8.38e-01  9.20e-01  5.81e+02	40.9150 77.7164 0.9188	
44.688090 277.103375	6.78e-01  8.54e-01  6.27e+02	-16.5662 53.0505 0.9511	
44.688090 277.103375	7.77e-01  9.73e-01  5.81e+02	-4.2527 87.8678 0.3389	
44.688090 277.103375	7.92e-01  9.36e-01  5.86e+02	-18.5354 82.7956 0.4119	
44.688090 277.103375	6.21e-01  8.74e-01  6.32e+02	7.5690 49.3945 0.6074	
44.688090 277.103375	7.33e-01  9.73e-01  5.88e+02	-5.8722 83.2710 0.0845	
44.688090 277.103375	7.26e-01  8.21e-01  6.25e+02	13.9634 55.5214 0.8843	
44.688090 277.103375	6.96e-01  8.70e-01  6.19e+02	-6.8343 61.6293 0.5905	
44.688090 277.103375	7.75e-01  9.43e-01  5.87e+02	8.3093 83.6197 0.0317	
44.688090 277.103375	7.76e-01  9.04e-01  5.96e+02	-6.6409 78.5634 0.4755	
44.688090 277.103375	8.22e-01  9.03e-01  5.87e+02	4.8553 83.9343 0.4536	
44.688090 277.103375	7.92e-01  9.12e-01  5.91e+02	33.2671 74.6524 0.3185	
44.688090 277.103375	7.87e-01  8.49e-01  6.06e+02	-27.8211 66.5454 0.4585	
44.688090 277.103375	8.04e-01  9.82e-01  5.74e+02	-40.1145 82.2878 0.3286	
44.688090 277.103375	8.08e-01  9.11e-01  5.88e+02	-4.7515 83.3318 0.2804	
44.688090 277.103375	7.35e-01  9.64e-01  5.90e+02	-0.0259 82.5382 0.7773	
44.688090 277.103375	7.59e-01  8.97e-01  6.01e+02	-28.2777 70.2736 0.9138	
44.688090 277.103375	8.13e-01  8.82e-01  5.94e+02	-53.7599 59.7038 0.6288	
44.688090 277.103375	8.00e-01  8.92e-01  5.94e+02	8.2395 79.5824 0.5665	
44.688090 277.103375	7.50e-01  8.92e-01  6.04e+02	-1.7853 73.8491 0.5215	
44.688090 277.103375	7.23e-01  9.04e-01  6.06e+02	9.6602 71.4858 0.3223	
44.688090 277.103375	7.90e-01  9.75e-01  5.78e+02	26.8769 85.2568 0.6022	
44.688090 277.103375	7.78e-01  9.41e-01  5.87e+02	21.8430 81.1612 0.6380	
44.688090 277.103375	6.74e-01  9.20e-01  6.11e+02	3.2453 68.2821 0.9527	
44.688090 277.103375	7.55e-01  8.55e-01  6.11e+02	-37.6298 57.2895 0.4868	
44.688090 277.103375	6.80e-01  9.68e-01  5.99e+02	-8.2735 76.7720 0.6118	
44.688090 277.103375	7.24e-01  8.87e-01  6.10e+02	31.9157 61.6260 0.3819	
44.688090 277.103375	7.78e-01  9.32e-01  5.90e+02	-23.2333 79.4589 0.0500	
44.688090 277.103375	6.94e-01  8.81e-01  6.17e+02	-32.1769 55.2674 0.6493	
44.688090 277.103375	7.33e-01  9.46e-01  5.94e+02	5.1250 79.6665 0.6301	
44.688090 277.103375	7.29e-01  9.03e-01  6.05e+02	-7.6163 72.3134 0.8839	
44.688090 277.103375	7.05e-01  9.33e-01  6.02e+02	15.8447 72.9702 0.3680	
44.688090 277.103375	7.68e-01  9.27e-01  5.93e+02	-22.0465 77.9403 0.0328	
44.688090 277.103375	8.74e-01  9.14e-01  5.75e+02	-52.5712 74.0873 0.4831	
44.688090 277.103375	7.89e-01  8.92e-01  5.96e+02	-11.0049 77.9747 0.2647	
44.688090 277.103375	8.14e-01  8.53e-01  6.00e+02	-28.1297 71.0491 0.4452	
44.688090 277.103375	8.73e-01  9.43e-01  5.69e+02	18.4518 92.0006 0.8554	
44.688090 277.103375	6.79e-01  9.22e-01  6.10e+02	-27.1809 63.7693 0.0315	
44.688090 277.103375	6.55e-01  8.89e-01  6.22e+02	-0.0904 59.4357 0.1313	
44.688090 277.103375	7.08e-01  8.84e-01  6.14e+02	4.8189 66.4626 0.6294	
44.688090 277.103375	7.47e-01  9.72e-01  5.86e+02	-2.2937 84.7295 0.9161	
44.688090 277.103375	8.19e-01  9.29e-01  5.82e+02	-5.9645 86.6626 0.8219	
44.688090 277.103375	6.77e-01  9.01e-01  6.15e+02	22.0311 61.5474 0.7116	
44.688090 277.103375	6.96e-01  7.99e-01  6.36e+02	13.5252 43.5608 0.3129	
44.688090 277.103375	7.35e-01  9.48e-01  5.94e+02	-3.2987 80.2084 0.6537	
44.688090 277.103375	7.98e-01  8.93e-01  5.94e+02	23.9742 76.2993 0.6138	
44.688090 277.103375	7.23e-01  8.88e-01  6.10e+02	-7.4638 69.1616 0.7194	
44.688090 277.103375	8.21e-01  9.13e-01  5.86e+02	-16.7944 83.4703 0.8107	
44.688090 277.103375	7.04e-01  7.94e-01  6.36e+02	-13.0134 44.3763 0.4791	
44.688090 277.103375	8.13e-01  8.62e-01  5.98e+02	18.5721 75.2922 0.4970	
44.688090 277.103375	7.62e-01  8.93e-01  6.01e+02	11.5129 74.6696 0.4372	
44.688090 277.103375	6.98e-01  8.25e-01  6.30e+02	1.1366 52.8450 0.9379	
44.688090 277.103375	7.73e-01  9.50e-01  5.86e+02	48.4590 69.3430 0.6352	
44.688090 277.103375	7.55e-01  9.66e-01  5.86e+02	-23.3451 81.4904 0.7441	
44.688090 277.103375	7.40e-01  8.60e-01  6.13e+02	-1.6804 67.1332 0.1078	
44.688090 277.103375	8.08e-01  8.89e-01  5.93e+02	49.2329 63.8149 0.5350	
44.688090 277.103375	7.05e-01  8.45e-01  6.24e+02	-0.3434 58.4764 0.8764	
44.688090 277.103375	6.61e-01  8.79e-01  6.24e+02	-27.3532 51.5088 0.2234	
44.688090 277.103375	6.92e-01  9.77e-01  5.94e+02	16.7604 78.1237 0.3199	
44.688090 277.103375	7.63e-01  8.15e-01  6.19e+02	8.6895 62.1371 0.7753	
44.688090 277.103375	8.21e-01  9.00e-01  5.88e+02	5.0354 83.3762 0.2207	
44.688090 277.103375	8.48e-01  9.39e-01  5.75e+02	-8.0987 90.5659 0.2894	
44.688090 277.103375	7.17e-01  8.86e-01  6.11e+02	3.3415 68.1919 0.3137	
44.688090 277.103375	7.72e-01  8.59e-01  6.07e+02	5.0838 71.4750 0.7612	
44.688090 277.103375	6.68e-01  9.24e-01  6.11e+02	11.9182 67.4189 0.4636	
44.688090 277.103375	7.14e-01  8.96e-01  6.10e+02	-22.4386 65.9115 0.2677	
44.688090 277.103375	7.60e-01  8.88e-01  6.03e+02	-11.9808 73.5067 0.4528	
44.688090 277.103375	6.44e-01  8.92e-01  6.24e+02	-1.7161 58.3283 0.4589	
44.688090 277.103375	8.30e-01  8.58e-01  5.95e+02	31.7547 72.5990 0.0989	
44.688090 277.103375	8.42e-01  9.91e-01  5.65e+02	-13.0979 94.9993 0.8933	
44.688090 277.103375	7.96e-01  9.16e-01  5.90e+02	-46.7627 68.3478 0.5664	
44.688090 277.103375	8.24e-01  9.04e-01  5.87e+02	-0.3313 84.3018 0.6294	
44.688090 277.103375	7.62e-01  9.43e-01  5.90e+02	-42.9061 70.5317 0.2929	
44.688090 277.103375	7.70e-01  8.56e-01  6.08e+02	22.7973 67.1541 0.0813	
44.688090 277.103375	6.90e-01  8.57e-01  6.24e+02	0.6948 58.4195 0.4166	
44.688090 277.103375	7.00e-01  8.89e-01  6.14e+02	3.4921 66.1765 0.2273	
44.688090 277.103375	7.49e-01  7.96e-01  6.26e+02	-21.6436 52.1865 0.6065	
44.688090 277.103375	7.47e-01  8.95e-01  6.04e+02	-39.5031 62.3469 0.8322	
44.688090 277.103375	6.93e-01  9.38e-01  6.04e+02	-26.0767 69.1554 0.8770	
44.688090 277.103375	7.26e-01  8.67e-01  6.14e+02	0.2790 66.2030 0.1270	
44.688090 277.103375	7.72e-01  8.76e-01  6.03e+02	-0.1740 74.2811 0.8622	
44.688090 277.103375	8.24e-01  8.58e-01  5.97e+02	30.0935 72.4359 0.4751	
44.688090 277.103375	6.21e-01  9.24e-01  6.20e+02	28.5075 54.7967 0.8026	
44.688090 277.103375	7.02e-01  9.41e-01  6.01e+02	12.5887 74.4127 0.3199	
44.688090 277.103375	7.12e-01  9.10e-01  6.07e+02	-10.8880 70.8184 0.0694	
44.688090 277.103375	6.32e-01  9.11e-01  6.21e+02	-30.5918 52.4631 0.9221	
44.688090 277.103375	7.13e-01  9.37e-01  6.00e+02	-2.4547 76.1335 0.6084	
44.688090 277.103375	8.28e-01  9.07e-01  5.85e+02	16.0776 83.6446 0.8156	
44.688090 277.103375	7.03e-01  9.50e-01  5.99e+02	10.9838 76.2714 0.1778	
44.688090 277.103375	6.46e-01  9.81e-01  6.01e+02	-15.7953 73.9364 0.5678	
44.688090 277.103375	6.88e-01  8.96e-01  6.14e+02	10.7252 65.1572 0.0201	
44.688090 277.103375	7.55e-01  8.81e-01  6.05e+02	-17.0387 70.6896 0.3608	
44.688090 277.103375	7.43e-01  8.97e-01  6.04e+02	-28.1930 68.0817 0.1207	
44.688090 277.103375	6.33e-01  8.95e-01  6.25e+02	9.1485 56.4767 0.6813	
44.688090 277.103375	6.57e-01  9.53e-01  6.06e+02	3.8814 72.0041 0.8274	
44.688090 277.103375	7.95e-01  9.05e-01  5.92e+02	32.5285 74.3446 0.1711	
44.688090 277.103375	7.51e-01  8.86e-01  6.05e+02	1.2731 72.9309 0.6278	
44.688090 277.103375	6.01e-01  9.12e-01  6.26e+02	-25.7242 49.8382 0.1557	
44.688090 277.103375	8.40e-01  8.68e-01  5.91e+02	6.0349 81.5505 0.1138	
44.688090 277.103375	6.96e-01  7.94e-01  6.37e+02	2.5846 44.2233 0.1578	
44.688090 277.103375	5.41e-01  9.76e-01  6.19e+02	19.3148 59.5911 0.8140	
44.688090 277.103375	6.68e-01  9.13e-01  6.14e+02	-5.9519 66.0513 0.1421	
44.688090 277.103375	7.49e-01  9.41e-01  5.93e+02	-10.3053 80.1996 0.4268	
44.688090 277.103375	7.82e-01  8.48e-01  6.07e+02	0.2830 71.2795 0.3243	
44.688090 277.103375	7.61e-01  9.13e-01  5.97e+02	-4.1801 78.1000 0.1288	
44.688090 277.103375	7.87e-01  9.86e-01  5.76e+02	-32.5181 84.3601 0.8564	
44.688090 277.103375	7.38e-01  9.11e-01  6.02e+02	-34.2068 66.9231 0.7503	
44.688090 277.103375	6.58e-01  9.67e-01  6.03e+02	4.9904 74.4584 0.4582	
44.688090 277.103375	7.39e-01  9.83e-01  5.85e+02	1.7754 85.4703 0.6875	
44.688090 277.103375	6.99e-01  9.37e-01  6.03e+02	1.6895 74.3808 0.9567	
44.688090 277.103375	7.78e-01  9.42e-01  5.87e+02	-4.4514 83.9767 0.4812	
44.688090 277.103375	7.95e-01  8.94e-01  5.95e+02	-8.3496 79.3047 0.4076	
44.688090 277.103375	6.31e-01  8.99e-01  6.24e+02	16.6063 55.2910 0.6507	
44.688090 277.103375	6.06e-01  8.87e-01  6.32e+02	-33.7052 37.5440 0.9768	
44.688090 277.103375	7.93e-01  8.71e-01  6.00e+02	-33.6424 68.3503 0.4449	
44.688090 277.103375	6.63e-01  9.03e-01  6.17e+02	-22.7328 59.4196 0.6521	
44.688090 277.103375	7.42e-01  9.22e-01  5.98e+02	-17.0524 75.4331 0.2104	
44.688090 277.103375	7.31e-01  9.60e-01  5.92e+02	-2.4962 81.5660 0.7701	
44.688090 277.103375	8.00e-01  8.79e-01  5.97e+02	7.4275 77.9040 0.0994	
44.688090 277.103375	6.76e-01  8.77e-01  6.21e+02	-27.4255 53.8260 0.2344	
44.688090 277.103375	6.65e-01  9.77e-01  5.99e+02	-5.4380 76.6990 0.4721	
44.688090 277.103375	6.38e-01  9.66e-01  6.06e+02	-17.1471 70.1535 0.7053	
44.688090 277.103375	5.89e-01  9.51e-01  6.18e+02	4.6704 63.1637 0.8944	
44.688090 277.103375	8.44e-01  9.46e-01  5.74e+02	1.8161 91.3045 0.1810	
44.688090 277.103375	6.95e-01  9.85e-01  5.92e+02	26.9220 76.7610 0.8489	
44.688090 277.103375	8.17e-01  9.81e-01  5.72e+02	-56.2949 73.5993 0.5239	
44.688090 277.103375	6.85e-01  8.24e-01  6.33e+02	-28.2328 40.9477 0.7708	
44.688090 277.103375	8.31e-01  8.49e-01  5.97e+02	14.9505 76.6035 0.7865	
44.688090 277.103375	7.37e-01  8.57e-01  6.14e+02	4.3615 65.9000 0.5945	
44.688090 277.103375	6.67e-01  9.14e-01  6.14e+02	-9.6428 65.7564 0.5951	
44.688090 277.103375	8.08e-01  9.05e-01  5.90e+02	-27.5858 77.8769 0.0230	
44.688090 277.103375	8.08e-01  9.12e-01  5.88e+02	20.5295 81.0302 0.8751	
44.688090 277.103375	7.62e-01  9.28e-01  5.93e+02	-5.1221 80.3471 0.0681	
44.688090 277.103375	7.06e-01  8.04e-01  6.33e+02	31.9804 37.1792 0.5369	
44.688090 277.103375	8.44e-01  8.72e-01  5.90e+02	-9.2642 82.2269 0.6828	
44.688090 277.103375	5.07e-01  9.29e-01  6.37e+02	-1.6611 45.1332 0.3857	
44.688090 277.103375	7.19e-01  8.49e-01  6.20e+02	15.4611 59.6930 0.9547	
44.688090 277.103375	6.90e-01  8.59e-01  6.23e+02	-6.9953 58.3392 0.5209	
44.688090 277.103375	6.94e-01  8.66e-01  6.21e+02	24.7129 55.7476 0.3687	
44.688090 277.103375	6.97e-01  9.59e-01  5.98e+02	-5.5889 77.4507 0.5290	
44.688090 277.103375	8.81e-01  9.65e-01  5.63e+02	-19.8604 94.7173 0.2849	
44.688090 277.103375	7.89e-01  8.86e-01  5.98e+02	-21.9250 74.7119 0.0309	
44.688090 277.103375	6.93e-01  9.34e-01  6.05e+02	22.5224 69.5990 0.6740	
44.688090 277.103375	6.21e-01  8.44e-01  6.40e+02	7.6674 40.3397 0.2313	
44.688090 277.103375	7.17e-01  9.28e-01  6.02e+02	5.4086 75.0076 0.0445	
44.688090 277.103375	7.19e-01  9.65e-01  5.93e+02	-14.6987 79.5429 0.5519	
44.688090 277.103375	5.80e-01  8.82e-01  6.38e+02	-3.6428 43.7355 0.6628	
44.688090 277.103375	8.15e-01  9.52e-01  5.78e+02	36.1271 81.5283 0.4761	
44.688090 277.103375	5.93e-01  8.81e-01  6.36e+02	11.5240 44.8173 0.4319	
44.688090 277.103375	7.21e-01  9.46e-01  5.97e+02	-13.5576 77.1802 0.8893	
44.688090 277.103375	7.29e-01  8.69e-01  6.13e+02	-5.7592 66.8316 0.6898	
44.688090 277.103375	8.29e-01  9.33e-01  5.80e+02	26.2039 84.4026 0.2462	
44.688090 277.103375	7.84e-01  9.55e-01  5.83e+02	-26.3820 82.2465 0.7687	
44.688090 277.103375	7.26e-01  8.06e-01  6.28e+02	-11.6770 52.7992 0.2036	
44.688090 277.103375	6.86e-01  8.90e-01  6.16e+02	-14.9656 62.6932 0.7479	
44.688090 277.103375	6.25e-01  9.28e-01  6.18e+02	28.9553 56.2434 0.2650	
44.688090 277.103375	7.43e-01  9.01e-01  6.03e+02	-16.2732 72.3479 0.8390	
44.688090 277.103375	6.89e-01  8.34e-01  6.29e+02	-2.5871 52.9706 0.8375	
44.688090 277.103375	7.25e-01  8.74e-01  6.13e+02	21.2213 63.7859 0.3722	
44.688090 277.103375	6.27e-01  9.17e-01  6.20e+02	12.3735 60.0207 0.5638	
44.688090 277.103375	6.55e-01  9.62e-01  6.04e+02	-32.5690 65.8091 0.0960	
44.688090 277.103375	7.67e-01  9.13e-01  5.96e+02	11.4693 78.1572 0.4893	
44.688090 277.103375	6.72e-01  8.33e-01  6.33e+02	9.5969 48.4008 0.5606	
44.688090 277.103375	6.70e-01  8.72e-01  6.24e+02	-4.7860 58.0637 0.0078	
44.688090 277.103375	7.49e-01  9.60e-01  5.88e+02	3.6492 83.3759 0.3741	
44.688090 277.103375	7.91e-01  9.10e-01  5.92e+02	-5.6581 81.2827 0.1067	
44.688090 277.103375	6.56e-01  8.36e-01  6.36e+02	-1.8652 46.4862 0.7606	
44.688090 277.103375	8.84e-01  9.20e-01  5.72e+02	-24.4663 89.1396 0.2409	
44.688090 277.103375	7.91e-01  8.87e-01  5.97e+02	-20.4853 75.4429 0.1110	
44.688090 277.103375	8.71e-01  9.26e-01  5.73e+02	-8.2386 91.4638 0.4362	
44.688090 277.103375	6.84e-01  8.74e-01  6.21e+02	14.4440 59.1719 0.0089	
44.688090 277.103375	7.06e-01  8.83e-01  6.14e+02	-10.3659 65.4015 0.4232	
44.688090 277.103375	8.04e-01  8.31e-01  6.06e+02	-55.7705 45.4780 0.5088	
44.688090 277.103375	8.65e-01  9.63e-01  5.67e+02	-17.0156 93.5754 0.8657	
44.688090 277.103375	7.80e-01  8.48e-01  6.08e+02	35.5266 61.4243 0.6992	
44.688090 277.103375	7.35e-01  8.99e-01  6.05e+02	14.4262 71.4610 0.7193	
44.688090 277.103375	7.41e-01  8.17e-01  6.23e+02	-22.1280 54.9279 0.9364	
44.688090 277.103375	7.49e-01  9.57e-01  5.89e+02	1.7985 83.0601 0.3441	
44.688090 277.103375	7.90e-01  9.18e-01  5.90e+02	2.4089 82.2974 0.7435	
44.688090 277.103375	7.44e-01  8.73e-01  6.09e+02	-34.8495 60.6146 0.8503	
44.688090 277.103375	6.35e-01  8.96e-01  6.24e+02	-11.8128 56.5756 0.6472	
44.688090 277.103375	6.82e-01  8.24e-01  6.33e+02	-3.0710 48.9900 0.2899	
44.688090 277.103375	7.40e-01  8.68e-01  6.11e+02	-33.0581 60.0067 0.1356	
44.688090 277.103375	8.61e-01  9.25e-01  5.75e+02	21.7514 88.1120 0.4188	
44.688090 277.103375	7.65e-01  9.56e-01  5.86e+02	-32.0876 78.2866 0.9910	
44.688090 277.103375	7.27e-01  9.03e-01  6.06e+02	-2.0685 72.3634 0.4833	
44.688090 277.103375	6.77e-01  8.87e-01  6.19e+02	-9.2696 61.8422 0.3853	
44.688090 277.103375	7.14e-01  8.92e-01  6.11e+02	-9.5214 68.3315 0.1543	
44.688090 277.103375	7.89e-01  9.72e-01  5.79e+02	-15.3069 87.6239 0.2354	
44.688090 277.103375	8.15e-01  8.36e-01  6.03e+02	9.7631 73.5630 0.2920	
44.688090 277.103375	7.27e-01  9.11e-01  6.04e+02	19.9904 71.0583 0.6746	
44.688090 277.103375	7.79e-01  9.39e-01  5.88e+02	-6.6035 83.6112 0.8214	
44.688090 277.103375	5.52e-01  9.48e-01  6.25e+02	12.8499 55.9625 0.6567	
44.688090 277.103375	8.13e-01  9.36e-01  5.82e+02	-9.1454 86.5652 0.5113	
44.688090 277.103375	7.45e-01  9.69e-01  5.87e+02	-6.7132 83.8545 0.0223	
44.688090 277.103375	7.92e-01  8.39e-01  6.07e+02	-1.5445 71.4193 0.9243	
44.688090 277.103375	7.25e-01  8.83e-01  6.11e+02	-18.4128 66.3981 0.1698	
44.688090 277.103375	7.26e-01  8.86e-01  6.10e+02	12.8667 68.4661 0.1017	
44.688090 277.103375	6.54e-01  8.88e-01  6.23e+02	16.9226 56.5715 0.6201	
44.688090 277.103375	8.53e-01  8.90e-01  5.84e+02	2.6712 85.9002 0.4122	
44.688090 277.103375	6.33e-01  8.81e-01  6.28e+02	8.4094 53.2774 0.5643	
44.688090 277.103375	7.84e-01  9.12e-01  5.93e+02	50.4540 63.2518 0.7625	
44.688090 277.103375	8.90e-01  9.51e-01  5.65e+02	-17.7088 94.5415 0.4649	
44.688090 277.103375	7.31e-01  8.49e-01  6.17e+02	24.5397 58.8134 0.6655	
44.688090 277.103375	7.65e-01  8.94e-01  6.01e+02	45.7345 60.6214 0.8278	
44.688090 277.103375	7.76e-01  8.06e-01  6.18e+02	-2.1409 63.1618 0.3984	
44.688090 277.103375	7.24e-01  9.57e-01  5.94e+02	-35.6186 71.9563 0.6467	
44.688090 277.103375	7.57e-01  7.66e-01  6.31e+02	-18.3385 48.1402 0.3211	
44.688090 277.103375	8.71e-01  9.37e-01  5.71e+02	-17.8500 91.2705 0.5721	
44.688090 277.103375	7.43e-01  9.51e-01  5.91e+02	14.7896 80.3131 0.1898	
44.688090 277.103375	7.35e-01  8.95e-01  6.06e+02	1.8751 72.1955 0.8555	
44.688090 277.103375	6.95e-01  9.45e-01  6.01e+02	-1.0405 75.3490 0.4387	
44.688090 277.103375	7.55e-01  9.50e-01  5.90e+02	14.5322 81.5406 0.2078	
44.688090 277.103375	8.34e-01  8.58e-01  5.95e+02	21.5402 76.7609 0.4642	
44.688090 277.103375	7.16e-01  8.09e-01  6.30e+02	5.8094 52.1554 0.3721	
44.688090 277.103375	7.79e-01  8.39e-01  6.10e+02	25.3464 64.6023 0.5603	
44.688090 277.103375	8.59e-01  9.53e-01  5.70e+02	-9.4431 93.0901 0.5373	
44.688090 277.103375	7.22e-01  8.86e-01  6.10e+02	-39.1941 56.9185 0.2819	
44.688090 277.103375	7.54e-01  9.04e-01  6.00e+02	18.5665 73.7083 0.8030	
44.688090 277.103375	7.08e-01  9.52e-01  5.98e+02	0.9608 77.8308 0.3265	
44.688090 277.103375	7.61e-01  8.77e-01  6.05e+02	0.7976 72.7574 0.1231	
44.688090 277.103375	7.53e-01  9.10e-01  5.99e+02	20.3056 74.0233 0.2537	
44.688090 277.103375	7.74e-01  8.90e-01  6.00e+02	15.1360 75.0331 0.1657	
44.688090 277.103375	7.05e-01  8.79e-01  6.16e+02	-18.1615 62.6157 0.4231	
44.688090 277.103375	6.80e-01  8.57e-01  6.26e+02	-20.4289 52.7029 0.8754	
44.688090 277.103375	6.79e-01  9.00e-01  6.15e+02	11.1934 64.3668 0.9387	
44.688090 277.103375	6.44e-01  8.81e-01  6.26e+02	-7.8690 55.3291 0.1964	
44.688090 277.103375	7.47e-01  8.56e-01  6.13e+02	30.8627 59.8296 0.7281	
44.688090 277.103375	7.33e-01  8.59e-01  6.15e+02	15.2770 64.1196 0.4806	
44.688090 277.103375	8.96e-01  9.46e-01  5.64e+02	-44.6112 85.3052 0.3999	
44.688090 277.103375	6.91e-01  8.45e-01  6.26e+02	-9.2499 55.2039 0.1246	
44.688090 277.103375	6.71e-01  8.54e-01  6.28e+02	27.8540 46.6814 0.4426	
44.688090 277.103375	7.59e-01  8.87e-01  6.03e+02	-19.2911 71.5441 0.3608	
44.688090 277.103375	7.40e-01  8.13e-01  6.24e+02	-13.1006 56.6193 0.4796	
44.688090 277.103375	6.23e-01  9.49e-01  6.13e+02	-6.7623 66.8914 0.8379	
44.688090 277.103375	7.22e-01  9.36e-01  5.99e+02	1.8364 77.1123 0.4994	
44.688090 277.103375	8.06e-01  9.35e-01  5.84e+02	49.7806 70.3594 0.7480	
44.688090 277.103375	6.85e-01  8.09e-01  6.36e+02	-4.7472 45.4382 0.4957	
44.688090 277.103375	7.69e-01  8.43e-01  6.11e+02	1.0186 68.5667 0.1120	
44.688090 277.103375	6.94e-01  8.57e-01  6.23e+02	13.9617 57.3745 0.6487	
44.688090 277.103375	7.84e-01  9.23e-01  5.90e+02	8.1777 81.9648 0.7935	
44.688090 277.103375	7.05e-01  8.61e-01  6.20e+02	-14.9424 59.9403 0.9577	
44.688090 277.103375	8.32e-01  8.90e-01  5.88e+02	12.8627 82.5118 0.9871	
44.688090 277.103375	8.80e-01  9.54e-01  5.66e+02	-47.8169 82.7805 0.2094	
44.688090 277.103375	7.20e-01  8.98e-01  6.08e+02	-9.4796 70.1705 0.9692	
44.688090 277.103375	7.85e-01  8.93e-01  5.97e+02	-5.7660 78.1868 0.8117	
44.688090 277.103375	8.51e-01  8.82e-01  5.86e+02	33.3299 77.9521 0.1173	
44.688090 277.103375	6.01e-01  9.16e-01  6.25e+02	-11.3419 55.8431 0.0182	
44.688090 277.103375	8.12e-01  8.77e-01  5.95e+02	9.5272 78.8947 0.0214	
44.688090 277.103375	7.05e-01  8.29e-01  6.27e+02	-12.5749 53.5183 0.7573	
44.688090 277.103375	6.17e-01  9.66e-01  6.09e+02	53.3225 44.9869 0.1789	
44.688090 277.103375	5.92e-01  9.14e-01  6.27e+02	-11.9462 53.9978 0.9102	
44.688090 277.103375	6.75e-01  8.97e-01  6.17e+02	10.9861 63.1458 0.6188	
44.688090 277.103375	8.00e-01  9.79e-01  5.75e+02	19.5013 88.6904 0.9747	
44.688090 277.103375	7.57e-01  9.06e-01  5.99e+02	24.9880 72.6307 0.7783	
44.688090 277.103375	6.85e-01  9.58e-01  6.00e+02	8.3494 75.8391 0.8881	
44.688090 277.103375	7.03e-01  8.70e-01  6.18e+02	13.3720 61.8533 0.4058	
44.688090 277.103375	7.84e-01  8.95e-01  5.97e+02	-8.4251 78.0393 0.3413	
44.688090 277.103375	7.00e-01  8.03e-01  6.35e+02	-10.8112 46.3368 0.8617	
44.688090 277.103375	7.41e-01  8.04e-01  6.26e+02	-3.5621 56.2946 0.1660	
44.688090 277.103375	8.02e-01  9.06e-01  5.91e+02	-22.3457 78.9792 0.2805	
44.688090 277.103375	6.98e-01  9.80e-01  5.93e+02	27.4580 76.0708 0.9694	
44.688090 277.103375	7.38e-01  8.77e-01  6.10e+02	16.8490 67.6140 0.8248	
44.688090 277.103375	6.98e-01  8.87e-01  6.15e+02	-9.9642 64.8948 0.7132	
44.688090 277.103375	7.45e-01  8.60e-01  6.12e+02	-0.9957 67.7962 0.6975	
44.688090 277.103375	7.34e-01  8.91e-01  6.07e+02	-6.3476 71.1211 0.1605	
44.688090 277.103375	7.62e-01  8.36e-01  6.14e+02	3.8608 66.2485 0.4650	
44.688090 277.103375	8.71e-01  9.24e-01  5.74e+02	-1.9951 91.5883 0.2752	
44.688090 277.103375	8.44e-01  9.04e-01  5.83e+02	-19.6239 84.3448 0.1199	
44.688090 277.103375	7.52e-01  8.33e-01  6.17e+02	-7.4413 63.6300 0.2862	
44.688090 277.103375	7.79e-01  8.93e-01  5.98e+02	-25.2805 73.3617 0.2388	
44.688090 277.103375	5.73e-01  9.12e-01  6.31e+02	9.1808 50.6903 0.9528	
44.688090 277.103375	6.80e-01  8.92e-01  6.17e+02	11.4409 62.9393 0.2761	
44.688090 277.103375	6.37e-01  8.73e-01  6.30e+02	6.1505 52.4089 0.4973	
44.688090 277.103375	7.06e-01  9.24e-01  6.05e+02	24.4007 68.9835 0.0156	
44.688090 277.103375	7.63e-01  8.14e-01  6.19e+02	21.1892 58.7548 0.3183	
44.688090 277.103375	5.85e-01  9.39e-01  6.22e+02	-16.4541 57.7807 0.9943	
44.688090 277.103375	7.11e-01  8.75e-01  6.15e+02	-27.5617 59.3667 0.0461	
44.688090 277.103375	7.54e-01  9.14e-01  5.98e+02	-3.8126 77.4348 0.9262	
44.688090 277.103375	8.84e-01  9.63e-01  5.63e+02	11.9505 96.0627 0.4236	
44.688090 277.103375	8.01e-01  8.54e-01  6.02e+02	12.3326 73.7979 0.1604	
44.688090 277.103375	7.36e-01  8.87e-01  6.08e+02	15.6906 69.2866 0.0291	
44.688090 277.103375	7.12e-01  7.83e-01  6.37e+02	8.1022 44.3449 0.0473	
44.688090 277.103375	7.17e-01  9.15e-01  6.05e+02	5.9989 72.9253 0.5697	
44.688090 277.103375	6.35e-01  9.05e-01  6.22e+02	20.3948 56.2183 0.6228	
44.688090 277.103375	6.59e-01  8.55e-01  6.30e+02	-12.0684 51.0716 0.4182	
44.688090 277.103375	7.45e-01  9.72e-01  5.86e+02	-44.9134 71.8132 0.9383	
44.688090 277.103375	6.53e-01  8.97e-01  6.21e+02	21.7725 56.8976 0.7058	
44.688090 277.103375	8.22e-01  8.72e-01  5.94e+02	10.6233 79.4106 0.7392	
44.688090 277.103375	7.37e-01  8.66e-01  6.12e+02	-8.5166 67.1428 0.4717	
44.688090 277.103375	6.83e-01  8.90e-01  6.17e+02	15.1648 62.3160 0.1662	
44.688090 277.103375	7.29e-01  9.61e-01  5.92e+02	34.8863 73.6372 0.9718	
44.688090 277.103375	8.73e-01  9.56e-01  5.67e+02	8.7819 94.7274 0.9892	
44.688090 277.103375	8.46e-01  9.26e-01  5.78e+02	-35.0647 82.1328 0.9875	
44.688090 277.103375	7.40e-01  8.19e-01  6.22e+02	-13.9024 57.8714 0.0717	
44.688090 277.103375	6.86e-01  8.52e-01  6.26e+02	27.9589 49.2460 0.2187	
44.688090 277.103375	7.13e-01  9.25e-01  6.03e+02	3.8603 74.2212 0.2101	
44.688090 277.103375	7.85e-01  8.99e-01  5.95e+02	4.6515 79.1680 0.7546	
44.688090 277.103375	7.96e-01  9.45e-01  5.83e+02	1.6076 86.3865 0.2822	
44.688090 277.103375	6.99e-01  9.06e-01  6.10e+02	-19.2163 66.6937 0.2886	
44.688090 277.103375	6.76e-01  9.35e-01  6.07e+02	-0.9749 71.3650 0.9312	
44.688090 277.103375	7.79e-01  9.74e-01  5.80e+02	-5.6719 88.0587 0.3851	
44.688090 277.103375	7.78e-01  8.58e-01  6.06e+02	21.3095 68.9892 0.1011	
44.688090 277.103375	8.75e-01  9.56e-01  5.66e+02	44.8855 84.1150 0.0662	
44.688090 277.103375	7.21e-01  9.13e-01  6.05e+02	-7.6421 72.8697 0.5473	
44.688090 277.103375	7.98e-01  9.77e-01  5.76e+02	25.8778 86.6379 0.0790	
44.688090 277.103375	7.19e-01  8.71e-01  6.15e+02	24.9453 60.9907 0.0721	
44.688090 277.103375	6.88e-01  9.00e-01  6.14e+02	-11.3279 65.7295 0.8973	
44.688090 277.103375	7.37e-01  8.43e-01  6.18e+02	-35.6264 52.4905 0.2180	
44.688090 277.103375	6.54e-01  9.19e-01  6.15e+02	9.5023 64.9008 0.3115	
44.688090 277.103375	7.40e-01  9.01e-01  6.03e+02	-16.6885 72.0970 0.8893	
44.688090 277.103375	8.37e-01  9.02e-01  5.85e+02	1.3156 85.6497 0.6702	
44.688090 277.103375	6.69e-01  8.48e-01  6.30e+02	-11.0479 51.2226 0.2661	
44.688090 277.103375	7.21e-01  8.75e-01  6.13e+02	-8.8287 66.3077 0.2577	
44.688090 277.103375	7.17e-01  9.39e-01  5.99e+02	-43.5307 63.4968 0.9761	
44.688090 277.103375	8.51e-01  9.15e-01  5.79e+02	18.4350 86.5943 0.8400	
44.688090 277.103375	7.20e-01  9.24e-01  6.02e+02	1.5642 74.9451 0.7320	
44.688090 277.103375	6.61e-01  9.03e-01  6.18e+02	32.3879 54.4244 0.5183	
44.688090 277.103375	6.65e-01  9.66e-01  6.02e+02	-51.2400 55.1069 0.5855	
44.688090 277.103375	7.88e-01  9.87e-01  5.75e+02	23.5347 87.6189 0.2978	
44.688090 277.103375	7.28e-01  8.14e-01  6.26e+02	15.5920 53.8031 0.3696	
44.688090 277.103375	8.59e-01  9.48e-01  5.71e+02	-12.3174 92.1610 0.3375	
44.688090 277.103375	7.88e-01  8.24e-01  6.11e+02	-28.7693 61.9682 0.7544	
44.688090 277.103375	7.20e-01  8.34e-01  6.23e+02	-16.8390 56.4584 0.4933	
44.688090 277.103375	5.74e-01  8.74e-01  6.41e+02	3.8910 39.8167 0.7665	
44.688090 277.103375	6.37e-01  9.80e-01  6.03e+02	-29.6196 68.3873 0.7800	
44.688090 277.103375	7.76e-01  8.84e-01  6.00e+02	26.8492 71.0883 0.2994	
44.688090 277.103375	8.54e-01  9.66e-01  5.68e+02	-31.8993 88.8847 0.5956	
44.688090 277.103375	7.35e-01  9.05e-01  6.04e+02	-4.1396 73.8059 0.4137	
44.688090 277.103375	7.94e-01  8.54e-01  6.04e+02	13.6401 72.6168 0.6772	
44.688090 277.103375	7.30e-01  9.04e-01  6.05e+02	21.7579 69.7308 0.3747	
44.688090 277.103375	7.51e-01  8.87e-01  6.05e+02	21.5862 69.8676 0.0520	
44.688090 277.103375	7.09e-01  9.10e-01  6.07e+02	26.7926 66.1395 0.4902	
44.688090 277.103375	8.50e-01  9.34e-01  5.76e+02	-7.8685 90.2412 0.0742	
44.688090 277.103375	6.75e-01  9.28e-01  6.09e+02	-15.4032 68.2746 0.3314	
44.688090 277.103375	6.59e-01  8.84e-01  6.23e+02	30.1102 50.9889 0.6484	
44.688090 277.103375	7.48e-01  8.66e-01  6.10e+02	21.3669 65.8990 0.9007	
44.688090 277.103375	6.96e-01  8.63e-01  6.21e+02	2.8062 60.6914 0.4554	
44.688090 277.103375	7.30e-01  9.60e-01  5.92e+02	3.6198 81.3000 0.7544	
44.688090 277.103375	6.96e-01  9.09e-01  6.10e+02	-4.6953 69.2543 0.3444	
44.688090 277.103375	5.63e-01  9.47e-01  6.23e+02	-2.5200 58.7342 0.7774	
44.688090 277.103375	8.32e-01  9.54e-01  5.75e+02	4.2062 90.8914 0.5376	
44.688090 277.103375	6.70e-01  9.03e-01  6.16e+02	1.0054 64.6936 0.2402	
44.688090 277.103375	6.32e-01  9.36e-01  6.15e+02	-16.3414 63.8311 0.9987	
44.688090 277.103375	6.57e-01  9.39e-01  6.10e+02	-33.0846 61.3376 0.8461	
44.688090 277.103375	8.15e-01  9.48e-01  5.79e+02	-18.0207 86.8761 0.9053	
44.688090 277.103375	7.79e-01  9.13e-01  5.94e+02	-17.9213 78.3302 0.5604	
44.688090 277.103375	7.28e-01  9.75e-01  5.89e+02	-5.9708 83.1625 0.1975	
44.688090 277.103375	6.31e-01  8.48e-01  6.37e+02	-2.9459 44.4230 0.2230	
44.688090 277.103375	7.13e-01  9.19e-01  6.05e+02	39.0821 61.9741 0.0153	
44.688090 277.103375	7.86e-01  9.49e-01  5.84e+02	-30.3932 80.2840 0.1078	
44.688090 277.103375	7.00e-01  8.57e-01  6.22e+02	7.1844 59.7223 0.8678	
44.688090 277.103375	6.64e-01  8.72e-01  6.25e+02	6.4415 56.7862 0.9624	
44.688090 277.103375	7.19e-01  8.20e-01  6.27e+02	-27.7947 48.3475 0.0381	
44.688090 277.103375	7.21e-01  8.23e-01  6.26e+02	3.4562 56.5921 0.4492	
44.688090 277.103375	7.07e-01  8.77e-01  6.15e+02	23.7495 60.7731 0.1788	
44.688090 277.103375	7.46e-01  9.57e-01  5.90e+02	7.9173 82.3387 0.7558	
44.688090 277.103375	8.38e-01  8.93e-01  5.87e+02	16.2876 82.9924 0.8532	
44.688090 277.103375	5.47e-01  9.58e-01  6.23e+02	0.0793 59.0755 0.6767	
44.688090 277.103375	7.40e-01  9.19e-01  5.99e+02	16.7926 74.8703 0.9779	
44.688090 277.103375	7.07e-01  8.83e-01  6.14e+02	20.5987 63.0353 0.6367	
44.688090 277.103375	7.54e-01  9.67e-01  5.86e+02	-37.7294 76.0370 0.8679	
44.688090 277.103375	6.88e-01  9.12e-01  6.11e+02	-17.7807 66.5322 0.1289	
44.688090 277.103375	9.11e-01  9.31e-01  5.65e+02	-6.5661 95.9915 0.5043	
44.688090 277.103375	7.84e-01  9.78e-01  5.78e+02	8.4578 88.7999 0.7075	
44.688090 277.103375	8.00e-01  9.53e-01  5.81e+02	27.9713 83.1922 0.2701	
44.688090 277.103375	7.46e-01  8.65e-01  6.11e+02	19.3401 66.0806 0.5439	
44.688090 277.103375	7.18e-01  8.66e-01  6.16e+02	-4.1437 64.7359 0.4112	
44.688090 277.103375	6.14e-01  8.83e-01  6.31e+02	-19.6091 47.2011 0.1735	
44.688090 277.103375	7.59e-01  8.97e-01  6.01e+02	-22.2173 72.3876 0.9257	
44.688090 277.103375	7.30e-01  9.42e-01  5.96e+02	9.9027 78.2633 0.5472	
44.688090 277.103375	7.16e-01  9.70e-01  5.92e+02	-8.2908 80.9233 0.3106	
44.688090 277.103375	8.03e-01  9.78e-01  5.75e+02	50.1521 76.0074 0.4119	
44.688090 277.103375	7.59e-01  8.14e-01  6.20e+02	-14.0137 60.2026 0.9220	
44.688090 277.103375	5.93e-01  8.62e-01  6.41e+02	-8.5765 39.2890 0.9657	
44.688090 277.103375	6.33e-01  9.13e-01  6.20e+02	31.8872 52.4103 0.7593	
44.688090 277.103375	7.70e-01  9.16e-01  5.95e+02	-29.4224 74.1572 0.1123	
44.688090 277.103375	5.84e-01  9.22e-01  6.26e+02	6.9657 55.5953 0.3157	
44.688090 277.103375	7.62e-01  8.98e-01  6.00e+02	-15.1084 74.6604 0.6312	
44.688090 277.103375	6.89e-01  9.88e-01  5.92e+02	-31.3946 74.7784 0.2724	
44.688090 277.103375	8.68e-01  9.51e-01  5.69e+02	11.0526 93.4884 0.4860	
44.688090 277.103375	7.32e-01  7.90e-01  6.31e+02	7.0709 51.0215 0.9297	
44.688090 277.103375	7.22e-01  9.37e-01  5.99e+02	14.6999 75.7949 0.7386	
44.688090 277.103375	8.26e-01  9.39e-01  5.79e+02	-4.5604 88.6864 0.7326	
44.688090 277.103375	6.38e-01  9.26e-01  6.16e+02	-6.7726 64.2656 0.1716	
44.688090 277.103375	7.42e-01  9.11e-01  6.01e+02	-6.5778 75.4226 0.6268	
44.688090 277.103375	7.64e-01  8.28e-01  6.15e+02	-31.3378 57.1909 0.3961	
44.688090 277.103375	8.01e-01  9.42e-01  5.83e+02	5.8236 86.3212 0.1576	
44.688090 277.103375	8.30e-01  8.57e-01  5.96e+02	20.4668 76.4819 0.5244	
44.688090 277.103375	7.71e-01  8.44e-01  6.11e+02	-1.8219 68.9276 0.7351	
44.688090 277.103375	7.23e-01  8.37e-01  6.22e+02	-24.8787 54.6510 0.8400	
44.688090 277.103375	7.38e-01  9.71e-01  5.88e+02	-46.5766 69.6433 0.6907	
44.688090 277.103375	6.14e-01  9.04e-01  6.26e+02	23.0855 51.4036 0.7169	
44.688090 277.103375	6.45e-01  9.40e-01  6.12e+02	-19.6550 65.3260 0.0972	
44.688090 277.103375	7.58e-01  9.30e-01  5.94e+02	13.6334 79.1842 0.0340	
44.688090 277.103375	7.97e-01  8.97e-01  5.94e+02	-49.1600 63.5552 0.3699	
44.688090 277.103375	7.18e-01  7.77e-01  6.37e+02	5.2728 44.3940 0.3311	
44.688090 277.103375	8.48e-01  8.93e-01  5.85e+02	-0.2947 85.7185 0.8213	
44.688090 277.103375	7.99e-01  9.34e-01  5.85e+02	-28.9084 80.3017 0.2358	
44.688090 277.103375	8.15e-01  8.90e-01  5.92e+02	47.8940 66.0998 0.1858	
44.688090 277.103375	6.89e-01  9.29e-01  6.06e+02	21.5431 68.6250 0.9016	
44.688090 277.103375	6.99e-01  9.08e-01  6.10e+02	48.2206 50.2802 0.2740	
44.688090 277.103375	5.98e-01  8.85e-01  6.34e+02	18.3614 45.0450 0.1033	
44.688090 277.103375	7.76e-01  8.40e-01  6.11e+02	9.9305 68.2825 0.4621	
44.688090 277.103375	6.23e-01  9.30e-01  6.18e+02	-3.2140 63.3870 0.3895	
44.688090 277.103375	6.28e-01  8.67e-01  6.33e+02	-15.1795 46.9421 0.1852	
44.688090 277.103375	6.80e-01  8.23e-01  6.34e+02	26.1261 40.8810 0.1500	
44.688090 277.103375	8.59e-01  8.72e-01  5.87e+02	21.2350 81.7126 0.5269	
44.688090 277.103375	7.11e-01  9.63e-01  5.94e+02	6.4163 79.5466 0.1848	
44.688090 277.103375	7.17e-01  9.12e-01  6.05e+02	-4.8187 72.6088 0.3617	
44.688090 277.103375	7.84e-01  9.92e-01  5.75e+02	8.6628 90.4486 0.8007	
44.688090 277.103375	7.60e-01  8.89e-01  6.03e+02	-17.0876 72.6484 0.3470	
44.688090 277.103375	8.06e-01  9.19e-01  5.87e+02	-25.4653 80.3197 0.8995	
44.688090 277.103375	7.53e-01  9.62e-01  5.87e+02	22.1993 81.1965 0.1962	
44.688090 277.103375	7.09e-01  9.47e-01  5.99e+02	4.3020 77.1296 0.9839	
44.688090 277.103375	6.76e-01  8.53e-01  6.27e+02	-25.4294 48.7283 0.7807	
44.688090 277.103375	7.51e-01  9.11e-01  5.99e+02	10.6218 76.0370 0.9749	
44.688090 277.103375	6.21e-01  8.87e-01  6.29e+02	-2.0973 53.1512 0.2313	
44.688090 277.103375	8.07e-01  9.36e-01  5.83e+02	12.5681 85.5314 0.5532	
44.688090 277.103375	7.07e-01  9.40e-01  6.01e+02	-36.0862 66.7533 0.8550	
44.688090 277.103375	6.65e-01  8.72e-01  6.25e+02	8.0940 56.9168 0.5577	
44.688090 277.103375	7.37e-01  9.07e-01  6.03e+02	46.6732 57.9018 0.1058	
44.688090 277.103375	7.37e-01  8.54e-01  6.15e+02	3.2198 65.4525 0.2078	
44.688090 277.103375	7.01e-01  9.53e-01  5.98e+02	8.7051 76.7787 0.5170	
44.688090 277.103375	7.20e-01  7.85e-01  6.34e+02	2.0073 47.6920 0.9707	
44.688090 277.103375	8.66e-01  9.41e-01  5.71e+02	-2.8174 92.9134 0.0983	
44.688090 277.103375	6.72e-01  9.95e-01  5.93e+02	15.2008 78.9887 0.6009	
44.688090 277.103375	7.88e-01  8.96e-01  5.95e+02	2.0339 79.1669 0.5753	
44.688090 277.103375	6.72e-01  9.11e-01  6.14e+02	24.3562 61.8392 0.0123	
44.688090 277.103375	7.20e-01  8.09e-01  6.29e+02	19.1188 49.9756 0.7400	
44.688090 277.103375	7.30e-01  8.08e-01  6.27e+02	1.5675 55.2726 0.8327	
44.688090 277.103375	5.88e-01  9.13e-01  6.28e+02	-18.2060 51.1487 0.2631	
44.688090 277.103375	7.34e-01  8.83e-01  6.09e+02	-26.7173 64.8380 0.8743	
44.688090 277.103375	7.31e-01  8.91e-01  6.08e+02	-3.5963 71.0759 0.7098	
44.688090 277.103375	7.40e-01  8.63e-01  6.12e+02	-18.4274 65.0420 0.1554	
44.688090 277.103375	6.27e-01  9.40e-01  6.14e+02	17.2107 63.7487 0.6415	
44.688090 277.103375	8.75e-01  9.23e-01  5.73e+02	-36.9191 84.0917 0.8925	
44.688090 277.103375	6.91e-01  8.52e-01  6.25e+02	-14.4702 55.5028 0.0666	
44.688090 277.103375	6.80e-01  9.34e-01  6.07e+02	39.1715 59.9918 0.6499	
44.688090 277.103375	7.97e-01  8.93e-01  5.94e+02	-44.6545 66.2332 0.8677	
44.688090 277.103375	8.30e-01  9.55e-01  5.75e+02	-13.3908 90.0181 0.4230	
44.688090 277.103375	6.46e-01  9.46e-01  6.10e+02	9.2755 68.9778 0.2397	
44.688090 277.103375	7.32e-01  8.75e-01  6.11e+02	31.2931 61.0164 0.0115	
44.688090 277.103375	7.23e-01  9.77e-01  5.89e+02	13.6576 81.9554 0.9023	
44.688090 277.103375	7.53e-01  8.93e-01  6.03e+02	28.8613 68.4953 0.2389	
44.688090 277.103375	5.89e-01  9.14e-01  6.28e+02	31.7024 44.6536 0.4357	
44.688090 277.103375	6.90e-01  8.80e-01  6.18e+02	10.7900 62.2759 0.1410	
44.688090 277.103375	8.35e-01  8.85e-01  5.89e+02	-11.3300 82.4851 0.1351	
44.688090 277.103375	7.16e-01  9.15e-01  6.05e+02	-8.5562 72.5188 0.8822	
44.688090 277.103375	7.13e-01  8.37e-01  6.24e+02	31.0895 49.3726 0.3397	
44.688090 277.103375	7.91e-01  9.31e-01  5.87e+02	-18.6534 81.9992 0.3599	
44.688090 277.103375	7.97e-01  8.60e-01  6.02e+02	17.8661 73.0447 0.4578	
44.688090 277.103375	7.61e-01  8.35e-01  6.15e+02	-9.7369 65.2291 0.6261	
44.688090 277.103375	7.30e-01  8.91e-01  6.08e+02	7.6557 70.4425 0.3924	
44.688090 277.103375	8.50e-01  9.40e-01  5.74e+02	-4.4812 91.1296 0.2440	
44.688090 277.103375	7.64e-01  8.46e-01  6.11e+02	0.0363 68.3734 0.2721	
44.688090 277.103375	6.54e-01  9.00e-01  6.20e+02	-19.5747 58.5649 0.5048	
44.688090 277.103375	8.27e-01  9.66e-01  5.73e+02	16.4525 90.4240 0.7971	
44.688090 277.103375	7.20e-01  9.49e-01  5.96e+02	3.4758 78.7548 0.6588	
44.688090 277.103375	6.47e-01  9.50e-01  6.09e+02	24.4098 66.0322 0.1655	
44.688090 277.103375	7.67e-01  8.59e-01  6.08e+02	19.7136 67.9523 0.2918	
44.688090 277.103375	7.05e-01  8.33e-01  6.26e+02	9.1231 55.1779 0.8926	
44.688090 277.103375	8.13e-01  8.94e-01  5.91e+02	22.4230 78.7472 0.8980	
44.688090 277.103375	8.61e-01  9.03e-01  5.80e+02	-31.5175 82.4553 0.8756	
44.688090 277.103375	8.03e-01  9.42e-01  5.83e+02	-0.5319 86.6802 0.9212	
44.688090 277.103375	7.11e-01  9.21e-01  6.04e+02	-5.5871 73.1613 0.8042	
44.688090 277.103375	7.11e-01  8.27e-01  6.27e+02	-10.2722 54.8199 0.9249	
44.688090 277.103375	7.33e-01  8.99e-01  6.05e+02	-26.2772 67.7253 0.1419	
44.688090 277.103375	7.35e-01  8.72e-01  6.11e+02	-14.9970 66.6789 0.8613	
44.688090 277.103375	7.87e-01  9.49e-01  5.84e+02	19.1289 83.7878 0.1049	
44.688090 277.103375	7.32e-01  8.49e-01  6.17e+02	0.7092 63.7106 0.1145	
44.688090 277.103375	7.47e-01  8.38e-01  6.17e+02	-19.8764 60.9988 0.4751	
44.688090 277.103375	8.57e-01  9.23e-01  5.76e+02	39.2206 81.1759 0.1752	
44.688090 277.103375	7.09e-01  9.70e-01  5.93e+02	9.7029 80.0983 0.3332	
44.688090 277.103375	6.17e-01  9.23e-01  6.21e+02	11.4684 59.8758 0.4497	
44.688090 277.103375	7.41e-01  8.10e-01  6.24e+02	-16.9161 55.2090 0.8613	
44.688090 277.103375	8.12e-01  9.25e-01  5.85e+02	-8.8993 85.1146 0.1559	
44.688090 277.103375	8.37e-01  9.72e-01  5.70e+02	6.9913 93.2358 0.8928	
44.688090 277.103375	6.42e-01  9.15e-01  6.18e+02	7.5511 62.5998 0.4678	
44.688090 277.103375	6.69e-01  8.89e-01  6.20e+02	4.9884 61.5186 0.4237	
44.688090 277.103375	6.42e-01  9.53e-01  6.09e+02	25.7656 65.5038 0.1991	
44.688090 277.103375	5.94e-01  9.52e-01  6.17e+02	-7.0344 63.7544 0.3081	
44.688090 277.103375	8.22e-01  9.44e-01  5.79e+02	14.7765 87.6881 0.3423	
44.688090 277.103375	7.41e-01  8.88e-01  6.06e+02	-26.4879 66.9355 0.2334	
44.688090 277.103375	7.31e-01  9.62e-01  5.91e+02	-20.3221 79.3455 0.4521	
44.688090 277.103375	6.80e-01  8.47e-01  6.28e+02	2.4226 54.2231 0.2755	
44.688090 277.103375	7.79e-01  8.93e-01  5.98e+02	-37.9090 67.6260 0.8866	
44.688090 277.103375	6.02e-01  9.91e-01  6.06e+02	-44.8593 56.9808 0.7100	
44.688090 277.103375	8.54e-01  8.82e-01  5.86e+02	-6.1885 84.8339 0.7858	
44.688090 277.103375	7.77e-01  9.75e-01  5.80e+02	-17.8816 86.4182 0.7075	
44.688090 277.103375	5.29e-01  9.40e-01  6.30e+02	1.3852 51.8797 0.5189	
44.688090 277.103375	7.18e-01  9.51e-01  5.96e+02	37.1388 69.4580 0.4734	
44.688090 277.103375	7.31e-01  9.05e-01  6.04e+02	7.3267 73.0093 0.2177	
44.688090 277.103375	7.42e-01  8.44e-01  6.16e+02	-23.5788 59.9784 0.4281	
44.688090 277.103375	7.94e-01  8.72e-01  6.00e+02	-17.2726 74.6018 0.2287	
44.688090 277.103375	6.87e-01  8.34e-01  6.30e+02	1.3346 52.7888 0.8320	
44.688090 277.103375	7.81e-01  9.11e-01  5.94e+02	48.9199 63.6527 0.3254	
44.688090 277.103375	6.93e-01  8.89e-01  6.15e+02	2.0492 65.3470 0.0086	
44.688090 277.103375	7.51e-01  7.84e-01  6.28e+02	5.8095 53.9460 0.4103	
44.688090 277.103375	6.84e-01  8.71e-01  6.21e+02	-2.3516 60.4275 0.1827	
44.688090 277.103375	8.04e-01  9.11e-01  5.89e+02	6.5635 82.7818 0.7560	
44.688090 277.103375	7.74e-01  8.81e-01  6.02e+02	-20.4600 72.3454 0.9715	
44.688090 277.103375	5.99e-01  8.80e-01  6.35e+02	3.2610 47.1949 0.8289	
44.688090 277.103375	7.81e-01  9.27e-01  5.90e+02	-13.8599 81.3041 0.3440	
44.688090 277.103375	7.71e-01  8.77e-01  6.03e+02	-11.7309 73.3573 0.3122	
44.688090 277.103375	6.69e-01  9.51e-01  6.05e+02	-10.1193 72.5160 0.6101	
44.688090 277.103375	8.77e-01  9.27e-01  5.72e+02	-0.8815 92.5212 0.0940	
44.688090 277.103375	7.38e-01  9.24e-01  5.99e+02	31.0673 70.5202 0.7728	
44.688090 277.103375	7.84e-01  8.82e-01  5.99e+02	-19.1376 74.2653 0.3503	
44.688090 277.103375	7.77e-01  8.94e-01  5.98e+02	-21.6562 74.4610 0.3065	
44.688090 277.103375	6.12e-01  9.01e-01  6.27e+02	5.0406 55.0685 0.0986	
44.688090 277.103375	7.44e-01  8.33e-01  6.19e+02	8.9362 62.0507 0.1824	
44.688090 277.103375	7.32e-01  8.20e-01  6.24e+02	7.0289 57.7460 0.9696	
44.688090 277.103375	8.14e-01  9.10e-01  5.88e+02	-30.3218 78.3129 0.1851	
44.688090 277.103375	7.07e-01  9.03e-01  6.09e+02	-17.4713 67.6392 0.8707	
44.688090 277.103375	7.26e-01  9.03e-01  6.06e+02	-6.6525 72.0632 0.5762	
44.688090 277.103375	7.21e-01  9.64e-01  5.93e+02	22.5592 77.8011 0.0728	
44.688090 277.103375	7.29e-01  8.44e-01  6.19e+02	-7.5748 61.7648 0.4125	
44.688090 277.103375	8.50e-01  8.88e-01  5.85e+02	16.9312 83.7039 0.0227	
44.688090 277.103375	7.05e-01  8.60e-01  6.20e+02	28.9475 54.3585 0.6621	
44.688090 277.103375	8.10e-01  9.24e-01  5.85e+02	-12.0979 84.3938 0.3034	
44.688090 277.103375	6.07e-01  9.30e-01  6.20e+02	-22.0480 57.0358 0.0250	
44.688090 277.103375	6.32e-01  8.35e-01  6.40e+02	21.4827 34.3229 0.1759	
44.688090 277.103375	6.23e-01  9.52e-01  6.12e+02	-12.9762 66.6928 0.7894	
44.688090 277.103375	5.90e-01  9.21e-01  6.26e+02	0.5774 56.4735 0.7500	
44.688090 277.103375	6.05e-01  9.21e-01  6.23e+02	19.5750 55.4206 0.1305	
44.688090 277.103375	7.67e-01  9.11e-01  5.96e+02	-45.6024 64.0398 0.2334	
44.688090 277.103375	7.89e-01  8.33e-01  6.09e+02	-1.6662 69.9293 0.5466	
44.688090 277.103375	7.42e-01  8.64e-01  6.12e+02	-14.8237 66.4330 0.0003	
44.688090 277.103375	7.05e-01  9.26e-01  6.04e+02	39.3972 61.9580 0.2635	
44.688090 277.103375	5.92e-01  9.28e-01  6.23e+02	-10.9694 57.5155 0.1296	
44.688090 277.103375	7.27e-01  8.32e-01  6.22e+02	13.8319 58.0065 0.0462	
44.688090 277.103375	6.89e-01  8.79e-01  6.18e+02	-20.3996 59.4352 0.7127	
44.688090 277.103375	8.40e-01  9.56e-01  5.73e+02	-51.0987 76.5500 0.4587	
44.688090 277.103375	7.81e-01  8.76e-01  6.01e+02	-15.5328 73.7540 0.8519	
44.688090 277.103375	7.05e-01  9.89e-01  5.89e+02	3.7424 82.8302 0.6270	
44.688090 277.103375	7.11e-01  9.00e-01  6.09e+02	11.5883 69.0300 0.7443	
44.688090 277.103375	6.23e-01  9.35e-01  6.17e+02	8.8070 63.7690 0.4568	
44.688090 277.103375	7.15e-01  8.29e-01  6.25e+02	-2.7374 56.8371 0.7774	
44.688090 277.103375	7.56e-01  8.62e-01  6.09e+02	7.8202 69.3306 0.6178	
44.688090 277.103375	7.36e-01  9.07e-01  6.03e+02	-11.8689 73.4049 0.5988	
44.688090 277.103375	8.39e-01  9.56e-01  5.73e+02	-22.2336 89.1689 0.8493	
44.688090 277.103375	7.31e-01  9.71e-01  5.89e+02	-7.9278 82.7057 0.6288	
44.688090 277.103375	8.01e-01  9.05e-01  5.91e+02	26.6435 77.3803 0.1975	
44.688090 277.103375	7.03e-01  8.85e-01  6.14e+02	-16.7375 63.8730 0.7255	
44.688090 277.103375	7.13e-01  9.08e-01  6.07e+02	31.1715 64.2820 0.8991	
44.688090 277.103375	7.58e-01  9.49e-01  5.90e+02	10.6654 82.1443 0.9295	
44.688090 277.103375	7.07e-01  9.11e-01  6.08e+02	-1.1024 71.1574 0.9078	
44.688090 277.103375	6.96e-01  8.90e-01  6.15e+02	1.2343 65.9231 0.2458	
44.688090 277.103375	7.83e-01  8.57e-01  6.05e+02	23.0228 69.0743 0.3677	
44.688090 277.103375	7.29e-01  8.82e-01  6.10e+02	23.1057 65.1904 0.0655	
44.688090 277.103375	6.69e-01  9.68e-01  6.00e+02	-34.7258 67.7340 0.7405	
44.688090 277.103375	7.51e-01  8.11e-01  6.22e+02	31.7769 50.8153 0.2981	
44.688090 277.103375	7.42e-01  8.81e-01  6.08e+02	2.1158 70.9228 0.8865	
44.688090 277.103375	7.09e-01  8.47e-01  6.22e+02	15.3013 57.5325 0.4239	
44.688090 277.103375	6.87e-01  9.06e-01  6.12e+02	-37.2689 56.5219 0.3815	
44.688090 277.103375	6.10e-01  9.09e-01  6.25e+02	7.2802 56.4138 0.4920	
44.688090 277.103375	8.87e-01  9.07e-01  5.74e+02	23.2735 88.4399 0.2265	
44.688090 277.103375	7.65e-01  8.40e-01  6.13e+02	-48.4444 46.9492 0.5799	
44.688090 277.103375	8.41e-01  9.02e-01  5.84e+02	-22.9323 82.8413 0.3859	
44.688090 277.103375	6.55e-01  9.65e-01  6.03e+02	34.5421 65.4060 0.7586	
44.688090 277.103375	6.46e-01  8.91e-01  6.24e+02	-4.5823 58.2374 0.4614	
44.688090 277.103375	7.41e-01  8.67e-01  6.11e+02	34.7064 58.8554 0.0659	
44.688090 277.103375	6.21e-01  9.35e-01  6.17e+02	40.9434 49.3494 0.9814	
44.688090 277.103375	7.47e-01  8.14e-01  6.22e+02	-14.5559 57.9370 0.2057	
44.688090 277.103375	7.58e-01  9.74e-01  5.84e+02	3.8947 86.1037 0.8864	
44.688090 277.103375	7.46e-01  9.50e-01  5.91e+02	-6.2206 81.5627 0.2376	
44.688090 277.103375	8.10e-01  9.69e-01  5.76e+02	35.8822 83.2454 0.2095	
44.688090 277.103375	6.94e-01  9.80e-01  5.93e+02	-31.3631 74.0909 0.0516	
44.688090 277.103375	7.43e-01  8.99e-01  6.04e+02	-28.0397 68.4103 0.8528	
44.688090 277.103375	7.66e-01  9.66e-01  5.84e+02	52.1622 68.3493 0.5889	
44.688090 277.103375	8.37e-01  8.89e-01  5.87e+02	-25.3259 80.1335 0.8380	
44.688090 277.103375	8.63e-01  9.19e-01  5.76e+02	-16.0706 88.8040 0.7852	
44.688090 277.103375	7.04e-01  9.23e-01  6.05e+02	8.5929 72.3502 0.9276	
44.688090 277.103375	7.71e-01  9.62e-01  5.84e+02	15.5853 84.4717 0.9440	
44.688090 277.103375	7.87e-01  8.84e-01  5.98e+02	36.4061 68.2452 0.7149	
44.688090 277.103375	7.25e-01  9.19e-01  6.02e+02	-18.4349 72.3926 0.4565	
44.688090 277.103375	6.80e-01  8.44e-01  6.29e+02	5.8807 53.3585 0.5086	
44.688090 277.103375	7.52e-01  8.16e-01  6.21e+02	-20.2425 57.4297 0.5536	
44.688090 277.103375	7.76e-01  8.63e-01  6.05e+02	24.2236 68.5004 0.9502	
44.688090 277.103375	7.86e-01  8.89e-01  5.97e+02	18.6463 75.6830 0.1383	
44.688090 277.103375	7.41e-01  8.98e-01  6.04e+02	-20.2802 70.6538 0.2054	
44.688090 277.103375	6.81e-01  9.25e-01  6.09e+02	3.7913 70.1437 0.3901	
44.688090 277.103375	8.22e-01  9.26e-01  5.83e+02	-28.1612 82.0581 0.4772	
44.688090 277.103375	6.44e-01  8.91e-01  6.24e+02	9.9414 57.3556 0.2053	
44.688090 277.103375	7.34e-01  8.21e-01  6.23e+02	15.4195 56.5714 0.0623	
44.688090 277.103375	8.15e-01  8.82e-01  5.93e+02	54.3194 59.4038 0.4169	
44.688090 277.103375	6.09e-01  9.63e-01  6.12e+02	7.5496 67.7660 0.8708	
44.688090 277.103375	7.14e-01  9.12e-01  6.06e+02	2.5484 72.1577 0.5554	
44.688090 277.103375	7.13e-01  9.31e-01  6.01e+02	-14.5469 73.8958 0.8464	
44.688090 277.103375	7.18e-01  7.96e-01  6.33e+02	14.1147 47.6553 0.2054	
44.688090 277.103375	7.72e-01  8.60e-01  6.07e+02	26.3207 66.7004 0.1252	
44.688090 277.103375	7.44e-01  9.02e-01  6.03e+02	2.7003 74.4735 0.7309	
44.688090 277.103375	7.44e-01  8.27e-01  6.20e+02	16.7626 59.4248 0.8019	
44.688090 277.103375	7.55e-01  8.94e-01  6.02e+02	10.5167 73.9893 0.2711	
44.688090 277.103375	8.09e-01  8.21e-01  6.08e+02	7.7496 70.7367 0.1231	
44.688090 277.103375	7.21e-01  8.56e-01  6.18e+02	-8.5945 62.7320 0.8565	
44.688090 277.103375	7.10e-01  8.80e-01  6.14e+02	-18.2144 63.5996 0.9505	
44.688090 277.103375	7.75e-01  9.32e-01  5.90e+02	-9.2763 82.0087 0.0467	
44.688090 277.103375	7.06e-01  9.33e-01  6.02e+02	-19.3245 72.1813 0.1438	
44.688090 277.103375	7.58e-01  9.61e-01  5.86e+02	-29.0960 79.4490 0.1882	
44.688090 277.103375	7.58e-01  8.77e-01  6.06e+02	-13.8201 71.1972 0.2525	
44.688090 277.103375	7.53e-01  9.24e-01  5.96e+02	-33.4789 71.3954 0.4269	
44.688090 277.103375	7.01e-01  8.17e-01  6.31e+02	34.2913 38.2404 0.2479	
44.688090 277.103375	7.47e-01  8.65e-01  6.10e+02	-18.8865 66.3957 0.3226	
44.688090 277.103375	7.01e-01  8.84e-01  6.15e+02	-24.7550 60.7378 0.6721	
44.688090 277.103375	6.55e-01  9.22e-01  6.14e+02	-9.8470 65.5403 0.6248	
44.688090 277.103375	8.03e-01  9.17e-01  5.88e+02	-27.2492 79.1104 0.2150	
44.688090 277.103375	7.27e-01  9.34e-01  5.98e+02	-32.2401 70.3004 0.0825	
44.688090 277.103375	5.14e-01  9.57e-01  6.28e+02	6.0117 53.9410 0.0500	
44.688090 277.103375	7.71e-01  9.76e-01  5.81e+02	-1.7928 87.6910 0.2246	
44.688090 277.103375	7.31e-01  8.92e-01  6.08e+02	-8.7419 70.6313 0.5416	
44.688090 277.103375	7.08e-01  9.33e-01  6.02e+02	-12.8515 73.8721 0.0078	
44.688090 277.103375	6.81e-01  8.98e-01  6.15e+02	28.0036 59.0405 0.0444	
44.688090 277.103375	5.53e-01  9.01e-01  6.37e+02	17.3672 41.2099 0.2099	
44.688090 277.103375	7.35e-01  9.50e-01  5.93e+02	-14.9852 79.1280 0.9600	
44.688090 277.103375	7.43e-01  8.60e-01  6.12e+02	15.2297 65.8519 0.6375	
44.688090 277.103375	8.30e-01  8.83e-01  5.90e+02	43.1752 70.1989 0.1174	
44.688090 277.103375	6.05e-01  9.41e-01  6.18e+02	3.1665 63.0593 0.7668	
44.688090 277.103375	8.29e-01  9.17e-01  5.83e+02	17.4797 84.6369 0.1011	
44.688090 277.103375	6.14e-01  9.00e-01  6.27e+02	-12.6517 53.8600 0.4598	
44.688090 277.103375	8.51e-01  8.65e-01  5.90e+02	-30.1076 77.1318 0.1373	
44.688090 277.103375	7.09e-01  9.35e-01  6.01e+02	-11.8580 74.3715 0.7079	
44.688090 277.103375	7.91e-01  9.13e-01  5.91e+02	10.1704 81.2672 0.4262	
44.688090 277.103375	7.83e-01  8.31e-01  6.11e+02	6.0832 68.4480 0.3789	
44.688090 277.103375	8.39e-01  8.74e-01  5.90e+02	24.5022 78.6650 0.7114	
44.688090 277.103375	6.01e-01  9.09e-01  6.27e+02	12.1674 53.8998 0.1679	
44.688090 277.103375	7.57e-01  9.55e-01  5.88e+02	11.4694 82.8523 0.1476	
44.688090 277.103375	7.57e-01  9.14e-01  5.97e+02	-6.4053 77.7393 0.1033	
44.688090 277.103375	7.62e-01  8.35e-01  6.14e+02	6.1429 65.8401 0.0556	
44.688090 277.103375	8.05e-01  8.92e-01  5.93e+02	15.0743 79.2335 0.6679	
44.688090 277.103375	7.83e-01  9.22e-01  5.91e+02	32.9766 75.1594 0.2737	
44.688090 277.103375	7.21e-01  9.08e-01  6.05e+02	-37.4466 62.2623 0.5761	
44.688090 277.103375	5.86e-01  8.79e-01  6.37e+02	-11.8864 42.6645 0.4137	
44.688090 277.103375	7.71e-01  8.05e-01  6.19e+02	9.7959 61.3872 0.1847	
44.688090 277.103375	6.13e-01  9.56e-01  6.13e+02	-10.2149 66.4988 0.1932	
44.688090 277.103375	7.75e-01  8.11e-01  6.17e+02	13.1069 62.5444 0.3023	
44.688090 277.103375	7.91e-01  9.41e-01  5.85e+02	-32.9108 78.8295 0.6404	
44.688090 277.103375	7.53e-01  9.12e-01  5.99e+02	-16.2211 75.3712 0.3018	
44.688090 277.103375	6.69e-01  9.07e-01  6.15e+02	17.7577 62.8344 0.9830	
44.688090 277.103375	5.52e-01  9.60e-01  6.21e+02	13.9716 58.7203 0.9295	
44.688090 277.103375	7.65e-01  8.92e-01  6.01e+02	-2.0171 75.7201 0.8632	
44.688090 277.103375	6.00e-01  8.89e-01  6.32e+02	35.9838 34.8943 0.1189	
44.688090 277.103375	6.60e-01  9.40e-01  6.09e+02	2.4157 70.0939 0.8671	
44.688090 277.103375	7.63e-01  9.04e-01  5.99e+02	-4.2198 77.0838 0.4390	
44.688090 277.103375	6.76e-01  8.72e-01  6.23e+02	18.5317 56.2493 0.0102	
44.688090 277.103375	7.85e-01  8.74e-01  6.01e+02	20.6614 72.7691 0.8015	
44.688090 277.103375	7.15e-01  8.80e-01  6.13e+02	-5.4527 66.7422 0.0276	
44.688090 277.103375	8.45e-01  9.44e-01  5.74e+02	8.1632 90.9466 0.6861	
44.688090 277.103375	6.85e-01  9.01e-01  6.14e+02	-25.2359 61.3869 0.5858	
44.688090 277.103375	7.19e-01  8.38e-01  6.22e+02	25.5664 53.7046 0.4280	
44.688090 277.103375	6.06e-01  9.42e-01  6.18e+02	-4.3989 63.4442 0.7706	
44.688090 277.103375	6.48e-01  8.85e-01  6.25e+02	-7.2996 57.0874 0.8595	
44.688090 277.103375	7.42e-01  8.78e-01  6.09e+02	-1.6845 70.3101 0.8651	
44.688090 277.103375	7.89e-01  8.58e-01  6.04e+02	-19.2957 71.2876 0.0989	
44.688090 277.103375	6.93e-01  9.75e-01  5.95e+02	-29.6556 73.8877 0.3946	
44.688090 277.103375	6.80e-01  8.34e-01  6.31e+02	35.6999 36.5571 0.3502	
44.688090 277.103375	6.87e-01  9.54e-01  6.01e+02	3.3625 75.7701 0.8633	
44.688090 277.103375	6.75e-01  9.51e-01  6.04e+02	19.9051 71.0894 0.9846	
44.688090 277.103375	8.29e-01  8.74e-01  5.92e+02	31.3188 74.8498 0.7430	
44.688090 277.103375	8.12e-01  9.67e-01  5.76e+02	-32.6573 84.5504 0.1390	
44.688090 277.103375	7.43e-01  9.01e-01  6.03e+02	-10.0799 73.6039 0.8191	
44.688090 277.103375	8.04e-01  8.66e-01  5.99e+02	6.6440 76.5785 0.6069	
44.688090 277.103375	7.82e-01  8.86e-01  5.99e+02	39.5531 66.0992 0.6250	
44.688090 277.103375	7.02e-01  8.17e-01  6.31e+02	16.3091 48.9392 0.3939	
44.688090 277.103375	7.62e-01  9.65e-01  5.85e+02	27.7112 80.8112 0.0170	
44.688090 277.103375	6.82e-01  8.64e-01  6.23e+02	32.0780 48.9907 0.1583	
44.688090 277.103375	8.18e-01  8.50e-01  6.00e+02	14.9092 75.0871 0.2267	
44.688090 277.103375	7.72e-01  9.17e-01  5.94e+02	-33.8525 72.5197 0.1270	
44.688090 277.103375	6.58e-01  8.80e-01  6.24e+02	-4.5578 57.8299 0.7643	
44.688090 277.103375	6.69e-01  8.80e-01  6.22e+02	4.8096 59.6203 0.0911	
44.688090 277.103375	8.46e-01  8.82e-01  5.87e+02	41.7088 73.1253 0.3559	
44.688090 277.103375	7.86e-01  8.65e-01  6.03e+02	-32.7837 66.7643 0.2291	
44.688090 277.103375	6.93e-01  8.28e-01  6.30e+02	7.1032 51.7814 0.4754	
44.688090 277.103375	7.18e-01  7.34e-01  6.47e+02	-7.6927 29.7465 0.4045	
44.688090 277.103375	7.43e-01  8.50e-01  6.15e+02	4.6491 65.6697 0.9336	
44.688090 277.103375	7.55e-01  8.99e-01  6.01e+02	-12.5437 74.3902 0.2085	
44.688090 277.103375	8.23e-01  9.39e-01  5.80e+02	-44.4728 76.5026 0.7177	
44.688090 277.103375	6.28e-01  8.70e-01  6.32e+02	14.4526 48.1650 0.3614	
44.688090 277.103375	7.99e-01  8.76e-01  5.98e+02	-1.2919 77.7433 0.7245	
44.688090 277.103375	5.44e-01  9.54e-01  6.24e+02	-14.4455 55.9798 0.6984	
44.688090 277.103375	5.97e-01  9.25e-01  6.23e+02	-3.1721 58.5492 0.1411	
44.688090 277.103375	8.24e-01  9.74e-01  5.72e+02	17.5523 90.8348 0.5771	
44.688090 277.103375	7.93e-01  8.99e-01  5.94e+02	2.1089 80.0403 0.8919	
44.688090 277.103375	7.45e-01  7.89e-01  6.28e+02	-3.8720 54.0116 0.4180	
44.688090 277.103375	8.04e-01  9.42e-01  5.82e+02	25.4133 83.0693 0.6981	
44.688090 277.103375	7.13e-01  8.61e-01  6.18e+02	-5.9257 62.8207 0.4402	
44.688090 277.103375	6.53e-01  9.18e-01  6.16e+02	-34.1279 55.4855 0.5484	
44.688090 277.103375	7.12e-01  8.67e-01  6.17e+02	-14.9462 62.1644 0.5689	
44.688090 277.103375	7.86e-01  8.67e-01  6.02e+02	-27.6450 69.3970 0.5784	
44.688090 277.103375	7.52e-01  8.41e-01  6.15e+02	7.0529 65.1295 0.8891	
44.688090 277.103375	7.71e-01  8.74e-01  6.04e+02	-23.5534 69.8936 0.1406	
44.688090 277.103375	8.13e-01  9.26e-01  5.84e+02	-24.9849 82.2387 0.8151	
44.688090 277.103375	8.41e-01  9.00e-01  5.84e+02	2.4893 85.8409 0.1916	
44.688090 277.103375	5.71e-01  9.13e-01  6.31e+02	21.7356 46.5561 0.7647	
44.688090 277.103375	8.14e-01  8.85e-01  5.93e+02	-14.6384 79.4549 0.5899	
44.688090 277.103375	7.93e-01  8.46e-01  6.06e+02	5.5932 72.3117 0.1457	
44.688090 277.103375	7.30e-01  9.91e-01  5.85e+02	41.8794 74.7736 0.0618	
44.688090 277.103375	6.61e-01  9.29e-01  6.11e+02	-39.6996 55.7645 0.3827	
44.688090 277.103375	6.50e-01  9.17e-01  6.16e+02	-15.4981 62.7620 0.0803	
44.688090 277.103375	6.45e-01  9.03e-01  6.21e+02	15.5031 59.1010 0.0249	
44.688090 277.103375	7.28e-01  8.55e-01  6.17e+02	13.4665 62.8733 0.7113	
44.688090 277.103375	7.85e-01  9.58e-01  5.82e+02	26.8666 82.7133 0.7939	
44.688090 277.103375	5.01e-01  9.14e-01  6.42e+02	4.1571 38.4917 0.7697	
44.688090 277.103375	6.83e-01  8.84e-01  6.18e+02	-17.4975 60.3914 0.3626	
44.688090 277.103375	7.93e-01  8.43e-01  6.06e+02	-9.9023 71.2962 0.6485	
44.688090 277.103375	7.35e-01  9.05e-01  6.04e+02	11.2723 72.9873 0.3996	
44.688090 277.103375	7.27e-01  9.29e-01  5.99e+02	2.4143 76.6467 0.0918	
44.688090 277.103375	7.72e-01  8.26e-01  6.14e+02	26.8131 60.3735 0.5197	
44.688090 277.103375	7.03e-01  9.14e-01  6.07e+02	31.4111 63.9248 0.4677	
44.688090 277.103375	7.44e-01  8.42e-01  6.16e+02	26.3268 58.8666 0.1602	
44.688090 277.103375	7.80e-01  9.05e-01  5.95e+02	13.0962 78.2792 0.4422	
44.688090 277.103375	8.25e-01  9.39e-01  5.79e+02	-11.7874 87.8094 0.4391	
44.688090 277.103375	7.03e-01  9.36e-01  6.02e+02	-14.4853 73.4296 0.5595	
44.688090 277.103375	7.61e-01  9.46e-01  5.90e+02	41.3724 71.6424 0.9723	
44.688090 277.103375	7.76e-01  9.21e-01  5.92e+02	-6.0187 80.9399 0.4967	
44.688090 277.103375	7.75e-01  8.61e-01  6.06e+02	4.6249 72.2173 0.5719	
44.688090 277.103375	7.62e-01  8.77e-01  6.05e+02	-22.6732 69.4019 0.1500	
44.688090 277.103375	6.65e-01  9.11e-01  6.15e+02	-20.9738 62.1406 0.1543	
44.688090 277.103375	7.23e-01  9.91e-01  5.86e+02	-9.9466 84.3561 0.8070	
44.688090 277.103375	6.63e-01  9.48e-01  6.06e+02	-6.4908 71.6313 0.6877	
44.688090 277.103375	7.18e-01  8.07e-01  6.30e+02	-21.0393 48.2176 0.3949	
44.688090 277.103375	7.84e-01  8.84e-01  5.99e+02	13.9020 75.7002 0.7317	
44.688090 277.103375	8.21e-01  8.28e-01  6.04e+02	-8.8536 73.3589 0.9838	
44.688090 277.103375	7.28e-01  8.91e-01  6.08e+02	-2.9946 70.6892 0.3652	
44.688090 277.103375	7.28e-01  9.20e-01  6.01e+02	-9.5061 74.7424 0.2447	
44.688090 277.103375	7.93e-01  9.34e-01  5.86e+02	39.3177 75.1050 0.8144	
44.688090 277.103375	7.15e-01  8.55e-01  6.19e+02	-4.0872 62.0541 0.7515	
44.688090 277.103375	7.16e-01  8.97e-01  6.09e+02	29.3452 63.6633 0.8011	
44.688090 277.103375	6.73e-01  9.78e-01  5.97e+02	3.8496 77.8762 0.9907	
44.688090 277.103375	7.92e-01  8.57e-01  6.03e+02	15.5889 72.4505 0.8830	
44.688090 277.103375	6.09e-01  9.54e-01  6.14e+02	-23.4439 62.2744 0.7240	
44.688090 277.103375	7.41e-01  9.42e-01  5.94e+02	1.7287 79.9937 0.5057	
44.688090 277.103375	8.70e-01  9.17e-01  5.75e+02	23.1752 87.7973 0.7321	
44.688090 277.103375	7.14e-01  9.50e-01  5.97e+02	-13.6796 77.0803 0.4607	
44.688090 277.103375	7.51e-01  9.70e-01  5.86e+02	-22.7005 81.9837 0.9841	
44.688090 277.103375	6.85e-01  8.72e-01  6.21e+02	-7.1370 60.4309 0.1723	
44.688090 277.103375	7.06e-01  8.87e-01  6.13e+02	-17.1719 64.5812 0.6888	
44.688090 277.103375	7.48e-01  9.45e-01  5.92e+02	5.5132 81.2145 0.1327	
44.688090 277.103375	7.39e-01  9.23e-01  5.99e+02	5.6515 76.8508 0.0930	
44.688090 277.103375	8.38e-01  8.51e-01  5.95e+02	41.2637 67.8315 0.3458	
44.688090 277.103375	6.72e-01  9.09e-01  6.14e+02	22.4053 62.2002 0.4717	
44.688090 277.103375	7.52e-01  9.14e-01  5.98e+02	7.5454 76.9054 0.9614	
44.688090 277.103375	7.55e-01  7.64e-01  6.32e+02	3.4946 50.3670 0.0314	
44.688090 277.103375	7.22e-01  8.72e-01  6.14e+02	-27.1684 60.7229 0.4071	
44.688090 277.103375	8.17e-01  9.17e-01  5.86e+02	-50.6058 68.4363 0.6763	
44.688090 277.103375	7.29e-01  9.09e-01  6.04e+02	-19.1712 71.1773 0.0819	
44.688090 277.103375	6.83e-01  9.70e-01  5.98e+02	9.1102 77.3382 0.5900	
44.688090 277.103375	5.94e-01  9.80e-01  6.10e+02	-1.2179 69.5853 0.2694	
44.688090 277.103375	7.32e-01  8.42e-01  6.19e+02	-12.2601 61.2106 0.2309	
44.688090 277.103375	8.38e-01  9.64e-01  5.72e+02	22.4578 89.9378 0.2570	
44.688090 277.103375	6.29e-01  9.77e-01  6.05e+02	47.8437 55.2588 0.7008	
44.688090 277.103375	6.83e-01  8.98e-01  6.15e+02	-25.9824 60.3285 0.5796	
44.688090 277.103375	8.02e-01  9.36e-01  5.84e+02	13.4665 84.9228 0.5549	
44.688090 277.103375	6.63e-01  8.12e-01  6.40e+02	-22.9891 33.7440 0.7315	
44.688090 277.103375	7.95e-01  9.34e-01  5.86e+02	-28.2781 80.0285 0.8948	
44.688090 277.103375	7.44e-01  7.78e-01  6.31e+02	31.9567 40.1352 0.4383	
44.688090 277.103375	6.00e-01  9.45e-01  6.18e+02	12.2644 62.3215 0.4907	
44.688090 277.103375	6.46e-01  9.22e-01  6.16e+02	24.8710 60.1203 0.8669	
44.688090 277.103375	5.90e-01  9.25e-01  6.25e+02	-6.7418 57.0392 0.5806	
44.688090 277.103375	7.34e-01  8.43e-01  6.18e+02	8.3327 62.4241 0.8303	
44.688090 277.103375	8.12e-01  9.44e-01  5.81e+02	-35.0137 80.5966 0.9112	
44.688090 277.103375	5.50e-01  9.27e-01  6.31e+02	-21.5872 47.1817 0.5121	
44.688090 277.103375	6.68e-01  9.15e-01  6.14e+02	22.1114 62.8544 0.9537	
44.688090 277.103375	7.88e-01  9.14e-01  5.92e+02	-7.2305 81.2652 0.4076	
44.688090 277.103375	6.49e-01  9.68e-01  6.04e+02	28.0763 68.2280 0.1055	
44.688090 277.103375	7.32e-01  9.40e-01  5.96e+02	-19.3079 76.4320 0.7407	
44.688090 277.103375	7.14e-01  9.50e-01  5.97e+02	8.5754 77.7723 0.7074	
44.688090 277.103375	7.43e-01  8.89e-01  6.06e+02	2.8386 72.4266 0.0471	
44.688090 277.103375	7.50e-01  8.76e-01  6.08e+02	17.1270 69.0395 0.2959	
44.688090 277.103375	6.74e-01  9.76e-01  5.98e+02	-20.5324 75.0795 0.9185	
44.688090 277.103375	7.67e-01  9.49e-01  5.88e+02	22.7988 80.7369 0.3675	
44.688090 277.103375	7.19e-01  8.61e-01  6.17e+02	-23.4171 59.6144 0.5746	
44.688090 277.103375	7.75e-01  9.18e-01  5.93e+02	8.0336 80.2081 0.9608	
44.688090 277.103375	8.04e-01  9.10e-01  5.89e+02	-25.9978 78.6785 0.1755	
44.688090 277.103375	7.50e-01  7.90e-01  6.27e+02	-6.2294 54.9915 0.9066	
44.688090 277.103375	7.70e-01  8.29e-01  6.14e+02	33.4071 57.3101 0.6929	
44.688090 277.103375	6.63e-01  8.74e-01  6.25e+02	-38.3686 42.8042 0.8075	
44.688090 277.103375	8.04e-01  8.89e-01  5.94e+02	-14.6586 78.8602 0.6610	
44.688090 277.103375	8.35e-01  8.96e-01  5.86e+02	-8.2819 84.2007 0.7792	
44.688090 277.103375	7.01e-01  8.80e-01  6.16e+02	-0.9766 64.9075 0.4324	
44.688090 277.103375	7.53e-01  8.84e-01  6.05e+02	-23.9178 69.0146 0.6425	
44.688090 277.103375	7.33e-01  8.92e-01  6.07e+02	30.2694 64.8456 0.9105	
44.688090 277.103375	7.96e-01  8.56e-01  6.03e+02	-3.2117 74.4588 0.1617	
44.688090 277.103375	7.49e-01  9.09e-01  6.00e+02	-28.5215 70.7243 0.3998	
44.688090 277.103375	8.02e-01  9.49e-01  5.81e+02	23.1527 84.3928 0.2234	
44.688090 277.103375	8.47e-01  8.83e-01  5.87e+02	21.0935 81.7335 0.1855	
44.688090 277.103375	6.66e-01  9.59e-01  6.03e+02	0.4209 74.2209 0.1316	
44.688090 277.103375	7.29e-01  8.73e-01  6.12e+02	18.7506 65.0562 0.4008	
44.688090 277.103375	8.33e-01  9.52e-01  5.75e+02	11.8427 90.1456 0.6858	
44.688090 277.103375	5.78e-01  9.80e-01  6.12e+02	19.9053 64.8226 0.8806	
44.688090 277.103375	7.10e-01  9.05e-01  6.08e+02	-44.2044 54.9680 0.3572	
44.688090 277.103375	7.49e-01  8.49e-01  6.14e+02	33.2579 57.6006 0.7974	
44.688090 277.103375	7.70e-01  8.74e-01  6.04e+02	38.2278 63.0026 0.6484	
44.688090 277.103375	6.92e-01  8.93e-01  6.15e+02	-1.0815 65.8237 0.0814	
44.688090 277.103375	8.42e-01  8.81e-01  5.88e+02	-26.4038 79.3776 0.6473	
44.688090 277.103375	7.16e-01  8.47e-01  6.21e+02	-0.8163 60.8635 0.8892	
44.688090 277.103375	7.33e-01  8.76e-01  6.11e+02	-15.1730 67.0176 0.5053	
44.688090 277.103375	7.68e-01  9.00e-01  5.98e+02	-23.6108 73.6165 0.3903	
44.688090 277.103375	7.32e-01  8.22e-01  6.23e+02	-25.2098 52.8745 0.8121	
44.688090 277.103375	6.84e-01  9.34e-01  6.06e+02	12.9054 71.0979 0.6472	
44.688090 277.103375	7.76e-01  8.17e-01  6.15e+02	-7.5725 64.8924 0.2136	
44.688090 277.103375	7.70e-01  9.38e-01  5.90e+02	-17.0369 80.9469 0.7192	
44.688090 277.103375	6.92e-01  9.59e-01  5.99e+02	14.8829 75.6387 0.9771	
44.688090 277.103375	7.08e-01  8.26e-01  6.27e+02	2.6141 54.8452 0.8557	
44.688090 277.103375	7.34e-01  8.91e-01  6.07e+02	-4.3045 71.3533 0.6785	
44.688090 277.103375	6.40e-01  9.22e-01  6.17e+02	-6.9914 63.7112 0.9742	
44.688090 277.103375	7.19e-01  9.52e-01  5.96e+02	-56.1546 55.7847 0.6522	
44.688090 277.103375	6.94e-01  9.56e-01  5.99e+02	-4.9610 76.7574 0.1152	
44.688090 277.103375	8.00e-01  8.51e-01  6.03e+02	-15.3247 72.7920 0.6351	
44.688090 277.103375	8.05e-01  8.95e-01  5.93e+02	17.5871 79.0569 0.2809	
44.688090 277.103375	6.84e-01  9.79e-01  5.95e+02	-23.2043 75.8848 0.0111	
44.688090 277.103375	7.19e-01  8.49e-01  6.20e+02	-2.0094 61.6289 0.6474	
44.688090 277.103375	6.27e-01  9.40e-01  6.15e+02	0.2394 65.9488 0.3337	
44.688090 277.103375	6.75e-01  8.79e-01  6.21e+02	-9.7970 59.8348 0.2512	
44.688090 277.103375	7.44e-01  9.76e-01  5.86e+02	-18.0362 83.1869 0.7380	
44.688090 277.103375	6.96e-01  7.92e-01  6.38e+02	-4.8077 43.1750 0.8878	
44.688090 277.103375	7.09e-01  9.22e-01  6.04e+02	0.9070 73.2698 0.9754	
44.688090 277.103375	7.22e-01  8.46e-01  6.20e+02	5.8526 61.4417 0.4924	
44.688090 277.103375	6.55e-01  8.53e-01  6.31e+02	7.2875 50.5242 0.2793	
44.688090 277.103375	7.75e-01  9.78e-01  5.80e+02	-28.2615 83.6805 0.8763	
44.688090 277.103375	8.21e-01  9.08e-01  5.87e+02	70.5810 46.4702 0.7318	
44.688090 277.103375	8.42e-01  9.15e-01  5.81e+02	33.2702 81.1024 0.8087	
44.688090 277.103375	8.23e-01  9.07e-01  5.86e+02	-22.7042 81.5853 0.4155	
44.688090 277.103375	6.88e-01  9.39e-01  6.04e+02	-30.7911 66.6843 0.4400	
44.688090 277.103375	8.25e-01  9.05e-01  5.86e+02	32.0812 78.3711 0.6209	
44.688090 277.103375	7.33e-01  8.37e-01  6.20e+02	16.2022 59.5096 0.4423	
44.688090 277.103375	7.75e-01  8.82e-01  6.01e+02	-15.2695 73.8477 0.3908	
44.688090 277.103375	7.71e-01  8.79e-01  6.03e+02	55.1956 50.1011 0.7111	
44.688090 277.103375	7.27e-01  8.49e-01  6.18e+02	27.7749 56.4334 0.4805	
44.688090 277.103375	6.94e-01  9.37e-01  6.04e+02	-43.8820 59.4232 0.6137	
44.688090 277.103375	7.34e-01  8.57e-01  6.15e+02	29.3676 58.7251 0.6250	
44.688090 277.103375	7.72e-01  9.06e-01  5.96e+02	-5.8402 78.3707 0.2333	
44.688090 277.103375	8.57e-01  9.14e-01  5.78e+02	41.5682 78.8624 0.4379	
44.688090 277.103375	8.06e-01  8.81e-01  5.95e+02	26.9663 74.5852 0.9283	
44.688090 277.103375	6.97e-01  8.52e-01  6.23e+02	8.0594 58.0354 0.0188	
44.688090 277.103375	6.89e-01  8.92e-01  6.15e+02	0.6381 65.2885 0.6075	
44.688090 277.103375	6.80e-01  9.69e-01  5.98e+02	16.5066 75.5352 0.3847	
44.688090 277.103375	6.90e-01  9.17e-01  6.09e+02	40.7844 57.0488 0.7621	
44.688090 277.103375	7.29e-01  9.24e-01  6.00e+02	-12.3804 75.1461 0.1438	
44.688090 277.103375	6.88e-01  8.49e-01  6.26e+02	10.4847 55.2781 0.9482	
44.688090 277.103375	7.66e-01  9.30e-01  5.92e+02	-20.0835 78.6352 0.0490	
44.688090 277.103375	6.60e-01  8.89e-01  6.22e+02	-25.0364 54.7856 0.4961	
44.688090 277.103375	7.48e-01  8.91e-01  6.04e+02	-12.8089 72.2433 0.8975	
44.688090 277.103375	7.38e-01  8.34e-01  6.19e+02	8.8403 61.3763 0.4964	
44.688090 277.103375	6.91e-01  9.37e-01  6.04e+02	-9.5705 72.8926 0.7839	
44.688090 277.103375	7.96e-01  9.72e-01  5.77e+02	5.2988 89.4647 0.8296	
44.688090 277.103375	6.75e-01  8.61e-01  6.25e+02	-7.5224 56.3368 0.9459	
44.688090 277.103375	6.22e-01  8.50e-01  6.38e+02	-16.4957 39.7289 0.4136	
44.688090 277.103375	6.69e-01  9.63e-01  6.02e+02	-18.6317 72.8012 0.2101	
44.688090 277.103375	7.53e-01  8.53e-01  6.12e+02	5.7387 67.6407 0.3503	
44.688090 277.103375	8.03e-01  9.50e-01  5.81e+02	28.3453 82.9767 0.6667	
44.688090 277.103375	7.83e-01  9.14e-01  5.92e+02	5.9178 80.8546 0.0451	
44.688090 277.103375	7.36e-01  9.37e-01  5.96e+02	47.6080 62.6959 0.4097	
44.688090 277.103375	9.14e-01  9.32e-01  5.64e+02	-18.5419 94.7711 0.1626	
44.688090 277.103375	5.44e-01  9.45e-01  6.27e+02	-8.3493 54.8721 0.2154	
44.688090 277.103375	7.81e-01  9.23e-01  5.91e+02	29.7369 76.4111 0.9289	
44.688090 277.103375	8.27e-01  9.35e-01  5.80e+02	-20.4499 86.0093 0.2663	
44.688090 277.103375	5.74e-01  8.70e-01  6.42e+02	10.6078 37.0277 0.2288	
44.688090 277.103375	7.81e-01  8.47e-01  6.08e+02	32.8089 62.9806 0.4804	
44.688090 277.103375	7.88e-01  9.36e-01  5.87e+02	-48.0200 69.4883 0.1264	
44.688090 277.103375	7.72e-01  8.08e-01  6.18e+02	5.5879 62.7159 0.4951	
44.688090 277.103375	8.24e-01  8.76e-01  5.93e+02	4.5300 80.7683 0.6449	
44.688090 277.103375	7.74e-01  9.18e-01  5.93e+02	-23.4261 77.0109 0.9685	
44.688090 277.103375	6.95e-01  8.44e-01  6.26e+02	-4.5103 56.2340 0.3696	
44.688090 277.103375	6.89e-01  9.49e-01  6.02e+02	12.9245 74.0844 0.6651	
44.688090 277.103375	6.34e-01  9.07e-01  6.22e+02	10.2002 59.2067 0.7944	
44.688090 277.103375	7.00e-01  9.40e-01  6.02e+02	7.0903 74.6569 0.7384	
44.688090 277.103375	6.64e-01  9.37e-01  6.09e+02	-27.3606 64.6748 0.9699	
44.688090 277.103375	7.22e-01  9.50e-01  5.96e+02	-9.4262 78.4866 0.3293	
44.688090 277.103375	7.21e-01  9.02e-01  6.07e+02	12.8897 70.4913 0.4620	
44.688090 277.103375	6.86e-01  8.36e-01  6.29e+02	29.0660 44.2666 0.6977	
44.688090 277.103375	6.69e-01  9.57e-01  6.03e+02	2.4869 74.1851 0.7076	
44.688090 277.103375	6.75e-01  9.17e-01  6.12e+02	-13.5461 66.8036 0.6408	
44.688090 277.103375	8.67e-01  9.38e-01  5.72e+02	-24.6869 89.3749 0.2824	
44.688090 277.103375	8.11e-01  8.55e-01  6.00e+02	38.7160 65.7883 0.3823	
44.688090 277.103375	7.24e-01  9.14e-01  6.04e+02	-23.3296 70.0573 0.9812	
44.688090 277.103375	7.44e-01  9.54e-01  5.91e+02	6.6714 81.8244 0.7859	
44.688090 277.103375	6.84e-01  9.14e-01  6.11e+02	-9.4978 68.0310 0.1153	
44.688090 277.103375	7.29e-01  9.49e-01  5.95e+02	18.7122 77.5003 0.2132	
44.688090 277.103375	7.54e-01  8.80e-01  6.06e+02	19.8539 69.5679 0.5797	
44.688090 277.103375	7.50e-01  8.28e-01  6.19e+02	23.5034 58.1965 0.4459	
44.688090 277.103375	7.83e-01  8.94e-01  5.97e+02	23.4280 74.5656 0.5971	
44.688090 277.103375	6.88e-01  9.44e-01  6.03e+02	-18.2550 72.1138 0.9390	
44.688090 277.103375	7.64e-01  8.55e-01  6.09e+02	-33.7453 61.1804 0.8084	
44.688090 277.103375	6.67e-01  8.98e-01  6.18e+02	-40.1977 48.8338 0.8034	
44.688090 277.103375	8.53e-01  9.24e-01  5.77e+02	23.3416 86.7340 0.7337	
44.688090 277.103375	6.93e-01  8.29e-01  6.30e+02	21.7830 47.8168 0.9255	
44.688090 277.103375	8.59e-01  8.90e-01  5.83e+02	13.9833 85.5154 0.1043	
44.688090 277.103375	6.27e-01  8.68e-01  6.33e+02	19.3682 45.6785 0.7553	
44.688090 277.103375	6.34e-01  9.11e-01  6.21e+02	5.7723 60.7070 0.5776	
44.688090 277.103375	5.17e-01  9.17e-01  6.39e+02	-23.9033 35.5107 0.1885	
44.688090 277.103375	6.89e-01  9.44e-01  6.03e+02	-20.8140 71.4773 0.8223	
44.688090 277.103375	7.14e-01  9.47e-01  5.98e+02	-10.1071 77.1572 0.5659	
44.688090 277.103375	7.64e-01  9.07e-01  5.98e+02	40.0921 66.6244 0.0514	
44.688090 277.103375	7.57e-01  9.23e-01  5.95e+02	-9.8966 78.6013 0.4533	
44.688090 277.103375	7.36e-01  8.83e-01  6.08e+02	-19.9063 67.6328 0.3084	
44.688090 277.103375	9.28e-01  9.35e-01  5.61e+02	0.8587 98.1497 0.4879	
44.688090 277.103375	7.74e-01  9.40e-01  5.88e+02	-23.1786 80.1871 0.6479	
44.688090 277.103375	6.26e-01  8.90e-01  6.27e+02	3.0846 54.8978 0.4617	
44.688090 277.103375	5.38e-01  9.35e-01  6.30e+02	-0.4664 51.9162 0.2733	
44.688090 277.103375	8.84e-01  9.30e-01  5.70e+02	-8.9985 93.0678 0.6370	
44.688090 277.103375	6.05e-01  8.98e-01  6.29e+02	12.5562 51.6967 0.9083	
44.688090 277.103375	6.61e-01  9.21e-01  6.13e+02	45.0974 49.3109 0.3118	
44.688090 277.103375	7.82e-01  8.40e-01  6.09e+02	-34.3018 61.0152 0.7809	
44.688090 277.103375	8.24e-01  9.34e-01  5.81e+02	-13.9347 86.8611 0.2777	
44.688090 277.103375	7.75e-01  9.26e-01  5.91e+02	32.6997 74.9466 0.4918	
44.688090 277.103375	7.30e-01  8.58e-01  6.16e+02	-6.9538 64.8084 0.2929	
44.688090 277.103375	6.94e-01  9.63e-01  5.97e+02	21.5475 75.0509 0.2590	
44.688090 277.103375	7.34e-01  8.78e-01  6.10e+02	3.8616 69.1932 0.4844	
44.688090 277.103375	7.69e-01  9.26e-01  5.93e+02	18.5866 78.8174 0.3323	
44.688090 277.103375	6.99e-01  8.98e-01  6.12e+02	19.5427 64.9391 0.1724	
44.688090 277.103375	7.80e-01  9.82e-01  5.78e+02	18.7385 87.3218 0.7934	
44.688090 277.103375	7.64e-01  9.10e-01  5.97e+02	-28.3699 72.8640 0.7230	
44.688090 277.103375	8.56e-01  9.33e-01  5.75e+02	40.9827 81.3102 0.9588	
44.688090 277.103375	7.68e-01  9.13e-01  5.96e+02	0.4268 79.1179 0.4811	
44.688090 277.103375	9.53e-01  9.65e-01  5.50e+02	29.1644 98.7108 0.4176	
44.688090 277.103375	7.02e-01  9.35e-01  6.02e+02	-51.0555 54.4419 0.5247	
44.688090 277.103375	7.28e-01  7.95e-01  6.30e+02	-36.7971 36.6573 0.1011	
44.688090 277.103375	7.96e-01  8.95e-01  5.94e+02	-1.5495 79.9240 0.8930	
44.688090 277.103375	6.50e-01  8.82e-01  6.25e+02	-7.8263 56.4607 0.4671	
44.688090 277.103375	8.73e-01  9.20e-01  5.74e+02	12.3930 90.6439 0.6744	
44.688090 277.103375	6.28e-01  9.05e-01  6.23e+02	3.5439 58.6070 0.5622	
44.688090 277.103375	7.76e-01  8.25e-01  6.14e+02	-29.0131 59.8368 0.0845	
44.688090 277.103375	7.79e-01  8.47e-01  6.08e+02	-5.6365 70.3286 0.1045	
44.688090 277.103375	7.26e-01  9.05e-01  6.05e+02	-6.9690 72.3050 0.8571	
44.688090 277.103375	7.24e-01  9.31e-01  6.00e+02	37.5873 66.6884 0.6600	
44.688090 277.103375	9.03e-01  9.63e-01  5.60e+02	-12.6386 97.7038 0.8109	
44.688090 277.103375	7.81e-01  9.47e-01  5.85e+02	-29.5355 79.9068 0.0866	
44.688090 277.103375	8.29e-01  9.85e-01  5.69e+02	-30.6738 89.0278 0.4723	
44.688090 277.103375	6.02e-01  8.82e-01  6.34e+02	2.7061 48.2629 0.9503	
44.688090 277.103375	6.64e-01  9.43e-01  6.07e+02	4.3206 71.0889 0.4905	
44.688090 277.103375	8.22e-01  9.28e-01  5.82e+02	-22.4180 84.1127 0.0277	
44.688090 277.103375	6.96e-01  9.54e-01  5.99e+02	-9.8437 76.3009 0.2863	
44.688090 277.103375	7.19e-01  8.30e-01  6.24e+02	15.8698 55.4719 0.4831	
44.688090 277.103375	7.36e-01  8.65e-01  6.13e+02	12.2620 66.1604 0.3347	
44.688090 277.103375	7.46e-01  8.23e-01  6.20e+02	7.2696 60.8647 0.6350	
44.688090 277.103375	7.76e-01  8.99e-01  5.97e+02	14.8304 76.5970 0.2295	
44.688090 277.103375	7.18e-01  9.78e-01  5.90e+02	35.3673 74.6849 0.2375	
44.688090 277.103375	8.28e-01  9.60e-01  5.74e+02	-35.2432 84.2275 0.0734	
44.688090 277.103375	8.24e-01  9.38e-01  5.80e+02	-19.7375 86.1211 0.0414	
44.688090 277.103375	5.92e-01  9.32e-01  6.22e+02	22.0218 55.2663 0.3236	
44.688090 277.103375	8.13e-01  8.36e-01  6.04e+02	-14.0982 72.5910 0.4561	
44.688090 277.103375	7.91e-01  9.67e-01  5.80e+02	20.5002 86.0914 0.5104	
44.688090 277.103375	8.10e-01  8.22e-01  6.07e+02	-38.6939 60.0651 0.2653	
44.688090 277.103375	7.84e-01  8.59e-01  6.04e+02	-0.4324 73.2733 0.2565	
44.688090 277.103375	7.40e-01  8.21e-01  6.22e+02	-7.6709 59.2184 0.9100	
44.688090 277.103375	7.76e-01  8.80e-01  6.01e+02	38.1888 64.9455 0.2877	
44.688090 277.103375	7.24e-01  8.74e-01  6.13e+02	15.0735 65.3693 0.9591	
44.688090 277.103375	7.45e-01  9.34e-01  5.95e+02	19.5314 76.9747 0.3683	
44.688090 277.103375	7.00e-01  9.24e-01  6.06e+02	-27.2072 67.1194 0.6723	
44.688090 277.103375	7.01e-01  9.44e-01  6.01e+02	19.1878 73.4136 0.8059	
44.688090 277.103375	6.10e-01  9.55e-01  6.13e+02	5.8487 66.5760 0.5281	
44.688090 277.103375	7.59e-01  8.76e-01  6.05e+02	14.3695 71.1497 0.1184	
44.688090 277.103375	7.05e-01  8.61e-01  6.20e+02	1.5694 61.8733 0.4031	
44.688090 277.103375	8.10e-01  9.41e-01  5.82e+02	-14.0175 86.2866 0.9917	
44.688090 277.103375	5.58e-01  9.14e-01  6.33e+02	-15.4071 47.0647 0.2226	
44.688090 277.103375	7.56e-01  9.73e-01  5.84e+02	-41.4418 75.1637 0.8073	
44.688090 277.103375	7.42e-01  9.18e-01  5.99e+02	-0.1376 76.6941 0.4861	
44.688090 277.103375	7.64e-01  9.87e-01  5.80e+02	-11.8786 87.5794 0.0628	
44.688090 277.103375	7.65e-01  9.37e-01  5.91e+02	18.1240 79.9961 0.5935	
44.688090 277.103375	7.60e-01  9.00e-01  6.00e+02	5.7923 75.9265 0.9899	
44.688090 277.103375	7.51e-01  8.69e-01  6.09e+02	-1.3014 70.2510 0.8341	
44.688090 277.103375	7.38e-01  8.25e-01  6.21e+02	9.1699 59.5950 0.2006	
44.688090 277.103375	7.34e-01  9.32e-01  5.98e+02	-10.3074 77.1432 0.4173	
44.688090 277.103375	8.94e-01  9.43e-01  5.66e+02	-6.2429 95.5337 0.4451	
44.688090 277.103375	7.76e-01  8.83e-01  6.01e+02	0.8298 75.6824 0.8850	
44.688090 277.103375	6.30e-01  9.76e-01  6.05e+02	-27.5969 67.5580 0.6956	
44.688090 277.103375	6.98e-01  8.83e-01  6.16e+02	5.2926 64.8096 0.4721	
44.688090 277.103375	7.25e-01  9.47e-01  5.96e+02	-28.0802 73.9329 0.4448	
44.688090 277.103375	6.66e-01  8.76e-01  6.24e+02	-6.5908 58.1312 0.5757	
44.688090 277.103375	8.65e-01  9.40e-01  5.72e+02	3.5423 92.6678 0.9590	
44.688090 277.103375	6.80e-01  9.19e-01  6.10e+02	-22.5170 65.4015 0.7133	
44.688090 277.103375	7.32e-01  9.25e-01  6.00e+02	-4.8474 76.4579 0.9970	
44.688090 277.103375	6.79e-01  7.91e-01  6.42e+02	-8.5857 37.6578 0.8342	
44.688090 277.103375	6.16e-01  9.38e-01  6.17e+02	11.8368 63.1848 0.4646	
44.688090 277.103375	8.00e-01  9.04e-01  5.91e+02	-10.1414 81.0442 0.5626	
44.688090 277.103375	7.75e-01  9.40e-01  5.88e+02	-29.0182 78.3152 0.9681	
44.688090 277.103375	5.35e-01  9.74e-01  6.20e+02	-16.3798 59.0570 0.3006	
44.688090 277.103375	7.37e-01  9.08e-01  6.02e+02	-9.1508 74.0994 0.4130	
44.688090 277.103375	6.34e-01  8.99e-01  6.24e+02	0.3957 58.3366 0.0970	
44.688090 277.103375	8.02e-01  9.14e-01  5.89e+02	8.0120 82.7902 0.5141	
44.688090 277.103375	6.84e-01  9.93e-01  5.92e+02	35.9803 73.0464 0.3926	
44.688090 277.103375	6.32e-01  9.62e-01  6.08e+02	0.7538 70.7047 0.4707	
44.688090 277.103375	7.71e-01  8.78e-01  6.03e+02	-19.8667 71.6647 0.3888	
44.688090 277.103375	8.14e-01  9.26e-01  5.84e+02	-3.8883 85.8622 0.5247	
44.688090 277.103375	6.12e-01  9.14e-01  6.24e+02	-31.1172 49.3799 0.5543	
