#subID	 subGroupNr x	 y	 z	 vx	 yv	 yz	 vmax	 B_MAG V_MAG M_star
#subID	 groupID	 kpc	 kpc	 kpc	 km/s	 km/s	 km/s	 km/s	 mags mags 10^10Msun
454227 2476 77617.692427 84725.935502 74307.578347 109.140694 152.898941 -149.246964 147.217896 -2.070350e+01 -2.110811e+01 1.834548e+00
454228 2476 77432.639382 85030.156916 74310.968572 123.782990 15.202477 -189.604050 62.488754 -1.637457e+01 -1.666895e+01 2.472506e-02
454229 2476 77348.743786 85003.151634 74356.855913 199.192245 163.114853 -186.473328 55.248444 -1.470581e+01 -1.525931e+01 1.170440e-02
454230 2476 77627.724387 84848.799272 74146.467729 130.129791 -31.501606 -153.833252 47.540337 -1.370409e+01 -1.409614e+01 2.684996e-03
454231 2476 77454.262473 85168.590199 74280.739524 159.566971 51.844742 -286.059601 34.794575 -8.677687e+00 -9.238628e+00 8.909249e-05
454232 2476 77425.808993 84860.723322 74192.832253 207.014664 198.687561 -117.201447 29.326494 -9.361797e+00 -9.935492e+00 1.997425e-04
454233 2476 77721.946023 84901.783336 74331.210050 89.171898 246.406616 -136.608795 24.168310 -9.675650e+00 -1.016243e+01 9.058751e-05
454234 2476 77566.012296 84655.983665 74268.155185 38.619556 251.679779 -130.955582 15.492346 -1.274176e+01 -1.311969e+01 6.041583e-04
454235 2476 77329.772949 84753.917347 74282.498446 70.806000 111.907669 -140.351883 24.635885 1.000000e+37 1.000000e+37 0.000000e+00
454236 2476 77781.893643 84803.633256 74322.348855 179.771271 76.497231 -194.778351 22.325447 1.000000e+37 1.000000e+37 0.000000e+00
454237 2476 77559.853294 84775.312944 74379.705256 29.044640 189.172028 8.448362 19.940266 1.000000e+37 1.000000e+37 0.000000e+00
454238 2476 77434.170810 84651.794434 74307.245428 89.601547 166.488708 -260.511810 18.493763 1.000000e+37 1.000000e+37 0.000000e+00
454239 2476 77571.666371 84669.028542 74273.920233 50.955738 259.698700 -109.933197 13.821560 -1.369781e+01 -1.406232e+01 1.124360e-03
454240 2476 77653.070623 84775.823420 74214.949174 206.367752 176.349701 -284.358368 17.866184 1.000000e+37 1.000000e+37 0.000000e+00
454241 2476 77590.282093 84807.794744 74285.566850 100.932083 146.459747 -12.888144 21.381948 1.000000e+37 1.000000e+37 0.000000e+00
454242 2476 77439.991344 84835.327148 74128.806374 38.414921 104.916870 -181.230484 17.971613 1.000000e+37 1.000000e+37 0.000000e+00
454243 2476 77673.445268 84724.542791 74121.643066 170.903473 151.620361 -30.042204 12.961871 1.000000e+37 1.000000e+37 0.000000e+00
454244 2476 77625.915527 84724.687056 74408.330744 256.641357 159.406799 -150.727524 18.387743 1.000000e+37 1.000000e+37 0.000000e+00
454245 2476 77642.539284 84623.418635 74244.140625 78.464531 196.789581 -99.754692 19.206709 -9.175444e+00 -9.722429e+00 1.085161e-04
454246 2476 77508.095481 85092.917702 74361.716531 124.118530 17.842369 -204.928116 18.095663 1.000000e+37 1.000000e+37 0.000000e+00
454247 2476 77666.254217 84551.019842 74333.118786 44.933441 160.483109 -163.139816 17.731226 1.000000e+37 1.000000e+37 0.000000e+00
454248 2476 77465.065696 84817.948775 74199.068936 95.907486 248.262024 -142.254868 19.153521 -9.734401e+00 -1.029162e+01 2.269873e-04
454249 2476 77585.460316 84929.238059 74263.011586 139.731033 15.686225 -135.692032 13.943583 1.000000e+37 1.000000e+37 0.000000e+00
454250 2476 77782.792525 84590.032404 74340.226607 32.918701 107.241516 -240.728073 15.355441 1.000000e+37 1.000000e+37 0.000000e+00
454251 2476 77469.626687 84864.551891 74343.317205 129.315536 -21.482275 -146.017212 10.151859 1.000000e+37 1.000000e+37 0.000000e+00
454252 2476 77514.609597 84734.602495 74089.127974 172.571320 68.782234 -66.580208 10.939513 1.000000e+37 1.000000e+37 0.000000e+00
454253 2476 77802.928578 84699.324174 74433.000044 169.696350 155.269135 -141.062302 11.107408 1.000000e+37 1.000000e+37 0.000000e+00
454254 2476 77713.256836 84733.836781 74330.583052 248.150146 38.554169 -146.175140 13.625016 1.000000e+37 1.000000e+37 0.000000e+00
454255 2476 77641.324130 84623.157848 74455.227939 73.323891 31.227654 -265.793182 11.952059 1.000000e+37 1.000000e+37 0.000000e+00
454256 2476 77881.958008 84735.057484 74384.621360 208.385086 205.611771 -117.084160 8.522121 1.000000e+37 1.000000e+37 0.000000e+00
454257 2476 77575.089888 84884.449352 74210.976341 98.083405 -45.009174 -159.450516 13.090764 1.000000e+37 1.000000e+37 0.000000e+00
454258 2476 77692.909934 84688.215776 74229.947177 53.681782 303.837646 -279.634613 12.404087 1.000000e+37 1.000000e+37 0.000000e+00
454259 2476 77797.507546 84536.210494 74196.344549 171.159149 165.028061 -164.471191 10.418521 1.000000e+37 1.000000e+37 0.000000e+00
454260 2476 77532.454057 84797.834917 74191.300826 96.166672 168.951248 -73.971725 14.260345 1.000000e+37 1.000000e+37 0.000000e+00
454261 2476 77735.745517 84732.738148 74282.010165 190.001419 39.176620 -246.339447 10.191800 1.000000e+37 1.000000e+37 0.000000e+00
454262 2476 77471.884988 84766.190962 74301.014293 252.635269 229.052994 -140.980881 10.092374 1.000000e+37 1.000000e+37 0.000000e+00
454263 2476 77756.663929 84700.001110 74149.114435 111.325691 47.601124 -155.154663 12.813122 1.000000e+37 1.000000e+37 0.000000e+00
454264 2476 77641.346325 84865.312056 74269.780939 161.264847 225.107941 -182.449844 8.671935 1.000000e+37 1.000000e+37 0.000000e+00
454265 2476 77680.586381 84731.778232 74399.602717 74.227951 233.712250 -159.279968 12.379839 1.000000e+37 1.000000e+37 0.000000e+00
454266 2476 77515.874689 84757.512873 74202.808727 93.038391 137.761353 -36.171539 10.324726 1.000000e+37 1.000000e+37 0.000000e+00
454267 2476 77642.949885 84742.858887 74470.786355 140.590424 169.775604 -107.316483 8.344681 1.000000e+37 1.000000e+37 0.000000e+00
454268 2476 77706.942472 84548.833674 74350.347346 61.389793 133.614624 -244.752792 10.285763 1.000000e+37 1.000000e+37 0.000000e+00
454269 2476 77643.682306 84881.564054 74397.272283 -35.315189 192.472595 -97.393166 11.562001 1.000000e+37 1.000000e+37 0.000000e+00
454270 2476 77592.945446 84642.100941 74219.371449 91.475487 213.999619 -173.983597 8.974799 1.000000e+37 1.000000e+37 0.000000e+00
454271 2476 77613.886053 84672.102495 74149.730336 68.002136 204.217453 -195.588089 10.550801 1.000000e+37 1.000000e+37 0.000000e+00
454272 2476 77666.287509 84927.068537 74306.385387 20.742464 221.120728 -232.602173 6.629727 1.000000e+37 1.000000e+37 0.000000e+00
454273 2476 77706.459739 84667.441628 74283.175382 147.059311 185.641525 -319.344513 8.911143 1.000000e+37 1.000000e+37 0.000000e+00
454274 2476 77565.407493 84705.416593 74453.785289 -14.107567 189.310135 -105.453491 12.892652 1.000000e+37 1.000000e+37 0.000000e+00
454275 2476 77434.525923 84737.043901 74217.778986 73.130241 146.288422 -48.007904 9.344853 1.000000e+37 1.000000e+37 0.000000e+00
454276 2476 77612.715288 84945.689808 74162.148216 88.204613 -32.292072 -169.556824 5.476360 1.000000e+37 1.000000e+37 0.000000e+00
454277 2476 77435.757724 85078.829679 74342.274059 125.758705 -20.974277 -166.351852 10.811286 1.000000e+37 1.000000e+37 0.000000e+00
489707 4216 76250.138716 84840.470748 74143.565785 112.124878 147.313309 -169.189697 131.159607 -2.024196e+01 -2.060908e+01 1.146686e+00
489708 4216 76245.605469 84746.293501 74195.578835 117.192459 162.180496 -41.996101 63.626522 -1.671850e+01 -1.715201e+01 4.257779e-02
489709 4216 76383.206454 84945.129395 74221.979315 53.653980 221.658340 -154.449265 51.957642 -1.554908e+01 -1.586976e+01 1.273679e-02
489710 4216 76164.889249 84659.107555 74274.158825 83.383003 156.943878 -115.229691 22.739216 1.000000e+37 1.000000e+37 0.000000e+00
489711 4216 76293.196245 84831.232244 74252.796520 18.594921 154.215515 -216.430466 23.207691 1.000000e+37 1.000000e+37 0.000000e+00
489712 4216 76366.105513 84826.188521 74088.822798 95.228340 214.708786 -140.781097 18.515760 1.000000e+37 1.000000e+37 0.000000e+00
489713 4216 76343.983043 84729.974920 74163.235751 99.304207 165.691177 -74.237053 15.466459 1.000000e+37 1.000000e+37 0.000000e+00
489714 4216 76303.905140 84890.774814 74193.176270 214.372467 94.475861 -90.465668 21.017216 1.000000e+37 1.000000e+37 0.000000e+00
489715 4216 76160.289418 84934.942072 74109.563654 98.265396 90.992981 -192.299561 16.883324 -8.570509e+00 -9.133989e+00 8.312875e-05
489716 4216 76210.144043 84854.819558 74028.209339 124.623909 244.719772 -120.288963 19.349897 1.000000e+37 1.000000e+37 0.000000e+00
489717 4216 76276.627974 84756.802646 74061.262651 198.495270 253.866074 -128.815628 13.572781 1.000000e+37 1.000000e+37 0.000000e+00
489718 4216 76103.482333 84801.297275 74214.183461 52.270683 225.911606 -142.111694 15.380669 1.000000e+37 1.000000e+37 0.000000e+00
489719 4216 76205.682928 84710.210627 74204.551003 152.909958 204.020370 -91.761093 13.600892 1.000000e+37 1.000000e+37 0.000000e+00
489720 4216 76367.747914 84818.781072 74254.533248 157.731125 204.721176 -172.490250 11.110724 1.000000e+37 1.000000e+37 0.000000e+00
489721 4216 76207.158869 84785.905318 74189.941406 208.891754 165.543777 -33.635738 11.452483 1.000000e+37 1.000000e+37 0.000000e+00
489722 4216 76273.126776 84822.426536 74265.869141 103.929565 73.754318 -279.860596 9.070448 1.000000e+37 1.000000e+37 0.000000e+00
562148 11817 75183.715820 84906.494141 74024.047852 95.693657 163.714096 -155.258804 96.475189 -1.844811e+01 -1.899055e+01 4.151244e-01
562149 11817 75173.245517 84980.907093 74012.107156 155.870499 183.655579 -152.390778 26.146328 1.000000e+37 1.000000e+37 0.000000e+00
562150 11817 75119.856401 84850.868919 73920.587713 96.331657 210.849350 -157.826050 20.412529 1.000000e+37 1.000000e+37 0.000000e+00
562151 11817 75161.277077 84821.039373 74021.539862 175.945114 134.609604 -195.080994 12.584339 1.000000e+37 1.000000e+37 0.000000e+00
562152 11817 75159.573642 84829.656428 74039.273349 158.003433 89.583176 -195.896164 11.343778 1.000000e+37 1.000000e+37 0.000000e+00
562153 11817 75202.975186 84888.128107 73975.058816 139.500885 270.762238 -104.966751 11.002612 1.000000e+37 1.000000e+37 0.000000e+00
576498 14281 78261.502353 84859.724565 74320.306951 96.395325 50.368549 -225.596024 76.623833 -1.689845e+01 -1.739342e+01 5.702345e-02
576499 14281 78174.283114 84831.875888 74384.748979 154.779633 30.904995 -215.993088 45.546452 -1.364068e+01 -1.408984e+01 2.860126e-03
576500 14281 78188.992587 84827.276056 74310.213956 174.439972 13.737756 -204.251434 30.496914 -8.722787e+00 -9.292371e+00 1.033448e-04
576501 14281 78265.641646 84831.293279 74418.257280 141.985397 -22.145094 -225.335526 12.923315 1.000000e+37 1.000000e+37 0.000000e+00
576502 14281 78381.802646 84742.947665 74334.938743 119.907120 106.211815 -222.998062 10.434555 1.000000e+37 1.000000e+37 0.000000e+00
613468 22731 77036.770907 85425.126509 74159.684615 109.461037 37.177132 -180.195801 70.247337 -1.666400e+01 -1.704685e+01 3.685289e-02
613469 22731 77065.479625 85479.730779 74086.897417 61.922054 42.359283 -220.801956 19.580717 1.000000e+37 1.000000e+37 0.000000e+00
613470 22731 77098.765980 85444.202770 74161.848588 100.552094 15.708400 -175.724182 21.637829 -8.191900e+00 -8.765484e+00 6.776486e-05
613471 22731 77093.772195 85566.594904 74109.807795 71.086639 49.485245 -165.670059 11.055445 1.000000e+37 1.000000e+37 0.000000e+00
613472 22731 77037.397905 85368.097479 74169.916326 88.478432 -8.311943 -121.873924 10.970626 1.000000e+37 1.000000e+37 0.000000e+00
613473 22731 77058.038885 85400.346236 74225.752397 92.515068 93.228867 -191.071793 10.565483 1.000000e+37 1.000000e+37 0.000000e+00
629918 27458 76278.359153 85928.067294 73886.125044 72.047386 29.978275 -231.899109 73.964821 -1.702491e+01 -1.747711e+01 7.210648e-02
629919 27458 76368.730025 85934.914329 73907.481800 38.745071 6.091231 -286.049133 13.583978 1.000000e+37 1.000000e+37 0.000000e+00
629920 27458 76286.343661 85947.609641 73960.216175 71.669731 123.335533 -203.591370 13.955125 1.000000e+37 1.000000e+37 0.000000e+00
629921 27458 76277.693315 85908.569336 73951.366078 51.350239 47.214909 -296.038940 13.222703 1.000000e+37 1.000000e+37 0.000000e+00
668527 40955 77489.013672 84635.092995 74680.148038 165.489716 83.334496 -190.533249 52.205154 -1.454569e+01 -1.497154e+01 6.527627e-03
668528 40955 77421.741832 84692.893288 74650.385076 163.213959 56.890545 -178.019226 23.544001 1.000000e+37 1.000000e+37 0.000000e+00
668529 40955 77507.590554 84694.679954 74649.758079 123.885315 161.892258 -220.198486 16.249136 1.000000e+37 1.000000e+37 0.000000e+00
668530 40955 77406.388716 84634.160822 74644.287109 180.140472 80.544937 -205.731369 15.487019 1.000000e+37 1.000000e+37 0.000000e+00
668531 40955 77500.665838 84648.653897 74623.640581 22.648409 126.045876 -197.063004 14.922780 1.000000e+37 1.000000e+37 0.000000e+00
668532 40955 77532.370827 84563.920455 74707.697088 141.160156 243.186157 -183.974136 9.585886 1.000000e+37 1.000000e+37 0.000000e+00
668533 40955 77463.323420 84542.352850 74641.135476 157.494034 106.340965 -170.142151 8.643315 1.000000e+37 1.000000e+37 0.000000e+00
673600 43012 77438.215776 85601.074219 75051.463734 120.464333 54.483746 -280.013428 55.289742 -1.476949e+01 -1.515962e+01 7.425021e-03
673601 43012 77511.269309 85599.748091 75075.184215 78.402565 70.152946 -261.123810 11.535841 1.000000e+37 1.000000e+37 0.000000e+00
673602 43012 77344.443581 85622.874867 75013.999245 136.836227 44.512325 -299.396576 13.443458 1.000000e+37 1.000000e+37 0.000000e+00
673603 43012 77530.467640 85592.296254 75092.174183 91.591087 77.902420 -265.927399 10.428769 1.000000e+37 1.000000e+37 0.000000e+00
673604 43012 77387.495561 85622.164640 75030.351119 175.903748 44.038376 -291.321472 8.111431 1.000000e+37 1.000000e+37 0.000000e+00
754892 82758 77866.138805 84871.376731 74495.760831 110.088570 21.144020 -240.122894 41.444885 -1.234584e+01 -1.278899e+01 8.558041e-04
754893 82758 77878.534490 84888.028232 74476.634632 97.168976 -19.002522 -209.678955 15.116057 1.000000e+37 1.000000e+37 0.000000e+00
776703 95081 77229.830655 84928.405762 75189.442028 124.014366 109.801872 -281.593506 45.099144 -1.288858e+01 -1.337005e+01 1.587485e-03
789392 102449 76096.041593 83117.642489 74135.609020 107.551239 176.889313 -185.763565 37.816277 -1.090793e+01 -1.125715e+01 1.193599e-04
789393 102449 76048.550692 83115.717108 74177.190607 122.268234 187.974258 -209.147232 15.201072 1.000000e+37 1.000000e+37 0.000000e+00
789394 102449 76148.870295 83174.682617 74195.994984 86.445259 183.611572 -169.324738 14.526892 1.000000e+37 1.000000e+37 0.000000e+00
789395 102449 76060.480291 83089.643999 74197.237882 115.405075 201.266357 -207.931610 10.974644 1.000000e+37 1.000000e+37 0.000000e+00
792093 104051 77073.591752 85349.204324 73948.536266 141.437286 106.207916 -200.077133 37.908592 -1.104448e+01 -1.164896e+01 6.849379e-04
792094 104051 77100.957697 85338.057085 73982.122248 108.523468 79.593994 -154.889954 16.700115 1.000000e+37 1.000000e+37 0.000000e+00
792095 104051 77090.664950 85433.477228 73967.612527 146.857132 102.338364 -231.023865 14.878600 1.000000e+37 1.000000e+37 0.000000e+00
801576 109766 78654.912775 84852.505771 74382.851341 115.932335 35.034710 -229.043823 37.375916 -1.166907e+01 -1.227115e+01 1.060027e-03
801577 109766 78664.850408 84876.536976 74388.633034 92.923180 36.540329 -216.986328 18.627758 1.000000e+37 1.000000e+37 0.000000e+00
809203 114265 76216.952237 86220.464533 75211.370295 78.174721 48.403194 -254.352264 34.532730 1.000000e+37 1.000000e+37 0.000000e+00
809204 114265 76220.980558 86210.338246 75218.233975 59.656902 78.822166 -278.029999 11.972752 1.000000e+37 1.000000e+37 0.000000e+00
848428 138585 78340.448553 85479.353471 74994.878596 139.629395 45.724957 -282.789795 30.319448 -1.079744e+01 -1.136437e+01 4.304594e-04
849627 139356 75876.986417 86219.155051 73505.665172 45.610508 65.795204 -237.540176 23.687035 1.000000e+37 1.000000e+37 0.000000e+00
849628 139356 75805.120295 86215.232156 73470.975009 61.452625 78.793991 -234.751526 21.424110 1.000000e+37 1.000000e+37 0.000000e+00
849629 139356 75861.000755 86198.946866 73560.102983 52.297611 82.223282 -244.337875 14.648656 1.000000e+37 1.000000e+37 0.000000e+00
849630 139356 75872.064764 86215.143377 73512.073864 46.797863 69.955818 -249.672455 14.496288 1.000000e+37 1.000000e+37 0.000000e+00
850732 140053 75616.338556 84518.515847 74063.160289 105.498154 133.900909 -163.556381 32.026226 1.000000e+37 1.000000e+37 0.000000e+00
851959 140829 77986.622203 85655.733975 74321.228027 93.106888 29.396515 -151.921844 30.559443 1.000000e+37 1.000000e+37 0.000000e+00
852326 141072 78123.401989 85181.207830 74195.123846 151.872284 54.340359 -236.934219 22.084288 1.000000e+37 1.000000e+37 0.000000e+00
852327 141072 78251.198509 85183.199796 74218.411532 131.234924 51.174179 -236.281021 17.033920 1.000000e+37 1.000000e+37 0.000000e+00
852328 141072 78092.717951 85154.779608 74246.426669 152.841812 38.167198 -237.374496 16.823996 1.000000e+37 1.000000e+37 0.000000e+00
852329 141072 78058.427290 85208.701394 74207.602761 154.223892 67.084480 -238.230408 14.819479 1.000000e+37 1.000000e+37 0.000000e+00
852330 141072 78061.623313 85168.867631 74262.950550 133.133789 35.363037 -244.981140 11.479806 1.000000e+37 1.000000e+37 0.000000e+00
852741 141343 77527.621183 84997.170188 74491.227583 132.118790 45.820469 -243.269318 23.024071 1.000000e+37 1.000000e+37 0.000000e+00
852742 141343 77586.975098 85004.666415 74474.015669 115.774078 42.108315 -225.872559 21.234444 1.000000e+37 1.000000e+37 0.000000e+00
857459 144329 77065.601696 84616.865678 74128.051758 157.365677 194.873825 -232.618637 32.230431 1.000000e+37 1.000000e+37 0.000000e+00
943085 202546 77442.909934 84351.318359 74490.589489 73.589958 109.238754 -211.633255 31.442965 -9.857889e+00 -1.043722e+01 2.834539e-04
951435 208666 77816.372958 84634.377219 74461.653276 89.726105 284.729980 -172.483185 23.981062 1.000000e+37 1.000000e+37 0.000000e+00
952307 209316 76129.732999 85180.075906 74364.657315 92.974945 66.240311 -140.708923 23.391378 1.000000e+37 1.000000e+37 0.000000e+00
952308 209316 76135.448109 85173.600630 74375.532670 98.222046 55.217793 -149.702927 19.740080 1.000000e+37 1.000000e+37 0.000000e+00
953486 210184 77667.053223 85959.333940 75373.063521 112.233398 28.778742 -258.180420 28.538969 -8.879766e+00 -9.445859e+00 1.142187e-04
995386 241989 76153.747559 85215.121183 73675.071023 102.682785 71.793312 -181.219986 24.809210 1.000000e+37 1.000000e+37 0.000000e+00
1007809 251672 78293.789950 83648.293235 74120.350231 130.600510 185.070312 -149.290466 21.905376 1.000000e+37 1.000000e+37 0.000000e+00
1007810 251672 78247.946999 83653.758656 74114.146839 133.483932 174.963074 -153.484695 12.019940 1.000000e+37 1.000000e+37 0.000000e+00
1040083 277371 75369.190563 84832.536177 73963.917125 133.096420 190.927048 -155.829819 23.102373 1.000000e+37 1.000000e+37 0.000000e+00
1048741 284412 76263.361151 83443.864302 74085.127397 112.019852 178.051682 -119.303329 23.879730 1.000000e+37 1.000000e+37 0.000000e+00
1054584 289171 76265.952370 85957.042347 74104.980469 31.471947 62.228306 -195.022079 25.432610 -8.777113e+00 -9.348851e+00 1.122383e-04
1068809 300856 78401.511452 83646.290172 74006.425337 126.447212 179.984436 -134.357376 20.311447 1.000000e+37 1.000000e+37 0.000000e+00
1068810 300856 78425.403942 83674.677069 74040.888006 136.940186 171.276520 -130.503342 14.883172 1.000000e+37 1.000000e+37 0.000000e+00
1088796 317511 77391.390714 84660.783248 74042.363947 184.071716 220.239258 -216.484467 21.583544 1.000000e+37 1.000000e+37 0.000000e+00
1090228 318720 77773.692738 84566.145463 75509.882147 135.158722 118.263710 -267.657593 23.264730 1.000000e+37 1.000000e+37 0.000000e+00
1090229 318720 77785.650080 84554.559881 75519.708807 123.883972 134.214417 -288.641144 13.737066 1.000000e+37 1.000000e+37 0.000000e+00
1096555 324086 77200.400613 85487.060547 74072.826039 87.215370 70.841431 -163.027786 18.433052 1.000000e+37 1.000000e+37 0.000000e+00
1103184 329692 77143.227317 84952.314897 75173.117898 131.163025 119.500061 -271.437866 21.721682 1.000000e+37 1.000000e+37 0.000000e+00
1107719 333514 75986.022949 86208.845659 75157.798074 82.502678 44.039562 -241.069946 21.545853 1.000000e+37 1.000000e+37 0.000000e+00
1109238 334777 77952.520197 83864.141291 74387.551048 137.013809 202.631073 -143.731201 22.017399 1.000000e+37 1.000000e+37 0.000000e+00
1110885 336166 75905.767267 85434.930975 75250.993208 90.672623 91.972260 -260.146942 18.630550 1.000000e+37 1.000000e+37 0.000000e+00
1129645 352282 76845.669833 85735.934171 74215.431907 75.921608 2.051529 -231.840302 17.869379 1.000000e+37 1.000000e+37 0.000000e+00
1160797 379229 76739.341042 83553.982821 73940.202193 120.817024 182.444809 -115.743179 20.881437 1.000000e+37 1.000000e+37 0.000000e+00
1173130 390044 76992.725719 83722.739480 74335.410378 120.341537 185.843338 -125.883965 21.954185 1.000000e+37 1.000000e+37 0.000000e+00
1174210 390982 78048.384233 84505.648526 74645.308061 78.921722 191.741150 -173.524887 20.704994 1.000000e+37 1.000000e+37 0.000000e+00
1192789 407435 78442.998713 83862.632058 74043.823242 116.577141 174.500839 -147.616333 20.033472 1.000000e+37 1.000000e+37 0.000000e+00
1195110 409507 76198.741566 85757.795854 74520.812988 80.079254 95.557838 -128.017090 19.322540 1.000000e+37 1.000000e+37 0.000000e+00
1202332 415897 78622.247869 84961.009632 74400.140936 100.636032 158.614426 -143.286301 20.496904 1.000000e+37 1.000000e+37 0.000000e+00
1203438 416895 78124.262029 83945.595481 74077.092951 119.282402 188.615189 -138.716537 22.938356 1.000000e+37 1.000000e+37 0.000000e+00
1218145 430078 76472.872647 84709.700151 74095.359109 161.374695 190.002625 -160.978699 21.307081 1.000000e+37 1.000000e+37 0.000000e+00
1218146 430078 76486.999512 84719.116211 74079.667525 175.660431 207.272064 -157.704681 10.919895 1.000000e+37 1.000000e+37 0.000000e+00
1228475 439401 78229.558771 84996.831721 74433.144309 102.526581 134.786972 -121.746368 17.258886 1.000000e+37 1.000000e+37 0.000000e+00
1232565 443040 77041.437322 84671.253551 74770.957253 141.566986 214.217957 -163.502869 19.967373 1.000000e+37 1.000000e+37 0.000000e+00
1240845 450548 76910.555753 84397.144664 74282.359730 140.755051 192.638916 -243.538391 19.623850 1.000000e+37 1.000000e+37 0.000000e+00
1253665 462290 78621.360085 84648.881392 74704.889471 112.127937 126.764030 -113.155418 20.511753 1.000000e+37 1.000000e+37 0.000000e+00
1255057 463562 76962.868430 83706.853693 73977.511319 126.826134 192.360519 -146.357285 19.365608 1.000000e+37 1.000000e+37 0.000000e+00
1278176 484811 77530.301181 83567.793413 73884.676847 139.596878 191.574722 -142.340271 13.466126 1.000000e+37 1.000000e+37 0.000000e+00
1278177 484811 77549.333052 83564.025879 73915.466309 127.199371 190.603317 -146.561951 15.223207 1.000000e+37 1.000000e+37 0.000000e+00
1286352 492350 77978.082830 83227.955211 74451.465953 141.593277 154.424911 -97.438713 20.282995 1.000000e+37 1.000000e+37 0.000000e+00
1307217 511716 78072.792747 83892.378374 74384.859952 121.317429 193.653275 -147.758591 15.016237 1.000000e+37 1.000000e+37 0.000000e+00
1324096 527491 76284.262917 83800.908869 75167.241877 112.601723 150.980515 -222.310120 15.119720 1.000000e+37 1.000000e+37 0.000000e+00
1331796 534701 76099.431818 85834.428267 75349.220969 82.704514 73.124947 -273.832275 18.908112 1.000000e+37 1.000000e+37 0.000000e+00
1333789 536554 75983.498313 85468.566895 75170.848500 79.760605 88.278526 -278.112030 17.830128 1.000000e+37 1.000000e+37 0.000000e+00
1350080 551837 78605.252353 84216.463956 74270.713113 115.789703 176.298737 -152.752167 18.801008 1.000000e+37 1.000000e+37 0.000000e+00
1350133 551886 76909.529252 85838.267933 75153.353604 102.973274 49.675270 -285.462585 20.322851 1.000000e+37 1.000000e+37 0.000000e+00
1350134 551887 78520.430131 84918.340510 74227.222789 124.451332 9.948435 -207.716293 19.883614 1.000000e+37 1.000000e+37 0.000000e+00
1352111 553771 78467.845570 85025.124290 74545.182662 90.291588 130.038116 -192.507751 16.403692 1.000000e+37 1.000000e+37 0.000000e+00
1369379 570092 78648.420854 85296.858354 74413.490989 116.669861 53.621101 -87.799324 21.866261 1.000000e+37 1.000000e+37 0.000000e+00
1397045 596616 78245.533336 84675.159801 74713.384455 83.344795 155.926056 -159.613647 13.661123 1.000000e+37 1.000000e+37 0.000000e+00
1404465 603685 76888.699618 85028.442383 75125.787908 119.604355 93.862419 -286.118317 16.705273 1.000000e+37 1.000000e+37 0.000000e+00
1414521 613417 77928.261497 85661.399148 74813.937100 110.750305 5.592559 -237.722519 16.594532 1.000000e+37 1.000000e+37 0.000000e+00
1417090 615873 77174.155495 83502.546831 73837.069425 122.948929 195.715286 -166.793945 13.755757 1.000000e+37 1.000000e+37 0.000000e+00
1417091 615873 77192.671342 83516.579368 73866.410689 114.417885 193.742935 -170.635223 9.965749 1.000000e+37 1.000000e+37 0.000000e+00
1425046 623532 77722.306685 84920.903986 74533.780185 97.205215 36.484009 -259.472839 17.869949 1.000000e+37 1.000000e+37 0.000000e+00
1438413 636467 77128.406871 84471.579812 75718.899814 120.725258 112.337738 -268.474976 14.799309 1.000000e+37 1.000000e+37 0.000000e+00
1438455 636508 76494.029652 83342.107599 74023.620605 112.232826 189.278305 -185.987442 17.003517 1.000000e+37 1.000000e+37 0.000000e+00
1446749 644556 77659.662420 84434.181907 74641.279741 132.758026 109.055702 -206.552597 20.805605 1.000000e+37 1.000000e+37 0.000000e+00
1455321 652919 76435.585716 83517.444957 75464.949174 112.542206 143.410583 -221.690643 13.397332 1.000000e+37 1.000000e+37 0.000000e+00
1455322 652919 76446.388938 83507.374157 75449.068936 102.479828 147.659393 -215.311966 10.393947 1.000000e+37 1.000000e+37 0.000000e+00
1488570 685433 76260.625666 86128.817472 74173.173384 45.364079 65.337715 -112.765335 19.653957 1.000000e+37 1.000000e+37 0.000000e+00
1514760 711376 75759.926536 83841.774680 73988.259055 95.636810 187.795349 -124.320267 12.896688 1.000000e+37 1.000000e+37 0.000000e+00
1514761 711376 75741.932262 83811.467951 73967.102051 99.363815 189.536606 -114.762779 9.359385 1.000000e+37 1.000000e+37 0.000000e+00
1539291 735803 76888.050426 83376.808860 74152.820934 114.821739 181.976852 -119.596199 16.109020 1.000000e+37 1.000000e+37 0.000000e+00
1550321 746893 78847.345526 85176.252885 74446.388938 124.928444 55.394005 -78.919205 16.545135 1.000000e+37 1.000000e+37 0.000000e+00
1554193 750751 76816.278631 84833.546032 75393.044212 124.349594 111.704559 -276.268280 15.735969 1.000000e+37 1.000000e+37 0.000000e+00
1558081 754639 76758.644798 84258.073287 75953.285911 113.245178 104.406067 -263.573578 16.078991 1.000000e+37 1.000000e+37 0.000000e+00
1569860 766531 78143.948642 84951.654608 74154.274680 141.810257 13.884243 -221.649063 12.298841 1.000000e+37 1.000000e+37 0.000000e+00
1569861 766531 78146.939364 84959.672408 74187.988281 115.352257 164.821762 -230.414536 9.791198 1.000000e+37 1.000000e+37 0.000000e+00
1577909 774624 76852.722168 83838.145863 75009.815563 119.222656 159.563843 -231.412140 17.466110 1.000000e+37 1.000000e+37 0.000000e+00
1598343 795292 77614.662864 85026.261763 74176.602450 128.962082 29.041021 -270.093048 8.558455 1.000000e+37 1.000000e+37 0.000000e+00
1598344 795292 77661.920721 85038.518732 74175.137607 121.908035 27.542170 -269.504303 11.044339 1.000000e+37 1.000000e+37 0.000000e+00
1615651 812989 76843.028675 83599.387429 73919.400302 126.697571 193.029007 -154.912231 16.069609 1.000000e+37 1.000000e+37 0.000000e+00
1615743 813088 78294.821999 85331.676136 75038.896040 134.014389 31.449129 -282.197052 17.710993 1.000000e+37 1.000000e+37 0.000000e+00
1615744 813089 78143.410423 85039.301092 74427.745472 127.726921 16.492897 -302.343842 12.764545 1.000000e+37 1.000000e+37 0.000000e+00
1638760 836636 77943.825462 84821.400036 74781.066895 93.717010 12.155651 -210.271927 17.295078 1.000000e+37 1.000000e+37 0.000000e+00
1657795 856218 76416.648171 86073.247736 74369.101784 76.396042 27.992371 -260.315430 12.417305 1.000000e+37 1.000000e+37 0.000000e+00
1667649 866377 74976.590243 85163.468794 74103.609952 71.989304 133.895691 -137.534424 15.612321 1.000000e+37 1.000000e+37 0.000000e+00
1667730 866461 77549.682617 84742.620295 73974.320845 69.374237 172.197144 -195.336670 16.556973 1.000000e+37 1.000000e+37 0.000000e+00
1667789 866525 77912.375710 85095.608798 74245.805220 131.696854 8.381767 -278.256531 13.757789 1.000000e+37 1.000000e+37 0.000000e+00
1677940 877003 78221.147017 85510.803223 74334.389426 101.383469 54.561214 -98.462181 14.751232 1.000000e+37 1.000000e+37 0.000000e+00
1704168 904358 75511.169434 83948.824796 73924.050071 90.712654 188.413834 -122.987625 15.398124 1.000000e+37 1.000000e+37 0.000000e+00
1738325 940077 77868.546919 84784.451571 74294.167259 2.413983 185.483093 -157.120758 12.100574 1.000000e+37 1.000000e+37 0.000000e+00
1744299 946356 77984.508168 84919.672186 74379.788485 111.881210 23.740894 -236.668243 14.395554 1.000000e+37 1.000000e+37 0.000000e+00
1750365 952783 77426.929821 84854.919434 74449.129972 4.814618 160.096268 -137.117966 13.416082 1.000000e+37 1.000000e+37 0.000000e+00
1750366 952784 77115.977894 84865.894664 74299.444025 170.093124 182.330566 -156.839462 15.684112 1.000000e+37 1.000000e+37 0.000000e+00
1756325 959057 75046.503240 85183.965510 74109.269576 62.308697 145.347000 -132.165009 15.585592 1.000000e+37 1.000000e+37 0.000000e+00
1756455 959193 77471.929377 84528.658780 75383.200906 125.619308 111.795654 -281.716217 15.555676 1.000000e+37 1.000000e+37 0.000000e+00
1768702 972166 78334.550337 84873.124556 74134.471547 126.564598 13.564841 -196.016953 11.947885 1.000000e+37 1.000000e+37 0.000000e+00
1781408 985656 77993.624600 86185.596813 73898.071289 96.409065 57.587536 -151.091507 12.636842 1.000000e+37 1.000000e+37 0.000000e+00
1800912 1006426 78240.983443 84435.435902 74089.394309 88.619865 188.659302 -129.916229 16.281103 1.000000e+37 1.000000e+37 0.000000e+00
1821266 1028276 76888.239080 86015.974565 75319.169478 92.372063 33.895702 -257.965393 11.874028 1.000000e+37 1.000000e+37 0.000000e+00
1821267 1028277 76323.436390 86158.419522 74582.630504 80.324196 31.989908 -256.074890 12.814207 1.000000e+37 1.000000e+37 0.000000e+00
1842353 1051032 77242.537065 84008.467241 74137.212580 128.481659 205.723572 -126.094292 13.264477 1.000000e+37 1.000000e+37 0.000000e+00
1849826 1059035 77523.093484 86486.888539 73631.519664 81.122833 67.499176 -153.163513 12.210973 1.000000e+37 1.000000e+37 0.000000e+00
1849899 1059112 76568.636808 85238.908248 73811.967330 105.398735 71.140175 -177.637802 15.419757 1.000000e+37 1.000000e+37 0.000000e+00
1864434 1074892 76604.458896 85206.448642 74396.051580 88.663742 146.906631 -132.164841 16.823687 1.000000e+37 1.000000e+37 0.000000e+00
1872119 1083242 77799.355247 84875.133168 74238.325639 139.910553 132.849899 -40.164024 7.685825 1.000000e+37 1.000000e+37 0.000000e+00
1872346 1083486 77977.677779 84928.039551 74248.363148 140.486450 -1.325546 -267.921265 16.184669 1.000000e+37 1.000000e+37 0.000000e+00
1872347 1083487 76733.559348 85048.700506 75062.322443 118.688248 91.377197 -277.774658 14.305980 1.000000e+37 1.000000e+37 0.000000e+00
1879825 1091620 76849.936745 83416.997736 73854.980469 118.500290 186.830856 -179.119751 15.229017 1.000000e+37 1.000000e+37 0.000000e+00
1895527 1108773 77704.456676 85137.406783 74473.155629 133.558182 23.462114 -289.620941 11.941262 1.000000e+37 1.000000e+37 0.000000e+00
1919823 1135435 77151.200728 84178.749778 74182.356401 134.995850 212.668854 -126.160294 12.802694 1.000000e+37 1.000000e+37 0.000000e+00
1920048 1135687 78423.561790 85439.980247 74971.596458 123.133568 48.083408 -282.867767 13.287106 1.000000e+37 1.000000e+37 0.000000e+00
1936828 1154189 76070.029519 84869.412509 74252.541282 116.396309 121.774681 -201.854874 10.172479 1.000000e+37 1.000000e+37 0.000000e+00
1937053 1154436 75932.162198 86247.702859 73575.272994 70.403488 80.316086 -261.929596 11.239489 1.000000e+37 1.000000e+37 0.000000e+00
1963506 1183744 78478.138317 84842.928800 74255.365545 82.018845 55.009216 -189.368759 14.541830 1.000000e+37 1.000000e+37 0.000000e+00
1972422 1193647 75499.966708 85130.543102 74018.132990 80.403046 210.017639 -138.214355 12.778666 1.000000e+37 1.000000e+37 0.000000e+00
1972685 1193935 78033.452814 84883.633700 74565.418590 121.767204 29.456274 -213.535767 15.111901 1.000000e+37 1.000000e+37 0.000000e+00
1981687 1203977 77527.610085 84868.663441 74103.354714 61.631325 120.630028 -180.718170 11.561640 1.000000e+37 1.000000e+37 0.000000e+00
1981688 1203978 76225.380637 84833.912243 74405.589711 99.709908 120.594368 -128.307159 10.956416 1.000000e+37 1.000000e+37 0.000000e+00
1991313 1214783 78253.251509 85107.016824 74086.331454 82.190025 67.955727 -255.720734 13.487226 1.000000e+37 1.000000e+37 0.000000e+00
2020368 1247578 78219.021884 85123.385343 74129.505504 95.217888 41.660404 -223.187897 8.312923 1.000000e+37 1.000000e+37 0.000000e+00
2040130 1269981 78294.133967 83513.433283 74325.816761 127.897079 184.906219 -138.530716 12.755689 1.000000e+37 1.000000e+37 0.000000e+00
2040596 1270492 76743.186257 83412.719727 74032.298695 122.137321 190.440674 -180.627274 11.228807 1.000000e+37 1.000000e+37 0.000000e+00
2061333 1294102 78750.621449 84634.737882 74681.474165 111.105774 119.533524 -121.635124 11.492506 1.000000e+37 1.000000e+37 0.000000e+00
2061486 1294256 77741.044478 85581.498580 74887.528853 109.804031 33.666946 -292.732239 13.683546 1.000000e+37 1.000000e+37 0.000000e+00
2072229 1306481 76427.739924 85781.915838 73916.653720 47.058743 35.921658 -243.162888 8.343093 1.000000e+37 1.000000e+37 0.000000e+00
2105498 1344824 76460.848722 84653.841886 74146.240234 171.304550 165.974197 -155.390915 14.065728 1.000000e+37 1.000000e+37 0.000000e+00
2105647 1344981 78202.930797 84800.487172 74207.086737 50.239277 32.262421 -224.496231 9.263440 1.000000e+37 1.000000e+37 0.000000e+00
2128707 1371692 78560.397061 84774.574973 74969.582298 119.328453 148.069763 -127.702171 10.503711 1.000000e+37 1.000000e+37 0.000000e+00
2128856 1371854 78345.564409 85139.565208 74278.492321 123.897896 37.098549 -299.336609 14.240357 1.000000e+37 1.000000e+37 0.000000e+00
2140594 1385536 77885.026412 84675.592596 74432.151101 111.627243 132.484039 -253.586426 14.768138 1.000000e+37 1.000000e+37 0.000000e+00
2165222 1414293 77274.219860 84986.466841 74263.338956 187.274872 187.893265 -138.620529 15.778892 1.000000e+37 1.000000e+37 0.000000e+00
2165398 1414523 78003.401323 84987.476696 74461.431330 131.072128 116.208008 -308.108368 8.427181 1.000000e+37 1.000000e+37 0.000000e+00
2165400 1414525 78012.961648 84929.593173 74862.365723 101.260635 32.008549 -204.727097 14.019499 1.000000e+37 1.000000e+37 0.000000e+00
2178220 1429697 76999.833540 85325.594815 73986.389160 156.662842 64.131744 -232.799637 13.674910 1.000000e+37 1.000000e+37 0.000000e+00
2190966 1444774 77073.097923 85596.274636 74207.968972 62.936253 5.605222 -155.157608 13.884623 1.000000e+37 1.000000e+37 0.000000e+00
2191342 1445185 76757.512873 83557.450728 75192.355069 116.733971 165.795776 -211.680862 13.959257 1.000000e+37 1.000000e+37 0.000000e+00
2231328 1492606 76657.598322 82959.944292 74172.729492 112.564102 180.579041 -191.407990 13.423033 1.000000e+37 1.000000e+37 0.000000e+00
2245604 1509506 78105.601918 83866.593794 74059.736772 126.746178 196.990143 -148.900879 10.108346 1.000000e+37 1.000000e+37 0.000000e+00
2245605 1509507 76855.396618 83585.243919 74251.636852 126.497154 179.409943 -125.752991 14.285703 1.000000e+37 1.000000e+37 0.000000e+00
2274341 1544324 77452.614524 84586.076216 74202.692205 76.254585 120.051781 -37.841797 14.277497 1.000000e+37 1.000000e+37 0.000000e+00
2274771 1544848 76723.383123 85972.739480 75295.454545 98.761887 56.897697 -286.503326 9.690989 1.000000e+37 1.000000e+37 0.000000e+00
2289330 1562589 78398.370916 84847.611861 74141.296387 77.200653 53.032185 -220.267807 12.720834 1.000000e+37 1.000000e+37 0.000000e+00
2289763 1563063 76110.801003 83907.171076 74125.277433 112.024292 188.500656 -205.832031 13.036150 1.000000e+37 1.000000e+37 0.000000e+00
2304392 1581048 77596.047141 85707.747026 74215.154474 86.434746 54.794712 -105.657410 12.202411 1.000000e+37 1.000000e+37 0.000000e+00
2304572 1581243 75774.452903 86060.552424 73669.317072 52.967171 63.552273 -234.207047 16.715057 1.000000e+37 1.000000e+37 0.000000e+00
2319600 1599588 75704.451127 84072.692871 74386.341442 93.926163 183.348816 -105.526825 12.249005 1.000000e+37 1.000000e+37 0.000000e+00
2320046 1600135 78274.075595 85021.889426 74227.000843 102.690331 161.637650 -193.278595 10.986952 1.000000e+37 1.000000e+37 0.000000e+00
2352165 1639708 77622.253418 85681.912509 74362.138228 88.164413 58.963352 -105.963005 8.725246 1.000000e+37 1.000000e+37 0.000000e+00
2352166 1639709 77223.649458 85239.624023 74206.609553 128.305817 48.986893 -166.777054 15.412003 1.000000e+37 1.000000e+37 0.000000e+00
2369038 1660625 75166.958896 85418.690075 73549.255371 62.903091 107.582924 -199.328278 9.744079 1.000000e+37 1.000000e+37 0.000000e+00
2403045 1703433 75057.950107 85176.164107 74162.159313 87.057518 129.881989 -145.681046 13.183054 1.000000e+37 1.000000e+37 0.000000e+00
2403324 1703819 77375.000000 84640.342019 74154.507724 39.505104 169.438705 -98.798912 10.958617 1.000000e+37 1.000000e+37 0.000000e+00
2403545 1704076 76387.900613 86107.288707 74426.757812 81.516914 27.137239 -261.767761 12.934203 1.000000e+37 1.000000e+37 0.000000e+00
2403837 1704403 76765.647195 83429.570978 73931.340998 117.080856 195.482086 -185.024475 11.061834 1.000000e+37 1.000000e+37 0.000000e+00
2421161 1726440 77594.171697 84973.161177 74969.360352 128.835190 111.387100 -287.023956 11.027363 1.000000e+37 1.000000e+37 0.000000e+00
2421398 1726717 77014.121316 84630.371094 75645.785245 122.280037 109.715775 -271.025604 11.676735 1.000000e+37 1.000000e+37 0.000000e+00
2421399 1726718 77762.184837 85349.337491 74711.142800 126.524796 41.376526 -273.862396 10.452370 1.000000e+37 1.000000e+37 0.000000e+00
2421400 1726719 75890.691584 85971.812855 73919.461337 93.090797 82.557533 -254.142761 11.169724 1.000000e+37 1.000000e+37 0.000000e+00
2477304 1798966 77046.530984 85420.704235 74011.696555 137.916138 74.221268 -148.611618 9.525314 1.000000e+37 1.000000e+37 0.000000e+00
2477305 1798967 76977.982955 85410.089666 74021.900524 150.052261 79.323418 -156.930588 10.271156 1.000000e+37 1.000000e+37 0.000000e+00
2477540 1799244 76740.262118 85296.464400 73790.122292 120.725304 90.872314 -195.478790 10.188829 1.000000e+37 1.000000e+37 0.000000e+00
2496929 1825063 77097.212358 86640.941273 73548.123446 74.122459 65.974403 -159.706589 11.110256 1.000000e+37 1.000000e+37 0.000000e+00
2496931 1825065 78496.321245 84744.135076 74480.285645 95.880119 153.536789 -194.878876 12.969891 1.000000e+37 1.000000e+37 0.000000e+00
2516835 1852044 76303.372470 84619.995117 74281.516335 132.968628 170.950851 -110.690437 10.579792 1.000000e+37 1.000000e+37 0.000000e+00
2517173 1852546 78611.366966 85230.823864 74480.102539 104.732758 15.775493 -150.059540 13.708558 1.000000e+37 1.000000e+37 0.000000e+00
2517174 1852547 77202.054110 84526.627974 74364.224521 157.880539 161.624237 -192.022568 13.121678 1.000000e+37 1.000000e+37 0.000000e+00
2517401 1852829 76955.033736 85331.809304 73888.827237 155.646088 99.367416 -207.401230 10.697722 1.000000e+37 1.000000e+37 0.000000e+00
2537184 1880430 77688.554244 84959.788929 74234.497070 104.582809 -24.993111 -151.315323 6.330216 1.000000e+37 1.000000e+37 0.000000e+00
2537503 1880938 77760.181774 84989.396529 74845.503374 131.644638 109.772560 -295.304321 12.693089 1.000000e+37 1.000000e+37 0.000000e+00
2538106 1881679 77379.144842 83667.447177 75291.936701 127.235825 152.183075 -226.050720 13.906400 1.000000e+37 1.000000e+37 0.000000e+00
2558173 1910775 76678.444602 83826.765581 73314.924760 92.159592 140.657410 -67.257668 13.246819 1.000000e+37 1.000000e+37 0.000000e+00
2558469 1911304 77289.939187 85284.595836 74282.010165 142.934860 62.153973 -200.314514 11.216064 1.000000e+37 1.000000e+37 0.000000e+00
2558687 1911597 77833.706942 86045.576616 75383.417303 109.280685 25.602493 -259.705658 15.139426 1.000000e+37 1.000000e+37 0.000000e+00
2558689 1911599 76774.669300 85144.492409 75154.663086 127.816757 112.805000 -270.145233 12.262934 1.000000e+37 1.000000e+37 0.000000e+00
2558690 1911600 78375.610352 85078.618830 74146.700772 145.128265 66.107475 -281.436096 11.666410 1.000000e+37 1.000000e+37 0.000000e+00
2558691 1911601 78437.283603 85197.315563 74357.360840 132.176666 74.136940 -219.985565 12.548838 1.000000e+37 1.000000e+37 0.000000e+00
2580160 1943776 77434.104226 85774.819114 74273.903587 83.792671 54.781155 -104.742432 8.292959 1.000000e+37 1.000000e+37 0.000000e+00
2580435 1944125 78294.061834 84774.896795 74599.265359 88.848457 86.220947 -220.560135 11.758084 1.000000e+37 1.000000e+37 0.000000e+00
2580789 1944597 76177.140669 83515.813654 75562.832919 105.388123 152.064575 -208.221344 12.506357 1.000000e+37 1.000000e+37 0.000000e+00
2602525 1979205 77657.614968 84996.215820 74591.425115 116.349670 150.045380 -234.806427 13.197865 1.000000e+37 1.000000e+37 0.000000e+00
2625005 2016633 78134.993120 84978.016246 74368.413752 85.796440 178.666519 -154.885422 11.620357 1.000000e+37 1.000000e+37 0.000000e+00
2625006 2016634 77639.448686 85086.869673 74514.321067 108.026932 136.925644 -230.720566 10.713561 1.000000e+37 1.000000e+37 0.000000e+00
2648503 2058470 76724.842418 84461.891868 74698.097923 119.412521 155.413635 -177.582184 11.861955 1.000000e+37 1.000000e+37 0.000000e+00
2648504 2058472 77179.188121 83737.770774 74010.176225 126.120995 196.730850 -140.248428 11.385893 1.000000e+37 1.000000e+37 0.000000e+00
2648890 2059318 78076.721191 84715.326483 74688.898260 84.027588 106.849388 -206.907257 9.760162 1.000000e+37 1.000000e+37 0.000000e+00
2648892 2059320 77381.819292 85702.092951 74343.295011 81.636444 -3.321054 -218.876038 9.390966 1.000000e+37 1.000000e+37 0.000000e+00
2649168 2059750 78356.977983 84968.910911 74127.774325 93.193733 118.647964 -169.683701 9.276407 1.000000e+37 1.000000e+37 0.000000e+00
2672554 2104270 77945.373535 83546.569824 74035.533558 146.513092 185.891953 -135.458954 10.029299 1.000000e+37 1.000000e+37 0.000000e+00
2672937 2105191 77564.652876 86416.570490 73493.918679 85.967041 68.834404 -151.865601 12.039774 1.000000e+37 1.000000e+37 0.000000e+00
2672938 2105192 76361.860795 86116.782449 74198.336515 38.481533 80.155960 -118.603882 11.169369 1.000000e+37 1.000000e+37 0.000000e+00
2673200 2105654 77430.458762 85468.067516 74966.386275 99.156685 60.051487 -264.499695 12.951872 1.000000e+37 1.000000e+37 0.000000e+00
2673202 2105656 76883.284135 84930.497603 75150.790128 126.579132 107.282867 -287.235657 11.433110 1.000000e+37 1.000000e+37 0.000000e+00
2697531 2155573 77241.538308 84651.494806 74418.185147 108.391525 142.945724 -228.656082 13.555876 1.000000e+37 1.000000e+37 0.000000e+00
2697532 2155574 76469.454679 85998.191140 74423.256614 65.427658 95.945137 -114.021759 12.011359 1.000000e+37 1.000000e+37 0.000000e+00
2722870 2210285 76708.329634 85134.460449 74722.317782 108.762444 83.910484 -139.352463 11.464020 1.000000e+37 1.000000e+37 0.000000e+00
2723156 2210824 78470.858487 85616.355202 75169.272683 135.339340 3.818990 -245.330139 9.950756 1.000000e+37 1.000000e+37 0.000000e+00
2723158 2210826 76829.523260 84454.795144 75716.380726 119.184135 106.333481 -269.174225 9.724103 1.000000e+37 1.000000e+37 0.000000e+00
2775517 2330799 77457.719283 85049.482866 74479.719682 193.619537 182.674454 -149.132324 8.151249 1.000000e+37 1.000000e+37 0.000000e+00
2776285 2332843 78361.966220 85562.017267 75044.156161 122.645027 -0.151707 -238.553284 8.087393 1.000000e+37 1.000000e+37 0.000000e+00
2776287 2332845 77221.918279 84806.923606 75147.882635 141.292770 98.984741 -276.744934 13.453805 1.000000e+37 1.000000e+37 0.000000e+00
2776288 2332846 76254.732999 85373.818137 75001.525879 105.621895 95.874435 -252.901642 10.909543 1.000000e+37 1.000000e+37 0.000000e+00
2803697 2399278 78077.009721 85776.677912 74197.049228 91.294800 33.473747 -142.161850 9.423396 1.000000e+37 1.000000e+37 0.000000e+00
2804063 2400046 77144.237172 84260.270552 75995.272550 119.556465 113.028183 -259.356201 8.848065 1.000000e+37 1.000000e+37 0.000000e+00
2804065 2400048 76381.952459 85994.856401 73897.705078 35.230927 62.963654 -202.977158 6.683086 1.000000e+37 1.000000e+37 0.000000e+00
2832267 2469790 76186.628862 86219.776500 74120.455655 55.036224 76.348534 -114.210403 10.530699 1.000000e+37 1.000000e+37 0.000000e+00
2861863 2544437 75501.681241 85498.213335 75341.935591 73.839272 101.445854 -260.276886 9.848374 1.000000e+37 1.000000e+37 0.000000e+00
2861864 2544438 76954.695268 85133.067738 75093.217330 126.483772 104.000824 -263.649597 10.940530 1.000000e+37 1.000000e+37 0.000000e+00
2861866 2544440 75604.114879 86047.296697 74007.019043 81.630112 85.147690 -258.761292 10.626983 1.000000e+37 1.000000e+37 0.000000e+00
2892120 2621069 76467.329545 84630.393288 74214.072488 54.676765 101.901535 -208.179306 9.759292 1.000000e+37 1.000000e+37 0.000000e+00
2892482 2621984 77073.147860 85397.083629 74740.467418 128.476379 71.223770 -275.874664 8.310410 1.000000e+37 1.000000e+37 0.000000e+00
2893015 2623080 76563.365589 83906.383168 74741.505016 121.715736 161.727951 -233.128891 14.321174 1.000000e+37 1.000000e+37 0.000000e+00
2923015 2699900 77503.012917 84052.112926 74714.460893 131.383835 204.054459 -124.897141 13.102641 1.000000e+37 1.000000e+37 0.000000e+00
2923529 2701674 76895.640980 85637.850675 74156.311035 114.673836 23.371698 -197.642242 11.585687 1.000000e+37 1.000000e+37 0.000000e+00
2923530 2701675 77564.436479 84729.170366 73928.250400 182.841568 157.651062 -108.450813 11.410701 1.000000e+37 1.000000e+37 0.000000e+00
2923913 2702660 76456.770463 85217.690208 75166.492809 106.386833 102.842781 -281.189545 9.163670 1.000000e+37 1.000000e+37 0.000000e+00
2923914 2702661 78419.344815 84983.126554 74134.671298 98.601334 22.009212 -271.315155 9.593026 1.000000e+37 1.000000e+37 0.000000e+00
2955455 2784224 78785.128507 84446.705211 74754.361239 129.334656 170.146027 -145.143311 9.786405 1.000000e+37 1.000000e+37 0.000000e+00
2955457 2784226 77847.145774 85017.239657 74526.677912 130.715897 133.626190 -239.389191 10.178745 1.000000e+37 1.000000e+37 0.000000e+00
2955981 2785943 78539.534135 84804.781827 74855.785023 114.840302 94.456612 -169.361038 8.572174 1.000000e+37 1.000000e+37 0.000000e+00
2956341 2786912 78277.443626 85533.325195 74950.456099 136.397110 22.856600 -271.248230 12.348895 1.000000e+37 1.000000e+37 0.000000e+00
2990001 2875321 76461.442427 86053.771973 74285.089666 79.331200 20.465147 -255.720169 9.550074 1.000000e+37 1.000000e+37 0.000000e+00
3024307 2966826 75687.916149 84580.155806 74167.985396 114.782555 107.037361 -163.610397 13.435008 1.000000e+37 1.000000e+37 0.000000e+00
3024311 2966832 77408.463912 84582.386364 74793.734464 159.236450 149.105286 -201.180481 8.300801 1.000000e+37 1.000000e+37 0.000000e+00
3024719 2967926 78307.312012 85007.596103 74160.389293 127.424835 8.222382 -275.349213 7.478743 1.000000e+37 1.000000e+37 0.000000e+00
3059703 3061664 77908.142090 83194.957386 73729.597612 123.940712 123.076393 -64.190277 11.419737 1.000000e+37 1.000000e+37 0.000000e+00
3060686 3064823 75869.562322 85809.820002 75348.061301 79.646042 76.308746 -273.215454 8.934617 1.000000e+37 1.000000e+37 0.000000e+00
3060690 3064827 78044.100675 84468.067516 75410.877575 143.785110 136.151245 -257.745148 10.113219 1.000000e+37 1.000000e+37 0.000000e+00
3096684 3163362 78344.909668 84009.687944 74110.756614 111.820511 182.076172 -157.920792 9.375967 1.000000e+37 1.000000e+37 0.000000e+00
3096687 3163367 77108.925559 84897.333319 74679.337935 143.792221 73.178833 -134.075333 7.316058 1.000000e+37 1.000000e+37 0.000000e+00
3097700 3166724 77110.845392 85076.282848 74861.444647 125.408524 84.147820 -289.017029 10.963718 1.000000e+37 1.000000e+37 0.000000e+00
3097701 3166725 76721.807306 84537.863991 74181.640625 94.834229 125.550751 -132.009827 11.494164 1.000000e+37 1.000000e+37 0.000000e+00
3135039 3270305 77535.095215 84514.204545 74333.712491 37.292244 183.572266 -176.771729 10.065146 1.000000e+37 1.000000e+37 0.000000e+00
3135584 3272432 78389.914773 85577.398127 74229.769620 104.187050 58.349926 -102.557114 10.782907 1.000000e+37 1.000000e+37 0.000000e+00
3136052 3273784 78323.475231 85542.879972 75091.719194 139.501083 67.141640 -311.101318 8.547682 1.000000e+37 1.000000e+37 0.000000e+00
3136053 3273785 75586.586692 85531.738281 75350.669167 83.572861 117.749512 -245.642761 11.012074 1.000000e+37 1.000000e+37 0.000000e+00
3136056 3273791 76250.210849 85256.414240 73853.432395 116.978104 85.037933 -162.024902 12.014692 1.000000e+37 1.000000e+37 0.000000e+00
3136733 3275374 75262.118253 84812.744141 73579.800692 131.928497 149.320969 -183.853104 13.488809 1.000000e+37 1.000000e+37 0.000000e+00
3216119 3502458 78781.405362 84854.886142 74759.710138 163.963928 59.122124 -237.438202 11.967967 1.000000e+37 1.000000e+37 0.000000e+00
3216121 3502460 77119.645552 84584.666859 74864.890359 145.584412 126.526535 -171.053711 9.393160 1.000000e+37 1.000000e+37 0.000000e+00
3216628 3503974 77790.854714 85755.054821 74787.880637 111.375160 4.921157 -246.749786 9.877609 1.000000e+37 1.000000e+37 0.000000e+00
3216638 3503985 78485.651190 84756.958008 74384.183017 86.664841 137.838181 -159.930634 9.954080 1.000000e+37 1.000000e+37 0.000000e+00
3258302 3624990 77640.658292 82971.285733 74177.284934 134.535797 155.471863 -111.194733 8.689105 1.000000e+37 1.000000e+37 0.000000e+00
3258963 3627479 78077.142889 86046.619762 73976.473722 96.155510 51.175259 -150.141312 9.217322 1.000000e+37 1.000000e+37 0.000000e+00
3259469 3629078 76757.024592 86065.917969 75218.788841 93.099716 46.389336 -259.379456 10.451025 1.000000e+37 1.000000e+37 0.000000e+00
3259472 3629081 78257.995605 85453.652122 74997.419877 155.141663 33.489990 -284.458069 11.217013 1.000000e+37 1.000000e+37 0.000000e+00
3259476 3629085 78007.407449 85234.075373 74531.016957 128.721237 62.265251 -304.039581 6.637147 1.000000e+37 1.000000e+37 0.000000e+00
3259477 3629086 77169.666637 84860.140714 73944.996227 135.147507 85.387222 -128.637878 12.568474 1.000000e+37 1.000000e+37 0.000000e+00
3259478 3629087 78916.642623 84584.156383 74389.992454 157.461792 37.110912 -247.127060 10.315623 1.000000e+37 1.000000e+37 0.000000e+00
3348942 3895271 77347.223455 84839.899237 74206.454190 206.235260 207.419388 -136.158340 9.457333 1.000000e+37 1.000000e+37 0.000000e+00
3349663 3898057 77694.213867 85204.600941 74610.201749 89.464081 -1.647066 -175.388794 7.919363 1.000000e+37 1.000000e+37 0.000000e+00
3397000 4042879 77406.732733 83309.131969 74331.193404 127.829781 171.325241 -114.010788 7.489150 1.000000e+37 1.000000e+37 0.000000e+00
3397737 4045838 77177.928578 85527.576793 74502.069647 77.484955 23.036999 -173.481369 12.217787 1.000000e+37 1.000000e+37 0.000000e+00
3397738 4045840 78258.966619 84692.066539 74777.454723 81.845360 139.138107 -128.526657 10.022120 1.000000e+37 1.000000e+37 0.000000e+00
3398305 4047757 77807.339755 85526.394931 75026.184082 115.402618 57.856678 -270.905548 8.937147 1.000000e+37 1.000000e+37 0.000000e+00
3398306 4047759 78131.480824 85052.839799 74274.702592 73.796242 98.312943 -119.931046 10.584573 1.000000e+37 1.000000e+37 0.000000e+00
3398307 4047760 76064.996893 85113.963734 73755.609686 113.442696 74.308556 -177.472351 10.876853 1.000000e+37 1.000000e+37 0.000000e+00
3399154 4049903 77228.199352 84737.842907 73963.833896 175.436600 195.112793 -193.385193 12.549694 1.000000e+37 1.000000e+37 0.000000e+00
3447479 4201741 76949.285334 85516.934482 74505.182440 122.357414 68.504028 -176.832260 10.641632 1.000000e+37 1.000000e+37 0.000000e+00
3448100 4203894 76965.443004 85687.888406 75145.435680 109.751152 60.806843 -290.838684 11.157224 1.000000e+37 1.000000e+37 0.000000e+00
3448108 4203903 78696.122603 84990.123402 74359.652433 112.072174 119.348671 -172.351074 8.528094 1.000000e+37 1.000000e+37 0.000000e+00
3448109 4203904 78151.322798 84827.137340 74593.722257 83.743073 48.229492 -258.605103 10.865220 1.000000e+37 1.000000e+37 0.000000e+00
3448110 4203905 78060.546875 84872.996937 74504.072710 90.474533 35.208221 -259.861115 9.762071 1.000000e+37 1.000000e+37 0.000000e+00
3498596 4364542 77025.945490 83507.196600 73948.641690 120.631767 195.496841 -170.582947 7.132504 1.000000e+37 1.000000e+37 0.000000e+00
3498597 4364543 75114.124645 84784.745650 73875.471635 83.636330 192.031418 -190.399002 8.088250 1.000000e+37 1.000000e+37 0.000000e+00
3499996 4370153 77472.567472 85352.572354 74779.829545 130.649994 53.987556 -270.749695 6.536272 1.000000e+37 1.000000e+37 0.000000e+00
3499999 4370156 77337.158203 84745.832963 75131.791548 116.120407 117.879326 -292.233154 9.296233 1.000000e+37 1.000000e+37 0.000000e+00
3500002 4370160 76613.336737 85362.199263 74929.282449 110.717300 87.597389 -274.417999 9.516536 1.000000e+37 1.000000e+37 0.000000e+00
3500889 4372545 78499.572754 84266.718084 74824.118874 144.556610 170.013947 -238.012985 10.144066 1.000000e+37 1.000000e+37 0.000000e+00
3552463 4541182 76974.892356 83752.824263 73465.093439 99.828766 138.455917 -64.773857 8.931514 1.000000e+37 1.000000e+37 0.000000e+00
3553326 4544808 76942.582564 85564.170144 74235.551314 72.159386 -3.678005 -166.365936 6.994752 1.000000e+37 1.000000e+37 0.000000e+00
3553327 4544809 77297.329989 85677.190607 74204.501065 73.174446 21.454594 -152.662231 9.161194 1.000000e+37 1.000000e+37 0.000000e+00
3553328 4544810 77123.363148 85351.912065 74658.558239 131.787979 76.671974 -274.041321 8.583055 1.000000e+37 1.000000e+37 0.000000e+00
3553335 4544817 75816.850142 85678.022905 74234.008789 80.647736 103.132019 -132.791138 9.509616 1.000000e+37 1.000000e+37 0.000000e+00
3554915 4549652 76966.192072 83520.435680 73887.650923 118.400398 193.748016 -175.456665 7.191771 1.000000e+37 1.000000e+37 0.000000e+00
3608726 4728742 77995.805220 84648.137873 74435.929732 108.642914 140.568512 -228.480240 7.809586 1.000000e+37 1.000000e+37 0.000000e+00
3608815 4728868 76890.342019 82907.037908 73793.018688 125.445572 181.450409 -156.762268 9.942126 1.000000e+37 1.000000e+37 0.000000e+00
3608816 4728869 75158.757990 85134.166371 73984.119762 68.610855 130.261414 -103.074165 7.029005 1.000000e+37 1.000000e+37 0.000000e+00
3609591 4732439 77587.402344 84946.583141 74692.471591 98.823898 -2.395276 -207.632828 9.118839 1.000000e+37 1.000000e+37 0.000000e+00
3609598 4732446 78244.900790 85339.732777 74748.002486 104.896790 43.662380 -105.243950 10.851096 1.000000e+37 1.000000e+37 0.000000e+00
3610314 4735042 75881.675027 85718.544700 74996.620872 87.280212 78.860077 -252.462891 10.225000 1.000000e+37 1.000000e+37 0.000000e+00
3610319 4735047 78420.005105 84830.621893 74457.946777 88.226196 28.998476 -220.990387 11.816593 1.000000e+37 1.000000e+37 0.000000e+00
3610320 4735048 78435.169567 85102.600098 74362.460050 129.230530 55.810211 -234.019974 11.141796 1.000000e+37 1.000000e+37 0.000000e+00
3611278 4737675 76752.985174 83406.738281 73867.087624 116.536903 194.510544 -177.173813 8.845761 1.000000e+37 1.000000e+37 0.000000e+00
3668532 4933616 78669.472434 84851.346103 74776.361639 125.365982 151.772079 -205.843872 11.076610 1.000000e+37 1.000000e+37 0.000000e+00
3668535 4933619 78334.683505 85672.535289 74222.450950 104.830063 54.462757 -112.466202 8.750495 1.000000e+37 1.000000e+37 0.000000e+00
3669247 4936313 77031.227805 85814.636230 75239.058061 115.171921 69.416847 -284.666870 7.509872 1.000000e+37 1.000000e+37 0.000000e+00
3669250 4936316 77631.730513 85693.265048 74882.662686 105.041618 57.343628 -294.777679 8.613637 1.000000e+37 1.000000e+37 0.000000e+00
3669253 4936320 75948.075728 85885.586825 74000.615900 92.862534 81.214539 -251.181854 11.331042 1.000000e+37 1.000000e+37 0.000000e+00
3669254 4936321 77093.927557 85689.070268 74246.726296 74.494125 -4.451232 -209.959579 8.483036 1.000000e+37 1.000000e+37 0.000000e+00
3729103 5144090 77929.265803 85049.388539 74366.516113 63.331612 125.748657 -168.076233 8.539463 1.000000e+37 1.000000e+37 0.000000e+00
3729105 5144094 77925.426136 83559.148615 74491.155451 135.662796 171.645248 -107.100060 7.365764 1.000000e+37 1.000000e+37 0.000000e+00
3730827 5151298 77792.280717 85556.168990 75006.747159 113.812408 47.634663 -265.931885 9.334108 1.000000e+37 1.000000e+37 0.000000e+00
3731912 5154394 76784.501509 84016.185414 75808.538263 118.042725 127.324860 -239.748810 10.290553 1.000000e+37 1.000000e+37 0.000000e+00
3731921 5154415 75798.284357 83511.102850 74573.824796 100.804375 171.005722 -207.776535 9.661671 1.000000e+37 1.000000e+37 0.000000e+00
3793456 5373259 76697.487571 84356.667259 74613.403320 122.995361 210.906845 -137.569504 9.268650 1.000000e+37 1.000000e+37 0.000000e+00
3793457 5373261 77185.446999 83974.326394 74164.412065 129.275406 203.584534 -135.668762 11.096442 1.000000e+37 1.000000e+37 0.000000e+00
3793472 5373285 77663.513184 83320.245916 74455.860485 133.977509 159.088440 -98.152504 11.475292 1.000000e+37 1.000000e+37 0.000000e+00
3795246 5380959 78644.226074 85020.829634 74297.662908 119.919830 126.129433 -187.738602 5.361408 1.000000e+37 1.000000e+37 0.000000e+00
3796400 5384334 75202.353738 85154.801802 73532.520641 106.378952 175.531494 -142.659760 9.611408 1.000000e+37 1.000000e+37 0.000000e+00
3861163 5620781 75208.595969 85113.397772 74105.923739 128.138153 169.612320 -101.600189 10.578492 1.000000e+37 1.000000e+37 0.000000e+00
3862937 5628906 78406.100186 85340.615012 75108.559348 127.377747 16.171810 -250.572906 7.422153 1.000000e+37 1.000000e+37 0.000000e+00
3862938 5628907 78405.739524 85543.196245 74840.415261 126.485123 42.578411 -295.545074 9.600919 1.000000e+37 1.000000e+37 0.000000e+00
3862945 5628915 78341.125488 85421.647505 74785.627885 133.548325 40.399792 -261.134003 11.383811 1.000000e+37 1.000000e+37 0.000000e+00
3864110 5632481 77588.156960 83254.117099 73785.938610 137.020416 186.850143 -165.897827 9.723315 1.000000e+37 1.000000e+37 0.000000e+00
3932047 5885833 78193.431507 83653.520064 74128.684304 131.550827 195.225098 -146.590057 5.926203 1.000000e+37 1.000000e+37 0.000000e+00
3932055 5885843 77799.127752 84376.048695 74665.155584 85.425636 215.945633 -163.698715 8.727067 1.000000e+37 1.000000e+37 0.000000e+00
3932165 5886034 75953.235973 84803.527832 73873.435281 126.962555 228.609909 -123.592155 10.339852 1.000000e+37 1.000000e+37 0.000000e+00
3932166 5886035 75071.344549 84918.107466 74108.170943 117.564796 90.744217 -150.352554 10.326432 1.000000e+37 1.000000e+37 0.000000e+00
3933163 5891128 77143.593528 85381.303267 74610.279430 114.210648 53.224968 -182.200348 7.641375 1.000000e+37 1.000000e+37 0.000000e+00
3933164 5891131 77969.843084 85081.615101 74428.982821 88.486992 120.056870 -238.621719 9.353957 1.000000e+37 1.000000e+37 0.000000e+00
3933166 5891134 76085.099654 85361.034047 74371.876110 95.451195 72.701416 -132.492950 10.565612 1.000000e+37 1.000000e+37 0.000000e+00
3934086 5894788 77490.184437 85376.842152 74577.747692 132.629486 52.675156 -279.900604 8.065551 1.000000e+37 1.000000e+37 0.000000e+00
3934087 5894791 76335.316051 84869.717685 73857.238770 67.217743 82.197060 -106.387474 10.000640 1.000000e+37 1.000000e+37 0.000000e+00
3934089 5894793 76240.916859 84873.890270 73834.295099 86.237717 47.319836 -143.368896 9.340283 1.000000e+37 1.000000e+37 0.000000e+00
4008074 6178919 77294.361461 86514.715021 73704.462225 78.243362 63.484722 -153.780762 7.522349 1.000000e+37 1.000000e+37 0.000000e+00
4009028 6182830 77375.560414 85507.396351 75002.480247 96.321350 48.367809 -255.193726 9.621078 1.000000e+37 1.000000e+37 0.000000e+00
4009034 6182837 78502.424760 85121.287953 74281.116832 111.312859 143.978546 -232.627045 7.104449 1.000000e+37 1.000000e+37 0.000000e+00
4085102 6482744 78787.298029 84338.678533 74715.787021 129.910202 165.460236 -138.421280 5.148571 1.000000e+37 1.000000e+37 0.000000e+00
4085104 6482749 77733.548251 83684.026545 74065.707120 137.069183 189.821503 -132.115646 7.045866 1.000000e+37 1.000000e+37 0.000000e+00
4086319 6488860 77293.740012 86544.821999 73626.020952 78.441734 70.840797 -149.117691 7.688486 1.000000e+37 1.000000e+37 0.000000e+00
4086321 6488864 78496.920499 84913.402211 74710.793235 108.749229 154.781509 -194.140442 8.757063 1.000000e+37 1.000000e+37 0.000000e+00
4086322 6488866 77766.346325 85740.006880 74371.215820 94.073044 -2.289476 -212.656693 8.273310 1.000000e+37 1.000000e+37 0.000000e+00
4086323 6488867 77773.770419 85522.705078 74607.366388 94.579437 51.848881 -96.680145 7.441050 1.000000e+37 1.000000e+37 0.000000e+00
4087296 6493128 78537.092729 85276.555842 75033.364036 145.880844 48.700726 -264.561188 9.686246 1.000000e+37 1.000000e+37 0.000000e+00
4087302 6493137 78657.376376 85093.511408 74267.089844 132.979904 42.934853 -280.480438 8.977376 1.000000e+37 1.000000e+37 0.000000e+00
4087313 6493153 77378.795277 84897.460938 73932.472923 184.124939 182.453568 -172.331131 9.187445 1.000000e+37 1.000000e+37 0.000000e+00
4088786 6497701 76966.769132 83700.167569 73824.601607 122.774612 180.593582 -168.656006 10.607358 1.000000e+37 1.000000e+37 0.000000e+00
4167316 6819111 76330.422141 84365.767045 74547.146884 114.983665 216.806183 -140.095535 9.382709 1.000000e+37 1.000000e+37 0.000000e+00
4167317 6819114 77974.476207 85175.392844 74569.519043 127.253769 32.969742 -290.768890 7.660520 1.000000e+37 1.000000e+37 0.000000e+00
4167318 6819115 77954.650879 85197.482022 74596.202504 126.935066 32.602219 -293.844696 10.780895 1.000000e+37 1.000000e+37 0.000000e+00
4168634 6825849 75228.149414 85380.138050 73962.873979 82.040756 106.281937 -194.338364 6.378222 1.000000e+37 1.000000e+37 0.000000e+00
4168640 6825873 76539.783825 84748.218883 74400.462757 77.719574 85.284027 -187.007477 10.009805 1.000000e+37 1.000000e+37 0.000000e+00
4169645 6830365 77575.661399 85062.916149 74222.789418 89.429970 27.570169 -147.117035 8.463819 1.000000e+37 1.000000e+37 0.000000e+00
4169646 6830366 76644.747647 85395.879572 74944.813121 112.063431 79.965599 -269.050964 5.053401 1.000000e+37 1.000000e+37 0.000000e+00
4169652 6830379 75636.430220 85349.437367 73552.473588 82.638680 94.692039 -186.170074 8.343967 1.000000e+37 1.000000e+37 0.000000e+00
4169653 6830380 76547.612971 84899.530584 73991.726962 70.871437 99.560333 -115.700279 11.568632 1.000000e+37 1.000000e+37 0.000000e+00
4171135 6835141 76322.992498 83549.893466 74021.517667 116.610550 182.087265 -174.632996 7.457227 1.000000e+37 1.000000e+37 0.000000e+00
4252717 7185548 77188.276811 84353.565563 74565.851385 141.916962 226.349960 -141.950089 8.861715 1.000000e+37 1.000000e+37 0.000000e+00
4252719 7185550 76742.659135 84837.896174 74624.694824 123.407440 180.007614 -195.736206 7.533066 1.000000e+37 1.000000e+37 0.000000e+00
4254049 7192895 77889.060281 84656.144576 74497.436523 116.037041 138.635956 -244.394043 9.149136 1.000000e+37 1.000000e+37 0.000000e+00
4254050 7192898 76656.721635 85133.284135 74562.350186 103.570923 83.801079 -131.781967 9.422324 1.000000e+37 1.000000e+37 0.000000e+00
4255164 7197929 78407.282049 85472.450950 74883.478338 138.626266 39.241570 -272.173553 11.110162 1.000000e+37 1.000000e+37 0.000000e+00
4343308 7593234 77948.808150 86436.645508 73855.441007 103.640213 70.447906 -162.454605 9.673457 1.000000e+37 1.000000e+37 0.000000e+00
4343311 7593243 76721.690785 85301.058683 74800.165350 122.647980 89.005264 -264.362152 7.537750 1.000000e+37 1.000000e+37 0.000000e+00
4344468 7598671 78381.397594 85161.954013 74197.537509 85.702545 90.645119 -252.524994 10.273714 1.000000e+37 1.000000e+37 0.000000e+00
4344469 7598672 77302.301580 84502.175071 75528.348056 123.394844 109.614548 -278.431671 10.006438 1.000000e+37 1.000000e+37 0.000000e+00
4344470 7598673 77659.795588 85110.734419 74208.579324 111.486359 -5.126735 -159.534012 7.968343 1.000000e+37 1.000000e+37 0.000000e+00
4344474 7598680 76247.558594 86104.259144 73890.025746 86.430611 37.347343 -199.610474 9.529623 1.000000e+37 1.000000e+37 0.000000e+00
4344475 7598681 77174.593839 85888.871626 74576.288397 96.451698 12.654403 -250.021606 6.046923 1.000000e+37 1.000000e+37 0.000000e+00
4346111 7604280 75904.479980 83627.552379 75406.571822 105.276703 142.732849 -220.689148 7.821007 1.000000e+37 1.000000e+37 0.000000e+00
