66.844188 282.861813	2.94e-01  8.46e-01  3.26e+05	-0.0000 43.5104 0.2476	
66.844188 282.861813	7.58e-01  8.94e-01  2.63e+05	-40.1054 74.4072 0.9143	
66.844188 282.861813	5.29e-01  8.67e-01  2.91e+05	41.7168 55.3232 0.5666	
66.844188 282.861813	3.35e-01  8.81e-01  3.15e+05	22.8705 48.0809 0.5695	
66.844188 282.861813	5.27e-01  6.10e-01  3.26e+05	18.5771 38.8826 0.6336	
66.844188 282.861813	5.07e-01  6.78e-01  3.19e+05	-19.9643 45.4019 0.4963	
66.844188 282.861813	5.81e-01  7.84e-01  2.95e+05	10.1429 66.1837 0.3801	
66.844188 282.861813	4.85e-01  8.91e-01  2.93e+05	18.4991 65.2288 0.1018	
66.844188 282.861813	5.17e-01  8.50e-01  2.95e+05	23.5780 62.7990 0.8110	
66.844188 282.861813	3.67e-01  9.12e-01  3.06e+05	5.8715 59.4039 0.4773	
66.844188 282.861813	4.40e-01  7.22e-01  3.22e+05	3.4372 46.5384 0.5971	
66.844188 282.861813	5.08e-01  9.43e-01  2.85e+05	-6.8443 72.7389 0.7875	
66.844188 282.861813	5.46e-01  8.91e-01  2.86e+05	-5.1342 71.9634 0.8985	
66.844188 282.861813	3.26e-01  9.43e-01  3.07e+05	13.7550 57.0640 0.0444	
66.844188 282.861813	5.25e-01  7.57e-01  3.06e+05	-7.6430 59.4341 0.5737	
66.844188 282.861813	4.47e-01  7.63e-01  3.16e+05	-13.6768 50.6853 0.7401	
66.844188 282.861813	5.19e-01  7.86e-01  3.02e+05	8.0328 61.5169 0.7150	
66.844188 282.861813	5.53e-01  7.38e-01  3.04e+05	-6.8258 60.3363 0.9758	
66.844188 282.861813	4.80e-01  8.82e-01  2.95e+05	-11.8923 65.6342 0.0436	
66.844188 282.861813	5.51e-01  6.87e-01  3.12e+05	-13.2689 53.9742 0.7814	
66.844188 282.861813	6.62e-01  7.20e-01  2.93e+05	18.6398 65.6484 0.0368	
66.844188 282.861813	6.29e-01  6.99e-01  2.99e+05	6.6755 63.6440 0.2559	
66.844188 282.861813	5.19e-01  6.91e-01  3.15e+05	-7.2017 52.0464 0.3003	
66.844188 282.861813	4.08e-01  8.25e-01  3.12e+05	9.7376 54.1700 0.4215	
66.844188 282.861813	4.83e-01  7.82e-01  3.08e+05	22.0009 53.9691 0.1326	
66.844188 282.861813	5.57e-01  6.51e-01  3.16e+05	-12.1857 50.7795 0.8909	
66.844188 282.861813	5.04e-01  7.46e-01  3.10e+05	16.4865 54.3217 0.6380	
66.844188 282.861813	4.72e-01  9.14e-01  2.92e+05	24.2275 64.1199 0.5515	
66.844188 282.861813	2.79e-01  9.42e-01  3.14e+05	-11.9442 52.4604 0.9875	
66.844188 282.861813	4.49e-01  9.17e-01  2.95e+05	-10.8549 66.1398 0.3631	
66.844188 282.861813	4.92e-01  7.99e-01  3.04e+05	-0.4356 60.7703 0.3759	
66.844188 282.861813	5.02e-01  7.80e-01  3.05e+05	13.6235 58.4196 0.6736	
66.844188 282.861813	4.54e-01  8.44e-01  3.03e+05	-8.0836 60.8503 0.8114	
66.844188 282.861813	5.83e-01  9.96e-01  2.70e+05	-8.3030 80.3468 0.7587	
66.844188 282.861813	5.05e-01  8.29e-01  2.99e+05	16.1188 62.4390 0.6274	
66.844188 282.861813	4.75e-01  9.32e-01  2.90e+05	-22.1759 66.4688 0.2968	
66.844188 282.861813	5.13e-01  7.90e-01  3.03e+05	19.7760 58.5798 0.6463	
66.844188 282.861813	4.66e-01  9.79e-01  2.85e+05	-24.4106 68.4840 0.5713	
66.844188 282.861813	6.83e-01  8.64e-01  2.74e+05	-3.3845 78.9586 0.1632	
66.844188 282.861813	4.39e-01  6.81e-01  3.29e+05	16.8167 36.8156 0.6267	
66.844188 282.861813	6.02e-01  6.61e-01  3.08e+05	-16.9786 55.5500 0.9756	
66.844188 282.861813	4.80e-01  8.52e-01  2.99e+05	-18.8401 61.5374 0.7318	
66.844188 282.861813	6.43e-01  9.09e-01  2.73e+05	-6.5625 79.0098 0.6022	
66.844188 282.861813	5.54e-01  6.23e-01  3.20e+05	10.0466 47.5287 0.8757	
66.844188 282.861813	5.20e-01  8.27e-01  2.97e+05	-32.1210 57.0858 0.0771	
66.844188 282.861813	2.53e-01  8.62e-01  3.30e+05	13.5552 37.1965 0.0457	
66.844188 282.861813	4.07e-01  8.15e-01  3.14e+05	-12.0914 52.5483 0.8627	
66.844188 282.861813	6.78e-01  8.36e-01  2.77e+05	20.9113 74.2003 0.5173	
66.844188 282.861813	6.89e-01  9.09e-01  2.68e+05	-1.0972 81.7677 0.1916	
66.844188 282.861813	3.51e-01  7.86e-01  3.26e+05	-6.9394 42.6795 0.5669	
66.844188 282.861813	4.00e-01  7.61e-01  3.23e+05	-0.7618 46.5002 0.5718	
66.844188 282.861813	3.93e-01  8.93e-01  3.05e+05	-13.8601 58.6913 0.0005	
66.844188 282.861813	4.48e-01  7.53e-01  3.17e+05	6.8276 51.0241 0.3265	
66.844188 282.861813	6.42e-01  7.66e-01  2.90e+05	-11.4650 69.2105 0.2048	
66.844188 282.861813	6.21e-01  6.48e-01  3.07e+05	-23.3723 53.8475 0.0923	
66.844188 282.861813	5.78e-01  7.54e-01  2.99e+05	-9.7227 63.5881 0.6195	
66.844188 282.861813	5.14e-01  8.73e-01  2.92e+05	-25.9444 63.5609 0.2996	
66.844188 282.861813	3.79e-01  8.65e-01  3.11e+05	-14.7551 54.1936 0.4295	
66.844188 282.861813	4.97e-01  7.05e-01  3.17e+05	19.8503 47.7001 0.6804	
66.844188 282.861813	4.04e-01  9.03e-01  3.02e+05	-5.8927 61.9291 0.9428	
66.844188 282.861813	6.74e-01  8.29e-01  2.79e+05	-12.9530 75.2847 0.2641	
66.844188 282.861813	5.60e-01  8.73e-01  2.87e+05	-1.6652 71.8551 0.7600	
66.844188 282.861813	5.02e-01  7.00e-01  3.17e+05	-12.4425 50.0917 0.7560	
66.844188 282.861813	3.57e-01  8.18e-01  3.21e+05	5.4176 48.0892 0.8527	
66.844188 282.861813	6.18e-01  7.65e-01  2.93e+05	26.4654 63.0055 0.4123	
66.844188 282.861813	4.98e-01  7.36e-01  3.12e+05	-4.6070 54.9734 0.1595	
66.844188 282.861813	6.47e-01  7.82e-01  2.87e+05	25.9699 66.7639 0.1534	
66.844188 282.861813	2.33e-01  9.09e-01  3.26e+05	-3.3585 43.6913 0.4240	
66.844188 282.861813	3.36e-01  8.88e-01  3.14e+05	-22.6658 49.1026 0.5220	
66.844188 282.861813	5.51e-01  8.39e-01  2.92e+05	28.5144 62.6399 0.5643	
66.844188 282.861813	6.03e-01  7.05e-01  3.02e+05	-6.5513 61.8781 0.3504	
66.844188 282.861813	6.05e-01  6.68e-01  3.07e+05	16.8536 56.5665 0.0767	
66.844188 282.861813	6.35e-01  7.90e-01  2.87e+05	-14.2008 69.9937 0.3490	
66.844188 282.861813	6.92e-01  7.44e-01  2.86e+05	10.1676 71.4005 0.9854	
66.844188 282.861813	5.14e-01  7.77e-01  3.04e+05	-0.1095 60.7401 0.9357	
66.844188 282.861813	5.72e-01  8.11e-01  2.93e+05	10.9924 67.4265 0.0091	
66.844188 282.861813	8.13e-01  8.61e-01  2.61e+05	-29.7755 80.2451 0.0601	
66.844188 282.861813	5.45e-01  8.59e-01  2.90e+05	-23.9909 65.5731 0.4336	
66.844188 282.861813	5.77e-01  7.25e-01  3.03e+05	24.9429 56.4005 0.2516	
66.844188 282.861813	3.82e-01  8.49e-01  3.13e+05	-0.1143 54.8319 0.8608	
66.844188 282.861813	6.91e-01  8.60e-01  2.73e+05	-32.4228 72.2493 0.2846	
66.844188 282.861813	3.60e-01  8.89e-01  3.10e+05	4.0699 56.5909 0.3403	
66.844188 282.861813	5.93e-01  8.80e-01  2.82e+05	-30.0767 68.2492 0.8939	
66.844188 282.861813	6.02e-01  7.38e-01  2.98e+05	-34.5868 54.9395 0.0724	
66.844188 282.861813	5.43e-01  7.82e-01  3.00e+05	18.6686 60.9456 0.2442	
66.844188 282.861813	3.69e-01  7.86e-01  3.23e+05	-17.3750 42.3707 0.8164	
66.844188 282.861813	5.99e-01  7.30e-01  2.99e+05	2.8004 64.0130 0.0057	
66.844188 282.861813	5.95e-01  8.01e-01  2.91e+05	-2.6892 69.2285 0.4938	
66.844188 282.861813	5.36e-01  7.68e-01  3.03e+05	-6.4932 61.5693 0.4563	
66.844188 282.861813	5.50e-01  7.80e-01  2.99e+05	22.3600 60.0851 0.3282	
66.844188 282.861813	5.48e-01  9.58e-01  2.78e+05	-5.9197 76.3426 0.9595	
66.844188 282.861813	5.61e-01  7.17e-01  3.06e+05	5.4971 59.2565 0.6792	
66.844188 282.861813	4.66e-01  7.90e-01  3.09e+05	-17.0000 54.7756 0.5683	
66.844188 282.861813	6.45e-01  7.05e-01  2.97e+05	-10.5825 64.9054 0.3050	
66.844188 282.861813	3.27e-01  9.03e-01  3.13e+05	-5.8254 54.4870 0.0113	
66.844188 282.861813	7.32e-01  7.51e-01  2.81e+05	-14.1081 73.8560 0.0495	
66.844188 282.861813	5.37e-01  9.53e-01  2.80e+05	7.1944 75.2926 0.1428	
66.844188 282.861813	5.65e-01  9.07e-01  2.82e+05	1.1964 74.4611 0.6044	
66.844188 282.861813	4.54e-01  7.61e-01  3.15e+05	28.7154 44.6918 0.0688	
66.844188 282.861813	3.85e-01  7.64e-01  3.24e+05	-14.8730 42.3592 0.6705	
66.844188 282.861813	5.69e-01  8.19e-01  2.92e+05	-21.3300 65.3456 0.9730	
66.844188 282.861813	5.46e-01  8.84e-01  2.87e+05	-3.4820 71.5813 0.8878	
66.844188 282.861813	2.93e-01  7.83e-01  3.36e+05	5.5355 32.1491 0.5956	
66.844188 282.861813	6.58e-01  8.00e-01  2.84e+05	12.7894 72.4391 0.9642	
66.844188 282.861813	4.17e-01  7.35e-01  3.24e+05	17.2010 41.9909 0.4626	
66.844188 282.861813	4.95e-01  9.10e-01  2.90e+05	-0.1820 69.9429 0.2816	
66.844188 282.861813	3.62e-01  8.61e-01  3.14e+05	7.1942 53.4386 0.3687	
66.844188 282.861813	6.00e-01  8.88e-01  2.80e+05	16.7423 73.6147 0.0638	
66.844188 282.861813	5.37e-01  6.97e-01  3.12e+05	-11.5365 53.9643 0.2610	
66.844188 282.861813	5.03e-01  7.71e-01  3.06e+05	1.2969 59.2218 0.0955	
66.844188 282.861813	4.60e-01  7.37e-01  3.17e+05	27.0796 43.2626 0.4440	
66.844188 282.861813	4.00e-01  7.13e-01  3.30e+05	-4.7040 39.1460 0.0718	
66.844188 282.861813	4.08e-01  8.38e-01  3.10e+05	-1.7121 56.4254 0.4700	
66.844188 282.861813	4.81e-01  8.63e-01  2.97e+05	-6.9544 64.9733 0.7321	
66.844188 282.861813	5.38e-01  9.74e-01  2.78e+05	-8.2118 76.5058 0.6117	
66.844188 282.861813	5.89e-01  8.70e-01  2.84e+05	-24.2793 69.5226 0.1844	
66.844188 282.861813	4.50e-01  7.76e-01  3.13e+05	8.0715 53.6774 0.0079	
66.844188 282.861813	4.22e-01  7.52e-01  3.21e+05	-2.4870 48.1471 0.3180	
66.844188 282.861813	5.67e-01  7.89e-01  2.96e+05	-13.9826 64.7548 0.6542	
66.844188 282.861813	4.33e-01  9.38e-01  2.94e+05	-38.9429 55.0638 0.5783	
66.844188 282.861813	5.75e-01  7.86e-01  2.95e+05	7.0602 66.2669 0.3965	
66.844188 282.861813	6.10e-01  7.80e-01  2.92e+05	16.8152 66.7807 0.3302	
66.844188 282.861813	4.53e-01  7.04e-01  3.23e+05	24.0227 39.1479 0.1825	
66.844188 282.861813	3.81e-01  8.11e-01  3.18e+05	4.5438 50.2012 0.7342	
66.844188 282.861813	5.18e-01  6.83e-01  3.17e+05	-14.1704 49.5702 0.4249	
66.844188 282.861813	5.03e-01  6.65e-01  3.21e+05	-8.1522 46.8526 0.3442	
66.844188 282.861813	4.45e-01  7.44e-01  3.19e+05	27.7956 41.5974 0.6100	
66.844188 282.861813	6.25e-01  7.77e-01  2.90e+05	15.4888 68.0241 0.7150	
66.844188 282.861813	5.10e-01  8.45e-01  2.96e+05	-29.5172 59.2096 0.5304	
66.844188 282.861813	4.80e-01  8.27e-01  3.02e+05	-26.8190 56.0406 0.0234	
66.844188 282.861813	4.32e-01  7.74e-01  3.16e+05	-13.5434 50.3696 0.0577	
66.844188 282.861813	7.01e-01  8.20e-01  2.77e+05	-17.6803 75.4216 0.5788	
66.844188 282.861813	3.75e-01  8.70e-01  3.11e+05	-5.1821 56.0956 0.4597	
66.844188 282.861813	4.29e-01  9.71e-01  2.90e+05	31.9150 61.8672 0.4495	
66.844188 282.861813	6.08e-01  8.62e-01  2.82e+05	-4.6253 74.1982 0.8808	
66.844188 282.861813	5.04e-01  9.06e-01  2.89e+05	-20.6465 67.1934 0.4810	
66.844188 282.861813	4.95e-01  7.53e-01  3.10e+05	-9.8883 55.7123 0.0769	
66.844188 282.861813	5.50e-01  9.62e-01  2.78e+05	21.5037 73.8648 0.6803	
66.844188 282.861813	5.85e-01  7.56e-01  2.98e+05	34.2492 55.2976 0.9818	
66.844188 282.861813	7.16e-01  7.68e-01  2.81e+05	9.9540 74.5712 0.4292	
66.844188 282.861813	4.87e-01  7.98e-01  3.05e+05	-40.1654 44.8624 0.6050	
66.844188 282.861813	4.92e-01  8.63e-01  2.96e+05	-27.0500 60.3394 0.7681	
66.844188 282.861813	5.78e-01  7.79e-01  2.96e+05	10.4504 65.4647 0.6026	
66.844188 282.861813	5.77e-01  7.49e-01  3.00e+05	6.5483 63.4761 0.6745	
66.844188 282.861813	5.60e-01  8.13e-01  2.94e+05	-3.5684 67.4628 0.7988	
66.844188 282.861813	7.19e-01  7.39e-01  2.84e+05	35.6814 64.3828 0.2158	
66.844188 282.861813	5.95e-01  9.32e-01  2.76e+05	-21.3926 74.8427 0.0036	
66.844188 282.861813	5.99e-01  9.62e-01  2.72e+05	-26.6223 75.2021 0.1772	
66.844188 282.861813	4.49e-01  7.94e-01  3.11e+05	1.7413 56.0030 0.0239	
66.844188 282.861813	5.36e-01  8.22e-01  2.96e+05	2.7250 66.3223 0.3384	
66.844188 282.861813	5.43e-01  7.95e-01  2.98e+05	6.3263 64.4852 0.9763	
66.844188 282.861813	5.82e-01  6.95e-01  3.06e+05	-7.9728 58.9208 0.9315	
66.844188 282.861813	5.20e-01  8.52e-01  2.94e+05	10.7584 66.6691 0.1793	
66.844188 282.861813	4.63e-01  7.16e-01  3.20e+05	-18.9690 45.1066 0.8817	
66.844188 282.861813	5.03e-01  8.54e-01  2.96e+05	8.3254 65.8110 0.2370	
66.844188 282.861813	5.01e-01  8.00e-01  3.03e+05	34.0521 51.4772 0.9054	
66.844188 282.861813	5.57e-01  7.73e-01  2.99e+05	0.0051 64.1555 0.1300	
66.844188 282.861813	4.74e-01  8.35e-01  3.02e+05	4.9908 62.1493 0.2179	
66.844188 282.861813	4.73e-01  7.38e-01  3.15e+05	6.0991 52.3097 0.4142	
66.844188 282.861813	5.64e-01  8.56e-01  2.88e+05	-35.3309 61.5851 0.5938	
66.844188 282.861813	5.57e-01  7.62e-01  3.01e+05	-19.2662 60.1774 0.4984	
66.844188 282.861813	4.59e-01  9.28e-01  2.92e+05	-23.9247 64.3741 0.9458	
66.844188 282.861813	5.41e-01  5.97e-01  3.26e+05	-1.0775 43.3120 0.3026	
66.844188 282.861813	2.16e-01  8.74e-01  3.33e+05	23.7645 26.3889 0.7595	
66.844188 282.861813	5.67e-01  6.60e-01  3.13e+05	-1.8966 54.3355 0.2172	
66.844188 282.861813	5.64e-01  7.65e-01  2.99e+05	1.9052 64.0310 0.1022	
66.844188 282.861813	5.04e-01  7.41e-01  3.11e+05	14.5772 54.3695 0.0357	
66.844188 282.861813	6.21e-01  9.19e-01  2.74e+05	14.4876 77.2468 0.5058	
66.844188 282.861813	5.22e-01  8.25e-01  2.97e+05	26.3807 60.0078 0.7430	
66.844188 282.861813	3.64e-01  9.10e-01  3.06e+05	5.3060 59.0015 0.9724	
66.844188 282.861813	6.15e-01  7.21e-01  2.98e+05	-24.5534 59.7721 0.5079	
66.844188 282.861813	4.38e-01  6.57e-01  3.33e+05	-3.6859 36.1504 0.2703	
66.844188 282.861813	5.03e-01  6.94e-01  3.17e+05	-0.7939 51.1098 0.2043	
66.844188 282.861813	5.97e-01  7.72e-01  2.94e+05	-29.7911 60.3817 0.7377	
66.844188 282.861813	3.90e-01  8.35e-01  3.13e+05	-15.2048 52.0028 0.3185	
66.844188 282.861813	4.85e-01  7.58e-01  3.11e+05	-21.9919 51.5808 0.3480	
66.844188 282.861813	5.47e-01  8.17e-01  2.95e+05	21.6990 63.3095 0.3598	
66.844188 282.861813	4.87e-01  9.02e-01  2.92e+05	7.8179 68.3685 0.2105	
66.844188 282.861813	6.60e-01  7.83e-01  2.85e+05	-17.2039 70.5490 0.2937	
66.844188 282.861813	4.62e-01  9.57e-01  2.88e+05	-18.3852 68.4949 0.4559	
66.844188 282.861813	2.83e-01  9.40e-01  3.14e+05	13.0223 52.4045 0.2179	
66.844188 282.861813	4.01e-01  8.28e-01  3.13e+05	-28.3531 46.6971 0.1731	
66.844188 282.861813	3.04e-01  8.28e-01  3.27e+05	20.8257 36.8535 0.6437	
66.844188 282.861813	4.50e-01  6.61e-01  3.30e+05	-13.9901 36.5730 0.6350	
66.844188 282.861813	5.58e-01  8.65e-01  2.88e+05	-0.5740 71.2064 0.6149	
66.844188 282.861813	5.57e-01  6.97e-01  3.09e+05	-14.4935 55.3204 0.0282	
66.844188 282.861813	5.49e-01  9.05e-01  2.84e+05	13.9505 71.9953 0.6413	
66.844188 282.861813	6.74e-01  9.47e-01  2.66e+05	-2.1620 82.9175 0.6275	
66.844188 282.861813	8.03e-01  9.20e-01  2.56e+05	16.6235 86.2394 0.9199	
66.844188 282.861813	7.62e-01  7.75e-01  2.75e+05	9.8539 77.8217 0.2034	
66.844188 282.861813	5.41e-01  8.69e-01  2.89e+05	-38.4420 58.8230 0.8678	
66.844188 282.861813	3.78e-01  7.93e-01  3.21e+05	6.5923 47.4509 0.0315	
66.844188 282.861813	6.13e-01  8.65e-01  2.81e+05	-25.5285 70.3932 0.4633	
66.844188 282.861813	7.01e-01  8.63e-01  2.72e+05	-7.0961 79.6598 0.5523	
66.844188 282.861813	5.87e-01  8.25e-01  2.89e+05	3.3036 70.3286 0.7059	
66.844188 282.861813	4.17e-01  9.61e-01  2.93e+05	-31.3639 60.2360 0.6975	
66.844188 282.861813	4.33e-01  7.68e-01  3.17e+05	-1.4246 51.4820 0.7593	
66.844188 282.861813	3.54e-01  8.97e-01  3.10e+05	-5.5735 56.6051 0.8941	
66.844188 282.861813	3.27e-01  8.34e-01  3.23e+05	-7.1420 45.9652 0.6737	
66.844188 282.861813	5.01e-01  7.57e-01  3.09e+05	7.3605 57.1027 0.7647	
66.844188 282.861813	7.02e-01  7.93e-01  2.79e+05	-35.5716 67.0490 0.5736	
66.844188 282.861813	4.86e-01  7.28e-01  3.15e+05	-15.1825 50.7661 0.9317	
66.844188 282.861813	3.53e-01  8.11e-01  3.22e+05	7.5063 46.3164 0.2258	
66.844188 282.861813	3.41e-01  8.55e-01  3.17e+05	-10.1702 49.9585 0.3459	
66.844188 282.861813	7.10e-01  8.31e-01  2.74e+05	19.7137 76.1106 0.9928	
66.844188 282.861813	2.18e-01  9.60e-01  3.20e+05	4.0237 48.6345 0.6779	
66.844188 282.861813	4.98e-01  7.94e-01  3.04e+05	7.9620 60.3184 0.2816	
66.844188 282.861813	5.06e-01  7.35e-01  3.11e+05	11.1995 54.7840 0.1556	
66.844188 282.861813	5.25e-01  9.07e-01  2.87e+05	9.3197 71.2464 0.9131	
66.844188 282.861813	6.80e-01  7.94e-01  2.82e+05	-8.3829 74.1623 0.4490	
66.844188 282.861813	6.33e-01  6.95e-01  2.99e+05	-27.8427 57.5972 0.2727	
66.844188 282.861813	3.16e-01  8.53e-01  3.21e+05	19.3289 43.5068 0.0562	
66.844188 282.861813	4.71e-01  8.95e-01  2.95e+05	0.8015 66.9812 0.7554	
66.844188 282.861813	4.50e-01  7.55e-01  3.16e+05	-17.6614 48.8515 0.0741	
66.844188 282.861813	4.80e-01  8.55e-01  2.99e+05	-10.2105 63.7019 0.9256	
66.844188 282.861813	4.20e-01  7.14e-01  3.27e+05	-15.2819 39.9150 0.0282	
66.844188 282.861813	4.59e-01  9.38e-01  2.91e+05	-11.1117 68.4695 0.1244	
66.844188 282.861813	4.62e-01  6.97e-01  3.23e+05	-24.6638 39.0708 0.0896	
66.844188 282.861813	4.99e-01  8.27e-01  3.00e+05	-14.5849 62.0645 0.5531	
66.844188 282.861813	4.40e-01  8.30e-01  3.07e+05	10.4639 57.8397 0.0512	
66.844188 282.861813	5.20e-01  8.95e-01  2.89e+05	13.2899 69.3875 0.7008	
66.844188 282.861813	3.66e-01  8.95e-01  3.08e+05	10.3950 56.9102 0.9028	
66.844188 282.861813	4.30e-01  7.99e-01  3.13e+05	-20.9753 50.4480 0.2789	
66.844188 282.861813	4.28e-01  8.76e-01  3.03e+05	5.3804 61.6884 0.8257	
66.844188 282.861813	5.31e-01  9.09e-01  2.86e+05	18.7211 69.9399 0.5009	
66.844188 282.861813	4.63e-01  8.31e-01  3.04e+05	-35.4261 49.6258 0.6809	
66.844188 282.861813	7.40e-01  7.90e-01  2.76e+05	29.0989 72.3777 0.0534	
66.844188 282.861813	5.20e-01  6.98e-01  3.14e+05	16.3704 50.9373 0.6589	
66.844188 282.861813	4.51e-01  7.42e-01  3.18e+05	-16.7356 47.6669 0.5801	
66.844188 282.861813	5.43e-01  7.21e-01  3.08e+05	-2.5964 58.0629 0.7366	
66.844188 282.861813	6.63e-01  8.70e-01  2.75e+05	-34.1417 70.3077 0.2238	
66.844188 282.861813	3.80e-01  7.47e-01  3.28e+05	5.8776 41.2424 0.5410	
66.844188 282.861813	3.70e-01  7.03e-01  3.36e+05	14.7216 28.3316 0.1971	
66.844188 282.861813	6.72e-01  7.54e-01  2.87e+05	-10.3457 70.6729 0.5875	
66.844188 282.861813	4.87e-01  5.84e-01  3.37e+05	-7.1578 30.7764 0.5766	
66.844188 282.861813	4.95e-01  8.54e-01  2.97e+05	21.5150 62.0084 0.7710	
66.844188 282.861813	5.36e-01  8.00e-01  2.99e+05	3.8204 64.4727 0.8338	
66.844188 282.861813	5.09e-01  7.78e-01  3.05e+05	1.1602 60.3702 0.4237	
66.844188 282.861813	5.74e-01  8.42e-01  2.89e+05	-9.3058 70.1027 0.8631	
66.844188 282.861813	6.74e-01  9.01e-01  2.71e+05	-3.9937 80.4512 0.9099	
66.844188 282.861813	5.83e-01  7.45e-01  2.99e+05	0.8179 64.0109 0.6761	
66.844188 282.861813	4.69e-01  7.93e-01  3.08e+05	-9.4400 57.2414 0.9185	
66.844188 282.861813	5.17e-01  7.30e-01  3.10e+05	11.9957 55.1752 0.6119	
66.844188 282.861813	4.49e-01  6.85e-01  3.27e+05	-3.6386 42.5564 0.6702	
66.844188 282.861813	3.96e-01  8.38e-01  3.12e+05	-23.4026 49.9031 0.6802	
66.844188 282.861813	3.37e-01  8.99e-01  3.12e+05	-3.0026 55.3780 0.9533	
66.844188 282.861813	5.83e-01  8.27e-01  2.89e+05	-1.3568 70.2905 0.6966	
66.844188 282.861813	4.25e-01  7.59e-01  3.19e+05	-5.8590 49.1405 0.0918	
66.844188 282.861813	2.76e-01  9.40e-01  3.15e+05	20.4799 49.1348 0.8665	
66.844188 282.861813	4.77e-01  7.79e-01  3.09e+05	-7.4685 56.9428 0.5132	
66.844188 282.861813	5.43e-01  8.93e-01  2.86e+05	-25.0896 67.6076 0.2337	
66.844188 282.861813	5.42e-01  7.66e-01  3.02e+05	-18.4135 59.4944 0.9271	
66.844188 282.861813	5.91e-01  8.97e-01  2.80e+05	-32.1571 68.3228 0.9262	
66.844188 282.861813	5.74e-01  7.01e-01  3.07e+05	42.3629 41.3693 0.1993	
66.844188 282.861813	4.81e-01  7.97e-01  3.06e+05	-0.9534 59.5133 0.2137	
66.844188 282.861813	3.48e-01  7.78e-01  3.28e+05	-19.3451 36.6943 0.7469	
66.844188 282.861813	6.26e-01  8.67e-01  2.80e+05	-1.1239 75.7896 0.3714	
66.844188 282.861813	4.59e-01  7.44e-01  3.17e+05	-15.2586 49.4057 0.8078	
66.844188 282.861813	2.49e-01  8.73e-01  3.29e+05	9.3719 39.7570 0.1459	
66.844188 282.861813	4.96e-01  6.65e-01  3.23e+05	35.8940 29.5088 0.0128	
66.844188 282.861813	5.87e-01  8.37e-01  2.88e+05	20.4795 68.3475 0.9989	
66.844188 282.861813	5.14e-01  8.19e-01  2.99e+05	-6.6812 64.0803 0.3970	
66.844188 282.861813	4.06e-01  7.47e-01  3.24e+05	18.2002 41.7052 0.6654	
66.844188 282.861813	6.66e-01  7.70e-01  2.86e+05	29.4284 65.8270 0.1916	
66.844188 282.861813	4.24e-01  8.13e-01  3.12e+05	7.3371 55.0546 0.0098	
66.844188 282.861813	4.74e-01  7.10e-01  3.19e+05	-19.5381 45.5437 0.6949	
66.844188 282.861813	6.17e-01  8.12e-01  2.87e+05	2.6830 71.5905 0.0866	
66.844188 282.861813	6.55e-01  7.86e-01  2.86e+05	11.2211 71.5692 0.8467	
66.844188 282.861813	4.48e-01  8.56e-01  3.03e+05	-8.1784 61.3717 0.3590	
66.844188 282.861813	2.51e-01  9.20e-01  3.21e+05	10.7419 46.5175 0.8839	
66.844188 282.861813	3.71e-01  8.45e-01  3.15e+05	-18.2979 50.0154 0.4223	
66.844188 282.861813	4.85e-01  7.17e-01  3.17e+05	16.6144 48.9378 0.5967	
66.844188 282.861813	5.39e-01  7.18e-01  3.09e+05	-8.9315 56.7763 0.2488	
66.844188 282.861813	3.27e-01  8.23e-01  3.24e+05	7.5119 44.4003 0.2786	
66.844188 282.861813	5.16e-01  6.84e-01  3.17e+05	-13.9209 49.5072 0.0583	
66.844188 282.861813	5.01e-01  7.96e-01  3.04e+05	28.6542 54.1797 0.3995	
66.844188 282.861813	6.07e-01  7.46e-01  2.96e+05	-9.9919 65.2937 0.2157	
66.844188 282.861813	6.12e-01  8.14e-01  2.87e+05	33.5468 62.9996 0.3555	
66.844188 282.861813	4.31e-01  7.93e-01  3.14e+05	16.0606 51.5777 0.3271	
66.844188 282.861813	5.39e-01  8.49e-01  2.92e+05	5.7449 68.4393 0.2464	
66.844188 282.861813	5.97e-01  7.84e-01  2.93e+05	10.7175 67.2819 0.5837	
66.844188 282.861813	4.41e-01  9.48e-01  2.92e+05	-2.7277 68.7545 0.9597	
66.844188 282.861813	5.92e-01  6.68e-01  3.08e+05	-10.7439 56.8721 0.1523	
66.844188 282.861813	2.59e-01  8.71e-01  3.27e+05	-10.7217 40.6630 0.1922	
66.844188 282.861813	5.56e-01  7.43e-01  3.03e+05	-17.2261 58.9887 0.0891	
66.844188 282.861813	4.55e-01  8.65e-01  3.01e+05	4.7747 63.1121 0.4076	
66.844188 282.861813	4.74e-01  8.28e-01  3.03e+05	-3.7027 61.6246 0.8871	
66.844188 282.861813	5.49e-01  8.11e-01  2.95e+05	24.6164 61.8670 0.7386	
66.844188 282.861813	5.15e-01  6.98e-01  3.15e+05	10.4973 51.7872 0.3113	
66.844188 282.861813	5.18e-01  7.96e-01  3.01e+05	-24.9856 57.6124 0.5550	
66.844188 282.861813	3.29e-01  9.02e-01  3.13e+05	-17.0316 52.1269 0.4192	
66.844188 282.861813	3.57e-01  9.80e-01  2.98e+05	11.5017 63.7607 0.1835	
66.844188 282.861813	3.78e-01  8.09e-01  3.19e+05	-13.4545 48.0971 0.5443	
66.844188 282.861813	4.82e-01  8.74e-01  2.96e+05	-20.4345 63.0559 0.3616	
66.844188 282.861813	4.92e-01  9.31e-01  2.88e+05	41.4385 57.9517 0.8744	
66.844188 282.861813	4.50e-01  7.43e-01  3.18e+05	-18.1759 47.1959 0.4929	
66.844188 282.861813	3.38e-01  7.47e-01  3.34e+05	0.5793 34.4345 0.4061	
66.844188 282.861813	4.29e-01  7.80e-01  3.16e+05	15.1746 50.2117 0.2066	
66.844188 282.861813	4.68e-01  7.82e-01  3.10e+05	32.4995 46.5691 0.9224	
66.844188 282.861813	3.84e-01  8.80e-01  3.08e+05	-30.9291 49.3133 0.5226	
66.844188 282.861813	6.39e-01  7.62e-01  2.90e+05	21.9329 66.0581 0.0322	
66.844188 282.861813	3.74e-01  9.46e-01  3.01e+05	11.1340 62.3084 0.2207	
66.844188 282.861813	4.72e-01  8.41e-01  3.01e+05	-1.8990 62.6982 0.8325	
66.844188 282.861813	4.80e-01  9.93e-01  2.82e+05	-11.4442 73.6528 0.6575	
66.844188 282.861813	4.45e-01  8.42e-01  3.05e+05	3.7468 60.2397 0.4825	
66.844188 282.861813	5.16e-01  6.91e-01  3.16e+05	-1.5472 52.2078 0.8612	
66.844188 282.861813	5.80e-01  7.38e-01  3.01e+05	-7.0473 62.7695 0.4888	
66.844188 282.861813	3.87e-01  9.36e-01  3.00e+05	-2.1692 63.5714 0.5907	
66.844188 282.861813	5.82e-01  8.66e-01  2.85e+05	-33.9037 64.5573 0.2006	
66.844188 282.861813	4.21e-01  8.21e-01  3.11e+05	-9.3026 55.2356 0.8798	
66.844188 282.861813	2.24e-01  8.73e-01  3.32e+05	-10.8389 35.0974 0.4655	
66.844188 282.861813	5.71e-01  7.74e-01  2.97e+05	22.0526 61.5143 0.9971	
66.844188 282.861813	2.40e-01  9.64e-01  3.16e+05	15.4346 49.5138 0.4364	
66.844188 282.861813	5.60e-01  7.12e-01  3.07e+05	-20.8274 55.1969 0.8035	
66.844188 282.861813	5.98e-01  6.82e-01  3.06e+05	-6.0590 59.4813 0.4340	
66.844188 282.861813	4.71e-01  9.34e-01  2.90e+05	25.4120 65.1100 0.8934	
66.844188 282.861813	4.20e-01  8.38e-01  3.09e+05	5.8409 57.3848 0.6632	
66.844188 282.861813	5.74e-01  7.49e-01  3.00e+05	-25.9665 58.0059 0.8467	
66.844188 282.861813	5.55e-01  7.47e-01  3.03e+05	-30.0624 53.9214 0.7363	
66.844188 282.861813	7.16e-01  8.63e-01  2.70e+05	15.6179 79.2410 0.8013	
66.844188 282.861813	4.68e-01  8.45e-01  3.01e+05	-18.6351 59.8449 0.6222	
66.844188 282.861813	5.39e-01  6.71e-01  3.16e+05	-27.7342 44.5535 0.8736	
66.844188 282.861813	4.68e-01  8.64e-01  2.99e+05	-19.4950 61.2909 0.3881	
66.844188 282.861813	4.36e-01  9.65e-01  2.90e+05	-11.3181 68.7351 0.5450	
66.844188 282.861813	6.27e-01  7.49e-01  2.93e+05	23.2106 63.7696 0.3926	
66.844188 282.861813	4.34e-01  9.05e-01  2.98e+05	-28.1439 58.4415 0.3502	
66.844188 282.861813	5.72e-01  8.91e-01  2.83e+05	12.7870 72.8120 0.3974	
66.844188 282.861813	5.99e-01  7.56e-01  2.96e+05	21.3458 62.5860 0.9938	
66.844188 282.861813	3.69e-01  9.38e-01  3.02e+05	-11.4352 61.1191 0.6144	
66.844188 282.861813	5.50e-01  7.15e-01  3.08e+05	9.0445 57.6026 0.4854	
66.844188 282.861813	4.50e-01  8.00e-01  3.10e+05	9.2982 56.0354 0.7515	
66.844188 282.861813	4.29e-01  8.59e-01  3.05e+05	25.8786 54.6396 0.3223	
66.844188 282.861813	3.44e-01  8.51e-01  3.18e+05	-13.2671 48.9931 0.3704	
66.844188 282.861813	6.01e-01  7.82e-01  2.93e+05	16.6875 66.2054 0.9147	
66.844188 282.861813	6.83e-01  8.17e-01  2.79e+05	20.1956 73.5073 0.3029	
66.844188 282.861813	5.83e-01  8.01e-01  2.92e+05	-9.3863 67.8190 0.6959	
66.844188 282.861813	6.51e-01  7.81e-01  2.87e+05	2.3462 71.7681 0.0820	
66.844188 282.861813	5.24e-01  7.97e-01  3.00e+05	-1.8414 63.3578 0.0526	
66.844188 282.861813	2.71e-01  8.88e-01  3.23e+05	-9.5187 45.2548 0.0334	
66.844188 282.861813	3.91e-01  8.20e-01  3.15e+05	-23.3387 47.2539 0.0736	
66.844188 282.861813	4.39e-01  8.45e-01  3.05e+05	-18.2781 57.3036 0.5424	
66.844188 282.861813	3.78e-01  7.65e-01  3.25e+05	-1.2118 44.0210 0.1445	
66.844188 282.861813	5.60e-01  8.83e-01  2.85e+05	-24.5581 68.3062 0.1615	
66.844188 282.861813	3.41e-01  9.23e-01  3.08e+05	19.5778 54.8057 0.9941	
66.844188 282.861813	4.97e-01  7.79e-01  3.06e+05	22.9234 54.7349 0.2462	
66.844188 282.861813	6.64e-01  7.25e-01  2.92e+05	2.3530 68.7020 0.7234	
66.844188 282.861813	4.28e-01  8.20e-01  3.10e+05	-37.1608 42.7388 0.1213	
66.844188 282.861813	4.33e-01  8.96e-01  2.99e+05	-2.4329 64.0287 0.9475	
66.844188 282.861813	5.08e-01  7.83e-01  3.04e+05	-28.1346 53.8890 0.2025	
66.844188 282.861813	4.97e-01  7.85e-01  3.06e+05	-13.3449 58.3556 0.2267	
66.844188 282.861813	4.74e-01  7.90e-01  3.08e+05	19.4583 54.8520 0.9993	
66.844188 282.861813	3.74e-01  7.71e-01  3.25e+05	17.4895 40.7764 0.1059	
66.844188 282.861813	7.19e-01  8.56e-01  2.71e+05	34.2817 72.9208 0.4988	
66.844188 282.861813	6.25e-01  8.30e-01  2.84e+05	18.8643 70.9162 0.2217	
66.844188 282.861813	3.86e-01  9.17e-01  3.03e+05	3.4533 61.7802 0.7390	
66.844188 282.861813	6.11e-01  8.35e-01  2.85e+05	18.0770 70.5225 0.2394	
66.844188 282.861813	6.71e-01  9.22e-01  2.69e+05	17.0658 79.6689 0.7217	
66.844188 282.861813	5.31e-01  7.10e-01  3.11e+05	-27.1772 48.9373 0.0895	
66.844188 282.861813	3.35e-01  8.78e-01  3.15e+05	-6.2185 52.5272 0.3268	
66.844188 282.861813	4.17e-01  8.60e-01  3.06e+05	22.7078 54.9383 0.6917	
66.844188 282.861813	6.13e-01  8.65e-01  2.81e+05	37.0227 65.0374 0.4230	
66.844188 282.861813	5.70e-01  7.70e-01  2.98e+05	13.9556 63.4283 0.4648	
66.844188 282.861813	4.52e-01  8.15e-01  3.08e+05	22.9570 53.7485 0.8945	
66.844188 282.861813	4.90e-01  9.44e-01  2.86e+05	15.1245 70.3826 0.6419	
66.844188 282.861813	5.97e-01  7.51e-01  2.97e+05	17.3249 63.2577 0.9637	
66.844188 282.861813	5.73e-01  7.39e-01  3.02e+05	19.2847 59.6021 0.8170	
66.844188 282.861813	5.24e-01  8.47e-01  2.94e+05	-10.8898 66.5720 0.4314	
66.844188 282.861813	5.09e-01  8.41e-01  2.97e+05	26.6350 60.1763 0.9783	
66.844188 282.861813	4.71e-01  7.97e-01  3.07e+05	28.4593 51.2253 0.6022	
66.844188 282.861813	3.58e-01  6.99e-01  3.39e+05	-0.7710 28.4085 0.5488	
66.844188 282.861813	5.65e-01  7.85e-01  2.97e+05	-7.1515 65.4407 0.3450	
66.844188 282.861813	4.16e-01  6.96e-01  3.30e+05	2.0358 39.0792 0.3891	
66.844188 282.861813	4.09e-01  8.22e-01  3.13e+05	36.1071 41.2320 0.4505	
66.844188 282.861813	5.93e-01  7.42e-01  2.99e+05	17.1049 62.2186 0.6378	
66.844188 282.861813	4.84e-01  8.58e-01  2.98e+05	9.6476 64.4290 0.2952	
66.844188 282.861813	6.77e-01  8.90e-01  2.72e+05	22.1571 76.9848 0.2985	
66.844188 282.861813	5.38e-01  7.42e-01  3.06e+05	7.8357 59.2395 0.6624	
66.844188 282.861813	3.73e-01  9.14e-01  3.05e+05	9.5410 59.6038 0.9530	
66.844188 282.861813	6.32e-01  8.04e-01  2.86e+05	-19.7682 69.3818 0.8646	
66.844188 282.861813	3.71e-01  8.19e-01  3.18e+05	-9.7243 49.2769 0.7504	
66.844188 282.861813	5.97e-01  8.57e-01  2.84e+05	16.8575 71.3730 0.8317	
66.844188 282.861813	3.42e-01  7.37e-01  3.35e+05	-20.0844 26.2965 0.0329	
66.844188 282.861813	5.50e-01  8.27e-01  2.93e+05	-1.1319 67.8510 0.2860	
66.844188 282.861813	5.13e-01  6.84e-01  3.17e+05	10.5901 49.9548 0.6658	
66.844188 282.861813	4.90e-01  9.32e-01  2.88e+05	7.3426 70.7628 0.4441	
66.844188 282.861813	3.16e-01  9.18e-01  3.12e+05	7.1421 54.7141 0.7228	
66.844188 282.861813	3.44e-01  7.97e-01  3.26e+05	19.6435 39.0356 0.2113	
66.844188 282.861813	4.85e-01  8.81e-01  2.95e+05	-28.4694 60.6406 0.9879	
66.844188 282.861813	5.14e-01  9.00e-01  2.89e+05	31.8304 63.0207 0.9065	
66.844188 282.861813	5.64e-01  8.23e-01  2.92e+05	2.5687 68.5896 0.8496	
66.844188 282.861813	4.44e-01  9.28e-01  2.94e+05	-3.9618 67.3998 0.6120	
66.844188 282.861813	2.66e-01  9.15e-01  3.20e+05	-22.2239 43.8067 0.5383	
66.844188 282.861813	4.00e-01  8.03e-01  3.16e+05	-10.9218 50.5691 0.9397	
66.844188 282.861813	5.54e-01  7.72e-01  3.00e+05	-10.4552 62.9892 0.8294	
66.844188 282.861813	4.92e-01  8.70e-01  2.95e+05	-13.1640 65.4437 0.7449	
66.844188 282.861813	4.65e-01  7.96e-01  3.08e+05	-11.0875 56.8070 0.7896	
66.844188 282.861813	3.51e-01  9.56e-01  3.02e+05	-1.9537 62.1225 0.5819	
66.844188 282.861813	5.87e-01  7.87e-01  2.94e+05	-22.8475 63.6825 0.1337	
66.844188 282.861813	5.29e-01  7.59e-01  3.05e+05	-38.4744 46.6891 0.0588	
66.844188 282.861813	4.05e-01  8.01e-01  3.16e+05	11.7687 50.7870 0.7879	
66.844188 282.861813	6.50e-01  7.52e-01  2.90e+05	-6.7999 69.4131 0.1825	
66.844188 282.861813	4.59e-01  7.71e-01  3.13e+05	-3.3005 54.6848 0.2731	
66.844188 282.861813	5.27e-01  8.18e-01  2.97e+05	-5.4771 65.0915 0.1183	
66.844188 282.861813	4.73e-01  8.05e-01  3.06e+05	3.3942 59.3851 0.4473	
66.844188 282.861813	5.93e-01  7.81e-01  2.94e+05	-5.5451 67.4082 0.0871	
66.844188 282.861813	6.32e-01  8.13e-01  2.85e+05	-30.1447 66.1713 0.0631	
66.844188 282.861813	5.44e-01  5.88e-01  3.27e+05	-6.0775 42.0638 0.4863	
66.844188 282.861813	5.52e-01  8.24e-01  2.93e+05	-14.1266 66.3251 0.4920	
66.844188 282.861813	4.78e-01  8.04e-01  3.05e+05	18.7808 56.9213 0.1789	
66.844188 282.861813	5.69e-01  9.07e-01  2.82e+05	4.8674 74.5773 0.6185	
66.844188 282.861813	4.72e-01  7.40e-01  3.15e+05	-6.7687 52.2335 0.8839	
66.844188 282.861813	5.69e-01  8.33e-01  2.90e+05	-17.2978 67.5471 0.2143	
66.844188 282.861813	6.14e-01  7.50e-01  2.95e+05	32.5584 58.4156 0.6511	
66.844188 282.861813	3.25e-01  8.71e-01  3.18e+05	25.7322 43.9174 0.9923	
66.844188 282.861813	4.15e-01  8.93e-01  3.02e+05	-34.5533 51.8401 0.3749	
66.844188 282.861813	3.93e-01  9.07e-01  3.03e+05	-3.2958 61.5324 0.9673	
66.844188 282.861813	4.20e-01  8.95e-01  3.01e+05	1.8351 62.8442 0.6803	
66.844188 282.861813	5.69e-01  8.57e-01  2.87e+05	30.9643 64.3917 0.0164	
66.844188 282.861813	4.19e-01  8.46e-01  3.08e+05	-5.1193 58.0707 0.2812	
66.844188 282.861813	5.64e-01  7.63e-01  3.00e+05	-5.3767 63.6686 0.8648	
66.844188 282.861813	4.44e-01  7.35e-01  3.20e+05	0.4627 48.8316 0.7193	
66.844188 282.861813	5.86e-01  6.98e-01  3.05e+05	17.1248 57.5619 0.5012	
66.844188 282.861813	4.00e-01  9.52e-01  2.96e+05	-10.4465 65.1280 0.5745	
66.844188 282.861813	5.96e-01  8.16e-01  2.89e+05	-13.9521 69.0613 0.8775	
66.844188 282.861813	4.85e-01  7.33e-01  3.14e+05	-2.7068 53.3146 0.9185	
66.844188 282.861813	4.45e-01  8.93e-01  2.98e+05	-2.0851 64.7628 0.5031	
66.844188 282.861813	5.76e-01  7.51e-01  2.99e+05	1.5451 63.9531 0.6665	
66.844188 282.861813	4.34e-01  8.79e-01  3.01e+05	11.8322 61.5394 0.2598	
66.844188 282.861813	3.54e-01  7.71e-01  3.28e+05	17.5356 37.4630 0.4813	
66.844188 282.861813	5.55e-01  7.49e-01  3.03e+05	27.8695 55.2572 0.2385	
66.844188 282.861813	4.45e-01  7.44e-01  3.18e+05	11.0542 48.9035 0.5241	
66.844188 282.861813	4.68e-01  7.83e-01  3.10e+05	-8.7790 56.2108 0.1682	
66.844188 282.861813	5.58e-01  8.52e-01  2.89e+05	-0.7979 70.3045 0.9924	
66.844188 282.861813	5.31e-01  8.36e-01  2.95e+05	24.9664 62.2786 0.7686	
66.844188 282.861813	6.83e-01  8.33e-01  2.77e+05	13.5024 76.0049 0.0835	
66.844188 282.861813	7.49e-01  8.61e-01  2.67e+05	12.7451 81.3877 0.8836	
66.844188 282.861813	3.22e-01  8.80e-01  3.17e+05	8.9253 50.8906 0.9159	
66.844188 282.861813	8.56e-01  9.01e-01  2.53e+05	12.8845 88.4050 0.5389	
66.844188 282.861813	4.06e-01  7.39e-01  3.25e+05	13.8529 42.1065 0.9085	
66.844188 282.861813	7.54e-01  8.88e-01  2.64e+05	27.5870 79.3832 0.3127	
66.844188 282.861813	2.57e-01  9.18e-01  3.21e+05	-16.4782 45.4211 0.3680	
66.844188 282.861813	5.59e-01  8.17e-01  2.93e+05	-19.1788 65.0024 0.5976	
66.844188 282.861813	6.45e-01  7.02e-01  2.97e+05	-15.4093 63.6808 0.7358	
66.844188 282.861813	6.54e-01  7.67e-01  2.88e+05	35.1401 61.7965 0.0943	
66.844188 282.861813	4.49e-01  8.18e-01  3.08e+05	22.1841 54.1406 0.6951	
66.844188 282.861813	5.01e-01  8.32e-01  2.99e+05	0.2357 64.4091 0.8181	
66.844188 282.861813	4.71e-01  6.80e-01  3.24e+05	-0.2494 45.2002 0.9768	
66.844188 282.861813	3.71e-01  8.10e-01  3.20e+05	12.0908 47.5941 0.6090	
66.844188 282.861813	7.04e-01  8.56e-01  2.72e+05	-28.1261 74.6310 0.9410	
66.844188 282.861813	6.59e-01  8.51e-01  2.78e+05	26.2495 72.2101 0.5448	
66.844188 282.861813	7.74e-01  8.96e-01  2.61e+05	-19.7205 83.0585 0.6033	
66.844188 282.861813	3.79e-01  8.89e-01  3.07e+05	4.6576 58.4884 0.2251	
66.844188 282.861813	7.08e-01  7.53e-01  2.83e+05	12.8900 72.6409 0.3051	
66.844188 282.861813	4.17e-01  8.78e-01  3.04e+05	12.2008 59.8912 0.6067	
66.844188 282.861813	5.06e-01  8.44e-01  2.97e+05	-6.7020 65.5013 0.2521	
66.844188 282.861813	5.44e-01  8.04e-01  2.97e+05	-6.7584 65.3239 0.5777	
66.844188 282.861813	5.34e-01  6.98e-01  3.12e+05	-4.6862 54.7496 0.3076	
66.844188 282.861813	4.95e-01  6.67e-01  3.22e+05	-1.6791 46.6297 0.8593	
66.844188 282.861813	3.70e-01  9.07e-01  3.06e+05	-11.0906 58.4229 0.0474	
66.844188 282.861813	6.09e-01  6.35e-01  3.11e+05	-1.0174 56.1885 0.6543	
66.844188 282.861813	4.13e-01  8.94e-01  3.02e+05	12.0933 60.9776 0.6678	
66.844188 282.861813	6.97e-01  7.88e-01  2.81e+05	4.7696 75.1435 0.3124	
66.844188 282.861813	5.17e-01  7.87e-01  3.03e+05	-1.2664 61.9165 0.0217	
66.844188 282.861813	4.09e-01  8.13e-01  3.14e+05	-4.6989 53.6761 0.5723	
66.844188 282.861813	6.30e-01  8.71e-01  2.79e+05	-17.8844 74.1664 0.3607	
66.844188 282.861813	3.47e-01  8.70e-01  3.14e+05	-8.1738 52.7579 0.8157	
66.844188 282.861813	5.15e-01  7.14e-01  3.13e+05	4.4330 54.4655 0.6634	
66.844188 282.861813	4.17e-01  9.26e-01  2.98e+05	17.6120 62.7771 0.8717	
66.844188 282.861813	5.89e-01  9.15e-01  2.78e+05	-3.5736 76.3969 0.4757	
66.844188 282.861813	3.59e-01  8.50e-01  3.16e+05	6.7856 51.8947 0.4702	
66.844188 282.861813	3.54e-01  8.09e-01  3.22e+05	-19.4303 42.5023 0.7802	
66.844188 282.861813	3.57e-01  7.52e-01  3.31e+05	-3.3691 38.6472 0.4413	
66.844188 282.861813	4.47e-01  8.41e-01  3.05e+05	18.2472 57.6514 0.2808	
66.844188 282.861813	5.26e-01  7.13e-01  3.11e+05	6.4239 55.3659 0.8350	
66.844188 282.861813	5.05e-01  9.03e-01  2.90e+05	-36.9693 59.6251 0.6793	
66.844188 282.861813	5.64e-01  7.75e-01  2.98e+05	-15.0797 63.1282 0.6352	
66.844188 282.861813	3.76e-01  9.20e-01  3.04e+05	8.7716 60.5787 0.2585	
66.844188 282.861813	4.26e-01  7.49e-01  3.20e+05	-22.6763 42.7633 0.1311	
66.844188 282.861813	4.65e-01  7.54e-01  3.14e+05	27.7316 45.8895 0.8764	
66.844188 282.861813	6.29e-01  7.99e-01  2.87e+05	-22.0631 68.0659 0.4511	
66.844188 282.861813	4.40e-01  9.44e-01  2.92e+05	25.6971 63.4498 0.3795	
66.844188 282.861813	6.60e-01  9.79e-01  2.64e+05	-12.3462 82.9634 0.7293	
66.844188 282.861813	3.71e-01  8.34e-01  3.16e+05	-11.1087 50.8335 0.3411	
66.844188 282.861813	5.58e-01  7.78e-01  2.99e+05	-13.4264 63.2006 0.2110	
66.844188 282.861813	4.87e-01  9.57e-01  2.85e+05	-1.0391 72.6210 0.8805	
66.844188 282.861813	6.19e-01  8.53e-01  2.82e+05	2.7891 74.4431 0.4030	
66.844188 282.861813	5.46e-01  8.91e-01  2.86e+05	-31.9454 64.6473 0.5106	
66.844188 282.861813	4.35e-01  7.99e-01  3.12e+05	-8.6568 54.4948 0.4968	
66.844188 282.861813	4.29e-01  7.88e-01  3.15e+05	-22.2107 48.4642 0.0833	
66.844188 282.861813	3.76e-01  7.92e-01  3.22e+05	10.5703 46.1619 0.6313	
66.844188 282.861813	5.43e-01  7.58e-01  3.03e+05	17.7841 58.9704 0.1056	
66.844188 282.861813	4.67e-01  7.30e-01  3.17e+05	9.6878 50.1864 0.3719	
66.844188 282.861813	4.18e-01  8.73e-01  3.04e+05	25.8175 54.9615 0.9105	
66.844188 282.861813	4.78e-01  8.94e-01  2.94e+05	20.5200 64.2461 0.6140	
66.844188 282.861813	7.38e-01  7.81e-01  2.77e+05	3.4436 77.3250 0.5695	
66.844188 282.861813	6.12e-01  9.01e-01  2.77e+05	-42.3327 64.3010 0.0840	
66.844188 282.861813	4.47e-01  8.97e-01  2.98e+05	-14.2912 63.6562 0.6276	
66.844188 282.861813	4.68e-01  8.07e-01  3.06e+05	28.5412 51.9729 0.9273	
66.844188 282.861813	5.03e-01  7.28e-01  3.13e+05	11.1051 53.6407 0.1671	
66.844188 282.861813	4.68e-01  7.42e-01  3.15e+05	-1.9274 52.5529 0.1715	
66.844188 282.861813	4.40e-01  7.88e-01  3.13e+05	9.1425 53.7564 0.7351	
66.844188 282.861813	4.65e-01  9.64e-01  2.87e+05	26.9559 66.3635 0.0538	
66.844188 282.861813	5.20e-01  8.74e-01  2.91e+05	-6.4921 68.8314 0.4605	
66.844188 282.861813	6.51e-01  6.80e-01  2.99e+05	-7.8401 63.7334 0.7850	
66.844188 282.861813	6.03e-01  7.93e-01  2.91e+05	-15.5208 67.4743 0.6967	
66.844188 282.861813	5.13e-01  8.04e-01  3.01e+05	-6.8289 62.6084 0.3097	
66.844188 282.861813	4.72e-01  8.16e-01  3.05e+05	-5.3513 60.2211 0.5634	
66.844188 282.861813	4.31e-01  8.19e-01  3.10e+05	-26.9617 50.0192 0.5414	
66.844188 282.861813	5.67e-01  7.40e-01  3.02e+05	-0.4713 62.1236 0.4088	
66.844188 282.861813	4.34e-01  8.65e-01  3.03e+05	-0.0672 61.4785 0.4443	
66.844188 282.861813	2.20e-01  9.72e-01  3.18e+05	16.0820 47.8948 0.1657	
66.844188 282.861813	2.65e-01  9.70e-01  3.12e+05	-33.1532 44.2208 0.1312	
66.844188 282.861813	6.29e-01  8.23e-01  2.84e+05	-6.4415 72.9352 0.7351	
66.844188 282.861813	4.29e-01  8.17e-01  3.11e+05	11.2652 55.1999 0.1280	
66.844188 282.861813	2.69e-01  8.53e-01  3.29e+05	6.1082 40.3456 0.3414	
66.844188 282.861813	3.65e-01  9.56e-01  3.00e+05	-10.4978 62.5313 0.9260	
66.844188 282.861813	5.99e-01  7.00e-01  3.03e+05	-22.0383 57.3958 0.2362	
66.844188 282.861813	4.49e-01  8.87e-01  2.98e+05	45.0802 46.3784 0.8445	
66.844188 282.861813	4.02e-01  8.41e-01  3.11e+05	-9.7756 55.2945 0.9735	
66.844188 282.861813	5.27e-01  8.40e-01  2.95e+05	-29.2950 60.3173 0.9412	
66.844188 282.861813	5.79e-01  8.87e-01  2.83e+05	-11.6302 73.1770 0.1329	
66.844188 282.861813	5.95e-01  7.43e-01  2.98e+05	-8.8520 64.2051 0.6963	
66.844188 282.861813	5.63e-01  8.48e-01  2.89e+05	7.9330 69.9046 0.7121	
66.844188 282.861813	5.60e-01  8.66e-01  2.87e+05	-40.0732 59.1546 0.4830	
66.844188 282.861813	4.82e-01  9.72e-01  2.84e+05	-12.6042 72.2149 0.6290	
66.844188 282.861813	6.48e-01  9.44e-01  2.69e+05	-14.2232 80.1840 0.7090	
66.844188 282.861813	5.41e-01  6.94e-01  3.12e+05	7.1519 54.8072 0.9239	
66.844188 282.861813	4.24e-01  8.47e-01  3.07e+05	-22.9847 54.2738 0.2375	
66.844188 282.861813	5.02e-01  7.89e-01  3.04e+05	12.2383 59.5438 0.4068	
66.844188 282.861813	7.01e-01  7.08e-01  2.89e+05	-10.6729 69.4367 0.0463	
66.844188 282.861813	5.15e-01  9.29e-01  2.85e+05	-16.9556 70.6657 0.4858	
66.844188 282.861813	4.31e-01  6.38e-01  3.37e+05	-11.4635 29.0152 0.7560	
66.844188 282.861813	3.49e-01  7.67e-01  3.29e+05	4.9382 39.6456 0.4791	
66.844188 282.861813	6.24e-01  7.77e-01  2.90e+05	-6.8384 69.3777 0.4954	
66.844188 282.861813	3.72e-01  8.67e-01  3.11e+05	-14.4067 53.8052 0.9101	
66.844188 282.861813	5.36e-01  7.28e-01  3.08e+05	18.3007 55.2185 0.4251	
66.844188 282.861813	3.49e-01  9.34e-01  3.05e+05	-2.0913 59.9948 0.2605	
66.844188 282.861813	3.70e-01  8.48e-01  3.14e+05	1.2536 53.4223 0.1954	
66.844188 282.861813	6.02e-01  7.03e-01  3.03e+05	8.9551 61.3152 0.6543	
66.844188 282.861813	4.46e-01  7.44e-01  3.18e+05	-14.4733 48.0578 0.7884	
66.844188 282.861813	5.64e-01  7.81e-01  2.97e+05	2.4798 65.3524 0.1086	
66.844188 282.861813	5.70e-01  6.40e-01  3.15e+05	-6.9870 52.0618 0.3385	
66.844188 282.861813	5.98e-01  6.65e-01  3.08e+05	-31.9718 48.4926 0.9189	
66.844188 282.861813	5.56e-01  7.69e-01  3.00e+05	-8.6769 63.1105 0.5485	
66.844188 282.861813	5.06e-01  6.88e-01  3.18e+05	20.8710 46.1708 0.5920	
66.844188 282.861813	5.82e-01  9.47e-01  2.76e+05	-11.0358 77.1697 0.5990	
66.844188 282.861813	4.98e-01  6.94e-01  3.18e+05	-2.1783 50.3991 0.5870	
66.844188 282.861813	3.39e-01  7.30e-01  3.37e+05	8.8787 29.8944 0.7484	
66.844188 282.861813	4.71e-01  7.13e-01  3.19e+05	-5.8264 49.1277 0.4617	
66.844188 282.861813	5.85e-01  7.80e-01  2.95e+05	0.2293 66.9083 0.2881	
66.844188 282.861813	5.01e-01  9.31e-01  2.87e+05	-45.4389 55.5883 0.0833	
66.844188 282.861813	4.33e-01  9.75e-01  2.90e+05	27.8276 64.3418 0.3549	
66.844188 282.861813	4.26e-01  8.53e-01  3.06e+05	18.1834 56.7595 0.1247	
66.844188 282.861813	6.01e-01  7.70e-01  2.94e+05	-3.1347 67.3788 0.0618	
66.844188 282.861813	6.42e-01  7.58e-01  2.90e+05	4.2835 69.5034 0.5229	
66.844188 282.861813	4.72e-01  8.73e-01  2.97e+05	10.6746 64.4654 0.4596	
66.844188 282.861813	5.43e-01  6.58e-01  3.17e+05	33.8613 38.7451 0.5606	
66.844188 282.861813	3.70e-01  8.32e-01  3.17e+05	-10.0282 50.6727 0.1621	
66.844188 282.861813	3.36e-01  9.18e-01  3.09e+05	-1.7458 57.1783 0.8205	
66.844188 282.861813	5.87e-01  8.65e-01  2.84e+05	24.3169 69.0168 0.4208	
66.844188 282.861813	5.23e-01  7.96e-01  3.01e+05	-27.9186 56.7205 0.8435	
66.844188 282.861813	6.50e-01  7.75e-01  2.88e+05	17.0574 69.2628 0.3822	
66.844188 282.861813	5.36e-01  8.43e-01  2.93e+05	-13.6066 66.6243 0.1504	
66.844188 282.861813	6.62e-01  9.47e-01  2.67e+05	-5.6950 82.1460 0.8870	
66.844188 282.861813	4.26e-01  7.74e-01  3.17e+05	-0.3571 51.3406 0.9679	
66.844188 282.861813	4.08e-01  9.51e-01  2.96e+05	22.7482 62.4859 0.2889	
66.844188 282.861813	4.00e-01  9.18e-01  3.01e+05	-16.4752 60.8827 0.9177	
66.844188 282.861813	4.40e-01  7.71e-01  3.15e+05	-23.2854 47.2284 0.8814	
66.844188 282.861813	4.38e-01  7.96e-01  3.12e+05	-15.6538 52.9302 0.6929	
66.844188 282.861813	4.74e-01  8.23e-01  3.04e+05	8.2191 60.7045 0.7764	
66.844188 282.861813	5.17e-01  6.63e-01  3.20e+05	-2.5337 48.8682 0.2778	
66.844188 282.861813	6.05e-01  7.57e-01  2.95e+05	17.4317 64.3991 0.4753	
66.844188 282.861813	5.15e-01  7.17e-01  3.12e+05	24.9345 48.8881 0.3546	
66.844188 282.861813	4.27e-01  8.42e-01  3.07e+05	22.0963 54.3563 0.1590	
66.844188 282.861813	5.94e-01  8.08e-01  2.90e+05	-41.4036 56.0991 0.6037	
66.844188 282.861813	5.15e-01  7.56e-01  3.07e+05	4.9295 58.6983 0.0616	
66.844188 282.861813	6.67e-01  8.86e-01  2.73e+05	4.1406 79.2222 0.8507	
66.844188 282.861813	3.89e-01  8.33e-01  3.14e+05	2.3788 53.8246 0.0558	
66.844188 282.861813	6.27e-01  7.93e-01  2.88e+05	1.4603 70.9650 0.5243	
66.844188 282.861813	6.60e-01  7.16e-01  2.93e+05	8.0977 67.3212 0.3113	
66.844188 282.861813	4.64e-01  9.13e-01  2.93e+05	13.1652 66.6530 0.9124	
66.844188 282.861813	6.56e-01  9.68e-01  2.66e+05	-33.1961 76.1940 0.6022	
66.844188 282.861813	7.50e-01  8.14e-01  2.72e+05	0.4318 79.9421 0.3337	
66.844188 282.861813	4.55e-01  9.04e-01  2.96e+05	10.8876 65.6251 0.0200	
66.844188 282.861813	6.74e-01  9.31e-01  2.68e+05	-39.9384 71.7793 0.6573	
66.844188 282.861813	5.25e-01  7.51e-01  3.06e+05	-1.6954 59.3123 0.7239	
66.844188 282.861813	4.30e-01  8.13e-01  3.11e+05	8.0182 55.5524 0.8564	
66.844188 282.861813	6.22e-01  7.78e-01  2.91e+05	-30.9899 62.2775 0.8263	
66.844188 282.861813	4.33e-01  9.20e-01  2.96e+05	12.0951 64.8898 0.9671	
66.844188 282.861813	3.70e-01  6.77e-01  3.41e+05	-2.8429 25.5927 0.5991	
66.844188 282.861813	6.67e-01  8.07e-01  2.82e+05	21.0195 71.5928 0.0999	
66.844188 282.861813	5.42e-01  8.19e-01  2.95e+05	5.0810 66.4506 0.2508	
66.844188 282.861813	5.94e-01  9.43e-01  2.75e+05	-8.8297 77.9026 0.6702	
66.844188 282.861813	5.62e-01  8.75e-01  2.86e+05	-11.7016 71.2196 0.3532	
66.844188 282.861813	4.37e-01  7.29e-01  3.22e+05	-17.2585 43.8946 0.0552	
66.844188 282.861813	3.87e-01  8.68e-01  3.09e+05	0.7792 57.2683 0.6471	
66.844188 282.861813	5.76e-01  8.68e-01  2.85e+05	-20.1729 69.7457 0.3471	
66.844188 282.861813	6.02e-01  7.21e-01  3.00e+05	-23.6030 59.0673 0.6144	
66.844188 282.861813	4.61e-01  7.51e-01  3.15e+05	-1.7988 52.6806 0.4042	
66.844188 282.861813	5.01e-01  9.82e-01  2.81e+05	3.2830 75.0487 0.9631	
66.844188 282.861813	3.49e-01  7.97e-01  3.25e+05	8.4904 43.6127 0.2951	
66.844188 282.861813	5.59e-01  8.36e-01  2.91e+05	-19.6779 66.3328 0.5944	
66.844188 282.861813	5.03e-01  7.35e-01  3.12e+05	41.1472 37.2619 0.6720	
66.844188 282.861813	5.42e-01  7.11e-01  3.09e+05	-3.0245 57.0670 0.1124	
66.844188 282.861813	5.00e-01  9.37e-01  2.86e+05	-12.0850 71.1596 0.1339	
66.844188 282.861813	5.39e-01  9.01e-01  2.86e+05	-11.5626 71.4396 0.5233	
66.844188 282.861813	5.46e-01  8.32e-01  2.93e+05	20.4680 64.7985 0.6868	
66.844188 282.861813	4.46e-01  8.54e-01  3.03e+05	17.4424 59.0516 0.4755	
66.844188 282.861813	5.84e-01  7.82e-01  2.95e+05	-1.8985 67.0219 0.6349	
66.844188 282.861813	6.01e-01  7.41e-01  2.98e+05	-32.6801 56.3588 0.0751	
66.844188 282.861813	6.14e-01  6.58e-01  3.07e+05	-0.7272 58.8965 0.0185	
66.844188 282.861813	5.45e-01  7.05e-01  3.10e+05	0.9586 56.8258 0.5631	
66.844188 282.861813	4.26e-01  8.87e-01  3.01e+05	14.2136 61.0608 0.0062	
66.844188 282.861813	4.27e-01  8.81e-01  3.02e+05	14.2277 60.6284 0.9216	
66.844188 282.861813	5.59e-01  6.99e-01  3.09e+05	21.4882 53.4683 0.6071	
66.844188 282.861813	2.69e-01  8.82e-01  3.24e+05	-0.3151 45.0759 0.5900	
66.844188 282.861813	5.97e-01  7.28e-01  3.00e+05	15.9703 61.6731 0.3722	
66.844188 282.861813	5.65e-01  6.99e-01  3.08e+05	-21.4812 54.1233 0.3758	
66.844188 282.861813	5.78e-01  7.63e-01  2.98e+05	3.0179 64.9950 0.6809	
66.844188 282.861813	5.39e-01  8.94e-01  2.87e+05	-3.6925 71.7933 0.8190	
66.844188 282.861813	5.36e-01  6.32e-01  3.22e+05	-9.2781 46.5125 0.9947	
66.844188 282.861813	4.58e-01  7.75e-01  3.12e+05	-6.1110 54.7623 0.2298	
66.844188 282.861813	5.66e-01  6.50e-01  3.15e+05	15.0966 51.0688 0.2612	
66.844188 282.861813	4.84e-01  8.23e-01  3.02e+05	8.7525 61.5895 0.8230	
66.844188 282.861813	5.86e-01  8.71e-01  2.84e+05	-4.1764 73.4380 0.4667	
66.844188 282.861813	5.51e-01  7.46e-01  3.04e+05	3.5762 61.1782 0.5789	
66.844188 282.861813	6.46e-01  7.94e-01  2.86e+05	41.2333 59.4576 0.4760	
66.844188 282.861813	6.04e-01  7.76e-01  2.93e+05	7.5198 67.6813 0.0150	
66.844188 282.861813	7.11e-01  8.56e-01  2.72e+05	13.5406 78.9402 0.3902	
66.844188 282.861813	5.20e-01  6.68e-01  3.19e+05	14.8197 47.7591 0.6803	
66.844188 282.861813	4.88e-01  8.08e-01  3.04e+05	-12.2282 59.8845 0.9889	
66.844188 282.861813	3.75e-01  9.37e-01  3.02e+05	4.9118 62.3499 0.3413	
66.844188 282.861813	4.39e-01  8.98e-01  2.98e+05	-1.4165 64.6812 0.4117	
66.844188 282.861813	7.04e-01  8.77e-01  2.70e+05	20.6229 78.1893 0.1739	
66.844188 282.861813	5.40e-01  7.29e-01  3.07e+05	25.1389 52.9659 0.5236	
66.844188 282.861813	5.16e-01  7.57e-01  3.07e+05	13.1972 57.4872 0.3214	
66.844188 282.861813	4.23e-01  8.64e-01  3.05e+05	9.4886 59.7002 0.0601	
66.844188 282.861813	3.16e-01  8.96e-01  3.15e+05	-10.0924 51.8121 0.8470	
66.844188 282.861813	5.54e-01  6.97e-01  3.10e+05	-5.1389 56.7402 0.0420	
66.844188 282.861813	3.25e-01  8.21e-01  3.25e+05	-16.4895 41.2837 0.4962	
66.844188 282.861813	2.87e-01  9.77e-01  3.08e+05	-3.1954 58.1061 0.5076	
66.844188 282.861813	5.55e-01  7.58e-01  3.01e+05	-2.8406 62.6345 0.7001	
66.844188 282.861813	7.44e-01  9.12e-01  2.63e+05	32.4541 78.2041 0.1341	
66.844188 282.861813	5.07e-01  7.11e-01  3.14e+05	-16.3347 50.8570 0.2458	
66.844188 282.861813	5.93e-01  8.31e-01  2.88e+05	19.2891 68.5854 0.2458	
66.844188 282.861813	4.85e-01  6.59e-01  3.25e+05	-6.9345 43.6413 0.8139	
66.844188 282.861813	3.77e-01  9.69e-01  2.97e+05	36.9738 53.9480 0.1080	
66.844188 282.861813	6.67e-01  8.64e-01  2.75e+05	-28.0924 72.8363 0.0632	
66.844188 282.861813	7.58e-01  8.09e-01  2.72e+05	7.4568 79.7387 0.3052	
66.844188 282.861813	4.71e-01  7.25e-01  3.17e+05	18.8701 47.3176 0.9166	
66.844188 282.861813	3.70e-01  9.57e-01  3.00e+05	-14.6378 62.1832 0.7985	
66.844188 282.861813	5.79e-01  7.68e-01  2.97e+05	0.0852 65.5792 0.9734	
66.844188 282.861813	6.37e-01  7.48e-01  2.92e+05	9.9082 67.7540 0.2711	
66.844188 282.861813	6.93e-01  7.76e-01  2.82e+05	7.9830 73.8542 0.6760	
66.844188 282.861813	5.59e-01  8.35e-01  2.91e+05	18.7163 66.6028 0.6956	
66.844188 282.861813	5.15e-01  8.72e-01  2.92e+05	31.1110 61.1453 0.3730	
66.844188 282.861813	5.60e-01  7.27e-01  3.05e+05	-8.3457 59.8211 0.2218	
66.844188 282.861813	6.00e-01  6.48e-01  3.10e+05	-15.1173 54.5878 0.5147	
66.844188 282.861813	5.37e-01  7.80e-01  3.01e+05	23.4281 58.5111 0.3592	
66.844188 282.861813	5.23e-01  7.88e-01  3.02e+05	31.7872 53.8774 0.3221	
66.844188 282.861813	5.89e-01  8.03e-01  2.92e+05	-38.0923 57.5122 0.5364	
66.844188 282.861813	5.04e-01  6.41e-01  3.25e+05	-13.4473 42.1053 0.9418	
66.844188 282.861813	6.66e-01  7.24e-01  2.92e+05	5.8516 68.5635 0.4339	
66.844188 282.861813	3.60e-01  9.04e-01  3.08e+05	-4.0586 58.0604 0.8234	
66.844188 282.861813	4.22e-01  8.11e-01  3.12e+05	29.9319 46.1681 0.6808	
66.844188 282.861813	6.18e-01  8.02e-01  2.88e+05	-36.4535 60.9121 0.7927	
66.844188 282.861813	5.73e-01  8.96e-01  2.82e+05	-33.9318 66.0740 0.5605	
66.844188 282.861813	5.48e-01  7.41e-01  3.05e+05	-2.7125 60.5596 0.7815	
66.844188 282.861813	5.14e-01  8.76e-01  2.92e+05	7.6535 68.4525 0.2307	
66.844188 282.861813	3.78e-01  7.92e-01  3.21e+05	9.2589 46.7968 0.6253	
66.844188 282.861813	4.61e-01  8.66e-01  3.00e+05	-0.4768 63.8768 0.9184	
66.844188 282.861813	3.52e-01  9.05e-01  3.09e+05	27.3047 50.6181 0.5588	
66.844188 282.861813	5.22e-01  7.20e-01  3.11e+05	-32.5254 45.5684 0.6071	
66.844188 282.861813	3.99e-01  7.24e-01  3.28e+05	-6.0421 40.5559 0.9666	
66.844188 282.861813	6.53e-01  8.79e-01  2.75e+05	0.3297 78.1494 0.6431	
66.844188 282.861813	3.34e-01  9.28e-01  3.08e+05	38.2023 43.6269 0.8810	
66.844188 282.861813	6.47e-01  8.25e-01  2.82e+05	-11.0519 73.6667 0.5269	
66.844188 282.861813	4.81e-01  8.57e-01  2.98e+05	27.2293 58.8128 0.8815	
66.844188 282.861813	6.94e-01  8.95e-01  2.69e+05	-2.8179 81.2663 0.3385	
66.844188 282.861813	4.77e-01  7.87e-01  3.08e+05	2.1896 58.1109 0.6021	
66.844188 282.861813	2.87e-01  8.11e-01  3.32e+05	-15.1507 33.7467 0.8842	
66.844188 282.861813	5.58e-01  8.65e-01  2.88e+05	14.9142 69.6039 0.5372	
66.844188 282.861813	4.95e-01  8.51e-01  2.97e+05	8.7332 64.8942 0.7292	
66.844188 282.861813	4.25e-01  8.33e-01  3.09e+05	-3.7447 57.5499 0.7498	
66.844188 282.861813	5.42e-01  6.87e-01  3.13e+05	6.4763 54.2324 0.5025	
66.844188 282.861813	6.46e-01  9.01e-01  2.74e+05	19.4110 76.5607 0.2066	
66.844188 282.861813	3.65e-01  8.08e-01  3.21e+05	6.6321 47.5541 0.4586	
66.844188 282.861813	5.92e-01  8.44e-01  2.86e+05	-15.5459 70.4058 0.9066	
66.844188 282.861813	3.84e-01  8.76e-01  3.09e+05	9.4317 57.0219 0.4032	
66.844188 282.861813	3.97e-01  7.88e-01  3.19e+05	-6.9648 49.1064 0.5083	
66.844188 282.861813	6.26e-01  6.86e-01  3.02e+05	-20.5889 59.1055 0.7125	
66.844188 282.861813	5.68e-01  7.58e-01  3.00e+05	-17.1705 61.4403 0.5265	
66.844188 282.861813	5.30e-01  7.68e-01  3.03e+05	-32.7521 51.8635 0.1905	
66.844188 282.861813	4.13e-01  7.80e-01  3.18e+05	-18.2469 47.1745 0.7490	
66.844188 282.861813	3.96e-01  7.63e-01  3.23e+05	-6.8461 45.6646 0.0759	
66.844188 282.861813	5.32e-01  7.16e-01  3.10e+05	0.7091 56.5387 0.4494	
66.844188 282.861813	4.08e-01  9.51e-01  2.96e+05	13.9650 64.9591 0.9551	
66.844188 282.861813	6.48e-01  8.08e-01  2.84e+05	-4.1736 73.3056 0.8170	
66.844188 282.861813	4.56e-01  8.88e-01  2.97e+05	-5.7982 65.0061 0.8837	
66.844188 282.861813	4.16e-01  8.14e-01  3.13e+05	3.2012 54.7096 0.4517	
66.844188 282.861813	4.34e-01  6.77e-01  3.30e+05	1.6329 39.0126 0.3362	
66.844188 282.861813	3.69e-01  8.87e-01  3.09e+05	-29.8543 49.0607 0.6597	
66.844188 282.861813	5.75e-01  6.87e-01  3.08e+05	-4.1576 57.9215 0.6550	
66.844188 282.861813	6.16e-01  7.13e-01  2.99e+05	8.9655 63.4560 0.2747	
66.844188 282.861813	4.25e-01  8.81e-01  3.02e+05	-19.3127 59.0373 0.8279	
66.844188 282.861813	4.45e-01  8.21e-01  3.08e+05	-25.6360 52.5083 0.2209	
66.844188 282.861813	4.98e-01  8.69e-01  2.94e+05	27.4670 61.3118 0.8825	
66.844188 282.861813	5.82e-01  7.39e-01  3.00e+05	-28.1487 56.8006 0.2261	
66.844188 282.861813	5.70e-01  7.73e-01  2.98e+05	38.8647 52.3768 0.9538	
66.844188 282.861813	5.34e-01  6.03e-01  3.26e+05	-12.9443 41.0394 0.2654	
66.844188 282.861813	6.49e-01  9.20e-01  2.71e+05	-1.8194 80.2085 0.8373	
66.844188 282.861813	3.86e-01  9.09e-01  3.04e+05	16.1479 58.9906 0.4138	
66.844188 282.861813	4.38e-01  8.93e-01  2.99e+05	-16.0852 62.1286 0.4614	
66.844188 282.861813	5.50e-01  9.04e-01  2.84e+05	7.1057 72.9576 0.1350	
66.844188 282.861813	5.41e-01  8.43e-01  2.92e+05	60.3037 32.2362 0.3273	
66.844188 282.861813	5.94e-01  8.36e-01  2.87e+05	27.2573 66.2901 0.0627	
66.844188 282.861813	4.21e-01  7.94e-01  3.15e+05	-9.6165 52.2559 0.9880	
66.844188 282.861813	4.73e-01  8.49e-01  3.00e+05	32.0071 54.8695 0.6448	
66.844188 282.861813	4.01e-01  7.32e-01  3.27e+05	-13.8857 40.1543 0.6174	
66.844188 282.861813	5.65e-01  9.29e-01  2.80e+05	-24.9717 71.5794 0.8133	
66.844188 282.861813	4.07e-01  9.66e-01  2.94e+05	-24.6588 62.9045 0.5401	
66.844188 282.861813	6.59e-01  7.73e-01  2.87e+05	-19.4349 69.1912 0.6132	
66.844188 282.861813	3.31e-01  8.95e-01  3.13e+05	8.3484 53.6613 0.1755	
66.844188 282.861813	4.01e-01  8.50e-01  3.10e+05	1.6337 56.8533 0.0923	
66.844188 282.861813	5.81e-01  7.10e-01  3.04e+05	10.7512 59.8197 0.0170	
66.844188 282.861813	4.50e-01  8.58e-01  3.02e+05	0.1962 62.2692 0.7871	
66.844188 282.861813	4.97e-01  8.18e-01  3.01e+05	0.1542 62.8684 0.8085	
66.844188 282.861813	5.54e-01  8.25e-01  2.93e+05	-5.5117 67.8093 0.8007	
66.844188 282.861813	5.62e-01  9.35e-01  2.79e+05	5.2507 75.8475 0.5147	
66.844188 282.861813	5.70e-01  7.19e-01  3.05e+05	13.5961 58.9420 0.4603	
66.844188 282.861813	5.51e-01  7.22e-01  3.07e+05	5.9291 58.7785 0.5713	
66.844188 282.861813	5.06e-01  7.37e-01  3.11e+05	2.0163 56.0031 0.8332	
66.844188 282.861813	4.02e-01  9.08e-01  3.02e+05	29.5466 55.0678 0.2670	
66.844188 282.861813	5.98e-01  9.77e-01  2.71e+05	-15.4516 79.0620 0.3649	
66.844188 282.861813	6.03e-01  6.87e-01  3.04e+05	24.6507 55.4503 0.4562	
66.844188 282.861813	4.53e-01  9.37e-01  2.92e+05	14.5992 67.2521 0.9762	
66.844188 282.861813	4.79e-01  7.89e-01  3.07e+05	10.4799 57.6898 0.0131	
66.844188 282.861813	6.54e-01  8.87e-01  2.74e+05	-17.1243 76.7870 0.4957	
66.844188 282.861813	6.09e-01  8.74e-01  2.81e+05	-27.7137 69.9085 0.0354	
66.844188 282.861813	5.46e-01  6.78e-01  3.13e+05	26.0288 47.4461 0.8118	
66.844188 282.861813	5.38e-01  6.77e-01  3.15e+05	24.8816 46.9764 0.1638	
66.844188 282.861813	6.03e-01  9.50e-01  2.73e+05	-0.5791 79.3058 0.8831	
66.844188 282.861813	4.27e-01  8.32e-01  3.09e+05	-25.9468 51.5172 0.5642	
66.844188 282.861813	5.43e-01  7.05e-01  3.10e+05	-12.5789 55.1461 0.0548	
66.844188 282.861813	6.93e-01  8.29e-01  2.76e+05	8.0157 77.1303 0.9695	
66.844188 282.861813	5.30e-01  8.62e-01  2.91e+05	12.3742 67.8891 0.3423	
66.844188 282.861813	5.46e-01  7.53e-01  3.03e+05	16.2161 59.3106 0.4706	
66.844188 282.861813	6.35e-01  7.29e-01  2.95e+05	15.7341 65.0186 0.5356	
66.844188 282.861813	4.85e-01  8.26e-01  3.02e+05	-8.7972 61.9223 0.0151	
66.844188 282.861813	4.85e-01  9.35e-01  2.88e+05	-22.7967 67.2105 0.1491	
66.844188 282.861813	4.33e-01  9.02e-01  2.99e+05	-29.9271 57.2241 0.8577	
66.844188 282.861813	5.18e-01  8.99e-01  2.88e+05	2.6976 70.7669 0.2165	
66.844188 282.861813	6.53e-01  7.62e-01  2.89e+05	10.4408 69.8774 0.9172	
66.844188 282.861813	5.42e-01  7.86e-01  3.00e+05	-0.2188 63.9509 0.6723	
66.844188 282.861813	5.83e-01  8.21e-01  2.90e+05	-11.6296 68.8735 0.0334	
66.844188 282.861813	6.17e-01  7.99e-01  2.89e+05	-14.9666 69.1275 0.6671	
66.844188 282.861813	2.90e-01  9.20e-01  3.15e+05	-7.2953 52.1150 0.5352	
66.844188 282.861813	4.79e-01  8.36e-01  3.01e+05	-16.9896 60.5330 0.3706	
66.844188 282.861813	6.18e-01  7.84e-01  2.90e+05	-9.8311 68.9981 0.1517	
66.844188 282.861813	6.38e-01  7.09e-01  2.97e+05	34.2836 55.8076 0.9511	
66.844188 282.861813	5.56e-01  6.66e-01  3.14e+05	4.6868 53.5873 0.2573	
66.844188 282.861813	6.26e-01  7.10e-01  2.99e+05	17.7225 62.1206 0.9842	
66.844188 282.861813	5.52e-01  8.85e-01  2.86e+05	-21.7801 68.8138 0.5163	
66.844188 282.861813	4.45e-01  7.40e-01  3.19e+05	7.6739 49.0199 0.6089	
66.844188 282.861813	2.02e-01  9.35e-01  3.26e+05	-1.2507 43.2098 0.9802	
66.844188 282.861813	6.01e-01  6.89e-01  3.04e+05	-9.6463 59.9200 0.7722	
66.844188 282.861813	3.95e-01  8.28e-01  3.14e+05	-32.9089 42.8622 0.6165	
66.844188 282.861813	4.51e-01  8.03e-01  3.09e+05	21.6977 52.9053 0.6816	
66.844188 282.861813	6.16e-01  9.44e-01  2.72e+05	34.3742 71.9343 0.0327	
66.844188 282.861813	5.30e-01  9.13e-01  2.85e+05	-13.9636 71.2709 0.5982	
66.844188 282.861813	5.60e-01  8.50e-01  2.89e+05	-42.7103 55.8679 0.5804	
66.844188 282.861813	5.84e-01  7.70e-01  2.96e+05	-16.2391 64.0586 0.7378	
66.844188 282.861813	4.04e-01  7.58e-01  3.22e+05	6.0134 46.3244 0.6662	
66.844188 282.861813	6.63e-01  8.93e-01  2.73e+05	-17.4126 77.5356 0.3560	
66.844188 282.861813	3.62e-01  7.32e-01  3.33e+05	15.0441 32.8830 0.4038	
66.844188 282.861813	6.32e-01  9.06e-01  2.75e+05	-18.4195 76.3032 0.4054	
66.844188 282.861813	3.93e-01  7.18e-01  3.30e+05	0.9389 39.1287 0.0064	
66.844188 282.861813	7.01e-01  7.18e-01  2.88e+05	-24.0455 66.7181 0.2340	
66.844188 282.861813	5.43e-01  6.31e-01  3.21e+05	-4.2866 48.0855 0.0870	
66.844188 282.861813	5.20e-01  8.30e-01  2.97e+05	4.3392 65.6571 0.3634	
66.844188 282.861813	4.80e-01  8.70e-01  2.97e+05	-7.2160 65.3887 0.8833	
66.844188 282.861813	3.14e-01  8.59e-01  3.21e+05	2.6766 48.0571 0.8172	
66.844188 282.861813	7.33e-01  9.22e-01  2.63e+05	7.0223 84.3916 0.5222	
66.844188 282.861813	4.06e-01  8.54e-01  3.08e+05	-8.6228 57.1716 0.3250	
66.844188 282.861813	5.78e-01  7.47e-01  3.00e+05	24.7476 58.7259 0.1868	
66.844188 282.861813	5.57e-01  7.60e-01  3.01e+05	7.2450 62.6474 0.9938	
66.844188 282.861813	4.45e-01  7.35e-01  3.20e+05	30.2906 38.5243 0.6057	
66.844188 282.861813	5.91e-01  6.94e-01  3.05e+05	33.8640 49.7435 0.5552	
66.844188 282.861813	6.86e-01  7.01e-01  2.92e+05	-35.9424 58.4797 0.2138	
66.844188 282.861813	7.04e-01  9.41e-01  2.64e+05	16.1126 82.6367 0.0144	
66.844188 282.861813	5.09e-01  7.87e-01  3.04e+05	23.0699 56.7243 0.7685	
66.844188 282.861813	3.42e-01  8.04e-01  3.25e+05	14.1273 42.1790 0.9396	
66.844188 282.861813	4.38e-01  9.44e-01  2.93e+05	-14.8122 66.6218 0.4073	
66.844188 282.861813	5.98e-01  7.66e-01  2.95e+05	15.8937 64.9719 0.4943	
66.844188 282.861813	6.31e-01  6.42e-01  3.07e+05	23.4276 54.2475 0.6496	
66.844188 282.861813	5.25e-01  8.39e-01  2.95e+05	-12.6512 65.6916 0.5188	
66.844188 282.861813	5.34e-01  7.60e-01  3.04e+05	5.6513 60.7670 0.0468	
66.844188 282.861813	3.46e-01  8.15e-01  3.23e+05	-14.3445 44.2341 0.4011	
66.844188 282.861813	6.89e-01  9.45e-01  2.65e+05	-36.3237 75.3205 0.7181	
66.844188 282.861813	5.06e-01  8.23e-01  2.99e+05	-11.6156 62.9744 0.2590	
66.844188 282.861813	5.50e-01  8.43e-01  2.91e+05	1.6259 69.0231 0.2527	
66.844188 282.861813	3.89e-01  8.57e-01  3.10e+05	-12.7775 54.9877 0.6793	
66.844188 282.861813	4.00e-01  7.81e-01  3.20e+05	-10.5085 48.0174 0.4192	
66.844188 282.861813	6.51e-01  8.94e-01  2.74e+05	-10.5848 78.1636 0.2869	
66.844188 282.861813	6.56e-01  8.69e-01  2.76e+05	-37.9532 67.8288 0.1776	
66.844188 282.861813	4.02e-01  7.91e-01  3.18e+05	18.7158 46.9697 0.0228	
66.844188 282.861813	5.83e-01  7.90e-01  2.94e+05	-9.8080 66.8459 0.5812	
66.844188 282.861813	6.94e-01  7.69e-01  2.83e+05	-4.5553 73.7794 0.9507	
66.844188 282.861813	5.79e-01  8.56e-01  2.86e+05	11.0908 71.1980 0.5311	
66.844188 282.861813	6.04e-01  9.24e-01  2.76e+05	-6.2279 77.5902 0.4658	
66.844188 282.861813	4.12e-01  7.58e-01  3.21e+05	-17.2420 44.4187 0.0724	
66.844188 282.861813	4.69e-01  9.26e-01  2.91e+05	-14.1595 67.7759 0.0134	
66.844188 282.861813	7.22e-01  9.04e-01  2.65e+05	-20.3560 80.6944 0.2294	
66.844188 282.861813	5.52e-01  8.95e-01  2.85e+05	-21.7774 69.5093 0.6550	
66.844188 282.861813	4.22e-01  8.35e-01  3.09e+05	-23.3870 52.5130 0.2865	
66.844188 282.861813	5.13e-01  6.73e-01  3.19e+05	4.3395 49.4727 0.7517	
66.844188 282.861813	5.97e-01  6.94e-01  3.04e+05	-38.4955 46.9053 0.6143	
66.844188 282.861813	4.11e-01  7.73e-01  3.19e+05	13.0149 47.6831 0.7537	
66.844188 282.861813	3.09e-01  9.14e-01  3.14e+05	1.4414 53.9630 0.3213	
66.844188 282.861813	4.41e-01  7.27e-01  3.22e+05	-23.4970 41.2515 0.4665	
66.844188 282.861813	5.08e-01  8.90e-01  2.91e+05	21.3619 66.0890 0.3957	
66.844188 282.861813	5.66e-01  8.89e-01  2.84e+05	0.2045 73.4082 0.2460	
66.844188 282.861813	5.03e-01  9.35e-01  2.86e+05	-0.7723 72.2323 0.6050	
66.844188 282.861813	3.89e-01  9.25e-01  3.01e+05	-5.1215 62.5407 0.1479	
66.844188 282.861813	4.84e-01  8.05e-01  3.05e+05	12.9079 59.2190 0.5570	
66.844188 282.861813	5.58e-01  8.39e-01  2.91e+05	37.2114 58.5881 0.5669	
66.844188 282.861813	5.12e-01  7.76e-01  3.05e+05	-11.0888 59.4320 0.9245	
66.844188 282.861813	3.60e-01  8.97e-01  3.09e+05	14.7206 55.5373 0.4058	
66.844188 282.861813	4.45e-01  8.47e-01  3.04e+05	3.4529 60.7449 0.8782	
66.844188 282.861813	5.09e-01  8.54e-01  2.95e+05	-1.6600 66.7957 0.3369	
66.844188 282.861813	6.06e-01  9.64e-01  2.71e+05	16.3212 78.6345 0.9625	
66.844188 282.861813	5.01e-01  8.03e-01  3.03e+05	-24.5714 56.8247 0.3112	
66.844188 282.861813	3.78e-01  8.70e-01  3.10e+05	13.5236 54.9411 0.2081	
66.844188 282.861813	3.63e-01  7.56e-01  3.29e+05	-21.7362 33.9547 0.5515	
66.844188 282.861813	5.13e-01  7.52e-01  3.08e+05	23.4718 53.4178 0.6048	
66.844188 282.861813	2.84e-01  8.98e-01  3.20e+05	-13.4545 47.3395 0.6567	
66.844188 282.861813	5.93e-01  8.11e-01  2.90e+05	1.5726 69.8364 0.7261	
66.844188 282.861813	5.85e-01  7.86e-01  2.94e+05	1.8238 67.4045 0.8983	
66.844188 282.861813	5.01e-01  8.59e-01  2.95e+05	20.4566 63.3043 0.7914	
66.844188 282.861813	4.63e-01  9.12e-01  2.94e+05	5.8966 67.4835 0.8551	
66.844188 282.861813	4.59e-01  8.68e-01  3.00e+05	25.1295 58.7687 0.9264	
66.844188 282.861813	5.33e-01  6.35e-01  3.22e+05	0.5801 47.4016 0.0268	
66.844188 282.861813	6.00e-01  7.85e-01  2.92e+05	-23.9281 64.1768 0.0602	
66.844188 282.861813	4.43e-01  8.53e-01  3.04e+05	32.2193 51.9601 0.7226	
66.844188 282.861813	4.93e-01  9.22e-01  2.89e+05	-27.6651 65.0074 0.8004	
66.844188 282.861813	5.06e-01  7.11e-01  3.14e+05	2.2737 53.3417 0.6622	
66.844188 282.861813	4.28e-01  8.88e-01  3.01e+05	-36.4519 51.3082 0.2083	
66.844188 282.861813	5.12e-01  6.74e-01  3.19e+05	-3.0871 49.6055 0.0746	
66.844188 282.861813	3.37e-01  9.60e-01  3.04e+05	15.0970 59.3479 0.7161	
66.844188 282.861813	4.23e-01  9.64e-01  2.92e+05	8.8909 68.0577 0.3071	
66.844188 282.861813	4.74e-01  8.47e-01  3.00e+05	15.4890 61.5327 0.4134	
66.844188 282.861813	4.37e-01  9.14e-01  2.97e+05	-27.7106 59.7445 0.0413	
66.844188 282.861813	5.62e-01  8.02e-01  2.95e+05	-11.9857 65.8547 0.5055	
66.844188 282.861813	4.15e-01  7.89e-01  3.16e+05	0.9318 51.8091 0.0265	
66.844188 282.861813	5.78e-01  8.18e-01  2.91e+05	9.7933 68.5902 0.5412	
66.844188 282.861813	5.12e-01  8.61e-01  2.94e+05	12.2122 66.4513 0.3740	
66.844188 282.861813	4.50e-01  8.38e-01  3.05e+05	9.2905 59.6879 0.3672	
66.844188 282.861813	6.20e-01  7.62e-01  2.93e+05	-14.4257 66.7207 0.9413	
66.844188 282.861813	6.88e-01  7.66e-01  2.84e+05	32.1113 65.8499 0.3485	
66.844188 282.861813	3.52e-01  8.92e-01  3.11e+05	12.2544 54.8048 0.2893	
66.844188 282.861813	4.94e-01  6.95e-01  3.19e+05	-6.1362 49.6725 0.1874	
66.844188 282.861813	3.92e-01  8.02e-01  3.18e+05	2.1306 50.7307 0.1811	
66.844188 282.861813	3.21e-01  8.90e-01  3.15e+05	20.0424 48.8001 0.5176	
66.844188 282.861813	3.90e-01  8.03e-01  3.18e+05	-23.1410 44.9904 0.4513	
66.844188 282.861813	5.95e-01  8.77e-01  2.82e+05	8.9405 73.9694 0.2074	
66.844188 282.861813	5.05e-01  7.39e-01  3.11e+05	25.8175 50.0153 0.5140	
66.844188 282.861813	6.58e-01  8.03e-01  2.83e+05	16.8894 71.8132 0.8269	
66.844188 282.861813	3.04e-01  9.30e-01  3.12e+05	18.7315 51.8815 0.6880	
66.844188 282.861813	4.66e-01  7.92e-01  3.09e+05	14.6842 55.6674 0.0180	
66.844188 282.861813	4.38e-01  6.90e-01  3.28e+05	-26.6551 32.2692 0.3647	
66.844188 282.861813	4.20e-01  7.59e-01  3.20e+05	2.7306 48.8535 0.4545	
66.844188 282.861813	5.59e-01  7.32e-01  3.04e+05	-20.8770 57.0018 0.7793	
66.844188 282.861813	5.18e-01  6.93e-01  3.15e+05	-11.5160 51.4183 0.0110	
66.844188 282.861813	3.96e-01  8.39e-01  3.12e+05	-14.0481 53.3959 0.2457	
66.844188 282.861813	4.46e-01  7.72e-01  3.14e+05	24.2628 47.5740 0.4342	
66.844188 282.861813	3.72e-01  9.07e-01  3.06e+05	-5.5451 59.2865 0.3773	
66.844188 282.861813	4.96e-01  8.30e-01  3.00e+05	-3.7254 63.6565 0.3075	
66.844188 282.861813	4.23e-01  8.99e-01  3.00e+05	10.5819 62.5486 0.7508	
66.844188 282.861813	4.32e-01  7.64e-01  3.18e+05	-15.9099 48.3405 0.4332	
66.844188 282.861813	4.71e-01  7.28e-01  3.17e+05	-0.3565 51.2257 0.1117	
66.844188 282.861813	5.07e-01  7.30e-01  3.12e+05	30.0397 46.6404 0.1060	
66.844188 282.861813	4.49e-01  8.49e-01  3.03e+05	-14.5869 59.6603 0.6151	
66.844188 282.861813	7.23e-01  8.41e-01  2.72e+05	35.6607 71.5175 0.6857	
66.844188 282.861813	5.01e-01  7.68e-01  3.07e+05	-6.9339 58.2562 0.2603	
66.844188 282.861813	3.97e-01  7.68e-01  3.22e+05	-1.4529 47.1319 0.2441	
66.844188 282.861813	3.35e-01  9.23e-01  3.09e+05	23.3268 52.7130 0.7861	
66.844188 282.861813	5.71e-01  7.90e-01  2.95e+05	-27.7408 60.5612 0.4362	
66.844188 282.861813	4.55e-01  8.23e-01  3.06e+05	-15.9457 57.3448 0.4230	
66.844188 282.861813	5.43e-01  8.26e-01  2.94e+05	29.1149 60.6181 0.9566	
66.844188 282.861813	4.21e-01  8.42e-01  3.08e+05	-20.2158 54.5577 0.5962	
66.844188 282.861813	6.31e-01  7.82e-01  2.89e+05	-20.5431 67.4869 0.0768	
66.844188 282.861813	4.00e-01  8.08e-01  3.16e+05	4.7608 52.0794 0.1771	
66.844188 282.861813	4.72e-01  8.03e-01  3.07e+05	-23.6925 54.2840 0.8530	
66.844188 282.861813	4.65e-01  7.77e-01  3.11e+05	26.2371 49.5049 0.6260	
66.844188 282.861813	4.41e-01  8.02e-01  3.11e+05	20.2425 52.3320 0.0404	
66.844188 282.861813	5.08e-01  9.44e-01  2.84e+05	1.6829 73.1923 0.9478	
66.844188 282.861813	4.48e-01  8.15e-01  3.08e+05	-9.5967 57.3187 0.3029	
66.844188 282.861813	4.13e-01  8.93e-01  3.02e+05	12.1191 60.9529 0.6991	
66.844188 282.861813	3.09e-01  8.73e-01  3.20e+05	-1.3917 49.2176 0.4745	
66.844188 282.861813	5.47e-01  8.09e-01  2.96e+05	20.5377 63.0110 0.3134	
66.844188 282.861813	5.35e-01  8.09e-01  2.97e+05	-30.6367 57.6894 0.8529	
66.844188 282.861813	5.19e-01  7.22e-01  3.11e+05	34.8974 43.6809 0.6371	
66.844188 282.861813	4.63e-01  6.13e-01  3.36e+05	-4.2864 32.4570 0.2410	
66.844188 282.861813	4.02e-01  8.49e-01  3.10e+05	10.7434 55.8799 0.7599	
66.844188 282.861813	5.38e-01  6.66e-01  3.16e+05	-22.4515 46.6526 0.1491	
66.844188 282.861813	6.33e-01  8.30e-01  2.83e+05	-22.2578 70.4385 0.1067	
66.844188 282.861813	4.82e-01  8.40e-01  3.00e+05	7.6952 63.0619 0.5660	
66.844188 282.861813	3.90e-01  8.03e-01  3.18e+05	-3.1215 50.4668 0.0893	
66.844188 282.861813	4.58e-01  8.07e-01  3.08e+05	-2.7090 58.1949 0.2039	
66.844188 282.861813	5.16e-01  8.57e-01  2.94e+05	31.8572 59.6000 0.2687	
66.844188 282.861813	4.18e-01  9.35e-01  2.96e+05	-7.8495 65.5784 0.9617	
66.844188 282.861813	4.22e-01  8.86e-01  3.02e+05	8.9871 61.5396 0.5704	
66.844188 282.861813	5.61e-01  8.02e-01  2.95e+05	-44.8724 49.5253 0.2469	
66.844188 282.861813	2.48e-01  8.99e-01  3.25e+05	8.7081 43.7349 0.4140	
66.844188 282.861813	3.90e-01  8.76e-01  3.08e+05	2.5870 58.3777 0.1302	
66.844188 282.861813	5.85e-01  7.36e-01  3.00e+05	25.5252 58.0183 0.9127	
66.844188 282.861813	4.66e-01  7.32e-01  3.17e+05	9.6032 50.2077 0.3295	
66.844188 282.861813	4.70e-01  8.80e-01  2.97e+05	34.7182 55.8836 0.2682	
66.844188 282.861813	5.33e-01  6.51e-01  3.19e+05	-8.0090 48.8886 0.3688	
66.844188 282.861813	6.99e-01  7.99e-01  2.79e+05	26.7698 71.2247 0.1109	
66.844188 282.861813	5.62e-01  7.99e-01  2.95e+05	16.6849 64.4943 0.1399	
66.844188 282.861813	4.83e-01  6.89e-01  3.21e+05	6.9888 47.4682 0.3367	
66.844188 282.861813	6.14e-01  7.54e-01  2.95e+05	-28.2472 60.9146 0.7432	
66.844188 282.861813	4.74e-01  8.03e-01  3.06e+05	1.7080 59.3928 0.7469	
66.844188 282.861813	4.03e-01  8.24e-01  3.13e+05	-6.6812 53.9961 0.3004	
66.844188 282.861813	5.26e-01  9.34e-01  2.83e+05	8.9601 73.2149 0.9389	
66.844188 282.861813	6.63e-01  8.59e-01  2.76e+05	17.3199 75.5988 0.7995	
66.844188 282.861813	5.89e-01  8.28e-01  2.88e+05	-20.2435 67.8444 0.9490	
66.844188 282.861813	6.56e-01  8.54e-01  2.78e+05	-5.3552 76.6766 0.4088	
66.844188 282.861813	5.76e-01  7.22e-01  3.03e+05	-29.8973 53.5903 0.5030	
66.844188 282.861813	5.39e-01  8.86e-01  2.88e+05	-3.8472 71.2168 0.0399	
66.844188 282.861813	4.69e-01  7.60e-01  3.13e+05	31.7528 44.4705 0.4319	
66.844188 282.861813	6.66e-01  7.35e-01  2.90e+05	33.3712 61.1316 0.5134	
66.844188 282.861813	6.25e-01  9.11e-01  2.75e+05	10.3811 77.6672 0.6897	
66.844188 282.861813	3.89e-01  7.74e-01  3.22e+05	3.2616 46.7390 0.0839	
66.844188 282.861813	6.06e-01  7.48e-01  2.96e+05	2.6586 66.0404 0.0826	
66.844188 282.861813	6.42e-01  9.49e-01  2.69e+05	4.5080 81.2555 0.8450	
66.844188 282.861813	5.75e-01  7.70e-01  2.97e+05	6.3238 65.0184 0.2719	
66.844188 282.861813	5.47e-01  8.93e-01  2.86e+05	19.0037 69.8140 0.8617	
66.844188 282.861813	5.14e-01  8.32e-01  2.97e+05	31.3191 57.4508 0.9994	
66.844188 282.861813	6.04e-01  8.02e-01  2.90e+05	27.6876 64.3581 0.6127	
66.844188 282.861813	4.56e-01  7.59e-01  3.15e+05	13.5944 51.4362 0.0512	
66.844188 282.861813	5.36e-01  7.03e-01  3.11e+05	4.6230 55.4493 0.7690	
66.844188 282.861813	6.46e-01  7.90e-01  2.86e+05	-17.2277 70.0498 0.1132	
66.844188 282.861813	4.58e-01  8.87e-01  2.97e+05	-10.8010 64.4586 0.6138	
66.844188 282.861813	4.68e-01  7.86e-01  3.09e+05	-14.6398 55.3256 0.4186	
66.844188 282.861813	3.84e-01  8.09e-01  3.18e+05	-28.3725 41.9027 0.6224	
66.844188 282.861813	4.46e-01  7.85e-01  3.13e+05	-8.1517 54.1889 0.1045	
66.844188 282.861813	2.93e-01  8.07e-01  3.32e+05	-5.3752 36.7841 0.3007	
66.844188 282.861813	5.23e-01  8.22e-01  2.97e+05	22.3762 61.3969 0.5544	
66.844188 282.861813	4.47e-01  8.96e-01  2.98e+05	8.7877 64.5827 0.9994	
66.844188 282.861813	4.17e-01  8.47e-01  3.08e+05	-10.3683 57.2425 0.1013	
66.844188 282.861813	5.25e-01  7.84e-01  3.02e+05	-4.4486 62.1974 0.8032	
66.844188 282.861813	6.11e-01  8.41e-01  2.84e+05	-33.9884 64.7738 0.2108	
66.844188 282.861813	3.83e-01  9.09e-01  3.04e+05	22.7801 56.4140 0.2685	
66.844188 282.861813	3.63e-01  9.17e-01  3.06e+05	3.5766 59.6319 0.6190	
66.844188 282.861813	4.25e-01  8.57e-01  3.06e+05	-7.3933 59.4277 0.9112	
66.844188 282.861813	3.82e-01  8.35e-01  3.14e+05	-10.8306 52.2337 0.6452	
66.844188 282.861813	6.58e-01  8.87e-01  2.74e+05	-16.9978 76.9788 0.4361	
66.844188 282.861813	4.13e-01  7.82e-01  3.18e+05	5.6552 50.5496 0.5209	
66.844188 282.861813	4.83e-01  6.52e-01  3.26e+05	4.6687 42.6877 0.5897	
66.844188 282.861813	7.89e-01  7.93e-01  2.70e+05	8.6405 80.4098 0.2606	
66.844188 282.861813	4.84e-01  7.13e-01  3.17e+05	-0.2529 51.0560 0.5554	
66.844188 282.861813	4.42e-01  7.44e-01  3.19e+05	-22.7619 44.2081 0.1005	
66.844188 282.861813	3.80e-01  7.69e-01  3.24e+05	-12.2503 43.2258 0.0175	
66.844188 282.861813	5.86e-01  7.03e-01  3.05e+05	-34.2932 49.9602 0.6350	
66.844188 282.861813	3.02e-01  8.18e-01  3.29e+05	11.3098 38.8355 0.5307	
66.844188 282.861813	5.15e-01  7.87e-01  3.03e+05	9.2973 61.0597 0.9327	
66.844188 282.861813	5.25e-01  8.07e-01  2.99e+05	-18.8721 61.4817 0.8331	
66.844188 282.861813	6.02e-01  7.62e-01  2.95e+05	8.5206 66.3434 0.9639	
66.844188 282.861813	3.80e-01  8.40e-01  3.14e+05	-5.2336 53.3691 0.8756	
66.844188 282.861813	5.18e-01  7.65e-01  3.05e+05	-0.0406 59.9962 0.7615	
66.844188 282.861813	3.67e-01  8.59e-01  3.13e+05	2.6507 54.2169 0.0939	
66.844188 282.861813	6.19e-01  7.19e-01  2.98e+05	33.9606 55.1959 0.9869	
66.844188 282.861813	5.66e-01  8.33e-01  2.91e+05	11.7618 68.5092 0.4833	
66.844188 282.861813	6.66e-01  8.37e-01  2.79e+05	5.2010 76.2035 0.6432	
66.844188 282.861813	6.45e-01  9.36e-01  2.70e+05	36.0890 72.3374 0.3522	
66.844188 282.861813	4.53e-01  7.26e-01  3.20e+05	-19.9837 44.4860 0.4084	
66.844188 282.861813	4.13e-01  8.94e-01  3.02e+05	41.1644 46.6184 0.8208	
66.844188 282.861813	3.04e-01  8.85e-01  3.18e+05	8.5219 49.3780 0.2126	
66.844188 282.861813	5.33e-01  7.96e-01  2.99e+05	-8.8326 63.4934 0.3185	
66.844188 282.861813	5.52e-01  7.56e-01  3.02e+05	36.4278 50.4679 0.1603	
66.844188 282.861813	5.14e-01  8.12e-01  3.00e+05	-2.8730 63.8189 0.3302	
66.844188 282.861813	6.48e-01  9.48e-01  2.68e+05	-46.6042 67.1190 0.4162	
66.844188 282.861813	5.45e-01  8.53e-01  2.91e+05	2.9755 69.3166 0.3838	
66.844188 282.861813	6.01e-01  7.32e-01  2.99e+05	-5.7455 64.1656 0.0245	
66.844188 282.861813	4.15e-01  9.15e-01  2.99e+05	6.0383 63.8539 0.2120	
66.844188 282.861813	3.44e-01  9.61e-01  3.02e+05	31.8432 53.2025 0.6533	
66.844188 282.861813	6.82e-01  7.18e-01  2.91e+05	-21.6357 66.1143 0.2923	
66.844188 282.861813	6.52e-01  8.53e-01  2.78e+05	11.8767 75.5832 0.6343	
66.844188 282.861813	6.50e-01  7.13e-01  2.95e+05	3.3251 66.7277 0.5480	
66.844188 282.861813	4.13e-01  8.56e-01  3.07e+05	-11.1867 57.6706 0.5893	
66.844188 282.861813	3.54e-01  7.90e-01  3.25e+05	-0.8148 44.1228 0.1774	
66.844188 282.861813	6.04e-01  6.38e-01  3.11e+05	14.3672 54.1673 0.7749	
66.844188 282.861813	6.90e-01  8.63e-01  2.73e+05	-29.0449 73.7912 0.8840	
66.844188 282.861813	3.87e-01  9.35e-01  3.00e+05	-28.5083 56.6565 0.8438	
66.844188 282.861813	5.25e-01  9.20e-01  2.85e+05	-0.3127 72.7192 0.7906	
66.844188 282.861813	6.45e-01  8.09e-01  2.84e+05	5.2835 73.1242 0.3372	
66.844188 282.861813	5.26e-01  9.36e-01  2.83e+05	-11.1975 73.0116 0.5652	
66.844188 282.861813	5.15e-01  7.82e-01  3.04e+05	-43.5653 43.1071 0.6221	
66.844188 282.861813	5.38e-01  8.38e-01  2.94e+05	35.6881 57.5845 0.2055	
