67.601095 287.604934	7.78e-01  9.30e-01  3.05e+05	-0.0000 91.1352 0.2087	
67.601095 287.604934	7.00e-01  8.26e-01  3.27e+05	24.9361 77.4185 0.6410	
67.601095 287.604934	7.38e-01  9.14e-01  3.12e+05	-49.0661 73.5529 0.5252	
67.601095 287.604934	6.12e-01  8.03e-01  3.42e+05	-5.0671 73.7171 0.2776	
67.601095 287.604934	5.04e-01  7.89e-01  3.60e+05	1.8182 63.7710 0.0358	
67.601095 287.604934	6.62e-01  9.29e-01  3.19e+05	-13.2993 84.1043 0.4693	
67.601095 287.604934	4.20e-01  7.47e-01  3.81e+05	-1.4655 49.5278 0.5913	
67.601095 287.604934	6.62e-01  8.99e-01  3.23e+05	-31.8242 77.0930 0.9640	
67.601095 287.604934	4.65e-01  8.85e-01  3.52e+05	32.2438 60.8447 0.0552	
67.601095 287.604934	6.49e-01  8.61e-01  3.29e+05	3.8384 80.2795 0.0855	
67.601095 287.604934	6.75e-01  8.17e-01  3.32e+05	-32.7872 72.0733 0.3057	
67.601095 287.604934	5.82e-01  6.56e-01  3.69e+05	51.1009 27.5454 0.1944	
67.601095 287.604934	6.75e-01  8.48e-01  3.28e+05	-14.1531 79.9410 0.2039	
67.601095 287.604934	5.27e-01  9.59e-01  3.32e+05	-10.1605 78.1764 0.7121	
67.601095 287.604934	7.11e-01  7.91e-01  3.30e+05	-7.1569 79.5416 0.0034	
67.601095 287.604934	6.48e-01  8.74e-01  3.28e+05	56.7183 57.9889 0.8598	
67.601095 287.604934	5.91e-01  7.70e-01  3.50e+05	30.2170 62.8324 0.1677	
67.601095 287.604934	7.03e-01  9.05e-01  3.17e+05	-22.5282 83.1245 0.4609	
67.601095 287.604934	6.94e-01  8.76e-01  3.22e+05	0.0299 83.9388 0.3100	
67.601095 287.604934	6.24e-01  8.36e-01  3.36e+05	8.3820 76.6300 0.2180	
67.601095 287.604934	7.45e-01  9.31e-01  3.09e+05	-3.4627 89.5320 0.1007	
67.601095 287.604934	6.74e-01  9.28e-01  3.18e+05	-2.5633 85.6959 0.9111	
67.601095 287.604934	7.78e-01  9.12e-01  3.07e+05	-20.6609 87.9074 0.8325	
67.601095 287.604934	7.48e-01  9.24e-01  3.09e+05	21.5839 86.7597 0.1386	
67.601095 287.604934	6.71e-01  7.64e-01  3.39e+05	8.5321 74.8367 0.2228	
67.601095 287.604934	7.02e-01  9.15e-01  3.16e+05	-21.9628 83.7399 0.6186	
67.601095 287.604934	6.98e-01  8.88e-01  3.19e+05	8.1901 84.5051 0.0533	
67.601095 287.604934	5.61e-01  8.34e-01  3.45e+05	-14.7142 70.8890 0.8685	
67.601095 287.604934	6.47e-01  8.47e-01  3.31e+05	-30.1808 73.3814 0.3695	
67.601095 287.604934	5.64e-01  8.03e-01  3.49e+05	-8.8374 69.6554 0.3090	
67.601095 287.604934	5.94e-01  8.63e-01  3.36e+05	6.9178 76.5466 0.0190	
67.601095 287.604934	6.09e-01  7.35e-01  3.53e+05	4.0472 68.2005 0.3645	
67.601095 287.604934	5.19e-01  8.98e-01  3.42e+05	-4.5723 73.9024 0.0366	
67.601095 287.604934	5.31e-01  7.71e-01  3.59e+05	-16.8490 62.3893 0.5138	
67.601095 287.604934	6.40e-01  8.01e-01  3.38e+05	8.8019 75.3094 0.9611	
67.601095 287.604934	5.90e-01  8.76e-01  3.35e+05	25.6904 73.1033 0.6995	
67.601095 287.604934	5.67e-01  7.80e-01  3.52e+05	-4.0523 68.4914 0.1597	
67.601095 287.604934	5.65e-01  8.23e-01  3.46e+05	-25.7826 67.0608 0.6337	
67.601095 287.604934	5.08e-01  8.14e-01  3.56e+05	-27.8687 60.2165 0.5461	
67.601095 287.604934	6.91e-01  8.23e-01  3.29e+05	56.4875 57.4615 0.7777	
67.601095 287.604934	7.56e-01  8.07e-01  3.22e+05	17.0663 81.7812 0.5989	
67.601095 287.604934	5.64e-01  8.06e-01  3.49e+05	-35.8665 60.6177 0.1101	
67.601095 287.604934	6.12e-01  8.08e-01  3.42e+05	-4.9529 74.0751 0.3141	
67.601095 287.604934	6.44e-01  7.85e-01  3.40e+05	-11.2485 74.0735 0.3884	
67.601095 287.604934	5.20e-01  7.81e-01  3.59e+05	9.4640 63.7760 0.8049	
67.601095 287.604934	5.25e-01  8.86e-01  3.43e+05	17.1401 71.5513 0.4910	
67.601095 287.604934	7.03e-01  8.81e-01  3.20e+05	20.1819 82.2997 0.9074	
67.601095 287.604934	6.33e-01  7.85e-01  3.42e+05	-10.4975 73.3979 0.6598	
67.601095 287.604934	7.33e-01  7.90e-01  3.28e+05	22.1395 78.0965 0.2178	
67.601095 287.604934	6.29e-01  8.34e-01  3.36e+05	17.2849 75.3347 0.0343	
67.601095 287.604934	6.83e-01  8.99e-01  3.20e+05	5.5537 84.4495 0.5344	
67.601095 287.604934	4.86e-01  8.72e-01  3.50e+05	20.6552 66.3364 0.1986	
67.601095 287.604934	7.00e-01  9.46e-01  3.12e+05	-4.6884 87.9838 0.0718	
67.601095 287.604934	6.82e-01  8.39e-01  3.28e+05	32.0988 74.4471 0.3171	
67.601095 287.604934	6.96e-01  7.82e-01  3.34e+05	-16.2322 76.5873 0.3940	
67.601095 287.604934	7.09e-01  7.78e-01  3.32e+05	-14.0606 77.6492 0.6484	
67.601095 287.604934	6.06e-01  8.92e-01  3.31e+05	7.3866 79.2381 0.4920	
67.601095 287.604934	6.49e-01  7.99e-01  3.37e+05	-20.5578 73.5048 0.5827	
67.601095 287.604934	5.34e-01  7.91e-01  3.55e+05	10.3452 65.8527 0.9729	
67.601095 287.604934	6.75e-01  8.78e-01  3.24e+05	-0.8599 82.9943 0.3310	
67.601095 287.604934	6.44e-01  7.75e-01  3.42e+05	-53.8815 51.0230 0.2577	
67.601095 287.604934	5.68e-01  8.36e-01  3.44e+05	-13.2739 71.8901 0.5096	
67.601095 287.604934	7.30e-01  8.78e-01  3.17e+05	-6.0153 85.8897 0.4361	
67.601095 287.604934	5.93e-01  7.24e-01  3.57e+05	-1.8866 65.9335 0.9672	
67.601095 287.604934	7.03e-01  8.56e-01  3.23e+05	1.7654 83.2646 0.7365	
67.601095 287.604934	7.69e-01  8.94e-01  3.10e+05	5.2551 88.8231 0.4582	
67.601095 287.604934	6.36e-01  7.42e-01  3.47e+05	0.0107 71.0997 0.3893	
67.601095 287.604934	4.26e-01  8.90e-01  3.57e+05	19.0289 63.1029 0.7662	
67.601095 287.604934	5.61e-01  9.40e-01  3.30e+05	-3.1153 79.7463 0.5984	
67.601095 287.604934	5.08e-01  8.94e-01  3.44e+05	-6.4763 72.6245 0.6884	
67.601095 287.604934	5.57e-01  8.04e-01  3.50e+05	-12.8531 68.5122 0.9830	
67.601095 287.604934	7.42e-01  8.93e-01  3.14e+05	-27.6271 83.0075 0.1933	
67.601095 287.604934	7.07e-01  8.49e-01  3.23e+05	-7.7124 82.7846 0.5568	
67.601095 287.604934	7.96e-01  9.48e-01  3.01e+05	30.6839 87.6267 0.3455	
67.601095 287.604934	5.68e-01  7.71e-01  3.53e+05	37.1472 56.8119 0.2220	
67.601095 287.604934	4.60e-01  7.86e-01  3.68e+05	-8.0929 58.4097 0.6946	
67.601095 287.604934	6.33e-01  8.63e-01  3.31e+05	7.4296 79.1309 0.7547	
67.601095 287.604934	5.61e-01  8.60e-01  3.41e+05	32.8069 66.6750 0.5213	
67.601095 287.604934	6.90e-01  9.26e-01  3.16e+05	1.9702 86.5154 0.8565	
67.601095 287.604934	5.57e-01  8.93e-01  3.37e+05	10.4497 75.7364 0.1537	
67.601095 287.604934	6.05e-01  7.24e-01  3.55e+05	39.1010 54.3844 0.8056	
67.601095 287.604934	8.40e-01  8.91e-01  3.03e+05	9.0140 91.8019 0.4265	
67.601095 287.604934	7.24e-01  8.42e-01  3.22e+05	18.5741 81.6228 0.9201	
67.601095 287.604934	5.81e-01  9.05e-01  3.32e+05	33.9239 71.1496 0.9593	
67.601095 287.604934	6.01e-01  7.92e-01  3.45e+05	32.1340 64.7450 0.6217	
67.601095 287.604934	7.66e-01  8.31e-01  3.18e+05	-3.8831 85.3556 0.0455	
67.601095 287.604934	6.70e-01  7.28e-01  3.45e+05	-28.1700 66.9749 0.8363	
67.601095 287.604934	6.90e-01  8.14e-01  3.30e+05	-36.1140 71.3831 0.3381	
67.601095 287.604934	6.86e-01  7.85e-01  3.34e+05	-19.7327 75.2878 0.4456	
67.601095 287.604934	5.29e-01  6.93e-01  3.72e+05	-11.0463 55.2449 0.6434	
67.601095 287.604934	6.09e-01  7.54e-01  3.50e+05	8.8474 69.3245 0.1894	
67.601095 287.604934	4.87e-01  7.44e-01  3.70e+05	-9.5037 56.5751 0.8338	
67.601095 287.604934	5.53e-01  8.68e-01  3.41e+05	20.7925 71.3812 0.6655	
67.601095 287.604934	5.22e-01  8.80e-01  3.44e+05	4.4945 72.7792 0.6296	
67.601095 287.604934	6.58e-01  8.57e-01  3.29e+05	-11.6210 79.8245 0.9473	
67.601095 287.604934	5.86e-01  8.54e-01  3.39e+05	-0.5781 75.7069 0.5404	
67.601095 287.604934	6.09e-01  6.69e-01  3.63e+05	1.1912 62.2817 0.3102	
67.601095 287.604934	6.05e-01  8.86e-01  3.32e+05	12.6847 78.1065 0.3457	
67.601095 287.604934	5.19e-01  9.07e-01  3.41e+05	14.8766 73.1848 0.9219	
67.601095 287.604934	5.67e-01  8.17e-01  3.47e+05	12.9097 70.3818 0.5669	
67.601095 287.604934	4.83e-01  7.15e-01  3.76e+05	-1.1096 53.4766 0.5529	
67.601095 287.604934	7.57e-01  9.20e-01  3.09e+05	43.2900 78.4696 0.2549	
67.601095 287.604934	5.08e-01  8.78e-01  3.46e+05	-26.7187 66.5404 0.5547	
67.601095 287.604934	7.03e-01  8.00e-01  3.30e+05	25.5057 75.7301 0.7165	
67.601095 287.604934	7.51e-01  8.50e-01  3.18e+05	-8.5200 85.2728 0.0317	
67.601095 287.604934	6.11e-01  8.44e-01  3.37e+05	12.6300 75.7221 0.4842	
67.601095 287.604934	6.66e-01  8.51e-01  3.28e+05	-5.3436 80.6271 0.1585	
67.601095 287.604934	6.67e-01  7.27e-01  3.45e+05	21.2530 69.0817 0.7115	
67.601095 287.604934	7.52e-01  8.09e-01  3.23e+05	3.2441 83.3404 0.1234	
67.601095 287.604934	5.36e-01  8.74e-01  3.43e+05	40.4467 61.4745 0.3443	
67.601095 287.604934	6.07e-01  8.31e-01  3.39e+05	31.8482 68.5207 0.2708	
67.601095 287.604934	5.81e-01  7.98e-01  3.47e+05	-0.6520 71.1198 0.9106	
67.601095 287.604934	6.78e-01  8.24e-01  3.30e+05	-0.1251 79.8640 0.8570	
67.601095 287.604934	5.79e-01  8.65e-01  3.38e+05	12.5401 74.9388 0.9522	
67.601095 287.604934	8.57e-01  9.27e-01  2.97e+05	-26.3930 90.8601 0.8923	
67.601095 287.604934	7.16e-01  9.15e-01  3.14e+05	-2.5944 87.2337 0.6934	
67.601095 287.604934	4.54e-01  9.03e-01  3.51e+05	-4.8873 69.2160 0.3824	
67.601095 287.604934	5.90e-01  7.24e-01  3.57e+05	-31.4557 57.7017 0.0595	
67.601095 287.604934	7.51e-01  9.08e-01  3.11e+05	-3.9113 88.6860 0.9176	
67.601095 287.604934	5.73e-01  9.44e-01  3.28e+05	26.2430 76.4118 0.9496	
67.601095 287.604934	5.21e-01  8.98e-01  3.42e+05	-3.3627 74.1125 0.6931	
67.601095 287.604934	5.11e-01  7.78e-01  3.61e+05	-13.8878 61.8003 0.1967	
67.601095 287.604934	4.88e-01  7.58e-01  3.68e+05	-13.7141 57.3849 0.6618	
67.601095 287.604934	6.24e-01  9.26e-01  3.24e+05	-2.2520 82.8159 0.3537	
67.601095 287.604934	4.91e-01  8.81e-01  3.48e+05	1.7248 70.5924 0.7412	
67.601095 287.604934	5.51e-01  8.27e-01  3.48e+05	21.6674 67.6843 0.8532	
67.601095 287.604934	7.67e-01  9.65e-01  3.02e+05	-16.4578 90.8087 0.4929	
67.601095 287.604934	5.35e-01  7.76e-01  3.58e+05	37.3586 53.6520 0.7624	
67.601095 287.604934	3.69e-01  8.74e-01  3.68e+05	-19.8404 55.2588 0.0581	
67.601095 287.604934	4.42e-01  8.25e-01  3.64e+05	7.4823 60.7380 0.4635	
67.601095 287.604934	6.93e-01  7.58e-01  3.37e+05	22.9138 72.9219 0.5417	
67.601095 287.604934	6.09e-01  8.84e-01  3.32e+05	-43.8693 65.9958 0.6103	
67.601095 287.604934	6.09e-01  9.50e-01  3.23e+05	-1.5504 83.2927 0.0163	
67.601095 287.604934	6.50e-01  8.45e-01  3.31e+05	-17.9045 77.3476 0.7656	
67.601095 287.604934	6.68e-01  7.01e-01  3.49e+05	-1.5473 70.3142 0.0083	
67.601095 287.604934	5.87e-01  7.41e-01  3.55e+05	-45.8403 48.7782 0.9247	
67.601095 287.604934	6.15e-01  8.63e-01  3.33e+05	-30.4640 72.1296 0.3386	
67.601095 287.604934	6.66e-01  8.43e-01  3.29e+05	-2.7501 80.2496 0.3409	
67.601095 287.604934	8.51e-01  9.24e-01  2.98e+05	0.3373 94.1963 0.5876	
67.601095 287.604934	7.25e-01  9.37e-01  3.10e+05	36.6411 81.0090 0.9066	
67.601095 287.604934	6.12e-01  8.30e-01  3.38e+05	-3.9761 75.7328 0.0534	
67.601095 287.604934	6.45e-01  8.03e-01  3.38e+05	-22.3109 72.8848 0.2160	
67.601095 287.604934	6.78e-01  8.97e-01  3.21e+05	-13.6746 83.1504 0.2513	
67.601095 287.604934	7.33e-01  7.72e-01  3.30e+05	4.1904 79.9419 0.1732	
67.601095 287.604934	7.36e-01  9.68e-01  3.06e+05	29.2384 86.1235 0.3781	
67.601095 287.604934	5.23e-01  7.46e-01  3.64e+05	-7.8951 60.8078 0.7053	
67.601095 287.604934	6.94e-01  8.44e-01  3.26e+05	-22.5861 78.9088 0.9254	
67.601095 287.604934	6.46e-01  9.54e-01  3.18e+05	19.9141 83.2659 0.1002	
67.601095 287.604934	7.32e-01  8.43e-01  3.21e+05	-9.0982 83.7573 0.9946	
67.601095 287.604934	5.98e-01  8.81e-01  3.33e+05	1.1048 78.3410 0.6293	
67.601095 287.604934	5.33e-01  8.18e-01  3.51e+05	18.6592 66.3226 0.8489	
67.601095 287.604934	7.84e-01  8.55e-01  3.13e+05	-11.7056 86.9351 0.6931	
67.601095 287.604934	4.74e-01  8.10e-01  3.62e+05	13.8745 61.3663 0.8009	
67.601095 287.604934	6.43e-01  8.34e-01  3.34e+05	-18.8594 75.9490 0.7082	
67.601095 287.604934	6.77e-01  8.72e-01  3.24e+05	7.4626 82.3843 0.1943	
67.601095 287.604934	7.51e-01  8.09e-01  3.23e+05	-8.4973 82.9755 0.6140	
67.601095 287.604934	6.16e-01  7.20e-01  3.54e+05	-18.0883 65.1120 0.4817	
67.601095 287.604934	7.21e-01  8.95e-01  3.16e+05	24.2487 83.0099 0.1290	
67.601095 287.604934	5.97e-01  7.99e-01  3.45e+05	25.6117 67.7901 0.2516	
67.601095 287.604934	6.10e-01  8.75e-01  3.32e+05	-17.6440 76.7996 0.5860	
67.601095 287.604934	6.83e-01  8.60e-01  3.25e+05	-50.6997 64.9174 0.3657	
67.601095 287.604934	7.17e-01  9.11e-01  3.14e+05	-2.4870 87.1373 0.8682	
67.601095 287.604934	6.96e-01  8.86e-01  3.20e+05	-14.2519 83.3938 0.4511	
67.601095 287.604934	6.25e-01  8.50e-01  3.34e+05	-4.8981 77.9364 0.8497	
67.601095 287.604934	5.79e-01  8.54e-01  3.40e+05	27.5493 69.9977 0.8772	
67.601095 287.604934	6.47e-01  8.34e-01  3.33e+05	-16.3596 76.7705 0.9158	
67.601095 287.604934	6.02e-01  7.94e-01  3.45e+05	-13.3265 71.1938 0.4169	
67.601095 287.604934	5.75e-01  7.37e-01  3.57e+05	-17.3508 63.1400 0.8651	
67.601095 287.604934	6.05e-01  7.04e-01  3.58e+05	-19.0176 62.4071 0.4809	
67.601095 287.604934	7.62e-01  9.95e-01  3.00e+05	-44.8151 81.9805 0.7016	
67.601095 287.604934	6.89e-01  7.65e-01  3.37e+05	16.1999 74.9902 0.0734	
67.601095 287.604934	6.20e-01  7.32e-01  3.51e+05	34.3843 59.7612 0.3064	
67.601095 287.604934	8.16e-01  8.96e-01  3.05e+05	33.7107 84.9274 0.7848	
67.601095 287.604934	6.11e-01  8.80e-01  3.32e+05	48.4339 62.6021 0.4609	
67.601095 287.604934	4.82e-01  9.02e-01  3.47e+05	27.2620 66.1267 0.0749	
67.601095 287.604934	5.93e-01  7.70e-01  3.50e+05	-3.0611 69.7497 0.4764	
67.601095 287.604934	4.51e-01  8.51e-01  3.59e+05	-5.5087 64.3181 0.2396	
67.601095 287.604934	6.38e-01  6.95e-01  3.54e+05	-13.9175 65.9003 0.8862	
67.601095 287.604934	7.67e-01  9.39e-01  3.05e+05	-14.3088 89.9166 0.0695	
67.601095 287.604934	5.75e-01  8.19e-01  3.45e+05	12.5712 71.2204 0.8939	
67.601095 287.604934	7.06e-01  7.63e-01  3.35e+05	21.2647 74.7435 0.3559	
67.601095 287.604934	7.52e-01  9.75e-01  3.03e+05	40.3075 82.7596 0.0032	
67.601095 287.604934	4.76e-01  8.13e-01  3.61e+05	25.4355 58.0254 0.3046	
67.601095 287.604934	6.03e-01  8.84e-01  3.32e+05	18.3698 76.7274 0.8514	
67.601095 287.604934	5.57e-01  5.88e-01  3.85e+05	10.0153 45.1768 0.6567	
67.601095 287.604934	6.18e-01  8.38e-01  3.36e+05	28.2981 71.4595 0.0358	
67.601095 287.604934	5.21e-01  6.77e-01  3.76e+05	-8.7802 52.6972 0.0536	
67.601095 287.604934	7.26e-01  8.17e-01  3.25e+05	-25.1030 78.4656 0.5840	
67.601095 287.604934	6.06e-01  7.22e-01  3.55e+05	-10.5779 66.0808 0.6534	
67.601095 287.604934	5.47e-01  8.19e-01  3.49e+05	-7.9821 69.7039 0.8655	
67.601095 287.604934	6.35e-01  8.24e-01  3.36e+05	-25.1974 72.7964 0.6574	
67.601095 287.604934	4.60e-01  7.41e-01  3.76e+05	-7.1957 53.2841 0.5865	
67.601095 287.604934	6.90e-01  8.24e-01  3.29e+05	13.1505 79.5716 0.4420	
67.601095 287.604934	4.17e-01  7.60e-01  3.79e+05	-5.7841 50.5773 0.1997	
67.601095 287.604934	6.19e-01  7.27e-01  3.52e+05	-22.7260 64.5171 0.6962	
67.601095 287.604934	6.62e-01  8.79e-01  3.25e+05	6.1287 82.0498 0.1317	
67.601095 287.604934	7.64e-01  8.43e-01  3.17e+05	4.1392 85.9215 0.0477	
67.601095 287.604934	5.79e-01  7.77e-01  3.51e+05	-3.3947 69.1724 0.7620	
67.601095 287.604934	7.23e-01  9.16e-01  3.13e+05	-1.9829 87.6908 0.8225	
67.601095 287.604934	4.98e-01  8.76e-01  3.48e+05	-3.4683 70.6444 0.1303	
67.601095 287.604934	5.48e-01  8.64e-01  3.43e+05	-11.9929 72.7415 0.2477	
67.601095 287.604934	5.88e-01  7.27e-01  3.57e+05	0.5960 65.7494 0.2043	
67.601095 287.604934	5.52e-01  8.19e-01  3.48e+05	3.7599 70.4453 0.4195	
67.601095 287.604934	6.55e-01  7.82e-01  3.39e+05	-10.4665 74.7298 0.7518	
67.601095 287.604934	6.53e-01  6.88e-01  3.53e+05	17.7605 65.6519 0.8709	
67.601095 287.604934	5.99e-01  8.58e-01  3.36e+05	0.8154 76.8938 0.8231	
67.601095 287.604934	6.56e-01  9.33e-01  3.19e+05	2.0335 85.0431 0.5498	
67.601095 287.604934	7.29e-01  8.21e-01  3.24e+05	39.2986 72.8815 0.8807	
67.601095 287.604934	5.57e-01  6.47e-01  3.75e+05	10.3716 53.2527 0.4401	
67.601095 287.604934	5.11e-01  7.27e-01  3.69e+05	4.5733 57.8994 0.4263	
67.601095 287.604934	7.48e-01  9.54e-01  3.06e+05	-50.9130 75.2594 0.7229	
67.601095 287.604934	5.76e-01  7.65e-01  3.53e+05	-9.5558 67.3892 0.9696	
67.601095 287.604934	6.84e-01  9.16e-01  3.18e+05	2.0551 85.6035 0.8425	
67.601095 287.604934	7.69e-01  8.47e-01  3.16e+05	14.2761 85.2772 0.4822	
67.601095 287.604934	7.64e-01  8.52e-01  3.16e+05	19.3668 84.3278 0.6789	
67.601095 287.604934	6.50e-01  7.56e-01  3.43e+05	-2.8446 73.1800 0.6392	
67.601095 287.604934	7.09e-01  8.83e-01  3.19e+05	3.1503 85.1870 0.7405	
67.601095 287.604934	6.79e-01  7.88e-01  3.35e+05	-27.3065 72.6246 0.0065	
67.601095 287.604934	7.71e-01  8.59e-01  3.14e+05	-22.7389 84.2082 0.7222	
67.601095 287.604934	5.65e-01  6.52e-01  3.73e+05	11.8476 54.4517 0.0444	
67.601095 287.604934	6.82e-01  8.81e-01  3.22e+05	-8.3471 83.1632 0.6449	
67.601095 287.604934	6.32e-01  7.78e-01  3.43e+05	39.2543 62.1563 0.5774	
67.601095 287.604934	6.87e-01  8.77e-01  3.22e+05	-14.0358 82.4328 0.4536	
67.601095 287.604934	4.60e-01  9.29e-01  3.46e+05	4.4756 71.7679 0.8400	
67.601095 287.604934	5.17e-01  7.76e-01  3.60e+05	-12.6574 62.4497 0.2632	
67.601095 287.604934	6.80e-01  8.15e-01  3.31e+05	9.6118 78.7815 0.2039	
67.601095 287.604934	5.41e-01  7.45e-01  3.61e+05	30.5270 55.2032 0.8691	
67.601095 287.604934	6.55e-01  7.66e-01  3.41e+05	16.0752 72.5679 0.2269	
67.601095 287.604934	6.82e-01  7.54e-01  3.39e+05	-24.9968 71.1697 0.8978	
67.601095 287.604934	6.56e-01  7.78e-01  3.39e+05	-49.5391 56.7086 0.0216	
67.601095 287.604934	7.29e-01  9.42e-01  3.09e+05	13.3218 88.3477 0.5272	
67.601095 287.604934	6.23e-01  8.90e-01  3.29e+05	-22.2914 77.4365 0.8284	
67.601095 287.604934	7.95e-01  8.51e-01  3.12e+05	-37.8618 79.5383 0.6652	
67.601095 287.604934	7.35e-01  9.16e-01  3.12e+05	-3.7646 88.2964 0.6033	
67.601095 287.604934	4.34e-01  8.63e-01  3.60e+05	27.8114 57.7785 0.6533	
67.601095 287.604934	5.53e-01  8.04e-01  3.51e+05	-13.3432 68.1338 0.2052	
67.601095 287.604934	5.04e-01  8.41e-01  3.52e+05	21.9310 64.7568 0.5727	
67.601095 287.604934	6.68e-01  9.21e-01  3.19e+05	5.5404 84.8778 0.0509	
67.601095 287.604934	6.37e-01  8.53e-01  3.32e+05	3.4803 78.9746 0.6053	
67.601095 287.604934	6.93e-01  8.70e-01  3.23e+05	39.9668 73.3188 0.0566	
67.601095 287.604934	4.84e-01  8.73e-01  3.51e+05	2.0262 69.3911 0.4934	
67.601095 287.604934	6.81e-01  7.75e-01  3.36e+05	-28.6416 71.2791 0.5700	
67.601095 287.604934	7.90e-01  8.31e-01  3.15e+05	27.0491 82.4238 0.2463	
67.601095 287.604934	5.91e-01  9.23e-01  3.29e+05	-9.5303 80.0547 0.0236	
67.601095 287.604934	6.64e-01  8.03e-01  3.35e+05	14.6716 76.1371 0.6893	
67.601095 287.604934	5.07e-01  6.69e-01  3.80e+05	-3.8847 50.4621 0.0575	
67.601095 287.604934	5.90e-01  8.20e-01  3.43e+05	-7.9035 73.1334 0.6508	
67.601095 287.604934	5.86e-01  8.83e-01  3.35e+05	-15.4805 76.1700 0.8882	
67.601095 287.604934	6.37e-01  7.66e-01  3.44e+05	9.3396 72.4408 0.9573	
67.601095 287.604934	5.25e-01  7.56e-01  3.62e+05	5.4382 62.3122 0.9955	
67.601095 287.604934	2.98e-01  9.29e-01  3.71e+05	19.4774 53.4480 0.2731	
67.601095 287.604934	4.69e-01  7.65e-01  3.70e+05	6.4267 57.4045 0.2332	
67.601095 287.604934	7.46e-01  9.68e-01  3.05e+05	14.1546 90.3158 0.1412	
67.601095 287.604934	6.31e-01  7.72e-01  3.44e+05	0.5772 73.0072 0.3155	
67.601095 287.604934	6.85e-01  8.37e-01  3.28e+05	18.3755 78.9846 0.2536	
67.601095 287.604934	5.29e-01  9.31e-01  3.36e+05	-1.4257 77.0984 0.4920	
67.601095 287.604934	7.37e-01  9.12e-01  3.12e+05	4.3660 88.1176 0.2824	
67.601095 287.604934	5.70e-01  8.78e-01  3.38e+05	17.9915 74.1493 0.8668	
67.601095 287.604934	5.48e-01  7.57e-01  3.58e+05	28.6754 58.1974 0.6252	
67.601095 287.604934	6.61e-01  9.28e-01  3.19e+05	-6.1637 84.7793 0.1635	
67.601095 287.604934	6.50e-01  8.52e-01  3.30e+05	4.2796 79.7124 0.8196	
67.601095 287.604934	6.35e-01  9.09e-01  3.25e+05	-0.6858 82.4834 0.7650	
67.601095 287.604934	6.98e-01  8.67e-01  3.22e+05	41.3944 72.7213 0.7648	
67.601095 287.604934	4.94e-01  9.06e-01  3.44e+05	-12.0199 71.8166 0.7383	
67.601095 287.604934	7.81e-01  8.47e-01  3.14e+05	19.8454 84.8558 0.8558	
67.601095 287.604934	6.81e-01  8.08e-01  3.32e+05	-26.7345 74.3570 0.1183	
67.601095 287.604934	7.03e-01  8.13e-01  3.28e+05	-12.5083 79.7621 0.3662	
67.601095 287.604934	6.00e-01  8.56e-01  3.36e+05	-8.4521 76.3634 0.9232	
67.601095 287.604934	5.97e-01  6.58e-01  3.66e+05	1.3037 59.9650 0.0697	
67.601095 287.604934	4.85e-01  8.37e-01  3.56e+05	-1.9542 66.2990 0.9910	
67.601095 287.604934	4.65e-01  9.03e-01  3.49e+05	23.0514 66.3791 0.4761	
67.601095 287.604934	7.24e-01  8.75e-01  3.18e+05	38.7370 76.3569 0.3644	
67.601095 287.604934	6.09e-01  8.67e-01  3.34e+05	22.4511 74.8931 0.5429	
67.601095 287.604934	5.77e-01  8.27e-01  3.44e+05	-28.5617 67.2678 0.0091	
67.601095 287.604934	7.15e-01  8.33e-01  3.24e+05	-19.3031 80.3638 0.0475	
67.601095 287.604934	5.97e-01  8.95e-01  3.32e+05	-9.8511 78.6492 0.9095	
67.601095 287.604934	5.88e-01  7.05e-01  3.60e+05	7.4114 63.3763 0.4310	
67.601095 287.604934	5.16e-01  8.12e-01  3.55e+05	15.9338 65.0556 0.5523	
67.601095 287.604934	6.07e-01  7.88e-01  3.45e+05	-11.2239 71.5107 0.6244	
67.601095 287.604934	6.00e-01  9.53e-01  3.24e+05	9.2583 82.4774 0.9126	
67.601095 287.604934	6.33e-01  9.68e-01  3.18e+05	0.7634 85.6987 0.6181	
67.601095 287.604934	5.80e-01  9.01e-01  3.33e+05	26.7162 73.7686 0.7814	
67.601095 287.604934	5.77e-01  8.54e-01  3.40e+05	19.5761 72.4228 0.5089	
67.601095 287.604934	4.78e-01  8.64e-01  3.53e+05	23.4738 63.9429 0.4736	
67.601095 287.604934	6.13e-01  9.40e-01  3.24e+05	18.5337 80.8901 0.0073	
67.601095 287.604934	6.82e-01  8.22e-01  3.30e+05	0.6911 79.9480 0.3335	
67.601095 287.604934	4.99e-01  8.74e-01  3.48e+05	2.9683 70.5617 0.7024	
67.601095 287.604934	7.23e-01  8.84e-01  3.17e+05	-27.6955 81.4421 0.1474	
67.601095 287.604934	7.68e-01  7.97e-01  3.22e+05	-31.3372 77.5538 0.7475	
67.601095 287.604934	5.75e-01  7.64e-01  3.53e+05	-2.3498 67.8533 0.2291	
67.601095 287.604934	5.56e-01  9.10e-01  3.35e+05	33.4689 69.8871 0.2484	
67.601095 287.604934	6.05e-01  7.49e-01  3.51e+05	7.7634 68.7456 0.8196	
67.601095 287.604934	5.46e-01  8.48e-01  3.45e+05	-24.1569 68.2455 0.4471	
67.601095 287.604934	6.18e-01  8.17e-01  3.39e+05	-4.1296 75.2413 0.5073	
67.601095 287.604934	5.62e-01  9.01e-01  3.35e+05	3.5823 77.2748 0.8250	
67.601095 287.604934	6.81e-01  8.99e-01  3.20e+05	21.7483 81.6876 0.2990	
67.601095 287.604934	6.15e-01  9.23e-01  3.26e+05	11.4726 81.2403 0.6342	
67.601095 287.604934	5.22e-01  8.45e-01  3.49e+05	-1.1821 70.1650 0.4388	
67.601095 287.604934	5.41e-01  7.31e-01  3.64e+05	-6.5547 61.3657 0.4794	
67.601095 287.604934	6.59e-01  8.39e-01  3.31e+05	-6.0830 79.3605 0.1311	
67.601095 287.604934	5.10e-01  9.61e-01  3.34e+05	-12.1861 76.9177 0.4670	
67.601095 287.604934	3.93e-01  9.70e-01  3.50e+05	44.4127 54.0215 0.0422	
67.601095 287.604934	8.16e-01  9.78e-01  2.96e+05	14.1606 93.9864 0.3853	
67.601095 287.604934	6.19e-01  9.20e-01  3.26e+05	33.4467 75.0026 0.0388	
67.601095 287.604934	6.51e-01  8.66e-01  3.28e+05	-27.4650 75.9512 0.6107	
67.601095 287.604934	7.10e-01  9.25e-01  3.14e+05	-55.5526 67.6268 0.5182	
67.601095 287.604934	6.07e-01  7.60e-01  3.49e+05	16.7654 68.1298 0.2530	
67.601095 287.604934	5.73e-01  8.86e-01  3.36e+05	1.0220 77.0094 0.1506	
67.601095 287.604934	6.41e-01  8.49e-01  3.32e+05	11.3309 78.2683 0.3052	
67.601095 287.604934	6.93e-01  8.18e-01  3.29e+05	30.9861 74.2267 0.8310	
67.601095 287.604934	5.98e-01  7.32e-01  3.55e+05	-23.4040 62.8776 0.3071	
67.601095 287.604934	6.10e-01  9.00e-01  3.29e+05	-1.4088 80.3449 0.1581	
67.601095 287.604934	5.46e-01  8.63e-01  3.43e+05	-22.4009 69.9526 0.6348	
67.601095 287.604934	8.10e-01  8.88e-01  3.06e+05	-26.0496 86.8375 0.2567	
67.601095 287.604934	6.56e-01  8.75e-01  3.26e+05	7.6469 81.3020 0.3985	
67.601095 287.604934	5.99e-01  8.96e-01  3.31e+05	-22.3189 76.1848 0.2457	
67.601095 287.604934	5.99e-01  8.82e-01  3.33e+05	-26.4346 73.8738 0.2936	
67.601095 287.604934	7.42e-01  7.71e-01  3.29e+05	-16.9378 78.7631 0.9103	
67.601095 287.604934	5.39e-01  9.12e-01  3.37e+05	-10.6547 75.6810 0.7395	
67.601095 287.604934	4.86e-01  8.68e-01  3.51e+05	-40.3857 56.1310 0.9279	
67.601095 287.604934	4.33e-01  8.70e-01  3.59e+05	12.9480 63.3591 0.3953	
67.601095 287.604934	7.64e-01  8.54e-01  3.16e+05	-25.7147 82.6632 0.2764	
67.601095 287.604934	6.84e-01  7.71e-01  3.37e+05	23.6155 73.0302 0.5254	
67.601095 287.604934	6.43e-01  9.13e-01  3.23e+05	9.0250 82.6308 0.6681	
67.601095 287.604934	4.98e-01  8.01e-01  3.59e+05	23.4823 59.9068 0.5556	
67.601095 287.604934	4.88e-01  8.80e-01  3.49e+05	-12.8193 69.0632 0.3844	
67.601095 287.604934	5.91e-01  8.52e-01  3.38e+05	-15.1373 74.3874 0.5408	
67.601095 287.604934	5.70e-01  8.39e-01  3.43e+05	2.1061 73.4181 0.8763	
67.601095 287.604934	5.29e-01  8.25e-01  3.51e+05	4.2310 68.9866 0.4612	
67.601095 287.604934	6.84e-01  8.24e-01  3.29e+05	29.0630 74.8000 0.7421	
67.601095 287.604934	5.37e-01  8.50e-01  3.46e+05	-2.9269 71.7046 0.4527	
67.601095 287.604934	7.03e-01  8.03e-01  3.30e+05	14.6763 78.7759 0.4227	
67.601095 287.604934	5.03e-01  9.08e-01  3.43e+05	1.8344 73.5557 0.2184	
67.601095 287.604934	8.89e-01  9.57e-01  2.90e+05	17.6904 95.5776 0.5460	
67.601095 287.604934	7.26e-01  8.51e-01  3.21e+05	-35.9322 76.3514 0.0843	
67.601095 287.604934	7.92e-01  8.94e-01  3.08e+05	6.4747 89.8686 0.2107	
67.601095 287.604934	7.69e-01  9.67e-01  3.02e+05	-6.3240 92.2465 0.2622	
67.601095 287.604934	6.41e-01  7.53e-01  3.45e+05	-16.0917 70.4945 0.6772	
67.601095 287.604934	6.66e-01  8.78e-01  3.25e+05	-57.3263 59.1916 0.1492	
67.601095 287.604934	7.61e-01  8.15e-01  3.21e+05	-27.1012 79.7942 0.1604	
67.601095 287.604934	5.81e-01  8.53e-01  3.40e+05	-11.8931 74.3049 0.8041	
67.601095 287.604934	5.65e-01  8.71e-01  3.39e+05	-26.9464 70.4753 0.1016	
67.601095 287.604934	5.41e-01  9.41e-01  3.33e+05	-8.2133 78.1377 0.1411	
67.601095 287.604934	6.94e-01  9.73e-01  3.10e+05	-3.2697 89.1025 0.1259	
67.601095 287.604934	6.58e-01  7.64e-01  3.41e+05	15.8593 72.7001 0.6501	
67.601095 287.604934	6.13e-01  8.36e-01  3.37e+05	-0.5949 76.3012 0.3770	
67.601095 287.604934	5.90e-01  8.90e-01  3.33e+05	-26.5728 73.7548 0.9445	
67.601095 287.604934	7.61e-01  8.93e-01  3.11e+05	-5.2684 88.3564 0.6570	
67.601095 287.604934	5.45e-01  8.60e-01  3.44e+05	1.5244 73.1508 0.6157	
67.601095 287.604934	4.26e-01  8.70e-01  3.60e+05	-8.2608 63.4553 0.7986	
67.601095 287.604934	6.04e-01  9.54e-01  3.23e+05	-32.9639 76.4609 0.5801	
67.601095 287.604934	5.87e-01  8.10e-01  3.45e+05	-21.1087 69.4462 0.0683	
67.601095 287.604934	6.47e-01  7.58e-01  3.44e+05	-22.8032 69.5557 0.2999	
67.601095 287.604934	7.68e-01  8.22e-01  3.19e+05	-11.1692 84.3166 0.8587	
67.601095 287.604934	5.67e-01  7.22e-01  3.61e+05	6.7340 62.9423 0.8937	
67.601095 287.604934	6.75e-01  8.02e-01  3.34e+05	16.6394 76.4540 0.6222	
67.601095 287.604934	6.19e-01  7.27e-01  3.52e+05	-2.8458 68.3484 0.3446	
67.601095 287.604934	5.86e-01  7.78e-01  3.50e+05	-37.4422 59.0206 0.8327	
67.601095 287.604934	5.58e-01  6.89e-01  3.68e+05	-9.3520 58.3056 0.7815	
67.601095 287.604934	6.41e-01  8.11e-01  3.37e+05	-45.0750 61.8573 0.6027	
67.601095 287.604934	6.88e-01  8.36e-01  3.27e+05	0.7835 81.2699 0.5853	
67.601095 287.604934	5.41e-01  6.48e-01  3.77e+05	0.3773 52.4164 0.4377	
67.601095 287.604934	4.49e-01  6.76e-01  3.89e+05	5.4034 42.8839 0.8125	
67.601095 287.604934	7.23e-01  8.67e-01  3.19e+05	54.8902 64.9880 0.5148	
67.601095 287.604934	6.19e-01  8.59e-01  3.33e+05	4.7917 78.1784 0.3818	
67.601095 287.604934	5.19e-01  8.46e-01  3.49e+05	60.3290 35.5933 0.2659	
67.601095 287.604934	6.21e-01  7.58e-01  3.47e+05	22.8227 67.3495 0.6042	
67.601095 287.604934	6.07e-01  7.58e-01  3.49e+05	41.2868 56.5557 0.5507	
67.601095 287.604934	7.13e-01  9.89e-01  3.06e+05	21.4966 88.2897 0.1821	
67.601095 287.604934	6.95e-01  7.18e-01  3.42e+05	1.6286 73.7827 0.0441	
67.601095 287.604934	7.47e-01  7.82e-01  3.27e+05	-23.9547 77.9330 0.3748	
67.601095 287.604934	6.24e-01  8.28e-01  3.37e+05	14.3245 75.2264 0.9713	
67.601095 287.604934	7.36e-01  8.52e-01  3.19e+05	-5.5312 84.7836 0.9339	
67.601095 287.604934	6.09e-01  9.03e-01  3.29e+05	-1.4261 80.4894 0.1655	
67.601095 287.604934	5.94e-01  7.21e-01  3.57e+05	-13.7641 64.3616 0.7152	
67.601095 287.604934	6.19e-01  7.82e-01  3.44e+05	-0.5810 72.8854 0.2604	
67.601095 287.604934	7.36e-01  8.40e-01  3.21e+05	12.8667 83.2964 0.8083	
67.601095 287.604934	8.29e-01  8.67e-01  3.07e+05	28.5548 85.9700 0.9823	
67.601095 287.604934	6.72e-01  7.80e-01  3.37e+05	-8.8964 76.0378 0.8781	
67.601095 287.604934	6.55e-01  8.88e-01  3.25e+05	14.7679 81.0768 0.9528	
67.601095 287.604934	5.22e-01  8.68e-01  3.46e+05	3.0846 71.9506 0.6046	
67.601095 287.604934	6.60e-01  8.19e-01  3.33e+05	-27.3319 73.5008 0.7739	
67.601095 287.604934	6.88e-01  8.50e-01  3.26e+05	13.8637 80.9084 0.4793	
67.601095 287.604934	7.63e-01  8.59e-01  3.15e+05	24.4946 83.2789 0.5690	
67.601095 287.604934	5.71e-01  9.32e-01  3.30e+05	-26.9014 75.2945 0.6736	
67.601095 287.604934	5.40e-01  9.25e-01  3.35e+05	-6.1678 77.1751 0.9213	
67.601095 287.604934	4.61e-01  7.21e-01  3.79e+05	-1.9623 51.4133 0.5151	
67.601095 287.604934	6.79e-01  8.73e-01  3.24e+05	20.4370 80.3541 0.0907	
67.601095 287.604934	6.72e-01  9.46e-01  3.16e+05	30.5072 81.0260 0.7288	
67.601095 287.604934	7.04e-01  8.28e-01  3.26e+05	-39.7235 71.4075 0.3781	
67.601095 287.604934	5.92e-01  8.47e-01  3.39e+05	-2.9746 75.5925 0.5222	
67.601095 287.604934	6.88e-01  7.83e-01  3.34e+05	23.6510 74.1733 0.0936	
67.601095 287.604934	8.27e-01  8.53e-01  3.08e+05	3.8528 89.7037 0.0999	
67.601095 287.604934	6.37e-01  7.10e-01  3.52e+05	-8.2156 68.1066 0.4137	
67.601095 287.604934	6.07e-01  8.03e-01  3.43e+05	-21.1065 70.4614 0.9921	
67.601095 287.604934	6.57e-01  7.29e-01  3.46e+05	12.5214 70.5778 0.0531	
67.601095 287.604934	6.16e-01  7.02e-01  3.57e+05	21.0679 62.5554 0.4505	
67.601095 287.604934	5.13e-01  8.18e-01  3.54e+05	-18.5140 64.5872 0.3551	
67.601095 287.604934	6.27e-01  6.78e-01  3.58e+05	-11.0526 63.9343 0.3000	
67.601095 287.604934	5.09e-01  7.89e-01  3.60e+05	8.8885 63.6020 0.5124	
67.601095 287.604934	6.05e-01  8.31e-01  3.39e+05	26.4906 70.5881 0.5119	
67.601095 287.604934	6.61e-01  7.51e-01  3.43e+05	17.6911 71.5733 0.1391	
67.601095 287.604934	5.58e-01  6.92e-01  3.67e+05	-10.2631 58.5161 0.8096	
67.601095 287.604934	5.96e-01  8.73e-01  3.35e+05	-7.9296 77.2936 0.7108	
67.601095 287.604934	7.15e-01  7.74e-01  3.32e+05	8.8922 78.5049 0.9920	
67.601095 287.604934	5.58e-01  8.08e-01  3.49e+05	10.0010 69.4150 0.3470	
67.601095 287.604934	5.18e-01  7.73e-01  3.61e+05	31.0528 55.4380 0.4138	
67.601095 287.604934	5.87e-01  8.70e-01  3.36e+05	20.0675 74.1859 0.2394	
67.601095 287.604934	6.34e-01  8.67e-01  3.30e+05	-20.1407 77.2318 0.1379	
67.601095 287.604934	6.59e-01  7.96e-01  3.37e+05	-10.8145 76.0330 0.0212	
67.601095 287.604934	6.50e-01  7.60e-01  3.43e+05	-16.6397 71.6178 0.1048	
67.601095 287.604934	4.95e-01  9.40e-01  3.39e+05	-28.0607 69.9164 0.1973	
67.601095 287.604934	7.22e-01  8.07e-01  3.27e+05	-28.1921 76.5130 0.9509	
67.601095 287.604934	7.51e-01  8.67e-01  3.16e+05	-20.0934 84.2456 0.3578	
67.601095 287.604934	3.87e-01  8.15e-01  3.75e+05	18.3041 50.8099 0.3507	
67.601095 287.604934	6.60e-01  8.11e-01  3.34e+05	1.0149 77.8450 0.0835	
67.601095 287.604934	5.78e-01  6.76e-01  3.67e+05	8.0825 59.2844 0.1010	
67.601095 287.604934	7.81e-01  8.33e-01  3.16e+05	33.4015 79.6772 0.1547	
67.601095 287.604934	6.92e-01  9.82e-01  3.09e+05	3.4502 89.4332 0.1755	
67.601095 287.604934	5.99e-01  7.73e-01  3.48e+05	-1.4026 70.5974 0.0982	
67.601095 287.604934	7.79e-01  8.51e-01  3.14e+05	-12.7572 86.2922 0.7925	
67.601095 287.604934	5.23e-01  7.60e-01  3.62e+05	13.2999 61.3862 0.4806	
67.601095 287.604934	5.01e-01  8.96e-01  3.45e+05	10.5682 71.8188 0.8097	
67.601095 287.604934	4.49e-01  9.52e-01  3.44e+05	13.5338 71.5641 0.1656	
67.601095 287.604934	4.25e-01  8.53e-01  3.63e+05	10.3707 61.3667 0.9109	
67.601095 287.604934	6.41e-01  8.35e-01  3.34e+05	9.7868 77.5808 0.4010	
67.601095 287.604934	5.86e-01  6.50e-01  3.70e+05	-24.3422 52.4845 0.9005	
67.601095 287.604934	7.37e-01  9.40e-01  3.09e+05	47.8260 75.8557 0.6946	
67.601095 287.604934	6.45e-01  8.12e-01  3.36e+05	3.6717 76.7568 0.3298	
67.601095 287.604934	5.68e-01  8.02e-01  3.49e+05	-19.1965 67.8177 0.3706	
67.601095 287.604934	6.86e-01  8.90e-01  3.21e+05	43.7210 72.1106 0.9867	
67.601095 287.604934	5.89e-01  8.43e-01  3.40e+05	5.9015 74.9353 0.4656	
67.601095 287.604934	8.41e-01  8.58e-01  3.06e+05	-24.1479 87.4768 0.7196	
67.601095 287.604934	5.97e-01  6.84e-01  3.62e+05	10.8485 61.5839 0.0946	
67.601095 287.604934	5.98e-01  9.87e-01  3.20e+05	-1.2437 84.8439 0.7605	
67.601095 287.604934	6.38e-01  8.09e-01  3.38e+05	-26.9878 71.2553 0.4245	
67.601095 287.604934	5.63e-01  8.40e-01  3.44e+05	-0.7962 73.0359 0.7791	
67.601095 287.604934	5.94e-01  7.82e-01  3.48e+05	5.7334 70.6412 0.5722	
67.601095 287.604934	6.76e-01  7.41e-01  3.42e+05	2.1084 74.0582 0.4279	
67.601095 287.604934	7.10e-01  9.44e-01  3.11e+05	-4.1383 88.3717 0.3856	
67.601095 287.604934	7.06e-01  9.48e-01  3.11e+05	-20.3853 86.1313 0.2512	
67.601095 287.604934	6.56e-01  9.50e-01  3.17e+05	-33.0919 79.3605 0.3800	
67.601095 287.604934	5.72e-01  7.94e-01  3.49e+05	24.2310 65.8579 0.0835	
67.601095 287.604934	6.98e-01  9.30e-01  3.14e+05	30.9156 81.4636 0.6956	
67.601095 287.604934	7.59e-01  8.67e-01  3.15e+05	-40.4763 77.0498 0.0593	
67.601095 287.604934	6.14e-01  8.65e-01  3.33e+05	-18.3421 76.1395 0.0662	
67.601095 287.604934	5.65e-01  8.28e-01  3.45e+05	-0.2693 72.2982 0.0750	
67.601095 287.604934	4.87e-01  7.51e-01  3.69e+05	4.8550 57.8688 0.7376	
67.601095 287.604934	6.76e-01  9.15e-01  3.19e+05	7.0056 84.8877 0.1704	
67.601095 287.604934	7.34e-01  9.15e-01  3.12e+05	26.1798 84.2613 0.4578	
67.601095 287.604934	6.39e-01  8.99e-01  3.26e+05	-36.1412 73.6831 0.5923	
67.601095 287.604934	5.68e-01  8.44e-01  3.43e+05	14.4188 72.2466 0.2260	
67.601095 287.604934	6.33e-01  8.29e-01  3.36e+05	-6.8491 76.9069 0.3599	
67.601095 287.604934	4.63e-01  9.49e-01  3.43e+05	6.5290 73.3868 0.9645	
67.601095 287.604934	6.32e-01  8.02e-01  3.40e+05	13.4411 74.0713 0.1239	
67.601095 287.604934	7.43e-01  7.78e-01  3.28e+05	4.6782 80.8987 0.7861	
67.601095 287.604934	7.07e-01  9.42e-01  3.12e+05	-3.0936 88.1617 0.4568	
67.601095 287.604934	6.56e-01  7.94e-01  3.37e+05	3.2837 76.3600 0.0305	
67.601095 287.604934	6.06e-01  8.57e-01  3.36e+05	-1.7727 77.2617 0.9239	
67.601095 287.604934	5.92e-01  9.10e-01  3.30e+05	8.7873 79.3593 0.5643	
67.601095 287.604934	5.35e-01  9.01e-01  3.39e+05	-1.2178 75.3444 0.2188	
67.601095 287.604934	5.04e-01  7.09e-01  3.73e+05	-9.1682 54.5036 0.5700	
67.601095 287.604934	4.96e-01  7.89e-01  3.62e+05	-10.3976 62.0868 0.2014	
67.601095 287.604934	6.90e-01  9.31e-01  3.15e+05	7.4096 86.5125 0.6054	
67.601095 287.604934	8.14e-01  8.49e-01  3.10e+05	-6.5153 88.7242 0.9799	
67.601095 287.604934	6.63e-01  8.68e-01  3.26e+05	12.2597 80.7427 0.8457	
67.601095 287.604934	4.84e-01  7.93e-01  3.63e+05	-9.7734 61.4372 0.1768	
67.601095 287.604934	4.98e-01  7.39e-01  3.69e+05	-14.0236 56.3113 0.6762	
67.601095 287.604934	5.54e-01  8.34e-01  3.46e+05	-43.1657 57.4497 0.2320	
67.601095 287.604934	6.28e-01  9.09e-01  3.26e+05	9.2894 81.5325 0.3895	
67.601095 287.604934	5.07e-01  8.82e-01  3.46e+05	24.9627 67.4383 0.5675	
67.601095 287.604934	5.16e-01  8.07e-01  3.56e+05	30.1963 59.2369 0.5054	
67.601095 287.604934	5.50e-01  6.60e-01  3.74e+05	7.1899 54.5216 0.0007	
67.601095 287.604934	6.96e-01  9.61e-01  3.11e+05	10.4854 88.0411 0.8885	
67.601095 287.604934	5.78e-01  8.47e-01  3.41e+05	37.8986 64.3357 0.1716	
67.601095 287.604934	8.09e-01  8.49e-01  3.11e+05	59.6605 65.6755 0.1957	
67.601095 287.604934	5.11e-01  8.73e-01  3.47e+05	1.1061 71.5382 0.6709	
67.601095 287.604934	7.69e-01  8.45e-01  3.16e+05	23.3276 83.2004 0.3504	
67.601095 287.604934	6.73e-01  7.90e-01  3.36e+05	-2.5954 77.2337 0.5860	
67.601095 287.604934	5.74e-01  9.49e-01  3.28e+05	-2.2290 81.0967 0.0091	
67.601095 287.604934	4.65e-01  7.89e-01  3.67e+05	-8.1971 59.3177 0.3067	
67.601095 287.604934	7.46e-01  7.62e-01  3.30e+05	20.9816 77.4251 0.4356	
67.601095 287.604934	5.21e-01  8.45e-01  3.49e+05	-17.2137 68.0355 0.2237	
67.601095 287.604934	5.22e-01  7.18e-01  3.69e+05	-2.5465 58.3248 0.5370	
67.601095 287.604934	3.49e-01  8.26e-01  3.80e+05	-6.5134 50.2126 0.2312	
67.601095 287.604934	5.84e-01  8.39e-01  3.41e+05	5.8299 74.3103 0.5886	
67.601095 287.604934	5.90e-01  7.53e-01  3.53e+05	-9.3268 67.5791 0.6405	
67.601095 287.604934	5.15e-01  9.46e-01  3.36e+05	41.9107 64.8005 0.2077	
67.601095 287.604934	6.29e-01  8.80e-01  3.29e+05	11.9160 79.3852 0.3652	
67.601095 287.604934	4.86e-01  9.12e-01  3.45e+05	-22.7784 68.9820 0.7933	
67.601095 287.604934	5.57e-01  8.54e-01  3.43e+05	-2.8093 73.5553 0.4299	
67.601095 287.604934	7.78e-01  8.25e-01  3.17e+05	-8.0974 85.4655 0.4669	
67.601095 287.604934	6.21e-01  7.77e-01  3.45e+05	2.2422 72.5949 0.9226	
67.601095 287.604934	6.87e-01  8.41e-01  3.27e+05	12.5463 80.5338 0.7633	
67.601095 287.604934	6.99e-01  7.81e-01  3.33e+05	6.9951 78.1420 0.2337	
67.601095 287.604934	5.48e-01  8.48e-01  3.45e+05	15.0296 70.9109 0.2820	
67.601095 287.604934	8.14e-01  8.65e-01  3.08e+05	-22.0526 87.0014 0.9615	
67.601095 287.604934	4.94e-01  9.76e-01  3.35e+05	-1.6811 77.7767 0.9172	
67.601095 287.604934	7.56e-01  8.16e-01  3.21e+05	1.3243 84.0827 0.8844	
67.601095 287.604934	5.87e-01  9.19e-01  3.30e+05	10.5839 79.4175 0.4265	
67.601095 287.604934	5.99e-01  7.98e-01  3.45e+05	27.8695 66.9932 0.7963	
67.601095 287.604934	6.11e-01  7.92e-01  3.44e+05	29.2782 66.8451 0.2101	
67.601095 287.604934	6.29e-01  9.21e-01  3.24e+05	26.3432 78.4802 0.9427	
67.601095 287.604934	6.85e-01  8.37e-01  3.28e+05	-16.6036 79.4243 0.1868	
67.601095 287.604934	7.64e-01  8.78e-01  3.13e+05	14.2236 86.6854 0.1637	
67.601095 287.604934	6.66e-01  7.75e-01  3.38e+05	-20.7672 72.9209 0.0968	
67.601095 287.604934	5.12e-01  7.42e-01  3.67e+05	-12.7138 58.5420 0.9566	
67.601095 287.604934	6.00e-01  7.37e-01  3.54e+05	19.1598 64.8743 0.1405	
67.601095 287.604934	7.51e-01  8.58e-01  3.17e+05	-54.7831 66.4494 0.7881	
67.601095 287.604934	6.54e-01  8.40e-01  3.31e+05	20.3970 76.6503 0.3315	
67.601095 287.604934	7.88e-01  8.51e-01  3.13e+05	-7.4371 87.4171 0.9095	
67.601095 287.604934	7.63e-01  7.87e-01  3.24e+05	-12.8554 81.7642 0.1628	
67.601095 287.604934	6.14e-01  6.62e-01  3.63e+05	12.1478 60.9132 0.0607	
67.601095 287.604934	5.53e-01  8.00e-01  3.51e+05	2.9255 69.0067 0.8414	
67.601095 287.604934	5.60e-01  8.16e-01  3.48e+05	21.7584 67.4687 0.0919	
67.601095 287.604934	7.20e-01  8.65e-01  3.20e+05	22.7818 81.7013 0.7583	
67.601095 287.604934	5.78e-01  7.88e-01  3.49e+05	-1.4549 70.1445 0.7567	
67.601095 287.604934	5.49e-01  7.66e-01  3.57e+05	-33.2527 56.7325 0.5256	
67.601095 287.604934	7.43e-01  8.80e-01  3.15e+05	2.6404 86.8367 0.0522	
67.601095 287.604934	6.91e-01  8.61e-01  3.24e+05	11.6672 82.1274 0.7086	
67.601095 287.604934	4.46e-01  8.68e-01  3.57e+05	-32.4666 57.0944 0.8486	
67.601095 287.604934	5.43e-01  7.78e-01  3.56e+05	8.3543 65.6930 0.0983	
67.601095 287.604934	6.76e-01  7.51e-01  3.41e+05	10.8520 73.9380 0.5075	
67.601095 287.604934	6.89e-01  7.99e-01  3.32e+05	-5.1168 78.7739 0.1621	
67.601095 287.604934	5.75e-01  9.41e-01  3.28e+05	-22.2942 77.6167 0.3007	
67.601095 287.604934	5.69e-01  7.43e-01  3.57e+05	11.2875 64.4891 0.2708	
67.601095 287.604934	5.59e-01  6.94e-01  3.67e+05	-15.0203 57.8071 0.4097	
67.601095 287.604934	6.27e-01  8.15e-01  3.38e+05	-15.3164 74.3026 0.0763	
67.601095 287.604934	4.34e-01  8.46e-01  3.63e+05	3.8325 62.2754 0.7352	
67.601095 287.604934	4.73e-01  6.70e-01  3.86e+05	20.8887 40.9818 0.0880	
67.601095 287.604934	7.48e-01  8.82e-01  3.14e+05	-31.0148 81.5871 0.4436	
67.601095 287.604934	5.59e-01  7.83e-01  3.53e+05	9.5453 67.4710 0.5359	
67.601095 287.604934	6.81e-01  8.25e-01  3.30e+05	-16.2618 78.4667 0.0806	
67.601095 287.604934	4.95e-01  7.90e-01  3.62e+05	11.2271 61.9665 0.5893	
67.601095 287.604934	5.28e-01  8.99e-01  3.41e+05	-29.4903 68.6973 0.1635	
67.601095 287.604934	6.52e-01  9.16e-01  3.22e+05	-17.4728 81.9995 0.4784	
67.601095 287.604934	7.00e-01  8.15e-01  3.29e+05	-7.1994 80.3407 0.5146	
67.601095 287.604934	6.43e-01  8.47e-01  3.32e+05	10.9612 78.3090 0.1083	
67.601095 287.604934	5.13e-01  7.65e-01  3.63e+05	12.2891 61.0563 0.9417	
67.601095 287.604934	7.11e-01  7.55e-01  3.35e+05	-1.3819 77.5019 0.1589	
67.601095 287.604934	6.32e-01  9.47e-01  3.20e+05	-30.6259 78.7565 0.6404	
67.601095 287.604934	7.09e-01  7.97e-01  3.30e+05	30.0042 74.2925 0.7265	
67.601095 287.604934	4.49e-01  8.88e-01  3.54e+05	9.4506 67.0336 0.7598	
67.601095 287.604934	5.63e-01  7.49e-01  3.57e+05	-15.4283 63.6279 0.9330	
67.601095 287.604934	6.34e-01  7.72e-01  3.43e+05	-1.9943 73.1900 0.8630	
67.601095 287.604934	7.03e-01  8.96e-01  3.18e+05	27.1843 81.1181 0.4516	
67.601095 287.604934	7.18e-01  9.63e-01  3.08e+05	8.0553 89.4730 0.3041	
67.601095 287.604934	6.57e-01  7.65e-01  3.41e+05	-23.3401 70.6714 0.2292	
67.601095 287.604934	6.68e-01  9.28e-01  3.18e+05	37.2876 76.8383 0.6149	
67.601095 287.604934	6.75e-01  8.12e-01  3.32e+05	25.1480 74.7868 0.3787	
67.601095 287.604934	5.35e-01  7.22e-01  3.66e+05	-27.7945 53.2605 0.6805	
67.601095 287.604934	6.16e-01  7.61e-01  3.48e+05	-12.3425 69.9815 0.4564	
67.601095 287.604934	6.95e-01  7.70e-01  3.35e+05	-32.3380 70.3518 0.7571	
67.601095 287.604934	5.13e-01  6.33e-01  3.85e+05	-6.8774 46.0808 0.2773	
67.601095 287.604934	5.71e-01  7.40e-01  3.58e+05	-1.8997 65.3597 0.8382	
67.601095 287.604934	6.13e-01  8.66e-01  3.33e+05	-21.8954 75.2583 0.7833	
67.601095 287.604934	6.80e-01  9.29e-01  3.17e+05	-0.4167 86.1539 0.7332	
67.601095 287.604934	5.52e-01  7.09e-01  3.66e+05	6.7383 60.1788 0.7183	
67.601095 287.604934	6.68e-01  7.88e-01  3.37e+05	8.3702 76.3421 0.2754	
67.601095 287.604934	4.66e-01  8.16e-01  3.62e+05	25.1427 57.3885 0.3925	
67.601095 287.604934	6.84e-01  9.04e-01  3.19e+05	5.3501 84.7944 0.4398	
67.601095 287.604934	6.34e-01  7.31e-01  3.49e+05	8.8776 69.5253 0.3741	
67.601095 287.604934	6.57e-01  8.99e-01  3.23e+05	8.6002 82.7077 0.3359	
67.601095 287.604934	6.07e-01  7.10e-01  3.57e+05	9.6440 65.2828 0.2228	
67.601095 287.604934	5.10e-01  8.26e-01  3.54e+05	-28.2962 61.4182 0.0395	
67.601095 287.604934	5.57e-01  8.30e-01  3.46e+05	0.7238 71.7409 0.1500	
67.601095 287.604934	4.99e-01  9.12e-01  3.43e+05	-23.0068 69.9512 0.4850	
67.601095 287.604934	5.42e-01  7.79e-01  3.56e+05	-1.2046 66.2629 0.3919	
67.601095 287.604934	5.38e-01  9.57e-01  3.31e+05	-13.5206 78.2586 0.8983	
67.601095 287.604934	6.14e-01  8.84e-01  3.31e+05	-21.8077 76.5923 0.1343	
67.601095 287.604934	6.34e-01  8.81e-01  3.29e+05	24.0120 77.0353 0.2208	
67.601095 287.604934	5.46e-01  7.52e-01  3.60e+05	10.4929 63.2794 0.9309	
67.601095 287.604934	5.70e-01  9.32e-01  3.30e+05	34.7492 71.8963 0.7925	
67.601095 287.604934	4.58e-01  7.11e-01  3.81e+05	13.9991 47.8232 0.2707	
67.601095 287.604934	6.07e-01  7.83e-01  3.46e+05	23.0615 68.2186 0.0968	
67.601095 287.604934	4.92e-01  8.33e-01  3.55e+05	12.3085 65.4865 0.3521	
67.601095 287.604934	5.70e-01  7.51e-01  3.56e+05	-29.7727 59.2011 0.2211	
67.601095 287.604934	4.87e-01  6.57e-01  3.85e+05	-1.2385 46.2101 0.6268	
67.601095 287.604934	7.90e-01  9.41e-01  3.03e+05	14.0413 91.1776 0.1899	
67.601095 287.604934	6.01e-01  7.73e-01  3.48e+05	13.5925 69.4245 0.4552	
67.601095 287.604934	5.78e-01  8.70e-01  3.38e+05	-6.6974 75.9767 0.2134	
67.601095 287.604934	6.98e-01  8.40e-01  3.26e+05	-44.6578 68.8999 0.6636	
67.601095 287.604934	6.86e-01  7.48e-01  3.40e+05	-6.0988 75.0130 0.1470	
67.601095 287.604934	7.70e-01  8.49e-01  3.16e+05	-19.4742 84.4413 0.0269	
67.601095 287.604934	7.35e-01  9.16e-01  3.12e+05	-7.8683 87.9838 0.8825	
67.601095 287.604934	6.60e-01  9.52e-01  3.16e+05	0.0982 86.3103 0.7293	
67.601095 287.604934	6.33e-01  8.29e-01  3.36e+05	13.2626 76.0330 0.5052	
67.601095 287.604934	5.43e-01  8.76e-01  3.41e+05	9.7879 73.6134 0.0568	
67.601095 287.604934	6.44e-01  9.28e-01  3.21e+05	7.7361 83.6989 0.7965	
67.601095 287.604934	5.42e-01  7.98e-01  3.53e+05	22.3859 64.2074 0.1744	
67.601095 287.604934	7.00e-01  8.12e-01  3.29e+05	37.0677 71.3968 0.0563	
67.601095 287.604934	4.23e-01  7.70e-01  3.77e+05	-0.8826 52.9432 0.0953	
67.601095 287.604934	4.88e-01  9.13e-01  3.44e+05	6.5646 72.5524 0.9409	
67.601095 287.604934	6.04e-01  7.32e-01  3.54e+05	-20.9448 64.2892 0.3508	
67.601095 287.604934	7.30e-01  8.25e-01  3.23e+05	5.1955 82.9425 0.6422	
67.601095 287.604934	6.71e-01  8.73e-01  3.25e+05	1.0908 82.4556 0.3196	
67.601095 287.604934	3.91e-01  7.66e-01  3.83e+05	5.4856 47.7543 0.6299	
67.601095 287.604934	6.78e-01  9.60e-01  3.13e+05	14.2199 86.5180 0.8218	
67.601095 287.604934	6.69e-01  9.35e-01  3.17e+05	-3.1801 85.8400 0.8290	
67.601095 287.604934	5.74e-01  7.40e-01  3.57e+05	-22.9130 61.5260 0.6633	
67.601095 287.604934	5.82e-01  8.25e-01  3.43e+05	7.5141 72.9450 0.5946	
67.601095 287.604934	6.13e-01  8.95e-01  3.29e+05	-38.7831 70.2904 0.0754	
67.601095 287.604934	5.93e-01  8.69e-01  3.36e+05	-8.9795 76.7165 0.1862	
67.601095 287.604934	5.18e-01  8.60e-01  3.47e+05	1.1510 71.1117 0.9982	
67.601095 287.604934	6.63e-01  7.46e-01  3.43e+05	-22.1091 70.0469 0.4713	
67.601095 287.604934	5.41e-01  8.83e-01  3.41e+05	3.8911 74.4495 0.3788	
67.601095 287.604934	8.05e-01  9.28e-01  3.02e+05	-20.3360 90.0858 0.9216	
67.601095 287.604934	6.30e-01  8.30e-01  3.36e+05	-19.8519 74.4579 0.0346	
67.601095 287.604934	7.35e-01  8.46e-01  3.20e+05	-1.1641 84.5792 0.1401	
67.601095 287.604934	6.67e-01  8.69e-01  3.26e+05	-19.8710 79.5446 0.1847	
67.601095 287.604934	5.45e-01  9.15e-01  3.36e+05	-4.9949 76.9480 0.9511	
67.601095 287.604934	6.84e-01  8.44e-01  3.27e+05	22.2578 78.4191 0.6066	
67.601095 287.604934	7.25e-01  8.88e-01  3.16e+05	-21.5779 83.6035 0.0562	
67.601095 287.604934	6.32e-01  9.07e-01  3.25e+05	-11.7269 81.2870 0.6249	
67.601095 287.604934	7.51e-01  8.40e-01  3.19e+05	-10.3774 84.4859 0.9811	
67.601095 287.604934	6.36e-01  8.56e-01  3.32e+05	7.9303 78.7774 0.0867	
67.601095 287.604934	5.59e-01  6.37e-01  3.76e+05	-24.8186 47.1928 0.4765	
67.601095 287.604934	5.79e-01  8.51e-01  3.40e+05	11.7726 74.0637 0.8259	
67.601095 287.604934	7.82e-01  9.28e-01  3.05e+05	11.9698 90.4538 0.8065	
67.601095 287.604934	5.23e-01  8.90e-01  3.43e+05	2.9342 73.6679 0.1892	
67.601095 287.604934	5.33e-01  9.23e-01  3.36e+05	8.6307 76.3566 0.3356	
67.601095 287.604934	5.94e-01  9.06e-01  3.31e+05	-2.0698 79.7171 0.1676	
67.601095 287.604934	6.03e-01  8.04e-01  3.43e+05	-29.3670 67.1505 0.0454	
67.601095 287.604934	4.99e-01  8.24e-01  3.56e+05	-6.1044 66.2367 0.9847	
67.601095 287.604934	5.93e-01  8.77e-01  3.35e+05	-7.4047 77.3787 0.7589	
67.601095 287.604934	6.26e-01  8.68e-01  3.31e+05	-6.5476 79.0486 0.4973	
67.601095 287.604934	6.88e-01  8.58e-01  3.25e+05	-26.8057 78.0595 0.9711	
67.601095 287.604934	6.95e-01  8.24e-01  3.28e+05	13.0643 79.8334 0.2019	
67.601095 287.604934	5.85e-01  9.17e-01  3.30e+05	-6.1488 79.6376 0.2857	
67.601095 287.604934	5.86e-01  6.62e-01  3.68e+05	-40.9209 42.8174 0.2847	
67.601095 287.604934	5.08e-01  7.89e-01  3.60e+05	-9.5764 63.4086 0.3370	
67.601095 287.604934	6.86e-01  9.22e-01  3.17e+05	35.0011 78.6288 0.2022	
67.601095 287.604934	5.77e-01  8.75e-01  3.37e+05	-35.9331 67.5281 0.9161	
67.601095 287.604934	5.54e-01  8.35e-01  3.46e+05	17.8700 69.6886 0.7416	
67.601095 287.604934	5.48e-01  9.64e-01  3.29e+05	-0.5047 80.4457 0.3933	
67.601095 287.604934	6.35e-01  8.79e-01  3.29e+05	-9.9131 80.0434 0.9852	
67.601095 287.604934	7.06e-01  7.94e-01  3.30e+05	-24.2313 75.9827 0.0303	
67.601095 287.604934	6.28e-01  9.32e-01  3.23e+05	-23.7821 79.8767 0.0932	
67.601095 287.604934	6.93e-01  8.88e-01  3.20e+05	14.8459 83.3064 0.8117	
67.601095 287.604934	5.09e-01  8.10e-01  3.56e+05	-2.6872 66.0783 0.3803	
67.601095 287.604934	6.16e-01  8.03e-01  3.42e+05	-6.6836 73.9252 0.1617	
67.601095 287.604934	5.79e-01  9.11e-01  3.32e+05	37.9791 69.3570 0.4782	
67.601095 287.604934	5.22e-01  9.67e-01  3.32e+05	33.4576 71.5872 0.0197	
67.601095 287.604934	7.39e-01  7.85e-01  3.27e+05	-35.5523 73.0863 0.1693	
67.601095 287.604934	6.20e-01  8.17e-01  3.39e+05	38.5399 64.9486 0.3157	
67.601095 287.604934	6.55e-01  9.18e-01  3.21e+05	21.7914 81.2605 0.3508	
67.601095 287.604934	6.82e-01  8.59e-01  3.25e+05	8.6466 81.8043 0.0809	
67.601095 287.604934	7.44e-01  8.93e-01  3.13e+05	-13.6127 86.5479 0.5844	
67.601095 287.604934	6.83e-01  8.16e-01  3.31e+05	1.3688 79.6474 0.1555	
67.601095 287.604934	5.23e-01  7.52e-01  3.63e+05	-10.1150 61.1679 0.0419	
67.601095 287.604934	4.45e-01  8.65e-01  3.58e+05	20.0973 62.1382 0.9049	
67.601095 287.604934	7.30e-01  8.76e-01  3.17e+05	16.5951 84.3692 0.4072	
67.601095 287.604934	6.15e-01  8.37e-01  3.37e+05	6.3534 76.2446 0.7245	
67.601095 287.604934	7.45e-01  8.85e-01  3.14e+05	-61.8881 61.5264 0.0555	
67.601095 287.604934	5.25e-01  8.99e-01  3.41e+05	-26.1791 69.7607 0.1919	
67.601095 287.604934	7.38e-01  8.13e-01  3.24e+05	-4.2913 82.7729 0.4987	
67.601095 287.604934	4.46e-01  8.26e-01  3.64e+05	-33.3218 51.9009 0.3448	
67.601095 287.604934	6.37e-01  8.74e-01  3.29e+05	26.2492 76.0187 0.9747	
67.601095 287.604934	8.21e-01  9.56e-01  2.98e+05	-52.1028 78.5728 0.4139	
67.601095 287.604934	6.74e-01  7.91e-01  3.35e+05	-6.9072 77.1455 0.1828	
67.601095 287.604934	5.54e-01  9.70e-01  3.27e+05	-9.7877 80.6038 0.8485	
67.601095 287.604934	6.82e-01  8.27e-01  3.29e+05	-16.0153 78.7163 0.5067	
67.601095 287.604934	5.06e-01  8.85e-01  3.46e+05	-10.1112 71.3362 0.0437	
67.601095 287.604934	8.53e-01  9.55e-01  2.94e+05	-18.9893 93.7303 0.9666	
67.601095 287.604934	6.19e-01  7.83e-01  3.44e+05	30.2183 66.4153 0.4453	
67.601095 287.604934	6.27e-01  8.57e-01  3.33e+05	-14.9147 77.2409 0.8424	
67.601095 287.604934	6.98e-01  8.52e-01  3.24e+05	28.4875 77.6896 0.8931	
67.601095 287.604934	7.53e-01  9.35e-01  3.07e+05	-13.4907 89.1701 0.9342	
67.601095 287.604934	7.08e-01  9.70e-01  3.09e+05	7.7035 89.3731 0.1223	
67.601095 287.604934	5.70e-01  8.87e-01  3.36e+05	23.9061 73.0958 0.0436	
67.601095 287.604934	8.37e-01  8.98e-01  3.02e+05	11.7807 91.6591 0.3271	
67.601095 287.604934	7.20e-01  8.64e-01  3.20e+05	39.8607 74.7953 0.0486	
67.601095 287.604934	5.16e-01  8.52e-01  3.49e+05	17.7651 68.0414 0.7399	
67.601095 287.604934	5.27e-01  9.09e-01  3.39e+05	-22.7305 71.9047 0.7491	
67.601095 287.604934	4.90e-01  7.53e-01  3.68e+05	19.3529 55.4699 0.7522	
67.601095 287.604934	4.54e-01  9.33e-01  3.46e+05	-23.9476 67.7025 0.8392	
67.601095 287.604934	6.86e-01  8.80e-01  3.22e+05	-4.9686 83.5510 0.6002	
67.601095 287.604934	7.44e-01  8.92e-01  3.14e+05	4.4647 87.4438 0.6141	
67.601095 287.604934	7.53e-01  8.73e-01  3.15e+05	29.3584 81.9662 0.5643	
67.601095 287.604934	7.37e-01  8.51e-01  3.19e+05	-24.1050 81.5151 0.0199	
67.601095 287.604934	5.20e-01  9.65e-01  3.33e+05	8.9131 78.2643 0.1326	
67.601095 287.604934	7.55e-01  9.77e-01  3.02e+05	11.8732 91.5191 0.3979	
67.601095 287.604934	5.58e-01  6.51e-01  3.74e+05	-3.0009 54.7982 0.2842	
67.601095 287.604934	6.94e-01  7.15e-01  3.43e+05	17.9699 71.2260 0.6214	
67.601095 287.604934	6.66e-01  9.20e-01  3.20e+05	-20.3814 82.3924 0.4643	
67.601095 287.604934	7.42e-01  8.54e-01  3.18e+05	26.6500 81.1489 0.8284	
67.601095 287.604934	7.60e-01  9.21e-01  3.08e+05	0.6553 89.8424 0.1668	
67.601095 287.604934	4.67e-01  7.25e-01  3.77e+05	-11.0555 51.5409 0.0940	
67.601095 287.604934	5.77e-01  7.12e-01  3.61e+05	-7.2898 62.8999 0.0484	
67.601095 287.604934	6.10e-01  8.96e-01  3.30e+05	-0.9489 80.0964 0.2409	
67.601095 287.604934	6.71e-01  9.45e-01  3.16e+05	12.4615 85.5821 0.6783	
67.601095 287.604934	7.09e-01  9.92e-01  3.06e+05	11.6473 90.0745 0.3457	
67.601095 287.604934	5.94e-01  8.11e-01  3.44e+05	-16.7675 71.2097 0.6415	
67.601095 287.604934	5.23e-01  8.52e-01  3.48e+05	5.9994 70.5940 0.4635	
67.601095 287.604934	4.91e-01  7.80e-01  3.64e+05	-15.1446 59.6466 0.9315	
67.601095 287.604934	5.59e-01  8.61e-01  3.42e+05	-4.6146 74.0969 0.6122	
67.601095 287.604934	5.99e-01  8.50e-01  3.37e+05	-12.8652 75.2835 0.4588	
67.601095 287.604934	6.20e-01  8.97e-01  3.28e+05	-41.3796 69.3974 0.2319	
67.601095 287.604934	6.20e-01  8.78e-01  3.31e+05	-29.6425 73.8323 0.5459	
67.601095 287.604934	3.64e-01  9.10e-01  3.63e+05	9.3682 61.1751 0.3719	
67.601095 287.604934	7.18e-01  9.03e-01  3.15e+05	12.7869 85.8692 0.6683	
67.601095 287.604934	3.89e-01  9.38e-01  3.55e+05	26.9333 61.1994 0.1988	
67.601095 287.604934	5.81e-01  8.05e-01  3.46e+05	-12.4106 70.6222 0.5050	
67.601095 287.604934	6.27e-01  7.94e-01  3.41e+05	8.1783 73.9150 0.7086	
67.601095 287.604934	6.65e-01  7.74e-01  3.39e+05	32.0742 68.4813 0.9156	
67.601095 287.604934	7.03e-01  8.47e-01  3.24e+05	-54.4758 62.3459 0.3800	
67.601095 287.604934	8.57e-01  8.91e-01  3.01e+05	-38.3361 84.7932 0.5895	
67.601095 287.604934	6.55e-01  8.02e-01  3.36e+05	28.9313 71.2234 0.8861	
67.601095 287.604934	7.25e-01  8.36e-01  3.23e+05	-15.9965 81.8850 0.9714	
67.601095 287.604934	5.32e-01  9.13e-01  3.38e+05	-6.5861 75.7918 0.1165	
67.601095 287.604934	6.70e-01  7.98e-01  3.35e+05	41.3443 65.6689 0.9393	
67.601095 287.604934	5.30e-01  7.53e-01  3.62e+05	-3.4022 62.6641 0.7872	
67.601095 287.604934	5.15e-01  8.78e-01  3.45e+05	-11.0957 71.4233 0.5929	
67.601095 287.604934	7.29e-01  7.44e-01  3.34e+05	14.1262 76.7028 0.5864	
67.601095 287.604934	3.91e-01  9.62e-01  3.51e+05	-52.2735 45.1532 0.1099	
67.601095 287.604934	5.77e-01  9.34e-01  3.29e+05	45.9444 65.9828 0.7884	
67.601095 287.604934	6.01e-01  9.27e-01  3.27e+05	25.2372 77.4951 0.4317	
67.601095 287.604934	7.29e-01  8.72e-01  3.18e+05	41.2115 75.0981 0.5072	
67.601095 287.604934	6.70e-01  9.43e-01  3.16e+05	-41.5432 75.6698 0.5959	
67.601095 287.604934	7.61e-01  8.54e-01  3.16e+05	-13.7357 85.3361 0.3095	
67.601095 287.604934	7.57e-01  8.26e-01  3.20e+05	-18.8690 82.5821 0.3172	
67.601095 287.604934	5.18e-01  8.27e-01  3.52e+05	34.9182 58.7285 0.2752	
67.601095 287.604934	6.47e-01  7.53e-01  3.44e+05	-2.4859 72.7521 0.4090	
67.601095 287.604934	5.50e-01  8.18e-01  3.49e+05	8.5807 69.7359 0.8104	
67.601095 287.604934	5.68e-01  8.36e-01  3.44e+05	29.0422 66.9905 0.2019	
67.601095 287.604934	5.74e-01  8.95e-01  3.35e+05	-17.9220 75.6040 0.0320	
67.601095 287.604934	8.44e-01  8.73e-01  3.04e+05	-39.0937 82.7960 0.8091	
67.601095 287.604934	5.84e-01  8.37e-01  3.41e+05	4.2674 74.2647 0.4731	
67.601095 287.604934	7.03e-01  7.98e-01  3.30e+05	-35.6487 71.3660 0.0428	
67.601095 287.604934	6.30e-01  9.83e-01  3.16e+05	4.2059 86.2411 0.9541	
67.601095 287.604934	6.69e-01  8.31e-01  3.30e+05	9.7262 79.1856 0.7312	
67.601095 287.604934	5.30e-01  9.47e-01  3.34e+05	30.4594 72.0872 0.7725	
67.601095 287.604934	5.82e-01  7.90e-01  3.48e+05	-18.3793 68.1673 0.5877	
67.601095 287.604934	8.01e-01  9.01e-01  3.06e+05	-0.6414 90.8681 0.7388	
67.601095 287.604934	5.83e-01  8.14e-01  3.45e+05	27.6406 67.0836 0.8629	
67.601095 287.604934	5.73e-01  9.23e-01  3.31e+05	-6.7167 79.2120 0.9590	
67.601095 287.604934	5.29e-01  8.50e-01  3.47e+05	-7.2629 70.7496 0.3051	
67.601095 287.604934	7.19e-01  7.66e-01  3.33e+05	-6.5760 78.5012 0.6138	
67.601095 287.604934	7.53e-01  7.68e-01  3.28e+05	-13.0148 79.9899 0.1872	
67.601095 287.604934	6.22e-01  6.89e-01  3.58e+05	24.8578 60.5023 0.3559	
67.601095 287.604934	6.09e-01  7.26e-01  3.54e+05	16.6763 65.4508 0.3423	
67.601095 287.604934	7.73e-01  9.39e-01  3.05e+05	-62.4445 66.6564 0.8682	
67.601095 287.604934	6.36e-01  8.45e-01  3.33e+05	-35.3891 70.0240 0.2531	
67.601095 287.604934	5.09e-01  7.34e-01  3.68e+05	-0.6397 58.6534 0.9827	
67.601095 287.604934	6.78e-01  8.24e-01  3.30e+05	12.2950 78.9536 0.8357	
67.601095 287.604934	7.36e-01  9.35e-01  3.09e+05	-23.7282 86.1683 0.6230	
67.601095 287.604934	6.11e-01  8.73e-01  3.33e+05	-35.3568 70.2732 0.2214	
67.601095 287.604934	6.70e-01  9.32e-01  3.18e+05	58.1581 63.0568 0.8099	
67.601095 287.604934	4.45e-01  6.84e-01  3.88e+05	-25.9265 35.5284 0.8430	
67.601095 287.604934	7.11e-01  7.39e-01  3.37e+05	18.8641 74.0466 0.1749	
67.601095 287.604934	4.29e-01  7.57e-01  3.78e+05	-12.1802 50.6575 0.2633	
67.601095 287.604934	5.87e-01  8.18e-01  3.44e+05	-11.0848 72.2575 0.1436	
67.601095 287.604934	7.12e-01  8.75e-01  3.19e+05	-14.0817 83.7504 0.2460	
67.601095 287.604934	5.36e-01  7.85e-01  3.56e+05	17.4959 63.9992 0.3846	
67.601095 287.604934	6.75e-01  8.35e-01  3.29e+05	-38.2587 70.6421 0.3673	
67.601095 287.604934	6.41e-01  9.43e-01  3.20e+05	-28.5831 79.7607 0.0120	
67.601095 287.604934	6.57e-01  9.02e-01  3.23e+05	-8.5167 82.9067 0.5681	
67.601095 287.604934	5.75e-01  8.73e-01  3.37e+05	15.1869 74.7888 0.7202	
67.601095 287.604934	7.84e-01  8.89e-01  3.09e+05	-28.6554 84.7199 0.6901	
67.601095 287.604934	6.58e-01  7.97e-01  3.37e+05	-38.3454 66.4735 0.8877	
67.601095 287.604934	7.85e-01  8.87e-01  3.09e+05	-11.0037 88.6912 0.8703	
67.601095 287.604934	5.97e-01  8.77e-01  3.34e+05	4.3735 77.9407 0.8516	
67.601095 287.604934	8.10e-01  9.16e-01  3.03e+05	4.3717 91.8975 0.7910	
67.601095 287.604934	6.17e-01  7.84e-01  3.44e+05	13.0811 71.6366 0.8072	
67.601095 287.604934	4.36e-01  7.72e-01  3.74e+05	-2.3835 54.6057 0.3711	
67.601095 287.604934	6.07e-01  8.79e-01  3.32e+05	20.3104 76.1883 0.3724	
67.601095 287.604934	7.36e-01  8.99e-01  3.14e+05	-9.2028 87.0004 0.9962	
67.601095 287.604934	7.36e-01  9.47e-01  3.08e+05	-13.8491 88.8679 0.6746	
67.601095 287.604934	5.80e-01  8.72e-01  3.37e+05	-17.3957 74.5416 0.4176	
67.601095 287.604934	5.99e-01  7.70e-01  3.49e+05	-5.3715 70.1485 0.3231	
67.601095 287.604934	4.51e-01  9.02e-01  3.51e+05	-34.2286 59.9398 0.1124	
67.601095 287.604934	5.43e-01  7.07e-01  3.67e+05	-24.7325 54.0546 0.0620	
67.601095 287.604934	6.17e-01  8.28e-01  3.38e+05	-19.5952 73.4697 0.5659	
67.601095 287.604934	6.14e-01  8.53e-01  3.35e+05	18.4505 75.3924 0.1573	
67.601095 287.604934	6.00e-01  7.08e-01  3.58e+05	2.8027 65.0667 0.9706	
67.601095 287.604934	6.09e-01  7.24e-01  3.54e+05	35.7508 57.0899 0.1520	
67.601095 287.604934	7.01e-01  9.32e-01  3.14e+05	-39.0683 78.2234 0.7277	
67.601095 287.604934	6.63e-01  8.72e-01  3.26e+05	-8.2332 81.4963 0.2452	
67.601095 287.604934	7.83e-01  8.18e-01  3.18e+05	-35.4990 77.9980 0.1195	
67.601095 287.604934	6.26e-01  8.45e-01  3.34e+05	3.5430 77.7656 0.1831	
67.601095 287.604934	6.22e-01  8.13e-01  3.39e+05	-12.8242 74.2862 0.5670	
67.601095 287.604934	6.79e-01  7.94e-01  3.34e+05	-26.6754 73.2523 0.1924	
67.601095 287.604934	5.78e-01  9.53e-01  3.27e+05	-21.7489 78.6954 0.0493	
67.601095 287.604934	7.06e-01  8.45e-01  3.24e+05	-3.2126 82.8069 0.1359	
67.601095 287.604934	6.88e-01  7.70e-01  3.36e+05	-11.8877 76.0777 0.7785	
67.601095 287.604934	6.89e-01  7.74e-01  3.36e+05	31.9576 70.3672 0.2736	
67.601095 287.604934	6.68e-01  8.71e-01  3.25e+05	22.9816 78.8701 0.6925	
67.601095 287.604934	5.39e-01  9.09e-01  3.38e+05	-1.0142 76.2404 0.6372	
67.601095 287.604934	6.38e-01  8.14e-01  3.37e+05	-29.6213 70.5599 0.5365	
67.601095 287.604934	5.22e-01  8.16e-01  3.53e+05	8.6073 67.2603 0.0967	
67.601095 287.604934	7.60e-01  8.59e-01  3.16e+05	13.4608 85.6057 0.3392	
67.601095 287.604934	5.22e-01  9.15e-01  3.39e+05	24.2304 71.5296 0.1601	
67.601095 287.604934	6.46e-01  8.80e-01  3.27e+05	-14.5859 80.0185 0.8629	
67.601095 287.604934	7.12e-01  8.37e-01  3.24e+05	-14.5918 81.4100 0.8352	
67.601095 287.604934	4.42e-01  8.91e-01  3.54e+05	1.0035 67.3946 0.2538	
67.601095 287.604934	5.13e-01  8.94e-01  3.43e+05	6.7175 73.0621 0.7342	
67.601095 287.604934	7.07e-01  7.80e-01  3.32e+05	-13.0655 77.8187 0.8806	
67.601095 287.604934	5.03e-01  7.41e-01  3.68e+05	26.8272 52.3522 0.9561	
67.601095 287.604934	6.29e-01  8.15e-01  3.38e+05	20.7811 73.0566 0.8758	
67.601095 287.604934	5.76e-01  7.52e-01  3.55e+05	14.7316 65.2544 0.9410	
67.601095 287.604934	7.31e-01  9.14e-01  3.12e+05	-15.8406 86.5977 0.0769	
67.601095 287.604934	4.45e-01  7.64e-01  3.74e+05	2.2127 54.7575 0.6665	
67.601095 287.604934	8.67e-01  9.47e-01  2.94e+05	-24.0486 92.8304 0.6421	
67.601095 287.604934	4.11e-01  7.98e-01  3.74e+05	-21.1198 50.5514 0.3112	
67.601095 287.604934	6.39e-01  7.95e-01  3.40e+05	5.5617 75.0370 0.7393	
67.601095 287.604934	6.72e-01  7.72e-01  3.38e+05	-4.0568 75.8910 0.3132	
67.601095 287.604934	4.88e-01  9.15e-01  3.44e+05	-20.4213 70.1385 0.4994	
67.601095 287.604934	6.56e-01  7.65e-01  3.41e+05	11.1467 73.5270 0.7054	
67.601095 287.604934	6.31e-01  9.17e-01  3.24e+05	7.7234 82.3342 0.5709	
67.601095 287.604934	8.14e-01  8.58e-01  3.09e+05	-29.9991 84.2001 0.9903	
67.601095 287.604934	5.43e-01  8.35e-01  3.47e+05	7.5790 70.7099 0.3395	
67.601095 287.604934	5.74e-01  7.61e-01  3.54e+05	5.3425 67.3414 0.0342	
67.601095 287.604934	6.64e-01  9.54e-01  3.16e+05	-26.6886 82.4050 0.7333	
67.601095 287.604934	4.28e-01  8.07e-01  3.70e+05	-0.9505 57.7092 0.5524	
67.601095 287.604934	6.49e-01  9.96e-01  3.12e+05	29.2437 83.0333 0.1912	
67.601095 287.604934	7.03e-01  8.93e-01  3.18e+05	28.4641 80.5370 0.1251	
67.601095 287.604934	4.89e-01  8.38e-01  3.55e+05	12.3651 65.5985 0.4226	
67.601095 287.604934	5.71e-01  8.48e-01  3.42e+05	-8.4982 73.6484 0.1547	
67.601095 287.604934	5.99e-01  9.53e-01  3.24e+05	-13.1912 81.8890 0.1269	
67.601095 287.604934	6.79e-01  8.79e-01  3.23e+05	14.2078 82.0240 0.1215	
67.601095 287.604934	6.33e-01  8.64e-01  3.31e+05	-5.3120 79.3553 0.1137	
67.601095 287.604934	6.91e-01  7.87e-01  3.34e+05	-52.1346 58.3798 0.5200	
67.601095 287.604934	6.02e-01  8.80e-01  3.33e+05	6.2389 78.3722 0.5027	
67.601095 287.604934	5.56e-01  9.76e-01  3.26e+05	13.6172 80.6017 0.0969	
67.601095 287.604934	5.29e-01  7.71e-01  3.59e+05	-4.2864 64.2736 0.6676	
67.601095 287.604934	5.50e-01  7.68e-01  3.56e+05	-3.6720 65.9536 0.6203	
67.601095 287.604934	5.58e-01  7.47e-01  3.59e+05	-3.7073 64.7441 0.8895	
67.601095 287.604934	7.17e-01  7.75e-01  3.32e+05	18.2356 77.0787 0.9176	
67.601095 287.604934	7.27e-01  8.17e-01  3.25e+05	-11.0919 81.6770 0.8514	
67.601095 287.604934	6.43e-01  9.80e-01  3.15e+05	8.2017 86.4958 0.2557	
67.601095 287.604934	6.78e-01  8.26e-01  3.30e+05	30.8546 73.7878 0.5120	
67.601095 287.604934	5.43e-01  7.01e-01  3.68e+05	-1.5014 58.7664 0.2867	
67.601095 287.604934	6.99e-01  7.97e-01  3.31e+05	17.7032 77.5276 0.9983	
67.601095 287.604934	6.90e-01  8.92e-01  3.20e+05	3.1780 84.5928 0.7033	
67.601095 287.604934	8.11e-01  9.27e-01  3.02e+05	18.4645 90.6740 0.7615	
67.601095 287.604934	6.23e-01  7.65e-01  3.46e+05	-38.1069 60.8525 0.5529	
67.601095 287.604934	6.62e-01  9.18e-01  3.20e+05	-14.4110 83.2604 0.7140	
67.601095 287.604934	7.70e-01  9.08e-01  3.09e+05	6.3305 89.4794 0.5568	
67.601095 287.604934	6.43e-01  8.96e-01  3.25e+05	37.7296 72.9566 0.6790	
67.601095 287.604934	6.41e-01  8.90e-01  3.26e+05	-28.2643 76.6264 0.2180	
67.601095 287.604934	5.45e-01  8.38e-01  3.47e+05	21.9419 67.9953 0.4160	
67.601095 287.604934	6.46e-01  9.19e-01  3.22e+05	-3.2273 83.5777 0.0336	
67.601095 287.604934	7.06e-01  8.52e-01  3.23e+05	-5.8591 83.0748 0.9732	
67.601095 287.604934	5.26e-01  8.40e-01  3.49e+05	31.1361 62.9058 0.9522	
67.601095 287.604934	5.39e-01  8.16e-01  3.51e+05	-13.6634 67.8545 0.3085	
67.601095 287.604934	5.50e-01  6.51e-01  3.75e+05	-10.6772 52.8205 0.7480	
67.601095 287.604934	6.71e-01  9.25e-01  3.18e+05	-38.1916 76.3958 0.7787	
67.601095 287.604934	5.44e-01  7.99e-01  3.53e+05	-4.1927 68.1467 0.1456	
67.601095 287.604934	7.22e-01  7.92e-01  3.29e+05	15.4049 79.0923 0.4475	
67.601095 287.604934	4.97e-01  9.21e-01  3.42e+05	8.1512 73.6534 0.9675	
67.601095 287.604934	6.53e-01  9.10e-01  3.22e+05	29.0016 78.3535 0.4371	
67.601095 287.604934	7.68e-01  8.25e-01  3.19e+05	1.3517 85.2798 0.1603	
67.601095 287.604934	7.40e-01  8.65e-01  3.17e+05	23.3981 82.6907 0.5289	
67.601095 287.604934	7.62e-01  8.52e-01  3.16e+05	33.9075 79.4312 0.6556	
67.601095 287.604934	7.43e-01  8.80e-01  3.15e+05	1.8525 86.8253 0.9639	
67.601095 287.604934	6.84e-01  8.27e-01  3.29e+05	-19.6234 77.9628 0.2364	
67.601095 287.604934	7.92e-01  8.33e-01  3.15e+05	-2.8472 86.9275 0.4812	
67.601095 287.604934	6.85e-01  8.70e-01  3.23e+05	-5.8977 82.8878 0.6954	
67.601095 287.604934	7.94e-01  8.63e-01  3.11e+05	-2.5395 88.5984 0.3751	
67.601095 287.604934	7.51e-01  8.04e-01  3.23e+05	-28.6627 78.0003 0.9713	
67.601095 287.604934	6.39e-01  8.48e-01  3.32e+05	22.3542 75.7029 0.7449	
67.601095 287.604934	6.41e-01  8.28e-01  3.35e+05	-20.5623 74.9388 0.5520	
67.601095 287.604934	7.24e-01  8.77e-01  3.18e+05	-13.3672 84.6264 0.1249	
67.601095 287.604934	5.22e-01  8.90e-01  3.43e+05	-15.8567 71.9734 0.8845	
67.601095 287.604934	7.03e-01  9.32e-01  3.14e+05	-48.5642 72.8395 0.4478	
67.601095 287.604934	4.83e-01  7.18e-01  3.76e+05	1.8562 53.7637 0.6400	
67.601095 287.604934	5.46e-01  6.35e-01  3.79e+05	1.8494 51.3126 0.2570	
67.601095 287.604934	5.37e-01  7.61e-01  3.60e+05	4.7178 64.0817 0.5449	
67.601095 287.604934	4.82e-01  9.24e-01  3.43e+05	8.6127 72.7100 0.5946	
67.601095 287.604934	6.23e-01  7.65e-01  3.46e+05	-2.1284 71.8344 0.0457	
67.601095 287.604934	6.06e-01  8.03e-01  3.43e+05	-20.1255 70.6403 0.2585	
67.601095 287.604934	6.84e-01  7.81e-01  3.35e+05	-2.8077 77.3819 0.3364	
67.601095 287.604934	5.16e-01  8.92e-01  3.43e+05	9.8077 72.7336 0.4520	
67.601095 287.604934	7.76e-01  8.23e-01  3.18e+05	26.7431 81.3084 0.7347	
67.601095 287.604934	5.84e-01  9.46e-01  3.27e+05	-19.7643 79.1525 0.1309	
67.601095 287.604934	5.98e-01  7.38e-01  3.54e+05	-10.6748 66.8438 0.6613	
67.601095 287.604934	5.14e-01  7.40e-01  3.67e+05	-7.4550 59.4007 0.5858	
67.601095 287.604934	5.30e-01  8.06e-01  3.54e+05	-3.2039 67.5573 0.3684	
67.601095 287.604934	5.60e-01  7.74e-01  3.54e+05	-14.3814 65.9140 0.5980	
67.601095 287.604934	7.32e-01  7.91e-01  3.28e+05	17.1296 79.3225 0.3066	
67.601095 287.604934	4.64e-01  7.20e-01  3.78e+05	-2.0456 51.7728 0.8080	
67.601095 287.604934	7.37e-01  8.03e-01  3.25e+05	-5.7402 82.0163 0.1882	
67.601095 287.604934	5.94e-01  9.00e-01  3.31e+05	2.4164 79.3250 0.2256	
67.601095 287.604934	6.65e-01  9.25e-01  3.19e+05	-23.5752 81.7674 0.6025	
67.601095 287.604934	5.55e-01  7.79e-01  3.54e+05	7.8271 67.0116 0.0102	
67.601095 287.604934	5.13e-01  9.00e-01  3.42e+05	0.0702 73.7699 0.8388	
67.601095 287.604934	5.65e-01  7.00e-01  3.65e+05	-9.9739 60.1401 0.4324	
67.601095 287.604934	5.36e-01  8.77e-01  3.42e+05	-0.1963 73.7483 0.6751	
67.601095 287.604934	5.56e-01  6.51e-01  3.75e+05	2.6826 54.4405 0.1598	
67.601095 287.604934	6.06e-01  7.71e-01  3.48e+05	-11.0596 70.0734 0.4080	
67.601095 287.604934	6.28e-01  9.19e-01  3.24e+05	11.3558 81.8524 0.6358	
67.601095 287.604934	6.10e-01  7.18e-01  3.55e+05	35.9663 56.4509 0.3552	
67.601095 287.604934	5.13e-01  7.69e-01  3.62e+05	41.6713 46.7017 0.1076	
67.601095 287.604934	5.51e-01  7.77e-01  3.55e+05	-6.6414 66.5181 0.8270	
67.601095 287.604934	7.22e-01  8.68e-01  3.19e+05	3.6852 85.0392 0.7346	
67.601095 287.604934	6.52e-01  9.44e-01  3.18e+05	-38.5912 76.2241 0.5390	
67.601095 287.604934	5.54e-01  7.96e-01  3.52e+05	23.0221 64.7934 0.4260	
67.601095 287.604934	7.23e-01  8.84e-01  3.17e+05	-3.9941 85.9417 0.2235	
67.601095 287.604934	6.70e-01  7.87e-01  3.36e+05	38.6535 66.4984 0.8790	
67.601095 287.604934	6.57e-01  8.70e-01  3.27e+05	-46.5822 66.7939 0.0836	
67.601095 287.604934	6.77e-01  7.16e-01  3.45e+05	1.1615 72.2407 0.5337	
67.601095 287.604934	6.43e-01  7.21e-01  3.50e+05	-5.9776 69.7274 0.1340	
67.601095 287.604934	4.20e-01  8.34e-01  3.67e+05	-27.9593 52.9589 0.5997	
67.601095 287.604934	6.89e-01  7.34e-01  3.41e+05	25.6304 69.8969 0.3181	
67.601095 287.604934	6.93e-01  9.56e-01  3.12e+05	-15.7675 86.8092 0.4768	
67.601095 287.604934	4.68e-01  8.86e-01  3.51e+05	7.5494 68.7426 0.7687	
67.601095 287.604934	5.09e-01  8.61e-01  3.49e+05	-30.0827 63.7141 0.5606	
67.601095 287.604934	7.31e-01  8.85e-01  3.16e+05	-19.4939 84.2817 0.8696	
67.601095 287.604934	4.30e-01  8.85e-01  3.57e+05	-8.6722 65.2039 0.2717	
67.601095 287.604934	6.53e-01  8.14e-01  3.35e+05	-48.1081 60.8358 0.2388	
67.601095 287.604934	6.03e-01  9.43e-01  3.25e+05	37.2923 73.6488 0.1180	
67.601095 287.604934	6.95e-01  8.40e-01  3.26e+05	-14.0622 80.6696 0.3689	
67.601095 287.604934	3.53e-01  8.60e-01  3.73e+05	11.4883 54.0868 0.8061	
67.601095 287.604934	5.00e-01  7.52e-01  3.67e+05	-19.1369 56.5802 0.9447	
67.601095 287.604934	4.62e-01  7.18e-01  3.79e+05	10.6844 50.0783 0.4139	
67.601095 287.604934	7.76e-01  9.01e-01  3.09e+05	-43.0619 78.6457 0.0798	
67.601095 287.604934	7.04e-01  8.22e-01  3.27e+05	-6.4824 81.1208 0.9119	
67.601095 287.604934	6.28e-01  8.40e-01  3.35e+05	4.8309 77.4657 0.8050	
67.601095 287.604934	8.50e-01  9.01e-01  3.00e+05	-14.2468 92.0661 0.6595	
67.601095 287.604934	5.70e-01  7.97e-01  3.49e+05	-10.9295 69.2902 0.2040	
67.601095 287.604934	7.60e-01  8.20e-01  3.20e+05	-20.0145 82.1276 0.5419	
67.601095 287.604934	6.46e-01  7.94e-01  3.39e+05	0.5710 75.6715 0.5542	
67.601095 287.604934	5.64e-01  8.66e-01  3.40e+05	-9.9610 74.3461 0.4713	
67.601095 287.604934	5.96e-01  8.91e-01  3.32e+05	35.6974 70.3083 0.9786	
67.601095 287.604934	7.04e-01  8.98e-01  3.18e+05	-54.5714 66.1216 0.4270	
67.601095 287.604934	5.97e-01  7.30e-01  3.55e+05	0.4246 66.7896 0.8796	
67.601095 287.604934	6.04e-01  7.91e-01  3.45e+05	-17.4723 70.2570 0.6253	
67.601095 287.604934	6.71e-01  8.08e-01  3.33e+05	-24.5386 74.4606 0.8636	
67.601095 287.604934	5.86e-01  7.35e-01  3.56e+05	0.8512 66.2788 0.2280	
67.601095 287.604934	5.53e-01  8.79e-01  3.40e+05	-26.7172 70.1577 0.0448	
67.601095 287.604934	6.71e-01  6.98e-01  3.49e+05	-46.4176 52.9233 0.5146	
67.601095 287.604934	6.07e-01  8.02e-01  3.43e+05	-4.3798 73.3064 0.8144	
67.601095 287.604934	6.57e-01  9.79e-01  3.13e+05	7.9292 87.2133 0.0874	
67.601095 287.604934	4.25e-01  7.40e-01  3.82e+05	22.3632 43.7922 0.1717	
67.601095 287.604934	5.92e-01  7.41e-01  3.54e+05	30.4213 60.0232 0.6031	
67.601095 287.604934	7.21e-01  7.71e-01  3.32e+05	-35.2753 70.9211 0.5826	
67.601095 287.604934	5.73e-01  8.88e-01  3.36e+05	-5.8059 76.9191 0.9069	
67.601095 287.604934	5.67e-01  6.79e-01  3.68e+05	-44.3657 38.8826 0.8175	
67.601095 287.604934	7.82e-01  9.22e-01  3.06e+05	13.2299 89.9708 0.1376	
67.601095 287.604934	8.42e-01  9.42e-01  2.97e+05	27.8457 90.3962 0.4887	
67.601095 287.604934	5.86e-01  7.92e-01  3.47e+05	9.0540 70.5194 0.3522	
67.601095 287.604934	5.18e-01  6.79e-01  3.76e+05	26.5478 46.2528 0.0636	
67.601095 287.604934	6.15e-01  9.45e-01  3.23e+05	-4.6524 83.2410 0.5582	
67.601095 287.604934	3.81e-01  8.72e-01  3.67e+05	-3.0724 59.6685 0.1465	
67.601095 287.604934	5.55e-01  8.14e-01  3.49e+05	-2.9148 70.3095 0.5953	
67.601095 287.604934	5.96e-01  8.83e-01  3.33e+05	17.9664 76.2320 0.2823	
67.601095 287.604934	4.44e-01  7.91e-01  3.70e+05	1.8245 57.7493 0.4930	
67.601095 287.604934	8.21e-01  9.55e-01  2.98e+05	18.0492 92.5157 0.8688	
67.601095 287.604934	6.69e-01  8.00e-01  3.35e+05	-30.5095 71.4740 0.4422	
67.601095 287.604934	7.68e-01  9.36e-01  3.06e+05	-19.9853 88.7829 0.4190	
67.601095 287.604934	7.63e-01  9.27e-01  3.07e+05	28.7860 85.5804 0.8064	
67.601095 287.604934	6.80e-01  7.34e-01  3.42e+05	-2.6789 73.7996 0.8820	
67.601095 287.604934	8.28e-01  9.25e-01  3.00e+05	3.2303 93.1909 0.0322	
67.601095 287.604934	7.40e-01  9.10e-01  3.12e+05	-4.2991 88.1468 0.5928	
67.601095 287.604934	7.57e-01  8.94e-01  3.12e+05	21.5552 85.6725 0.9602	
67.601095 287.604934	6.23e-01  7.68e-01  3.46e+05	35.4659 62.7877 0.3222	
67.601095 287.604934	3.75e-01  8.23e-01  3.76e+05	10.1508 52.4363 0.4356	
67.601095 287.604934	7.46e-01  8.50e-01  3.18e+05	18.2137 83.4418 0.8907	
67.601095 287.604934	7.74e-01  8.93e-01  3.10e+05	2.7596 89.0822 0.4097	
67.601095 287.604934	5.89e-01  6.70e-01  3.66e+05	10.5878 59.4663 0.8924	
67.601095 287.604934	6.45e-01  8.35e-01  3.33e+05	45.4612 63.8501 0.2555	
67.601095 287.604934	6.52e-01  7.04e-01  3.51e+05	30.3042 62.3748 0.2336	
67.601095 287.604934	5.13e-01  8.97e-01  3.43e+05	1.3840 73.4939 0.2937	
67.601095 287.604934	7.52e-01  8.21e-01  3.21e+05	-5.4686 83.9423 0.5206	
67.601095 287.604934	6.17e-01  7.53e-01  3.49e+05	-5.0940 70.2795 0.9631	
67.601095 287.604934	5.45e-01  6.79e-01  3.72e+05	12.6895 55.1381 0.9934	
67.601095 287.604934	5.78e-01  8.98e-01  3.34e+05	-13.4175 76.9772 0.2327	
67.601095 287.604934	5.56e-01  8.79e-01  3.39e+05	-4.8647 75.2484 0.3812	
67.601095 287.604934	7.25e-01  9.79e-01  3.06e+05	37.9154 82.6741 0.7937	
67.601095 287.604934	6.33e-01  8.33e-01  3.35e+05	-22.4941 74.1926 0.2662	
67.601095 287.604934	6.63e-01  9.27e-01  3.19e+05	-20.1306 82.6385 0.4036	
67.601095 287.604934	6.28e-01  6.95e-01  3.56e+05	16.2017 64.5475 0.9309	
67.601095 287.604934	6.31e-01  8.84e-01  3.29e+05	-47.3535 65.3470 0.5215	
67.601095 287.604934	6.97e-01  8.47e-01  3.25e+05	10.1021 81.8076 0.2372	
67.601095 287.604934	5.35e-01  7.26e-01  3.65e+05	-21.3812 56.7258 0.1702	
67.601095 287.604934	7.72e-01  8.41e-01  3.16e+05	-2.0562 86.3449 0.2670	
67.601095 287.604934	4.56e-01  8.70e-01  3.55e+05	-14.5525 65.1272 0.7697	
67.601095 287.604934	6.57e-01  7.50e-01  3.43e+05	-9.1013 72.7642 0.0941	
67.601095 287.604934	5.66e-01  9.25e-01  3.32e+05	-17.1625 77.2335 0.2682	
67.601095 287.604934	5.25e-01  8.65e-01  3.46e+05	-33.2284 63.8858 0.2986	
67.601095 287.604934	6.08e-01  6.93e-01  3.59e+05	4.6224 64.3065 0.1834	
67.601095 287.604934	5.87e-01  9.10e-01  3.31e+05	-14.7166 78.1351 0.2116	
67.601095 287.604934	5.89e-01  7.51e-01  3.53e+05	-15.4375 66.1650 0.0009	
67.601095 287.604934	6.02e-01  8.71e-01  3.34e+05	-49.6339 60.1233 0.7053	
67.601095 287.604934	4.23e-01  8.57e-01  3.62e+05	18.1193 59.7949 0.4370	
67.601095 287.604934	7.54e-01  9.26e-01  3.08e+05	-38.4413 81.1741 0.2703	
67.601095 287.604934	6.52e-01  8.55e-01  3.30e+05	26.1067 75.8242 0.0673	
67.601095 287.604934	7.36e-01  8.83e-01  3.16e+05	1.5375 86.6372 0.7878	
67.601095 287.604934	4.17e-01  8.06e-01  3.72e+05	33.5198 45.4652 0.0159	
67.601095 287.604934	4.83e-01  7.67e-01  3.67e+05	24.1319 54.3368 0.2175	
67.601095 287.604934	6.48e-01  8.14e-01  3.36e+05	3.5490 77.1083 0.4361	
67.601095 287.604934	6.20e-01  8.71e-01  3.32e+05	9.6436 78.5516 0.0895	
67.601095 287.604934	5.78e-01  8.35e-01  3.42e+05	-5.4028 73.5801 0.0732	
67.601095 287.604934	6.64e-01  9.77e-01  3.13e+05	42.2622 76.9916 0.5837	
67.601095 287.604934	5.60e-01  9.27e-01  3.32e+05	-15.7337 77.3135 0.5201	
67.601095 287.604934	3.96e-01  8.30e-01  3.71e+05	9.1856 56.1072 0.5992	
67.601095 287.604934	8.08e-01  9.04e-01  3.05e+05	33.7459 84.8749 0.9680	
67.601095 287.604934	5.40e-01  7.70e-01  3.58e+05	18.3586 62.6217 0.5479	
67.601095 287.604934	4.51e-01  7.86e-01  3.69e+05	21.6524 53.8155 0.1579	
67.601095 287.604934	6.82e-01  8.52e-01  3.26e+05	7.2874 81.5181 0.6592	
67.601095 287.604934	7.16e-01  9.35e-01  3.12e+05	32.9467 81.9790 0.7030	
