33.384222 263.600129	5.32e-01  6.91e-01  3.57e+05	0.0000 60.0798 0.7033	
33.384222 263.600129	6.30e-01  7.05e-01  3.40e+05	-1.0207 71.9629 0.8807	
33.384222 263.600129	6.79e-01  8.52e-01  3.13e+05	-4.6962 86.8195 0.2688	
33.384222 263.600129	5.86e-01  7.16e-01  3.44e+05	-22.1244 65.1369 0.3476	
33.384222 263.600129	4.25e-01  7.90e-01  3.58e+05	-17.6326 56.3985 0.6111	
33.384222 263.600129	6.93e-01  7.68e-01  3.22e+05	5.1256 82.0582 0.7222	
33.384222 263.600129	3.11e-01  8.21e-01  3.72e+05	2.9768 47.1064 0.4293	
33.384222 263.600129	3.84e-01  9.24e-01  3.44e+05	-0.4495 69.3597 0.3797	
33.384222 263.600129	4.71e-01  9.82e-01  3.23e+05	36.4202 72.9872 0.1394	
33.384222 263.600129	6.37e-01  7.53e-01  3.32e+05	-42.6941 63.7830 0.8602	
33.384222 263.600129	3.74e-01  8.56e-01  3.56e+05	16.4148 58.6222 0.4019	
33.384222 263.600129	4.35e-01  9.02e-01  3.39e+05	27.4915 66.6623 0.0941	
33.384222 263.600129	2.95e-01  8.86e-01  3.64e+05	-30.1490 45.6459 0.5746	
33.384222 263.600129	5.54e-01  7.61e-01  3.43e+05	0.1876 69.9886 0.8442	
33.384222 263.600129	4.03e-01  9.11e-01  3.43e+05	-29.9581 63.1416 0.0583	
33.384222 263.600129	4.78e-01  9.25e-01  3.30e+05	13.1034 76.6499 0.0671	
33.384222 263.600129	6.30e-01  7.01e-01  3.40e+05	-14.7129 70.0498 0.3246	
33.384222 263.600129	5.34e-01  7.74e-01  3.44e+05	20.4447 66.2661 0.3671	
33.384222 263.600129	6.52e-01  8.26e-01  3.20e+05	-1.0384 83.3860 0.9684	
33.384222 263.600129	6.41e-01  8.83e-01  3.14e+05	-4.0610 86.4067 0.3810	
33.384222 263.600129	5.46e-01  7.81e-01  3.41e+05	18.1416 68.8203 0.5150	
33.384222 263.600129	6.87e-01  9.06e-01  3.06e+05	-67.7494 60.3796 0.1705	
33.384222 263.600129	5.36e-01  7.21e-01  3.51e+05	-20.9178 60.5927 0.1623	
33.384222 263.600129	2.73e-01  8.52e-01  3.73e+05	11.7420 44.4509 0.2128	
33.384222 263.600129	4.62e-01  7.09e-01  3.65e+05	13.5364 51.5450 0.6619	
33.384222 263.600129	5.11e-01  7.73e-01  3.47e+05	14.1086 65.3928 0.0967	
33.384222 263.600129	6.97e-01  8.31e-01  3.14e+05	24.2050 83.2894 0.3560	
33.384222 263.600129	5.74e-01  7.19e-01  3.46e+05	-14.8535 66.2336 0.7954	
33.384222 263.600129	5.06e-01  6.87e-01  3.62e+05	-0.1633 56.3300 0.4879	
33.384222 263.600129	5.59e-01  7.96e-01  3.37e+05	26.3730 68.8378 0.2198	
33.384222 263.600129	6.02e-01  6.93e-01  3.45e+05	-47.0488 49.2478 0.3190	
33.384222 263.600129	6.06e-01  6.96e-01  3.44e+05	-30.2006 61.8475 0.9362	
33.384222 263.600129	3.88e-01  9.59e-01  3.38e+05	25.8399 68.3021 0.6815	
33.384222 263.600129	6.03e-01  7.57e-01  3.36e+05	-2.1419 74.1184 0.1725	
33.384222 263.600129	7.83e-01  8.17e-01  3.05e+05	-2.1306 91.1579 0.7385	
33.384222 263.600129	4.54e-01  8.66e-01  3.42e+05	6.8569 70.1295 0.2572	
33.384222 263.600129	4.59e-01  8.37e-01  3.45e+05	39.8056 55.3623 0.4078	
33.384222 263.600129	4.16e-01  7.30e-01  3.70e+05	-21.0882 44.7532 0.6138	
33.384222 263.600129	3.54e-01  8.60e-01  3.58e+05	9.6207 58.2856 0.5128	
33.384222 263.600129	6.05e-01  8.08e-01  3.29e+05	-2.0963 78.5576 0.4450	
33.384222 263.600129	5.78e-01  7.83e-01  3.36e+05	6.8364 73.9264 0.6545	
33.384222 263.600129	4.82e-01  7.37e-01  3.57e+05	11.3513 58.4901 0.6565	
33.384222 263.600129	5.87e-01  8.92e-01  3.20e+05	15.4966 81.9881 0.6832	
33.384222 263.600129	5.66e-01  8.32e-01  3.31e+05	0.9157 77.3418 0.1176	
33.384222 263.600129	6.45e-01  9.30e-01  3.08e+05	-32.9108 83.4501 0.9923	
33.384222 263.600129	5.40e-01  8.24e-01  3.35e+05	6.9697 74.2056 0.7958	
33.384222 263.600129	5.63e-01  8.98e-01  3.22e+05	-9.2981 81.6613 0.1500	
33.384222 263.600129	7.83e-01  9.14e-01  2.94e+05	52.2134 81.1858 0.2615	
33.384222 263.600129	5.43e-01  8.89e-01  3.26e+05	0.9833 80.0023 0.9799	
33.384222 263.600129	6.06e-01  9.00e-01  3.17e+05	11.8748 84.4312 0.1263	
33.384222 263.600129	3.82e-01  9.45e-01  3.41e+05	-41.3081 57.9914 0.8428	
33.384222 263.600129	6.65e-01  8.39e-01  3.17e+05	34.1103 78.0659 0.9160	
33.384222 263.600129	5.64e-01  8.15e-01  3.33e+05	32.5549 68.4286 0.1082	
33.384222 263.600129	6.31e-01  9.86e-01  3.03e+05	-12.4887 91.3125 0.9320	
33.384222 263.600129	5.89e-01  7.93e-01  3.33e+05	-25.2358 71.7467 0.4271	
33.384222 263.600129	6.37e-01  8.15e-01  3.23e+05	16.6906 79.7554 0.8211	
33.384222 263.600129	3.97e-01  7.87e-01  3.63e+05	19.3246 51.7130 0.6501	
33.384222 263.600129	4.88e-01  7.07e-01  3.61e+05	-8.2199 56.0149 0.5143	
33.384222 263.600129	6.36e-01  8.87e-01  3.14e+05	-18.4308 84.4249 0.9055	
33.384222 263.600129	4.81e-01  7.05e-01  3.63e+05	30.9684 45.8996 0.8515	
33.384222 263.600129	4.40e-01  7.91e-01  3.55e+05	-14.6459 59.3273 0.7571	
33.384222 263.600129	5.83e-01  7.07e-01  3.46e+05	-9.7114 66.9035 0.3912	
33.384222 263.600129	4.57e-01  6.41e-01  3.78e+05	-2.1834 40.8070 0.6730	
33.384222 263.600129	6.53e-01  8.43e-01  3.18e+05	46.4378 70.7773 0.5810	
33.384222 263.600129	5.59e-01  8.10e-01  3.35e+05	6.3604 74.6546 0.3802	
33.384222 263.600129	3.68e-01  8.66e-01  3.55e+05	-11.6690 60.4039 0.4983	
33.384222 263.600129	3.80e-01  8.49e-01  3.56e+05	10.2857 59.9457 0.2802	
33.384222 263.600129	5.85e-01  7.42e-01  3.41e+05	19.9515 68.3261 0.0165	
33.384222 263.600129	4.06e-01  8.79e-01  3.47e+05	-17.4347 64.6749 0.6395	
33.384222 263.600129	5.64e-01  8.60e-01  3.27e+05	-38.3313 69.5256 0.9450	
33.384222 263.600129	6.99e-01  7.55e-01  3.23e+05	13.9804 80.5208 0.7140	
33.384222 263.600129	5.70e-01  9.25e-01  3.18e+05	-19.8379 82.2497 0.9184	
33.384222 263.600129	4.92e-01  8.56e-01  3.38e+05	-8.9303 72.5495 0.6629	
33.384222 263.600129	4.09e-01  7.53e-01  3.67e+05	-13.7692 50.0075 0.5111	
33.384222 263.600129	3.74e-01  7.76e-01  3.69e+05	-5.5628 49.9101 0.8972	
33.384222 263.600129	4.16e-01  8.47e-01  3.50e+05	-28.9700 57.8632 0.8277	
33.384222 263.600129	6.91e-01  7.67e-01  3.23e+05	-0.3488 81.9333 0.2656	
33.384222 263.600129	5.03e-01  6.87e-01  3.62e+05	-5.6751 55.5863 0.8761	
33.384222 263.600129	5.32e-01  7.71e-01  3.44e+05	8.2092 68.4047 0.8850	
33.384222 263.600129	5.93e-01  9.64e-01  3.10e+05	-21.3125 86.0400 0.1312	
33.384222 263.600129	5.77e-01  7.03e-01  3.48e+05	-2.6609 66.4634 0.4998	
33.384222 263.600129	6.19e-01  8.74e-01  3.18e+05	21.0931 81.7913 0.1755	
33.384222 263.600129	4.97e-01  8.20e-01  3.42e+05	14.0476 68.8371 0.1138	
33.384222 263.600129	6.75e-01  8.24e-01  3.17e+05	10.2182 84.2703 0.6287	
33.384222 263.600129	6.15e-01  8.83e-01  3.17e+05	41.3250 74.0512 0.6469	
33.384222 263.600129	6.94e-01  9.25e-01  3.03e+05	18.5042 90.4500 0.0971	
33.384222 263.600129	5.96e-01  6.96e-01  3.46e+05	-6.6542 67.4002 0.3356	
33.384222 263.600129	4.94e-01  6.89e-01  3.63e+05	13.6763 53.2912 0.3471	
33.384222 263.600129	5.45e-01  8.55e-01  3.30e+05	-26.9574 72.6903 0.4967	
33.384222 263.600129	6.90e-01  8.92e-01  3.07e+05	-5.7064 89.9901 0.1697	
33.384222 263.600129	6.32e-01  7.12e-01  3.38e+05	7.0200 72.4365 0.6492	
33.384222 263.600129	4.66e-01  8.75e-01  3.39e+05	-2.5046 72.4038 0.8925	
33.384222 263.600129	4.81e-01  8.78e-01  3.36e+05	18.9649 71.5405 0.7829	
33.384222 263.600129	5.12e-01  9.80e-01  3.18e+05	25.8635 80.2840 0.8166	
33.384222 263.600129	6.17e-01  9.85e-01  3.05e+05	-25.6967 87.6317 0.6878	
33.384222 263.600129	6.28e-01  8.22e-01  3.24e+05	20.3997 78.8167 0.3221	
33.384222 263.600129	6.27e-01  7.41e-01  3.35e+05	49.8764 55.7705 0.0330	
33.384222 263.600129	5.79e-01  8.46e-01  3.27e+05	-12.6881 78.4638 0.1241	
33.384222 263.600129	4.43e-01  7.33e-01  3.64e+05	-19.4659 50.3538 0.7069	
33.384222 263.600129	6.41e-01  8.22e-01  3.22e+05	-42.9443 70.2175 0.9009	
33.384222 263.600129	4.65e-01  8.32e-01  3.45e+05	-30.6065 61.0183 0.5056	
33.384222 263.600129	4.77e-01  8.71e-01  3.38e+05	7.2937 72.6943 0.7394	
33.384222 263.600129	3.78e-01  8.36e-01  3.58e+05	-0.1306 59.0133 0.7767	
33.384222 263.600129	5.56e-01  6.12e-01  3.66e+05	6.3095 52.5462 0.1711	
33.384222 263.600129	5.00e-01  7.60e-01  3.51e+05	20.7862 60.9687 0.3241	
33.384222 263.600129	4.43e-01  8.30e-01  3.49e+05	8.4555 65.2356 0.7354	
33.384222 263.600129	7.31e-01  8.35e-01  3.09e+05	-32.2853 83.1291 0.0708	
33.384222 263.600129	5.54e-01  6.57e-01  3.59e+05	23.2571 53.9064 0.8632	
33.384222 263.600129	6.14e-01  7.56e-01  3.34e+05	-38.4011 64.5040 0.9052	
33.384222 263.600129	5.16e-01  7.52e-01  3.50e+05	30.1097 57.8265 0.7035	
33.384222 263.600129	7.45e-01  9.38e-01  2.95e+05	50.0354 81.7205 0.0917	
33.384222 263.600129	4.16e-01  8.27e-01  3.53e+05	-14.5236 60.8054 0.9702	
33.384222 263.600129	4.53e-01  7.61e-01  3.58e+05	-10.5266 58.1439 0.9714	
33.384222 263.600129	5.65e-01  7.06e-01  3.49e+05	6.3922 65.2569 0.2160	
33.384222 263.600129	6.77e-01  7.56e-01  3.26e+05	11.7804 79.1763 0.2585	
33.384222 263.600129	6.87e-01  8.75e-01  3.09e+05	-18.5437 86.9856 0.0810	
33.384222 263.600129	5.57e-01  6.35e-01  3.62e+05	2.8375 56.0641 0.9067	
33.384222 263.600129	4.54e-01  8.16e-01  3.49e+05	-22.0662 61.5890 0.1006	
33.384222 263.600129	5.06e-01  7.10e-01  3.58e+05	24.3899 54.1391 0.8637	
33.384222 263.600129	5.99e-01  7.24e-01  3.41e+05	13.3634 69.5471 0.9898	
33.384222 263.600129	5.44e-01  7.51e-01  3.45e+05	17.0696 65.9175 0.1709	
33.384222 263.600129	6.71e-01  7.92e-01  3.22e+05	48.3619 66.6391 0.2053	
33.384222 263.600129	6.86e-01  8.05e-01  3.18e+05	-12.9795 83.3098 0.6591	
33.384222 263.600129	3.92e-01  8.22e-01  3.58e+05	10.4020 58.0607 0.4113	
33.384222 263.600129	5.79e-01  7.78e-01  3.36e+05	47.3617 56.6675 0.2358	
33.384222 263.600129	6.15e-01  6.92e-01  3.44e+05	-23.0307 65.3301 0.1571	
33.384222 263.600129	5.76e-01  7.77e-01  3.37e+05	-39.6636 61.8557 0.3696	
33.384222 263.600129	6.73e-01  7.55e-01  3.27e+05	16.1818 78.0576 0.3855	
33.384222 263.600129	6.36e-01  8.38e-01  3.20e+05	30.3498 77.3730 0.2528	
33.384222 263.600129	4.22e-01  9.81e-01  3.30e+05	-7.5783 77.3570 0.5075	
33.384222 263.600129	5.47e-01  8.35e-01  3.33e+05	6.1461 75.7812 0.0744	
33.384222 263.600129	5.05e-01  8.86e-01  3.32e+05	24.3340 72.8240 0.8252	
33.384222 263.600129	3.90e-01  6.96e-01  3.80e+05	14.9248 35.6490 0.9065	
33.384222 263.600129	4.82e-01  6.92e-01  3.65e+05	-12.2968 52.2595 0.2136	
33.384222 263.600129	3.48e-01  8.64e-01  3.59e+05	23.4429 53.8678 0.3116	
33.384222 263.600129	5.68e-01  8.48e-01  3.28e+05	2.7878 78.6998 0.7864	
33.384222 263.600129	5.74e-01  8.40e-01  3.28e+05	-18.5955 76.4202 0.0558	
33.384222 263.600129	8.10e-01  8.65e-01  2.96e+05	5.7708 95.2202 0.0594	
33.384222 263.600129	4.19e-01  8.01e-01  3.57e+05	-12.9666 58.3876 0.1099	
33.384222 263.600129	5.41e-01  7.11e-01  3.52e+05	25.0018 58.3569 0.1476	
33.384222 263.600129	5.66e-01  8.65e-01  3.26e+05	1.5724 79.9280 0.0542	
33.384222 263.600129	7.02e-01  8.50e-01  3.11e+05	54.3763 69.5735 0.2742	
33.384222 263.600129	5.63e-01  8.33e-01  3.31e+05	3.1677 77.0916 0.0287	
33.384222 263.600129	6.65e-01  7.55e-01  3.28e+05	-10.1367 78.4276 0.4969	
33.384222 263.600129	4.81e-01  8.01e-01  3.47e+05	-6.3127 66.4326 0.8938	
33.384222 263.600129	4.88e-01  8.04e-01  3.46e+05	-18.2460 65.3205 0.0482	
33.384222 263.600129	6.04e-01  7.14e-01  3.42e+05	-15.9416 68.5292 0.3555	
33.384222 263.600129	6.04e-01  7.80e-01  3.33e+05	8.2986 75.7865 0.5642	
33.384222 263.600129	6.45e-01  8.46e-01  3.18e+05	13.7689 83.1542 0.5934	
33.384222 263.600129	7.13e-01  7.92e-01  3.16e+05	-13.1327 84.2852 0.0536	
33.384222 263.600129	5.79e-01  8.94e-01  3.21e+05	-21.2235 80.2480 0.2786	
33.384222 263.600129	5.22e-01  8.87e-01  3.29e+05	10.7303 77.4302 0.6732	
33.384222 263.600129	4.19e-01  7.40e-01  3.67e+05	9.6658 50.5564 0.9015	
33.384222 263.600129	5.86e-01  7.11e-01  3.45e+05	-9.1324 67.6465 0.3335	
33.384222 263.600129	4.48e-01  9.07e-01  3.37e+05	-17.0168 71.7034 0.2886	
33.384222 263.600129	6.43e-01  9.04e-01  3.11e+05	-26.0558 84.0025 0.2129	
33.384222 263.600129	5.24e-01  8.55e-01  3.33e+05	34.9949 67.1919 0.7501	
33.384222 263.600129	6.02e-01  6.81e-01  3.47e+05	-14.7418 65.2303 0.0551	
33.384222 263.600129	3.62e-01  7.90e-01  3.68e+05	-4.1605 50.2647 0.7820	
33.384222 263.600129	4.87e-01  8.44e-01  3.40e+05	51.2637 49.9121 0.2984	
33.384222 263.600129	5.35e-01  8.48e-01  3.33e+05	-3.2570 76.0412 0.1783	
33.384222 263.600129	4.85e-01  8.98e-01  3.33e+05	-18.8190 73.7490 0.6663	
33.384222 263.600129	5.89e-01  8.98e-01  3.19e+05	-17.1192 82.3058 0.8105	
33.384222 263.600129	6.38e-01  8.92e-01  3.13e+05	-3.3860 86.8004 0.3408	
33.384222 263.600129	4.88e-01  9.16e-01  3.30e+05	-0.6236 77.8255 0.6916	
33.384222 263.600129	5.52e-01  8.69e-01  3.27e+05	31.6869 72.6073 0.4602	
33.384222 263.600129	5.06e-01  8.96e-01  3.30e+05	-15.6365 76.0933 0.4276	
33.384222 263.600129	7.84e-01  8.73e-01  2.98e+05	25.8175 90.7957 0.2355	
33.384222 263.600129	5.21e-01  8.31e-01  3.37e+05	-2.4781 73.3941 0.0864	
33.384222 263.600129	5.95e-01  7.51e-01  3.38e+05	15.9979 71.1770 0.8008	
33.384222 263.600129	6.09e-01  8.63e-01  3.21e+05	51.2854 65.2788 0.5573	
33.384222 263.600129	5.26e-01  7.73e-01  3.45e+05	10.9986 67.6504 0.8489	
33.384222 263.600129	4.25e-01  9.09e-01  3.40e+05	-31.6003 64.4895 0.1182	
33.384222 263.600129	5.78e-01  7.09e-01  3.47e+05	-23.0478 63.1711 0.1252	
33.384222 263.600129	5.95e-01  6.73e-01  3.50e+05	37.2721 53.5463 0.4531	
33.384222 263.600129	6.34e-01  7.55e-01  3.32e+05	-33.4824 68.8939 0.5729	
33.384222 263.600129	6.32e-01  7.56e-01  3.32e+05	-33.4500 68.7467 0.3074	
33.384222 263.600129	5.23e-01  8.27e-01  3.37e+05	-8.6873 72.7488 0.0422	
33.384222 263.600129	4.63e-01  8.17e-01  3.48e+05	7.7202 66.0780 0.5232	
33.384222 263.600129	5.61e-01  8.80e-01  3.25e+05	-44.3947 67.3758 0.2993	
33.384222 263.600129	7.80e-01  8.69e-01  2.99e+05	-11.7087 93.2205 0.9001	
33.384222 263.600129	6.37e-01  8.90e-01  3.14e+05	41.0690 76.3591 0.0246	
33.384222 263.600129	4.89e-01  7.50e-01  3.54e+05	-1.7565 61.9617 0.3507	
33.384222 263.600129	4.93e-01  7.07e-01  3.60e+05	-27.4798 50.2104 0.4738	
33.384222 263.600129	4.66e-01  8.42e-01  3.44e+05	-21.5188 65.9498 0.0135	
33.384222 263.600129	6.81e-01  7.64e-01  3.24e+05	20.0833 78.4517 0.3361	
33.384222 263.600129	4.08e-01  8.39e-01  3.53e+05	10.7919 62.0710 0.4521	
33.384222 263.600129	7.45e-01  8.84e-01  3.02e+05	21.1489 90.4533 0.2255	
33.384222 263.600129	5.69e-01  8.85e-01  3.23e+05	28.0719 76.7008 0.6606	
33.384222 263.600129	6.22e-01  8.59e-01  3.20e+05	11.5663 82.7272 0.8456	
33.384222 263.600129	8.18e-01  9.21e-01  2.90e+05	40.4718 89.9200 0.6886	
33.384222 263.600129	2.44e-01  8.59e-01  3.77e+05	8.1516 41.2086 0.8673	
33.384222 263.600129	6.47e-01  8.79e-01  3.14e+05	39.4093 77.1302 0.5797	
33.384222 263.600129	7.50e-01  9.34e-01  2.96e+05	10.6744 95.2034 0.7035	
33.384222 263.600129	6.38e-01  9.02e-01  3.12e+05	31.6441 81.6347 0.5933	
33.384222 263.600129	4.07e-01  8.05e-01  3.59e+05	-20.2267 55.0820 0.7791	
33.384222 263.600129	5.52e-01  8.54e-01  3.30e+05	-10.4090 77.3140 0.1172	
33.384222 263.600129	3.96e-01  7.90e-01  3.63e+05	-12.4529 53.8483 0.8476	
33.384222 263.600129	6.98e-01  7.49e-01  3.24e+05	20.7340 78.4736 0.0645	
33.384222 263.600129	6.00e-01  8.93e-01  3.18e+05	-20.3073 81.9506 0.0142	
33.384222 263.600129	4.97e-01  7.21e-01  3.57e+05	-4.4581 59.4546 0.8655	
33.384222 263.600129	4.29e-01  6.96e-01  3.73e+05	7.9117 45.3154 0.8736	
33.384222 263.600129	5.53e-01  6.60e-01  3.58e+05	14.7849 56.9871 0.7793	
33.384222 263.600129	5.31e-01  6.09e-01  3.70e+05	2.6302 48.6186 0.8375	
33.384222 263.600129	4.83e-01  7.74e-01  3.51e+05	-1.7455 64.0266 0.1030	
33.384222 263.600129	5.13e-01  8.42e-01  3.37e+05	-17.6511 71.5893 0.1050	
33.384222 263.600129	5.23e-01  8.46e-01  3.35e+05	-4.4805 74.8592 0.5373	
33.384222 263.600129	5.87e-01  7.86e-01  3.34e+05	6.9359 75.0199 0.6717	
33.384222 263.600129	3.94e-01  8.10e-01  3.60e+05	-30.7208 48.8461 0.3152	
33.384222 263.600129	6.04e-01  8.43e-01  3.24e+05	2.3930 81.1328 0.6347	
33.384222 263.600129	7.24e-01  8.52e-01  3.08e+05	-3.0376 89.7219 0.9030	
33.384222 263.600129	4.02e-01  9.56e-01  3.36e+05	17.8936 71.8341 0.0995	
33.384222 263.600129	4.80e-01  7.12e-01  3.62e+05	5.8076 55.9691 0.6207	
33.384222 263.600129	4.61e-01  8.92e-01  3.37e+05	11.9791 72.4982 0.7565	
33.384222 263.600129	3.78e-01  8.81e-01  3.51e+05	43.2816 47.4840 0.2533	
33.384222 263.600129	5.82e-01  6.37e-01  3.57e+05	-10.9314 58.7334 0.9594	
33.384222 263.600129	4.47e-01  7.67e-01  3.58e+05	-18.6912 55.8910 0.8008	
33.384222 263.600129	5.86e-01  6.87e-01  3.49e+05	-3.8158 65.7473 0.5774	
33.384222 263.600129	8.34e-01  8.76e-01  2.93e+05	42.1201 87.5579 0.5994	
33.384222 263.600129	4.18e-01  8.72e-01  3.46e+05	-22.1840 63.7802 0.5632	
33.384222 263.600129	6.14e-01  9.68e-01  3.07e+05	38.9781 81.2571 0.3358	
33.384222 263.600129	5.79e-01  8.54e-01  3.26e+05	-53.2922 59.7813 0.3171	
33.384222 263.600129	6.81e-01  9.20e-01  3.05e+05	30.7626 85.9115 0.7327	
33.384222 263.600129	5.19e-01  8.48e-01  3.35e+05	-33.2884 66.9284 0.7321	
33.384222 263.600129	4.18e-01  8.30e-01  3.53e+05	0.5053 63.0186 0.9219	
33.384222 263.600129	5.22e-01  9.28e-01  3.24e+05	-5.1844 81.2060 0.6795	
33.384222 263.600129	6.82e-01  7.86e-01  3.21e+05	-9.1788 82.1954 0.6397	
33.384222 263.600129	4.76e-01  7.20e-01  3.61e+05	13.5896 55.1234 0.5734	
33.384222 263.600129	7.91e-01  8.78e-01  2.97e+05	-17.2682 93.4745 0.2154	
33.384222 263.600129	5.56e-01  7.12e-01  3.50e+05	17.2853 62.9276 0.3218	
33.384222 263.600129	4.93e-01  7.62e-01  3.52e+05	-21.5919 60.0846 0.5851	
33.384222 263.600129	5.47e-01  6.04e-01  3.69e+05	5.4160 50.0356 0.3634	
33.384222 263.600129	5.96e-01  9.16e-01  3.16e+05	-4.3719 85.6243 0.8170	
33.384222 263.600129	6.04e-01  9.50e-01  3.10e+05	-16.9517 86.7737 0.7857	
33.384222 263.600129	5.57e-01  7.69e-01  3.41e+05	4.7102 70.9638 0.7018	
33.384222 263.600129	6.43e-01  9.42e-01  3.07e+05	46.5875 77.3462 0.9368	
33.384222 263.600129	6.21e-01  9.05e-01  3.14e+05	-44.1584 74.5294 0.4482	
33.384222 263.600129	5.01e-01  7.11e-01  3.59e+05	9.3355 57.9141 0.5637	
33.384222 263.600129	3.95e-01  7.72e-01  3.66e+05	-11.0284 51.5296 0.5406	
33.384222 263.600129	5.66e-01  8.72e-01  3.25e+05	-18.9496 78.1820 0.5160	
33.384222 263.600129	5.89e-01  7.90e-01  3.33e+05	9.0052 75.2998 0.3012	
33.384222 263.600129	6.01e-01  7.67e-01  3.35e+05	15.7673 73.1371 0.6827	
33.384222 263.600129	5.22e-01  8.17e-01  3.39e+05	34.9396 63.2362 0.8295	
33.384222 263.600129	3.02e-01  9.42e-01  3.53e+05	35.5650 51.4959 0.3344	
33.384222 263.600129	5.93e-01  6.78e-01  3.49e+05	16.4204 63.4943 0.1294	
33.384222 263.600129	6.22e-01  7.55e-01  3.34e+05	-6.7864 75.3131 0.8623	
33.384222 263.600129	6.86e-01  8.75e-01  3.10e+05	-51.0371 72.7813 0.0284	
33.384222 263.600129	6.21e-01  7.77e-01  3.31e+05	-16.8886 75.4848 0.5240	
33.384222 263.600129	6.01e-01  7.96e-01  3.31e+05	16.8057 75.3848 0.0080	
33.384222 263.600129	6.21e-01  7.27e-01  3.38e+05	-17.6864 70.9483 0.7240	
33.384222 263.600129	7.58e-01  8.05e-01  3.09e+05	51.8038 72.3197 0.9416	
33.384222 263.600129	4.51e-01  7.01e-01  3.68e+05	-27.8506 42.0874 0.8430	
33.384222 263.600129	5.85e-01  6.50e-01  3.55e+05	8.7157 60.9344 0.0427	
33.384222 263.600129	6.53e-01  8.92e-01  3.12e+05	5.7865 87.6530 0.5668	
33.384222 263.600129	5.45e-01  8.56e-01  3.30e+05	17.0067 75.6964 0.3884	
33.384222 263.600129	5.32e-01  7.93e-01  3.41e+05	10.3902 70.1638 0.1802	
33.384222 263.600129	6.74e-01  8.20e-01  3.18e+05	-60.0019 59.5339 0.9970	
33.384222 263.600129	5.98e-01  8.91e-01  3.19e+05	27.8204 79.4434 0.3251	
33.384222 263.600129	5.57e-01  7.14e-01  3.49e+05	-45.0149 47.7884 0.6610	
33.384222 263.600129	5.96e-01  6.78e-01  3.49e+05	13.7640 64.3988 0.4665	
33.384222 263.600129	7.55e-01  8.66e-01  3.03e+05	7.7837 92.0916 0.1473	
33.384222 263.600129	7.31e-01  7.89e-01  3.15e+05	28.5739 81.3929 0.0838	
33.384222 263.600129	5.94e-01  7.37e-01  3.40e+05	-22.8354 67.8555 0.8665	
33.384222 263.600129	6.24e-01  8.08e-01  3.26e+05	-15.9289 78.3971 0.2607	
33.384222 263.600129	3.25e-01  8.11e-01  3.71e+05	11.5868 46.4381 0.8744	
33.384222 263.600129	5.31e-01  7.87e-01  3.42e+05	24.9437 65.6936 0.5804	
33.384222 263.600129	6.56e-01  8.50e-01  3.16e+05	63.1987 57.3355 0.6298	
33.384222 263.600129	5.66e-01  7.72e-01  3.39e+05	-7.5013 71.8207 0.0471	
33.384222 263.600129	4.87e-01  7.06e-01  3.62e+05	-44.0756 35.1649 0.9816	
33.384222 263.600129	4.74e-01  8.13e-01  3.47e+05	1.2002 67.2716 0.4926	
33.384222 263.600129	5.63e-01  8.32e-01  3.31e+05	-8.1547 76.7255 0.7412	
33.384222 263.600129	8.67e-01  9.32e-01  2.83e+05	-27.0911 97.7420 0.6442	
33.384222 263.600129	4.81e-01  8.61e-01  3.39e+05	-8.2457 72.0727 0.6294	
33.384222 263.600129	6.15e-01  7.56e-01  3.35e+05	-32.3674 67.6927 0.4760	
33.384222 263.600129	6.42e-01  7.59e-01  3.30e+05	-22.0036 74.4053 0.0505	
33.384222 263.600129	5.34e-01  7.58e-01  3.46e+05	-14.6663 66.1614 0.6212	
33.384222 263.600129	5.77e-01  8.06e-01  3.33e+05	-35.9123 67.0538 0.6493	
33.384222 263.600129	7.41e-01  8.50e-01  3.06e+05	-19.3909 88.5603 0.1668	
33.384222 263.600129	4.85e-01  6.71e-01  3.68e+05	12.7379 49.3949 0.2051	
33.384222 263.600129	4.93e-01  9.11e-01  3.30e+05	24.0737 74.0561 0.0513	
33.384222 263.600129	5.02e-01  8.53e-01  3.37e+05	20.5414 70.7998 0.2031	
33.384222 263.600129	6.03e-01  7.74e-01  3.34e+05	11.7126 74.7464 0.2460	
33.384222 263.600129	6.15e-01  8.51e-01  3.22e+05	-29.4435 77.0984 0.5884	
33.384222 263.600129	4.49e-01  7.86e-01  3.55e+05	26.3073 55.6406 0.4119	
33.384222 263.600129	3.98e-01  8.57e-01  3.52e+05	7.3648 63.3410 0.5301	
33.384222 263.600129	6.19e-01  7.90e-01  3.29e+05	20.5196 75.4453 0.0219	
33.384222 263.600129	6.56e-01  6.70e-01  3.41e+05	-22.7324 67.3628 0.6420	
33.384222 263.600129	4.26e-01  8.07e-01  3.55e+05	-20.3246 57.8404 0.9418	
33.384222 263.600129	3.61e-01  8.13e-01  3.65e+05	-12.6967 52.2078 0.1205	
33.384222 263.600129	7.54e-01  9.71e-01  2.91e+05	13.6523 96.9220 0.8596	
33.384222 263.600129	6.10e-01  7.01e-01  3.43e+05	-21.0874 66.3478 0.5433	
33.384222 263.600129	6.19e-01  6.59e-01  3.48e+05	26.2753 60.9301 0.6271	
33.384222 263.600129	4.90e-01  8.38e-01  3.41e+05	14.1297 69.8305 0.1276	
33.384222 263.600129	4.69e-01  9.46e-01  3.28e+05	20.4680 76.0252 0.9159	
33.384222 263.600129	6.08e-01  9.66e-01  3.08e+05	-10.5881 89.0654 0.2217	
33.384222 263.600129	5.42e-01  8.49e-01  3.32e+05	-16.4228 75.0075 0.4329	
33.384222 263.600129	7.56e-01  9.87e-01  2.89e+05	5.9439 98.6258 0.8771	
33.384222 263.600129	4.73e-01  8.18e-01  3.46e+05	30.6123 60.3835 0.0098	
33.384222 263.600129	5.08e-01  7.55e-01  3.50e+05	17.8348 62.2673 0.4729	
33.384222 263.600129	5.49e-01  8.19e-01  3.35e+05	9.1089 74.2805 0.5000	
33.384222 263.600129	4.69e-01  7.94e-01  3.50e+05	-5.3623 64.5208 0.0034	
33.384222 263.600129	6.65e-01  9.36e-01  3.05e+05	-0.5110 91.2703 0.4305	
33.384222 263.600129	5.49e-01  7.13e-01  3.50e+05	26.7097 58.8882 0.0390	
33.384222 263.600129	4.15e-01  9.03e-01  3.42e+05	36.3957 60.1816 0.7916	
33.384222 263.600129	3.71e-01  8.54e-01  3.56e+05	11.2945 59.3312 0.5622	
33.384222 263.600129	7.87e-01  9.00e-01  2.95e+05	18.3249 94.2204 0.0758	
33.384222 263.600129	5.09e-01  6.86e-01  3.61e+05	-18.2738 53.6560 0.5344	
33.384222 263.600129	5.46e-01  9.26e-01  3.21e+05	-15.8507 81.4029 0.0564	
33.384222 263.600129	6.20e-01  8.62e-01  3.19e+05	-14.7320 82.4071 0.5403	
33.384222 263.600129	6.63e-01  8.70e-01  3.13e+05	-66.5125 56.3016 0.2883	
33.384222 263.600129	3.63e-01  9.13e-01  3.48e+05	-13.6845 64.6331 0.8831	
33.384222 263.600129	3.44e-01  7.59e-01  3.77e+05	-0.5800 41.9276 0.0816	
33.384222 263.600129	5.83e-01  7.21e-01  3.44e+05	7.4805 68.4817 0.3426	
33.384222 263.600129	5.27e-01  9.11e-01  3.25e+05	-34.6732 72.6273 0.4555	
33.384222 263.600129	5.18e-01  8.83e-01  3.30e+05	-21.4737 74.5727 0.0297	
33.384222 263.600129	6.55e-01  7.99e-01  3.23e+05	-13.8768 80.4766 0.6762	
33.384222 263.600129	3.99e-01  9.14e-01  3.43e+05	-20.2617 66.7774 0.2038	
33.384222 263.600129	4.56e-01  7.49e-01  3.60e+05	-4.3564 57.6790 0.0625	
33.384222 263.600129	6.04e-01  7.68e-01  3.34e+05	14.3958 73.7503 0.5451	
33.384222 263.600129	3.59e-01  8.96e-01  3.52e+05	13.9263 62.3197 0.2952	
33.384222 263.600129	5.68e-01  7.96e-01  3.35e+05	-27.4181 69.3114 0.2064	
33.384222 263.600129	4.79e-01  9.17e-01  3.31e+05	32.2241 70.1212 0.1365	
33.384222 263.600129	7.06e-01  8.46e-01  3.11e+05	-22.5575 85.3467 0.9580	
33.384222 263.600129	5.29e-01  9.14e-01  3.25e+05	-1.7186 80.8546 0.0381	
33.384222 263.600129	5.55e-01  7.77e-01  3.40e+05	2.3070 71.6131 0.4382	
33.384222 263.600129	3.43e-01  8.83e-01  3.56e+05	-3.0110 60.3927 0.7093	
33.384222 263.600129	6.20e-01  7.26e-01  3.38e+05	16.9714 70.9541 0.7010	
33.384222 263.600129	5.85e-01  9.45e-01  3.13e+05	18.3908 84.8887 0.6759	
33.384222 263.600129	6.70e-01  8.45e-01  3.15e+05	3.7602 85.8450 0.1178	
33.384222 263.600129	6.41e-01  8.30e-01  3.21e+05	18.1122 80.8612 0.5840	
33.384222 263.600129	5.90e-01  7.04e-01  3.46e+05	22.4908 64.1537 0.5436	
33.384222 263.600129	5.47e-01  9.16e-01  3.22e+05	43.2573 70.0759 0.3001	
33.384222 263.600129	4.63e-01  8.99e-01  3.36e+05	24.2435 70.2080 0.6810	
33.384222 263.600129	6.97e-01  8.69e-01  3.09e+05	-44.1991 77.3900 0.7119	
33.384222 263.600129	4.48e-01  8.63e-01  3.43e+05	-37.1092 58.9506 0.2065	
33.384222 263.600129	5.17e-01  9.54e-01  3.21e+05	-37.2089 74.0774 0.9014	
33.384222 263.600129	4.84e-01  7.70e-01  3.52e+05	-29.3243 56.5665 0.9987	
33.384222 263.600129	5.04e-01  7.57e-01  3.51e+05	29.0850 57.5517 0.6116	
33.384222 263.600129	4.66e-01  9.28e-01  3.31e+05	18.1660 74.8317 0.1706	
33.384222 263.600129	5.58e-01  7.54e-01  3.43e+05	-3.9706 69.6086 0.6332	
33.384222 263.600129	4.22e-01  9.61e-01  3.33e+05	9.4561 75.4897 0.4342	
33.384222 263.600129	4.53e-01  8.29e-01  3.48e+05	-8.6774 66.1494 0.3221	
33.384222 263.600129	7.69e-01  8.46e-01  3.03e+05	18.1982 90.2637 0.6881	
33.384222 263.600129	6.01e-01  7.00e-01  3.45e+05	19.4390 65.7722 0.5189	
33.384222 263.600129	6.23e-01  7.20e-01  3.38e+05	-7.4028 72.2826 0.9081	
33.384222 263.600129	5.60e-01  8.40e-01  3.30e+05	-10.7524 76.7830 0.6565	
33.384222 263.600129	6.37e-01  7.98e-01  3.26e+05	0.2854 80.1791 0.0498	
33.384222 263.600129	3.73e-01  8.12e-01  3.63e+05	-4.5070 54.9859 0.1657	
33.384222 263.600129	5.42e-01  7.88e-01  3.40e+05	-7.7841 71.0501 0.5612	
33.384222 263.600129	6.26e-01  8.03e-01  3.26e+05	-29.8881 74.0133 0.5062	
33.384222 263.600129	6.92e-01  9.27e-01  3.03e+05	-15.5088 90.9345 0.9916	
33.384222 263.600129	3.02e-01  9.39e-01  3.54e+05	-11.1607 61.2427 0.3698	
33.384222 263.600129	4.03e-01  7.26e-01  3.72e+05	-6.0733 46.4914 0.3357	
33.384222 263.600129	5.95e-01  8.19e-01  3.28e+05	-33.6898 71.0877 0.4271	
33.384222 263.600129	6.72e-01  8.40e-01  3.16e+05	-14.0611 84.6044 0.4948	
33.384222 263.600129	6.56e-01  7.49e-01  3.30e+05	-23.2772 74.3313 0.9020	
33.384222 263.600129	6.31e-01  9.13e-01  3.12e+05	38.8588 78.7294 0.1899	
33.384222 263.600129	6.31e-01  7.59e-01  3.32e+05	28.5266 71.1862 0.5467	
33.384222 263.600129	4.52e-01  6.83e-01  3.71e+05	0.4078 47.7167 0.0072	
33.384222 263.600129	5.11e-01  7.47e-01  3.51e+05	-35.9766 53.1844 0.1517	
33.384222 263.600129	5.33e-01  7.97e-01  3.40e+05	-12.7385 70.2950 0.2611	
33.384222 263.600129	5.09e-01  9.65e-01  3.21e+05	21.3742 80.2561 0.8577	
33.384222 263.600129	5.00e-01  6.90e-01  3.62e+05	-6.5932 55.4837 0.2466	
33.384222 263.600129	4.89e-01  7.99e-01  3.47e+05	-8.4414 66.8326 0.3345	
33.384222 263.600129	6.98e-01  9.13e-01  3.04e+05	9.9789 91.3083 0.3106	
33.384222 263.600129	6.72e-01  8.64e-01  3.13e+05	47.8752 73.0269 0.3864	
33.384222 263.600129	5.46e-01  8.53e-01  3.31e+05	-18.9480 75.0663 0.2245	
33.384222 263.600129	7.03e-01  8.83e-01  3.07e+05	-24.0552 87.1235 0.7944	
33.384222 263.600129	3.91e-01  7.79e-01  3.65e+05	4.6876 52.8695 0.2201	
33.384222 263.600129	6.39e-01  7.60e-01  3.31e+05	-14.1964 76.1098 0.3994	
33.384222 263.600129	6.83e-01  8.28e-01  3.16e+05	6.8273 85.3840 0.6838	
33.384222 263.600129	4.65e-01  8.57e-01  3.42e+05	2.7582 70.6414 0.4401	
33.384222 263.600129	4.84e-01  9.04e-01  3.32e+05	-5.2051 76.3614 0.0796	
33.384222 263.600129	5.13e-01  8.67e-01  3.33e+05	11.9074 74.9282 0.8262	
33.384222 263.600129	4.77e-01  7.02e-01  3.64e+05	13.0267 52.8634 0.3486	
33.384222 263.600129	6.94e-01  9.62e-01  2.98e+05	-28.8808 89.8506 0.1138	
33.384222 263.600129	5.40e-01  8.84e-01  3.27e+05	17.8723 77.3928 0.0601	
33.384222 263.600129	5.45e-01  6.39e-01  3.63e+05	-16.5816 52.4820 0.8386	
33.384222 263.600129	5.31e-01  8.19e-01  3.38e+05	24.5627 68.9571 0.1600	
33.384222 263.600129	4.80e-01  8.30e-01  3.43e+05	0.1268 69.5679 0.2194	
33.384222 263.600129	6.12e-01  6.96e-01  3.43e+05	0.6946 69.3969 0.1716	
33.384222 263.600129	5.89e-01  9.66e-01  3.10e+05	7.8834 88.0893 0.7925	
33.384222 263.600129	4.21e-01  7.84e-01  3.60e+05	14.0604 56.1510 0.0338	
33.384222 263.600129	5.61e-01  8.68e-01  3.26e+05	19.0011 77.4944 0.9268	
33.384222 263.600129	6.69e-01  7.78e-01  3.24e+05	-25.4036 77.0209 0.4870	
33.384222 263.600129	4.71e-01  8.16e-01  3.47e+05	0.9180 67.2819 0.3702	
33.384222 263.600129	5.68e-01  8.44e-01  3.29e+05	-2.2833 78.4365 0.2040	
33.384222 263.600129	5.20e-01  7.75e-01  3.46e+05	3.0406 67.9955 0.8971	
33.384222 263.600129	7.75e-01  9.44e-01  2.92e+05	21.0548 95.3479 0.3504	
33.384222 263.600129	5.22e-01  8.12e-01  3.40e+05	6.2087 71.5417 0.2834	
33.384222 263.600129	4.55e-01  7.60e-01  3.58e+05	-15.6397 57.0265 0.1821	
33.384222 263.600129	4.93e-01  9.21e-01  3.29e+05	39.4891 67.9404 0.7600	
33.384222 263.600129	4.75e-01  7.19e-01  3.61e+05	-18.9205 53.1692 0.4600	
33.384222 263.600129	5.79e-01  9.14e-01  3.18e+05	62.5923 56.6311 0.4809	
33.384222 263.600129	5.94e-01  8.80e-01  3.20e+05	21.3019 80.3367 0.3586	
33.384222 263.600129	4.51e-01  8.26e-01  3.48e+05	-11.7248 65.1948 0.3579	
33.384222 263.600129	4.89e-01  7.81e-01  3.49e+05	-10.6118 64.6786 0.6236	
33.384222 263.600129	4.50e-01  7.52e-01  3.60e+05	-5.7568 57.2425 0.9709	
33.384222 263.600129	3.61e-01  7.68e-01  3.73e+05	-37.9171 27.2401 0.2067	
33.384222 263.600129	4.85e-01  6.38e-01  3.74e+05	2.3800 45.6354 0.3311	
33.384222 263.600129	5.81e-01  7.92e-01  3.34e+05	-2.0696 75.2828 0.2195	
33.384222 263.600129	5.68e-01  8.06e-01  3.34e+05	15.4059 73.7466 0.3977	
33.384222 263.600129	3.40e-01  8.53e-01  3.62e+05	-4.7751 56.0744 0.5456	
33.384222 263.600129	5.94e-01  7.90e-01  3.33e+05	-20.8410 73.3533 0.5746	
33.384222 263.600129	6.28e-01  8.30e-01  3.23e+05	22.2942 78.8835 0.5338	
33.384222 263.600129	3.42e-01  8.55e-01  3.61e+05	23.5929 51.6179 0.5801	
33.384222 263.600129	5.42e-01  9.40e-01  3.20e+05	38.6760 74.1211 0.8076	
33.384222 263.600129	4.74e-01  9.00e-01  3.34e+05	21.9345 72.0887 0.7525	
33.384222 263.600129	4.67e-01  7.38e-01  3.60e+05	34.3712 46.5506 0.5076	
33.384222 263.600129	6.29e-01  7.89e-01  3.28e+05	-28.0494 73.7776 0.1959	
33.384222 263.600129	5.43e-01  6.56e-01  3.61e+05	44.0906 36.3951 0.5234	
33.384222 263.600129	5.75e-01  8.62e-01  3.25e+05	16.1353 78.8040 0.0922	
33.384222 263.600129	3.66e-01  8.83e-01  3.53e+05	-17.9449 60.5395 0.5067	
33.384222 263.600129	6.03e-01  9.39e-01  3.12e+05	43.0982 76.3447 0.3532	
33.384222 263.600129	6.94e-01  7.30e-01  3.27e+05	-17.9712 77.3574 0.8979	
33.384222 263.600129	4.14e-01  8.43e-01  3.51e+05	36.5203 52.6076 0.4610	
33.384222 263.600129	5.70e-01  7.40e-01  3.43e+05	41.9274 55.3968 0.6823	
33.384222 263.600129	4.90e-01  8.37e-01  3.41e+05	-21.3603 67.8940 0.2216	
33.384222 263.600129	4.62e-01  7.36e-01  3.61e+05	-16.1668 54.5772 0.5299	
33.384222 263.600129	6.53e-01  8.99e-01  3.11e+05	38.2953 79.6058 0.7232	
33.384222 263.600129	4.42e-01  7.85e-01  3.56e+05	-22.3889 56.4011 0.6121	
33.384222 263.600129	5.75e-01  9.07e-01  3.20e+05	22.4808 80.5485 0.7249	
33.384222 263.600129	7.09e-01  9.33e-01  3.00e+05	-42.0468 83.5711 0.4774	
33.384222 263.600129	6.13e-01  8.54e-01  3.21e+05	-24.6868 78.8655 0.3946	
33.384222 263.600129	5.44e-01  9.35e-01  3.20e+05	-29.4530 78.0669 0.8575	
33.384222 263.600129	4.06e-01  8.67e-01  3.49e+05	25.4087 60.6967 0.9251	
33.384222 263.600129	4.46e-01  7.97e-01  3.54e+05	-0.5404 62.4923 0.5638	
33.384222 263.600129	4.52e-01  7.95e-01  3.53e+05	-41.0232 47.7470 0.0934	
33.384222 263.600129	6.06e-01  7.15e-01  3.42e+05	-3.7019 70.5619 0.8463	
33.384222 263.600129	4.69e-01  7.54e-01  3.57e+05	15.0446 58.1886 0.5342	
33.384222 263.600129	4.62e-01  9.00e-01  3.36e+05	26.4908 69.5182 0.6998	
33.384222 263.600129	5.39e-01  7.37e-01  3.48e+05	-9.9774 65.3661 0.0723	
33.384222 263.600129	5.56e-01  8.97e-01  3.23e+05	20.6025 78.8959 0.3051	
33.384222 263.600129	5.78e-01  8.75e-01  3.23e+05	4.0066 81.4712 0.5053	
33.384222 263.600129	3.40e-01  8.85e-01  3.56e+05	-37.8380 47.1530 0.0583	
33.384222 263.600129	6.52e-01  7.17e-01  3.35e+05	-9.3070 74.3344 0.2417	
33.384222 263.600129	6.37e-01  8.81e-01  3.15e+05	-4.0614 86.0451 0.8458	
33.384222 263.600129	4.64e-01  7.80e-01  3.53e+05	3.9833 62.4500 0.8635	
33.384222 263.600129	5.24e-01  8.24e-01  3.38e+05	-8.3491 72.5918 0.4610	
33.384222 263.600129	5.65e-01  8.95e-01  3.22e+05	-21.9770 79.0919 0.1187	
33.384222 263.600129	6.67e-01  8.99e-01  3.09e+05	-7.2090 88.8691 0.6997	
33.384222 263.600129	6.94e-01  8.96e-01  3.06e+05	-7.6597 90.2830 0.9909	
33.384222 263.600129	5.76e-01  6.90e-01  3.50e+05	-11.6183 64.0375 0.3574	
33.384222 263.600129	3.03e-01  8.73e-01  3.64e+05	5.6910 53.6790 0.2799	
33.384222 263.600129	6.82e-01  9.55e-01  3.01e+05	7.2833 93.0344 0.1088	
33.384222 263.600129	4.64e-01  9.93e-01  3.23e+05	-6.6999 81.5794 0.6278	
33.384222 263.600129	6.82e-01  9.01e-01  3.07e+05	-29.4118 85.2288 0.8502	
33.384222 263.600129	4.50e-01  8.52e-01  3.45e+05	22.9394 64.7397 0.5722	
33.384222 263.600129	6.36e-01  9.18e-01  3.10e+05	47.6822 74.4722 0.9786	
33.384222 263.600129	6.21e-01  8.20e-01  3.25e+05	-3.0686 80.6868 0.7596	
33.384222 263.600129	4.95e-01  7.57e-01  3.52e+05	8.2335 62.9699 0.0541	
33.384222 263.600129	5.70e-01  6.79e-01  3.53e+05	-37.7047 50.6973 0.2329	
33.384222 263.600129	6.14e-01  8.69e-01  3.19e+05	-11.5581 82.9282 0.5963	
33.384222 263.600129	8.39e-01  9.23e-01  2.87e+05	55.9274 82.5492 0.6302	
33.384222 263.600129	4.90e-01  8.08e-01  3.45e+05	3.7871 68.3552 0.5422	
33.384222 263.600129	5.57e-01  7.12e-01  3.49e+05	4.2921 65.2513 0.0860	
33.384222 263.600129	7.40e-01  8.32e-01  3.08e+05	13.6499 88.4596 0.3330	
33.384222 263.600129	5.98e-01  6.05e-01  3.60e+05	-16.7837 55.1675 0.9056	
33.384222 263.600129	3.37e-01  9.24e-01  3.51e+05	17.5357 62.0771 0.3632	
33.384222 263.600129	4.48e-01  8.64e-01  3.43e+05	21.7614 66.1861 0.0327	
33.384222 263.600129	4.62e-01  7.59e-01  3.57e+05	25.6772 54.1047 0.5457	
33.384222 263.600129	5.42e-01  8.13e-01  3.37e+05	10.0036 73.0286 0.5097	
33.384222 263.600129	4.28e-01  9.06e-01  3.40e+05	39.3820 60.0130 0.6301	
33.384222 263.600129	6.77e-01  7.39e-01  3.28e+05	-30.2751 72.7368 0.5729	
33.384222 263.600129	6.11e-01  7.06e-01  3.42e+05	-35.0341 60.8211 0.8178	
33.384222 263.600129	4.85e-01  8.90e-01  3.34e+05	13.1364 74.3388 0.2129	
33.384222 263.600129	6.58e-01  8.68e-01  3.14e+05	49.9074 70.7915 0.2133	
33.384222 263.600129	5.26e-01  7.79e-01  3.44e+05	28.0764 63.1066 0.6301	
33.384222 263.600129	5.33e-01  8.08e-01  3.39e+05	4.1308 72.4193 0.6689	
33.384222 263.600129	4.42e-01  8.67e-01  3.43e+05	24.4146 65.0363 0.7120	
33.384222 263.600129	7.74e-01  8.58e-01  3.01e+05	-40.0163 83.9694 0.1849	
33.384222 263.600129	5.40e-01  8.46e-01  3.32e+05	-3.4950 76.3178 0.3132	
33.384222 263.600129	5.57e-01  6.93e-01  3.52e+05	-24.1271 58.4796 0.6081	
33.384222 263.600129	5.56e-01  9.08e-01  3.22e+05	27.5317 77.6892 0.5232	
33.384222 263.600129	3.11e-01  9.60e-01  3.49e+05	-6.0254 65.3564 0.2100	
33.384222 263.600129	6.55e-01  9.00e-01  3.10e+05	53.8839 70.1586 0.1215	
33.384222 263.600129	6.39e-01  8.10e-01  3.24e+05	12.0708 80.4432 0.0731	
33.384222 263.600129	5.52e-01  8.21e-01  3.34e+05	-1.2425 75.2580 0.0757	
33.384222 263.600129	6.25e-01  6.98e-01  3.41e+05	-31.8769 63.2050 0.6425	
33.384222 263.600129	5.11e-01  7.46e-01  3.51e+05	41.5663 48.7399 0.0584	
33.384222 263.600129	7.55e-01  8.54e-01  3.04e+05	50.7893 76.3590 0.5856	
33.384222 263.600129	4.48e-01  9.01e-01  3.38e+05	-25.0014 68.7906 0.3697	
33.384222 263.600129	6.85e-01  8.14e-01  3.17e+05	37.0922 76.2633 0.3978	
33.384222 263.600129	3.92e-01  9.54e-01  3.38e+05	-8.5978 72.3695 0.7661	
33.384222 263.600129	5.93e-01  9.00e-01  3.18e+05	2.6109 84.3903 0.5775	
33.384222 263.600129	3.04e-01  8.62e-01  3.66e+05	-14.2164 50.5199 0.7706	
33.384222 263.600129	6.62e-01  8.59e-01  3.15e+05	-8.7225 85.8014 0.8346	
33.384222 263.600129	6.97e-01  8.65e-01  3.09e+05	-22.0321 86.1593 0.8406	
33.384222 263.600129	7.71e-01  8.30e-01  3.05e+05	-56.6262 71.5796 0.1039	
33.384222 263.600129	6.81e-01  6.95e-01  3.34e+05	-62.6372 42.0935 0.7521	
33.384222 263.600129	5.65e-01  7.31e-01  3.45e+05	-4.4053 67.9464 0.7741	
33.384222 263.600129	4.91e-01  7.30e-01  3.57e+05	-17.9300 57.2366 0.4926	
33.384222 263.600129	6.94e-01  7.87e-01  3.20e+05	-0.0848 83.6452 0.8325	
33.384222 263.600129	4.91e-01  6.81e-01  3.65e+05	2.4249 53.3196 0.7827	
33.384222 263.600129	5.08e-01  6.83e-01  3.62e+05	4.5596 55.8438 0.6878	
33.384222 263.600129	4.09e-01  9.08e-01  3.42e+05	-40.6721 57.2882 0.5676	
33.384222 263.600129	4.71e-01  7.17e-01  3.62e+05	22.5959 50.8266 0.6269	
33.384222 263.600129	4.34e-01  8.89e-01  3.41e+05	16.6577 68.7116 0.7543	
33.384222 263.600129	4.84e-01  7.13e-01  3.61e+05	0.3695 56.9365 0.7853	
33.384222 263.600129	7.21e-01  8.45e-01  3.09e+05	-7.1586 88.8836 0.5470	
33.384222 263.600129	6.62e-01  9.08e-01  3.09e+05	20.5744 86.9699 0.7605	
33.384222 263.600129	5.95e-01  8.54e-01  3.24e+05	56.3476 58.6427 0.6575	
33.384222 263.600129	4.16e-01  8.75e-01  3.46e+05	40.4359 54.2591 0.9297	
33.384222 263.600129	5.95e-01  7.21e-01  3.42e+05	-10.0386 69.4096 0.9776	
33.384222 263.600129	4.71e-01  6.89e-01  3.67e+05	13.9098 49.7996 0.8091	
33.384222 263.600129	4.55e-01  8.13e-01  3.50e+05	-8.2510 64.7364 0.1340	
33.384222 263.600129	6.99e-01  8.96e-01  3.06e+05	-6.4859 90.6508 0.9893	
33.384222 263.600129	3.70e-01  9.10e-01  3.48e+05	20.6033 63.2609 0.5440	
33.384222 263.600129	8.11e-01  8.88e-01  2.94e+05	-7.8423 96.2631 0.8717	
33.384222 263.600129	5.81e-01  8.87e-01  3.21e+05	-39.7647 72.4875 0.3265	
33.384222 263.600129	5.74e-01  7.29e-01  3.44e+05	19.6038 66.0263 0.2468	
33.384222 263.600129	6.94e-01  9.23e-01  3.03e+05	-8.6892 91.7938 0.0298	
33.384222 263.600129	3.73e-01  7.58e-01  3.72e+05	-5.9008 46.8287 0.8991	
33.384222 263.600129	4.57e-01  8.88e-01  3.38e+05	13.3929 71.5163 0.6976	
33.384222 263.600129	4.17e-01  7.05e-01  3.74e+05	4.4968 45.3166 0.1539	
33.384222 263.600129	4.42e-01  8.01e-01  3.54e+05	1.1140 62.4293 0.2705	
33.384222 263.600129	5.17e-01  7.91e-01  3.44e+05	-1.6936 69.3659 0.7404	
33.384222 263.600129	4.83e-01  7.01e-01  3.63e+05	17.8745 52.0080 0.1625	
33.384222 263.600129	6.96e-01  8.10e-01  3.16e+05	-26.4356 81.1494 0.5299	
33.384222 263.600129	7.07e-01  7.39e-01  3.24e+05	50.3076 63.5700 0.5283	
33.384222 263.600129	3.46e-01  8.58e-01  3.60e+05	2.6153 57.7925 0.4998	
33.384222 263.600129	4.61e-01  7.36e-01  3.61e+05	7.8064 56.3490 0.7723	
33.384222 263.600129	6.30e-01  9.38e-01  3.09e+05	-10.7374 88.6448 0.9583	
33.384222 263.600129	4.20e-01  8.38e-01  3.51e+05	14.9602 62.4096 0.3402	
33.384222 263.600129	3.71e-01  8.68e-01  3.54e+05	21.0663 58.2942 0.4961	
33.384222 263.600129	4.71e-01  8.97e-01  3.35e+05	-32.5982 67.2918 0.4710	
33.384222 263.600129	6.74e-01  8.55e-01  3.14e+05	27.1132 82.4848 0.2812	
33.384222 263.600129	6.29e-01  6.97e-01  3.41e+05	-22.5031 67.3549 0.6192	
33.384222 263.600129	7.93e-01  8.11e-01  3.05e+05	13.3103 90.4684 0.2670	
33.384222 263.600129	6.60e-01  9.52e-01  3.04e+05	7.3193 91.5833 0.4486	
33.384222 263.600129	7.11e-01  7.65e-01  3.20e+05	-39.5988 73.1901 0.9870	
33.384222 263.600129	4.93e-01  8.08e-01  3.45e+05	10.1541 67.9295 0.8393	
33.384222 263.600129	5.93e-01  8.95e-01  3.19e+05	-2.7855 83.9889 0.0280	
33.384222 263.600129	4.00e-01  8.81e-01  3.48e+05	-27.3370 60.7741 0.4951	
33.384222 263.600129	6.94e-01  7.88e-01  3.19e+05	-19.0640 81.4546 0.0125	
33.384222 263.600129	6.66e-01  9.52e-01  3.03e+05	5.3267 92.1138 0.2309	
33.384222 263.600129	8.26e-01  8.70e-01  2.94e+05	39.3549 88.0743 0.3851	
33.384222 263.600129	5.08e-01  6.02e-01  3.76e+05	-3.4192 43.1627 0.8063	
33.384222 263.600129	4.80e-01  6.98e-01  3.64e+05	-14.5848 52.2792 0.2020	
33.384222 263.600129	5.06e-01  7.45e-01  3.52e+05	-2.6946 63.3107 0.8170	
33.384222 263.600129	4.00e-01  7.63e-01  3.67e+05	-6.1285 51.6302 0.7334	
33.384222 263.600129	5.32e-01  7.27e-01  3.51e+05	8.6532 63.7266 0.9067	
33.384222 263.600129	4.92e-01  8.72e-01  3.35e+05	26.2867 69.7250 0.3657	
33.384222 263.600129	5.14e-01  8.04e-01  3.42e+05	15.7307 68.5913 0.0774	
33.384222 263.600129	6.43e-01  7.25e-01  3.35e+05	-27.6453 69.5848 0.8693	
33.384222 263.600129	4.34e-01  8.45e-01  3.48e+05	-23.5327 62.2187 0.0258	
33.384222 263.600129	4.74e-01  7.88e-01  3.50e+05	-6.5128 64.3541 0.1367	
33.384222 263.600129	7.62e-01  8.73e-01  3.01e+05	30.4604 88.0457 0.6197	
33.384222 263.600129	5.57e-01  9.50e-01  3.16e+05	5.6646 85.2122 0.4819	
33.384222 263.600129	5.14e-01  7.38e-01  3.52e+05	15.5857 61.5721 0.2422	
33.384222 263.600129	5.71e-01  7.25e-01  3.45e+05	-0.2626 68.1669 0.9246	
33.384222 263.600129	4.36e-01  8.49e-01  3.47e+05	-30.5082 59.6690 0.4652	
33.384222 263.600129	6.29e-01  8.67e-01  3.18e+05	2.7841 84.6096 0.9776	
33.384222 263.600129	5.54e-01  7.42e-01  3.45e+05	32.0119 60.2150 0.5544	
33.384222 263.600129	5.81e-01  8.87e-01  3.21e+05	22.3210 79.6091 0.0759	
33.384222 263.600129	6.15e-01  9.90e-01  3.04e+05	-37.5052 83.4471 0.7320	
33.384222 263.600129	4.39e-01  9.54e-01  3.31e+05	-3.9563 76.8511 0.4041	
33.384222 263.600129	6.82e-01  8.61e-01  3.12e+05	57.5804 66.1513 0.7020	
33.384222 263.600129	3.83e-01  8.86e-01  3.49e+05	-10.6644 64.5726 0.8493	
33.384222 263.600129	7.13e-01  7.67e-01  3.20e+05	33.5542 76.4823 0.7004	
33.384222 263.600129	5.41e-01  9.32e-01  3.21e+05	14.4899 81.7395 0.3577	
33.384222 263.600129	6.59e-01  8.50e-01  3.16e+05	-8.4428 85.1419 0.9717	
33.384222 263.600129	4.36e-01  9.07e-01  3.39e+05	20.1865 69.7310 0.5491	
33.384222 263.600129	4.93e-01  8.56e-01  3.38e+05	-18.1169 70.9130 0.6873	
33.384222 263.600129	5.05e-01  5.93e-01  3.78e+05	9.0253 40.0556 0.8818	
33.384222 263.600129	6.33e-01  7.27e-01  3.36e+05	16.7374 72.2381 0.8188	
33.384222 263.600129	6.80e-01  8.51e-01  3.13e+05	-51.1859 70.3674 0.3449	
33.384222 263.600129	2.75e-01  8.37e-01  3.76e+05	-12.6297 41.8044 0.9846	
33.384222 263.600129	6.65e-01  7.16e-01  3.33e+05	-4.2615 75.8242 0.3796	
33.384222 263.600129	5.97e-01  7.42e-01  3.39e+05	11.6999 71.3268 0.4453	
33.384222 263.600129	5.57e-01  9.33e-01  3.18e+05	20.5280 81.7167 0.0469	
33.384222 263.600129	5.82e-01  8.26e-01  3.29e+05	-0.3546 78.1615 0.6286	
33.384222 263.600129	3.00e-01  7.99e-01  3.78e+05	0.2214 41.2617 0.7744	
33.384222 263.600129	6.21e-01  9.04e-01  3.14e+05	54.1750 67.5248 0.3556	
33.384222 263.600129	3.62e-01  8.04e-01  3.66e+05	-0.5485 52.5657 0.7566	
33.384222 263.600129	6.08e-01  7.85e-01  3.31e+05	9.5966 76.3394 0.1675	
33.384222 263.600129	2.67e-01  9.37e-01  3.60e+05	-9.5145 56.9506 0.7133	
33.384222 263.600129	5.41e-01  8.77e-01  3.28e+05	5.2096 78.7216 0.2053	
33.384222 263.600129	3.62e-01  9.09e-01  3.49e+05	-11.8976 64.5214 0.1089	
33.384222 263.600129	5.33e-01  8.71e-01  3.30e+05	-17.0915 75.9763 0.5397	
33.384222 263.600129	3.95e-01  8.82e-01  3.48e+05	-4.6320 66.0196 0.6315	
33.384222 263.600129	4.11e-01  8.74e-01  3.47e+05	31.1347 59.3249 0.8647	
33.384222 263.600129	6.99e-01  9.21e-01  3.03e+05	23.1685 89.4049 0.3900	
33.384222 263.600129	6.40e-01  8.74e-01  3.16e+05	-32.5446 79.3787 0.1636	
33.384222 263.600129	7.43e-01  9.44e-01  2.95e+05	-7.0213 95.7387 0.0944	
33.384222 263.600129	5.29e-01  8.39e-01  3.35e+05	15.6709 73.2406 0.8531	
33.384222 263.600129	5.37e-01  6.34e-01  3.65e+05	-12.9002 51.7610 0.8026	
33.384222 263.600129	6.49e-01  8.80e-01  3.14e+05	-23.6630 83.5409 0.4233	
33.384222 263.600129	5.89e-01  9.25e-01  3.15e+05	6.4443 85.5793 0.6438	
33.384222 263.600129	6.77e-01  6.96e-01  3.34e+05	-0.9071 75.2654 0.0694	
33.384222 263.600129	5.82e-01  6.63e-01  3.53e+05	35.0720 51.9662 0.8525	
33.384222 263.600129	6.22e-01  7.44e-01  3.35e+05	-41.3217 62.2367 0.1463	
33.384222 263.600129	6.51e-01  8.04e-01  3.23e+05	-26.1488 77.4634 0.1767	
33.384222 263.600129	3.86e-01  8.41e-01  3.56e+05	-15.2955 58.5398 0.6941	
33.384222 263.600129	4.87e-01  8.80e-01  3.35e+05	17.6825 72.5962 0.0632	
33.384222 263.600129	3.63e-01  7.15e-01  3.82e+05	-12.1814 34.6548 0.7550	
33.384222 263.600129	5.85e-01  7.82e-01  3.35e+05	6.2389 74.4713 0.4110	
33.384222 263.600129	3.75e-01  9.07e-01  3.47e+05	-13.0821 65.4637 0.7291	
33.384222 263.600129	4.83e-01  7.18e-01  3.60e+05	-17.9836 54.3968 0.5797	
33.384222 263.600129	5.23e-01  6.96e-01  3.57e+05	-14.4389 57.8280 0.8668	
33.384222 263.600129	4.17e-01  8.96e-01  3.43e+05	-30.2966 62.9528 0.6557	
33.384222 263.600129	5.84e-01  8.55e-01  3.25e+05	22.5356 77.3656 0.4848	
33.384222 263.600129	7.06e-01  9.06e-01  3.04e+05	-7.9113 91.5808 0.2112	
33.384222 263.600129	3.48e-01  8.48e-01  3.61e+05	-15.1473 54.6470 0.5924	
33.384222 263.600129	6.10e-01  7.92e-01  3.30e+05	12.9227 76.6490 0.0789	
33.384222 263.600129	7.20e-01  8.89e-01  3.04e+05	27.2361 87.5716 0.5185	
33.384222 263.600129	5.36e-01  7.75e-01  3.43e+05	10.9996 68.7908 0.8101	
33.384222 263.600129	4.53e-01  8.71e-01  3.41e+05	15.1389 69.2817 0.2828	
33.384222 263.600129	5.30e-01  7.27e-01  3.51e+05	-4.0013 63.9734 0.4735	
33.384222 263.600129	5.12e-01  8.87e-01  3.30e+05	-6.3199 77.2147 0.3110	
33.384222 263.600129	5.09e-01  9.52e-01  3.22e+05	-19.4507 79.8199 0.1125	
33.384222 263.600129	4.88e-01  9.34e-01  3.27e+05	16.7773 77.4530 0.2732	
33.384222 263.600129	4.43e-01  7.87e-01  3.55e+05	-7.5898 60.5916 0.1104	
33.384222 263.600129	5.67e-01  7.57e-01  3.41e+05	16.1333 69.0284 0.3180	
33.384222 263.600129	4.64e-01  8.83e-01  3.38e+05	-54.9310 48.1763 0.1244	
33.384222 263.600129	5.47e-01  8.93e-01  3.25e+05	20.1589 77.9865 0.0115	
33.384222 263.600129	6.40e-01  7.50e-01  3.32e+05	19.0096 74.3016 0.1840	
33.384222 263.600129	6.24e-01  6.67e-01  3.46e+05	45.7250 49.7730 0.6893	
33.384222 263.600129	4.09e-01  8.07e-01  3.58e+05	-6.8100 58.8903 0.7014	
33.384222 263.600129	4.56e-01  6.87e-01  3.70e+05	6.5437 48.5233 0.3498	
33.384222 263.600129	7.14e-01  7.40e-01  3.23e+05	57.9044 57.5891 0.6713	
33.384222 263.600129	7.39e-01  8.16e-01  3.10e+05	-11.3264 87.7388 0.3264	
33.384222 263.600129	6.53e-01  7.64e-01  3.28e+05	17.7365 76.8576 0.1106	
33.384222 263.600129	4.01e-01  8.02e-01  3.60e+05	6.9447 57.2382 0.3774	
33.384222 263.600129	4.69e-01  8.09e-01  3.48e+05	3.0931 66.2049 0.8396	
33.384222 263.600129	5.01e-01  7.04e-01  3.60e+05	-30.6496 49.0708 0.1174	
33.384222 263.600129	8.17e-01  8.64e-01  2.96e+05	-3.6183 95.6165 0.2016	
33.384222 263.600129	6.08e-01  9.53e-01  3.10e+05	-22.2745 85.9843 0.5794	
33.384222 263.600129	3.59e-01  8.39e-01  3.61e+05	14.6728 55.0423 0.2125	
33.384222 263.600129	5.05e-01  7.91e-01  3.45e+05	5.0705 67.9919 0.5049	
33.384222 263.600129	3.78e-01  7.83e-01  3.67e+05	4.0068 51.6461 0.9002	
33.384222 263.600129	6.42e-01  8.71e-01  3.16e+05	-8.4510 85.3731 0.1099	
33.384222 263.600129	5.40e-01  7.54e-01  3.46e+05	-11.8652 66.9636 0.0593	
33.384222 263.600129	5.17e-01  7.63e-01  3.48e+05	-51.9845 41.6500 0.1639	
33.384222 263.600129	5.84e-01  7.65e-01  3.38e+05	12.4222 72.1304 0.0924	
33.384222 263.600129	6.41e-01  7.53e-01  3.31e+05	-3.5637 76.8948 0.9290	
33.384222 263.600129	5.83e-01  8.11e-01  3.31e+05	14.5569 75.6202 0.7287	
33.384222 263.600129	4.88e-01  9.24e-01  3.29e+05	-16.1232 76.7781 0.6616	
33.384222 263.600129	4.64e-01  6.42e-01  3.76e+05	6.1604 42.2160 0.3244	
33.384222 263.600129	5.49e-01  9.14e-01  3.22e+05	-0.8165 82.3078 0.4367	
33.384222 263.600129	5.18e-01  6.74e-01  3.62e+05	6.9946 55.7764 0.1408	
33.384222 263.600129	4.34e-01  8.47e-01  3.48e+05	10.6220 65.7545 0.1703	
33.384222 263.600129	4.93e-01  7.73e-01  3.50e+05	-3.7048 64.8753 0.8767	
33.384222 263.600129	5.67e-01  8.98e-01  3.22e+05	31.3804 76.3000 0.5181	
33.384222 263.600129	5.92e-01  9.75e-01  3.09e+05	-39.6491 79.9197 0.2679	
33.384222 263.600129	6.64e-01  9.14e-01  3.08e+05	-5.2741 89.7145 0.3787	
33.384222 263.600129	3.50e-01  9.24e-01  3.49e+05	-6.7891 65.5838 0.5339	
33.384222 263.600129	5.93e-01  7.72e-01  3.35e+05	-3.7042 74.5018 0.3669	
33.384222 263.600129	5.84e-01  8.02e-01  3.32e+05	-17.2517 74.3610 0.0049	
33.384222 263.600129	6.74e-01  8.54e-01  3.14e+05	2.1196 86.7581 0.0107	
33.384222 263.600129	3.85e-01  7.74e-01  3.67e+05	-26.2388 44.3827 0.8782	
33.384222 263.600129	7.91e-01  8.67e-01  2.98e+05	6.6669 94.2019 0.9469	
33.384222 263.600129	3.49e-01  7.72e-01  3.74e+05	5.3516 44.9314 0.6880	
33.384222 263.600129	5.50e-01  6.41e-01  3.62e+05	13.9038 54.3266 0.4858	
33.384222 263.600129	6.83e-01  8.47e-01  3.13e+05	3.1756 86.8665 0.3209	
33.384222 263.600129	5.60e-01  9.61e-01  3.14e+05	-49.1578 70.9714 0.7334	
33.384222 263.600129	3.59e-01  8.35e-01  3.61e+05	-11.1250 55.3409 0.1853	
33.384222 263.600129	6.64e-01  8.15e-01  3.20e+05	-31.0966 77.4369 0.3186	
33.384222 263.600129	5.86e-01  8.30e-01  3.28e+05	-24.3667 74.9037 0.9038	
33.384222 263.600129	7.66e-01  9.07e-01  2.97e+05	-10.9850 94.6391 0.4279	
33.384222 263.600129	5.15e-01  7.05e-01  3.57e+05	-6.3115 59.4712 0.2576	
33.384222 263.600129	4.74e-01  8.92e-01  3.35e+05	5.6872 74.4373 0.9998	
33.384222 263.600129	6.66e-01  8.18e-01  3.19e+05	20.7818 81.1594 0.6080	
33.384222 263.600129	3.60e-01  7.17e-01  3.82e+05	-0.7164 36.5441 0.6863	
33.384222 263.600129	5.39e-01  6.33e-01  3.65e+05	7.7135 52.8455 0.9704	
33.384222 263.600129	6.61e-01  8.23e-01  3.19e+05	-24.5944 80.1131 0.2585	
33.384222 263.600129	5.70e-01  7.20e-01  3.46e+05	-32.9528 58.9218 0.3957	
33.384222 263.600129	4.12e-01  7.72e-01  3.63e+05	-26.0113 48.6019 0.1416	
33.384222 263.600129	4.76e-01  8.28e-01  3.44e+05	4.9452 68.8035 0.9619	
33.384222 263.600129	5.42e-01  9.12e-01  3.23e+05	-26.2148 77.3157 0.9825	
33.384222 263.600129	5.04e-01  7.74e-01  3.48e+05	-3.6502 66.2528 0.0791	
33.384222 263.600129	7.43e-01  8.01e-01  3.12e+05	45.9112 74.8830 0.3118	
33.384222 263.600129	5.39e-01  8.42e-01  3.33e+05	19.4042 73.4989 0.7017	
33.384222 263.600129	6.37e-01  8.76e-01  3.16e+05	12.3895 84.8604 0.0045	
33.384222 263.600129	6.07e-01  8.53e-01  3.22e+05	-20.4519 79.4716 0.9249	
33.384222 263.600129	5.43e-01  8.38e-01  3.33e+05	-7.6006 75.5734 0.6818	
33.384222 263.600129	6.33e-01  9.53e-01  3.07e+05	-40.2500 80.9327 0.7077	
33.384222 263.600129	4.77e-01  7.52e-01  3.56e+05	0.2087 60.8454 0.1926	
33.384222 263.600129	4.64e-01  7.02e-01  3.66e+05	-26.9708 45.0911 0.6259	
33.384222 263.600129	4.53e-01  7.48e-01  3.60e+05	-14.9511 55.4236 0.1448	
33.384222 263.600129	6.29e-01  8.11e-01  3.25e+05	6.8274 80.2953 0.9576	
33.384222 263.600129	5.83e-01  6.52e-01  3.55e+05	29.3520 54.0916 0.5266	
33.384222 263.600129	6.48e-01  7.98e-01  3.24e+05	-23.3045 77.6200 0.9224	
33.384222 263.600129	5.13e-01  9.47e-01  3.22e+05	9.7458 81.5792 0.6306	
33.384222 263.600129	6.28e-01  8.17e-01  3.24e+05	0.0831 80.9615 0.4128	
33.384222 263.600129	5.15e-01  7.03e-01  3.58e+05	10.2478 58.5716 0.4572	
33.384222 263.600129	5.57e-01  8.40e-01  3.31e+05	3.8674 77.1359 0.4124	
33.384222 263.600129	5.38e-01  8.25e-01  3.36e+05	29.4435 68.3095 0.4128	
33.384222 263.600129	6.63e-01  7.95e-01  3.23e+05	8.6628 81.4470 0.0093	
33.384222 263.600129	5.30e-01  9.37e-01  3.22e+05	-12.5732 81.5968 0.1335	
33.384222 263.600129	4.54e-01  7.61e-01  3.58e+05	20.9140 55.3067 0.5053	
33.384222 263.600129	5.14e-01  7.17e-01  3.55e+05	21.3865 57.1716 0.8411	
33.384222 263.600129	6.28e-01  9.51e-01  3.08e+05	-12.3142 89.0889 0.9159	
33.384222 263.600129	8.21e-01  9.10e-01  2.90e+05	16.8190 96.8161 0.7622	
33.384222 263.600129	4.68e-01  7.77e-01  3.53e+05	0.3880 62.6585 0.6540	
33.384222 263.600129	6.24e-01  7.88e-01  3.29e+05	-14.5175 77.1082 0.3170	
33.384222 263.600129	3.39e-01  9.27e-01  3.50e+05	5.0932 64.9049 0.4082	
33.384222 263.600129	5.81e-01  8.76e-01  3.23e+05	-2.1840 81.8592 0.0613	
33.384222 263.600129	4.72e-01  8.23e-01  3.45e+05	-2.5676 68.0321 0.0396	
33.384222 263.600129	5.71e-01  6.51e-01  3.57e+05	-22.9482 55.5169 0.4662	
33.384222 263.600129	4.01e-01  8.94e-01  3.46e+05	16.1847 66.1015 0.9312	
33.384222 263.600129	6.24e-01  7.76e-01  3.30e+05	-6.9378 77.1895 0.2838	
33.384222 263.600129	5.16e-01  7.66e-01  3.47e+05	-0.5692 66.7787 0.9372	
33.384222 263.600129	5.32e-01  6.87e-01  3.57e+05	13.9613 57.9628 0.4659	
33.384222 263.600129	4.87e-01  7.67e-01  3.52e+05	-18.2857 60.9746 0.2229	
33.384222 263.600129	6.28e-01  7.42e-01  3.35e+05	4.2541 74.9145 0.0176	
33.384222 263.600129	4.90e-01  8.03e-01  3.46e+05	21.1724 64.5037 0.8032	
33.384222 263.600129	5.90e-01  8.24e-01  3.28e+05	-29.3293 72.9525 0.3036	
33.384222 263.600129	5.42e-01  7.56e-01  3.45e+05	26.9573 62.8852 0.4153	
33.384222 263.600129	7.34e-01  8.20e-01  3.11e+05	8.2470 87.9917 0.1685	
33.384222 263.600129	4.41e-01  7.37e-01  3.64e+05	22.1632 49.6475 0.6756	
33.384222 263.600129	5.31e-01  8.43e-01  3.34e+05	-25.6828 70.8662 0.6866	
33.384222 263.600129	6.33e-01  7.33e-01  3.35e+05	33.5267 66.6820 0.2527	
33.384222 263.600129	6.24e-01  8.37e-01  3.22e+05	15.2676 80.7005 0.4689	
33.384222 263.600129	7.48e-01  8.81e-01  3.02e+05	-27.9691 88.5244 0.6184	
33.384222 263.600129	4.10e-01  8.38e-01  3.53e+05	-15.2317 61.1776 0.7070	
33.384222 263.600129	3.10e-01  8.04e-01  3.75e+05	-9.1177 43.1998 0.1291	
33.384222 263.600129	5.09e-01  7.17e-01  3.56e+05	-34.5872 49.6197 0.8545	
33.384222 263.600129	5.60e-01  8.57e-01  3.28e+05	-26.3779 74.2633 0.8855	
33.384222 263.600129	4.97e-01  9.16e-01  3.29e+05	17.8225 76.4904 0.8560	
33.384222 263.600129	6.48e-01  7.44e-01  3.31e+05	-33.0663 69.3830 0.0620	
33.384222 263.600129	5.30e-01  7.22e-01  3.52e+05	-2.1898 63.5204 0.5354	
33.384222 263.600129	4.92e-01  7.95e-01  3.47e+05	8.2055 66.6663 0.0141	
33.384222 263.600129	6.99e-01  9.15e-01  3.03e+05	13.0586 91.0607 0.8096	
33.384222 263.600129	4.20e-01  7.94e-01  3.58e+05	-6.2126 58.6164 0.2394	
33.384222 263.600129	5.19e-01  8.06e-01  3.41e+05	-6.1577 70.7272 0.3406	
33.384222 263.600129	6.18e-01  9.52e-01  3.09e+05	0.8290 89.4081 0.4360	
33.384222 263.600129	4.57e-01  9.34e-01  3.32e+05	36.9394 67.3539 0.5828	
33.384222 263.600129	4.22e-01  7.88e-01  3.59e+05	-6.1801 58.2391 0.2342	
33.384222 263.600129	6.23e-01  7.78e-01  3.30e+05	22.5056 74.2709 0.3081	
33.384222 263.600129	6.30e-01  8.02e-01  3.26e+05	16.5772 78.2441 0.7586	
33.384222 263.600129	4.43e-01  8.94e-01  3.39e+05	-36.8535 61.9958 0.6865	
33.384222 263.600129	6.96e-01  7.77e-01  3.21e+05	2.2520 82.9621 0.0164	
33.384222 263.600129	5.03e-01  7.22e-01  3.56e+05	-33.7333 50.0873 0.3971	
33.384222 263.600129	4.57e-01  6.85e-01  3.70e+05	-16.4906 46.0384 0.4425	
33.384222 263.600129	5.44e-01  8.67e-01  3.29e+05	-9.8367 77.7503 0.9967	
33.384222 263.600129	5.63e-01  8.06e-01  3.35e+05	17.9032 72.7203 0.3980	
33.384222 263.600129	5.01e-01  7.15e-01  3.58e+05	6.3162 58.9871 0.4717	
33.384222 263.600129	4.13e-01  9.22e-01  3.40e+05	29.9506 65.3687 0.7871	
33.384222 263.600129	5.67e-01  8.55e-01  3.27e+05	-49.9030 61.5792 0.0186	
33.384222 263.600129	5.18e-01  8.37e-01  3.37e+05	-19.5300 70.9925 0.6958	
33.384222 263.600129	5.76e-01  8.05e-01  3.33e+05	-27.8876 70.6761 0.4787	
33.384222 263.600129	4.40e-01  9.30e-01  3.35e+05	13.2732 73.7953 0.9965	
33.384222 263.600129	6.16e-01  9.81e-01  3.05e+05	-34.7959 84.0766 0.4480	
33.384222 263.600129	4.64e-01  8.11e-01  3.49e+05	26.3985 60.4656 0.2869	
33.384222 263.600129	4.92e-01  9.27e-01  3.28e+05	-39.4832 68.4435 0.3950	
33.384222 263.600129	5.40e-01  6.85e-01  3.56e+05	-12.9041 58.9984 0.6730	
33.384222 263.600129	5.36e-01  5.84e-01  3.74e+05	-17.2174 41.8113 0.2837	
33.384222 263.600129	5.90e-01  8.93e-01  3.19e+05	4.8553 83.5823 0.7987	
33.384222 263.600129	4.18e-01  7.51e-01  3.66e+05	12.5586 51.3574 0.2513	
33.384222 263.600129	6.81e-01  7.83e-01  3.22e+05	-9.1401 81.8732 0.5394	
33.384222 263.600129	4.86e-01  8.34e-01  3.42e+05	21.4131 67.1620 0.2606	
33.384222 263.600129	4.08e-01  8.94e-01  3.45e+05	-37.6800 57.4363 0.3027	
33.384222 263.600129	3.89e-01  9.77e-01  3.35e+05	-4.1235 74.5325 0.7143	
33.384222 263.600129	5.74e-01  8.52e-01  3.27e+05	-22.7257 76.2690 0.2352	
33.384222 263.600129	5.53e-01  7.33e-01  3.47e+05	-8.3870 66.5697 0.8552	
33.384222 263.600129	4.18e-01  7.18e-01  3.71e+05	-16.8095 44.9408 0.2577	
33.384222 263.600129	5.66e-01  6.82e-01  3.53e+05	37.0277 50.9439 0.0414	
33.384222 263.600129	6.13e-01  9.53e-01  3.09e+05	-2.4054 89.1197 0.1457	
33.384222 263.600129	6.71e-01  8.42e-01  3.15e+05	-45.8338 72.5548 0.3024	
33.384222 263.600129	5.18e-01  7.82e-01  3.45e+05	9.3652 67.9267 0.8968	
33.384222 263.600129	5.17e-01  8.81e-01  3.31e+05	-15.1066 75.8637 0.3175	
33.384222 263.600129	6.20e-01  8.04e-01  3.27e+05	30.2868 73.4294 0.1587	
33.384222 263.600129	4.93e-01  8.62e-01  3.37e+05	-6.2173 73.4538 0.6065	
33.384222 263.600129	4.90e-01  6.48e-01  3.71e+05	-0.7751 48.2365 0.4079	
33.384222 263.600129	6.55e-01  8.26e-01  3.20e+05	-23.6080 80.1727 0.9755	
33.384222 263.600129	4.24e-01  7.19e-01  3.70e+05	17.6552 45.7288 0.5843	
33.384222 263.600129	3.89e-01  7.86e-01  3.65e+05	11.2270 52.6743 0.9478	
33.384222 263.600129	4.36e-01  9.10e-01  3.38e+05	-6.2075 72.6390 0.6936	
33.384222 263.600129	6.54e-01  8.32e-01  3.19e+05	37.9392 74.9130 0.1248	
33.384222 263.600129	6.19e-01  7.60e-01  3.33e+05	7.0990 75.4672 0.7179	
33.384222 263.600129	4.08e-01  9.85e-01  3.31e+05	3.6879 76.8643 0.6021	
33.384222 263.600129	5.25e-01  6.26e-01  3.69e+05	-22.2091 45.2252 0.3664	
33.384222 263.600129	2.76e-01  9.06e-01  3.63e+05	-25.8232 48.3553 0.3034	
33.384222 263.600129	6.17e-01  7.84e-01  3.30e+05	-4.0516 77.4921 0.0522	
33.384222 263.600129	7.20e-01  8.87e-01  3.04e+05	-17.3198 89.9506 0.1711	
33.384222 263.600129	4.46e-01  7.63e-01  3.59e+05	-20.8926 54.5236 0.7644	
33.384222 263.600129	6.29e-01  8.71e-01  3.17e+05	21.1908 82.2296 0.8700	
33.384222 263.600129	4.29e-01  8.37e-01  3.50e+05	-28.5694 58.3496 0.0524	
33.384222 263.600129	6.98e-01  9.41e-01  3.00e+05	-36.4372 86.0159 0.4451	
33.384222 263.600129	5.90e-01  6.71e-01  3.51e+05	-18.5331 61.8040 0.6430	
33.384222 263.600129	7.61e-01  9.82e-01  2.89e+05	12.8167 97.9850 0.1983	
33.384222 263.600129	6.24e-01  6.92e-01  3.42e+05	-14.1961 68.6166 0.9893	
33.384222 263.600129	6.90e-01  8.35e-01  3.14e+05	15.3551 85.1731 0.4066	
33.384222 263.600129	5.96e-01  8.95e-01  3.18e+05	-9.4588 83.7501 0.6605	
33.384222 263.600129	6.36e-01  7.28e-01  3.35e+05	48.8892 56.1605 0.4387	
33.384222 263.600129	3.33e-01  8.58e-01  3.62e+05	-21.3153 51.8907 0.7054	
33.384222 263.600129	5.03e-01  7.15e-01  3.58e+05	5.0225 59.2174 0.4257	
33.384222 263.600129	4.30e-01  9.35e-01  3.35e+05	16.3289 72.8039 0.8065	
33.384222 263.600129	5.40e-01  6.14e-01  3.68e+05	16.7690 47.9481 0.7615	
33.384222 263.600129	5.85e-01  7.46e-01  3.40e+05	-39.7249 59.4800 0.1954	
33.384222 263.600129	7.23e-01  8.45e-01  3.09e+05	36.7117 81.4329 0.1131	
33.384222 263.600129	5.07e-01  8.40e-01  3.38e+05	-2.2432 72.9629 0.3065	
33.384222 263.600129	5.47e-01  7.20e-01  3.50e+05	4.1311 65.0558 0.6568	
33.384222 263.600129	5.28e-01  7.38e-01  3.50e+05	20.1889 61.8375 0.5183	
33.384222 263.600129	5.34e-01  8.67e-01  3.30e+05	-5.2583 77.4156 0.2504	
33.384222 263.600129	7.08e-01  8.55e-01  3.09e+05	21.6367 86.2962 0.2494	
33.384222 263.600129	5.75e-01  9.39e-01  3.15e+05	-61.1288 60.2130 0.5455	
33.384222 263.600129	4.73e-01  9.41e-01  3.28e+05	-35.7904 70.0147 0.6543	
33.384222 263.600129	6.85e-01  8.84e-01  3.09e+05	-32.7357 83.1067 0.6742	
33.384222 263.600129	4.83e-01  8.91e-01  3.34e+05	21.3173 72.2095 0.1086	
33.384222 263.600129	6.57e-01  8.83e-01  3.12e+05	-54.8754 68.1920 0.2358	
33.384222 263.600129	5.72e-01  8.90e-01  3.22e+05	26.5228 77.8243 0.1979	
33.384222 263.600129	6.85e-01  7.92e-01  3.20e+05	60.6595 57.1154 0.5518	
33.384222 263.600129	5.71e-01  9.14e-01  3.19e+05	42.9064 72.0952 0.7957	
33.384222 263.600129	5.44e-01  7.66e-01  3.43e+05	-26.7662 64.1930 0.3853	
33.384222 263.600129	4.99e-01  7.62e-01  3.51e+05	5.8033 64.1957 0.1376	
33.384222 263.600129	4.48e-01  7.41e-01  3.62e+05	1.3594 55.8427 0.3905	
33.384222 263.600129	5.82e-01  8.15e-01  3.31e+05	-20.2717 74.6079 0.4153	
33.384222 263.600129	5.31e-01  7.59e-01  3.46e+05	-3.4711 67.5380 0.7359	
33.384222 263.600129	4.88e-01  6.57e-01  3.70e+05	22.2050 44.1395 0.5249	
33.384222 263.600129	5.70e-01  7.98e-01  3.35e+05	25.2740 70.4087 0.0995	
33.384222 263.600129	4.20e-01  7.58e-01  3.64e+05	-17.3084 51.4363 0.9151	
33.384222 263.600129	4.45e-01  9.77e-01  3.27e+05	14.3905 77.9527 0.1230	
33.384222 263.600129	5.86e-01  8.09e-01  3.31e+05	5.6393 76.8879 0.1284	
33.384222 263.600129	5.55e-01  8.51e-01  3.30e+05	-20.1976 75.3513 0.3614	
33.384222 263.600129	7.70e-01  8.92e-01  2.98e+05	-39.5108 86.0463 0.7174	
33.384222 263.600129	3.87e-01  7.76e-01  3.67e+05	-15.0221 49.8629 0.8822	
33.384222 263.600129	3.12e-01  8.04e-01  3.75e+05	14.4812 42.0262 0.4821	
33.384222 263.600129	5.55e-01  9.18e-01  3.21e+05	27.3061 78.3725 0.1020	
33.384222 263.600129	6.55e-01  8.32e-01  3.19e+05	-15.5331 82.5871 0.9299	
33.384222 263.600129	5.55e-01  8.40e-01  3.31e+05	-0.2644 77.1211 0.9684	
33.384222 263.600129	6.29e-01  9.36e-01  3.09e+05	-1.9028 89.1140 0.7764	
33.384222 263.600129	3.91e-01  8.37e-01  3.56e+05	-12.9982 59.2752 0.6294	
33.384222 263.600129	5.29e-01  9.53e-01  3.19e+05	-10.5274 83.0040 0.7904	
33.384222 263.600129	6.09e-01  8.68e-01  3.20e+05	-50.8077 66.0461 0.3925	
33.384222 263.600129	3.10e-01  8.07e-01  3.75e+05	9.3035 43.5847 0.9088	
33.384222 263.600129	5.04e-01  7.65e-01  3.49e+05	-46.2021 46.3086 0.8861	
33.384222 263.600129	5.44e-01  8.29e-01  3.34e+05	22.6583 71.8542 0.9748	
33.384222 263.600129	3.74e-01  8.62e-01  3.55e+05	-7.4446 61.2950 0.2255	
33.384222 263.600129	4.01e-01  8.39e-01  3.54e+05	35.7248 50.8567 0.4858	
33.384222 263.600129	5.38e-01  5.91e-01  3.72e+05	7.1745 46.1581 0.0574	
33.384222 263.600129	5.14e-01  8.40e-01  3.37e+05	14.8028 72.1413 0.9013	
33.384222 263.600129	3.44e-01  8.35e-01  3.64e+05	3.1288 54.4308 0.3809	
33.384222 263.600129	4.46e-01  7.58e-01  3.60e+05	-22.2764 53.2179 0.4427	
33.384222 263.600129	6.77e-01  7.86e-01  3.22e+05	54.0864 62.0335 0.2299	
33.384222 263.600129	8.25e-01  8.71e-01  2.94e+05	-15.0132 95.2821 0.9303	
33.384222 263.600129	6.01e-01  9.49e-01  3.11e+05	5.8844 87.9981 0.6228	
33.384222 263.600129	5.27e-01  8.28e-01  3.37e+05	-14.4147 72.2882 0.6346	
33.384222 263.600129	4.23e-01  7.81e-01  3.60e+05	7.3225 57.1986 0.9829	
33.384222 263.600129	6.81e-01  8.22e-01  3.17e+05	13.1755 84.0770 0.8140	
33.384222 263.600129	7.15e-01  8.11e-01  3.14e+05	24.5741 83.0931 0.1502	
33.384222 263.600129	4.39e-01  7.03e-01  3.70e+05	-2.1381 48.7363 0.8996	
33.384222 263.600129	4.27e-01  9.43e-01  3.35e+05	-20.0161 72.3188 0.3939	
33.384222 263.600129	5.65e-01  7.15e-01  3.48e+05	-26.2154 61.1437 0.6352	
33.384222 263.600129	5.03e-01  9.36e-01  3.25e+05	-10.3240 79.8891 0.5422	
33.384222 263.600129	5.19e-01  8.12e-01  3.40e+05	-0.5449 71.5303 0.6356	
33.384222 263.600129	5.43e-01  7.81e-01  3.41e+05	12.9013 69.6717 0.9844	
33.384222 263.600129	5.94e-01  8.40e-01  3.26e+05	-0.1377 80.1516 0.8308	
33.384222 263.600129	4.66e-01  8.02e-01  3.50e+05	-26.6515 59.6165 0.2487	
33.384222 263.600129	7.23e-01  8.72e-01  3.06e+05	33.3618 84.5379 0.8595	
33.384222 263.600129	5.63e-01  8.42e-01  3.30e+05	-9.5671 77.2701 0.0826	
33.384222 263.600129	4.07e-01  8.40e-01  3.53e+05	21.2631 59.2906 0.7164	
33.384222 263.600129	5.44e-01  6.92e-01  3.55e+05	7.3776 61.2735 0.8407	
33.384222 263.600129	5.26e-01  8.08e-01  3.40e+05	-31.6298 64.4863 0.4995	
33.384222 263.600129	5.50e-01  8.61e-01  3.29e+05	-32.1395 71.4888 0.3810	
33.384222 263.600129	4.77e-01  7.86e-01  3.50e+05	22.6705 60.5680 0.0923	
33.384222 263.600129	3.39e-01  9.18e-01  3.51e+05	-4.4786 63.9153 0.7487	
33.384222 263.600129	4.82e-01  9.52e-01  3.26e+05	26.7529 75.5793 0.8464	
33.384222 263.600129	4.78e-01  8.12e-01  3.46e+05	17.0427 65.3286 0.6159	
33.384222 263.600129	5.90e-01  9.13e-01  3.17e+05	4.0734 84.9546 0.6107	
33.384222 263.600129	7.40e-01  8.71e-01  3.04e+05	-32.3664 85.9530 0.7615	
33.384222 263.600129	5.14e-01  9.36e-01  3.24e+05	4.8622 81.2022 0.9487	
33.384222 263.600129	4.09e-01  8.59e-01  3.50e+05	2.1085 65.2659 0.6332	
33.384222 263.600129	5.34e-01  9.03e-01  3.25e+05	-30.1052 74.5533 0.1128	
33.384222 263.600129	6.16e-01  7.53e-01  3.35e+05	23.0021 71.2593 0.5496	
33.384222 263.600129	6.61e-01  7.55e-01  3.28e+05	22.8096 75.4089 0.8341	
33.384222 263.600129	6.63e-01  9.26e-01  3.06e+05	-23.6436 87.4530 0.4133	
33.384222 263.600129	6.40e-01  8.76e-01  3.15e+05	-3.4949 85.8680 0.4735	
33.384222 263.600129	6.97e-01  8.71e-01  3.09e+05	-21.0652 86.7840 0.7902	
33.384222 263.600129	6.29e-01  8.09e-01  3.25e+05	-39.2394 70.3102 0.6152	
33.384222 263.600129	4.75e-01  8.73e-01  3.38e+05	40.4035 60.8799 0.7647	
33.384222 263.600129	5.58e-01  8.22e-01  3.33e+05	26.9600 70.9028 0.5032	
33.384222 263.600129	5.54e-01  8.03e-01  3.36e+05	9.9988 73.1638 0.0071	
33.384222 263.600129	7.22e-01  8.22e-01  3.12e+05	-3.0300 87.7454 0.1199	
33.384222 263.600129	5.15e-01  5.97e-01  3.75e+05	-3.3898 43.7134 0.8135	
33.384222 263.600129	5.13e-01  8.37e-01  3.37e+05	6.5988 72.9348 0.7462	
33.384222 263.600129	2.98e-01  8.27e-01  3.73e+05	-0.8276 46.0468 0.7486	
33.384222 263.600129	3.91e-01  9.03e-01  3.46e+05	19.1641 65.2124 0.5813	
33.384222 263.600129	5.56e-01  8.94e-01  3.24e+05	0.7010 81.3679 0.1681	
33.384222 263.600129	5.99e-01  8.94e-01  3.18e+05	-20.9052 81.7666 0.1093	
33.384222 263.600129	4.56e-01  7.50e-01  3.60e+05	-19.0309 54.7059 0.8692	
33.384222 263.600129	5.49e-01  7.19e-01  3.50e+05	-31.8455 56.9575 0.1734	
33.384222 263.600129	5.05e-01  8.46e-01  3.37e+05	2.8397 73.3017 0.9443	
33.384222 263.600129	7.16e-01  8.27e-01  3.12e+05	10.3965 87.0935 0.7834	
33.384222 263.600129	5.15e-01  9.05e-01  3.28e+05	-7.2743 78.7136 0.4383	
33.384222 263.600129	4.89e-01  7.11e-01  3.61e+05	24.9930 51.4406 0.3996	
33.384222 263.600129	4.06e-01  8.43e-01  3.52e+05	4.0424 63.1214 0.1403	
33.384222 263.600129	6.02e-01  8.16e-01  3.28e+05	17.8799 76.8582 0.7873	
33.384222 263.600129	7.79e-01  9.58e-01  2.90e+05	-0.6244 98.5198 0.6788	
33.384222 263.600129	4.94e-01  6.60e-01  3.68e+05	30.2377 40.6962 0.8867	
33.384222 263.600129	5.22e-01  8.40e-01  3.36e+05	-11.8283 73.4115 0.1532	
33.384222 263.600129	4.23e-01  7.24e-01  3.69e+05	-31.4486 38.4254 0.4197	
33.384222 263.600129	5.91e-01  8.03e-01  3.31e+05	-12.4704 76.0017 0.1633	
33.384222 263.600129	6.93e-01  8.54e-01  3.11e+05	2.9956 87.9271 0.4570	
33.384222 263.600129	7.56e-01  8.49e-01  3.04e+05	2.0878 91.4498 0.4338	
33.384222 263.600129	7.57e-01  9.39e-01  2.94e+05	-9.8554 95.9312 0.0207	
33.384222 263.600129	5.58e-01  6.26e-01  3.63e+05	32.0343 44.7955 0.4662	
33.384222 263.600129	6.41e-01  7.36e-01  3.34e+05	5.8641 75.4147 0.6876	
33.384222 263.600129	3.46e-01  7.27e-01  3.83e+05	-14.9269 32.2722 0.8395	
33.384222 263.600129	6.13e-01  9.45e-01  3.10e+05	-14.6758 87.4502 0.6977	
33.384222 263.600129	6.52e-01  7.91e-01  3.25e+05	21.9700 77.7918 0.6591	
33.384222 263.600129	5.97e-01  8.77e-01  3.20e+05	23.2182 79.8163 0.5994	
33.384222 263.600129	6.22e-01  8.44e-01  3.21e+05	26.9962 78.0377 0.1892	
33.384222 263.600129	6.52e-01  8.48e-01  3.17e+05	17.5128 83.1018 0.2270	
33.384222 263.600129	3.91e-01  8.50e-01  3.54e+05	0.9813 62.1924 0.2620	
33.384222 263.600129	4.24e-01  6.63e-01  3.80e+05	12.5174 36.6814 0.0183	
33.384222 263.600129	4.43e-01  8.62e-01  3.44e+05	-9.2758 68.4425 0.7847	
33.384222 263.600129	5.28e-01  9.13e-01  3.25e+05	38.5811 70.9443 0.5645	
33.384222 263.600129	7.69e-01  8.87e-01  2.99e+05	33.2107 88.3167 0.8637	
33.384222 263.600129	7.54e-01  8.62e-01  3.03e+05	-14.4175 90.9730 0.1660	
33.384222 263.600129	5.33e-01  7.01e-01  3.55e+05	-8.4921 60.8705 0.9638	
33.384222 263.600129	5.74e-01  6.04e-01  3.64e+05	-33.3430 42.8729 0.8743	
33.384222 263.600129	3.70e-01  8.75e-01  3.53e+05	-17.4796 60.2720 0.2698	
33.384222 263.600129	7.26e-01  8.03e-01  3.14e+05	-7.8884 86.4446 0.9947	
33.384222 263.600129	5.10e-01  7.76e-01  3.47e+05	18.0955 64.6519 0.9476	
33.384222 263.600129	8.07e-01  9.25e-01  2.90e+05	-31.3842 93.1282 0.9562	
33.384222 263.600129	6.78e-01  8.44e-01  3.14e+05	9.8324 85.8009 0.2997	
33.384222 263.600129	6.30e-01  8.00e-01  3.26e+05	-12.3830 78.8858 0.8876	
33.384222 263.600129	5.54e-01  9.35e-01  3.19e+05	-11.7088 83.2852 0.8442	
33.384222 263.600129	7.93e-01  8.69e-01  2.98e+05	51.8232 79.2193 0.6841	
33.384222 263.600129	5.27e-01  7.85e-01  3.43e+05	12.5298 68.6474 0.4363	
33.384222 263.600129	7.89e-01  8.53e-01  3.00e+05	-26.6855 89.6862 0.1179	
33.384222 263.600129	4.90e-01  7.83e-01  3.49e+05	-1.2384 65.7507 0.9844	
33.384222 263.600129	6.76e-01  9.04e-01  3.07e+05	29.5289 85.0085 0.4619	
33.384222 263.600129	6.39e-01  9.60e-01  3.05e+05	4.4981 91.0485 0.5131	
33.384222 263.600129	6.23e-01  8.61e-01  3.19e+05	32.4115 77.2895 0.7514	
33.384222 263.600129	4.56e-01  8.75e-01  3.40e+05	0.2338 71.5447 0.7857	
33.384222 263.600129	6.40e-01  7.84e-01  3.27e+05	9.4555 78.8468 0.6194	
33.384222 263.600129	6.88e-01  8.27e-01  3.15e+05	-15.0573 84.5633 0.7567	
33.384222 263.600129	7.57e-01  8.94e-01  2.99e+05	19.6225 92.0349 0.2116	
33.384222 263.600129	5.01e-01  9.42e-01  3.25e+05	-15.5966 79.3303 0.1409	
33.384222 263.600129	5.55e-01  7.88e-01  3.38e+05	-11.6901 71.7399 0.9780	
33.384222 263.600129	8.52e-01  9.61e-01  2.82e+05	57.0630 84.6436 0.6210	
33.384222 263.600129	8.44e-01  9.19e-01  2.87e+05	4.5031 99.6523 0.7717	
33.384222 263.600129	3.08e-01  8.52e-01  3.67e+05	18.2752 48.3484 0.5032	
33.384222 263.600129	4.00e-01  8.18e-01  3.58e+05	14.0089 57.7580 0.5771	
33.384222 263.600129	4.31e-01  7.29e-01  3.67e+05	13.3033 49.9241 0.7472	
33.384222 263.600129	5.92e-01  9.01e-01  3.18e+05	-1.0428 84.4644 0.8419	
33.384222 263.600129	7.66e-01  7.83e-01  3.11e+05	-41.6037 77.7005 0.0408	
33.384222 263.600129	5.37e-01  9.83e-01  3.15e+05	31.3814 80.3373 0.7685	
33.384222 263.600129	5.50e-01  8.78e-01  3.27e+05	-40.2982 68.7512 0.1605	
33.384222 263.600129	6.45e-01  7.33e-01  3.34e+05	-10.8608 74.8564 0.8383	
33.384222 263.600129	4.85e-01  8.64e-01  3.38e+05	7.6089 72.8194 0.7948	
33.384222 263.600129	6.92e-01  8.78e-01  3.08e+05	-18.2517 87.5634 0.8136	
33.384222 263.600129	4.17e-01  7.84e-01  3.60e+05	20.7854 53.4394 0.8676	
33.384222 263.600129	5.29e-01  8.05e-01  3.40e+05	26.1971 66.9140 0.0104	
33.384222 263.600129	4.59e-01  7.64e-01  3.57e+05	-29.7337 52.2364 0.4161	
33.384222 263.600129	4.31e-01  6.71e-01  3.77e+05	4.3719 41.6408 0.1703	
33.384222 263.600129	5.88e-01  8.52e-01  3.25e+05	-22.9347 77.2935 0.4769	
33.384222 263.600129	6.99e-01  9.52e-01  2.99e+05	22.1626 91.4034 0.2051	
33.384222 263.600129	5.88e-01  8.29e-01  3.28e+05	5.3682 78.7133 0.4886	
33.384222 263.600129	4.55e-01  8.70e-01  3.41e+05	-24.2369 66.7475 0.7468	
33.384222 263.600129	5.12e-01  9.55e-01  3.21e+05	-7.1138 82.2800 0.5000	
33.384222 263.600129	4.96e-01  8.07e-01  3.44e+05	-18.8586 66.2338 0.4938	
33.384222 263.600129	6.63e-01  9.50e-01  3.03e+05	45.6502 79.8271 0.9968	
33.384222 263.600129	5.87e-01  7.94e-01  3.33e+05	-24.0166 72.0016 0.1315	
33.384222 263.600129	6.92e-01  8.96e-01  3.06e+05	-3.9363 90.3749 0.6153	
33.384222 263.600129	5.28e-01  6.87e-01  3.58e+05	-4.5078 59.0591 0.8000	
33.384222 263.600129	4.97e-01  8.80e-01  3.34e+05	9.6152 74.9830 0.0058	
33.384222 263.600129	5.73e-01  8.82e-01  3.23e+05	-17.4252 79.8679 0.2142	
33.384222 263.600129	3.98e-01  7.21e-01  3.74e+05	-10.3856 43.6995 0.8912	
33.384222 263.600129	5.53e-01  7.39e-01  3.46e+05	-12.1225 66.5959 0.0404	
33.384222 263.600129	5.81e-01  8.81e-01  3.22e+05	-4.2259 82.1156 0.3784	
33.384222 263.600129	5.44e-01  7.32e-01  3.48e+05	-1.9384 66.1046 0.0712	
33.384222 263.600129	5.79e-01  8.15e-01  3.31e+05	-12.2063 76.0725 0.9725	
33.384222 263.600129	4.53e-01  9.80e-01  3.26e+05	-31.6073 73.6060 0.0991	
33.384222 263.600129	6.56e-01  7.66e-01  3.27e+05	-5.9959 79.0639 0.9091	
33.384222 263.600129	4.72e-01  7.70e-01  3.54e+05	18.3931 59.6935 0.6800	
33.384222 263.600129	5.41e-01  9.11e-01  3.23e+05	-2.3499 81.4816 0.7612	
33.384222 263.600129	5.39e-01  7.42e-01  3.48e+05	-13.8481 65.1684 0.8060	
33.384222 263.600129	7.21e-01  8.21e-01  3.12e+05	-14.3644 86.4561 0.7785	
33.384222 263.600129	4.48e-01  8.62e-01  3.43e+05	11.9516 68.5595 0.0860	
33.384222 263.600129	3.70e-01  8.11e-01  3.64e+05	30.8992 45.1293 0.3237	
33.384222 263.600129	5.64e-01  9.12e-01  3.20e+05	-17.2136 81.4702 0.4485	
33.384222 263.600129	6.92e-01  7.54e-01  3.24e+05	-12.3508 80.1032 0.6673	
33.384222 263.600129	4.27e-01  9.23e-01  3.37e+05	-15.1067 71.7113 0.1660	
33.384222 263.600129	5.53e-01  7.13e-01  3.50e+05	5.0517 64.8214 0.4305	
33.384222 263.600129	4.58e-01  7.08e-01  3.66e+05	-13.9044 50.6879 0.3155	
33.384222 263.600129	5.65e-01  9.51e-01  3.15e+05	34.4388 78.7977 0.4163	
33.384222 263.600129	5.84e-01  9.30e-01  3.15e+05	17.6925 83.9792 0.4444	
33.384222 263.600129	6.17e-01  7.44e-01  3.36e+05	-1.3471 74.2923 0.4683	
33.384222 263.600129	4.79e-01  6.90e-01  3.65e+05	-15.0868 50.8901 0.7260	
33.384222 263.600129	4.85e-01  7.82e-01  3.50e+05	15.0152 63.3926 0.3990	
33.384222 263.600129	5.38e-01  7.23e-01  3.51e+05	-23.4310 60.0268 0.4769	
33.384222 263.600129	4.83e-01  7.38e-01  3.57e+05	16.0496 57.6949 0.7503	
33.384222 263.600129	4.08e-01  8.02e-01  3.59e+05	5.9742 58.2367 0.3235	
33.384222 263.600129	5.14e-01  8.64e-01  3.34e+05	-0.0349 75.6309 0.9378	
33.384222 263.600129	7.13e-01  7.82e-01  3.18e+05	-6.5375 84.3277 0.1856	
33.384222 263.600129	4.86e-01  6.80e-01  3.66e+05	6.9672 52.1536 0.6497	
33.384222 263.600129	5.85e-01  9.13e-01  3.17e+05	-17.5379 82.9544 0.3804	
33.384222 263.600129	5.61e-01  8.72e-01  3.26e+05	-22.2811 76.9365 0.3631	
33.384222 263.600129	5.73e-01  6.69e-01  3.54e+05	11.2969 61.3739 0.4043	
33.384222 263.600129	4.39e-01  7.64e-01  3.60e+05	-17.6775 54.8724 0.4921	
33.384222 263.600129	6.57e-01  8.53e-01  3.16e+05	36.2625 77.5098 0.3580	
33.384222 263.600129	6.01e-01  7.79e-01  3.33e+05	12.3484 74.8465 0.5954	
33.384222 263.600129	4.20e-01  8.58e-01  3.48e+05	11.6193 65.3450 0.1486	
33.384222 263.600129	6.74e-01  8.55e-01  3.14e+05	28.4346 82.0242 0.4322	
33.384222 263.600129	5.31e-01  6.96e-01  3.56e+05	24.7992 55.2760 0.3256	
33.384222 263.600129	5.91e-01  8.39e-01  3.26e+05	21.6508 76.8233 0.9395	
33.384222 263.600129	3.16e-01  7.85e-01  3.77e+05	10.8885 40.1197 0.5220	
