33.384222 268.518965	6.40e-01  6.84e-01  4.17e+05	0.0000 72.1134 0.6259	
33.384222 268.518965	5.91e-01  6.45e-01  4.34e+05	-25.2025 57.4934 0.2227	
33.384222 268.518965	4.51e-01  8.75e-01  4.17e+05	-17.7048 70.0457 0.5383	
33.384222 268.518965	8.15e-01  9.10e-01  3.56e+05	1.1199 99.6291 0.0109	
33.384222 268.518965	7.31e-01  8.26e-01  3.79e+05	-22.0961 87.4185 0.3072	
33.384222 268.518965	7.11e-01  8.28e-01  3.82e+05	23.6967 85.7700 0.2040	
33.384222 268.518965	6.77e-01  8.56e-01  3.83e+05	-29.1059 83.6654 0.6446	
33.384222 268.518965	6.96e-01  8.96e-01  3.74e+05	-22.3361 89.5280 0.5043	
33.384222 268.518965	6.14e-01  8.28e-01  3.97e+05	24.3959 78.5039 0.1503	
33.384222 268.518965	4.23e-01  8.83e-01  4.21e+05	-6.3577 69.9749 0.8768	
33.384222 268.518965	6.56e-01  8.01e-01  3.95e+05	25.0515 79.4155 0.5950	
33.384222 268.518965	4.56e-01  9.22e-01  4.08e+05	-43.5665 63.4014 0.9671	
33.384222 268.518965	6.81e-01  7.74e-01  3.95e+05	46.2109 69.1252 0.1245	
33.384222 268.518965	6.10e-01  8.91e-01  3.88e+05	5.3863 86.2805 0.0847	
33.384222 268.518965	6.07e-01  8.95e-01  3.88e+05	1.8073 86.4651 0.1674	
33.384222 268.518965	5.09e-01  7.44e-01  4.30e+05	3.4274 64.6290 0.0073	
33.384222 268.518965	5.91e-01  7.43e-01  4.15e+05	-18.8163 70.5263 0.5803	
33.384222 268.518965	6.95e-01  8.13e-01  3.87e+05	-4.5943 86.8100 0.4194	
33.384222 268.518965	6.48e-01  9.14e-01  3.78e+05	-39.4311 81.3561 0.5011	
33.384222 268.518965	7.48e-01  8.69e-01  3.70e+05	-13.6005 92.7804 0.0459	
33.384222 268.518965	5.20e-01  7.21e-01  4.32e+05	-6.5780 63.0640 0.1175	
33.384222 268.518965	4.98e-01  9.39e-01  3.98e+05	0.2444 81.7777 0.8072	
33.384222 268.518965	4.16e-01  9.18e-01  4.15e+05	0.2625 73.0955 0.9276	
33.384222 268.518965	4.73e-01  7.74e-01  4.31e+05	-3.1480 64.0307 0.2058	
33.384222 268.518965	5.45e-01  7.54e-01  4.22e+05	-24.0426 65.3389 0.3673	
33.384222 268.518965	4.06e-01  9.29e-01  4.15e+05	-27.2988 67.8234 0.0541	
33.384222 268.518965	7.09e-01  9.30e-01  3.67e+05	-32.1159 89.3990 0.8259	
33.384222 268.518965	3.86e-01  8.80e-01  4.28e+05	27.1162 60.3183 0.1153	
33.384222 268.518965	4.47e-01  8.11e-01  4.29e+05	35.9607 54.4994 0.8219	
33.384222 268.518965	5.68e-01  7.63e-01  4.16e+05	-30.8246 65.8852 0.3113	
33.384222 268.518965	4.25e-01  7.02e-01  4.56e+05	3.8758 46.9019 0.9438	
33.384222 268.518965	5.58e-01  7.62e-01  4.18e+05	-11.9238 70.7030 0.4073	
33.384222 268.518965	5.86e-01  7.96e-01  4.07e+05	-6.4228 77.1186 0.0941	
33.384222 268.518965	6.62e-01  8.55e-01  3.85e+05	-11.3248 86.7243 0.7201	
33.384222 268.518965	6.40e-01  7.82e-01  4.00e+05	-17.9300 78.5873 0.3525	
33.384222 268.518965	6.60e-01  9.71e-01  3.69e+05	-30.0623 89.6251 0.6536	
33.384222 268.518965	3.21e-01  9.60e-01  4.25e+05	-14.9277 66.1414 0.7110	
33.384222 268.518965	7.47e-01  8.24e-01  3.77e+05	17.5047 89.3013 0.3862	
33.384222 268.518965	5.90e-01  8.67e-01  3.95e+05	7.7336 82.9472 0.5875	
33.384222 268.518965	5.37e-01  6.11e-01  4.51e+05	1.7818 50.6422 0.1679	
33.384222 268.518965	5.54e-01  7.21e-01  4.26e+05	18.7244 64.4293 0.3370	
33.384222 268.518965	3.91e-01  9.67e-01  4.11e+05	-8.2139 74.7923 0.5332	
33.384222 268.518965	6.33e-01  7.37e-01  4.09e+05	29.7181 70.3323 0.6416	
33.384222 268.518965	6.12e-01  9.03e-01  3.85e+05	-13.2917 86.3640 0.2304	
33.384222 268.518965	6.47e-01  9.17e-01  3.78e+05	-3.0594 90.4811 0.3334	
33.384222 268.518965	3.84e-01  9.14e-01  4.22e+05	15.6088 67.7909 0.6556	
33.384222 268.518965	4.11e-01  8.99e-01  4.20e+05	-10.5396 69.9138 0.5910	
33.384222 268.518965	6.57e-01  6.91e-01  4.13e+05	12.6190 73.2601 0.8850	
33.384222 268.518965	6.36e-01  8.82e-01  3.85e+05	-9.6598 87.0448 0.6567	
33.384222 268.518965	4.73e-01  7.96e-01  4.27e+05	2.3440 66.3912 0.1046	
33.384222 268.518965	4.82e-01  7.72e-01  4.30e+05	8.3532 64.3011 0.9526	
33.384222 268.518965	6.70e-01  7.62e-01  3.99e+05	10.0484 80.7844 0.6019	
33.384222 268.518965	3.93e-01  7.78e-01  4.47e+05	-1.8743 54.1635 0.7571	
33.384222 268.518965	4.96e-01  9.29e-01  4.00e+05	25.4709 76.7069 0.2674	
33.384222 268.518965	4.78e-01  7.77e-01  4.30e+05	-30.6855 57.2069 0.0925	
33.384222 268.518965	6.59e-01  7.58e-01  4.01e+05	-37.5780 70.8107 0.6013	
33.384222 268.518965	5.41e-01  9.12e-01  3.95e+05	-15.0872 81.6322 0.4425	
33.384222 268.518965	5.14e-01  8.26e-01  4.14e+05	-3.3644 73.5700 0.1685	
33.384222 268.518965	6.12e-01  7.27e-01  4.15e+05	8.7825 72.9442 0.6462	
33.384222 268.518965	7.39e-01  9.67e-01  3.58e+05	-82.9802 53.2701 0.3589	
33.384222 268.518965	6.38e-01  8.32e-01  3.93e+05	30.5703 78.4395 0.8114	
33.384222 268.518965	5.60e-01  7.33e-01  4.23e+05	-9.7135 68.3342 0.7253	
33.384222 268.518965	6.65e-01  7.56e-01  4.01e+05	-5.5360 80.3100 0.2779	
33.384222 268.518965	6.09e-01  7.87e-01  4.05e+05	17.9860 76.3670 0.3845	
33.384222 268.518965	6.21e-01  8.81e-01  3.88e+05	-5.2708 86.3281 0.0875	
33.384222 268.518965	6.38e-01  7.49e-01  4.06e+05	-27.4112 72.7686 0.2512	
33.384222 268.518965	5.26e-01  8.68e-01  4.05e+05	25.6315 74.0409 0.7600	
33.384222 268.518965	4.71e-01  7.68e-01  4.33e+05	14.8190 61.2381 0.8991	
33.384222 268.518965	5.27e-01  7.04e-01  4.34e+05	-13.1216 60.8256 0.5153	
33.384222 268.518965	4.67e-01  7.24e-01  4.42e+05	-14.5666 55.1610 0.9431	
33.384222 268.518965	6.10e-01  8.76e-01  3.90e+05	3.7082 85.2928 0.0388	
33.384222 268.518965	4.70e-01  9.09e-01  4.08e+05	-10.7098 76.2914 0.5457	
33.384222 268.518965	5.14e-01  8.29e-01  4.14e+05	16.6668 71.9629 0.1744	
33.384222 268.518965	7.82e-01  9.34e-01  3.57e+05	-15.2662 97.9433 0.7698	
33.384222 268.518965	5.32e-01  9.52e-01  3.90e+05	2.8039 85.2001 0.0561	
33.384222 268.518965	3.70e-01  8.37e-01  4.39e+05	-40.6836 42.9374 0.4885	
33.384222 268.518965	4.33e-01  9.00e-01  4.16e+05	-28.4628 67.1457 0.9631	
33.384222 268.518965	6.84e-01  9.12e-01  3.73e+05	-33.4990 86.2404 0.1234	
33.384222 268.518965	4.82e-01  7.96e-01  4.26e+05	2.6189 67.4363 0.0327	
33.384222 268.518965	5.95e-01  8.26e-01  4.01e+05	-16.5007 78.7788 0.2824	
33.384222 268.518965	6.48e-01  8.93e-01  3.82e+05	23.8954 85.8011 0.5935	
33.384222 268.518965	6.12e-01  8.47e-01  3.94e+05	32.1876 76.9621 0.0267	
33.384222 268.518965	8.49e-01  8.85e-01  3.55e+05	24.5280 96.9807 0.1297	
33.384222 268.518965	5.68e-01  8.15e-01  4.07e+05	30.7394 70.9601 0.9980	
33.384222 268.518965	5.40e-01  8.59e-01  4.04e+05	6.2151 78.4993 0.6570	
33.384222 268.518965	5.55e-01  7.81e-01  4.15e+05	-16.5405 71.3896 0.9958	
33.384222 268.518965	6.35e-01  8.00e-01  3.98e+05	8.3785 81.1895 0.0794	
33.384222 268.518965	5.55e-01  9.42e-01  3.88e+05	2.3619 86.1527 0.6775	
33.384222 268.518965	5.22e-01  8.40e-01  4.10e+05	16.5134 73.8064 0.5205	
33.384222 268.518965	4.10e-01  7.58e-01  4.47e+05	-31.5410 43.6142 0.4000	
33.384222 268.518965	4.87e-01  7.30e-01  4.37e+05	-5.0492 60.2773 0.1608	
33.384222 268.518965	5.14e-01  6.84e-01  4.41e+05	-13.4998 56.4363 0.0898	
33.384222 268.518965	6.61e-01  8.15e-01  3.92e+05	35.5109 76.8840 0.3049	
33.384222 268.518965	5.93e-01  7.19e-01  4.19e+05	35.5130 61.4734 0.1822	
33.384222 268.518965	3.95e-01  9.39e-01  4.15e+05	-9.1600 72.4537 0.8874	
33.384222 268.518965	5.18e-01  6.15e-01  4.55e+05	15.0872 45.7754 0.7019	
33.384222 268.518965	5.39e-01  7.98e-01  4.15e+05	10.0998 72.6690 0.5380	
33.384222 268.518965	5.43e-01  8.40e-01  4.07e+05	44.2554 63.4569 0.5458	
33.384222 268.518965	7.41e-01  9.22e-01  3.64e+05	35.6800 89.4932 0.8703	
33.384222 268.518965	5.71e-01  8.47e-01  4.01e+05	14.6573 79.0063 0.9594	
33.384222 268.518965	3.13e-01  7.90e-01  4.61e+05	6.1279 42.2995 0.5043	
33.384222 268.518965	6.98e-01  8.94e-01  3.74e+05	-20.8476 89.9165 0.3482	
33.384222 268.518965	6.70e-01  7.89e-01  3.94e+05	9.9937 82.8461 0.3416	
33.384222 268.518965	5.66e-01  7.63e-01  4.16e+05	-8.1933 72.0434 0.0358	
33.384222 268.518965	5.81e-01  7.81e-01  4.10e+05	28.4304 70.0846 0.0781	
33.384222 268.518965	7.85e-01  8.61e-01  3.66e+05	16.1689 94.0687 0.4088	
33.384222 268.518965	5.34e-01  7.17e-01  4.31e+05	-26.8106 58.6002 0.0708	
33.384222 268.518965	7.50e-01  9.48e-01  3.59e+05	-4.0459 98.1300 0.6442	
33.384222 268.518965	7.42e-01  9.26e-01  3.63e+05	1.1187 96.6454 0.3983	
33.384222 268.518965	6.47e-01  6.73e-01  4.18e+05	8.2411 71.2588 0.5796	
33.384222 268.518965	4.56e-01  8.09e-01  4.28e+05	3.4824 65.9709 0.3957	
33.384222 268.518965	6.62e-01  8.85e-01  3.81e+05	25.5750 85.7611 0.0524	
33.384222 268.518965	5.95e-01  9.51e-01  3.81e+05	25.6342 85.6303 0.4887	
33.384222 268.518965	7.13e-01  8.46e-01  3.79e+05	6.3652 90.0203 0.3022	
33.384222 268.518965	4.92e-01  7.54e-01  4.32e+05	-6.7111 63.5881 0.1319	
33.384222 268.518965	8.38e-01  9.29e-01  3.50e+05	-16.2591 100.3568 0.0768	
33.384222 268.518965	5.72e-01  7.40e-01  4.19e+05	17.1403 68.8994 0.1744	
33.384222 268.518965	5.70e-01  8.87e-01  3.94e+05	54.6661 62.8829 0.6275	
33.384222 268.518965	5.92e-01  7.13e-01  4.21e+05	31.8544 62.6005 0.7866	
33.384222 268.518965	6.81e-01  7.95e-01  3.91e+05	27.6205 80.0912 0.6166	
33.384222 268.518965	5.99e-01  9.25e-01  3.84e+05	44.9680 75.6169 0.6615	
33.384222 268.518965	5.82e-01  6.33e-01  4.38e+05	-21.0452 56.3617 0.0485	
33.384222 268.518965	5.82e-01  6.80e-01  4.28e+05	3.2449 65.7203 0.9436	
33.384222 268.518965	6.20e-01  8.61e-01  3.91e+05	16.8088 83.3537 0.4804	
33.384222 268.518965	3.47e-01  8.68e-01  4.38e+05	-15.7041 58.0272 0.7026	
33.384222 268.518965	7.38e-01  9.67e-01  3.58e+05	5.4619 98.4050 0.6557	
33.384222 268.518965	3.95e-01  8.24e-01  4.37e+05	-12.5457 59.4316 0.0687	
33.384222 268.518965	5.06e-01  8.58e-01  4.10e+05	-39.9932 64.3440 0.2784	
33.384222 268.518965	8.70e-01  9.37e-01  3.45e+05	38.4867 96.1079 0.0333	
33.384222 268.518965	4.80e-01  7.69e-01  4.31e+05	-10.8032 63.3466 0.2038	
33.384222 268.518965	7.15e-01  9.37e-01  3.66e+05	-10.8313 95.1361 0.3106	
33.384222 268.518965	5.32e-01  8.35e-01  4.10e+05	-7.0769 75.7073 0.7857	
33.384222 268.518965	3.89e-01  8.96e-01  4.24e+05	-2.7031 68.1370 0.7371	
33.384222 268.518965	6.21e-01  7.82e-01  4.03e+05	32.0894 72.2715 0.8856	
33.384222 268.518965	5.20e-01  7.14e-01  4.34e+05	7.4736 61.9941 0.8099	
33.384222 268.518965	5.43e-01  9.80e-01  3.84e+05	25.1523 84.3000 0.3410	
33.384222 268.518965	6.04e-01  8.43e-01  3.96e+05	20.4825 79.9948 0.8220	
33.384222 268.518965	4.49e-01  8.05e-01  4.30e+05	2.2830 64.7326 0.1668	
33.384222 268.518965	7.96e-01  8.92e-01  3.61e+05	-41.2748 88.5525 0.6441	
33.384222 268.518965	4.60e-01  7.27e-01  4.43e+05	13.8975 54.8003 0.3564	
33.384222 268.518965	5.95e-01  8.18e-01  4.02e+05	34.8205 71.8483 0.4999	
33.384222 268.518965	5.13e-01  7.48e-01  4.29e+05	-4.4311 65.4856 0.7281	
33.384222 268.518965	5.96e-01  8.91e-01  3.90e+05	43.7036 73.3816 0.0808	
33.384222 268.518965	4.53e-01  8.13e-01  4.28e+05	10.9760 65.2587 0.2451	
33.384222 268.518965	5.22e-01  9.78e-01  3.88e+05	19.1681 84.1921 0.4432	
33.384222 268.518965	5.13e-01  7.79e-01  4.23e+05	4.0916 68.8429 0.6876	
33.384222 268.518965	5.39e-01  9.66e-01  3.87e+05	-21.3542 84.0187 0.2719	
33.384222 268.518965	5.51e-01  8.00e-01  4.12e+05	-37.0024 64.7974 0.6970	
33.384222 268.518965	6.04e-01  9.50e-01  3.80e+05	18.9799 87.9144 0.4002	
33.384222 268.518965	6.63e-01  8.08e-01  3.92e+05	26.3491 80.0726 0.4702	
33.384222 268.518965	6.39e-01  9.39e-01  3.76e+05	7.9909 91.0656 0.3121	
33.384222 268.518965	7.06e-01  8.32e-01  3.82e+05	-46.8812 75.5790 0.8514	
33.384222 268.518965	6.54e-01  8.54e-01  3.87e+05	-30.0880 81.4909 0.5048	
33.384222 268.518965	3.33e-01  8.66e-01  4.41e+05	-0.0199 58.1016 0.5946	
33.384222 268.518965	5.56e-01  8.19e-01  4.08e+05	-9.8163 76.0820 0.3337	
33.384222 268.518965	6.01e-01  8.58e-01  3.94e+05	-0.6094 83.4596 0.8218	
33.384222 268.518965	5.78e-01  6.87e-01  4.28e+05	-10.3787 65.2081 0.7996	
33.384222 268.518965	5.68e-01  8.83e-01  3.96e+05	2.8123 82.7608 0.3171	
33.384222 268.518965	5.29e-01  9.26e-01  3.95e+05	0.7736 83.1206 0.3748	
33.384222 268.518965	7.31e-01  8.95e-01  3.69e+05	17.4889 92.6446 0.5141	
33.384222 268.518965	4.76e-01  7.25e-01  4.40e+05	8.0360 57.7934 0.0815	
33.384222 268.518965	5.43e-01  7.57e-01  4.21e+05	1.1808 69.7618 0.1199	
33.384222 268.518965	7.36e-01  8.98e-01  3.68e+05	-26.9352 90.8279 0.0864	
33.384222 268.518965	5.16e-01  8.40e-01  4.11e+05	-31.0268 68.3613 0.4129	
33.384222 268.518965	5.13e-01  8.91e-01  4.03e+05	-22.4219 75.9315 0.2074	
33.384222 268.518965	7.86e-01  9.05e-01  3.60e+05	-11.9830 97.1279 0.0521	
33.384222 268.518965	6.79e-01  8.94e-01  3.77e+05	-20.0348 88.9028 0.8695	
33.384222 268.518965	4.08e-01  8.97e-01  4.20e+05	26.8327 64.9837 0.6667	
33.384222 268.518965	6.04e-01  6.96e-01  4.21e+05	8.6390 69.2390 0.7082	
33.384222 268.518965	5.62e-01  7.54e-01  4.19e+05	-10.8344 70.4734 0.3962	
33.384222 268.518965	4.29e-01  8.24e-01  4.30e+05	8.5239 64.1552 0.2315	
33.384222 268.518965	5.79e-01  7.42e-01  4.18e+05	6.1117 71.5097 0.7758	
33.384222 268.518965	4.44e-01  7.36e-01  4.45e+05	-1.6356 55.5094 0.9912	
33.384222 268.518965	4.88e-01  8.45e-01  4.16e+05	-5.9562 72.7119 0.2716	
33.384222 268.518965	5.38e-01  8.67e-01  4.03e+05	2.5365 79.2202 0.3530	
33.384222 268.518965	6.20e-01  8.43e-01  3.94e+05	4.5193 83.6052 0.2426	
33.384222 268.518965	5.30e-01  7.58e-01  4.24e+05	-33.7796 59.6502 0.5465	
33.384222 268.518965	5.56e-01  6.94e-01  4.31e+05	20.5977 61.0031 0.8056	
33.384222 268.518965	7.40e-01  9.05e-01  3.67e+05	-16.8868 93.8560 0.1758	
33.384222 268.518965	6.23e-01  9.64e-01  3.75e+05	-12.2599 91.1408 0.8899	
33.384222 268.518965	6.33e-01  9.36e-01  3.77e+05	23.4760 87.7825 0.1350	
33.384222 268.518965	5.36e-01  6.96e-01  4.34e+05	-12.8007 60.9376 0.5116	
33.384222 268.518965	4.39e-01  8.41e-01  4.25e+05	-40.9082 53.9995 0.3310	
33.384222 268.518965	5.47e-01  8.21e-01  4.09e+05	-8.0418 75.7504 0.4144	
33.384222 268.518965	3.67e-01  9.41e-01  4.20e+05	3.9304 70.4302 0.8783	
33.384222 268.518965	7.31e-01  9.55e-01  3.61e+05	10.4823 97.0120 0.6613	
33.384222 268.518965	7.36e-01  8.60e-01  3.73e+05	1.2272 92.5326 0.6128	
33.384222 268.518965	5.22e-01  7.94e-01  4.19e+05	2.6201 71.2427 0.4507	
33.384222 268.518965	5.32e-01  9.10e-01  3.97e+05	24.4104 78.4643 0.9220	
33.384222 268.518965	5.45e-01  8.16e-01  4.11e+05	20.7950 72.5818 0.0724	
33.384222 268.518965	6.53e-01  8.54e-01  3.87e+05	-20.0446 84.4706 0.1250	
33.384222 268.518965	4.12e-01  7.51e-01  4.48e+05	-10.6425 51.9335 0.0900	
33.384222 268.518965	5.57e-01  8.24e-01  4.07e+05	6.8513 76.9699 0.4723	
33.384222 268.518965	5.12e-01  7.62e-01  4.26e+05	-17.7241 64.6045 0.6664	
33.384222 268.518965	7.39e-01  9.75e-01  3.57e+05	-33.4179 93.2412 0.0828	
33.384222 268.518965	5.38e-01  8.29e-01  4.10e+05	-20.9722 73.1201 0.9452	
33.384222 268.518965	4.54e-01  7.56e-01  4.39e+05	13.8148 57.8981 0.0228	
33.384222 268.518965	6.91e-01  8.02e-01  3.89e+05	-45.4596 72.8336 0.0196	
33.384222 268.518965	5.71e-01  9.50e-01  3.85e+05	-45.8318 74.8601 0.9639	
33.384222 268.518965	5.69e-01  7.88e-01  4.11e+05	15.2682 73.5818 0.2119	
33.384222 268.518965	5.68e-01  9.34e-01  3.88e+05	-24.2452 82.9665 0.6876	
33.384222 268.518965	4.56e-01  9.00e-01  4.11e+05	-26.8060 70.1329 0.6802	
33.384222 268.518965	4.30e-01  7.25e-01  4.50e+05	12.2672 50.2690 0.2198	
33.384222 268.518965	5.92e-01  7.06e-01  4.22e+05	24.4281 65.1102 0.3582	
33.384222 268.518965	7.36e-01  8.82e-01  3.70e+05	-6.0405 93.5986 0.9653	
33.384222 268.518965	5.23e-01  7.03e-01  4.35e+05	2.3954 61.5185 0.2149	
33.384222 268.518965	7.56e-01  7.82e-01  3.82e+05	-3.9299 88.8436 0.6241	
33.384222 268.518965	4.38e-01  8.18e-01  4.30e+05	14.7803 63.4395 0.3777	
33.384222 268.518965	4.36e-01  7.29e-01  4.48e+05	-3.1736 53.2444 0.1351	
33.384222 268.518965	5.55e-01  6.34e-01  4.43e+05	-11.2956 55.6399 0.4877	
33.384222 268.518965	7.25e-01  8.35e-01  3.79e+05	8.7737 89.9005 0.9249	
33.384222 268.518965	6.73e-01  8.94e-01  3.78e+05	24.2039 87.4616 0.9280	
33.384222 268.518965	5.86e-01  9.19e-01  3.87e+05	-25.0407 82.9704 0.1475	
33.384222 268.518965	4.01e-01  8.00e-01  4.40e+05	0.6700 58.3843 0.1590	
33.384222 268.518965	7.00e-01  7.82e-01  3.91e+05	1.5557 85.0855 0.5830	
33.384222 268.518965	3.37e-01  7.94e-01  4.55e+05	14.7681 45.5712 0.5654	
33.384222 268.518965	4.69e-01  8.36e-01  4.21e+05	-11.8509 69.2205 0.5731	
33.384222 268.518965	5.06e-01  7.23e-01  4.35e+05	-20.2941 58.4370 0.8454	
33.384222 268.518965	5.16e-01  6.70e-01  4.44e+05	-6.9713 55.8651 0.8219	
33.384222 268.518965	6.68e-01  7.82e-01  3.96e+05	13.2530 81.6821 0.3474	
33.384222 268.518965	6.93e-01  8.00e-01  3.89e+05	-15.4229 84.4878 0.8397	
33.384222 268.518965	4.17e-01  8.14e-01  4.35e+05	17.6237 59.5643 0.0365	
33.384222 268.518965	5.85e-01  9.42e-01  3.84e+05	9.4006 87.6739 0.0412	
33.384222 268.518965	3.56e-01  7.30e-01  4.65e+05	-1.4701 39.2305 0.8468	
33.384222 268.518965	4.42e-01  9.10e-01  4.12e+05	-39.9117 63.1144 0.5793	
33.384222 268.518965	5.37e-01  6.91e-01  4.35e+05	-12.7645 60.4120 0.1740	
33.384222 268.518965	5.12e-01  8.37e-01  4.13e+05	31.5677 67.3506 0.9784	
33.384222 268.518965	6.06e-01  8.21e-01  4.00e+05	-30.5537 74.9632 0.5214	
33.384222 268.518965	5.16e-01  7.03e-01  4.37e+05	-9.1098 59.9006 0.3248	
33.384222 268.518965	7.52e-01  8.77e-01  3.69e+05	33.5739 88.2905 0.9454	
33.384222 268.518965	5.85e-01  8.27e-01  4.02e+05	49.4867 62.6036 0.6809	
33.384222 268.518965	7.50e-01  8.16e-01  3.78e+05	-1.9637 90.6598 0.5021	
33.384222 268.518965	7.08e-01  8.58e-01  3.78e+05	28.2613 86.1769 0.9600	
33.384222 268.518965	6.68e-01  7.64e-01  3.99e+05	13.8403 80.2215 0.6101	
33.384222 268.518965	6.81e-01  8.45e-01  3.84e+05	39.8957 78.5639 0.5413	
33.384222 268.518965	5.02e-01  8.30e-01  4.16e+05	-5.1642 72.6594 0.2763	
33.384222 268.518965	7.13e-01  8.49e-01  3.78e+05	28.4898 85.8776 0.8249	
33.384222 268.518965	5.37e-01  7.22e-01  4.29e+05	-8.2300 64.9386 0.8786	
33.384222 268.518965	6.81e-01  8.83e-01  3.78e+05	41.1714 80.6565 0.2346	
33.384222 268.518965	5.38e-01  8.91e-01  3.99e+05	-7.6124 80.8201 0.3019	
33.384222 268.518965	5.65e-01  9.46e-01  3.86e+05	-0.3164 87.1082 0.3879	
33.384222 268.518965	6.68e-01  8.82e-01  3.80e+05	14.9535 88.4508 0.7567	
33.384222 268.518965	6.38e-01  9.89e-01  3.69e+05	34.9126 87.6462 0.1988	
33.384222 268.518965	6.55e-01  7.76e-01  3.99e+05	-19.1515 79.0240 0.1267	
33.384222 268.518965	4.98e-01  7.84e-01  4.25e+05	2.5499 67.8920 0.4004	
33.384222 268.518965	7.06e-01  7.69e-01  3.92e+05	-2.8134 84.5296 0.9260	
33.384222 268.518965	6.16e-01  6.86e-01  4.21e+05	5.9930 69.7231 0.6587	
33.384222 268.518965	3.74e-01  9.55e-01  4.16e+05	10.9010 71.8002 0.4276	
33.384222 268.518965	5.60e-01  7.89e-01  4.13e+05	19.1234 72.0126 0.5228	
33.384222 268.518965	5.43e-01  7.37e-01  4.25e+05	-3.3281 67.5885 0.4081	
33.384222 268.518965	5.53e-01  8.64e-01  4.01e+05	-8.5090 79.7583 0.9867	
33.384222 268.518965	6.77e-01  8.67e-01  3.81e+05	-18.0039 87.4784 0.7788	
33.384222 268.518965	6.46e-01  8.16e-01  3.94e+05	-30.0594 78.0811 0.1623	
33.384222 268.518965	5.70e-01  9.12e-01  3.91e+05	-20.5462 82.6022 0.1180	
33.384222 268.518965	3.21e-01  8.49e-01  4.47e+05	-23.7077 48.5180 0.2487	
33.384222 268.518965	6.02e-01  9.48e-01  3.80e+05	10.9507 89.0323 0.2308	
33.384222 268.518965	6.95e-01  8.62e-01  3.79e+05	-16.0546 88.7174 0.9926	
33.384222 268.518965	6.48e-01  8.21e-01  3.93e+05	26.2216 79.9640 0.5301	
33.384222 268.518965	4.05e-01  9.24e-01  4.16e+05	43.9757 57.7205 0.8420	
33.384222 268.518965	5.93e-01  6.15e-01  4.39e+05	16.4498 56.9013 0.6053	
33.384222 268.518965	6.58e-01  8.30e-01  3.90e+05	-5.1074 85.3072 0.6566	
33.384222 268.518965	5.03e-01  8.55e-01  4.11e+05	-11.0161 74.3712 0.1142	
33.384222 268.518965	3.22e-01  8.35e-01  4.49e+05	-3.7845 52.0422 0.3460	
33.384222 268.518965	5.87e-01  9.44e-01  3.83e+05	0.7287 88.4275 0.0258	
33.384222 268.518965	3.76e-01  9.11e-01  4.24e+05	-11.3938 67.4729 0.5082	
33.384222 268.518965	6.09e-01  8.37e-01  3.96e+05	13.0457 81.4053 0.6340	
33.384222 268.518965	4.67e-01  7.77e-01  4.32e+05	-14.7092 61.9850 0.3495	
33.384222 268.518965	6.18e-01  8.82e-01  3.88e+05	-17.1188 84.6243 0.3268	
33.384222 268.518965	7.49e-01  9.01e-01  3.66e+05	-22.1684 93.0007 0.1505	
33.384222 268.518965	7.30e-01  8.66e-01  3.73e+05	43.2071 81.8333 0.9244	
33.384222 268.518965	7.52e-01  8.80e-01  3.68e+05	21.7419 92.0849 0.5625	
33.384222 268.518965	7.15e-01  9.05e-01  3.70e+05	16.0828 92.5170 0.3009	
33.384222 268.518965	6.49e-01  8.52e-01  3.88e+05	30.2356 80.9716 0.4781	
33.384222 268.518965	6.37e-01  8.19e-01  3.95e+05	-18.8937 80.9890 0.8895	
33.384222 268.518965	4.67e-01  9.15e-01  4.07e+05	25.0421 73.1029 0.0095	
33.384222 268.518965	6.00e-01  7.08e-01  4.20e+05	10.8282 69.7055 0.6947	
33.384222 268.518965	6.47e-01  7.02e-01  4.13e+05	4.0714 74.3172 0.4572	
33.384222 268.518965	4.20e-01  7.89e-01  4.39e+05	-0.4083 59.4329 0.3409	
33.384222 268.518965	6.68e-01  9.24e-01  3.74e+05	-48.4723 78.5237 0.4153	
33.384222 268.518965	6.74e-01  7.23e-01  4.05e+05	43.1544 65.6186 0.1912	
33.384222 268.518965	6.81e-01  8.44e-01  3.84e+05	-5.4948 87.8747 0.0621	
33.384222 268.518965	5.90e-01  7.72e-01  4.10e+05	-8.2453 75.2067 0.2535	
33.384222 268.518965	5.83e-01  7.27e-01  4.20e+05	16.3986 68.8675 0.5591	
33.384222 268.518965	7.26e-01  8.18e-01  3.81e+05	-24.3076 85.9224 0.4321	
33.384222 268.518965	6.09e-01  9.35e-01  3.81e+05	41.6365 78.9635 0.1509	
33.384222 268.518965	5.07e-01  8.04e-01  4.20e+05	6.8958 70.5063 0.9372	
33.384222 268.518965	4.28e-01  8.10e-01  4.33e+05	6.2985 62.6319 0.9575	
33.384222 268.518965	7.81e-01  8.11e-01  3.74e+05	12.5211 91.4359 0.0610	
33.384222 268.518965	5.09e-01  8.44e-01  4.12e+05	-14.7925 73.3930 0.9451	
33.384222 268.518965	5.70e-01  6.78e-01  4.31e+05	14.5207 62.4804 0.9738	
33.384222 268.518965	4.84e-01  7.49e-01  4.34e+05	8.2893 61.8163 0.9406	
33.384222 268.518965	4.28e-01  8.58e-01  4.24e+05	8.6129 67.7386 0.0230	
33.384222 268.518965	5.42e-01  6.73e-01  4.38e+05	23.5666 55.4243 0.7320	
33.384222 268.518965	5.28e-01  9.43e-01  3.92e+05	-34.8486 76.8269 0.6588	
33.384222 268.518965	5.75e-01  8.42e-01  4.01e+05	-3.8052 80.1425 0.9832	
33.384222 268.518965	5.22e-01  6.82e-01  4.40e+05	-5.4635 58.4984 0.4218	
33.384222 268.518965	5.49e-01  8.46e-01  4.05e+05	-12.7057 77.3676 0.3707	
33.384222 268.518965	6.63e-01  8.65e-01  3.83e+05	26.5115 84.1773 0.2793	
33.384222 268.518965	7.00e-01  9.31e-01  3.69e+05	-0.1702 94.5591 0.1473	
33.384222 268.518965	5.08e-01  7.61e-01  4.27e+05	18.2622 63.8940 0.9530	
33.384222 268.518965	5.70e-01  8.28e-01  4.04e+05	29.6673 72.8196 0.1922	
33.384222 268.518965	4.83e-01  8.96e-01  4.08e+05	4.6726 76.8844 0.6406	
33.384222 268.518965	5.71e-01  7.13e-01  4.24e+05	-19.8760 65.1416 0.7606	
33.384222 268.518965	4.88e-01  7.40e-01  4.35e+05	9.5371 60.9280 0.8249	
33.384222 268.518965	6.19e-01  7.65e-01  4.07e+05	-26.1175 72.9672 0.6142	
33.384222 268.518965	6.24e-01  8.63e-01  3.90e+05	21.3581 82.7724 0.1805	
33.384222 268.518965	3.52e-01  9.42e-01  4.23e+05	-9.5704 68.4576 0.9696	
33.384222 268.518965	6.77e-01  7.59e-01  3.98e+05	-18.1224 79.6746 0.2574	
33.384222 268.518965	5.14e-01  9.13e-01  3.99e+05	-15.8589 79.4355 0.4218	
33.384222 268.518965	4.53e-01  8.12e-01  4.28e+05	-6.1842 65.7571 0.1707	
33.384222 268.518965	5.86e-01  9.19e-01  3.87e+05	-31.2160 80.9004 0.8671	
33.384222 268.518965	5.14e-01  9.13e-01  4.00e+05	-22.4180 77.7976 0.1326	
33.384222 268.518965	5.10e-01  8.29e-01  4.15e+05	37.9984 62.9058 0.1898	
33.384222 268.518965	8.24e-01  9.46e-01  3.50e+05	-9.4529 101.4060 0.5895	
33.384222 268.518965	5.94e-01  8.46e-01  3.97e+05	-19.0606 79.7149 0.7128	
33.384222 268.518965	6.48e-01  9.39e-01  3.75e+05	-64.4479 65.7009 0.4817	
33.384222 268.518965	5.43e-01  8.11e-01  4.12e+05	25.7318 70.3609 0.5135	
33.384222 268.518965	7.64e-01  8.85e-01  3.66e+05	27.2739 91.6183 0.5606	
33.384222 268.518965	5.99e-01  8.51e-01  3.96e+05	19.0747 80.5743 0.7695	
33.384222 268.518965	6.14e-01  8.91e-01  3.87e+05	12.6586 85.7225 0.3834	
33.384222 268.518965	5.30e-01  7.48e-01  4.26e+05	-8.2404 66.9754 0.9791	
33.384222 268.518965	5.30e-01  6.38e-01  4.47e+05	15.2129 51.6163 0.6696	
33.384222 268.518965	5.78e-01  7.43e-01  4.18e+05	-1.8572 71.8085 0.0697	
33.384222 268.518965	5.94e-01  8.44e-01  3.98e+05	-21.3721 78.9984 0.0485	
33.384222 268.518965	5.80e-01  7.97e-01  4.08e+05	6.9077 76.5838 0.6059	
33.384222 268.518965	6.78e-01  7.88e-01  3.93e+05	-14.9972 82.5995 0.2866	
33.384222 268.518965	6.51e-01  8.18e-01  3.93e+05	-3.6072 84.0673 0.0755	
33.384222 268.518965	7.38e-01  8.48e-01  3.75e+05	4.5222 91.7984 0.2094	
33.384222 268.518965	5.43e-01  8.52e-01  4.05e+05	-12.0851 77.4778 0.0266	
33.384222 268.518965	3.98e-01  8.98e-01  4.22e+05	-5.4223 69.0785 0.0708	
33.384222 268.518965	6.52e-01  8.30e-01  3.91e+05	-14.8759 83.7996 0.5234	
33.384222 268.518965	3.06e-01  9.11e-01  4.37e+05	-10.1755 59.5685 0.1863	
33.384222 268.518965	5.28e-01  9.19e-01  3.96e+05	-2.3927 82.4344 0.8290	
33.384222 268.518965	5.93e-01  7.29e-01  4.18e+05	-1.8657 71.8553 0.4121	
33.384222 268.518965	5.70e-01  7.61e-01  4.16e+05	15.6831 71.0381 0.4191	
33.384222 268.518965	5.53e-01  8.30e-01  4.07e+05	-3.1604 77.3301 0.1296	
33.384222 268.518965	5.46e-01  8.16e-01  4.10e+05	-16.6701 73.7733 0.7573	
33.384222 268.518965	6.20e-01  8.92e-01  3.86e+05	-46.9397 73.4492 0.2627	
33.384222 268.518965	4.26e-01  8.69e-01  4.22e+05	1.2507 69.2725 0.3964	
33.384222 268.518965	6.94e-01  7.54e-01  3.96e+05	-31.7705 76.2585 0.6331	
33.384222 268.518965	7.18e-01  8.69e-01  3.75e+05	12.6902 91.1020 0.3254	
33.384222 268.518965	6.82e-01  8.87e-01  3.77e+05	-25.5513 87.2276 0.9576	
33.384222 268.518965	6.49e-01  7.04e-01  4.12e+05	5.9507 74.5313 0.5307	
33.384222 268.518965	6.80e-01  9.25e-01  3.72e+05	33.5562 86.8098 0.0150	
33.384222 268.518965	5.82e-01  9.50e-01  3.83e+05	67.1285 57.7314 0.1920	
33.384222 268.518965	7.80e-01  9.17e-01  3.59e+05	-29.9029 93.5130 0.6799	
33.384222 268.518965	6.66e-01  9.12e-01  3.76e+05	63.4102 65.8557 0.5860	
33.384222 268.518965	3.77e-01  7.04e-01  4.66e+05	-5.7718 37.7243 0.6887	
33.384222 268.518965	3.11e-01  9.26e-01  4.33e+05	5.9446 62.5194 0.5393	
33.384222 268.518965	5.57e-01  8.44e-01  4.04e+05	-8.0201 78.5094 0.6351	
33.384222 268.518965	6.22e-01  9.65e-01  3.75e+05	-3.8089 91.8866 0.3252	
33.384222 268.518965	5.00e-01  8.69e-01  4.09e+05	2.9445 76.1596 0.8542	
33.384222 268.518965	6.07e-01  7.56e-01  4.10e+05	-11.4544 74.7849 0.7068	
33.384222 268.518965	6.21e-01  7.99e-01  4.01e+05	-17.4616 78.5458 0.0423	
33.384222 268.518965	5.18e-01  7.89e-01  4.20e+05	20.9332 67.2297 0.5502	
33.384222 268.518965	5.41e-01  6.04e-01  4.52e+05	-20.2745 46.0323 0.5593	
33.384222 268.518965	6.35e-01  7.72e-01  4.03e+05	-45.8120 64.9409 0.8693	
33.384222 268.518965	7.89e-01  9.32e-01  3.56e+05	-33.9318 93.4118 0.0099	
33.384222 268.518965	3.89e-01  8.58e-01  4.31e+05	-16.2569 61.9295 0.8265	
33.384222 268.518965	4.78e-01  9.62e-01  3.97e+05	20.4924 79.3945 0.1605	
33.384222 268.518965	5.08e-01  6.72e-01  4.45e+05	-17.4749 52.7613 0.8403	
33.384222 268.518965	4.56e-01  8.91e-01  4.13e+05	-3.0300 74.1837 0.0962	
33.384222 268.518965	7.50e-01  8.75e-01  3.69e+05	16.8147 92.7435 0.1167	
33.384222 268.518965	6.47e-01  7.80e-01  4.00e+05	-31.4049 74.6133 0.4982	
33.384222 268.518965	5.74e-01  9.00e-01  3.92e+05	-1.4354 84.4733 0.8691	
33.384222 268.518965	4.98e-01  8.59e-01  4.11e+05	-12.3939 74.1870 0.1784	
33.384222 268.518965	4.46e-01  7.61e-01  4.39e+05	-8.8546 58.4891 0.9671	
33.384222 268.518965	5.71e-01  8.35e-01  4.03e+05	24.3140 75.4998 0.7250	
33.384222 268.518965	5.50e-01  9.64e-01  3.86e+05	49.8809 71.6136 0.8026	
33.384222 268.518965	6.33e-01  8.03e-01  3.98e+05	8.3246 81.2194 0.2170	
33.384222 268.518965	5.78e-01  6.56e-01  4.34e+05	-11.0714 61.5885 0.6161	
33.384222 268.518965	6.69e-01  9.64e-01  3.68e+05	-8.0322 94.3352 0.3925	
33.384222 268.518965	7.18e-01  8.09e-01  3.84e+05	29.4663 83.0884 0.8902	
33.384222 268.518965	5.56e-01  7.54e-01  4.20e+05	18.1206 68.3494 0.8650	
33.384222 268.518965	4.04e-01  9.37e-01  4.14e+05	-38.4052 62.8645 0.2209	
33.384222 268.518965	5.19e-01  8.29e-01  4.13e+05	1.2405 74.2911 0.7880	
33.384222 268.518965	5.60e-01  8.64e-01  4.00e+05	43.1144 68.3087 0.2471	
33.384222 268.518965	6.13e-01  8.44e-01  3.95e+05	7.5994 82.8987 0.5936	
33.384222 268.518965	6.22e-01  9.69e-01  3.74e+05	-21.9140 89.6299 0.9718	
33.384222 268.518965	5.59e-01  7.47e-01  4.20e+05	-9.5321 69.7634 0.5772	
33.384222 268.518965	5.70e-01  6.62e-01  4.34e+05	-6.4769 61.8639 0.6376	
33.384222 268.518965	5.56e-01  8.67e-01  4.00e+05	11.7325 79.8318 0.0631	
33.384222 268.518965	6.34e-01  8.31e-01  3.93e+05	-28.3164 78.8896 0.1321	
33.384222 268.518965	6.55e-01  8.91e-01  3.81e+05	-15.2687 88.1101 0.0438	
33.384222 268.518965	5.12e-01  7.75e-01  4.24e+05	15.0803 66.7709 0.1380	
33.384222 268.518965	5.03e-01  9.16e-01  4.01e+05	-3.7559 80.3020 0.1889	
33.384222 268.518965	6.79e-01  7.75e-01  3.95e+05	5.1025 82.8501 0.1599	
33.384222 268.518965	4.21e-01  8.30e-01  4.31e+05	1.2964 64.4224 0.9160	
33.384222 268.518965	5.50e-01  7.15e-01  4.28e+05	7.6972 65.5103 0.2735	
33.384222 268.518965	5.32e-01  7.16e-01  4.31e+05	-10.7171 63.2623 0.6885	
33.384222 268.518965	5.57e-01  6.41e-01  4.41e+05	-4.0284 57.7553 0.3418	
33.384222 268.518965	6.92e-01  7.54e-01  3.96e+05	13.1471 81.3749 0.5531	
33.384222 268.518965	6.68e-01  8.89e-01  3.79e+05	-5.7939 89.9171 0.4427	
33.384222 268.518965	5.17e-01  8.70e-01  4.06e+05	-7.4788 77.3468 0.5144	
33.384222 268.518965	4.46e-01  7.46e-01  4.42e+05	21.5523 52.9982 0.0544	
33.384222 268.518965	6.89e-01  7.09e-01  4.04e+05	24.7903 74.6867 0.3182	
33.384222 268.518965	4.19e-01  7.74e-01  4.42e+05	1.6208 57.2822 0.2408	
33.384222 268.518965	5.24e-01  8.96e-01  4.01e+05	-0.8460 80.4166 0.9039	
33.384222 268.518965	7.45e-01  8.93e-01  3.68e+05	19.4153 92.9568 0.8560	
33.384222 268.518965	6.45e-01  8.43e-01  3.90e+05	38.2390 76.5508 0.6401	
33.384222 268.518965	6.52e-01  7.24e-01  4.08e+05	13.9177 75.5766 0.8110	
33.384222 268.518965	5.33e-01  8.37e-01  4.09e+05	-4.2275 76.1792 0.6256	
33.384222 268.518965	5.88e-01  7.87e-01  4.08e+05	-6.4127 76.4653 0.0158	
33.384222 268.518965	5.26e-01  8.97e-01  4.00e+05	13.5811 79.5357 0.7823	
33.384222 268.518965	6.17e-01  8.43e-01  3.94e+05	9.6851 82.9616 0.9625	
33.384222 268.518965	6.99e-01  7.94e-01  3.89e+05	-33.2956 79.1641 0.1681	
33.384222 268.518965	8.18e-01  9.63e-01  3.49e+05	43.3514 92.7126 0.8809	
33.384222 268.518965	7.61e-01  9.23e-01  3.61e+05	9.2399 97.0581 0.4532	
33.384222 268.518965	4.67e-01  8.90e-01  4.11e+05	11.4211 74.2525 0.6209	
33.384222 268.518965	6.21e-01  8.44e-01  3.93e+05	25.3696 79.9365 0.3435	
33.384222 268.518965	5.69e-01  6.42e-01  4.39e+05	-1.8887 59.5690 0.8963	
33.384222 268.518965	5.24e-01  8.92e-01  4.01e+05	0.3845 80.1218 0.3491	
33.384222 268.518965	5.32e-01  7.27e-01  4.29e+05	-25.8051 60.0311 0.8621	
33.384222 268.518965	5.30e-01  7.34e-01  4.28e+05	28.1213 59.6524 0.9317	
33.384222 268.518965	6.50e-01  8.17e-01  3.93e+05	-15.0480 82.6788 0.8924	
33.384222 268.518965	5.59e-01  7.46e-01  4.21e+05	22.6339 66.5158 0.0922	
33.384222 268.518965	5.54e-01  7.70e-01  4.17e+05	22.1692 68.6069 0.4830	
33.384222 268.518965	4.72e-01  8.49e-01  4.18e+05	21.1449 68.6493 0.8198	
33.384222 268.518965	7.37e-01  8.30e-01  3.78e+05	-3.3939 90.6911 0.0878	
33.384222 268.518965	6.50e-01  7.77e-01  3.99e+05	43.4066 68.3851 0.4920	
33.384222 268.518965	7.34e-01  7.88e-01  3.84e+05	-33.6206 81.1595 0.7794	
33.384222 268.518965	5.85e-01  8.59e-01  3.97e+05	14.6972 80.9411 0.6771	
33.384222 268.518965	7.59e-01  8.68e-01  3.69e+05	40.5515 85.1994 0.3411	
33.384222 268.518965	5.62e-01  8.76e-01  3.98e+05	28.0445 76.9313 0.2137	
33.384222 268.518965	6.38e-01  8.28e-01  3.93e+05	2.7130 83.8796 0.6651	
33.384222 268.518965	6.24e-01  8.90e-01  3.86e+05	-27.5622 82.8041 0.6887	
33.384222 268.518965	3.15e-01  7.81e-01  4.63e+05	-8.0154 40.3946 0.6466	
33.384222 268.518965	6.30e-01  8.37e-01  3.93e+05	-27.6650 79.2899 0.9887	
33.384222 268.518965	4.48e-01  8.78e-01  4.17e+05	-29.0201 66.1699 0.3644	
33.384222 268.518965	6.96e-01  7.05e-01  4.04e+05	-14.7702 77.5196 0.4698	
33.384222 268.518965	7.02e-01  7.89e-01  3.89e+05	31.1330 79.8764 0.3392	
33.384222 268.518965	6.32e-01  8.64e-01  3.88e+05	15.2353 84.6984 0.3833	
33.384222 268.518965	5.58e-01  8.96e-01  3.95e+05	-0.6344 83.0294 0.1296	
33.384222 268.518965	4.33e-01  8.31e-01  4.28e+05	3.0271 65.9023 0.1763	
33.384222 268.518965	4.96e-01  9.36e-01  3.99e+05	19.1183 79.0763 0.4863	
33.384222 268.518965	4.48e-01  7.88e-01  4.34e+05	3.8637 62.6408 0.8511	
33.384222 268.518965	7.69e-01  8.83e-01  3.65e+05	4.0360 95.6946 0.5345	
33.384222 268.518965	6.70e-01  8.55e-01  3.84e+05	28.7367 83.2116 0.2352	
33.384222 268.518965	6.23e-01  8.21e-01  3.97e+05	23.1308 79.0219 0.2800	
33.384222 268.518965	5.67e-01  7.06e-01  4.26e+05	8.3929 66.4135 0.7438	
33.384222 268.518965	5.94e-01  8.66e-01  3.94e+05	6.1833 83.2787 0.4201	
33.384222 268.518965	6.62e-01  7.87e-01  3.96e+05	24.5746 78.9584 0.1961	
33.384222 268.518965	8.28e-01  9.89e-01  3.44e+05	13.9961 103.0313 0.1399	
33.384222 268.518965	5.92e-01  8.51e-01  3.97e+05	-26.3492 77.9356 0.9730	
33.384222 268.518965	4.10e-01  9.57e-01  4.10e+05	-20.1902 73.3446 0.1466	
33.384222 268.518965	5.95e-01  7.47e-01  4.14e+05	19.5462 71.0977 0.2056	
33.384222 268.518965	6.58e-01  8.58e-01  3.85e+05	23.1199 84.3530 0.8921	
33.384222 268.518965	5.26e-01  7.55e-01  4.25e+05	-17.6111 65.3759 0.9071	
33.384222 268.518965	8.01e-01  8.25e-01  3.69e+05	-16.0139 92.8895 0.7368	
33.384222 268.518965	5.62e-01  7.59e-01  4.18e+05	-21.4713 68.4926 0.2025	
33.384222 268.518965	6.94e-01  8.71e-01  3.78e+05	42.8984 79.8561 0.5546	
33.384222 268.518965	6.20e-01  7.32e-01  4.12e+05	-14.2315 73.3336 0.9894	
33.384222 268.518965	7.27e-01  7.38e-01  3.93e+05	22.1274 80.9370 0.9904	
33.384222 268.518965	4.32e-01  8.79e-01  4.20e+05	8.2483 70.3203 0.9661	
33.384222 268.518965	6.29e-01  9.60e-01  3.74e+05	27.3860 87.9398 0.8246	
33.384222 268.518965	5.64e-01  8.61e-01  4.00e+05	15.1336 79.3813 0.5105	
33.384222 268.518965	5.22e-01  8.49e-01  4.09e+05	39.6218 65.2260 0.7480	
33.384222 268.518965	6.10e-01  8.76e-01  3.90e+05	-31.8634 79.2776 0.8436	
33.384222 268.518965	3.30e-01  9.06e-01  4.34e+05	-15.7629 60.7136 0.9237	
33.384222 268.518965	6.61e-01  7.63e-01  4.00e+05	6.9436 80.4770 0.8228	
33.384222 268.518965	6.97e-01  8.95e-01  3.74e+05	-22.5819 89.4651 0.3098	
33.384222 268.518965	4.39e-01  8.16e-01  4.30e+05	42.7460 48.7914 0.3748	
33.384222 268.518965	6.17e-01  8.95e-01  3.86e+05	-28.2805 82.5184 0.6698	
33.384222 268.518965	7.81e-01  8.82e-01  3.64e+05	-2.9093 96.3171 0.9500	
33.384222 268.518965	7.22e-01  8.60e-01  3.75e+05	-2.4712 91.6585 0.8342	
33.384222 268.518965	3.98e-01  8.75e-01  4.26e+05	-0.9986 66.9470 0.4083	
33.384222 268.518965	6.93e-01  8.40e-01  3.83e+05	-26.0368 84.6343 0.3214	
33.384222 268.518965	5.08e-01  9.16e-01  4.00e+05	10.7565 80.0588 0.5105	
33.384222 268.518965	6.02e-01  9.42e-01  3.81e+05	9.6723 88.7544 0.9855	
33.384222 268.518965	5.68e-01  7.48e-01  4.19e+05	-9.4016 70.7177 0.1119	
33.384222 268.518965	8.18e-01  9.12e-01  3.55e+05	-25.4730 96.5760 0.1216	
33.384222 268.518965	6.39e-01  6.80e-01  4.18e+05	20.7926 68.5059 0.6740	
33.384222 268.518965	5.66e-01  7.77e-01  4.14e+05	-21.4876 70.6777 0.8380	
33.384222 268.518965	7.20e-01  7.75e-01  3.89e+05	-8.0228 85.6493 0.1958	
33.384222 268.518965	5.07e-01  7.60e-01  4.28e+05	6.2554 66.0025 0.3249	
33.384222 268.518965	7.39e-01  9.54e-01  3.60e+05	65.1396 73.1498 0.2703	
33.384222 268.518965	6.52e-01  8.56e-01  3.86e+05	-4.5637 86.8458 0.4042	
33.384222 268.518965	4.57e-01  6.89e-01  4.52e+05	-12.9185 48.7456 0.5772	
33.384222 268.518965	4.03e-01  8.97e-01  4.22e+05	40.8954 56.4897 0.5746	
33.384222 268.518965	5.32e-01  8.64e-01  4.05e+05	11.5090 77.6061 0.4248	
33.384222 268.518965	6.80e-01  7.76e-01  3.95e+05	15.7092 81.7077 0.0763	
33.384222 268.518965	5.22e-01  7.39e-01  4.29e+05	-3.2598 65.5271 0.3824	
33.384222 268.518965	6.58e-01  8.68e-01  3.84e+05	4.2808 88.0607 0.4812	
33.384222 268.518965	6.10e-01  7.76e-01  4.06e+05	-13.3361 76.5353 0.1316	
33.384222 268.518965	4.75e-01  7.73e-01  4.31e+05	-7.6519 63.7021 0.3811	
33.384222 268.518965	6.48e-01  8.58e-01  3.87e+05	4.0382 86.6750 0.5377	
33.384222 268.518965	6.28e-01  6.50e-01  4.26e+05	5.4812 67.2195 0.2501	
33.384222 268.518965	5.92e-01  7.57e-01  4.13e+05	1.2114 74.4760 0.2919	
33.384222 268.518965	5.72e-01  8.18e-01  4.06e+05	4.8614 77.8082 0.3688	
33.384222 268.518965	5.73e-01  7.68e-01  4.14e+05	12.4904 72.6254 0.7502	
33.384222 268.518965	5.24e-01  7.30e-01  4.30e+05	-28.3005 58.4087 0.9130	
33.384222 268.518965	4.25e-01  7.25e-01  4.51e+05	-35.3478 36.8106 0.9280	
33.384222 268.518965	6.26e-01  8.79e-01  3.87e+05	-16.0910 85.1997 0.7390	
33.384222 268.518965	3.73e-01  9.50e-01  4.17e+05	4.0290 71.8651 0.2642	
33.384222 268.518965	6.81e-01  7.61e-01  3.97e+05	-13.3306 81.0466 0.9402	
33.384222 268.518965	4.81e-01  7.18e-01  4.41e+05	9.8666 57.2121 0.6257	
33.384222 268.518965	8.34e-01  8.59e-01  3.60e+05	-21.7796 95.5459 0.7253	
33.384222 268.518965	5.66e-01  7.06e-01  4.27e+05	-43.8211 50.4528 0.3430	
33.384222 268.518965	7.01e-01  8.13e-01  3.86e+05	13.7701 86.2146 0.4223	
33.384222 268.518965	6.06e-01  8.95e-01  3.88e+05	2.4842 86.3683 0.1372	
33.384222 268.518965	6.25e-01  8.07e-01  3.99e+05	-9.3327 80.8857 0.1678	
33.384222 268.518965	4.81e-01  8.42e-01  4.17e+05	-6.2455 71.7441 0.7211	
33.384222 268.518965	5.93e-01  7.92e-01  4.06e+05	-10.7443 76.8683 0.2637	
33.384222 268.518965	4.53e-01  8.75e-01  4.16e+05	16.0097 70.7566 0.3151	
33.384222 268.518965	6.96e-01  7.55e-01  3.96e+05	-6.8709 82.5459 0.8534	
33.384222 268.518965	6.60e-01  9.09e-01  3.77e+05	-44.1084 79.4588 0.6544	
33.384222 268.518965	5.88e-01  7.99e-01  4.06e+05	0.1669 77.8113 0.1262	
33.384222 268.518965	5.40e-01  7.42e-01  4.25e+05	-12.7857 66.5789 0.2698	
33.384222 268.518965	6.14e-01  7.61e-01  4.08e+05	18.0667 74.6173 0.7699	
33.384222 268.518965	6.38e-01  7.38e-01  4.08e+05	-37.3673 67.0616 0.2290	
33.384222 268.518965	5.82e-01  8.01e-01  4.07e+05	-13.3462 76.2413 0.6264	
33.384222 268.518965	6.84e-01  7.64e-01  3.96e+05	-12.9683 81.5828 0.7945	
33.384222 268.518965	3.72e-01  8.26e-01  4.41e+05	19.4514 54.5726 0.2369	
33.384222 268.518965	5.47e-01  9.67e-01  3.86e+05	-30.5200 81.7515 0.6239	
33.384222 268.518965	4.53e-01  8.90e-01  4.14e+05	28.2023 68.2727 0.8279	
33.384222 268.518965	6.22e-01  8.54e-01  3.91e+05	-48.5555 69.3999 0.1309	
33.384222 268.518965	5.86e-01  8.14e-01  4.04e+05	28.0042 73.6575 0.7713	
33.384222 268.518965	5.32e-01  6.70e-01  4.40e+05	2.9746 58.5336 0.5176	
33.384222 268.518965	5.55e-01  9.10e-01  3.93e+05	-39.6515 73.9124 0.1088	
33.384222 268.518965	5.57e-01  7.09e-01  4.28e+05	-20.6307 62.8803 0.8144	
33.384222 268.518965	5.76e-01  6.51e-01  4.35e+05	30.2728 53.6587 0.6132	
33.384222 268.518965	6.37e-01  7.01e-01  4.15e+05	10.0133 72.7050 0.6989	
33.384222 268.518965	5.86e-01  7.38e-01  4.17e+05	-26.4835 66.9906 0.8983	
33.384222 268.518965	5.87e-01  9.12e-01  3.88e+05	-13.2841 85.2794 0.6011	
33.384222 268.518965	5.86e-01  7.91e-01  4.08e+05	-31.9535 69.9807 0.7191	
33.384222 268.518965	4.50e-01  7.71e-01  4.37e+05	8.6690 60.2758 0.4400	
33.384222 268.518965	7.76e-01  9.19e-01  3.60e+05	5.9923 97.8820 0.2724	
33.384222 268.518965	5.55e-01  8.14e-01  4.09e+05	-20.0473 73.5529 0.4324	
33.384222 268.518965	5.17e-01  8.87e-01  4.03e+05	-7.4770 78.8070 0.1039	
33.384222 268.518965	4.84e-01  7.60e-01  4.32e+05	-18.1002 61.1406 0.9751	
33.384222 268.518965	5.20e-01  7.75e-01  4.23e+05	-13.7681 67.8111 0.9181	
33.384222 268.518965	7.36e-01  8.83e-01  3.70e+05	-22.6762 91.0988 0.9664	
33.384222 268.518965	4.86e-01  6.77e-01  4.48e+05	21.0610 48.6498 0.2717	
33.384222 268.518965	3.83e-01  8.78e-01  4.29e+05	5.7371 65.4208 0.8254	
33.384222 268.518965	5.64e-01  7.55e-01  4.18e+05	17.3481 69.4947 0.2933	
33.384222 268.518965	5.23e-01  6.60e-01  4.44e+05	19.2488 52.5161 0.3535	
33.384222 268.518965	5.04e-01  7.75e-01  4.25e+05	-19.4996 64.6919 0.3776	
33.384222 268.518965	5.57e-01  9.09e-01  3.93e+05	10.2928 83.3047 0.0451	
33.384222 268.518965	6.04e-01  7.69e-01  4.09e+05	-0.3870 76.5621 0.5677	
33.384222 268.518965	5.90e-01  9.29e-01  3.85e+05	-15.0229 86.3070 0.2393	
33.384222 268.518965	5.22e-01  8.01e-01  4.17e+05	-23.3442 68.0801 0.1479	
33.384222 268.518965	5.29e-01  8.19e-01  4.13e+05	6.9390 74.0423 0.4468	
33.384222 268.518965	7.03e-01  9.46e-01  3.66e+05	-14.3739 94.5111 0.7198	
33.384222 268.518965	4.91e-01  9.35e-01  4.00e+05	-3.1488 80.9026 0.0574	
33.384222 268.518965	5.69e-01  6.94e-01  4.28e+05	-14.0409 64.2837 0.4361	
33.384222 268.518965	4.01e-01  7.88e-01  4.43e+05	-33.0386 46.1552 0.7113	
33.384222 268.518965	3.44e-01  8.74e-01  4.37e+05	15.2939 58.6455 0.9052	
33.384222 268.518965	6.32e-01  8.66e-01  3.88e+05	18.3765 84.2109 0.3133	
33.384222 268.518965	5.13e-01  7.27e-01  4.33e+05	-8.3172 62.6924 0.0152	
33.384222 268.518965	7.47e-01  8.61e-01  3.72e+05	47.1659 80.4142 0.1331	
33.384222 268.518965	5.57e-01  6.94e-01  4.31e+05	0.7873 64.5480 0.5245	
33.384222 268.518965	7.54e-01  8.93e-01  3.66e+05	2.9939 95.4286 0.7177	
33.384222 268.518965	5.89e-01  8.33e-01  4.00e+05	-14.5316 79.2907 0.5912	
33.384222 268.518965	5.65e-01  7.26e-01  4.23e+05	-17.3199 66.6215 0.3265	
33.384222 268.518965	5.61e-01  9.79e-01  3.82e+05	-17.1686 87.3732 0.3952	
33.384222 268.518965	4.98e-01  7.52e-01  4.31e+05	4.2768 64.2143 0.9924	
33.384222 268.518965	5.22e-01  6.57e-01  4.45e+05	-8.8922 54.5984 0.3209	
33.384222 268.518965	5.45e-01  7.56e-01  4.21e+05	7.2172 69.3930 0.1980	
33.384222 268.518965	3.56e-01  8.60e-01  4.37e+05	15.2646 58.3632 0.3505	
33.384222 268.518965	6.44e-01  8.44e-01  3.90e+05	-22.5266 82.4678 0.2083	
33.384222 268.518965	2.94e-01  9.48e-01  4.33e+05	-38.6712 50.2114 0.6621	
33.384222 268.518965	4.95e-01  8.97e-01  4.05e+05	17.3535 76.2006 0.8301	
33.384222 268.518965	6.03e-01  6.32e-01  4.34e+05	-11.1243 61.7035 0.9457	
33.384222 268.518965	6.58e-01  7.86e-01  3.97e+05	-8.7335 81.8578 0.2841	
33.384222 268.518965	4.60e-01  9.04e-01  4.10e+05	24.0747 71.8571 0.3569	
33.384222 268.518965	6.19e-01  8.51e-01  3.93e+05	-34.9651 76.6065 0.0037	
33.384222 268.518965	7.24e-01  8.14e-01  3.82e+05	4.9916 88.7991 0.1637	
33.384222 268.518965	5.98e-01  7.62e-01  4.11e+05	35.8090 66.3697 0.1646	
33.384222 268.518965	5.70e-01  8.52e-01  4.00e+05	6.7339 80.2843 0.8093	
33.384222 268.518965	6.62e-01  9.00e-01  3.78e+05	-16.8027 88.9156 0.0201	
33.384222 268.518965	5.09e-01  7.84e-01  4.23e+05	12.5293 67.9580 0.1436	
33.384222 268.518965	3.98e-01  9.44e-01  4.14e+05	-20.9781 70.7166 0.2466	
33.384222 268.518965	4.21e-01  8.34e-01  4.30e+05	-1.6501 64.9460 0.5974	
33.384222 268.518965	5.67e-01  7.75e-01  4.14e+05	-17.6760 71.6736 0.7862	
33.384222 268.518965	7.26e-01  9.04e-01  3.69e+05	-1.7908 94.4887 0.5875	
33.384222 268.518965	6.82e-01  8.30e-01  3.86e+05	-19.7719 84.8923 0.3676	
33.384222 268.518965	5.85e-01  8.81e-01  3.93e+05	-32.8821 77.2240 0.1463	
33.384222 268.518965	4.36e-01  7.69e-01  4.40e+05	2.0094 58.8609 0.8996	
33.384222 268.518965	5.45e-01  6.39e-01  4.44e+05	-25.9911 49.5148 0.9139	
33.384222 268.518965	5.42e-01  7.00e-01  4.33e+05	-19.8014 60.1758 0.9062	
33.384222 268.518965	6.76e-01  7.53e-01  3.99e+05	-0.9653 81.1327 0.9196	
33.384222 268.518965	4.42e-01  9.13e-01  4.12e+05	-30.5864 68.4898 0.5904	
33.384222 268.518965	4.95e-01  8.65e-01  4.11e+05	-16.6735 73.5413 0.3412	
33.384222 268.518965	5.86e-01  8.67e-01  3.95e+05	-14.0591 81.8112 0.0018	
33.384222 268.518965	5.72e-01  6.92e-01  4.28e+05	-3.4121 65.9209 0.3408	
33.384222 268.518965	6.54e-01  8.42e-01  3.89e+05	11.3811 85.2826 0.9904	
33.384222 268.518965	4.75e-01  7.26e-01  4.40e+05	-0.1559 58.4202 0.1255	
33.384222 268.518965	7.45e-01  9.53e-01  3.59e+05	-15.8069 96.9106 0.3691	
33.384222 268.518965	4.68e-01  8.45e-01  4.19e+05	-28.2841 65.1258 0.1684	
33.384222 268.518965	6.11e-01  6.61e-01  4.27e+05	-46.0421 48.3436 0.9371	
33.384222 268.518965	4.40e-01  8.34e-01  4.26e+05	-35.9253 56.6499 0.9864	
33.384222 268.518965	6.02e-01  6.30e-01  4.34e+05	2.1022 62.2551 0.1236	
33.384222 268.518965	7.92e-01  8.16e-01  3.72e+05	0.4575 93.1843 0.2485	
33.384222 268.518965	4.14e-01  7.19e-01  4.55e+05	-9.8597 47.2175 0.7140	
33.384222 268.518965	5.48e-01  8.60e-01  4.03e+05	-5.0672 79.3199 0.6843	
33.384222 268.518965	6.90e-01  8.88e-01  3.76e+05	13.2870 90.4233 0.9109	
33.384222 268.518965	4.11e-01  7.88e-01  4.41e+05	-17.7081 55.3936 0.5566	
33.384222 268.518965	6.43e-01  8.14e-01  3.95e+05	-25.2329 79.3518 0.3987	
33.384222 268.518965	6.30e-01  9.20e-01  3.80e+05	-35.3908 82.3817 0.2477	
33.384222 268.518965	6.13e-01  8.37e-01  3.96e+05	46.7964 68.2696 0.2152	
33.384222 268.518965	4.21e-01  7.50e-01  4.47e+05	-2.2047 54.1187 0.6475	
33.384222 268.518965	4.94e-01  8.01e-01  4.23e+05	7.9069 68.6886 0.0833	
33.384222 268.518965	7.50e-01  9.39e-01  3.61e+05	-24.4568 94.6477 0.2495	
33.384222 268.518965	5.62e-01  8.81e-01  3.97e+05	17.3809 80.3867 0.1021	
33.384222 268.518965	6.27e-01  9.02e-01  3.83e+05	32.5534 82.0592 0.1241	
33.384222 268.518965	4.92e-01  7.50e-01  4.32e+05	12.5346 62.2288 0.3791	
33.384222 268.518965	7.10e-01  8.95e-01  3.72e+05	-2.8833 93.0071 0.0670	
33.384222 268.518965	4.78e-01  8.38e-01  4.18e+05	37.6606 60.6518 0.1867	
33.384222 268.518965	5.78e-01  8.71e-01  3.96e+05	16.8892 80.9388 0.6693	
33.384222 268.518965	5.72e-01  7.25e-01  4.22e+05	-3.1058 69.3318 0.5927	
33.384222 268.518965	4.97e-01  6.73e-01  4.47e+05	-1.9175 53.9958 0.2357	
33.384222 268.518965	5.71e-01  8.56e-01  3.99e+05	-9.0906 80.5375 0.7262	
33.384222 268.518965	5.96e-01  8.50e-01  3.96e+05	25.8899 78.2797 0.2594	
33.384222 268.518965	3.60e-01  7.56e-01  4.58e+05	6.7462 44.6926 0.5407	
33.384222 268.518965	5.41e-01  8.24e-01  4.10e+05	14.5893 74.3829 0.0230	
33.384222 268.518965	5.32e-01  9.69e-01  3.88e+05	-20.3053 84.0018 0.3275	
33.384222 268.518965	6.00e-01  8.71e-01  3.92e+05	18.9138 82.1748 0.0594	
33.384222 268.518965	3.58e-01  8.45e-01  4.40e+05	-17.7521 55.7748 0.8341	
33.384222 268.518965	5.68e-01  9.15e-01  3.90e+05	-4.3448 85.0619 0.8747	
33.384222 268.518965	4.31e-01  8.78e-01  4.20e+05	9.3254 70.0550 0.5075	
33.384222 268.518965	4.28e-01  7.87e-01  4.38e+05	32.5517 50.5896 0.2554	
33.384222 268.518965	4.41e-01  7.97e-01  4.33e+05	0.5590 62.9305 0.0957	
33.384222 268.518965	4.99e-01  8.40e-01  4.14e+05	8.4161 73.0546 0.8677	
33.384222 268.518965	5.32e-01  9.04e-01  3.98e+05	23.9053 78.1279 0.9282	
33.384222 268.518965	7.61e-01  8.04e-01  3.78e+05	-11.5198 89.9059 0.1563	
33.384222 268.518965	3.22e-01  8.70e-01  4.42e+05	1.2630 57.2562 0.6354	
33.384222 268.518965	6.48e-01  7.10e-01  4.11e+05	-10.3917 74.4931 0.0533	
33.384222 268.518965	4.74e-01  7.25e-01  4.41e+05	-37.5153 44.3502 0.9160	
33.384222 268.518965	6.88e-01  9.14e-01  3.73e+05	-32.9464 86.8276 0.9166	
33.384222 268.518965	4.32e-01  8.52e-01  4.24e+05	0.8515 68.0837 0.6126	
33.384222 268.518965	4.37e-01  6.99e-01  4.54e+05	6.6475 48.1871 0.8373	
33.384222 268.518965	5.82e-01  8.47e-01  3.99e+05	9.1839 80.6407 0.4731	
33.384222 268.518965	6.21e-01  8.79e-01  3.88e+05	-25.0881 82.5976 0.0331	
33.384222 268.518965	5.67e-01  7.76e-01  4.14e+05	-9.7243 73.2939 0.0161	
33.384222 268.518965	4.87e-01  7.68e-01  4.30e+05	-3.9146 64.7828 0.0359	
33.384222 268.518965	5.74e-01  7.57e-01  4.16e+05	-1.0063 72.8125 0.4072	
33.384222 268.518965	8.43e-01  9.27e-01  3.50e+05	9.3490 101.3879 0.5382	
33.384222 268.518965	5.78e-01  7.36e-01  4.19e+05	16.4355 69.1777 0.8043	
33.384222 268.518965	3.73e-01  9.50e-01  4.17e+05	36.8940 61.7619 0.1463	
33.384222 268.518965	4.93e-01  6.72e-01  4.48e+05	13.6174 51.5700 0.4750	
33.384222 268.518965	6.37e-01  7.88e-01  4.00e+05	38.0775 71.3737 0.9038	
33.384222 268.518965	4.62e-01  7.05e-01  4.47e+05	3.2404 53.4467 0.4834	
33.384222 268.518965	4.78e-01  8.02e-01  4.25e+05	0.0482 67.6391 0.1843	
33.384222 268.518965	7.36e-01  7.96e-01  3.83e+05	4.0146 88.3656 0.1706	
33.384222 268.518965	5.31e-01  7.65e-01  4.22e+05	-28.4195 63.2479 0.8408	
33.384222 268.518965	5.38e-01  9.08e-01  3.96e+05	-26.5488 78.0549 0.8579	
33.384222 268.518965	6.99e-01  9.38e-01  3.68e+05	-19.6575 92.8916 0.1577	
33.384222 268.518965	6.70e-01  7.57e-01  3.99e+05	19.9023 78.5216 0.5409	
33.384222 268.518965	6.04e-01  7.90e-01  4.05e+05	31.3091 71.8278 0.6797	
33.384222 268.518965	5.87e-01  7.04e-01  4.23e+05	15.2396 67.0259 0.9403	
33.384222 268.518965	5.12e-01  7.84e-01  4.22e+05	8.6685 68.7708 0.9312	
33.384222 268.518965	4.88e-01  7.59e-01  4.32e+05	18.1644 61.3338 0.4697	
33.384222 268.518965	5.56e-01  7.10e-01  4.28e+05	-23.9255 61.7066 0.6682	
33.384222 268.518965	6.09e-01  7.59e-01  4.10e+05	-1.6509 76.0308 0.9352	
33.384222 268.518965	6.41e-01  8.69e-01  3.86e+05	0.4163 87.0320 0.2140	
33.384222 268.518965	5.99e-01  8.07e-01  4.03e+05	-26.8429 74.6351 0.0089	
33.384222 268.518965	6.24e-01  7.51e-01  4.08e+05	28.4452 71.3430 0.0623	
33.384222 268.518965	4.87e-01  8.14e-01  4.21e+05	10.4059 69.0590 0.1505	
33.384222 268.518965	7.03e-01  9.41e-01  3.67e+05	16.6032 93.8744 0.5637	
33.384222 268.518965	5.64e-01  7.88e-01  4.12e+05	13.1729 73.5231 0.4935	
33.384222 268.518965	5.37e-01  7.32e-01  4.27e+05	-2.3364 66.3673 0.8662	
33.384222 268.518965	6.91e-01  8.49e-01  3.82e+05	-18.6130 87.1163 0.4109	
33.384222 268.518965	7.99e-01  9.26e-01  3.56e+05	16.8501 98.1820 0.8791	
33.384222 268.518965	4.50e-01  7.54e-01  4.40e+05	24.8328 53.1238 0.9252	
33.384222 268.518965	4.01e-01  9.38e-01  4.14e+05	-5.0236 73.3542 0.8372	
33.384222 268.518965	7.12e-01  8.32e-01  3.81e+05	9.9141 88.7395 0.3495	
33.384222 268.518965	6.28e-01  8.28e-01  3.95e+05	26.6833 78.8146 0.1001	
33.384222 268.518965	4.80e-01  7.84e-01  4.28e+05	-12.7903 64.6763 0.7756	
33.384222 268.518965	7.22e-01  9.95e-01  3.57e+05	3.6879 99.0864 0.1804	
33.384222 268.518965	7.96e-01  8.97e-01  3.60e+05	14.4339 96.8573 0.3011	
33.384222 268.518965	6.29e-01  8.79e-01  3.87e+05	6.8165 86.6408 0.4429	
33.384222 268.518965	7.47e-01  7.89e-01  3.82e+05	2.8911 88.7259 0.2573	
33.384222 268.518965	5.47e-01  7.45e-01  4.23e+05	-0.8304 68.8900 0.5277	
33.384222 268.518965	4.92e-01  7.35e-01  4.35e+05	8.6073 61.1547 0.6663	
33.384222 268.518965	5.66e-01  7.61e-01  4.17e+05	-5.7542 72.1296 0.1680	
33.384222 268.518965	7.22e-01  8.21e-01  3.81e+05	7.5182 88.9248 0.9715	
33.384222 268.518965	5.95e-01  7.83e-01  4.08e+05	-30.6144 70.5830 0.3572	
33.384222 268.518965	4.96e-01  8.31e-01  4.17e+05	-1.9148 72.3483 0.4668	
33.384222 268.518965	7.42e-01  9.35e-01  3.62e+05	-4.5127 96.9958 0.9532	
33.384222 268.518965	6.45e-01  7.30e-01  4.08e+05	33.8393 68.9125 0.4622	
33.384222 268.518965	4.96e-01  7.15e-01  4.38e+05	-14.4664 57.8778 0.5148	
33.384222 268.518965	7.61e-01  9.60e-01  3.56e+05	29.6951 94.8726 0.2185	
33.384222 268.518965	7.01e-01  7.94e-01  3.89e+05	38.9495 76.6741 0.5150	
33.384222 268.518965	5.15e-01  7.75e-01  4.23e+05	2.4033 68.6442 0.0701	
33.384222 268.518965	5.96e-01  8.52e-01  3.96e+05	22.2120 79.6098 0.0440	
33.384222 268.518965	6.23e-01  7.77e-01  4.04e+05	8.3083 78.3481 0.5914	
33.384222 268.518965	5.16e-01  8.72e-01  4.06e+05	10.1385 77.1338 0.8980	
33.384222 268.518965	4.56e-01  8.59e-01  4.19e+05	-27.2476 65.8670 0.9628	
33.384222 268.518965	4.66e-01  6.90e-01  4.50e+05	-22.0498 46.9144 0.6418	
33.384222 268.518965	6.75e-01  7.32e-01  4.03e+05	2.7565 79.4299 0.6484	
33.384222 268.518965	5.79e-01  8.59e-01  3.98e+05	29.3602 76.4214 0.6117	
33.384222 268.518965	6.11e-01  8.98e-01  3.86e+05	-30.9970 81.2856 0.9008	
33.384222 268.518965	7.77e-01  8.27e-01  3.72e+05	-33.7051 86.6889 0.5817	
33.384222 268.518965	7.39e-01  8.14e-01  3.80e+05	-18.4836 87.9701 0.5829	
33.384222 268.518965	5.57e-01  7.38e-01  4.22e+05	0.4148 69.2294 0.8145	
33.384222 268.518965	6.75e-01  9.58e-01  3.68e+05	-46.1026 82.7340 0.8361	
33.384222 268.518965	5.23e-01  7.35e-01  4.29e+05	9.5268 64.5722 0.1383	
33.384222 268.518965	7.01e-01  7.89e-01  3.89e+05	-12.7196 84.6647 0.8710	
33.384222 268.518965	6.20e-01  9.22e-01  3.81e+05	-44.3571 77.3365 0.1220	
33.384222 268.518965	4.72e-01  7.85e-01  4.30e+05	13.8018 63.6799 0.6244	
33.384222 268.518965	5.31e-01  6.91e-01  4.36e+05	-1.2393 61.0698 0.2052	
33.384222 268.518965	6.46e-01  9.18e-01  3.78e+05	16.7124 89.0351 0.5473	
33.384222 268.518965	6.18e-01  8.07e-01  4.00e+05	-7.6234 80.5444 0.3734	
33.384222 268.518965	5.17e-01  8.99e-01  4.01e+05	48.6586 63.6693 0.7884	
33.384222 268.518965	6.38e-01  8.25e-01  3.94e+05	6.9021 83.4012 0.5931	
33.384222 268.518965	5.49e-01  8.92e-01  3.97e+05	-7.8094 81.7517 0.0787	
33.384222 268.518965	4.20e-01  8.19e-01  4.33e+05	-4.0571 62.9575 0.6095	
33.384222 268.518965	7.09e-01  8.00e-01  3.87e+05	24.7777 83.3150 0.0414	
33.384222 268.518965	5.40e-01  8.23e-01  4.10e+05	-33.6376 67.8090 0.9976	
33.384222 268.518965	6.89e-01  9.06e-01  3.74e+05	-67.8311 62.8459 0.9864	
33.384222 268.518965	6.54e-01  8.26e-01  3.91e+05	47.7891 70.2317 0.6550	
33.384222 268.518965	3.88e-01  8.71e-01  4.29e+05	23.9353 60.7849 0.3041	
33.384222 268.518965	4.73e-01  7.71e-01  4.32e+05	4.6302 63.4710 0.4686	
33.384222 268.518965	5.33e-01  9.31e-01  3.94e+05	1.6005 83.7633 0.6579	
33.384222 268.518965	4.79e-01  8.12e-01  4.23e+05	-7.0546 68.3899 0.6111	
33.384222 268.518965	5.62e-01  7.34e-01  4.22e+05	-14.4075 67.7746 0.9821	
33.384222 268.518965	4.90e-01  7.00e-01  4.43e+05	8.8137 56.0925 0.0450	
33.384222 268.518965	6.48e-01  9.13e-01  3.78e+05	-34.0996 83.7342 0.7675	
33.384222 268.518965	7.03e-01  8.13e-01  3.85e+05	-11.7918 86.6865 0.2066	
33.384222 268.518965	5.94e-01  9.45e-01  3.82e+05	17.1622 87.3080 0.8455	
33.384222 268.518965	6.03e-01  7.52e-01  4.12e+05	10.4818 74.2459 0.5153	
33.384222 268.518965	4.79e-01  7.47e-01  4.36e+05	-19.9108 58.2111 0.7193	
33.384222 268.518965	7.38e-01  9.02e-01  3.67e+05	30.1922 90.1867 0.0326	
33.384222 268.518965	6.95e-01  9.64e-01  3.65e+05	1.8761 96.1040 0.1497	
33.384222 268.518965	2.60e-01  8.23e-01  4.65e+05	12.2842 36.5472 0.8277	
33.384222 268.518965	6.35e-01  8.41e-01  3.92e+05	5.2460 84.4878 0.0983	
33.384222 268.518965	6.75e-01  8.93e-01  3.78e+05	4.8979 90.6828 0.8176	
33.384222 268.518965	6.57e-01  7.75e-01  3.98e+05	-40.6069 70.6130 0.5512	
33.384222 268.518965	6.78e-01  8.34e-01  3.86e+05	17.4915 85.4132 0.6908	
33.384222 268.518965	8.52e-01  8.74e-01  3.56e+05	29.6098 95.1659 0.2198	
33.384222 268.518965	5.38e-01  8.73e-01  4.02e+05	35.3240 71.4854 0.9864	
33.384222 268.518965	5.34e-01  8.26e-01  4.11e+05	10.0343 74.7717 0.4351	
33.384222 268.518965	5.03e-01  8.86e-01  4.06e+05	2.2519 77.8796 0.4853	
33.384222 268.518965	6.53e-01  7.82e-01  3.98e+05	23.8671 78.0818 0.5763	
33.384222 268.518965	6.56e-01  9.04e-01  3.79e+05	-34.7672 83.3630 0.8901	
33.384222 268.518965	6.78e-01  9.85e-01  3.64e+05	-7.9983 96.0076 0.0629	
33.384222 268.518965	6.69e-01  9.53e-01  3.70e+05	-14.9032 92.8812 0.8385	
33.384222 268.518965	3.78e-01  8.60e-01  4.33e+05	-27.4596 56.6717 0.2965	
33.384222 268.518965	4.08e-01  7.93e-01  4.41e+05	22.8080 53.6809 0.5543	
33.384222 268.518965	6.44e-01  8.67e-01  3.86e+05	-16.4793 85.5457 0.0078	
33.384222 268.518965	5.69e-01  7.78e-01  4.13e+05	25.8380 69.6235 0.8385	
33.384222 268.518965	5.76e-01  9.59e-01  3.83e+05	-46.8545 75.2937 0.5013	
33.384222 268.518965	6.01e-01  8.92e-01  3.89e+05	1.4143 85.8840 0.1889	
33.384222 268.518965	6.36e-01  8.13e-01  3.96e+05	10.8542 81.9224 0.9546	
33.384222 268.518965	4.78e-01  7.47e-01  4.36e+05	-3.3196 61.3243 0.7470	
33.384222 268.518965	6.55e-01  7.76e-01  3.99e+05	-2.2455 81.2199 0.0120	
33.384222 268.518965	6.06e-01  6.59e-01  4.28e+05	13.8785 64.4928 0.5629	
33.384222 268.518965	3.22e-01  8.48e-01  4.47e+05	-4.6585 53.8454 0.3556	
33.384222 268.518965	6.35e-01  8.18e-01  3.95e+05	-16.0458 81.4195 0.7653	
33.384222 268.518965	6.46e-01  8.18e-01  3.94e+05	3.6032 83.6640 0.0943	
33.384222 268.518965	5.93e-01  7.78e-01  4.09e+05	11.2230 75.5849 0.9672	
33.384222 268.518965	5.44e-01  7.02e-01  4.32e+05	-17.1989 61.5836 0.4846	
33.384222 268.518965	4.98e-01  7.28e-01  4.36e+05	25.4778 55.8792 0.2097	
33.384222 268.518965	7.00e-01  8.83e-01  3.75e+05	-15.9435 90.3570 0.4470	
33.384222 268.518965	6.17e-01  7.93e-01  4.02e+05	38.4925 69.7603 0.5590	
33.384222 268.518965	4.64e-01  8.81e-01  4.13e+05	-18.4087 71.8265 0.3812	
33.384222 268.518965	5.01e-01  7.22e-01  4.36e+05	-20.9650 57.4075 0.7667	
33.384222 268.518965	5.62e-01  6.99e-01  4.29e+05	15.9188 63.6099 0.5091	
33.384222 268.518965	5.83e-01  9.03e-01  3.90e+05	-4.4983 85.2659 0.4757	
33.384222 268.518965	6.06e-01  8.60e-01  3.93e+05	-15.3955 82.4485 0.7057	
33.384222 268.518965	6.19e-01  7.62e-01  4.07e+05	-16.2647 75.4877 0.7794	
33.384222 268.518965	7.60e-01  7.99e-01  3.79e+05	9.0927 89.7835 0.9538	
33.384222 268.518965	5.39e-01  6.34e-01  4.46e+05	-18.5996 51.1898 0.6357	
33.384222 268.518965	6.38e-01  8.31e-01  3.93e+05	-6.9376 83.8766 0.5365	
33.384222 268.518965	5.33e-01  7.98e-01  4.16e+05	-8.9229 72.2341 0.9491	
33.384222 268.518965	5.82e-01  7.99e-01  4.07e+05	2.8370 77.1847 0.5298	
33.384222 268.518965	3.63e-01  9.28e-01  4.23e+05	6.2796 68.5185 0.7881	
33.384222 268.518965	5.60e-01  7.27e-01  4.24e+05	-20.7157 65.1838 0.1906	
33.384222 268.518965	6.60e-01  8.95e-01  3.79e+05	11.0908 89.3159 0.8531	
33.384222 268.518965	6.29e-01  7.31e-01  4.11e+05	-29.8233 69.3636 0.9607	
33.384222 268.518965	5.37e-01  8.52e-01  4.06e+05	12.0653 77.0380 0.3196	
33.384222 268.518965	6.67e-01  8.13e-01  3.91e+05	2.9608 84.9020 0.8904	
33.384222 268.518965	5.27e-01  8.28e-01  4.12e+05	6.6060 74.6110 0.9077	
33.384222 268.518965	6.19e-01  7.30e-01  4.13e+05	36.5515 64.8884 0.2795	
33.384222 268.518965	4.89e-01  7.62e-01  4.31e+05	-6.8750 64.1124 0.7185	
33.384222 268.518965	6.56e-01  8.61e-01  3.85e+05	29.1780 82.5518 0.9565	
33.384222 268.518965	4.84e-01  6.87e-01  4.47e+05	-4.5393 54.0270 0.2165	
33.384222 268.518965	6.52e-01  7.36e-01  4.06e+05	-10.9531 77.0323 0.9052	
33.384222 268.518965	5.38e-01  9.37e-01  3.92e+05	21.0224 81.9314 0.2049	
33.384222 268.518965	5.53e-01  8.40e-01  4.05e+05	-5.5162 78.0354 0.3181	
33.384222 268.518965	6.54e-01  7.71e-01  4.00e+05	-4.7981 80.7548 0.0413	
33.384222 268.518965	7.05e-01  7.89e-01  3.89e+05	-35.2949 78.3681 0.0040	
33.384222 268.518965	4.56e-01  9.27e-01  4.07e+05	28.9101 71.8005 0.2962	
33.384222 268.518965	5.21e-01  7.56e-01  4.26e+05	-6.1154 67.0227 0.9106	
33.384222 268.518965	4.90e-01  9.97e-01  3.90e+05	17.4529 83.6628 0.0012	
33.384222 268.518965	4.71e-01  7.95e-01  4.28e+05	11.6807 65.0673 0.5140	
33.384222 268.518965	4.87e-01  9.04e-01  4.05e+05	-5.1332 77.9336 0.2380	
33.384222 268.518965	6.56e-01  7.21e-01  4.08e+05	34.7080 68.6554 0.8488	
33.384222 268.518965	5.51e-01  7.60e-01  4.19e+05	4.7174 70.7073 0.4441	
33.384222 268.518965	5.00e-01  8.06e-01  4.20e+05	-29.8441 63.7503 0.9302	
33.384222 268.518965	6.27e-01  7.74e-01  4.04e+05	14.8490 77.5013 0.9115	
33.384222 268.518965	5.43e-01  9.30e-01  3.92e+05	21.6002 81.6147 0.2820	
33.384222 268.518965	5.83e-01  9.07e-01  3.89e+05	24.9535 81.9608 0.5500	
33.384222 268.518965	5.87e-01  8.23e-01  4.02e+05	-41.7392 67.8613 0.5887	
33.384222 268.518965	7.06e-01  8.50e-01  3.79e+05	-13.4750 89.0381 0.8586	
33.384222 268.518965	6.27e-01  9.09e-01  3.82e+05	11.7119 88.0347 0.6060	
33.384222 268.518965	7.26e-01  8.78e-01  3.72e+05	-29.8992 88.1205 0.0113	
33.384222 268.518965	7.95e-01  9.04e-01  3.59e+05	13.5590 97.3337 0.7984	
33.384222 268.518965	5.42e-01  8.97e-01  3.97e+05	3.3309 81.8614 0.6623	
33.384222 268.518965	8.22e-01  9.15e-01  3.54e+05	10.2850 99.6249 0.0767	
33.384222 268.518965	3.76e-01  9.21e-01  4.22e+05	-33.5637 60.7599 0.9068	
33.384222 268.518965	5.91e-01  8.25e-01  4.01e+05	9.6823 79.4681 0.4783	
33.384222 268.518965	5.93e-01  8.16e-01  4.02e+05	-10.0559 78.9249 0.4629	
33.384222 268.518965	6.07e-01  9.60e-01  3.78e+05	64.9626 63.4046 0.3502	
33.384222 268.518965	6.07e-01  8.16e-01  4.00e+05	4.8052 80.5597 0.1553	
33.384222 268.518965	5.95e-01  7.66e-01  4.11e+05	2.2937 75.5131 0.5793	
33.384222 268.518965	5.64e-01  7.58e-01  4.18e+05	-22.7836 68.1463 0.9737	
33.384222 268.518965	5.43e-01  9.07e-01  3.96e+05	25.1141 78.8863 0.8010	
33.384222 268.518965	6.32e-01  8.71e-01  3.87e+05	-31.0341 80.7892 0.6526	
33.384222 268.518965	6.78e-01  8.45e-01  3.84e+05	29.7853 82.6853 0.8948	
33.384222 268.518965	5.80e-01  8.30e-01  4.02e+05	23.3608 76.1315 0.4035	
33.384222 268.518965	4.35e-01  8.87e-01  4.18e+05	27.4343 66.4190 0.5251	
33.384222 268.518965	3.25e-01  8.04e-01  4.55e+05	-21.0599 42.5681 0.6207	
33.384222 268.518965	4.70e-01  8.96e-01  4.10e+05	29.6690 69.8451 0.8333	
33.384222 268.518965	5.70e-01  7.27e-01  4.22e+05	-36.2078 59.2292 0.5364	
33.384222 268.518965	6.23e-01  9.22e-01  3.81e+05	9.9753 88.8088 0.0142	
33.384222 268.518965	4.03e-01  8.31e-01  4.34e+05	1.1203 62.5683 0.5812	
33.384222 268.518965	5.81e-01  8.01e-01  4.07e+05	11.6156 76.4186 0.4568	
33.384222 268.518965	5.97e-01  7.02e-01  4.22e+05	13.2664 68.2732 0.5739	
33.384222 268.518965	8.44e-01  8.53e-01  3.60e+05	-12.0516 97.4010 0.3432	
33.384222 268.518965	6.55e-01  7.19e-01  4.08e+05	-22.1325 73.3493 0.7481	
33.384222 268.518965	6.20e-01  8.68e-01  3.90e+05	-2.5672 85.4666 0.4731	
33.384222 268.518965	6.28e-01  6.77e-01  4.21e+05	-2.0633 70.2302 0.4287	
33.384222 268.518965	6.93e-01  8.74e-01  3.78e+05	-39.0546 81.9168 0.4939	
33.384222 268.518965	4.98e-01  8.82e-01  4.07e+05	-55.8730 53.1601 0.0285	
33.384222 268.518965	6.82e-01  7.77e-01  3.94e+05	45.6142 69.8352 0.5018	
33.384222 268.518965	5.32e-01  8.72e-01  4.03e+05	0.2301 79.1680 0.8959	
33.384222 268.518965	3.10e-01  8.58e-01  4.47e+05	-23.1115 48.6281 0.9510	
33.384222 268.518965	6.37e-01  8.57e-01  3.89e+05	-13.7282 84.8622 0.2615	
33.384222 268.518965	4.93e-01  6.80e-01  4.46e+05	-23.6218 49.2393 0.9496	
33.384222 268.518965	5.01e-01  8.00e-01  4.21e+05	-7.6912 69.4282 0.9027	
33.384222 268.518965	6.93e-01  8.80e-01  3.77e+05	19.6054 89.0143 0.4652	
33.384222 268.518965	7.05e-01  9.27e-01  3.68e+05	38.6118 86.3763 0.0261	
33.384222 268.518965	5.85e-01  9.05e-01  3.89e+05	-3.7521 85.6080 0.8715	
33.384222 268.518965	4.56e-01  8.29e-01  4.24e+05	18.7241 65.5550 0.0507	
33.384222 268.518965	4.39e-01  8.39e-01  4.26e+05	-1.7265 67.4405 0.5911	
33.384222 268.518965	4.94e-01  7.49e-01  4.32e+05	9.5128 62.8420 0.5006	
33.384222 268.518965	6.55e-01  8.18e-01  3.92e+05	-19.6808 82.1315 0.1645	
33.384222 268.518965	5.44e-01  8.01e-01  4.13e+05	7.3771 73.6654 0.3589	
33.384222 268.518965	4.55e-01  8.95e-01  4.13e+05	-43.7585 60.2546 0.1427	
33.384222 268.518965	5.99e-01  8.30e-01  3.99e+05	-5.0410 81.0450 0.6357	
33.384222 268.518965	7.00e-01  8.57e-01  3.79e+05	3.9073 89.9946 0.1690	
33.384222 268.518965	5.21e-01  7.64e-01  4.24e+05	-19.6414 65.2807 0.5339	
33.384222 268.518965	5.26e-01  9.47e-01  3.92e+05	4.1228 84.3921 0.0609	
33.384222 268.518965	5.37e-01  7.08e-01  4.32e+05	-22.8989 59.4991 0.1386	
33.384222 268.518965	5.10e-01  8.07e-01  4.18e+05	1.7691 71.4073 0.9941	
33.384222 268.518965	3.56e-01  8.23e-01  4.45e+05	2.5007 55.2977 0.9394	
33.384222 268.518965	6.55e-01  7.97e-01  3.95e+05	16.8709 81.1598 0.2327	
33.384222 268.518965	5.12e-01  8.08e-01  4.18e+05	10.6524 70.8920 0.4645	
33.384222 268.518965	5.45e-01  7.83e-01  4.16e+05	10.7475 71.7188 0.3536	
33.384222 268.518965	3.46e-01  8.46e-01  4.42e+05	-4.3374 57.0166 0.9358	
33.384222 268.518965	4.52e-01  8.16e-01  4.28e+05	16.6795 64.2217 0.0608	
33.384222 268.518965	4.89e-01  9.03e-01  4.05e+05	-31.7902 71.3834 0.7978	
33.384222 268.518965	5.42e-01  8.42e-01  4.07e+05	9.2805 76.9306 0.8621	
33.384222 268.518965	6.24e-01  7.99e-01  4.00e+05	2.9425 80.7046 0.9441	
33.384222 268.518965	4.62e-01  7.55e-01  4.37e+05	-19.8075 57.0953 0.2766	
33.384222 268.518965	5.13e-01  7.72e-01  4.24e+05	-11.9419 67.1190 0.5844	
33.384222 268.518965	4.77e-01  7.83e-01  4.29e+05	-23.4151 61.1385 0.2047	
33.384222 268.518965	5.82e-01  7.36e-01  4.18e+05	-0.1389 71.4912 0.0424	
33.384222 268.518965	5.66e-01  8.37e-01  4.04e+05	-5.2529 78.8468 0.6832	
33.384222 268.518965	4.22e-01  7.14e-01  4.54e+05	-5.4665 48.4881 0.3693	
33.384222 268.518965	3.01e-01  9.43e-01  4.32e+05	-17.5016 61.2329 0.7791	
33.384222 268.518965	4.55e-01  7.20e-01  4.46e+05	-21.5940 50.2940 0.2748	
33.384222 268.518965	6.15e-01  7.97e-01  4.02e+05	-0.6353 79.8123 0.8796	
33.384222 268.518965	7.76e-01  8.10e-01  3.75e+05	-30.2015 86.8600 0.8472	
33.384222 268.518965	5.25e-01  7.79e-01  4.21e+05	-10.9310 69.2645 0.3812	
33.384222 268.518965	5.06e-01  8.01e-01  4.20e+05	5.3795 70.2138 0.0644	
33.384222 268.518965	4.77e-01  7.55e-01  4.34e+05	-12.0519 61.1353 0.2968	
33.384222 268.518965	5.83e-01  6.67e-01  4.31e+05	-8.6320 63.8769 0.0829	
33.384222 268.518965	7.47e-01  9.18e-01  3.64e+05	-22.8973 93.6870 0.8300	
33.384222 268.518965	7.33e-01  8.69e-01  3.73e+05	-6.9934 92.6270 0.3344	
33.384222 268.518965	6.74e-01  7.80e-01  3.95e+05	-32.9917 76.2537 0.0518	
33.384222 268.518965	7.27e-01  9.20e-01  3.66e+05	-2.1785 95.4748 0.5107	
33.384222 268.518965	6.12e-01  8.32e-01  3.97e+05	-13.9748 81.0402 0.9563	
33.384222 268.518965	5.50e-01  7.40e-01  4.23e+05	-16.2969 66.7606 0.3586	
33.384222 268.518965	5.38e-01  7.19e-01  4.29e+05	23.6095 60.7728 0.9417	
33.384222 268.518965	7.74e-01  8.78e-01  3.66e+05	29.7277 91.0385 0.8586	
33.384222 268.518965	5.49e-01  9.05e-01  3.95e+05	11.5054 82.2119 0.4924	
33.384222 268.518965	5.46e-01  7.66e-01  4.19e+05	3.4731 70.9026 0.7768	
33.384222 268.518965	5.37e-01  9.25e-01  3.94e+05	-3.0314 83.5721 0.8157	
33.384222 268.518965	5.79e-01  8.61e-01  3.97e+05	11.8284 81.0847 0.0662	
33.384222 268.518965	5.48e-01  6.49e-01  4.41e+05	-2.4937 57.6677 0.1085	
33.384222 268.518965	6.74e-01  7.91e-01  3.93e+05	-50.1793 67.1422 0.3905	
33.384222 268.518965	6.57e-01  7.70e-01  4.00e+05	-38.2724 71.3303 0.8335	
33.384222 268.518965	6.22e-01  7.95e-01  4.01e+05	8.4257 79.7306 0.0875	
33.384222 268.518965	5.09e-01  6.91e-01  4.41e+05	-7.5164 57.7875 0.1826	
33.384222 268.518965	6.28e-01  9.16e-01  3.81e+05	-2.8504 89.2599 0.1154	
33.384222 268.518965	4.17e-01  7.69e-01  4.44e+05	5.1884 56.0008 0.5580	
33.384222 268.518965	6.79e-01  9.64e-01  3.67e+05	43.8739 84.5311 0.8242	
33.384222 268.518965	5.21e-01  8.09e-01  4.16e+05	-3.1098 72.6476 0.6245	
33.384222 268.518965	5.84e-01  8.34e-01  4.01e+05	3.0594 80.1664 0.0189	
33.384222 268.518965	7.29e-01  8.97e-01  3.69e+05	18.6194 92.4197 0.6364	
33.384222 268.518965	6.73e-01  8.55e-01  3.83e+05	-65.7330 58.9096 0.7511	
33.384222 268.518965	6.27e-01  8.57e-01  3.90e+05	13.7027 84.1328 0.5759	
33.384222 268.518965	5.90e-01  7.19e-01  4.20e+05	-14.7022 69.1044 0.1331	
33.384222 268.518965	5.86e-01  8.66e-01  3.95e+05	29.3312 77.5707 0.5024	
33.384222 268.518965	5.93e-01  9.38e-01  3.83e+05	0.5672 88.4565 0.0290	
33.384222 268.518965	4.30e-01  9.01e-01  4.16e+05	-1.4627 72.6628 0.0714	
33.384222 268.518965	6.19e-01  8.31e-01  3.96e+05	-26.4690 78.3898 0.6902	
33.384222 268.518965	7.66e-01  8.40e-01  3.72e+05	30.7444 87.8927 0.1222	
33.384222 268.518965	6.88e-01  8.04e-01  3.89e+05	-37.7369 77.1171 0.2676	
33.384222 268.518965	4.68e-01  8.89e-01  4.11e+05	-12.9820 74.0538 0.1731	
33.384222 268.518965	6.45e-01  8.13e-01  3.94e+05	-32.5351 76.7246 0.6017	
33.384222 268.518965	4.59e-01  8.62e-01  4.18e+05	-12.6981 70.6686 0.6711	
33.384222 268.518965	5.87e-01  7.03e-01  4.23e+05	16.1696 66.8298 0.1381	
33.384222 268.518965	5.29e-01  7.96e-01  4.17e+05	11.9578 71.2188 0.7577	
33.384222 268.518965	5.14e-01  6.66e-01  4.45e+05	-4.4773 55.3688 0.8295	
33.384222 268.518965	5.06e-01  9.14e-01  4.01e+05	21.3475 77.5349 0.6742	
33.384222 268.518965	6.02e-01  6.95e-01  4.22e+05	21.1584 66.2128 0.2360	
33.384222 268.518965	4.47e-01  6.54e-01  4.61e+05	11.2097 40.9262 0.7131	
33.384222 268.518965	7.41e-01  7.64e-01  3.87e+05	28.5323 81.8662 0.3684	
33.384222 268.518965	5.46e-01  7.87e-01  4.16e+05	9.7299 72.2521 0.1435	
33.384222 268.518965	3.92e-01  8.70e-01  4.29e+05	10.5325 64.9296 0.0817	
33.384222 268.518965	5.91e-01  8.34e-01  4.00e+05	46.0717 66.4662 0.4421	
33.384222 268.518965	4.79e-01  8.47e-01  4.17e+05	-19.6642 69.5020 0.1618	
33.384222 268.518965	4.40e-01  7.93e-01  4.34e+05	-15.9566 60.3000 0.7394	
33.384222 268.518965	5.38e-01  8.60e-01  4.04e+05	7.7989 78.3009 0.3353	
33.384222 268.518965	6.55e-01  7.22e-01  4.08e+05	-0.8940 76.9196 0.5596	
33.384222 268.518965	6.80e-01  7.30e-01  4.02e+05	-17.7944 77.5818 0.2036	
33.384222 268.518965	6.09e-01  9.96e-01  3.72e+05	-17.9713 91.3245 0.0003	
33.384222 268.518965	5.82e-01  7.08e-01  4.23e+05	-18.6244 66.1208 0.7669	
33.384222 268.518965	4.76e-01  7.68e-01  4.32e+05	33.2155 54.2778 0.4998	
33.384222 268.518965	4.48e-01  7.33e-01  4.44e+05	-7.2664 55.1918 0.2531	
33.384222 268.518965	7.35e-01  7.78e-01  3.86e+05	23.9750 83.8880 0.4336	
33.384222 268.518965	7.21e-01  9.45e-01  3.64e+05	1.7149 96.4596 0.9592	
33.384222 268.518965	4.90e-01  8.40e-01  4.16e+05	-6.7988 72.2888 0.5095	
33.384222 268.518965	7.08e-01  9.43e-01  3.66e+05	27.4121 91.6508 0.6274	
33.384222 268.518965	4.42e-01  7.61e-01  4.40e+05	13.2075 57.0291 0.2886	
33.384222 268.518965	5.83e-01  7.78e-01  4.11e+05	24.7267 71.3455 0.1252	
33.384222 268.518965	5.20e-01  8.28e-01  4.13e+05	6.4855 74.0488 0.9996	
33.384222 268.518965	6.19e-01  9.05e-01  3.84e+05	10.9243 87.3586 0.0592	
33.384222 268.518965	7.86e-01  9.57e-01  3.53e+05	17.0646 99.0567 0.3432	
33.384222 268.518965	4.38e-01  8.99e-01  4.15e+05	25.9856 68.5589 0.5790	
33.384222 268.518965	4.56e-01  9.22e-01  4.08e+05	35.2802 68.4078 0.0501	
33.384222 268.518965	5.55e-01  6.57e-01  4.38e+05	14.0890 58.2009 0.3620	
33.384222 268.518965	5.64e-01  9.35e-01  3.88e+05	31.1700 80.5002 0.7166	
33.384222 268.518965	5.75e-01  8.60e-01  3.98e+05	-14.9080 80.2179 0.5749	
33.384222 268.518965	5.83e-01  9.32e-01  3.85e+05	20.7864 84.8819 0.0525	
33.384222 268.518965	6.40e-01  7.49e-01  4.06e+05	-36.1076 69.0538 0.6986	
33.384222 268.518965	4.26e-01  8.45e-01  4.27e+05	-6.5986 66.3294 0.4062	
33.384222 268.518965	5.94e-01  6.62e-01  4.30e+05	-20.5484 61.6874 0.8183	
33.384222 268.518965	4.79e-01  8.75e-01  4.12e+05	32.2770 67.5708 0.5185	
33.384222 268.518965	4.62e-01  7.06e-01  4.47e+05	-0.4561 53.7495 0.5590	
33.384222 268.518965	4.37e-01  6.58e-01  4.63e+05	1.3759 41.1473 0.1940	
33.384222 268.518965	5.24e-01  8.90e-01  4.02e+05	56.5410 56.5429 0.0062	
33.384222 268.518965	3.82e-01  7.60e-01  4.53e+05	15.1958 47.2713 0.4690	
33.384222 268.518965	3.86e-01  9.03e-01  4.24e+05	-19.1061 65.8966 0.7316	
33.384222 268.518965	5.64e-01  8.27e-01  4.05e+05	-38.4521 67.9707 0.3411	
33.384222 268.518965	5.50e-01  7.15e-01  4.28e+05	20.4792 62.7543 0.8503	
33.384222 268.518965	6.61e-01  8.68e-01  3.83e+05	-58.7085 65.9478 0.5460	
33.384222 268.518965	7.08e-01  9.18e-01  3.69e+05	-23.9566 91.1732 0.4267	
33.384222 268.518965	5.70e-01  7.22e-01  4.23e+05	-26.6593 63.5851 0.9513	
33.384222 268.518965	4.94e-01  8.06e-01  4.21e+05	1.6234 69.7517 0.4319	
33.384222 268.518965	5.41e-01  8.11e-01  4.12e+05	-9.1928 74.1039 0.7414	
33.384222 268.518965	8.09e-01  8.87e-01  3.60e+05	-8.4121 97.7217 0.8811	
33.384222 268.518965	7.72e-01  7.74e-01  3.81e+05	-3.2753 89.3691 0.6211	
33.384222 268.518965	7.42e-01  9.02e-01  3.67e+05	-36.4156 88.0509 0.3433	
33.384222 268.518965	8.17e-01  9.82e-01  3.46e+05	35.8766 96.7443 0.1599	
33.384222 268.518965	3.83e-01  8.81e-01  4.28e+05	7.0235 65.5101 0.3304	
33.384222 268.518965	5.21e-01  8.87e-01  4.03e+05	-12.8343 78.4073 0.5644	
33.384222 268.518965	5.48e-01  7.58e-01  4.20e+05	-26.0996 65.3014 0.7996	
33.384222 268.518965	6.19e-01  8.69e-01  3.90e+05	28.3004 80.7154 0.7128	
33.384222 268.518965	5.55e-01  8.82e-01  3.98e+05	-24.6541 77.9503 0.3673	
33.384222 268.518965	6.35e-01  8.44e-01  3.91e+05	15.7904 83.3660 0.5505	
33.384222 268.518965	4.36e-01  9.68e-01  4.03e+05	-29.2024 73.5678 0.0861	
33.384222 268.518965	6.15e-01  9.33e-01  3.81e+05	-25.8485 85.7219 0.4960	
33.384222 268.518965	4.24e-01  8.02e-01  4.36e+05	-20.0967 58.0952 0.8270	
33.384222 268.518965	7.75e-01  8.60e-01  3.68e+05	28.8940 90.2734 0.2687	
33.384222 268.518965	6.53e-01  7.36e-01  4.06e+05	-43.6986 64.4874 0.3877	
33.384222 268.518965	5.55e-01  6.83e-01  4.33e+05	-36.4433 51.3423 0.2695	
33.384222 268.518965	7.38e-01  8.21e-01  3.79e+05	15.3555 88.8873 0.6406	
33.384222 268.518965	6.02e-01  7.80e-01  4.07e+05	-30.3296 71.1506 0.0415	
33.384222 268.518965	5.38e-01  8.35e-01  4.08e+05	-25.6671 72.1600 0.6145	
33.384222 268.518965	6.36e-01  8.37e-01  3.92e+05	10.2120 83.7999 0.5001	
33.384222 268.518965	4.19e-01  9.61e-01  4.07e+05	1.9291 77.1637 0.9648	
33.384222 268.518965	4.68e-01  7.28e-01  4.41e+05	4.1492 57.5450 0.5769	
33.384222 268.518965	7.18e-01  8.40e-01  3.79e+05	6.5221 89.9403 0.0920	
33.384222 268.518965	5.31e-01  7.98e-01  4.16e+05	17.9626 70.3191 0.4109	
33.384222 268.518965	4.82e-01  7.91e-01  4.27e+05	-9.8393 66.1506 0.5348	
33.384222 268.518965	5.51e-01  7.97e-01  4.13e+05	1.7127 74.2837 0.1397	
33.384222 268.518965	5.46e-01  8.31e-01  4.08e+05	12.7493 75.7916 0.6635	
33.384222 268.518965	4.68e-01  8.95e-01  4.10e+05	-54.6582 52.2915 0.1873	
33.384222 268.518965	4.47e-01  7.53e-01  4.41e+05	12.1971 56.9563 0.6524	
33.384222 268.518965	4.53e-01  7.93e-01  4.32e+05	0.2236 63.8457 0.2694	
33.384222 268.518965	6.83e-01  8.16e-01  3.88e+05	32.7018 79.8234 0.9020	
33.384222 268.518965	8.53e-01  9.67e-01  3.44e+05	-30.2396 99.6426 0.4324	
33.384222 268.518965	5.36e-01  8.28e-01  4.10e+05	28.0839 70.3253 0.4204	
33.384222 268.518965	6.33e-01  8.88e-01  3.84e+05	9.2493 87.3594 0.5554	
33.384222 268.518965	6.85e-01  8.23e-01  3.87e+05	18.6575 84.8938 0.5711	
33.384222 268.518965	7.20e-01  8.44e-01  3.78e+05	14.8009 89.3485 0.3820	
33.384222 268.518965	5.93e-01  8.79e-01  3.92e+05	-3.7133 84.3345 0.2080	
33.384222 268.518965	6.95e-01  7.86e-01  3.91e+05	-26.1214 80.9031 0.9287	
33.384222 268.518965	5.81e-01  9.75e-01  3.79e+05	17.1789 88.3820 0.5364	
33.384222 268.518965	7.11e-01  8.54e-01  3.78e+05	38.2694 82.1544 0.3669	
33.384222 268.518965	3.94e-01  8.80e-01  4.26e+05	0.7910 67.0261 0.4418	
33.384222 268.518965	4.13e-01  6.88e-01  4.61e+05	-0.0061 42.3217 0.6619	
33.384222 268.518965	5.75e-01  9.55e-01  3.83e+05	38.3203 79.6062 0.0484	
33.384222 268.518965	5.70e-01  8.33e-01  4.03e+05	16.6641 77.3133 0.2211	
33.384222 268.518965	4.94e-01  9.07e-01  4.04e+05	13.5241 77.7433 0.8618	
33.384222 268.518965	5.67e-01  8.06e-01  4.09e+05	17.5063 74.5385 0.0394	
33.384222 268.518965	4.66e-01  9.33e-01  4.04e+05	48.3089 62.1855 0.2564	
