55.468897 298.807200	7.69e-01  9.68e-01  3.69e+05	0.0000 111.1158 0.0142	
55.468897 298.807200	3.73e-01  8.90e-01  4.46e+05	-28.3527 67.2769 0.6539	
55.468897 298.807200	5.82e-01  9.19e-01  4.04e+05	17.4382 94.2380 0.6110	
55.468897 298.807200	6.45e-01  7.96e-01  4.13e+05	-55.5246 72.0710 0.6549	
55.468897 298.807200	4.62e-01  7.04e-01  4.66e+05	-23.1562 54.6604 0.3097	
55.468897 298.807200	5.32e-01  8.13e-01  4.30e+05	22.8387 78.9817 0.5046	
55.468897 298.807200	7.20e-01  9.70e-01  3.75e+05	31.2085 103.8701 0.5718	
55.468897 298.807200	4.93e-01  9.14e-01  4.19e+05	21.6908 85.2990 0.2099	
55.468897 298.807200	6.71e-01  9.51e-01  3.85e+05	18.1694 102.6698 0.5521	
55.468897 298.807200	5.79e-01  6.59e-01  4.51e+05	-6.1062 69.6291 0.7021	
55.468897 298.807200	6.00e-01  9.49e-01  3.96e+05	23.3786 96.6218 0.0377	
55.468897 298.807200	5.58e-01  7.27e-01  4.42e+05	16.0544 73.8766 0.2689	
55.468897 298.807200	3.97e-01  9.56e-01  4.29e+05	-24.8440 79.1677 0.3052	
55.468897 298.807200	5.15e-01  7.98e-01  4.36e+05	-6.7580 78.4894 0.7451	
55.468897 298.807200	4.99e-01  7.40e-01  4.51e+05	-5.0553 69.8545 0.2978	
55.468897 298.807200	4.27e-01  8.48e-01  4.44e+05	21.6582 71.1891 0.4660	
55.468897 298.807200	5.70e-01  8.56e-01  4.16e+05	7.3195 89.4395 0.1696	
55.468897 298.807200	3.93e-01  7.58e-01  4.69e+05	-11.1658 55.7049 0.7205	
55.468897 298.807200	6.57e-01  8.69e-01  3.99e+05	-31.4339 92.5543 0.3741	
55.468897 298.807200	7.06e-01  8.62e-01  3.93e+05	-14.5243 99.6779 0.2635	
55.468897 298.807200	6.29e-01  8.50e-01  4.07e+05	-54.9262 76.4469 0.3965	
55.468897 298.807200	5.99e-01  8.64e-01  4.10e+05	-2.1390 92.8622 0.6478	
55.468897 298.807200	7.70e-01  7.85e-01  3.95e+05	4.0690 99.7623 0.6516	
55.468897 298.807200	6.12e-01  7.06e-01  4.35e+05	24.3255 75.4799 0.9484	
55.468897 298.807200	3.24e-01  8.31e-01  4.68e+05	16.4464 55.0583 0.8845	
55.468897 298.807200	5.96e-01  8.72e-01  4.09e+05	0.3749 93.2372 0.7665	
55.468897 298.807200	5.94e-01  8.15e-01  4.19e+05	32.0207 82.2568 0.5433	
55.468897 298.807200	5.63e-01  7.76e-01  4.31e+05	36.4154 72.9220 0.7384	
55.468897 298.807200	4.80e-01  7.49e-01  4.53e+05	24.3923 64.2022 0.3748	
55.468897 298.807200	3.92e-01  8.09e-01  4.59e+05	-2.6734 64.6362 0.7519	
55.468897 298.807200	4.72e-01  8.39e-01  4.36e+05	-36.3209 69.7785 0.3691	
55.468897 298.807200	5.57e-01  9.58e-01  4.01e+05	-14.2093 95.8273 0.6040	
55.468897 298.807200	6.31e-01  8.54e-01  4.06e+05	12.6146 93.7843 0.3436	
55.468897 298.807200	4.65e-01  8.92e-01  4.28e+05	1.0286 83.3261 0.6260	
55.468897 298.807200	5.94e-01  8.54e-01  4.12e+05	22.7884 88.7358 0.4934	
55.468897 298.807200	6.30e-01  7.96e-01  4.16e+05	7.8067 89.4118 0.3084	
55.468897 298.807200	5.99e-01  6.97e-01  4.39e+05	-50.9760 57.6935 0.4856	
55.468897 298.807200	4.75e-01  7.23e-01  4.59e+05	37.5920 52.1847 0.7839	
55.468897 298.807200	6.99e-01  8.42e-01  3.97e+05	42.3701 89.2847 0.6072	
55.468897 298.807200	5.13e-01  8.82e-01  4.21e+05	-40.3509 77.0111 0.3245	
55.468897 298.807200	4.69e-01  6.52e-01  4.76e+05	5.3801 50.8736 0.9483	
55.468897 298.807200	6.03e-01  8.70e-01  4.08e+05	24.5403 90.4104 0.5333	
55.468897 298.807200	4.17e-01  7.48e-01  4.66e+05	1.3515 59.1248 0.8272	
55.468897 298.807200	5.95e-01  8.30e-01  4.16e+05	2.4228 89.6245 0.9229	
55.468897 298.807200	6.27e-01  7.27e-01  4.29e+05	-26.8699 78.5693 0.4267	
55.468897 298.807200	4.60e-01  9.49e-01  4.19e+05	43.0389 77.0665 0.4237	
55.468897 298.807200	7.27e-01  9.15e-01  3.82e+05	-43.6774 96.1512 0.1679	
55.468897 298.807200	5.85e-01  9.12e-01  4.04e+05	-40.4976 86.5496 0.6533	
55.468897 298.807200	4.82e-01  8.23e-01  4.38e+05	7.6288 77.6077 0.3240	
55.468897 298.807200	7.07e-01  8.23e-01  3.99e+05	-31.4432 92.8046 0.1190	
55.468897 298.807200	5.08e-01  7.97e-01  4.38e+05	-2.6473 77.9364 0.8678	
55.468897 298.807200	6.68e-01  8.29e-01  4.04e+05	-7.2925 95.2717 0.7498	
55.468897 298.807200	5.54e-01  9.68e-01  4.00e+05	26.0616 93.8671 0.1149	
55.468897 298.807200	5.40e-01  7.17e-01  4.47e+05	24.2908 68.0203 0.2466	
55.468897 298.807200	4.77e-01  7.31e-01  4.57e+05	22.6484 61.6416 0.9851	
55.468897 298.807200	3.98e-01  7.09e-01  4.79e+05	-11.6653 46.9292 0.3554	
55.468897 298.807200	6.29e-01  9.59e-01  3.90e+05	-10.7456 101.4821 0.7584	
55.468897 298.807200	5.04e-01  8.35e-01  4.31e+05	46.1421 67.2775 0.6878	
55.468897 298.807200	7.42e-01  8.41e-01  3.91e+05	-24.3441 98.7692 0.7957	
55.468897 298.807200	6.19e-01  7.64e-01  4.23e+05	1.2721 85.8667 0.2068	
55.468897 298.807200	7.08e-01  8.22e-01  3.99e+05	24.5417 94.9050 0.2642	
55.468897 298.807200	5.85e-01  9.27e-01  4.02e+05	1.9855 96.7264 0.6145	
55.468897 298.807200	5.66e-01  9.79e-01  3.97e+05	-11.3951 98.4287 0.0419	
55.468897 298.807200	4.57e-01  8.46e-01  4.38e+05	-29.2523 71.9081 0.6905	
55.468897 298.807200	3.88e-01  8.67e-01  4.47e+05	20.9628 68.9915 0.1535	
55.468897 298.807200	6.87e-01  7.45e-01  4.15e+05	41.4352 80.2147 0.8760	
55.468897 298.807200	6.01e-01  7.61e-01  4.27e+05	1.0426 83.7941 0.1234	
55.468897 298.807200	6.80e-01  9.06e-01  3.90e+05	-39.4953 93.9490 0.0613	
55.468897 298.807200	3.12e-01  8.13e-01  4.75e+05	13.1093 50.1482 0.0318	
55.468897 298.807200	4.72e-01  7.54e-01  4.53e+05	-5.9439 67.9070 0.9316	
55.468897 298.807200	7.79e-01  9.01e-01  3.76e+05	53.7624 93.5696 0.7463	
55.468897 298.807200	7.18e-01  9.73e-01  3.75e+05	46.3222 98.1749 0.6491	
55.468897 298.807200	3.24e-01  7.82e-01  4.79e+05	-9.8299 46.9683 0.6181	
55.468897 298.807200	5.64e-01  9.07e-01  4.08e+05	-14.7390 92.3174 0.8342	
55.468897 298.807200	7.49e-01  8.98e-01  3.81e+05	7.3463 105.5981 0.4637	
55.468897 298.807200	6.42e-01  7.77e-01  4.17e+05	31.1606 83.4949 0.0650	
55.468897 298.807200	5.41e-01  8.13e-01  4.29e+05	-32.8944 76.2086 0.1927	
55.468897 298.807200	3.26e-01  8.57e-01  4.62e+05	1.2497 61.9914 0.9137	
55.468897 298.807200	6.87e-01  8.02e-01  4.05e+05	4.0387 94.8037 0.6627	
55.468897 298.807200	3.56e-01  8.77e-01  4.52e+05	2.3464 69.0900 0.8050	
55.468897 298.807200	5.77e-01  8.50e-01  4.16e+05	-2.9369 89.8229 0.9532	
55.468897 298.807200	6.42e-01  8.82e-01  4.00e+05	-13.8812 96.6089 0.1182	
55.468897 298.807200	5.55e-01  7.16e-01  4.44e+05	24.4668 69.8175 0.8019	
55.468897 298.807200	7.19e-01  8.18e-01  3.98e+05	18.5892 96.7944 0.7160	
55.468897 298.807200	4.46e-01  8.68e-01  4.36e+05	-27.6638 73.8762 0.7119	
55.468897 298.807200	5.95e-01  9.18e-01  4.02e+05	-21.3312 94.3788 0.5677	
55.468897 298.807200	5.66e-01  8.51e-01  4.18e+05	-22.1387 86.1035 0.7686	
55.468897 298.807200	6.18e-01  9.05e-01  4.00e+05	-6.4821 97.3270 0.2824	
55.468897 298.807200	6.88e-01  9.14e-01  3.88e+05	-58.6348 84.6852 0.8867	
55.468897 298.807200	5.38e-01  8.31e-01  4.26e+05	26.6250 80.2377 0.0756	
55.468897 298.807200	5.17e-01  7.51e-01  4.45e+05	13.2724 72.5007 0.5210	
55.468897 298.807200	6.08e-01  7.00e-01  4.37e+05	-4.5629 78.1139 0.3948	
55.468897 298.807200	4.44e-01  6.95e-01  4.72e+05	4.6791 54.5307 0.2459	
55.468897 298.807200	6.25e-01  7.79e-01  4.20e+05	-16.3712 86.2431 0.5783	
55.468897 298.807200	7.23e-01  8.36e-01  3.94e+05	56.2232 82.7762 0.1431	
55.468897 298.807200	5.14e-01  9.42e-01  4.11e+05	4.8543 92.1431 0.4249	
55.468897 298.807200	4.85e-01  8.59e-01  4.31e+05	7.3952 81.6793 0.4036	
55.468897 298.807200	5.74e-01  7.99e-01  4.25e+05	-41.8303 73.9254 0.0821	
55.468897 298.807200	7.01e-01  8.17e-01  4.01e+05	-6.9080 96.9172 0.9433	
55.468897 298.807200	5.71e-01  7.92e-01  4.27e+05	-6.3051 83.7064 0.3402	
55.468897 298.807200	6.34e-01  7.72e-01  4.19e+05	16.7054 86.3765 0.5769	
55.468897 298.807200	5.54e-01  7.81e-01  4.32e+05	26.8530 76.5311 0.8940	
55.468897 298.807200	5.96e-01  6.59e-01  4.47e+05	-20.7351 68.9946 0.5652	
55.468897 298.807200	7.05e-01  8.66e-01  3.93e+05	25.5135 97.6165 0.3436	
55.468897 298.807200	5.03e-01  8.02e-01  4.38e+05	-8.8188 77.4762 0.3011	
55.468897 298.807200	4.23e-01  8.02e-01  4.54e+05	11.2686 67.1623 0.3670	
55.468897 298.807200	5.92e-01  8.53e-01  4.13e+05	-1.2382 91.3876 0.7409	
55.468897 298.807200	4.67e-01  7.05e-01  4.64e+05	4.4933 60.2451 0.3853	
55.468897 298.807200	6.16e-01  6.90e-01  4.38e+05	-21.3364 74.9433 0.8742	
55.468897 298.807200	4.67e-01  8.85e-01  4.29e+05	-43.0007 70.7649 0.3901	
55.468897 298.807200	5.67e-01  7.56e-01  4.34e+05	-27.7933 74.8868 0.5616	
55.468897 298.807200	4.24e-01  9.75e-01  4.21e+05	-43.2973 75.8389 0.8572	
55.468897 298.807200	5.43e-01  9.51e-01  4.05e+05	31.5438 89.9654 0.1749	
55.468897 298.807200	6.74e-01  8.74e-01  3.96e+05	-26.0369 95.8434 0.2057	
55.468897 298.807200	7.96e-01  8.96e-01  3.75e+05	-48.2696 97.2645 0.1892	
55.468897 298.807200	5.92e-01  6.93e-01  4.42e+05	-9.3830 75.0387 0.7985	
55.468897 298.807200	5.73e-01  7.83e-01  4.28e+05	-51.2598 65.6710 0.7196	
55.468897 298.807200	5.69e-01  8.92e-01  4.10e+05	1.2949 92.6533 0.4356	
55.468897 298.807200	3.85e-01  9.11e-01  4.40e+05	-0.8802 76.8363 0.2082	
55.468897 298.807200	4.93e-01  6.06e-01  4.81e+05	14.9471 44.1954 0.5510	
55.468897 298.807200	5.08e-01  8.97e-01  4.20e+05	47.3736 73.9758 0.6106	
55.468897 298.807200	7.90e-01  8.46e-01  3.83e+05	-10.5789 104.6409 0.6565	
55.468897 298.807200	5.16e-01  8.09e-01  4.34e+05	-21.8042 77.0779 0.5272	
55.468897 298.807200	5.00e-01  9.09e-01  4.19e+05	2.1907 88.2253 0.7040	
55.468897 298.807200	4.69e-01  9.41e-01  4.19e+05	-58.3777 66.3587 0.8166	
55.468897 298.807200	5.42e-01  7.03e-01  4.49e+05	32.2436 63.0431 0.1451	
55.468897 298.807200	3.66e-01  9.40e-01  4.38e+05	2.1803 78.0299 0.4956	
55.468897 298.807200	5.37e-01  8.29e-01  4.27e+05	61.8837 57.1379 0.4441	
55.468897 298.807200	6.89e-01  6.93e-01  4.24e+05	-9.4283 85.3014 0.2563	
55.468897 298.807200	7.54e-01  9.52e-01  3.73e+05	-0.9353 109.3595 0.5178	
55.468897 298.807200	7.37e-01  8.55e-01  3.89e+05	-9.1249 101.9383 0.3158	
55.468897 298.807200	5.35e-01  7.52e-01  4.41e+05	-17.5746 73.8518 0.8196	
55.468897 298.807200	3.74e-01  9.84e-01  4.28e+05	-2.0073 83.3864 0.4072	
55.468897 298.807200	5.00e-01  8.11e-01  4.37e+05	0.5602 78.5940 0.8985	
55.468897 298.807200	6.88e-01  8.46e-01  3.98e+05	-59.6707 78.1356 0.5125	
55.468897 298.807200	6.16e-01  7.27e-01  4.31e+05	23.6955 78.4952 0.2182	
55.468897 298.807200	5.71e-01  7.60e-01  4.33e+05	-10.6826 79.9940 0.7370	
55.468897 298.807200	5.10e-01  8.43e-01  4.29e+05	46.5119 68.7026 0.7811	
55.468897 298.807200	6.34e-01  8.70e-01  4.03e+05	-13.4588 95.1670 0.1948	
55.468897 298.807200	6.42e-01  8.28e-01  4.08e+05	-16.8212 91.9558 0.8548	
55.468897 298.807200	4.11e-01  8.89e-01  4.39e+05	-0.8224 77.2761 0.4432	
55.468897 298.807200	6.86e-01  8.24e-01  4.02e+05	-24.0746 93.4865 0.1692	
55.468897 298.807200	5.40e-01  8.26e-01  4.26e+05	-43.4540 72.1730 0.9631	
55.468897 298.807200	4.38e-01  7.93e-01  4.52e+05	-22.0734 65.1723 0.4820	
55.468897 298.807200	4.30e-01  8.03e-01  4.52e+05	-22.7917 65.3106 0.9558	
55.468897 298.807200	5.71e-01  7.86e-01  4.28e+05	38.0159 74.1665 0.2643	
55.468897 298.807200	8.20e-01  8.76e-01  3.74e+05	11.5273 108.2057 0.2876	
55.468897 298.807200	4.57e-01  7.70e-01  4.53e+05	-8.8170 67.7401 0.7946	
55.468897 298.807200	5.15e-01  8.95e-01  4.19e+05	45.8400 75.5024 0.6768	
55.468897 298.807200	6.62e-01  7.26e-01  4.23e+05	-0.1682 86.2515 0.0979	
55.468897 298.807200	6.14e-01  6.82e-01  4.40e+05	24.0071 73.0006 0.9777	
55.468897 298.807200	4.79e-01  9.09e-01  4.22e+05	-42.9442 74.9339 0.9251	
55.468897 298.807200	4.68e-01  7.18e-01  4.62e+05	4.2418 62.1822 0.1973	
55.468897 298.807200	5.88e-01  8.36e-01  4.16e+05	-9.3678 89.0769 0.3129	
55.468897 298.807200	5.47e-01  7.22e-01  4.45e+05	-5.1146 73.4821 0.3851	
55.468897 298.807200	4.34e-01  8.23e-01  4.47e+05	-13.4917 70.9018 0.3665	
55.468897 298.807200	6.27e-01  7.42e-01  4.26e+05	-23.3107 81.2636 0.0071	
55.468897 298.807200	5.72e-01  9.55e-01  3.99e+05	19.2852 95.8644 0.7591	
55.468897 298.807200	5.42e-01  9.16e-01  4.11e+05	-14.1275 91.3737 0.3534	
55.468897 298.807200	6.06e-01  7.74e-01  4.24e+05	7.0829 85.2555 0.0918	
55.468897 298.807200	5.36e-01  7.93e-01  4.33e+05	6.6581 80.2350 0.7190	
55.468897 298.807200	7.93e-01  9.82e-01  3.64e+05	44.2963 104.1676 0.2768	
55.468897 298.807200	4.43e-01  9.17e-01  4.28e+05	-26.8862 79.2419 0.1838	
55.468897 298.807200	6.40e-01  9.12e-01  3.95e+05	27.4750 95.7157 0.0736	
55.468897 298.807200	7.32e-01  9.26e-01  3.80e+05	11.8281 105.8647 0.9134	
55.468897 298.807200	6.15e-01  7.12e-01  4.34e+05	32.1311 73.5700 0.8060	
55.468897 298.807200	5.57e-01  6.78e-01  4.52e+05	-18.5438 66.8059 0.8119	
55.468897 298.807200	5.28e-01  7.92e-01  4.35e+05	19.8035 77.0139 0.4661	
55.468897 298.807200	6.13e-01  7.23e-01  4.32e+05	18.4430 79.1395 0.2173	
55.468897 298.807200	4.64e-01  7.72e-01  4.51e+05	-22.4854 65.7158 0.0675	
55.468897 298.807200	6.35e-01  7.60e-01  4.21e+05	-46.1383 73.7756 0.2468	
55.468897 298.807200	5.82e-01  7.68e-01  4.30e+05	-16.3388 80.9549 0.0590	
55.468897 298.807200	7.47e-01  9.90e-01  3.69e+05	-4.5616 111.0539 0.6306	
55.468897 298.807200	8.14e-01  8.34e-01  3.81e+05	34.9542 100.0372 0.5041	
55.468897 298.807200	7.23e-01  9.21e-01  3.82e+05	8.0379 105.3896 0.7911	
55.468897 298.807200	7.89e-01  8.65e-01  3.80e+05	29.6369 102.1259 0.8669	
55.468897 298.807200	6.75e-01  8.14e-01  4.05e+05	-30.8220 89.7904 0.1324	
55.468897 298.807200	5.66e-01  7.76e-01  4.31e+05	-12.4440 80.9664 0.9476	
55.468897 298.807200	5.83e-01  9.41e-01  4.00e+05	-17.5981 95.9927 0.7605	
55.468897 298.807200	5.74e-01  8.30e-01  4.20e+05	-18.0838 85.9162 0.6479	
55.468897 298.807200	4.39e-01  7.89e-01  4.53e+05	-1.0364 68.4605 0.0748	
55.468897 298.807200	5.39e-01  8.10e-01  4.30e+05	-3.6563 82.4759 0.6658	
55.468897 298.807200	3.37e-01  8.50e-01  4.61e+05	3.5029 62.5680 0.8081	
55.468897 298.807200	5.07e-01  7.89e-01  4.40e+05	-5.6766 76.6158 0.7138	
55.468897 298.807200	7.84e-01  9.41e-01  3.70e+05	0.0626 110.4422 0.9477	
55.468897 298.807200	5.18e-01  8.35e-01  4.29e+05	15.0851 81.5982 0.7057	
55.468897 298.807200	7.32e-01  8.04e-01  3.98e+05	24.9309 95.2209 0.4797	
55.468897 298.807200	3.65e-01  7.78e-01  4.71e+05	3.8699 55.2539 0.3010	
55.468897 298.807200	6.09e-01  7.48e-01  4.28e+05	-1.6474 83.2550 0.6908	
55.468897 298.807200	5.59e-01  7.21e-01  4.43e+05	-4.0356 74.9262 0.5638	
55.468897 298.807200	6.22e-01  7.32e-01  4.29e+05	-26.0399 78.8778 0.5441	
55.468897 298.807200	6.21e-01  8.45e-01  4.09e+05	5.0942 92.9795 0.2203	
55.468897 298.807200	7.39e-01  9.45e-01  3.76e+05	12.1320 107.4544 0.3064	
55.468897 298.807200	6.47e-01  7.33e-01  4.24e+05	-16.6260 83.9074 0.9182	
55.468897 298.807200	6.22e-01  7.66e-01  4.23e+05	-22.8952 83.2353 0.1019	
55.468897 298.807200	4.12e-01  7.66e-01  4.63e+05	3.1390 61.0887 0.2326	
55.468897 298.807200	6.14e-01  8.21e-01  4.14e+05	-25.4969 86.8576 0.2805	
55.468897 298.807200	4.08e-01  7.25e-01  4.73e+05	-12.1054 51.9294 0.8071	
55.468897 298.807200	5.29e-01  8.71e-01  4.20e+05	-26.3084 83.4214 0.3970	
55.468897 298.807200	4.95e-01  7.49e-01  4.50e+05	19.8641 67.7314 0.8790	
55.468897 298.807200	5.57e-01  8.65e-01  4.17e+05	30.5597 84.0455 0.1578	
55.468897 298.807200	4.78e-01  7.85e-01  4.46e+05	25.6703 68.3406 0.1292	
55.468897 298.807200	5.59e-01  9.28e-01  4.06e+05	40.1482 85.8579 0.7946	
55.468897 298.807200	5.74e-01  8.30e-01  4.20e+05	13.9732 86.6632 0.5451	
55.468897 298.807200	4.82e-01  7.53e-01  4.51e+05	-22.7340 65.6174 0.7667	
55.468897 298.807200	6.04e-01  8.06e-01  4.19e+05	12.1220 87.4981 0.7457	
55.468897 298.807200	3.67e-01  8.68e-01  4.52e+05	-0.2607 69.3782 0.0294	
55.468897 298.807200	4.36e-01  7.32e-01  4.65e+05	0.0312 59.6572 0.7257	
55.468897 298.807200	3.22e-01  8.27e-01  4.70e+05	-0.0338 56.4291 0.7965	
55.468897 298.807200	6.37e-01  9.29e-01  3.93e+05	30.9595 95.6436 0.6759	
55.468897 298.807200	6.35e-01  7.50e-01  4.23e+05	17.6518 84.1789 0.5327	
55.468897 298.807200	6.15e-01  9.69e-01  3.90e+05	11.4302 101.2014 0.9987	
55.468897 298.807200	7.66e-01  8.82e-01  3.81e+05	2.6774 105.9153 0.2787	
55.468897 298.807200	5.97e-01  9.01e-01  4.04e+05	42.8546 85.4575 0.0495	
55.468897 298.807200	7.08e-01  8.15e-01  4.00e+05	15.9078 96.1730 0.3316	
55.468897 298.807200	6.27e-01  9.49e-01  3.92e+05	-22.2279 98.8116 0.8777	
55.468897 298.807200	4.78e-01  7.66e-01  4.50e+05	34.9079 61.4454 0.0199	
55.468897 298.807200	6.48e-01  9.33e-01  3.91e+05	-18.2183 99.9675 0.2804	
55.468897 298.807200	5.00e-01  7.87e-01  4.41e+05	-2.4969 75.8244 0.8464	
55.468897 298.807200	5.87e-01  8.89e-01  4.08e+05	7.5942 93.5884 0.7082	
55.468897 298.807200	5.99e-01  7.68e-01  4.26e+05	28.0727 79.4432 0.6338	
55.468897 298.807200	7.20e-01  8.76e-01  3.89e+05	-25.8892 99.3243 0.8981	
55.468897 298.807200	4.85e-01  7.31e-01  4.55e+05	-4.2204 66.7710 0.7952	
55.468897 298.807200	6.36e-01  6.73e-01  4.37e+05	-39.3981 67.7736 0.4688	
55.468897 298.807200	5.96e-01  8.50e-01  4.13e+05	-22.5104 88.5709 0.7543	
55.468897 298.807200	7.39e-01  8.48e-01  3.90e+05	-18.6511 100.2930 0.1111	
55.468897 298.807200	5.74e-01  7.74e-01  4.30e+05	13.5881 81.2731 0.6862	
55.468897 298.807200	4.86e-01  7.21e-01  4.57e+05	-14.9734 63.9092 0.4201	
55.468897 298.807200	3.62e-01  7.34e-01  4.81e+05	6.8115 45.2941 0.5269	
55.468897 298.807200	3.87e-01  9.05e-01  4.40e+05	-24.2741 72.5014 0.6170	
55.468897 298.807200	5.76e-01  8.55e-01  4.15e+05	45.3749 77.8807 0.6528	
55.468897 298.807200	5.30e-01  7.18e-01  4.49e+05	-6.0897 70.8660 0.5277	
55.468897 298.807200	6.79e-01  8.98e-01  3.92e+05	-8.3529 100.9348 0.5597	
55.468897 298.807200	5.57e-01  8.96e-01  4.11e+05	15.8329 90.6539 0.0589	
55.468897 298.807200	6.01e-01  9.23e-01  4.00e+05	56.6072 79.5010 0.8369	
55.468897 298.807200	3.29e-01  8.42e-01  4.65e+05	0.6110 60.1559 0.5971	
55.468897 298.807200	6.00e-01  8.88e-01  4.06e+05	-8.9552 94.3948 0.2560	
55.468897 298.807200	6.11e-01  9.14e-01  4.00e+05	-44.5289 86.8417 0.1859	
55.468897 298.807200	5.63e-01  7.10e-01  4.44e+05	21.4313 71.0678 0.5303	
55.468897 298.807200	4.31e-01  9.03e-01  4.32e+05	19.1559 78.7177 0.5174	
55.468897 298.807200	5.19e-01  8.93e-01  4.18e+05	-26.2626 84.5366 0.9041	
55.468897 298.807200	4.78e-01  5.94e-01  4.87e+05	-17.7916 35.8262 0.5755	
55.468897 298.807200	6.47e-01  9.41e-01  3.90e+05	-11.2105 101.4744 0.8222	
55.468897 298.807200	5.83e-01  9.55e-01  3.98e+05	17.4197 97.0663 0.1144	
55.468897 298.807200	8.04e-01  8.43e-01  3.81e+05	48.3391 94.1990 0.8503	
55.468897 298.807200	6.63e-01  8.43e-01  4.03e+05	-20.0016 94.0999 0.6872	
55.468897 298.807200	4.88e-01  7.20e-01  4.57e+05	3.2410 65.6575 0.2669	
55.468897 298.807200	5.01e-01  8.05e-01  4.37e+05	-36.9897 68.7606 0.7525	
55.468897 298.807200	7.33e-01  8.50e-01  3.91e+05	-15.7089 100.5173 0.0382	
55.468897 298.807200	7.01e-01  7.47e-01  4.12e+05	-14.9467 90.3883 0.7627	
55.468897 298.807200	6.83e-01  8.70e-01  3.95e+05	-2.6393 99.6463 0.4789	
55.468897 298.807200	4.98e-01  9.08e-01  4.19e+05	51.7594 71.1649 0.7214	
55.468897 298.807200	4.85e-01  7.79e-01  4.46e+05	-12.0678 72.1280 0.3725	
55.468897 298.807200	5.49e-01  7.42e-01  4.41e+05	8.2895 75.8451 0.8775	
55.468897 298.807200	8.10e-01  9.19e-01  3.70e+05	0.8528 110.6933 0.8789	
55.468897 298.807200	5.73e-01  7.57e-01  4.33e+05	-7.1937 80.2240 0.5934	
55.468897 298.807200	4.38e-01  7.08e-01  4.70e+05	-13.0375 54.1501 0.5555	
55.468897 298.807200	3.47e-01  8.33e-01  4.63e+05	-7.1956 61.1274 0.1818	
55.468897 298.807200	5.88e-01  8.12e-01  4.21e+05	5.4337 87.2137 0.1171	
55.468897 298.807200	5.39e-01  6.78e-01  4.55e+05	23.8347 62.6354 0.3569	
55.468897 298.807200	5.77e-01  8.42e-01  4.17e+05	-18.1727 87.3180 0.3943	
55.468897 298.807200	7.50e-01  9.63e-01  3.72e+05	21.1367 107.7454 0.9297	
55.468897 298.807200	5.62e-01  8.18e-01  4.24e+05	24.8324 81.8974 0.9857	
55.468897 298.807200	6.25e-01  9.03e-01  3.99e+05	0.5991 97.8779 0.0951	
55.468897 298.807200	5.60e-01  8.01e-01  4.27e+05	42.2985 72.2544 0.9008	
55.468897 298.807200	6.06e-01  7.69e-01  4.25e+05	-30.3734 79.4149 0.6406	
55.468897 298.807200	5.98e-01  8.29e-01  4.16e+05	37.8861 81.4682 0.3505	
55.468897 298.807200	7.63e-01  7.95e-01  3.94e+05	-9.0108 99.6418 0.6589	
55.468897 298.807200	5.82e-01  7.79e-01  4.27e+05	-32.7486 77.1449 0.5790	
55.468897 298.807200	3.79e-01  7.99e-01  4.63e+05	-36.0355 49.4873 0.7605	
55.468897 298.807200	6.22e-01  8.61e-01  4.06e+05	-23.2361 91.5715 0.5794	
55.468897 298.807200	5.19e-01  7.87e-01  4.38e+05	-14.6052 76.6256 0.2931	
55.468897 298.807200	6.33e-01  7.95e-01  4.15e+05	24.6091 86.5408 0.8042	
55.468897 298.807200	5.09e-01  8.47e-01  4.28e+05	23.1460 80.0372 0.9128	
55.468897 298.807200	5.92e-01  7.64e-01  4.28e+05	-21.1863 80.5002 0.8430	
55.468897 298.807200	6.57e-01  7.70e-01  4.16e+05	35.9796 82.3032 0.8019	
55.468897 298.807200	6.31e-01  6.72e-01  4.38e+05	-24.0961 73.8572 0.1386	
55.468897 298.807200	7.03e-01  7.64e-01  4.09e+05	-5.6806 92.9675 0.8257	
55.468897 298.807200	6.05e-01  6.86e-01  4.40e+05	-6.1681 76.1130 0.0257	
55.468897 298.807200	6.99e-01  8.74e-01  3.92e+05	-3.9972 100.9767 0.5230	
55.468897 298.807200	5.74e-01  9.12e-01  4.06e+05	35.9686 87.5554 0.5687	
55.468897 298.807200	6.18e-01  7.93e-01  4.19e+05	1.9452 88.4034 0.4251	
55.468897 298.807200	6.73e-01  7.72e-01  4.13e+05	-8.4551 90.9034 0.6044	
55.468897 298.807200	4.67e-01  8.61e-01  4.33e+05	11.9371 79.5169 0.1738	
55.468897 298.807200	7.32e-01  8.95e-01  3.84e+05	3.3778 104.5423 0.4741	
55.468897 298.807200	3.94e-01  8.65e-01  4.47e+05	11.6501 71.4652 0.9112	
55.468897 298.807200	5.22e-01  7.74e-01  4.40e+05	15.5045 75.2875 0.2320	
55.468897 298.807200	3.29e-01  8.35e-01  4.66e+05	-1.6420 58.8946 0.4541	
55.468897 298.807200	5.48e-01  9.06e-01  4.11e+05	-5.2890 91.9568 0.1307	
55.468897 298.807200	7.50e-01  8.34e-01  3.91e+05	-65.6201 77.8001 0.2358	
55.468897 298.807200	6.18e-01  8.84e-01  4.03e+05	-8.0865 95.5577 0.4835	
55.468897 298.807200	4.69e-01  9.08e-01  4.24e+05	-8.5701 84.8741 0.3395	
55.468897 298.807200	4.81e-01  6.83e-01  4.66e+05	-13.0557 57.5777 0.2545	
55.468897 298.807200	5.34e-01  8.30e-01  4.27e+05	-5.5797 83.8129 0.2339	
55.468897 298.807200	5.89e-01  9.26e-01  4.01e+05	31.9328 91.5455 0.7326	
55.468897 298.807200	4.11e-01  7.31e-01  4.71e+05	-11.3330 54.0448 0.5366	
55.468897 298.807200	5.47e-01  8.95e-01  4.13e+05	-39.9842 81.8584 0.8351	
55.468897 298.807200	4.30e-01  8.48e-01  4.43e+05	-34.4632 66.2925 0.2335	
55.468897 298.807200	6.16e-01  9.23e-01  3.98e+05	-34.6039 92.3595 0.0964	
55.468897 298.807200	5.22e-01  8.54e-01  4.25e+05	-39.8925 75.2315 0.1017	
55.468897 298.807200	6.70e-01  8.67e-01  3.98e+05	-10.8790 97.9524 0.9864	
55.468897 298.807200	5.83e-01  7.88e-01  4.26e+05	-32.5111 78.2554 0.2023	
55.468897 298.807200	8.12e-01  9.30e-01  3.68e+05	-35.9504 105.4481 0.5272	
55.468897 298.807200	5.12e-01  8.54e-01  4.26e+05	15.1589 82.9181 0.4240	
55.468897 298.807200	4.30e-01  8.51e-01  4.42e+05	12.4153 74.0798 0.1364	
55.468897 298.807200	4.50e-01  8.66e-01  4.36e+05	-25.8453 74.7703 0.7021	
55.468897 298.807200	5.80e-01  8.56e-01  4.14e+05	25.7591 86.8247 0.7472	
55.468897 298.807200	5.25e-01  7.80e-01  4.38e+05	11.1509 77.1196 0.0003	
55.468897 298.807200	6.24e-01  7.58e-01  4.24e+05	4.9835 85.6255 0.0782	
55.468897 298.807200	5.88e-01  8.83e-01  4.08e+05	5.2985 93.2981 0.1128	
55.468897 298.807200	4.30e-01  8.04e-01  4.52e+05	22.9820 65.4200 0.1426	
55.468897 298.807200	5.05e-01  6.67e-01  4.64e+05	-18.7986 57.3333 0.3295	
55.468897 298.807200	6.49e-01  8.66e-01  4.01e+05	-14.0765 95.8881 0.6294	
55.468897 298.807200	7.65e-01  7.97e-01  3.94e+05	13.3011 99.3733 0.5952	
55.468897 298.807200	5.17e-01  8.15e-01  4.33e+05	17.1675 78.9668 0.2391	
55.468897 298.807200	4.61e-01  7.93e-01  4.48e+05	1.7084 71.8337 0.0858	
55.468897 298.807200	6.40e-01  8.00e-01  4.14e+05	37.5620 82.8570 0.9975	
55.468897 298.807200	5.08e-01  7.75e-01  4.42e+05	-14.7358 73.9022 0.1636	
55.468897 298.807200	4.78e-01  7.71e-01  4.49e+05	-35.6865 61.6587 0.5078	
55.468897 298.807200	3.77e-01  8.76e-01  4.48e+05	27.3964 66.3758 0.6894	
55.468897 298.807200	7.19e-01  9.86e-01  3.73e+05	-25.5895 106.3009 0.6162	
55.468897 298.807200	7.00e-01  7.72e-01  4.08e+05	-40.8485 84.1428 0.2387	
55.468897 298.807200	6.92e-01  7.62e-01  4.11e+05	-39.1954 83.3175 0.7613	
55.468897 298.807200	4.03e-01  7.43e-01  4.70e+05	5.7202 55.6952 0.4493	
55.468897 298.807200	6.14e-01  8.57e-01  4.08e+05	14.6280 92.4043 0.1307	
55.468897 298.807200	6.24e-01  8.54e-01  4.07e+05	15.6019 92.7626 0.3878	
55.468897 298.807200	5.15e-01  8.01e-01  4.36e+05	-1.8252 79.0488 0.1031	
55.468897 298.807200	5.69e-01  7.43e-01  4.37e+05	-35.7644 69.9959 0.4465	
55.468897 298.807200	5.59e-01  9.08e-01  4.09e+05	12.9331 92.2823 0.9741	
55.468897 298.807200	5.22e-01  8.37e-01  4.28e+05	20.9760 80.9472 0.7592	
55.468897 298.807200	5.45e-01  7.74e-01  4.35e+05	-2.8805 79.3678 0.8499	
55.468897 298.807200	4.52e-01  7.31e-01  4.62e+05	3.2844 61.9549 0.4449	
55.468897 298.807200	5.10e-01  7.67e-01  4.43e+05	-1.0358 74.6180 0.7254	
55.468897 298.807200	6.35e-01  7.79e-01  4.18e+05	-21.6896 86.0297 0.1671	
55.468897 298.807200	4.90e-01  7.28e-01  4.55e+05	-52.5292 41.6831 0.6898	
55.468897 298.807200	5.93e-01  6.84e-01  4.43e+05	7.7260 74.2990 0.5033	
55.468897 298.807200	7.44e-01  9.05e-01  3.81e+05	22.7263 103.5877 0.4781	
55.468897 298.807200	5.30e-01  7.49e-01  4.43e+05	-18.9714 72.4634 0.3547	
55.468897 298.807200	5.22e-01  8.35e-01  4.28e+05	-14.8511 82.0586 0.8425	
55.468897 298.807200	5.69e-01  7.65e-01  4.32e+05	-25.5903 76.9121 0.2160	
55.468897 298.807200	5.60e-01  7.79e-01  4.31e+05	-3.1550 81.4549 0.4514	
55.468897 298.807200	6.92e-01  7.93e-01  4.06e+05	-29.9795 89.7966 0.6721	
55.468897 298.807200	4.04e-01  8.63e-01  4.45e+05	-42.3443 60.0512 0.6723	
55.468897 298.807200	3.99e-01  9.62e-01  4.27e+05	18.3078 81.7495 0.1688	
55.468897 298.807200	5.05e-01  8.81e-01  4.23e+05	7.3542 85.8448 0.2972	
55.468897 298.807200	2.91e-01  8.49e-01  4.71e+05	-13.7845 53.1549 0.5359	
55.468897 298.807200	6.63e-01  8.67e-01  3.99e+05	56.3801 80.1627 0.4471	
55.468897 298.807200	5.88e-01  8.93e-01  4.07e+05	31.9841 88.6902 0.8793	
55.468897 298.807200	4.79e-01  8.78e-01  4.28e+05	-47.3628 68.6130 0.6876	
55.468897 298.807200	5.64e-01  8.38e-01  4.20e+05	26.8500 83.4014 0.0866	
55.468897 298.807200	5.40e-01  8.62e-01  4.20e+05	49.6335 72.2305 0.0445	
55.468897 298.807200	5.14e-01  8.71e-01  4.23e+05	20.9692 83.4678 0.8473	
55.468897 298.807200	4.85e-01  6.81e-01  4.66e+05	-30.6760 50.7201 0.3591	
55.468897 298.807200	5.03e-01  9.28e-01  4.15e+05	4.2077 90.0562 0.9435	
55.468897 298.807200	6.18e-01  6.68e-01  4.41e+05	-4.9097 75.5780 0.4673	
55.468897 298.807200	6.39e-01  7.51e-01  4.22e+05	22.6867 83.5198 0.7108	
55.468897 298.807200	4.73e-01  8.01e-01  4.44e+05	-17.4397 72.2826 0.3963	
55.468897 298.807200	5.56e-01  8.56e-01  4.18e+05	30.0563 83.2452 0.7614	
55.468897 298.807200	6.52e-01  8.63e-01  4.01e+05	-19.7697 94.8812 0.3056	
55.468897 298.807200	5.93e-01  6.52e-01  4.49e+05	-12.1783 69.7734 0.6532	
55.468897 298.807200	4.67e-01  7.91e-01  4.47e+05	-15.5894 70.7009 0.9000	
55.468897 298.807200	6.37e-01  8.17e-01  4.11e+05	-24.3541 88.9041 0.8745	
55.468897 298.807200	7.18e-01  7.66e-01  4.06e+05	44.6420 83.3256 0.7252	
55.468897 298.807200	4.84e-01  9.03e-01  4.23e+05	-16.7091 84.6361 0.1395	
55.468897 298.807200	4.87e-01  8.71e-01  4.28e+05	5.2373 83.3043 0.5574	
55.468897 298.807200	6.35e-01  9.60e-01  3.89e+05	3.2449 102.4617 0.5963	
55.468897 298.807200	7.17e-01  9.05e-01  3.85e+05	22.5621 101.8135 0.4795	
55.468897 298.807200	6.05e-01  8.62e-01  4.09e+05	-23.2784 90.2169 0.5771	
55.468897 298.807200	5.83e-01  7.66e-01  4.30e+05	43.7259 69.9978 0.7908	
55.468897 298.807200	4.73e-01  7.96e-01  4.45e+05	-12.1020 72.8030 0.7945	
55.468897 298.807200	4.62e-01  8.65e-01  4.34e+05	-5.4469 80.0687 0.4863	
55.468897 298.807200	3.25e-01  8.00e-01  4.75e+05	2.7143 51.7731 0.1825	
55.468897 298.807200	5.67e-01  8.06e-01  4.25e+05	12.5530 83.9806 0.3918	
55.468897 298.807200	5.43e-01  6.84e-01  4.53e+05	-17.9052 65.9969 0.7389	
55.468897 298.807200	5.73e-01  8.83e-01  4.11e+05	-7.8417 91.9918 0.4668	
55.468897 298.807200	5.66e-01  7.52e-01  4.35e+05	-16.0289 77.6488 0.2530	
55.468897 298.807200	3.32e-01  8.43e-01  4.64e+05	-1.6612 60.8424 0.1950	
55.468897 298.807200	5.26e-01  8.54e-01  4.24e+05	30.3315 79.9884 0.6076	
55.468897 298.807200	6.75e-01  7.78e-01  4.11e+05	-45.1769 80.1555 0.5310	
55.468897 298.807200	6.25e-01  9.49e-01  3.92e+05	-37.1621 94.0926 0.6585	
55.468897 298.807200	7.16e-01  7.96e-01  4.02e+05	3.3675 96.6091 0.2960	
55.468897 298.807200	5.96e-01  7.99e-01  4.21e+05	-37.7074 78.3432 0.9702	
55.468897 298.807200	7.46e-01  9.05e-01  3.81e+05	18.5606 104.5139 0.3380	
55.468897 298.807200	4.88e-01  6.96e-01  4.62e+05	28.2307 55.3764 0.9076	
55.468897 298.807200	4.64e-01  9.04e-01  4.26e+05	-9.8809 83.8576 0.2925	
55.468897 298.807200	5.71e-01  6.89e-01  4.47e+05	-47.3939 54.9856 0.8643	
55.468897 298.807200	4.85e-01  6.57e-01  4.71e+05	-17.8583 52.1356 0.7027	
55.468897 298.807200	7.89e-01  8.46e-01  3.83e+05	3.6315 105.0822 0.3247	
55.468897 298.807200	5.83e-01  7.06e-01  4.41e+05	8.7724 75.5239 0.8540	
55.468897 298.807200	7.32e-01  8.58e-01  3.90e+05	-52.5160 87.7319 0.0467	
55.468897 298.807200	4.88e-01  6.81e-01  4.65e+05	20.3153 56.1553 0.6647	
55.468897 298.807200	6.58e-01  9.10e-01  3.93e+05	-43.5267 90.8357 0.3490	
55.468897 298.807200	8.57e-01  9.16e-01  3.64e+05	-4.7526 112.9981 0.9811	
55.468897 298.807200	5.88e-01  8.04e-01  4.22e+05	3.4539 86.6667 0.3983	
55.468897 298.807200	6.39e-01  7.88e-01  4.16e+05	10.4507 89.2180 0.9465	
55.468897 298.807200	4.84e-01  8.38e-01  4.35e+05	1.1705 79.6695 0.8891	
55.468897 298.807200	6.54e-01  6.95e-01  4.29e+05	12.2411 81.7195 0.4077	
55.468897 298.807200	6.47e-01  9.66e-01  3.86e+05	26.6046 100.2327 0.8311	
55.468897 298.807200	6.29e-01  8.86e-01  4.01e+05	25.2788 93.5472 0.7171	
55.468897 298.807200	5.57e-01  9.55e-01  4.02e+05	9.5704 96.2076 0.2154	
55.468897 298.807200	6.02e-01  7.41e-01  4.31e+05	-38.6787 72.2779 0.5263	
55.468897 298.807200	5.97e-01  7.59e-01  4.28e+05	1.4766 83.1997 0.9269	
55.468897 298.807200	5.48e-01  9.69e-01  4.01e+05	-53.7487 80.7794 0.7407	
55.468897 298.807200	5.46e-01  7.85e-01  4.33e+05	12.6312 79.6498 0.8066	
55.468897 298.807200	4.75e-01  7.98e-01  4.44e+05	-12.1117 73.2580 0.1057	
55.468897 298.807200	5.38e-01  7.92e-01  4.33e+05	4.0688 80.5397 0.6817	
55.468897 298.807200	4.99e-01  9.33e-01  4.15e+05	-1.7224 90.2301 0.3519	
55.468897 298.807200	6.85e-01  7.56e-01  4.13e+05	-15.6228 89.7038 0.9148	
55.468897 298.807200	7.22e-01  7.61e-01  4.06e+05	6.0819 94.2471 0.9230	
55.468897 298.807200	4.61e-01  9.18e-01  4.24e+05	3.4740 85.4531 0.7903	
55.468897 298.807200	6.98e-01  7.26e-01  4.16e+05	18.5757 87.6220 0.7390	
55.468897 298.807200	6.36e-01  8.37e-01  4.08e+05	8.7492 93.2831 0.5355	
55.468897 298.807200	5.02e-01  9.55e-01  4.11e+05	-21.3102 89.8537 0.2685	
55.468897 298.807200	5.72e-01  9.76e-01  3.96e+05	-26.6514 95.6663 0.8842	
55.468897 298.807200	7.40e-01  9.45e-01  3.76e+05	-23.5664 105.5849 0.4001	
55.468897 298.807200	5.84e-01  8.50e-01  4.15e+05	22.6320 87.5447 0.1062	
55.468897 298.807200	4.22e-01  8.30e-01  4.48e+05	-28.7464 65.6567 0.3690	
55.468897 298.807200	7.24e-01  7.73e-01  4.04e+05	-13.4238 94.6133 0.7040	
55.468897 298.807200	7.33e-01  8.32e-01  3.93e+05	37.7688 93.1360 0.3169	
55.468897 298.807200	7.12e-01  8.46e-01  3.94e+05	33.6560 94.2368 0.5745	
55.468897 298.807200	5.73e-01  8.82e-01  4.11e+05	-1.2705 92.2024 0.3205	
55.468897 298.807200	4.96e-01  7.95e-01  4.40e+05	-20.0263 73.6619 0.8615	
55.468897 298.807200	5.13e-01  9.26e-01  4.14e+05	21.1875 88.3669 0.5813	
55.468897 298.807200	5.17e-01  7.90e-01  4.37e+05	36.5528 68.9922 0.8039	
55.468897 298.807200	5.75e-01  7.38e-01  4.36e+05	-12.2212 77.8541 0.8576	
55.468897 298.807200	6.00e-01  8.02e-01  4.20e+05	26.4372 83.5460 0.8995	
55.468897 298.807200	7.08e-01  8.78e-01  3.90e+05	-30.3107 97.3351 0.1852	
55.468897 298.807200	3.89e-01  7.21e-01  4.78e+05	2.9370 48.8653 0.9430	
55.468897 298.807200	5.91e-01  8.94e-01  4.06e+05	-28.4386 90.2460 0.9973	
55.468897 298.807200	5.95e-01  7.65e-01  4.28e+05	-63.3582 54.6527 0.2060	
55.468897 298.807200	2.83e-01  9.81e-01  4.46e+05	-10.4316 72.3863 0.5842	
55.468897 298.807200	4.61e-01  8.33e-01  4.40e+05	-17.5698 74.6409 0.3986	
55.468897 298.807200	6.42e-01  7.81e-01  4.16e+05	-22.2344 86.6606 0.9792	
55.468897 298.807200	4.53e-01  7.55e-01  4.57e+05	30.6380 58.2095 0.3381	
55.468897 298.807200	3.86e-01  8.24e-01  4.57e+05	-15.5807 64.1113 0.1631	
55.468897 298.807200	5.59e-01  6.54e-01  4.56e+05	-10.5328 65.5827 0.3048	
55.468897 298.807200	5.21e-01  8.05e-01  4.34e+05	3.7637 80.0479 0.6995	
55.468897 298.807200	5.49e-01  8.70e-01  4.17e+05	-13.3548 88.1697 0.7630	
55.468897 298.807200	6.36e-01  8.40e-01  4.07e+05	-5.3124 93.8239 0.9671	
55.468897 298.807200	5.18e-01  7.35e-01  4.48e+05	-4.6886 71.6711 0.4290	
55.468897 298.807200	4.64e-01  7.66e-01  4.53e+05	12.3557 67.6266 0.7572	
55.468897 298.807200	5.07e-01  8.89e-01  4.21e+05	-35.9188 79.2870 0.7421	
55.468897 298.807200	4.77e-01  7.16e-01  4.60e+05	-21.6346 59.8277 0.0028	
55.468897 298.807200	4.47e-01  6.81e-01  4.74e+05	-3.7703 52.3787 0.3626	
55.468897 298.807200	5.97e-01  8.00e-01  4.21e+05	27.1509 82.7659 0.5871	
55.468897 298.807200	5.33e-01  8.30e-01  4.27e+05	-8.1928 83.5206 0.2091	
55.468897 298.807200	4.24e-01  7.49e-01  4.65e+05	-2.8317 60.2467 0.2630	
55.468897 298.807200	6.25e-01  7.94e-01  4.17e+05	-9.9188 88.6291 0.8055	
55.468897 298.807200	7.61e-01  9.74e-01  3.69e+05	28.5976 107.2284 0.9469	
55.468897 298.807200	5.55e-01  7.35e-01  4.41e+05	-32.7575 68.8120 0.9000	
55.468897 298.807200	6.25e-01  7.47e-01  4.25e+05	13.5853 83.7479 0.8242	
55.468897 298.807200	5.93e-01  7.97e-01  4.22e+05	-35.2518 79.0661 0.7345	
55.468897 298.807200	5.64e-01  8.04e-01  4.26e+05	44.4568 71.6844 0.6889	
55.468897 298.807200	4.78e-01  7.16e-01  4.60e+05	32.4161 54.8310 0.0868	
55.468897 298.807200	5.35e-01  6.99e-01  4.52e+05	1.9575 69.2990 0.6120	
55.468897 298.807200	5.14e-01  6.25e-01  4.72e+05	3.3266 54.5806 0.7885	
55.468897 298.807200	7.13e-01  8.25e-01  3.98e+05	-2.1429 98.5753 0.3841	
55.468897 298.807200	5.51e-01  8.44e-01  4.21e+05	34.6811 79.6911 0.0902	
55.468897 298.807200	5.51e-01  6.96e-01  4.49e+05	4.0183 70.8245 0.8708	
55.468897 298.807200	5.00e-01  7.65e-01  4.45e+05	-17.0725 71.2815 0.0318	
55.468897 298.807200	5.07e-01  8.97e-01  4.20e+05	37.7439 79.3150 0.5990	
55.468897 298.807200	5.42e-01  9.18e-01  4.10e+05	58.2486 72.0430 0.5576	
55.468897 298.807200	4.27e-01  6.64e-01  4.82e+05	0.5129 44.7998 0.1839	
55.468897 298.807200	6.62e-01  8.51e-01  4.02e+05	9.4722 96.2370 0.0218	
55.468897 298.807200	5.70e-01  9.17e-01  4.06e+05	-62.5227 71.2759 0.2547	
55.468897 298.807200	6.88e-01  7.95e-01  4.06e+05	16.9347 92.9560 0.6853	
55.468897 298.807200	4.66e-01  8.19e-01  4.42e+05	4.7181 75.4148 0.5458	
55.468897 298.807200	6.47e-01  7.72e-01  4.17e+05	-30.0684 83.9954 0.5625	
55.468897 298.807200	6.50e-01  9.46e-01  3.89e+05	36.1955 95.9639 0.9580	
55.468897 298.807200	6.92e-01  9.19e-01  3.86e+05	-57.7427 86.0419 0.4378	
55.468897 298.807200	4.97e-01  9.57e-01  4.11e+05	-17.2894 90.4890 0.7649	
55.468897 298.807200	5.94e-01  6.97e-01  4.40e+05	-2.9509 76.3558 0.3347	
55.468897 298.807200	6.94e-01  7.76e-01  4.08e+05	2.8011 93.4214 0.2694	
55.468897 298.807200	7.35e-01  7.85e-01  4.00e+05	-6.3086 97.1041 0.5100	
55.468897 298.807200	6.15e-01  8.26e-01  4.13e+05	8.0501 90.6606 0.8077	
55.468897 298.807200	8.10e-01  8.75e-01  3.76e+05	8.4700 107.8435 0.1303	
55.468897 298.807200	3.65e-01  8.44e-01  4.57e+05	-14.2447 64.4519 0.3432	
55.468897 298.807200	5.46e-01  6.97e-01  4.50e+05	-15.7533 68.6602 0.9391	
55.468897 298.807200	4.35e-01  8.72e-01  4.37e+05	0.0422 78.0842 0.0043	
55.468897 298.807200	5.06e-01  7.36e-01  4.50e+05	38.0340 59.1471 0.8714	
55.468897 298.807200	5.20e-01  7.49e-01  4.45e+05	-18.2435 71.4549 0.8989	
55.468897 298.807200	6.49e-01  8.25e-01  4.08e+05	-43.8358 82.8826 0.9377	
55.468897 298.807200	5.32e-01  9.43e-01  4.08e+05	-47.6113 80.8940 0.0929	
55.468897 298.807200	4.89e-01  7.36e-01  4.54e+05	33.0807 59.4992 0.1717	
55.468897 298.807200	5.86e-01  6.90e-01  4.43e+05	51.2788 54.0993 0.4509	
55.468897 298.807200	4.73e-01  8.60e-01  4.32e+05	4.7032 80.8201 0.9280	
55.468897 298.807200	5.81e-01  7.26e-01  4.37e+05	10.1979 77.4025 0.8154	
55.468897 298.807200	6.21e-01  8.80e-01  4.04e+05	18.3956 94.0369 0.9334	
55.468897 298.807200	5.91e-01  8.47e-01  4.14e+05	-20.4302 88.4466 0.8491	
55.468897 298.807200	3.84e-01  9.18e-01  4.38e+05	19.1966 75.1684 0.9760	
55.468897 298.807200	4.86e-01  7.83e-01  4.45e+05	12.9344 72.5062 0.8028	
55.468897 298.807200	5.47e-01  7.52e-01  4.39e+05	-8.9514 76.7692 0.1397	
55.468897 298.807200	5.75e-01  8.92e-01  4.09e+05	-23.5641 90.0915 0.2165	
55.468897 298.807200	6.12e-01  8.82e-01  4.05e+05	22.7523 92.5281 0.4222	
55.468897 298.807200	6.73e-01  7.34e-01  4.19e+05	-37.5803 79.6262 0.5895	
55.468897 298.807200	6.50e-01  6.61e-01  4.37e+05	17.2191 76.7190 0.3826	
55.468897 298.807200	6.33e-01  8.09e-01  4.13e+05	34.7580 84.2040 0.8818	
55.468897 298.807200	6.76e-01  8.27e-01  4.03e+05	-29.0532 91.4658 0.6357	
55.468897 298.807200	6.50e-01  8.49e-01  4.04e+05	-5.0331 95.5493 0.3919	
55.468897 298.807200	6.50e-01  7.75e-01  4.16e+05	-25.0802 86.1006 0.2022	
55.468897 298.807200	5.67e-01  8.62e-01  4.15e+05	46.8123 76.9543 0.2808	
55.468897 298.807200	4.69e-01  6.22e-01  4.82e+05	5.9859 44.4633 0.5030	
55.468897 298.807200	4.82e-01  8.76e-01  4.28e+05	-4.7441 83.3588 0.0337	
55.468897 298.807200	3.91e-01  8.63e-01  4.48e+05	40.4383 59.4157 0.8764	
55.468897 298.807200	6.20e-01  6.86e-01  4.38e+05	18.5831 75.7406 0.8416	
55.468897 298.807200	6.55e-01  8.21e-01  4.08e+05	22.2930 91.2034 0.4950	
55.468897 298.807200	6.05e-01  8.37e-01  4.13e+05	-54.7101 72.8682 0.0215	
55.468897 298.807200	5.30e-01  7.72e-01  4.38e+05	18.2461 75.3471 0.4740	
55.468897 298.807200	5.81e-01  9.24e-01  4.03e+05	27.8156 92.0808 0.9734	
55.468897 298.807200	8.10e-01  9.10e-01  3.71e+05	-44.4129 100.8309 0.7233	
55.468897 298.807200	3.74e-01  7.93e-01  4.66e+05	7.1317 58.9248 0.4913	
55.468897 298.807200	5.85e-01  7.73e-01  4.28e+05	22.6980 80.2832 0.5406	
55.468897 298.807200	7.25e-01  8.84e-01  3.87e+05	28.9728 99.3501 0.0543	
55.468897 298.807200	3.57e-01  8.45e-01  4.58e+05	-19.1154 61.9667 0.3478	
55.468897 298.807200	4.50e-01  8.00e-01  4.49e+05	37.1092 60.9382 0.8273	
55.468897 298.807200	6.21e-01  7.75e-01  4.21e+05	16.7790 85.4510 0.8131	
55.468897 298.807200	5.39e-01  7.67e-01  4.38e+05	-25.8669 73.6262 0.6386	
55.468897 298.807200	5.33e-01  7.64e-01  4.39e+05	-27.9935 71.7084 0.2019	
55.468897 298.807200	6.17e-01  9.30e-01  3.96e+05	-9.4961 98.7379 0.3993	
55.468897 298.807200	6.79e-01  8.68e-01  3.96e+05	-42.4207 89.7416 0.0503	
55.468897 298.807200	5.62e-01  7.96e-01  4.28e+05	0.7482 83.4004 0.9196	
55.468897 298.807200	6.16e-01  8.11e-01  4.16e+05	-21.8215 87.0740 0.2621	
55.468897 298.807200	6.60e-01  7.96e-01  4.11e+05	-37.6061 84.2650 0.9474	
55.468897 298.807200	5.70e-01  6.99e-01  4.45e+05	-9.4867 73.1001 0.1139	
55.468897 298.807200	3.63e-01  9.65e-01  4.33e+05	-42.7681 68.0564 0.8588	
55.468897 298.807200	5.04e-01  8.39e-01  4.31e+05	52.2732 63.0449 0.9260	
55.468897 298.807200	6.89e-01  8.62e-01  3.96e+05	30.2603 94.8399 0.0206	
55.468897 298.807200	6.72e-01  8.07e-01  4.07e+05	-4.2748 94.0623 0.1140	
55.468897 298.807200	5.91e-01  7.37e-01  4.34e+05	-3.0687 80.2906 0.6218	
55.468897 298.807200	5.99e-01  8.43e-01  4.13e+05	40.3980 81.6861 0.0372	
55.468897 298.807200	6.65e-01  9.32e-01  3.88e+05	57.2163 85.2990 0.3236	
55.468897 298.807200	4.63e-01  7.54e-01  4.55e+05	-34.5163 57.4835 0.5264	
55.468897 298.807200	5.52e-01  6.90e-01  4.50e+05	-6.8329 69.9889 0.7458	
55.468897 298.807200	5.95e-01  7.39e-01  4.32e+05	-13.0523 79.9074 0.9343	
55.468897 298.807200	5.55e-01  9.06e-01  4.10e+05	-50.0220 77.9581 0.1418	
55.468897 298.807200	5.72e-01  7.73e-01  4.30e+05	-33.0374 75.2504 0.4629	
55.468897 298.807200	4.51e-01  9.15e-01  4.26e+05	32.8728 77.5581 0.7750	
55.468897 298.807200	7.18e-01  8.14e-01  3.99e+05	10.9546 97.5281 0.8698	
55.468897 298.807200	4.66e-01  8.28e-01  4.40e+05	24.0704 72.8529 0.1781	
55.468897 298.807200	5.70e-01  6.83e-01  4.48e+05	-1.2506 71.8164 0.2205	
55.468897 298.807200	4.36e-01  8.69e-01  4.38e+05	-1.8076 77.9615 0.5812	
55.468897 298.807200	5.11e-01  7.85e-01  4.40e+05	30.6164 70.4747 0.7411	
55.468897 298.807200	6.33e-01  8.77e-01  4.02e+05	-11.8034 95.8300 0.4382	
55.468897 298.807200	6.96e-01  8.09e-01  4.03e+05	22.7123 93.4002 0.4713	
55.468897 298.807200	6.42e-01  8.37e-01  4.07e+05	-6.2555 93.9791 0.3267	
55.468897 298.807200	6.03e-01  7.08e-01  4.37e+05	25.6047 74.2720 0.8653	
55.468897 298.807200	5.47e-01  9.28e-01  4.08e+05	-19.2069 91.8683 0.9025	
55.468897 298.807200	4.99e-01  7.36e-01  4.52e+05	22.4850 65.6286 0.8282	
55.468897 298.807200	4.87e-01  8.52e-01  4.31e+05	33.2195 74.4118 0.2681	
55.468897 298.807200	6.87e-01  8.73e-01  3.94e+05	-1.5364 100.1470 0.2989	
55.468897 298.807200	5.56e-01  7.02e-01  4.47e+05	-35.8159 63.0174 0.2206	
55.468897 298.807200	5.06e-01  8.43e-01  4.30e+05	-23.0015 79.2115 0.1670	
55.468897 298.807200	6.79e-01  8.90e-01  3.93e+05	16.5209 99.4161 0.5393	
55.468897 298.807200	4.36e-01  8.57e-01  4.40e+05	-64.3362 41.4603 0.4122	
55.468897 298.807200	4.77e-01  7.92e-01  4.45e+05	13.0534 72.5575 0.3861	
55.468897 298.807200	6.27e-01  7.42e-01  4.26e+05	-7.0884 84.2601 0.3278	
55.468897 298.807200	4.34e-01  8.75e-01  4.37e+05	-29.2821 72.6877 0.7639	
55.468897 298.807200	5.94e-01  7.26e-01  4.35e+05	10.7960 78.7701 0.2079	
55.468897 298.807200	5.64e-01  6.71e-01  4.52e+05	-15.7303 67.6365 0.5702	
55.468897 298.807200	6.74e-01  8.48e-01  4.00e+05	-23.9151 94.4591 0.4998	
55.468897 298.807200	5.11e-01  7.43e-01  4.48e+05	-0.0255 71.9940 0.3348	
55.468897 298.807200	3.96e-01  7.72e-01  4.65e+05	-1.4429 59.6147 0.4187	
55.468897 298.807200	7.18e-01  9.66e-01  3.76e+05	40.3242 100.2862 0.1547	
55.468897 298.807200	5.22e-01  8.62e-01  4.23e+05	-32.4428 79.6156 0.5567	
55.468897 298.807200	6.63e-01  9.15e-01  3.92e+05	-1.4695 101.3594 0.2364	
55.468897 298.807200	4.59e-01  8.98e-01  4.28e+05	36.3064 75.0043 0.6156	
55.468897 298.807200	6.93e-01  8.79e-01  3.92e+05	-45.0461 90.4474 0.7968	
55.468897 298.807200	4.66e-01  9.20e-01  4.23e+05	-13.7326 85.0865 0.5265	
55.468897 298.807200	6.12e-01  8.54e-01  4.09e+05	16.7926 91.5400 0.6826	
55.468897 298.807200	3.44e-01  7.46e-01  4.83e+05	25.3219 36.5884 0.5613	
55.468897 298.807200	6.28e-01  7.30e-01  4.28e+05	29.5889 78.0202 0.7622	
55.468897 298.807200	4.56e-01  9.21e-01  4.25e+05	-36.0953 77.2610 0.9166	
55.468897 298.807200	6.61e-01  7.58e-01  4.17e+05	21.6639 86.4297 0.9841	
55.468897 298.807200	5.16e-01  7.75e-01  4.40e+05	28.3796 70.8818 0.0667	
55.468897 298.807200	4.94e-01  7.29e-01  4.54e+05	-15.5837 65.9816 0.0958	
55.468897 298.807200	6.96e-01  9.45e-01  3.82e+05	-25.4218 102.4098 0.1368	
55.468897 298.807200	5.28e-01  7.32e-01  4.46e+05	-32.0116 65.2234 0.6735	
55.468897 298.807200	6.99e-01  7.16e-01  4.18e+05	31.3006 83.0376 0.9870	
55.468897 298.807200	5.78e-01  6.47e-01  4.54e+05	8.4824 67.5771 0.2048	
55.468897 298.807200	5.63e-01  7.54e-01  4.36e+05	-5.2028 79.0416 0.3316	
55.468897 298.807200	3.81e-01  8.53e-01  4.52e+05	0.3432 69.3021 0.1506	
55.468897 298.807200	6.06e-01  8.82e-01  4.05e+05	27.4533 90.8408 0.0609	
55.468897 298.807200	6.59e-01  7.02e-01  4.27e+05	26.7809 79.3791 0.4611	
55.468897 298.807200	6.20e-01  8.27e-01  4.12e+05	-42.9065 80.8171 0.9658	
55.468897 298.807200	5.82e-01  8.24e-01  4.19e+05	-30.5397 82.4959 0.1683	
55.468897 298.807200	6.38e-01  8.78e-01  4.01e+05	36.5770 89.7775 0.7351	
55.468897 298.807200	5.55e-01  6.86e-01  4.50e+05	-24.5521 65.7381 0.4467	
55.468897 298.807200	4.74e-01  7.81e-01  4.47e+05	-20.9764 68.9338 0.8805	
55.468897 298.807200	5.79e-01  7.74e-01  4.29e+05	-19.6808 80.6193 0.9591	
55.468897 298.807200	7.08e-01  7.16e-01  4.16e+05	-20.6599 87.1767 0.0738	
55.468897 298.807200	5.02e-01  8.06e-01  4.37e+05	-22.3124 74.9992 0.3044	
55.468897 298.807200	4.57e-01  7.99e-01  4.47e+05	-34.4385 63.3690 0.8108	
55.468897 298.807200	8.17e-01  8.49e-01  3.79e+05	21.7544 104.7731 0.6702	
55.468897 298.807200	5.73e-01  8.12e-01  4.23e+05	11.4264 85.3016 0.7396	
55.468897 298.807200	6.61e-01  8.12e-01  4.08e+05	12.3049 92.8594 0.2826	
55.468897 298.807200	5.51e-01  7.05e-01  4.47e+05	7.2890 71.7728 0.3465	
55.468897 298.807200	6.31e-01  7.16e-01  4.30e+05	-10.8803 81.5644 0.9883	
55.468897 298.807200	3.90e-01  8.27e-01  4.55e+05	5.8138 66.6517 0.1474	
55.468897 298.807200	5.90e-01  7.77e-01  4.26e+05	6.9620 84.0201 0.7852	
55.468897 298.807200	4.00e-01  8.84e-01  4.42e+05	8.9756 74.8953 0.9119	
55.468897 298.807200	7.70e-01  8.18e-01  3.90e+05	-0.5739 102.1333 0.6763	
55.468897 298.807200	5.29e-01  8.79e-01  4.19e+05	13.5926 87.1278 0.9353	
55.468897 298.807200	5.29e-01  7.84e-01  4.36e+05	-7.5452 78.4053 0.3461	
55.468897 298.807200	4.63e-01  9.08e-01  4.26e+05	-12.2963 83.8431 0.6563	
55.468897 298.807200	5.15e-01  8.92e-01  4.19e+05	-3.1652 88.0444 0.6468	
55.468897 298.807200	6.32e-01  8.32e-01  4.10e+05	-29.4446 88.1287 0.2637	
55.468897 298.807200	7.58e-01  7.70e-01  3.99e+05	-11.8518 97.1668 0.8949	
55.468897 298.807200	5.14e-01  9.18e-01  4.15e+05	-8.5942 89.8282 0.3609	
55.468897 298.807200	5.51e-01  7.69e-01  4.35e+05	2.8427 79.5659 0.7298	
55.468897 298.807200	6.61e-01  8.93e-01  3.95e+05	38.0946 92.1790 0.4413	
55.468897 298.807200	5.62e-01  7.60e-01  4.35e+05	11.7075 78.8362 0.8126	
55.468897 298.807200	3.94e-01  8.72e-01  4.45e+05	28.8535 67.4609 0.4280	
55.468897 298.807200	5.25e-01  6.53e-01  4.63e+05	-26.5591 55.1209 0.6303	
55.468897 298.807200	6.17e-01  7.28e-01  4.30e+05	0.4240 82.1908 0.3843	
55.468897 298.807200	3.90e-01  7.97e-01  4.62e+05	18.5744 59.7113 0.4892	
55.468897 298.807200	5.72e-01  7.79e-01  4.29e+05	12.9114 81.8015 0.2649	
55.468897 298.807200	6.91e-01  9.15e-01  3.87e+05	-49.7930 90.4576 0.3366	
55.468897 298.807200	5.81e-01  9.11e-01  4.05e+05	38.8431 86.8091 0.6260	
55.468897 298.807200	4.51e-01  9.53e-01  4.20e+05	-13.6925 86.7298 0.2402	
55.468897 298.807200	5.28e-01  8.98e-01  4.16e+05	-8.0817 89.3789 0.2172	
55.468897 298.807200	5.75e-01  7.67e-01  4.31e+05	10.5470 81.1701 0.4556	
55.468897 298.807200	6.80e-01  8.52e-01  3.99e+05	-5.1831 98.0031 0.2687	
55.468897 298.807200	5.64e-01  9.14e-01  4.07e+05	1.3634 94.0883 0.2062	
55.468897 298.807200	5.80e-01  8.04e-01  4.23e+05	3.7294 85.8549 0.2798	
55.468897 298.807200	4.49e-01  9.63e-01  4.18e+05	34.9603 81.3058 0.5070	
55.468897 298.807200	4.85e-01  8.35e-01  4.35e+05	35.3804 71.2323 0.7267	
55.468897 298.807200	6.85e-01  8.62e-01  3.96e+05	-36.7142 92.2050 0.0942	
55.468897 298.807200	6.56e-01  8.32e-01  4.06e+05	-14.6452 93.6831 0.0593	
55.468897 298.807200	6.26e-01  8.34e-01  4.10e+05	-17.5574 90.9823 0.6298	
55.468897 298.807200	4.27e-01  8.15e-01  4.50e+05	11.8185 69.4278 0.7617	
55.468897 298.807200	7.57e-01  8.82e-01  3.82e+05	-22.0338 103.0806 0.1872	
55.468897 298.807200	5.95e-01  9.73e-01  3.93e+05	17.9458 99.0823 0.4436	
55.468897 298.807200	5.98e-01  8.30e-01  4.16e+05	30.2282 84.6108 0.5466	
55.468897 298.807200	6.84e-01  8.51e-01  3.98e+05	33.4031 92.5534 0.7185	
55.468897 298.807200	5.88e-01  8.78e-01  4.09e+05	1.2949 93.1000 0.4130	
55.468897 298.807200	6.79e-01  8.67e-01  3.96e+05	-52.5083 84.1173 0.7686	
55.468897 298.807200	6.38e-01  7.50e-01  4.23e+05	-26.4109 82.1678 0.3448	
55.468897 298.807200	5.56e-01  8.04e-01  4.28e+05	3.9603 83.5948 0.6600	
55.468897 298.807200	7.83e-01  9.11e-01  3.75e+05	-23.8455 106.0472 0.8826	
55.468897 298.807200	5.03e-01  9.53e-01  4.11e+05	-21.1674 89.8043 0.5287	
55.468897 298.807200	6.24e-01  8.30e-01  4.11e+05	-0.5207 92.0494 0.0911	
55.468897 298.807200	6.46e-01  8.32e-01  4.07e+05	8.2375 93.7071 0.6762	
55.468897 298.807200	4.73e-01  8.61e-01  4.32e+05	34.8736 73.0344 0.0206	
55.468897 298.807200	5.25e-01  7.39e-01  4.46e+05	-7.1918 72.8711 0.0120	
55.468897 298.807200	7.56e-01  8.76e-01  3.83e+05	9.3344 104.5428 0.7973	
55.468897 298.807200	7.97e-01  9.53e-01  3.67e+05	-25.7112 108.8522 0.1790	
55.468897 298.807200	5.26e-01  6.34e-01  4.67e+05	35.7051 46.1997 0.1680	
55.468897 298.807200	4.57e-01  8.94e-01  4.29e+05	-44.1646 70.0207 0.6281	
55.468897 298.807200	6.11e-01  6.89e-01  4.39e+05	6.9977 77.1127 0.9292	
55.468897 298.807200	4.45e-01  9.12e-01  4.28e+05	7.0693 82.9734 0.9084	
55.468897 298.807200	6.90e-01  8.89e-01  3.91e+05	3.5872 101.4139 0.2729	
55.468897 298.807200	7.15e-01  9.34e-01  3.81e+05	-7.6162 105.6871 0.4828	
55.468897 298.807200	5.21e-01  9.06e-01  4.16e+05	-32.4567 83.6929 0.2244	
55.468897 298.807200	4.92e-01  8.88e-01  4.24e+05	-26.6350 81.3229 0.5791	
55.468897 298.807200	3.49e-01  8.37e-01  4.62e+05	-18.9658 59.4925 0.7504	
55.468897 298.807200	6.53e-01  7.60e-01  4.18e+05	16.8440 86.9302 0.4766	
55.468897 298.807200	6.33e-01  8.10e-01  4.13e+05	-34.6546 84.4307 0.5035	
55.468897 298.807200	4.61e-01  9.53e-01  4.18e+05	41.3755 78.4370 0.9242	
55.468897 298.807200	5.98e-01  9.68e-01  3.93e+05	-44.9248 89.9794 0.4156	
55.468897 298.807200	4.56e-01  7.20e-01  4.64e+05	-4.3848 60.7025 0.0569	
55.468897 298.807200	4.97e-01  7.81e-01  4.43e+05	17.7497 72.6275 0.6423	
55.468897 298.807200	5.29e-01  8.79e-01  4.19e+05	-31.7562 82.2071 0.3650	
55.468897 298.807200	6.91e-01  8.28e-01  4.01e+05	46.0256 85.6564 0.3652	
55.468897 298.807200	6.06e-01  8.74e-01  4.07e+05	25.3903 90.7376 0.0763	
55.468897 298.807200	5.46e-01  8.44e-01  4.22e+05	19.6562 84.3304 0.4960	
55.468897 298.807200	5.95e-01  7.75e-01  4.26e+05	18.2145 82.6622 0.2258	
55.468897 298.807200	5.32e-01  9.22e-01  4.11e+05	-44.1893 80.8842 0.5422	
55.468897 298.807200	5.22e-01  7.47e-01  4.45e+05	-39.8218 62.0597 0.6212	
55.468897 298.807200	7.45e-01  8.54e-01  3.88e+05	-53.8546 87.6501 0.2147	
55.468897 298.807200	5.90e-01  6.98e-01  4.41e+05	9.2943 75.3540 0.8601	
55.468897 298.807200	5.04e-01  8.37e-01  4.31e+05	-23.2491 78.3697 0.1106	
55.468897 298.807200	5.25e-01  7.12e-01  4.51e+05	14.1291 68.1853 0.2480	
55.468897 298.807200	4.96e-01  9.54e-01  4.12e+05	-4.6560 91.6500 0.1542	
55.468897 298.807200	4.42e-01  8.30e-01  4.44e+05	-9.5921 73.5074 0.3794	
55.468897 298.807200	5.62e-01  7.04e-01  4.45e+05	5.0442 73.1515 0.2154	
55.468897 298.807200	5.15e-01  7.19e-01  4.52e+05	-11.2976 68.4476 0.2734	
55.468897 298.807200	8.19e-01  9.37e-01  3.66e+05	-15.3212 111.1278 0.6378	
55.468897 298.807200	4.16e-01  8.40e-01  4.47e+05	-11.9003 71.1128 0.0199	
55.468897 298.807200	2.95e-01  9.29e-01  4.54e+05	21.6616 64.3363 0.8634	
55.468897 298.807200	6.60e-01  9.20e-01  3.91e+05	36.4639 94.8127 0.6496	
55.468897 298.807200	5.58e-01  7.64e-01  4.35e+05	13.0746 78.6504 0.0689	
55.468897 298.807200	4.97e-01  6.95e-01  4.60e+05	-12.2027 62.2112 0.6233	
55.468897 298.807200	6.72e-01  8.06e-01  4.07e+05	39.3030 85.4479 0.4391	
55.468897 298.807200	5.04e-01  8.20e-01  4.34e+05	-27.6076 75.1055 0.6224	
55.468897 298.807200	5.07e-01  7.56e-01  4.46e+05	-17.6797 70.9028 0.9731	
55.468897 298.807200	5.38e-01  8.02e-01  4.31e+05	-10.7285 80.9022 0.3543	
55.468897 298.807200	5.61e-01  8.47e-01  4.19e+05	-29.8931 82.9213 0.0550	
55.468897 298.807200	5.51e-01  8.78e-01  4.15e+05	26.4789 86.0235 0.8150	
55.468897 298.807200	5.22e-01  7.57e-01  4.43e+05	-15.4355 73.2523 0.9732	
55.468897 298.807200	6.60e-01  8.89e-01  3.96e+05	19.6179 97.4331 0.6875	
55.468897 298.807200	5.54e-01  7.84e-01  4.32e+05	-42.5636 69.4642 0.7002	
55.468897 298.807200	5.95e-01  6.79e-01  4.44e+05	9.4912 73.7722 0.3246	
55.468897 298.807200	5.82e-01  8.14e-01  4.21e+05	2.4852 86.9882 0.5749	
55.468897 298.807200	5.81e-01  8.34e-01  4.18e+05	-5.5994 88.5298 0.6820	
55.468897 298.807200	3.62e-01  9.27e-01  4.41e+05	-7.7948 75.7323 0.3515	
55.468897 298.807200	6.57e-01  9.90e-01  3.81e+05	17.5797 104.4069 0.4964	
55.468897 298.807200	6.13e-01  8.37e-01  4.12e+05	50.6692 76.5071 0.1487	
55.468897 298.807200	6.90e-01  8.86e-01  3.92e+05	-10.7744 100.7111 0.7926	
55.468897 298.807200	6.46e-01  7.19e-01  4.27e+05	-43.9238 71.7572 0.9262	
55.468897 298.807200	7.00e-01  8.02e-01  4.03e+05	29.1858 91.4176 0.3797	
55.468897 298.807200	6.30e-01  7.86e-01  4.18e+05	-3.4007 88.8599 0.2250	
55.468897 298.807200	6.02e-01  7.99e-01  4.20e+05	7.7968 87.1579 0.6696	
55.468897 298.807200	5.62e-01  8.26e-01  4.22e+05	-3.4955 86.2972 0.9738	
55.468897 298.807200	6.46e-01  7.73e-01  4.17e+05	-12.7548 88.1796 0.5290	
55.468897 298.807200	5.00e-01  6.70e-01  4.65e+05	-9.8302 59.0089 0.2909	
55.468897 298.807200	6.09e-01  8.13e-01  4.17e+05	-17.7051 87.5995 0.7584	
55.468897 298.807200	5.71e-01  8.85e-01  4.11e+05	-18.6152 90.3949 0.4940	
55.468897 298.807200	4.65e-01  8.04e-01  4.45e+05	4.8983 73.6021 0.0916	
55.468897 298.807200	5.79e-01  8.59e-01  4.14e+05	14.2049 89.5960 0.8828	
55.468897 298.807200	4.73e-01  9.43e-01  4.18e+05	-16.6071 87.3412 0.4741	
55.468897 298.807200	4.68e-01  7.55e-01  4.54e+05	20.2243 64.8553 0.3690	
55.468897 298.807200	5.49e-01  9.44e-01  4.05e+05	-2.5582 95.1663 0.8176	
55.468897 298.807200	6.08e-01  7.99e-01  4.19e+05	-46.2758 74.9344 0.0217	
55.468897 298.807200	8.02e-01  9.52e-01  3.66e+05	-50.6957 99.9221 0.2984	
55.468897 298.807200	4.96e-01  9.32e-01  4.16e+05	-22.3320 87.1478 0.9867	
55.468897 298.807200	6.31e-01  7.87e-01  4.17e+05	11.5264 88.2722 0.8899	
55.468897 298.807200	5.89e-01  7.77e-01  4.26e+05	24.6342 80.5681 0.5884	
55.468897 298.807200	4.13e-01  9.24e-01  4.32e+05	-44.5116 68.1661 0.6839	
55.468897 298.807200	6.43e-01  7.36e-01  4.24e+05	26.6438 81.1923 0.6595	
55.468897 298.807200	5.54e-01  6.03e-01  4.68e+05	5.1812 57.4857 0.2232	
55.468897 298.807200	5.94e-01  7.14e-01  4.37e+05	-6.0595 78.0030 0.5974	
55.468897 298.807200	5.93e-01  8.46e-01  4.14e+05	-25.8856 87.1570 0.3957	
55.468897 298.807200	6.17e-01  9.32e-01  3.96e+05	-21.8118 96.9872 0.9159	
55.468897 298.807200	7.08e-01  7.41e-01  4.12e+05	-38.4586 83.2241 0.0102	
55.468897 298.807200	5.55e-01  8.23e-01  4.24e+05	40.4932 75.1547 0.1747	
55.468897 298.807200	4.50e-01  7.93e-01  4.50e+05	32.2020 62.6193 0.3833	
55.468897 298.807200	4.54e-01  8.46e-01  4.39e+05	22.1751 74.0274 0.6401	
55.468897 298.807200	5.31e-01  6.39e-01  4.65e+05	-24.9809 54.3641 0.9104	
55.468897 298.807200	4.53e-01  9.87e-01  4.14e+05	-1.6702 90.8721 0.3540	
55.468897 298.807200	7.10e-01  9.10e-01  3.85e+05	51.7878 90.3758 0.1134	
55.468897 298.807200	5.79e-01  7.72e-01  4.29e+05	1.4414 82.6539 0.1951	
55.468897 298.807200	6.36e-01  8.53e-01  4.05e+05	63.6996 70.4335 0.4468	
55.468897 298.807200	3.94e-01  8.65e-01  4.47e+05	-1.4333 72.4896 0.7943	
55.468897 298.807200	6.00e-01  7.50e-01  4.29e+05	-10.0757 82.0427 0.9865	
55.468897 298.807200	5.44e-01  7.88e-01  4.33e+05	-2.0626 80.7142 0.7470	
55.468897 298.807200	7.16e-01  7.95e-01  4.02e+05	33.6569 90.5039 0.0845	
55.468897 298.807200	5.09e-01  7.78e-01  4.41e+05	3.2860 75.7536 0.2798	
55.468897 298.807200	7.06e-01  7.41e-01  4.12e+05	-52.0074 75.3259 0.3758	
55.468897 298.807200	5.07e-01  8.09e-01  4.36e+05	28.2259 73.8785 0.9945	
55.468897 298.807200	6.72e-01  8.84e-01  3.95e+05	63.2953 77.2580 0.4257	
55.468897 298.807200	4.64e-01  7.62e-01  4.53e+05	-30.5558 61.0909 0.1355	
55.468897 298.807200	5.89e-01  7.41e-01  4.33e+05	14.7530 79.2320 0.3607	
55.468897 298.807200	5.24e-01  7.80e-01  4.38e+05	5.3461 77.5837 0.1914	
55.468897 298.807200	5.80e-01  9.23e-01  4.03e+05	-19.6464 93.9772 0.9813	
55.468897 298.807200	6.44e-01  8.80e-01  4.00e+05	6.0884 97.4166 0.0702	
55.468897 298.807200	7.14e-01  7.81e-01  4.04e+05	27.1939 91.4662 0.2516	
55.468897 298.807200	6.38e-01  8.14e-01  4.12e+05	25.8258 88.2597 0.3544	
55.468897 298.807200	6.61e-01  7.65e-01  4.16e+05	-1.9970 89.7637 0.4156	
55.468897 298.807200	3.69e-01  7.31e-01  4.81e+05	14.8405 44.1767 0.1269	
55.468897 298.807200	7.05e-01  8.36e-01  3.97e+05	12.0009 98.1565 0.9007	
55.468897 298.807200	5.58e-01  8.72e-01  4.15e+05	5.5787 89.9434 0.2061	
55.468897 298.807200	5.66e-01  8.34e-01  4.21e+05	52.8415 69.6164 0.1878	
55.468897 298.807200	4.64e-01  8.64e-01  4.34e+05	-17.4955 78.4229 0.6632	
55.468897 298.807200	5.03e-01  7.68e-01  4.44e+05	29.2169 68.0769 0.8156	
55.468897 298.807200	5.55e-01  8.71e-01  4.16e+05	49.7161 74.6656 0.4367	
55.468897 298.807200	5.20e-01  9.13e-01  4.15e+05	20.8978 87.9024 0.6817	
55.468897 298.807200	7.09e-01  8.98e-01  3.87e+05	-36.9219 96.5661 0.6464	
55.468897 298.807200	5.19e-01  8.57e-01  4.25e+05	12.0383 84.2729 0.8360	
55.468897 298.807200	5.27e-01  8.40e-01  4.26e+05	-12.6671 83.2924 0.9395	
55.468897 298.807200	6.95e-01  8.48e-01  3.97e+05	8.0156 98.6292 0.6273	
55.468897 298.807200	5.80e-01  8.66e-01  4.12e+05	-6.1142 91.3152 0.9032	
55.468897 298.807200	6.76e-01  7.86e-01  4.10e+05	-6.1448 92.5526 0.8142	
55.468897 298.807200	3.54e-01  8.24e-01  4.63e+05	-1.5968 61.1540 0.9139	
55.468897 298.807200	5.88e-01  8.10e-01  4.21e+05	-4.0245 87.1610 0.9066	
55.468897 298.807200	4.86e-01  7.80e-01  4.45e+05	-14.2335 71.9715 0.7015	
55.468897 298.807200	4.84e-01  7.33e-01  4.55e+05	20.1303 63.8887 0.2949	
55.468897 298.807200	5.06e-01  7.48e-01  4.48e+05	-51.9065 49.7690 0.0794	
55.468897 298.807200	6.39e-01  7.58e-01  4.21e+05	-55.9084 66.8901 0.7159	
55.468897 298.807200	6.32e-01  7.68e-01  4.20e+05	-62.9388 60.6863 0.4055	
55.468897 298.807200	4.76e-01  8.01e-01  4.43e+05	8.1093 74.2758 0.9942	
55.468897 298.807200	5.60e-01  8.81e-01  4.13e+05	23.5160 87.9775 0.2105	
55.468897 298.807200	4.69e-01  9.24e-01  4.22e+05	-24.0704 83.4535 0.4295	
55.468897 298.807200	6.18e-01  9.08e-01  3.99e+05	-16.0058 96.4075 0.3820	
55.468897 298.807200	5.16e-01  7.76e-01  4.40e+05	29.5431 70.4725 0.3250	
55.468897 298.807200	4.64e-01  7.95e-01  4.47e+05	23.1654 68.6968 0.6423	
55.468897 298.807200	5.06e-01  8.54e-01  4.28e+05	16.3555 82.0492 0.8642	
55.468897 298.807200	4.52e-01  7.87e-01  4.51e+05	-39.2346 57.8219 0.0592	
55.468897 298.807200	4.98e-01  9.03e-01  4.20e+05	14.0812 86.4469 0.1332	
55.468897 298.807200	4.29e-01  7.38e-01  4.66e+05	0.3453 59.3711 0.0844	
55.468897 298.807200	6.54e-01  9.23e-01  3.92e+05	-9.9179 100.8203 0.3175	
55.468897 298.807200	6.63e-01  7.68e-01  4.15e+05	-27.1184 86.0462 0.5311	
55.468897 298.807200	5.16e-01  6.49e-01  4.66e+05	-5.6031 58.9174 0.6749	
55.468897 298.807200	4.86e-01  7.94e-01  4.43e+05	-21.2146 72.0362 0.0472	
55.468897 298.807200	5.05e-01  7.50e-01  4.48e+05	-8.8075 71.3912 0.8238	
55.468897 298.807200	5.89e-01  6.35e-01  4.54e+05	8.5189 67.4494 0.7046	
55.468897 298.807200	6.97e-01  9.68e-01  3.79e+05	-20.3699 105.0107 0.4713	
55.468897 298.807200	5.98e-01  8.00e-01  4.21e+05	24.3112 83.7582 0.9511	
55.468897 298.807200	5.30e-01  6.94e-01  4.54e+05	-23.8991 63.6098 0.1769	
55.468897 298.807200	5.18e-01  8.95e-01  4.18e+05	42.8830 77.5851 0.3679	
55.468897 298.807200	5.69e-01  9.49e-01  4.01e+05	75.4314 61.1756 0.8678	
55.468897 298.807200	6.53e-01  9.10e-01  3.94e+05	-32.6029 94.9399 0.7042	
55.468897 298.807200	6.35e-01  8.09e-01  4.13e+05	38.0449 83.0201 0.2700	
55.468897 298.807200	5.00e-01  8.53e-01  4.29e+05	37.1611 74.1947 0.2114	
55.468897 298.807200	6.41e-01  7.55e-01  4.21e+05	-15.0457 85.7220 0.9431	
55.468897 298.807200	6.05e-01  8.04e-01  4.19e+05	21.6339 85.5762 0.6368	
55.468897 298.807200	4.54e-01  8.49e-01  4.38e+05	-1.1452 77.6585 0.4753	
55.468897 298.807200	6.38e-01  7.99e-01  4.14e+05	-1.4727 90.7327 0.5743	
55.468897 298.807200	5.31e-01  7.48e-01  4.43e+05	18.6832 72.6817 0.2122	
55.468897 298.807200	6.16e-01  9.49e-01  3.93e+05	-29.9801 95.9368 0.6768	
55.468897 298.807200	5.27e-01  8.41e-01  4.26e+05	7.5863 84.0455 0.5204	
55.468897 298.807200	3.75e-01  8.81e-01  4.47e+05	7.7944 71.6693 0.5041	
55.468897 298.807200	5.77e-01  7.92e-01  4.26e+05	-14.5066 83.2837 0.2496	
55.468897 298.807200	4.84e-01  8.46e-01  4.33e+05	-9.8186 79.9575 0.3471	
55.468897 298.807200	6.76e-01  7.75e-01  4.12e+05	-6.9821 91.6152 0.0886	
55.468897 298.807200	4.92e-01  6.57e-01  4.70e+05	-14.1536 54.6152 0.1885	
55.468897 298.807200	6.31e-01  7.27e-01  4.28e+05	44.2203 70.8193 0.4107	
55.468897 298.807200	6.28e-01  9.45e-01  3.92e+05	3.3219 101.0054 0.6289	
55.468897 298.807200	6.81e-01  8.01e-01  4.07e+05	-20.9218 92.0593 0.8663	
55.468897 298.807200	3.90e-01  8.60e-01  4.49e+05	38.6041 59.9934 0.6670	
55.468897 298.807200	6.65e-01  7.88e-01  4.11e+05	-27.8975 87.6887 0.5782	
55.468897 298.807200	5.46e-01  8.44e-01  4.22e+05	-54.6229 67.0685 0.7777	
55.468897 298.807200	4.77e-01  8.96e-01  4.25e+05	16.0684 83.3735 0.3257	
55.468897 298.807200	6.89e-01  7.88e-01  4.07e+05	24.3055 90.8272 0.9908	
55.468897 298.807200	5.73e-01  9.20e-01  4.05e+05	-36.8587 87.8041 0.4308	
55.468897 298.807200	5.00e-01  7.62e-01  4.46e+05	31.7543 65.6025 0.2773	
55.468897 298.807200	5.62e-01  9.14e-01  4.08e+05	-33.6014 87.7031 0.2038	
55.468897 298.807200	5.09e-01  8.75e-01  4.23e+05	12.3521 85.0213 0.3818	
55.468897 298.807200	4.12e-01  6.30e-01  4.94e+05	13.1447 27.5384 0.8125	
55.468897 298.807200	4.21e-01  8.16e-01  4.51e+05	-2.7866 69.7496 0.0573	
55.468897 298.807200	5.21e-01  7.49e-01  4.44e+05	-17.7777 71.7345 0.2322	
55.468897 298.807200	5.77e-01  8.72e-01  4.12e+05	12.2808 90.8677 0.2582	
55.468897 298.807200	7.48e-01  9.56e-01  3.73e+05	40.8021 101.3845 0.2509	
55.468897 298.807200	4.69e-01  7.90e-01  4.47e+05	-6.3287 72.2961 0.3070	
55.468897 298.807200	5.57e-01  8.27e-01  4.23e+05	-36.9364 77.6944 0.5906	
55.468897 298.807200	6.47e-01  7.93e-01  4.14e+05	7.1745 90.6632 0.7085	
55.468897 298.807200	6.13e-01  9.60e-01  3.92e+05	15.0536 99.9658 0.5680	
55.468897 298.807200	7.99e-01  9.76e-01  3.64e+05	27.6141 109.8011 0.5521	
55.468897 298.807200	4.12e-01  8.59e-01  4.44e+05	8.4239 73.4698 0.3017	
55.468897 298.807200	5.88e-01  6.28e-01  4.55e+05	-15.5532 65.0512 0.0880	
55.468897 298.807200	6.76e-01  8.01e-01  4.07e+05	-1.3861 93.9517 0.0167	
55.468897 298.807200	5.04e-01  7.42e-01  4.49e+05	-19.8528 68.0200 0.3634	
55.468897 298.807200	6.42e-01  7.04e-01  4.30e+05	5.5677 82.0518 0.8409	
55.468897 298.807200	5.52e-01  8.14e-01  4.27e+05	-3.9026 84.1167 0.9871	
55.468897 298.807200	6.96e-01  7.76e-01  4.08e+05	13.1276 92.6394 0.7072	
55.468897 298.807200	7.02e-01  8.47e-01  3.96e+05	1.2668 99.4080 0.9373	
55.468897 298.807200	6.44e-01  7.89e-01  4.15e+05	10.0196 89.7939 0.5275	
55.468897 298.807200	3.43e-01  9.56e-01  4.39e+05	2.9992 77.1809 0.8908	
55.468897 298.807200	3.90e-01  7.34e-01  4.75e+05	-22.3949 46.6136 0.8094	
55.468897 298.807200	6.36e-01  7.69e-01  4.20e+05	-30.1233 82.5170 0.5590	
55.468897 298.807200	7.15e-01  8.22e-01  3.98e+05	-11.1781 97.8980 0.1091	
55.468897 298.807200	5.33e-01  7.71e-01  4.38e+05	-9.2081 77.2826 0.1183	
55.468897 298.807200	5.90e-01  8.02e-01  4.22e+05	-20.3242 84.2148 0.4225	
55.468897 298.807200	6.25e-01  8.83e-01  4.02e+05	-32.8366 90.5730 0.6290	
55.468897 298.807200	6.38e-01  7.45e-01  4.23e+05	-26.6354 81.6401 0.7395	
55.468897 298.807200	4.11e-01  8.20e-01  4.52e+05	7.2622 68.4210 0.0699	
55.468897 298.807200	7.09e-01  8.01e-01  4.02e+05	58.6266 76.6794 0.4835	
55.468897 298.807200	5.39e-01  8.72e-01  4.19e+05	38.8498 79.4444 0.5555	
55.468897 298.807200	7.38e-01  9.10e-01  3.81e+05	44.0256 96.3577 0.8898	
55.468897 298.807200	4.74e-01  8.69e-01  4.31e+05	22.4562 78.8563 0.5222	
55.468897 298.807200	6.34e-01  8.32e-01  4.09e+05	-4.3037 92.9612 0.3737	
55.468897 298.807200	6.74e-01  7.77e-01  4.12e+05	-16.8748 90.2719 0.3067	
55.468897 298.807200	4.98e-01  9.10e-01  4.19e+05	9.6266 87.6034 0.2988	
55.468897 298.807200	5.46e-01  8.68e-01  4.18e+05	56.0306 68.7799 0.2124	
55.468897 298.807200	5.58e-01  8.35e-01  4.22e+05	42.6631 75.6403 0.1224	
55.468897 298.807200	2.55e-01  8.39e-01  4.82e+05	-8.2309 44.7679 0.9057	
55.468897 298.807200	3.04e-01  9.35e-01  4.51e+05	26.6186 64.6822 0.9482	
55.468897 298.807200	4.80e-01  8.50e-01  4.33e+05	-22.8920 77.2714 0.3037	
55.468897 298.807200	4.52e-01  8.82e-01  4.32e+05	7.3104 80.6222 0.4860	
55.468897 298.807200	5.79e-01  8.91e-01  4.09e+05	-11.8887 92.6122 0.9558	
55.468897 298.807200	6.53e-01  7.38e-01  4.22e+05	9.9424 86.0544 0.3287	
55.468897 298.807200	5.71e-01  7.69e-01  4.31e+05	-24.8161 77.7630 0.9824	
55.468897 298.807200	7.55e-01  9.68e-01  3.71e+05	54.3949 95.9806 0.0906	
55.468897 298.807200	7.00e-01  9.44e-01  3.82e+05	-30.5322 101.2140 0.8826	
55.468897 298.807200	7.10e-01  7.68e-01  4.07e+05	33.7275 87.7922 0.0747	
55.468897 298.807200	5.95e-01  6.70e-01  4.46e+05	-2.7937 73.0873 0.3639	
55.468897 298.807200	4.58e-01  8.75e-01  4.33e+05	-12.3499 79.9721 0.5507	
55.468897 298.807200	5.64e-01  6.67e-01  4.52e+05	-1.3191 68.9954 0.4861	
55.468897 298.807200	4.59e-01  8.96e-01  4.28e+05	-3.8922 83.0831 0.4416	
55.468897 298.807200	5.12e-01  8.62e-01  4.25e+05	25.7799 80.9820 0.6205	
55.468897 298.807200	6.34e-01  7.65e-01  4.21e+05	16.9373 85.7141 0.9263	
55.468897 298.807200	5.75e-01  8.02e-01  4.25e+05	41.5223 74.4960 0.1887	
55.468897 298.807200	6.06e-01  9.10e-01  4.01e+05	41.0221 87.8556 0.9829	
55.468897 298.807200	6.81e-01  9.24e-01  3.87e+05	25.8548 99.9677 0.4194	
55.468897 298.807200	5.90e-01  8.52e-01  4.13e+05	18.8055 89.1620 0.5915	
55.468897 298.807200	4.39e-01  9.59e-01  4.21e+05	-19.5202 85.0219 0.5008	
55.468897 298.807200	6.07e-01  9.02e-01  4.02e+05	8.5988 96.0893 0.6046	
55.468897 298.807200	3.74e-01  8.15e-01  4.61e+05	-20.0228 59.5416 0.4954	
55.468897 298.807200	5.90e-01  7.79e-01  4.26e+05	20.1930 82.1037 0.8460	
55.468897 298.807200	5.62e-01  7.04e-01  4.45e+05	-15.6939 71.6749 0.6711	
55.468897 298.807200	4.94e-01  8.33e-01  4.34e+05	-0.9648 80.2450 0.7537	
55.468897 298.807200	6.01e-01  8.93e-01  4.05e+05	34.5760 88.8461 0.1192	
55.468897 298.807200	6.04e-01  8.09e-01  4.18e+05	-1.6205 88.5627 0.6260	
55.468897 298.807200	5.79e-01  8.10e-01  4.22e+05	-0.9739 86.4032 0.1439	
55.468897 298.807200	6.04e-01  7.87e-01  4.22e+05	-15.0397 85.3484 0.6285	
55.468897 298.807200	6.68e-01  8.49e-01  4.01e+05	-1.7808 97.0288 0.0848	
55.468897 298.807200	6.32e-01  8.24e-01  4.11e+05	22.7359 89.4539 0.5725	
55.468897 298.807200	5.11e-01  8.40e-01  4.29e+05	2.5585 82.7176 0.5167	
55.468897 298.807200	5.67e-01  8.33e-01  4.20e+05	22.9031 84.3749 0.0505	
55.468897 298.807200	8.44e-01  9.02e-01  3.68e+05	5.1399 111.4882 0.6667	
55.468897 298.807200	5.75e-01  7.97e-01  4.25e+05	-5.3658 84.6214 0.7095	
55.468897 298.807200	5.32e-01  8.03e-01  4.32e+05	-7.3570 80.8734 0.9289	
55.468897 298.807200	4.78e-01  8.86e-01  4.27e+05	26.7624 79.6236 0.9772	
55.468897 298.807200	4.27e-01  7.83e-01  4.57e+05	2.8484 66.0110 0.8091	
55.468897 298.807200	4.70e-01  8.52e-01  4.35e+05	-12.3388 78.7625 0.6004	
55.468897 298.807200	6.65e-01  9.18e-01  3.91e+05	15.6081 100.5187 0.7669	
55.468897 298.807200	4.70e-01  8.47e-01  4.35e+05	16.9828 77.4292 0.4958	
55.468897 298.807200	6.45e-01  9.38e-01  3.91e+05	35.3775 95.3641 0.1178	
55.468897 298.807200	4.67e-01  9.64e-01  4.15e+05	-18.9836 88.1168 0.7448	
55.468897 298.807200	5.00e-01  8.25e-01  4.34e+05	9.9590 79.5034 0.9290	
55.468897 298.807200	4.94e-01  6.97e-01  4.61e+05	-18.0778 60.5778 0.1126	
55.468897 298.807200	4.75e-01  8.66e-01  4.31e+05	-33.4448 74.6737 0.6895	
55.468897 298.807200	7.49e-01  8.64e-01  3.86e+05	52.8730 89.2364 0.0877	
55.468897 298.807200	6.31e-01  7.88e-01  4.17e+05	8.6955 88.7703 0.8027	
55.468897 298.807200	5.56e-01  8.15e-01  4.26e+05	-36.0672 76.6024 0.9072	
55.468897 298.807200	5.20e-01  6.94e-01  4.56e+05	-6.0137 66.3354 0.1157	
55.468897 298.807200	7.32e-01  7.72e-01  4.03e+05	17.9521 94.3992 0.6678	
55.468897 298.807200	5.05e-01  6.38e-01  4.71e+05	-1.0768 55.1856 0.0971	
55.468897 298.807200	5.75e-01  6.58e-01  4.52e+05	-36.4784 58.8160 0.7673	
55.468897 298.807200	5.16e-01  6.97e-01  4.56e+05	-10.4355 65.6016 0.8031	
55.468897 298.807200	5.18e-01  8.91e-01  4.19e+05	7.0252 88.0152 0.1515	
55.468897 298.807200	6.67e-01  7.89e-01  4.11e+05	-32.1071 86.5528 0.8745	
55.468897 298.807200	6.47e-01  9.43e-01  3.90e+05	29.1833 97.9775 0.2926	
55.468897 298.807200	4.93e-01  9.76e-01  4.09e+05	-13.2866 92.3950 0.8773	
55.468897 298.807200	6.14e-01  7.50e-01  4.27e+05	-4.1879 83.9536 0.8501	
55.468897 298.807200	5.48e-01  8.25e-01  4.25e+05	49.8386 68.7462 0.3127	
55.468897 298.807200	3.89e-01  9.58e-01  4.30e+05	13.8049 81.1813 0.2665	
55.468897 298.807200	6.44e-01  7.38e-01  4.24e+05	-11.2702 84.9869 0.3997	
55.468897 298.807200	4.87e-01  7.76e-01  4.46e+05	-20.4818 69.9974 0.1996	
55.468897 298.807200	6.55e-01  9.30e-01  3.90e+05	-66.6788 77.0017 0.0074	
55.468897 298.807200	6.67e-01  8.44e-01  4.02e+05	-25.4688 93.1958 0.6887	
55.468897 298.807200	7.14e-01  8.91e-01  3.87e+05	19.9347 101.2709 0.7805	
55.468897 298.807200	5.24e-01  7.72e-01  4.40e+05	-3.4823 76.7438 0.1102	
55.468897 298.807200	4.52e-01  9.27e-01  4.24e+05	36.3796 77.3575 0.5244	
55.468897 298.807200	6.40e-01  8.89e-01  3.99e+05	-21.4260 95.6029 0.2654	
55.468897 298.807200	7.27e-01  8.67e-01  3.89e+05	18.8772 100.7443 0.1124	
55.468897 298.807200	3.82e-01  8.24e-01  4.58e+05	2.8502 65.2754 0.3038	
55.468897 298.807200	4.83e-01  7.76e-01  4.47e+05	12.3228 71.4301 0.8411	
55.468897 298.807200	5.41e-01  6.60e-01  4.58e+05	-41.7424 49.4452 0.3623	
55.468897 298.807200	4.30e-01  7.98e-01  4.53e+05	20.5721 65.2895 0.6934	
55.468897 298.807200	4.87e-01  8.85e-01  4.25e+05	14.3172 83.5910 0.8113	
55.468897 298.807200	5.67e-01  7.72e-01  4.31e+05	6.0817 81.2861 0.7667	
55.468897 298.807200	5.61e-01  8.02e-01  4.27e+05	58.3340 60.3718 0.2021	
55.468897 298.807200	7.22e-01  9.22e-01  3.82e+05	-0.5545 105.7255 0.9162	
55.468897 298.807200	4.50e-01  9.41e-01  4.22e+05	-14.1622 85.4649 0.9065	
55.468897 298.807200	5.48e-01  8.89e-01  4.14e+05	6.2741 90.4117 0.9984	
55.468897 298.807200	5.38e-01  8.75e-01  4.18e+05	-30.0457 83.4178 0.2359	
55.468897 298.807200	4.29e-01  9.09e-01  4.32e+05	-22.4918 78.3130 0.5083	
55.468897 298.807200	7.29e-01  8.33e-01  3.94e+05	-13.7679 99.3583 0.0806	
55.468897 298.807200	3.31e-01  8.08e-01  4.72e+05	2.6664 54.4664 0.0424	
55.468897 298.807200	7.46e-01  8.86e-01  3.83e+05	-34.6904 99.0314 0.6626	
55.468897 298.807200	6.29e-01  6.79e-01  4.37e+05	34.0285 70.3536 0.0413	
55.468897 298.807200	5.29e-01  8.24e-01  4.29e+05	-53.9203 62.9945 0.4337	
55.468897 298.807200	5.53e-01  6.87e-01  4.50e+05	-5.5276 69.8995 0.1974	
55.468897 298.807200	4.20e-01  8.42e-01  4.46e+05	8.0884 72.4346 0.0231	
55.468897 298.807200	7.09e-01  8.28e-01  3.98e+05	14.8792 97.4374 0.2854	
55.468897 298.807200	4.73e-01  9.77e-01  4.12e+05	-56.8905 71.9818 0.1370	
55.468897 298.807200	4.75e-01  7.27e-01  4.58e+05	-25.0871 59.7966 0.8058	
55.468897 298.807200	6.50e-01  8.52e-01  4.03e+05	-49.2869 82.3217 0.2658	
55.468897 298.807200	6.89e-01  7.24e-01  4.18e+05	-49.3905 73.5907 0.8382	
55.468897 298.807200	6.97e-01  8.11e-01  4.02e+05	39.5367 87.9324 0.5939	
55.468897 298.807200	5.72e-01  7.22e-01  4.40e+05	24.5433 72.6295 0.6112	
55.468897 298.807200	5.50e-01  6.88e-01  4.51e+05	-12.5259 68.7407 0.1734	
55.468897 298.807200	8.01e-01  8.44e-01  3.81e+05	-7.9001 105.5201 0.0300	
55.468897 298.807200	5.70e-01  8.38e-01  4.19e+05	24.5298 84.6222 0.5798	
55.468897 298.807200	5.08e-01  7.88e-01  4.40e+05	-26.8139 71.9959 0.5245	
55.468897 298.807200	3.85e-01  9.23e-01  4.37e+05	-10.1851 77.5474 0.5143	
55.468897 298.807200	6.00e-01  7.56e-01  4.28e+05	17.4649 81.3421 0.3355	
55.468897 298.807200	4.77e-01  7.93e-01  4.45e+05	-31.7127 66.6323 0.6043	
55.468897 298.807200	5.09e-01  8.50e-01  4.28e+05	10.6616 82.8330 0.8739	
55.468897 298.807200	5.00e-01  8.77e-01  4.25e+05	-22.2263 82.3500 0.4113	
55.468897 298.807200	5.17e-01  8.38e-01  4.28e+05	-16.1750 81.5660 0.4100	
55.468897 298.807200	5.65e-01  7.42e-01  4.37e+05	36.7990 68.8959 0.9997	
55.468897 298.807200	3.97e-01  7.99e-01  4.60e+05	18.7231 61.1874 0.9048	
55.468897 298.807200	6.20e-01  8.85e-01  4.03e+05	-6.7916 95.8821 0.3917	
55.468897 298.807200	5.85e-01  8.05e-01  4.22e+05	-13.1285 85.5676 0.6837	
55.468897 298.807200	5.13e-01  7.57e-01  4.45e+05	2.2435 73.8062 0.7437	
55.468897 298.807200	6.64e-01  9.16e-01  3.91e+05	-45.5742 90.7784 0.6973	
55.468897 298.807200	4.15e-01  8.75e-01  4.41e+05	-64.0328 41.2872 0.8154	
55.468897 298.807200	6.30e-01  6.79e-01  4.37e+05	-28.9757 72.7057 0.4680	
55.468897 298.807200	5.96e-01  7.20e-01  4.36e+05	-21.6646 76.0852 0.2412	
55.468897 298.807200	6.40e-01  8.23e-01  4.10e+05	-46.5920 80.2945 0.4805	
55.468897 298.807200	4.01e-01  8.67e-01  4.45e+05	11.9330 72.6099 0.8162	
55.468897 298.807200	4.19e-01  7.42e-01  4.67e+05	11.6495 57.3286 0.0812	
55.468897 298.807200	3.40e-01  8.60e-01  4.59e+05	-40.7523 50.0356 0.2156	
55.468897 298.807200	4.79e-01  7.78e-01  4.47e+05	49.9591 52.1212 0.4255	
55.468897 298.807200	4.35e-01  8.31e-01  4.45e+05	-1.2412 73.3980 0.3572	
55.468897 298.807200	4.92e-01  9.60e-01  4.12e+05	-23.7684 88.8208 0.6147	
55.468897 298.807200	5.96e-01  8.89e-01  4.06e+05	-19.3188 92.5955 0.3878	
55.468897 298.807200	5.48e-01  8.45e-01  4.22e+05	-15.7469 85.3295 0.0405	
55.468897 298.807200	6.93e-01  8.53e-01  3.96e+05	7.7204 98.8468 0.3450	
55.468897 298.807200	5.73e-01  8.30e-01  4.20e+05	-24.7648 84.1964 0.3790	
55.468897 298.807200	7.34e-01  8.00e-01  3.98e+05	-28.0120 94.1735 0.5789	
55.468897 298.807200	5.58e-01  6.72e-01  4.53e+05	-23.8188 64.4654 0.8494	
55.468897 298.807200	7.38e-01  8.80e-01  3.86e+05	9.6016 103.5552 0.1928	
55.468897 298.807200	5.00e-01  7.89e-01  4.41e+05	11.9490 75.0956 0.0294	
55.468897 298.807200	5.06e-01  8.55e-01  4.27e+05	0.0577 83.7690 0.4643	
55.468897 298.807200	7.70e-01  8.35e-01  3.87e+05	-18.1549 101.5492 0.6418	
55.468897 298.807200	5.55e-01  7.74e-01  4.33e+05	4.2875 80.3163 0.2547	
55.468897 298.807200	7.57e-01  7.84e-01  3.97e+05	14.6390 97.6968 0.6881	
55.468897 298.807200	4.37e-01  7.75e-01  4.56e+05	-24.7575 61.5309 0.7223	
55.468897 298.807200	5.03e-01  8.25e-01  4.33e+05	11.5869 79.6266 0.8189	
55.468897 298.807200	4.79e-01  9.32e-01  4.18e+05	-58.7445 66.1300 0.2841	
55.468897 298.807200	5.96e-01  9.06e-01  4.03e+05	-13.4983 94.9287 0.8142	
55.468897 298.807200	4.56e-01  6.88e-01  4.71e+05	-9.2063 54.7128 0.4187	
55.468897 298.807200	5.33e-01  7.36e-01  4.45e+05	-5.8661 73.4805 0.9572	
55.468897 298.807200	6.43e-01  9.60e-01  3.88e+05	-45.6057 92.4231 0.0276	
55.468897 298.807200	4.65e-01  9.27e-01  4.22e+05	1.0879 86.6590 0.3832	
55.468897 298.807200	7.39e-01  7.98e-01  3.98e+05	31.9798 93.1778 0.1216	
55.468897 298.807200	5.42e-01  7.46e-01  4.41e+05	26.3444 71.1816 0.8172	
55.468897 298.807200	4.62e-01  8.18e-01  4.43e+05	-15.7809 73.3702 0.4008	
55.468897 298.807200	4.20e-01  6.67e-01  4.84e+05	-3.6812 43.5338 0.3552	
