133.592229 298.841869	6.10e-01  6.65e-01  5.52e+05	0.0000 83.0248 0.1442	
133.592229 298.841869	6.14e-01  7.14e-01  5.39e+05	-2.0847 89.6483 0.7223	
133.592229 298.841869	8.45e-01  9.46e-01  4.50e+05	-3.3092 127.1170 0.7440	
133.592229 298.841869	7.07e-01  8.49e-01  4.91e+05	6.6180 111.2416 0.0107	
133.592229 298.841869	5.03e-01  7.90e-01  5.48e+05	40.4242 75.2504 0.7746	
133.592229 298.841869	4.39e-01  8.25e-01  5.54e+05	27.3344 76.9489 0.8268	
133.592229 298.841869	5.98e-01  8.16e-01  5.20e+05	-3.0081 98.9402 0.9313	
133.592229 298.841869	5.26e-01  7.82e-01  5.44e+05	-28.6242 82.4377 0.3963	
133.592229 298.841869	5.16e-01  6.05e-01  5.92e+05	-4.5360 57.0414 0.2519	
133.592229 298.841869	6.03e-01  7.91e-01  5.24e+05	38.8269 88.8959 0.1737	
133.592229 298.841869	5.16e-01  6.95e-01  5.68e+05	55.0988 49.1314 0.7654	
133.592229 298.841869	7.10e-01  8.13e-01  4.98e+05	62.1958 89.2614 0.4046	
133.592229 298.841869	5.08e-01  7.28e-01  5.62e+05	2.7690 77.5203 0.3256	
133.592229 298.841869	5.42e-01  9.02e-01  5.14e+05	-12.9413 100.9742 0.4895	
133.592229 298.841869	5.22e-01  8.43e-01  5.31e+05	18.5563 92.0302 0.0031	
133.592229 298.841869	6.73e-01  8.42e-01  4.99e+05	-5.4242 107.9650 0.1004	
133.592229 298.841869	7.70e-01  9.11e-01  4.68e+05	42.9738 112.5269 0.5188	
133.592229 298.841869	5.02e-01  6.96e-01  5.71e+05	27.5778 66.1806 0.0343	
133.592229 298.841869	4.57e-01  8.49e-01  5.44e+05	36.5468 79.0134 0.2939	
133.592229 298.841869	3.19e-01  8.52e-01  5.78e+05	-0.4931 67.0528 0.1446	
133.592229 298.841869	3.83e-01  9.32e-01  5.42e+05	15.3760 86.7741 0.8482	
133.592229 298.841869	4.94e-01  6.51e-01  5.85e+05	39.5263 47.9667 0.6153	
133.592229 298.841869	5.74e-01  7.74e-01  5.35e+05	-64.3109 65.8638 0.5774	
133.592229 298.841869	6.03e-01  8.07e-01  5.21e+05	-15.9205 97.2368 0.4825	
133.592229 298.841869	6.12e-01  7.60e-01  5.29e+05	-36.0399 87.5283 0.4475	
133.592229 298.841869	3.53e-01  9.16e-01  5.53e+05	-2.6965 82.2055 0.2299	
133.592229 298.841869	5.51e-01  6.91e-01  5.60e+05	5.3115 78.3218 0.7805	
133.592229 298.841869	4.75e-01  7.67e-01  5.60e+05	9.3027 77.9322 0.1517	
133.592229 298.841869	6.96e-01  9.32e-01  4.78e+05	33.6965 111.8073 0.3483	
133.592229 298.841869	5.26e-01  8.27e-01  5.34e+05	-7.9168 92.1578 0.3740	
133.592229 298.841869	6.71e-01  8.36e-01  5.01e+05	-12.6955 106.7072 0.2302	
133.592229 298.841869	6.29e-01  8.43e-01  5.08e+05	3.6730 104.3508 0.9859	
133.592229 298.841869	4.86e-01  7.75e-01  5.55e+05	-34.1672 73.6246 0.4188	
133.592229 298.841869	5.71e-01  8.78e-01  5.13e+05	11.7041 101.5906 0.7079	
133.592229 298.841869	6.93e-01  9.85e-01  4.69e+05	8.3379 119.8993 0.3538	
133.592229 298.841869	5.18e-01  9.06e-01  5.18e+05	-50.9650 85.9119 0.4817	
133.592229 298.841869	7.09e-01  7.79e-01  5.05e+05	31.4578 101.0224 0.7142	
133.592229 298.841869	4.35e-01  7.86e-01  5.65e+05	-6.4013 75.1125 0.0146	
133.592229 298.841869	6.64e-01  8.18e-01  5.06e+05	25.6662 102.1563 0.2529	
133.592229 298.841869	5.65e-01  7.68e-01  5.38e+05	-32.2647 84.3047 0.9318	
133.592229 298.841869	5.10e-01  8.33e-01  5.36e+05	-21.7687 88.7287 0.1023	
133.592229 298.841869	5.69e-01  7.72e-01  5.36e+05	-39.9756 81.8921 0.5202	
133.592229 298.841869	6.30e-01  9.16e-01  4.93e+05	-52.3432 97.5000 0.2719	
133.592229 298.841869	5.98e-01  7.15e-01  5.43e+05	9.3877 87.3660 0.5798	
133.592229 298.841869	7.22e-01  8.73e-01  4.84e+05	-27.7924 111.0192 0.3927	
133.592229 298.841869	6.50e-01  6.95e-01  5.35e+05	31.7822 86.0236 0.8600	
133.592229 298.841869	7.31e-01  8.94e-01  4.78e+05	43.4385 108.1482 0.6333	
133.592229 298.841869	6.36e-01  7.62e-01  5.24e+05	22.8591 94.5742 0.5100	
133.592229 298.841869	4.78e-01  9.67e-01  5.14e+05	8.6763 101.4807 0.4416	
133.592229 298.841869	6.72e-01  8.09e-01  5.06e+05	41.1988 96.7369 0.6307	
133.592229 298.841869	5.98e-01  6.77e-01  5.52e+05	51.2053 65.4959 0.3186	
133.592229 298.841869	4.28e-01  8.15e-01  5.60e+05	4.2355 78.4880 0.3803	
133.592229 298.841869	5.69e-01  7.42e-01  5.43e+05	-17.5703 85.8125 0.7322	
133.592229 298.841869	4.89e-01  6.78e-01  5.80e+05	-26.4829 60.6838 0.3921	
133.592229 298.841869	3.68e-01  9.15e-01  5.50e+05	-12.7735 83.0379 0.4142	
133.592229 298.841869	6.89e-01  8.40e-01  4.97e+05	15.2298 108.1481 0.5536	
133.592229 298.841869	5.29e-01  6.76e-01  5.69e+05	-17.0275 70.8586 0.5480	
133.592229 298.841869	5.03e-01  8.17e-01  5.41e+05	22.0420 86.0449 0.4967	
133.592229 298.841869	5.93e-01  9.07e-01  5.02e+05	-32.0436 101.8861 0.3784	
133.592229 298.841869	6.00e-01  6.50e-01  5.58e+05	-15.4713 78.1238 0.0586	
133.592229 298.841869	7.31e-01  8.59e-01  4.85e+05	4.2698 113.9225 0.0744	
133.592229 298.841869	5.87e-01  9.21e-01  5.01e+05	78.0940 73.9001 0.1620	
133.592229 298.841869	5.06e-01  8.58e-01  5.31e+05	-21.9299 91.0721 0.2205	
133.592229 298.841869	6.54e-01  8.28e-01  5.06e+05	69.1928 79.2892 0.0424	
133.592229 298.841869	5.27e-01  7.33e-01  5.56e+05	27.8352 76.1070 0.9308	
133.592229 298.841869	5.55e-01  7.63e-01  5.42e+05	-30.3917 83.1693 0.2488	
133.592229 298.841869	5.96e-01  9.04e-01  5.02e+05	-0.1224 106.8372 0.6160	
133.592229 298.841869	5.83e-01  9.05e-01  5.05e+05	-63.3396 84.7307 0.6543	
133.592229 298.841869	6.21e-01  7.59e-01  5.28e+05	36.7457 88.0702 0.7671	
133.592229 298.841869	6.51e-01  8.21e-01  5.08e+05	20.0989 102.4379 0.2421	
133.592229 298.841869	6.15e-01  7.66e-01  5.27e+05	18.7554 93.7772 0.8010	
133.592229 298.841869	4.89e-01  7.23e-01  5.68e+05	-26.8395 68.7609 0.9929	
133.592229 298.841869	6.23e-01  8.56e-01  5.06e+05	-12.2710 104.3416 0.3108	
133.592229 298.841869	4.92e-01  7.03e-01  5.72e+05	-10.6771 70.4178 0.6260	
133.592229 298.841869	3.22e-01  8.34e-01  5.82e+05	-14.8887 62.5707 0.2601	
133.592229 298.841869	5.80e-01  7.79e-01  5.32e+05	-26.5711 89.3747 0.3574	
133.592229 298.841869	6.77e-01  7.31e-01  5.22e+05	-72.1227 66.7537 0.3187	
133.592229 298.841869	5.89e-01  8.00e-01  5.26e+05	33.5769 90.4110 0.1418	
133.592229 298.841869	5.52e-01  7.17e-01  5.53e+05	5.8580 82.0879 0.8647	
133.592229 298.841869	6.10e-01  9.62e-01  4.88e+05	-8.6669 112.3626 0.4694	
133.592229 298.841869	5.86e-01  7.82e-01  5.30e+05	20.5015 91.8990 0.5293	
133.592229 298.841869	6.84e-01  8.87e-01  4.88e+05	41.0146 104.8358 0.0682	
133.592229 298.841869	3.36e-01  6.99e-01  6.17e+05	8.4576 30.2890 0.1174	
133.592229 298.841869	4.86e-01  9.63e-01  5.13e+05	-15.1789 101.1451 0.8653	
133.592229 298.841869	5.76e-01  7.77e-01  5.34e+05	33.6544 86.1732 0.3490	
133.592229 298.841869	4.63e-01  7.83e-01  5.59e+05	29.7298 73.2260 0.6960	
133.592229 298.841869	4.85e-01  8.55e-01  5.37e+05	41.4181 81.0841 0.9953	
133.592229 298.841869	5.53e-01  5.98e-01  5.84e+05	18.6671 60.4191 0.2131	
133.592229 298.841869	6.47e-01  8.48e-01  5.03e+05	-26.9485 102.9443 0.4171	
133.592229 298.841869	5.35e-01  7.75e-01  5.44e+05	-14.8999 86.2173 0.1090	
133.592229 298.841869	7.08e-01  8.74e-01  4.86e+05	-22.1164 111.2201 0.4468	
133.592229 298.841869	5.92e-01  9.27e-01  4.98e+05	-2.3647 108.4174 0.2215	
133.592229 298.841869	6.40e-01  7.67e-01  5.22e+05	-47.8367 85.8421 0.3106	
133.592229 298.841869	7.09e-01  9.38e-01  4.74e+05	7.8723 117.8649 0.2844	
133.592229 298.841869	6.34e-01  7.73e-01  5.22e+05	14.0518 97.2367 0.5870	
133.592229 298.841869	8.85e-01  9.33e-01  4.46e+05	-32.2317 124.5961 0.9586	
133.592229 298.841869	7.27e-01  9.21e-01  4.74e+05	34.8025 112.9575 0.7915	
133.592229 298.841869	4.79e-01  8.19e-01  5.47e+05	-47.4881 71.6630 0.4579	
133.592229 298.841869	5.73e-01  8.27e-01  5.23e+05	-26.1727 93.9410 0.0212	
133.592229 298.841869	5.21e-01  9.22e-01  5.14e+05	-24.5008 98.7154 0.2328	
133.592229 298.841869	6.82e-01  8.00e-01  5.06e+05	-21.2990 103.1136 0.2331	
133.592229 298.841869	4.34e-01  8.56e-01  5.48e+05	13.9488 83.8763 0.7179	
133.592229 298.841869	7.97e-01  8.67e-01  4.71e+05	-4.3965 119.1995 0.1397	
133.592229 298.841869	6.42e-01  7.93e-01  5.16e+05	-49.4352 88.0942 0.3954	
133.592229 298.841869	6.56e-01  6.99e-01  5.33e+05	-54.1002 75.3052 0.5432	
133.592229 298.841869	6.38e-01  8.59e-01  5.03e+05	-28.2143 102.8325 0.1916	
133.592229 298.841869	7.58e-01  9.51e-01  4.63e+05	13.5967 121.4798 0.5799	
133.592229 298.841869	6.94e-01  8.57e-01  4.92e+05	-7.1514 110.8120 0.3487	
133.592229 298.841869	6.14e-01  7.82e-01  5.24e+05	21.8928 94.5963 0.5194	
133.592229 298.841869	4.82e-01  8.86e-01  5.30e+05	-29.9873 89.2167 0.5354	
133.592229 298.841869	6.02e-01  7.19e-01  5.41e+05	35.1156 81.6975 0.7620	
133.592229 298.841869	5.74e-01  7.08e-01  5.50e+05	15.2686 82.5759 0.9274	
133.592229 298.841869	4.27e-01  8.12e-01  5.61e+05	51.2166 59.0221 0.5412	
133.592229 298.841869	5.77e-01  7.02e-01  5.51e+05	-37.3894 74.8271 0.0235	
133.592229 298.841869	4.84e-01  7.02e-01  5.75e+05	12.9290 68.3570 0.1982	
133.592229 298.841869	5.62e-01  7.05e-01  5.54e+05	1.5971 81.9747 0.4726	
133.592229 298.841869	5.23e-01  8.59e-01  5.27e+05	-18.5047 93.8439 0.5043	
133.592229 298.841869	4.83e-01  7.40e-01  5.65e+05	1.1904 75.6520 0.8526	
133.592229 298.841869	7.33e-01  7.71e-01  5.01e+05	36.3869 100.9013 0.0742	
133.592229 298.841869	7.77e-01  9.15e-01  4.66e+05	-28.4959 117.7266 0.4801	
133.592229 298.841869	4.08e-01  7.43e-01  5.84e+05	0.8595 63.2871 0.5856	
133.592229 298.841869	3.35e-01  9.64e-01  5.46e+05	16.9695 84.5020 0.3120	
133.592229 298.841869	5.34e-01  8.54e-01  5.26e+05	44.5208 85.4037 0.7579	
133.592229 298.841869	4.89e-01  7.02e-01  5.73e+05	35.6589 60.8545 0.4819	
133.592229 298.841869	5.09e-01  7.60e-01  5.53e+05	-28.6488 77.1261 0.6637	
133.592229 298.841869	6.98e-01  8.21e-01  4.99e+05	13.9503 107.5299 0.0547	
133.592229 298.841869	4.79e-01  7.61e-01  5.61e+05	22.9543 74.6535 0.6909	
133.592229 298.841869	4.77e-01  8.14e-01  5.48e+05	12.3572 84.2222 0.0793	
133.592229 298.841869	5.98e-01  6.57e-01  5.57e+05	-7.4043 79.9904 0.7377	
133.592229 298.841869	7.92e-01  8.49e-01  4.75e+05	-23.0290 115.4217 0.6552	
133.592229 298.841869	6.44e-01  7.88e-01  5.16e+05	10.3962 100.2201 0.1515	
133.592229 298.841869	4.90e-01  8.81e-01  5.29e+05	12.1388 93.8126 0.2061	
133.592229 298.841869	4.83e-01  8.57e-01  5.37e+05	7.1935 90.7736 0.1961	
133.592229 298.841869	4.75e-01  8.14e-01  5.49e+05	-43.6274 72.8247 0.7546	
133.592229 298.841869	6.94e-01  9.21e-01  4.80e+05	56.3047 101.2356 0.2513	
133.592229 298.841869	6.66e-01  7.60e-01  5.18e+05	59.4042 80.4992 0.4615	
133.592229 298.841869	6.46e-01  7.94e-01  5.15e+05	50.5508 87.9843 0.6065	
133.592229 298.841869	6.08e-01  8.20e-01  5.17e+05	8.4632 99.9496 0.1860	
133.592229 298.841869	5.81e-01  7.88e-01  5.30e+05	-39.5903 85.5550 0.9856	
133.592229 298.841869	7.05e-01  8.36e-01  4.94e+05	-11.4008 109.6915 0.7093	
133.592229 298.841869	6.33e-01  9.38e-01  4.88e+05	-42.2146 104.3894 0.5146	
133.592229 298.841869	7.42e-01  8.33e-01  4.88e+05	10.4827 112.4226 0.0661	
133.592229 298.841869	4.55e-01  8.60e-01  5.42e+05	2.2940 88.0974 0.9372	
133.592229 298.841869	4.33e-01  7.17e-01  5.84e+05	21.7825 59.3524 0.4470	
133.592229 298.841869	5.80e-01  6.06e-01  5.74e+05	8.8291 69.2055 0.9913	
133.592229 298.841869	8.22e-01  9.75e-01  4.49e+05	25.8459 124.9033 0.7058	
133.592229 298.841869	5.60e-01  7.11e-01  5.53e+05	4.7089 82.3015 0.9419	
133.592229 298.841869	5.05e-01  7.88e-01  5.48e+05	21.4407 82.7034 0.1339	
133.592229 298.841869	6.34e-01  8.08e-01  5.14e+05	42.8764 92.1396 0.9567	
133.592229 298.841869	6.70e-01  8.75e-01  4.93e+05	22.1168 108.3005 0.7687	
133.592229 298.841869	5.84e-01  8.38e-01  5.19e+05	9.7888 99.1847 0.8908	
133.592229 298.841869	4.14e-01  6.88e-01  5.98e+05	1.8468 52.4315 0.2474	
133.592229 298.841869	5.56e-01  7.88e-01  5.36e+05	-9.9858 90.9209 0.9701	
133.592229 298.841869	4.28e-01  7.52e-01  5.76e+05	7.1028 68.2994 0.6628	
133.592229 298.841869	6.29e-01  8.18e-01  5.13e+05	13.3485 101.2590 0.4094	
133.592229 298.841869	5.28e-01  7.75e-01  5.45e+05	-43.7127 74.7512 0.3342	
133.592229 298.841869	4.57e-01  7.02e-01  5.82e+05	2.7217 64.7823 0.3451	
133.592229 298.841869	5.27e-01  8.06e-01  5.38e+05	24.1598 86.9812 0.4577	
133.592229 298.841869	6.62e-01  8.97e-01  4.91e+05	13.2276 110.9484 0.5954	
133.592229 298.841869	6.85e-01  7.21e-01  5.22e+05	9.2504 97.6964 0.0672	
133.592229 298.841869	5.15e-01  6.52e-01  5.79e+05	-10.3636 65.6384 0.8315	
133.592229 298.841869	6.09e-01  8.30e-01  5.15e+05	-27.1641 97.6485 0.7605	
133.592229 298.841869	4.71e-01  9.47e-01  5.19e+05	35.6588 92.7312 0.6995	
133.592229 298.841869	6.46e-01  8.12e-01  5.11e+05	-8.8379 102.7371 0.2750	
133.592229 298.841869	6.07e-01  7.87e-01  5.24e+05	-14.2643 95.8866 0.0786	
133.592229 298.841869	5.64e-01  7.96e-01  5.32e+05	32.6109 87.4003 0.3823	
133.592229 298.841869	6.06e-01  9.12e-01  4.99e+05	46.2261 97.9463 0.7866	
133.592229 298.841869	5.28e-01  7.45e-01  5.52e+05	1.1950 82.7780 0.8408	
133.592229 298.841869	5.16e-01  7.46e-01  5.55e+05	42.0889 69.6466 0.6036	
133.592229 298.841869	4.39e-01  9.34e-01  5.29e+05	44.6786 83.4812 0.5019	
133.592229 298.841869	7.24e-01  8.64e-01  4.85e+05	20.0952 112.0698 0.1647	
133.592229 298.841869	6.13e-01  7.64e-01  5.28e+05	9.8580 94.6815 0.0415	
133.592229 298.841869	7.92e-01  8.67e-01  4.72e+05	81.4512 86.6013 0.1316	
133.592229 298.841869	8.20e-01  8.77e-01  4.66e+05	-53.8541 108.8772 0.0991	
133.592229 298.841869	6.30e-01  6.54e-01  5.50e+05	18.5585 82.2230 0.5081	
133.592229 298.841869	5.18e-01  8.99e-01  5.19e+05	41.6999 90.0734 0.8270	
133.592229 298.841869	3.78e-01  9.00e-01  5.51e+05	7.1246 83.2163 0.5428	
133.592229 298.841869	6.39e-01  9.24e-01  4.90e+05	-28.7231 108.2305 0.2403	
133.592229 298.841869	6.85e-01  8.47e-01  4.96e+05	-55.2337 94.5365 0.5295	
133.592229 298.841869	7.63e-01  9.17e-01  4.68e+05	45.9515 111.2440 0.8706	
133.592229 298.841869	5.79e-01  8.84e-01  5.10e+05	39.5821 95.7555 0.7972	
133.592229 298.841869	6.35e-01  9.14e-01  4.93e+05	-23.3989 108.4255 0.2970	
133.592229 298.841869	6.44e-01  8.34e-01  5.07e+05	-37.9032 97.8002 0.8724	
133.592229 298.841869	4.95e-01  9.03e-01  5.24e+05	-53.8472 80.9673 0.1211	
133.592229 298.841869	5.77e-01  8.90e-01  5.09e+05	1.9398 103.9577 0.4694	
133.592229 298.841869	6.13e-01  8.46e-01  5.11e+05	-22.0477 100.8383 0.0787	
133.592229 298.841869	4.77e-01  7.53e-01  5.63e+05	2.8571 76.6107 0.8045	
133.592229 298.841869	7.86e-01  8.24e-01  4.81e+05	-75.2817 87.5633 0.2833	
133.592229 298.841869	5.82e-01  8.24e-01  5.22e+05	29.4720 93.6671 0.0122	
133.592229 298.841869	7.13e-01  7.94e-01  5.01e+05	-61.0786 88.4180 0.9463	
133.592229 298.841869	7.45e-01  8.14e-01  4.91e+05	-25.7872 108.6201 0.0061	
133.592229 298.841869	5.39e-01  7.89e-01  5.39e+05	18.3620 87.7502 0.0543	
133.592229 298.841869	6.65e-01  8.59e-01  4.97e+05	57.0853 92.6973 0.3835	
133.592229 298.841869	5.22e-01  8.10e-01  5.38e+05	16.9439 88.6052 0.9662	
133.592229 298.841869	5.55e-01  8.25e-01  5.28e+05	2.6362 95.4057 0.1862	
133.592229 298.841869	5.62e-01  7.10e-01  5.53e+05	14.8620 81.4009 0.4772	
133.592229 298.841869	4.86e-01  8.33e-01  5.42e+05	24.1063 85.2123 0.3210	
133.592229 298.841869	7.31e-01  8.82e-01  4.81e+05	22.5174 113.5028 0.1770	
133.592229 298.841869	4.89e-01  7.51e-01  5.61e+05	39.7294 67.2317 0.4054	
133.592229 298.841869	5.21e-01  8.45e-01  5.31e+05	-17.3096 92.3161 0.4166	
133.592229 298.841869	2.20e-01  9.45e-01  5.80e+05	18.3426 63.2922 0.8782	
133.592229 298.841869	6.86e-01  7.54e-01  5.14e+05	-60.0675 81.8720 0.4358	
133.592229 298.841869	5.99e-01  8.34e-01  5.16e+05	-21.7109 98.3989 0.5350	
133.592229 298.841869	6.66e-01  7.63e-01  5.17e+05	20.9427 98.1569 0.5764	
133.592229 298.841869	5.22e-01  8.47e-01  5.30e+05	24.0165 91.1412 0.2328	
133.592229 298.841869	4.97e-01  8.63e-01  5.32e+05	-17.4478 91.6577 0.3369	
133.592229 298.841869	6.42e-01  8.30e-01  5.08e+05	-44.4398 94.4840 0.3209	
133.592229 298.841869	7.68e-01  7.83e-01  4.92e+05	-37.3232 104.5821 0.8919	
133.592229 298.841869	7.17e-01  8.11e-01  4.97e+05	0.7922 109.2181 0.3604	
133.592229 298.841869	5.75e-01  7.20e-01  5.47e+05	29.7133 80.3813 0.1658	
133.592229 298.841869	5.05e-01  8.89e-01  5.24e+05	-19.0528 95.0568 0.3197	
133.592229 298.841869	5.62e-01  9.56e-01  4.99e+05	33.6891 102.9781 0.5650	
133.592229 298.841869	7.37e-01  8.45e-01  4.86e+05	83.6977 76.5820 0.7495	
133.592229 298.841869	6.79e-01  9.37e-01  4.80e+05	16.9134 114.7027 0.5053	
133.592229 298.841869	5.07e-01  8.49e-01  5.33e+05	-35.7556 85.7198 0.1053	
133.592229 298.841869	6.87e-01  7.80e-01  5.09e+05	-20.2929 101.9604 0.9110	
133.592229 298.841869	5.42e-01  8.20e-01  5.32e+05	47.6127 80.4737 0.9087	
133.592229 298.841869	3.80e-01  7.74e-01  5.83e+05	2.9542 63.8492 0.3225	
133.592229 298.841869	6.70e-01  9.14e-01  4.86e+05	-36.2853 107.6394 0.3967	
133.592229 298.841869	6.45e-01  7.08e-01  5.34e+05	8.8031 92.1439 0.1653	
133.592229 298.841869	6.00e-01  9.27e-01  4.97e+05	-28.1684 105.4053 0.1051	
133.592229 298.841869	8.01e-01  9.57e-01  4.55e+05	-8.5502 124.9459 0.5653	
133.592229 298.841869	6.70e-01  9.34e-01  4.82e+05	-40.0455 107.8575 0.6681	
133.592229 298.841869	7.12e-01  8.25e-01  4.95e+05	55.8242 94.6943 0.9561	
133.592229 298.841869	6.49e-01  8.52e-01  5.02e+05	-23.8561 104.1986 0.7719	
133.592229 298.841869	5.60e-01  7.37e-01  5.47e+05	13.9045 84.7473 0.5455	
133.592229 298.841869	6.33e-01  9.70e-01  4.83e+05	31.6203 110.4937 0.8833	
133.592229 298.841869	2.96e-01  9.74e-01  5.53e+05	-11.9896 81.4081 0.0407	
133.592229 298.841869	5.16e-01  6.77e-01  5.73e+05	14.1748 69.3912 0.0056	
133.592229 298.841869	5.40e-01  9.82e-01  4.98e+05	8.1149 108.3761 0.4455	
133.592229 298.841869	6.55e-01  8.39e-01  5.03e+05	-17.8381 104.8639 0.1028	
133.592229 298.841869	5.85e-01  8.35e-01  5.19e+05	-11.9428 98.7966 0.3534	
133.592229 298.841869	7.91e-01  8.59e-01  4.74e+05	42.5255 110.4037 0.3370	
133.592229 298.841869	7.01e-01  7.55e-01  5.11e+05	2.9246 102.8781 0.4526	
133.592229 298.841869	7.20e-01  9.35e-01  4.73e+05	-21.6910 116.6461 0.5726	
133.592229 298.841869	5.78e-01  6.44e-01  5.65e+05	-10.0621 74.8436 0.2159	
133.592229 298.841869	6.01e-01  8.36e-01  5.15e+05	-10.9605 100.5859 0.6550	
133.592229 298.841869	6.47e-01  8.95e-01  4.94e+05	56.3079 94.9179 0.8663	
133.592229 298.841869	4.31e-01  7.73e-01  5.70e+05	-8.4272 72.2697 0.6703	
133.592229 298.841869	7.27e-01  7.38e-01  5.09e+05	30.0315 99.3381 0.8841	
133.592229 298.841869	3.78e-01  8.96e-01  5.52e+05	12.4435 82.0205 0.0252	
133.592229 298.841869	6.09e-01  8.30e-01  5.15e+05	-42.3428 92.0972 0.8853	
133.592229 298.841869	6.03e-01  8.84e-01  5.05e+05	34.2529 100.0365 0.8862	
133.592229 298.841869	6.51e-01  7.20e-01  5.30e+05	-23.3530 91.4975 0.2480	
133.592229 298.841869	4.06e-01  7.77e-01  5.75e+05	-2.1233 69.0253 0.6871	
133.592229 298.841869	3.55e-01  7.25e-01  6.04e+05	-22.3658 41.3250 0.4551	
133.592229 298.841869	4.51e-01  8.98e-01  5.35e+05	31.4827 86.4237 0.6612	
133.592229 298.841869	4.82e-01  7.52e-01  5.62e+05	-12.5647 76.3571 0.0895	
133.592229 298.841869	7.53e-01  8.09e-01  4.90e+05	89.1173 67.7154 0.2479	
133.592229 298.841869	6.22e-01  9.38e-01  4.90e+05	-7.8701 111.4706 0.6624	
133.592229 298.841869	5.01e-01  9.31e-01  5.17e+05	26.0658 97.1602 0.9821	
133.592229 298.841869	7.20e-01  7.79e-01  5.02e+05	39.4301 99.2745 0.9605	
133.592229 298.841869	6.61e-01  7.88e-01  5.13e+05	-3.5212 102.2364 0.8577	
133.592229 298.841869	6.59e-01  8.95e-01  4.92e+05	-3.3031 111.2375 0.0934	
133.592229 298.841869	6.51e-01  7.11e-01  5.32e+05	-1.8662 93.5452 0.6376	
133.592229 298.841869	5.32e-01  8.41e-01  5.29e+05	30.1160 89.8444 0.9245	
133.592229 298.841869	5.06e-01  7.36e-01  5.60e+05	-8.2570 78.1352 0.7321	
133.592229 298.841869	7.31e-01  8.13e-01  4.94e+05	-41.6181 102.3428 0.6695	
133.592229 298.841869	4.51e-01  7.88e-01  5.61e+05	16.1459 76.3806 0.7973	
133.592229 298.841869	5.32e-01  7.55e-01  5.49e+05	-36.7227 76.2880 0.0154	
133.592229 298.841869	5.44e-01  7.64e-01  5.44e+05	6.4826 87.0510 0.2110	
133.592229 298.841869	7.11e-01  8.32e-01  4.94e+05	18.0552 108.8554 0.2949	
133.592229 298.841869	6.34e-01  8.85e-01  4.99e+05	40.4592 100.5879 0.6656	
133.592229 298.841869	5.53e-01  7.95e-01  5.35e+05	5.0540 91.8697 0.3548	
133.592229 298.841869	4.69e-01  8.22e-01  5.48e+05	-52.9063 66.6984 0.5849	
133.592229 298.841869	5.93e-01  8.08e-01  5.23e+05	0.7028 97.5911 0.7019	
133.592229 298.841869	4.28e-01  9.44e-01  5.29e+05	32.9907 88.6473 0.5228	
133.592229 298.841869	6.78e-01  9.30e-01  4.82e+05	39.2549 108.4480 0.0636	
133.592229 298.841869	7.68e-01  8.73e-01  4.75e+05	-19.1527 116.1585 0.4969	
133.592229 298.841869	5.55e-01  6.05e-01  5.82e+05	-0.2247 64.8962 0.6409	
133.592229 298.841869	6.19e-01  9.26e-01  4.93e+05	20.8767 108.5241 0.5649	
133.592229 298.841869	5.56e-01  8.60e-01  5.20e+05	43.7089 88.9590 0.3253	
133.592229 298.841869	7.97e-01  9.20e-01  4.62e+05	-32.6104 118.2591 0.9952	
133.592229 298.841869	3.93e-01  7.91e-01  5.75e+05	2.9332 69.3242 0.5020	
133.592229 298.841869	6.53e-01  8.04e-01  5.11e+05	-52.7308 88.5051 0.3658	
133.592229 298.841869	4.16e-01  7.62e-01  5.77e+05	-2.1393 68.2720 0.8264	
133.592229 298.841869	6.57e-01  9.09e-01  4.89e+05	49.6228 100.6461 0.6079	
133.592229 298.841869	6.58e-01  7.86e-01  5.14e+05	-5.6414 101.6621 0.1423	
133.592229 298.841869	5.43e-01  7.71e-01  5.43e+05	5.4071 87.8854 0.0814	
133.592229 298.841869	6.43e-01  7.84e-01  5.18e+05	-36.8165 93.1251 0.4215	
133.592229 298.841869	6.52e-01  7.18e-01  5.30e+05	-0.8305 94.3716 0.4056	
133.592229 298.841869	4.99e-01  8.56e-01  5.33e+05	17.5932 91.0477 0.5607	
133.592229 298.841869	6.70e-01  7.98e-01  5.09e+05	11.8069 103.2904 0.5986	
133.592229 298.841869	5.88e-01  7.99e-01  5.26e+05	59.9642 75.2164 0.0477	
133.592229 298.841869	7.19e-01  9.32e-01  4.74e+05	46.5713 108.8188 0.0097	
133.592229 298.841869	4.84e-01  7.81e-01  5.54e+05	23.9463 78.2197 0.1030	
133.592229 298.841869	4.85e-01  7.70e-01  5.57e+05	12.7936 79.3222 0.6042	
133.592229 298.841869	6.00e-01  6.53e-01  5.57e+05	45.4476 65.9997 0.5275	
133.592229 298.841869	4.83e-01  8.01e-01  5.50e+05	-6.0404 84.0608 0.5903	
133.592229 298.841869	5.89e-01  8.94e-01  5.06e+05	-5.4614 105.2789 0.1901	
133.592229 298.841869	4.52e-01  8.95e-01  5.35e+05	-25.8456 88.1985 0.6140	
133.592229 298.841869	4.58e-01  6.84e-01  5.86e+05	-0.0640 61.5161 0.6406	
133.592229 298.841869	5.04e-01  8.80e-01  5.27e+05	-8.0507 95.5734 0.2031	
133.592229 298.841869	5.02e-01  8.20e-01  5.41e+05	-3.8315 88.8757 0.0096	
133.592229 298.841869	6.91e-01  9.47e-01  4.76e+05	-29.1980 113.8279 0.7442	
133.592229 298.841869	6.74e-01  7.08e-01  5.27e+05	34.4787 89.2646 0.2087	
133.592229 298.841869	7.27e-01  8.84e-01  4.81e+05	-9.1286 115.1716 0.1902	
133.592229 298.841869	3.77e-01  8.28e-01  5.69e+05	-9.0449 72.3300 0.8157	
133.592229 298.841869	6.10e-01  8.29e-01  5.15e+05	27.2830 97.6225 0.9488	
133.592229 298.841869	4.31e-01  8.89e-01  5.41e+05	-13.8834 87.7198 0.8374	
133.592229 298.841869	6.33e-01  8.41e-01  5.07e+05	-39.5520 96.8547 0.8568	
133.592229 298.841869	6.70e-01  8.91e-01  4.90e+05	23.4229 109.3848 0.9269	
133.592229 298.841869	4.58e-01  8.86e-01  5.36e+05	-12.8287 90.6599 0.6909	
133.592229 298.841869	6.54e-01  8.53e-01  5.01e+05	8.4138 107.0889 0.0581	
133.592229 298.841869	5.97e-01  9.02e-01  5.03e+05	-18.7738 105.0563 0.0858	
133.592229 298.841869	6.39e-01  7.82e-01  5.19e+05	-46.4430 88.0772 0.3975	
133.592229 298.841869	5.95e-01  6.64e-01  5.56e+05	-32.3494 74.0526 0.4666	
133.592229 298.841869	3.94e-01  7.42e-01  5.88e+05	-9.5894 59.5056 0.5956	
133.592229 298.841869	4.59e-01  9.14e-01  5.29e+05	33.4832 88.6195 0.8491	
133.592229 298.841869	5.45e-01  8.93e-01  5.15e+05	-39.8063 93.1414 0.8312	
133.592229 298.841869	3.79e-01  9.15e-01  5.47e+05	7.8831 85.1558 0.6651	
133.592229 298.841869	5.14e-01  7.26e-01  5.60e+05	-14.9354 76.8680 0.6331	
133.592229 298.841869	6.15e-01  8.85e-01  5.02e+05	-57.0784 90.3581 0.7090	
133.592229 298.841869	4.44e-01  7.30e-01  5.77e+05	1.9604 67.6689 0.5659	
133.592229 298.841869	6.34e-01  6.56e-01  5.48e+05	33.6626 78.1137 0.0117	
133.592229 298.841869	5.96e-01  8.71e-01  5.09e+05	11.4602 103.3515 0.5101	
133.592229 298.841869	4.18e-01  7.98e-01  5.67e+05	26.7808 69.5424 0.9349	
133.592229 298.841869	4.06e-01  9.83e-01  5.26e+05	19.5768 94.3475 0.9763	
133.592229 298.841869	6.13e-01  8.38e-01  5.12e+05	15.6836 101.3007 0.4414	
133.592229 298.841869	6.62e-01  7.49e-01  5.21e+05	-44.7564 87.8583 0.9419	
133.592229 298.841869	4.29e-01  8.25e-01  5.57e+05	-16.0224 78.5695 0.6275	
133.592229 298.841869	5.01e-01  7.78e-01  5.51e+05	-29.5010 78.2208 0.2507	
133.592229 298.841869	6.37e-01  9.89e-01  4.78e+05	-11.6160 116.0839 0.1329	
133.592229 298.841869	5.30e-01  8.31e-01  5.32e+05	-19.2566 91.4232 0.9213	
133.592229 298.841869	5.60e-01  9.32e-01  5.04e+05	-30.0824 101.7780 0.2014	
133.592229 298.841869	5.96e-01  7.17e-01  5.43e+05	-34.2901 80.9646 0.0075	
133.592229 298.841869	6.00e-01  7.52e-01  5.34e+05	34.6330 85.6403 0.5665	
133.592229 298.841869	5.30e-01  7.22e-01  5.57e+05	-37.6469 70.5708 0.0943	
133.592229 298.841869	5.63e-01  8.23e-01  5.26e+05	6.5479 95.8431 0.0934	
133.592229 298.841869	5.92e-01  7.85e-01  5.28e+05	-5.2695 95.0244 0.0264	
133.592229 298.841869	7.41e-01  8.08e-01  4.93e+05	-12.4059 110.1653 0.2879	
133.592229 298.841869	5.63e-01  8.24e-01  5.26e+05	-12.1709 95.3736 0.8626	
133.592229 298.841869	6.13e-01  6.60e-01  5.52e+05	18.8858 80.6535 0.8054	
133.592229 298.841869	6.52e-01  8.09e-01  5.10e+05	22.5334 100.9692 0.7531	
133.592229 298.841869	5.84e-01  7.97e-01  5.27e+05	30.2260 90.6663 0.0888	
133.592229 298.841869	5.45e-01  8.44e-01  5.26e+05	2.2384 96.3940 0.7968	
133.592229 298.841869	7.36e-01  8.26e-01  4.90e+05	65.7123 90.4878 0.7277	
133.592229 298.841869	5.95e-01  7.98e-01  5.25e+05	22.1399 94.2301 0.4738	
133.592229 298.841869	6.24e-01  7.46e-01  5.30e+05	-3.6946 94.2800 0.9319	
133.592229 298.841869	7.17e-01  8.52e-01  4.89e+05	34.1173 107.0671 0.0188	
133.592229 298.841869	4.91e-01  6.01e-01  6.00e+05	-7.7448 49.4866 0.3500	
133.592229 298.841869	5.41e-01  7.81e-01  5.41e+05	0.8457 88.9534 0.5589	
133.592229 298.841869	7.87e-01  8.85e-01  4.70e+05	39.9582 112.9980 0.6814	
133.592229 298.841869	4.98e-01  7.59e-01  5.56e+05	-44.2371 67.3815 0.8231	
133.592229 298.841869	6.18e-01  8.37e-01  5.11e+05	-5.2358 102.7212 0.7606	
133.592229 298.841869	6.09e-01  9.48e-01  4.91e+05	5.7914 111.3552 0.6333	
133.592229 298.841869	4.42e-01  7.53e-01  5.72e+05	1.2918 71.1802 0.4459	
133.592229 298.841869	6.24e-01  8.45e-01  5.09e+05	1.4607 104.0494 0.8409	
133.592229 298.841869	5.93e-01  8.59e-01  5.12e+05	5.3193 102.4303 0.0534	
133.592229 298.841869	6.93e-01  8.75e-01  4.89e+05	37.1248 106.0336 0.4709	
133.592229 298.841869	4.27e-01  9.26e-01  5.34e+05	1.5453 92.4567 0.7233	
133.592229 298.841869	6.51e-01  6.92e-01  5.36e+05	26.1803 87.6045 0.1537	
133.592229 298.841869	7.64e-01  8.93e-01  4.73e+05	47.1224 109.0104 0.7119	
133.592229 298.841869	6.37e-01  7.27e-01  5.31e+05	-15.6626 92.4360 0.0179	
133.592229 298.841869	6.56e-01  8.10e-01  5.09e+05	70.8924 75.9196 0.5910	
133.592229 298.841869	6.67e-01  8.36e-01  5.02e+05	6.7326 106.9276 0.0737	
133.592229 298.841869	5.67e-01  7.60e-01  5.39e+05	30.7086 84.1927 0.4749	
133.592229 298.841869	6.76e-01  8.17e-01  5.04e+05	-4.8256 106.1758 0.0995	
133.592229 298.841869	6.13e-01  8.38e-01  5.12e+05	-3.1429 102.4724 0.4781	
133.592229 298.841869	5.88e-01  8.81e-01  5.09e+05	7.2413 103.8893 0.4900	
133.592229 298.841869	6.47e-01  9.48e-01  4.84e+05	-42.3600 106.2256 0.3692	
133.592229 298.841869	5.77e-01  7.35e-01  5.43e+05	23.8925 84.5097 0.9392	
133.592229 298.841869	4.75e-01  7.31e-01  5.69e+05	18.7063 70.5998 0.5164	
133.592229 298.841869	4.77e-01  6.92e-01  5.79e+05	-8.0565 66.1733 0.5359	
133.592229 298.841869	6.09e-01  7.14e-01  5.40e+05	52.4393 72.1105 0.9800	
133.592229 298.841869	5.65e-01  7.56e-01  5.41e+05	-40.6802 78.9969 0.7688	
133.592229 298.841869	5.40e-01  9.20e-01  5.10e+05	-65.8627 79.6358 0.8338	
133.592229 298.841869	5.92e-01  8.97e-01  5.05e+05	-2.0906 105.8533 0.0946	
133.592229 298.841869	5.78e-01  7.69e-01  5.35e+05	-3.7012 91.7772 0.0029	
133.592229 298.841869	7.93e-01  8.10e-01  4.83e+05	-25.5879 112.0575 0.3895	
133.592229 298.841869	7.42e-01  8.79e-01  4.79e+05	17.3318 114.9376 0.0178	
133.592229 298.841869	4.43e-01  7.49e-01  5.73e+05	-23.8755 66.5449 0.6401	
133.592229 298.841869	3.50e-01  8.22e-01  5.78e+05	4.0165 67.1560 0.2716	
133.592229 298.841869	5.18e-01  8.38e-01  5.33e+05	-7.4216 92.5586 0.2186	
133.592229 298.841869	5.53e-01  7.46e-01  5.46e+05	47.7177 71.7794 0.7241	
133.592229 298.841869	6.81e-01  8.47e-01  4.97e+05	-39.9774 101.6248 0.9704	
133.592229 298.841869	5.58e-01  9.01e-01  5.11e+05	-35.3734 96.9130 0.1582	
133.592229 298.841869	7.31e-01  7.81e-01  5.00e+05	19.1325 106.1020 0.1149	
133.592229 298.841869	6.56e-01  8.84e-01  4.94e+05	-26.1681 107.0238 0.5797	
133.592229 298.841869	3.56e-01  8.87e-01  5.60e+05	-7.5675 78.3376 0.1359	
133.592229 298.841869	5.20e-01  7.62e-01  5.50e+05	25.0224 80.1698 0.0263	
133.592229 298.841869	5.80e-01  8.10e-01  5.25e+05	-10.4849 95.9312 0.7910	
133.592229 298.841869	6.88e-01  8.26e-01  5.00e+05	11.6350 107.3250 0.0569	
133.592229 298.841869	4.20e-01  9.44e-01  5.31e+05	49.4419 79.6941 0.9107	
133.592229 298.841869	5.58e-01  8.65e-01  5.18e+05	24.6534 96.7833 0.3671	
133.592229 298.841869	5.80e-01  8.23e-01  5.23e+05	34.5582 91.4512 0.1549	
133.592229 298.841869	5.74e-01  8.23e-01  5.24e+05	6.5607 97.0764 0.4300	
133.592229 298.841869	7.17e-01  9.14e-01  4.77e+05	-17.4314 115.6881 0.3579	
133.592229 298.841869	4.95e-01  7.01e-01  5.72e+05	6.1427 71.1407 0.1500	
133.592229 298.841869	5.10e-01  7.85e-01  5.47e+05	41.8498 74.7337 0.9543	
133.592229 298.841869	6.51e-01  8.25e-01  5.07e+05	-1.1645 104.7306 0.5000	
133.592229 298.841869	7.22e-01  8.16e-01  4.95e+05	44.9312 100.3920 0.9557	
133.592229 298.841869	6.43e-01  7.68e-01  5.21e+05	1.2444 98.6960 0.0937	
133.592229 298.841869	6.86e-01  9.24e-01  4.81e+05	-37.3848 109.2606 0.2094	
133.592229 298.841869	4.79e-01  7.04e-01  5.75e+05	11.3422 68.2815 0.7668	
133.592229 298.841869	5.66e-01  8.30e-01  5.24e+05	-4.4325 97.0799 0.0609	
133.592229 298.841869	5.80e-01  9.52e-01  4.96e+05	-4.9191 109.4104 0.6224	
133.592229 298.841869	5.96e-01  7.54e-01  5.34e+05	-16.4107 90.7390 0.0632	
133.592229 298.841869	5.89e-01  7.43e-01  5.39e+05	20.1060 87.7720 0.4513	
133.592229 298.841869	6.49e-01  9.19e-01  4.89e+05	8.4612 112.0401 0.9370	
133.592229 298.841869	8.11e-01  9.05e-01  4.62e+05	-20.3254 121.0226 0.8699	
133.592229 298.841869	5.94e-01  9.83e-01  4.87e+05	-22.5348 110.7864 0.8912	
133.592229 298.841869	6.46e-01  6.98e-01  5.36e+05	-21.6053 88.9498 0.3166	
133.592229 298.841869	6.56e-01  7.35e-01  5.25e+05	10.1595 96.0742 0.0841	
133.592229 298.841869	7.44e-01  9.50e-01  4.66e+05	-38.4028 114.9941 0.3360	
133.592229 298.841869	5.54e-01  9.47e-01  5.02e+05	-12.2965 106.1589 0.3637	
133.592229 298.841869	6.51e-01  7.39e-01  5.25e+05	62.1382 73.8560 0.7871	
133.592229 298.841869	7.12e-01  9.02e-01  4.80e+05	-14.8390 114.8376 0.7955	
133.592229 298.841869	4.19e-01  8.87e-01  5.45e+05	-36.2390 79.0866 0.5673	
133.592229 298.841869	6.07e-01  9.56e-01  4.90e+05	51.1373 99.6100 0.7734	
133.592229 298.841869	5.12e-01  8.71e-01  5.27e+05	-23.5914 92.7424 0.5337	
133.592229 298.841869	6.35e-01  8.51e-01  5.05e+05	-28.7072 101.6601 0.5560	
133.592229 298.841869	7.41e-01  8.46e-01  4.85e+05	71.2414 88.7073 0.9741	
133.592229 298.841869	3.65e-01  8.83e-01  5.59e+05	45.6258 64.9563 0.2349	
133.592229 298.841869	4.67e-01  8.28e-01  5.47e+05	-28.3469 80.8262 0.8625	
133.592229 298.841869	5.52e-01  7.68e-01  5.41e+05	9.8283 88.1820 0.0949	
133.592229 298.841869	6.73e-01  7.22e-01  5.24e+05	-18.2401 95.3619 0.5910	
133.592229 298.841869	5.41e-01  9.17e-01  5.11e+05	0.3579 103.1554 0.4466	
133.592229 298.841869	5.35e-01  7.00e-01  5.62e+05	32.6747 70.1565 0.6218	
133.592229 298.841869	5.35e-01  6.11e-01  5.85e+05	33.8247 52.2740 0.3881	
133.592229 298.841869	5.53e-01  7.12e-01  5.55e+05	47.8659 66.1312 0.3970	
133.592229 298.841869	5.02e-01  8.18e-01  5.41e+05	-20.8823 86.3113 0.8973	
133.592229 298.841869	5.16e-01  7.39e-01  5.57e+05	12.6299 79.3562 0.4179	
133.592229 298.841869	6.26e-01  8.46e-01  5.08e+05	51.7390 90.7500 0.2342	
133.592229 298.841869	3.80e-01  8.55e-01  5.62e+05	-7.7989 77.0418 0.7721	
133.592229 298.841869	5.52e-01  7.95e-01  5.35e+05	-7.9927 91.5182 0.6329	
133.592229 298.841869	4.45e-01  9.16e-01  5.32e+05	-5.9191 93.2100 0.1675	
133.592229 298.841869	5.17e-01  9.49e-01  5.09e+05	10.4595 103.3498 0.9061	
133.592229 298.841869	7.02e-01  8.97e-01  4.83e+05	-4.6693 114.5717 0.0854	
133.592229 298.841869	4.42e-01  8.17e-01  5.56e+05	-22.1329 77.7333 0.8959	
133.592229 298.841869	4.48e-01  6.45e-01  6.00e+05	2.0938 50.3216 0.2300	
133.592229 298.841869	7.09e-01  8.72e-01  4.86e+05	-15.9293 112.2517 0.5369	
133.592229 298.841869	5.85e-01  6.96e-01  5.50e+05	-8.6763 83.4756 0.3148	
133.592229 298.841869	5.87e-01  9.05e-01  5.04e+05	-35.0741 100.1170 0.6595	
133.592229 298.841869	4.10e-01  8.89e-01  5.46e+05	-27.0183 81.9342 0.6670	
133.592229 298.841869	5.29e-01  9.29e-01  5.11e+05	-40.4381 94.8003 0.2570	
133.592229 298.841869	6.65e-01  8.38e-01  5.02e+05	25.3800 104.0547 0.9729	
133.592229 298.841869	4.89e-01  7.84e-01  5.52e+05	14.6834 81.5906 0.7672	
133.592229 298.841869	4.69e-01  7.39e-01  5.69e+05	28.8397 67.4023 0.3090	
133.592229 298.841869	6.09e-01  7.42e-01  5.34e+05	-30.0504 87.2856 0.0320	
133.592229 298.841869	6.06e-01  8.37e-01  5.14e+05	-49.8496 88.6748 0.6687	
133.592229 298.841869	5.82e-01  7.88e-01  5.30e+05	-6.4158 94.1538 0.2078	
133.592229 298.841869	6.06e-01  7.51e-01  5.33e+05	9.2517 92.5202 0.5859	
133.592229 298.841869	6.44e-01  8.65e-01  5.00e+05	-20.1901 105.7048 0.1733	
133.592229 298.841869	7.08e-01  7.87e-01  5.03e+05	-24.7468 103.4858 0.9623	
133.592229 298.841869	6.13e-01  7.39e-01  5.34e+05	-6.4391 92.1660 0.9307	
133.592229 298.841869	6.14e-01  8.62e-01  5.07e+05	-61.4770 84.8291 0.4027	
133.592229 298.841869	7.80e-01  9.50e-01  4.60e+05	27.8343 120.3860 0.6876	
133.592229 298.841869	6.09e-01  8.13e-01  5.18e+05	-27.0539 95.9719 0.4739	
133.592229 298.841869	6.29e-01  7.90e-01  5.19e+05	0.2310 99.4384 0.4927	
133.592229 298.841869	5.17e-01  9.30e-01  5.13e+05	-17.3816 100.6763 0.6697	
133.592229 298.841869	6.88e-01  8.34e-01  4.98e+05	12.5384 107.8888 0.5550	
133.592229 298.841869	6.69e-01  8.63e-01  4.96e+05	-29.0964 105.5907 0.7955	
133.592229 298.841869	5.42e-01  9.62e-01  5.02e+05	37.3812 100.4304 0.8284	
133.592229 298.841869	7.53e-01  8.73e-01  4.78e+05	-5.1593 116.5057 0.9907	
133.592229 298.841869	6.48e-01  8.60e-01  5.01e+05	-49.6262 95.3928 0.9143	
133.592229 298.841869	5.83e-01  7.35e-01  5.42e+05	10.3410 87.8745 0.8200	
133.592229 298.841869	6.52e-01  8.43e-01  5.03e+05	54.8750 91.1839 0.4322	
133.592229 298.841869	7.26e-01  8.35e-01  4.90e+05	30.3524 107.5771 0.0486	
133.592229 298.841869	6.97e-01  8.48e-01  4.93e+05	-22.6791 108.1688 0.0520	
133.592229 298.841869	3.99e-01  8.98e-01  5.47e+05	51.2664 68.9714 0.2258	
133.592229 298.841869	4.68e-01  8.72e-01  5.37e+05	4.0626 91.0062 0.0405	
133.592229 298.841869	7.21e-01  9.11e-01  4.77e+05	-17.2100 115.7856 0.1540	
133.592229 298.841869	6.66e-01  7.72e-01  5.15e+05	-12.9489 100.4000 0.0552	
133.592229 298.841869	7.06e-01  8.17e-01  4.98e+05	29.3340 104.7214 0.3436	
133.592229 298.841869	6.01e-01  8.39e-01  5.15e+05	1.6113 101.4347 0.2456	
133.592229 298.841869	5.27e-01  6.83e-01  5.68e+05	-20.0805 70.9000 0.4621	
133.592229 298.841869	6.11e-01  8.35e-01  5.13e+05	18.7974 100.2460 0.1193	
133.592229 298.841869	4.34e-01  9.50e-01  5.27e+05	-9.2944 95.4259 0.8380	
133.592229 298.841869	3.98e-01  9.39e-01  5.37e+05	11.7703 90.0245 0.6283	
133.592229 298.841869	4.79e-01  7.98e-01  5.52e+05	-16.7545 81.5932 0.0636	
133.592229 298.841869	3.44e-01  7.60e-01  5.97e+05	-21.6361 48.4937 0.8019	
133.592229 298.841869	5.06e-01  9.10e-01  5.20e+05	-38.1324 91.5598 0.9515	
133.592229 298.841869	4.68e-01  6.71e-01  5.87e+05	27.8743 54.0881 0.6700	
133.592229 298.841869	5.82e-01  8.73e-01  5.11e+05	-7.5710 102.5823 0.3321	
133.592229 298.841869	6.45e-01  8.68e-01  5.00e+05	-16.9624 106.6293 0.7697	
133.592229 298.841869	5.17e-01  8.58e-01  5.29e+05	-2.4034 94.9301 0.0271	
133.592229 298.841869	6.21e-01  8.87e-01  5.01e+05	-62.4184 87.5404 0.7624	
133.592229 298.841869	6.13e-01  8.44e-01  5.11e+05	-52.6673 88.5011 0.4291	
133.592229 298.841869	4.83e-01  8.41e-01  5.40e+05	-13.7863 88.2215 0.5014	
133.592229 298.841869	4.62e-01  8.56e-01  5.42e+05	-23.3662 85.3703 0.9202	
133.592229 298.841869	3.67e-01  8.06e-01  5.78e+05	1.5027 67.4116 0.6546	
133.592229 298.841869	5.94e-01  8.94e-01  5.05e+05	79.1424 70.2046 0.6371	
133.592229 298.841869	4.93e-01  7.80e-01  5.52e+05	39.7326 72.6380 0.6602	
133.592229 298.841869	6.38e-01  7.42e-01  5.28e+05	-8.8436 95.0424 0.7534	
133.592229 298.841869	6.77e-01  9.12e-01  4.85e+05	-19.5850 112.2778 0.2841	
133.592229 298.841869	5.95e-01  6.76e-01  5.53e+05	-7.5290 82.0842 1.0000	
133.592229 298.841869	5.78e-01  7.64e-01  5.36e+05	-27.4311 87.0792 0.2684	
133.592229 298.841869	3.09e-01  8.93e-01  5.70e+05	-45.4215 56.4902 0.2730	
133.592229 298.841869	5.92e-01  8.19e-01  5.21e+05	32.1911 93.2314 0.1318	
133.592229 298.841869	5.32e-01  6.59e-01  5.73e+05	17.1168 68.3876 0.1759	
133.592229 298.841869	6.60e-01  8.80e-01  4.94e+05	10.9196 109.6443 0.0986	
133.592229 298.841869	5.63e-01  9.03e-01  5.09e+05	18.4903 102.1487 0.1597	
133.592229 298.841869	6.01e-01  9.33e-01  4.96e+05	33.1218 104.5491 0.5120	
133.592229 298.841869	5.16e-01  8.21e-01  5.37e+05	18.4547 88.8827 0.5451	
133.592229 298.841869	5.66e-01  7.11e-01  5.51e+05	-20.4533 80.7972 0.3998	
133.592229 298.841869	6.35e-01  9.37e-01  4.88e+05	-39.0492 105.6748 0.1652	
133.592229 298.841869	6.29e-01  9.24e-01  4.92e+05	43.1281 102.4215 0.2370	
133.592229 298.841869	6.97e-01  8.30e-01  4.97e+05	35.9979 103.0612 0.3965	
133.592229 298.841869	6.03e-01  8.55e-01  5.11e+05	16.1669 101.8923 0.1616	
133.592229 298.841869	5.01e-01  9.13e-01  5.20e+05	-0.1798 98.9172 0.3396	
133.592229 298.841869	7.57e-01  9.11e-01  4.71e+05	48.4167 109.2715 0.3169	
133.592229 298.841869	4.98e-01  7.30e-01  5.64e+05	14.8833 74.8979 0.3215	
133.592229 298.841869	6.27e-01  8.11e-01  5.15e+05	-10.7387 100.7001 0.2960	
133.592229 298.841869	5.25e-01  6.73e-01  5.71e+05	12.2245 70.6387 0.3114	
133.592229 298.841869	6.15e-01  8.78e-01  5.04e+05	82.1116 67.4285 0.5997	
133.592229 298.841869	5.97e-01  7.68e-01  5.31e+05	53.8392 76.9468 0.6655	
133.592229 298.841869	4.00e-01  8.30e-01  5.63e+05	-23.9292 72.8695 0.0205	
133.592229 298.841869	5.39e-01  8.78e-01  5.20e+05	-43.8539 88.9743 0.7323	
133.592229 298.841869	6.39e-01  6.66e-01  5.45e+05	-13.5652 85.8485 0.3172	
133.592229 298.841869	6.20e-01  7.83e-01  5.23e+05	-48.1148 85.0948 0.8532	
133.592229 298.841869	6.08e-01  6.96e-01  5.45e+05	8.1032 86.3394 0.8364	
133.592229 298.841869	5.73e-01  8.34e-01  5.22e+05	-16.7197 96.7368 0.3695	
133.592229 298.841869	7.08e-01  7.94e-01  5.02e+05	-21.5151 104.8269 0.7254	
133.592229 298.841869	6.82e-01  8.23e-01  5.01e+05	-5.6825 107.1074 0.7830	
133.592229 298.841869	5.99e-01  8.57e-01  5.11e+05	-42.6976 93.6124 0.1423	
133.592229 298.841869	5.03e-01  9.27e-01  5.17e+05	16.5176 99.0837 0.7319	
133.592229 298.841869	7.69e-01  9.65e-01  4.59e+05	-8.3766 123.4611 0.4716	
133.592229 298.841869	5.11e-01  7.37e-01  5.58e+05	-2.4015 79.3629 0.0378	
133.592229 298.841869	6.21e-01  7.11e-01  5.38e+05	-5.2682 90.0463 0.5941	
133.592229 298.841869	6.15e-01  8.63e-01  5.07e+05	-11.5784 104.3087 0.2741	
133.592229 298.841869	7.15e-01  8.20e-01  4.95e+05	-60.3252 91.6212 0.1003	
133.592229 298.841869	5.34e-01  9.75e-01  5.00e+05	-28.2274 103.8282 0.3154	
133.592229 298.841869	5.86e-01  8.40e-01  5.18e+05	-12.7302 99.2865 0.6157	
133.592229 298.841869	6.42e-01  7.67e-01  5.21e+05	-35.0282 91.9901 0.7881	
133.592229 298.841869	4.84e-01  7.15e-01  5.71e+05	-27.9639 66.1789 0.2081	
133.592229 298.841869	5.88e-01  8.19e-01  5.22e+05	-10.0369 97.8058 0.8740	
133.592229 298.841869	5.76e-01  8.11e-01  5.26e+05	23.4192 93.2688 0.8008	
133.592229 298.841869	6.00e-01  8.21e-01  5.19e+05	24.7427 96.4788 0.7990	
133.592229 298.841869	5.84e-01  8.32e-01  5.20e+05	-3.9203 99.0306 0.4446	
133.592229 298.841869	5.39e-01  7.43e-01  5.50e+05	-45.7500 70.3747 0.0529	
133.592229 298.841869	7.07e-01  9.05e-01  4.81e+05	41.1174 108.0763 0.7890	
133.592229 298.841869	6.30e-01  9.14e-01  4.94e+05	-5.8042 110.2676 0.6128	
133.592229 298.841869	7.73e-01  8.79e-01  4.73e+05	-2.0797 118.4565 0.2256	
133.592229 298.841869	3.93e-01  8.15e-01  5.69e+05	-25.1404 68.7370 0.1942	
133.592229 298.841869	6.07e-01  8.90e-01  5.03e+05	-42.7577 97.6109 0.7079	
133.592229 298.841869	5.12e-01  9.39e-01  5.12e+05	40.8852 93.9360 0.5135	
133.592229 298.841869	5.34e-01  9.22e-01  5.11e+05	-7.8634 102.5706 0.9127	
133.592229 298.841869	5.92e-01  7.87e-01  5.28e+05	-18.2547 93.6009 0.9506	
133.592229 298.841869	6.01e-01  7.04e-01  5.45e+05	8.5700 86.4239 0.8483	
133.592229 298.841869	7.45e-01  9.17e-01  4.72e+05	-16.6185 117.9557 0.6265	
133.592229 298.841869	6.78e-01  8.78e-01  4.91e+05	-22.8372 109.0618 0.3358	
133.592229 298.841869	5.96e-01  7.59e-01  5.33e+05	-20.1619 90.4582 0.2624	
133.592229 298.841869	6.35e-01  8.38e-01  5.08e+05	-22.8122 102.0138 0.1088	
133.592229 298.841869	6.78e-01  7.57e-01  5.16e+05	-13.3199 100.1074 0.4667	
133.592229 298.841869	6.96e-01  9.33e-01  4.78e+05	-34.8415 111.5730 0.8211	
133.592229 298.841869	5.40e-01  6.62e-01  5.70e+05	-22.7919 68.7293 0.2210	
133.592229 298.841869	5.37e-01  8.22e-01  5.32e+05	21.1852 90.7872 0.6717	
133.592229 298.841869	4.93e-01  6.95e-01  5.74e+05	3.6781 69.8685 0.7527	
133.592229 298.841869	4.60e-01  8.39e-01  5.46e+05	2.3875 86.1173 0.8630	
133.592229 298.841869	7.41e-01  8.94e-01  4.76e+05	17.5496 116.0067 0.5948	
133.592229 298.841869	6.25e-01  8.70e-01  5.03e+05	-45.2227 96.2928 0.0129	
133.592229 298.841869	4.83e-01  8.36e-01  5.42e+05	13.3754 87.5742 0.5273	
133.592229 298.841869	7.92e-01  9.47e-01  4.58e+05	-36.6140 118.5679 0.3444	
133.592229 298.841869	5.69e-01  8.30e-01  5.24e+05	-42.6638 87.5239 0.3409	
133.592229 298.841869	6.86e-01  8.04e-01  5.04e+05	22.0437 103.6793 0.9898	
133.592229 298.841869	6.84e-01  7.50e-01  5.16e+05	31.4939 95.8170 0.8317	
133.592229 298.841869	6.33e-01  7.01e-01  5.38e+05	-6.1923 90.1513 0.7012	
133.592229 298.841869	7.45e-01  8.61e-01  4.82e+05	-40.5808 107.8325 0.8647	
133.592229 298.841869	3.60e-01  9.15e-01  5.52e+05	4.2296 82.9166 0.5620	
133.592229 298.841869	6.76e-01  7.02e-01  5.28e+05	-11.5014 94.5467 0.0477	
133.592229 298.841869	5.83e-01  8.27e-01  5.21e+05	17.1931 97.0500 0.4624	
133.592229 298.841869	5.43e-01  9.02e-01  5.14e+05	28.6462 97.7720 0.8726	
133.592229 298.841869	8.82e-01  9.66e-01  4.41e+05	58.3060 116.6274 0.4812	
133.592229 298.841869	5.73e-01  8.21e-01  5.25e+05	-51.9942 81.7664 0.8679	
133.592229 298.841869	5.74e-01  6.48e-01  5.65e+05	-26.9474 70.6095 0.4899	
133.592229 298.841869	7.88e-01  8.95e-01  4.68e+05	11.7357 119.9857 0.5183	
133.592229 298.841869	3.18e-01  9.20e-01  5.61e+05	-12.9821 76.7990 0.8712	
133.592229 298.841869	3.55e-01  7.03e-01  6.10e+05	-9.6088 39.1577 0.7499	
133.592229 298.841869	4.79e-01  6.54e-01  5.88e+05	6.5977 59.4516 0.0534	
133.592229 298.841869	7.35e-01  8.66e-01  4.83e+05	-21.5884 112.7930 0.9250	
133.592229 298.841869	6.18e-01  8.30e-01  5.13e+05	45.8702 91.3645 0.1860	
133.592229 298.841869	6.34e-01  7.02e-01  5.37e+05	8.1209 90.3056 0.5819	
133.592229 298.841869	5.25e-01  8.08e-01  5.38e+05	-18.1538 88.4546 0.6865	
133.592229 298.841869	4.26e-01  8.96e-01  5.41e+05	-5.4159 88.7361 0.9290	
133.592229 298.841869	5.87e-01  7.73e-01  5.32e+05	-10.4003 92.7228 0.3373	
133.592229 298.841869	5.75e-01  8.22e-01  5.24e+05	20.3082 95.1323 0.6753	
133.592229 298.841869	6.12e-01  7.94e-01  5.22e+05	7.0430 97.8660 0.8291	
133.592229 298.841869	6.11e-01  9.92e-01  4.82e+05	-8.2724 114.6625 0.4935	
133.592229 298.841869	6.92e-01  7.89e-01  5.06e+05	-5.2323 105.0599 0.1084	
133.592229 298.841869	3.29e-01  8.68e-01  5.72e+05	-24.7283 67.1122 0.6293	
133.592229 298.841869	4.70e-01  9.02e-01  5.29e+05	-39.7226 85.8179 0.6686	
133.592229 298.841869	6.40e-01  7.67e-01  5.22e+05	52.3902 83.1349 0.0115	
133.592229 298.841869	6.21e-01  8.41e-01  5.10e+05	-7.9932 103.1804 0.7109	
133.592229 298.841869	8.92e-01  9.27e-01  4.45e+05	-30.9586 125.0119 0.3200	
133.592229 298.841869	6.58e-01  8.88e-01  4.93e+05	25.4940 107.6651 0.3752	
133.592229 298.841869	6.31e-01  7.67e-01  5.24e+05	-38.6695 89.2728 0.7409	
133.592229 298.841869	4.65e-01  8.76e-01  5.36e+05	-2.5444 91.1224 0.5534	
133.592229 298.841869	3.68e-01  8.71e-01  5.61e+05	-45.7012 63.3218 0.5050	
133.592229 298.841869	5.87e-01  8.34e-01  5.19e+05	48.8470 86.7521 0.8169	
133.592229 298.841869	6.88e-01  8.82e-01  4.88e+05	46.4795 102.5391 0.2714	
133.592229 298.841869	6.41e-01  7.89e-01  5.17e+05	-12.5259 99.7025 0.0557	
133.592229 298.841869	8.12e-01  8.82e-01  4.66e+05	-26.1943 118.4368 0.1773	
133.592229 298.841869	5.73e-01  6.64e-01  5.61e+05	-20.2726 75.1434 0.4485	
133.592229 298.841869	8.30e-01  9.16e-01  4.57e+05	7.1792 124.3009 0.3173	
133.592229 298.841869	4.52e-01  7.59e-01  5.68e+05	7.4024 73.4196 0.7427	
133.592229 298.841869	6.19e-01  7.55e-01  5.29e+05	53.8613 77.9919 0.3412	
133.592229 298.841869	4.03e-01  8.29e-01  5.63e+05	-24.0634 73.1084 0.9840	
133.592229 298.841869	7.83e-01  9.53e-01  4.59e+05	-56.9680 110.0280 0.0860	
133.592229 298.841869	6.88e-01  8.84e-01  4.88e+05	2.4494 112.6854 0.2359	
133.592229 298.841869	5.06e-01  7.84e-01  5.48e+05	-56.5241 63.4098 0.0837	
133.592229 298.841869	5.60e-01  8.18e-01  5.28e+05	52.3263 79.5520 0.3955	
133.592229 298.841869	6.90e-01  7.22e-01  5.21e+05	44.9740 87.9095 0.7634	
133.592229 298.841869	5.53e-01  6.07e-01  5.81e+05	3.4074 64.9419 0.2192	
133.592229 298.841869	6.33e-01  8.43e-01  5.07e+05	-51.6429 91.0855 0.5896	
133.592229 298.841869	6.06e-01  7.46e-01  5.34e+05	32.0070 86.6568 0.1250	
133.592229 298.841869	5.44e-01  8.96e-01  5.15e+05	-18.6909 99.7422 0.7018	
133.592229 298.841869	4.11e-01  8.20e-01  5.63e+05	-27.8699 71.5501 0.6422	
133.592229 298.841869	4.88e-01  8.33e-01  5.41e+05	-59.6034 65.8330 0.0882	
133.592229 298.841869	4.96e-01  9.04e-01  5.23e+05	58.1403 78.3894 0.0910	
133.592229 298.841869	5.18e-01  8.33e-01  5.34e+05	-68.9498 61.2784 0.5555	
133.592229 298.841869	5.56e-01  8.74e-01  5.17e+05	9.1481 100.0903 0.5219	
133.592229 298.841869	4.40e-01  8.52e-01  5.48e+05	-1.8888 85.2779 0.5142	
133.592229 298.841869	5.69e-01  6.85e-01  5.57e+05	8.3529 79.8483 0.7943	
133.592229 298.841869	5.00e-01  7.29e-01  5.63e+05	6.7534 76.2847 0.9434	
133.592229 298.841869	7.53e-01  9.28e-01  4.68e+05	5.3583 120.3264 0.2515	
133.592229 298.841869	6.45e-01  6.84e-01  5.39e+05	-5.0073 89.6545 0.3589	
133.592229 298.841869	3.20e-01  8.25e-01  5.85e+05	26.6989 56.0098 0.7201	
133.592229 298.841869	6.41e-01  8.03e-01  5.14e+05	-15.9580 100.5784 0.2816	
133.592229 298.841869	7.89e-01  9.20e-01  4.64e+05	2.4651 122.1924 0.6199	
133.592229 298.841869	5.89e-01  8.36e-01  5.18e+05	-3.9620 99.9165 0.8539	
133.592229 298.841869	4.47e-01  9.10e-01  5.33e+05	-21.5655 90.4095 0.2226	
133.592229 298.841869	5.57e-01  9.15e-01  5.08e+05	-42.9232 95.1525 0.7067	
133.592229 298.841869	6.04e-01  8.28e-01  5.16e+05	-6.8400 100.4302 0.3951	
133.592229 298.841869	5.36e-01  7.52e-01  5.49e+05	-17.7992 82.8397 0.5648	
133.592229 298.841869	5.69e-01  8.25e-01  5.24e+05	59.9091 76.2350 0.4402	
133.592229 298.841869	4.17e-01  8.09e-01  5.64e+05	-8.9372 75.6793 0.3859	
133.592229 298.841869	5.64e-01  8.35e-01  5.23e+05	62.3107 74.8924 0.9551	
133.592229 298.841869	5.55e-01  9.51e-01  5.01e+05	-15.6550 106.1425 0.8716	
133.592229 298.841869	6.02e-01  7.07e-01  5.44e+05	1.6394 87.4090 0.3388	
133.592229 298.841869	4.87e-01  7.64e-01  5.58e+05	-15.8696 78.2083 0.7845	
133.592229 298.841869	7.84e-01  9.13e-01  4.66e+05	-9.7295 121.0762 0.5751	
133.592229 298.841869	5.36e-01  8.58e-01  5.24e+05	-13.4323 96.0683 0.6232	
133.592229 298.841869	5.88e-01  7.84e-01  5.29e+05	-49.2338 80.7599 0.8006	
133.592229 298.841869	4.92e-01  7.09e-01  5.70e+05	22.8270 68.4968 0.0928	
133.592229 298.841869	5.17e-01  9.20e-01  5.15e+05	10.0645 100.6171 0.0924	
133.592229 298.841869	5.10e-01  6.60e-01  5.79e+05	7.5392 66.5025 0.3776	
133.592229 298.841869	5.89e-01  9.38e-01  4.97e+05	14.1519 108.2306 0.9852	
133.592229 298.841869	7.31e-01  9.35e-01  4.71e+05	67.4963 98.4651 0.5582	
133.592229 298.841869	6.81e-01  7.68e-01  5.13e+05	9.5840 101.8611 0.2940	
133.592229 298.841869	8.02e-01  8.70e-01  4.70e+05	48.1348 109.7315 0.3880	
133.592229 298.841869	6.89e-01  7.99e-01  5.05e+05	-51.5052 92.4503 0.5585	
133.592229 298.841869	5.50e-01  7.45e-01  5.47e+05	-21.2393 82.9927 0.2202	
133.592229 298.841869	7.47e-01  8.16e-01  4.90e+05	-62.2278 93.0401 0.5820	
133.592229 298.841869	7.05e-01  7.60e-01  5.09e+05	-10.6368 103.2412 0.5705	
133.592229 298.841869	6.62e-01  7.62e-01  5.18e+05	-40.9729 91.0931 0.9912	
133.592229 298.841869	4.84e-01  7.23e-01  5.69e+05	15.8576 71.4376 0.2350	
133.592229 298.841869	6.06e-01  8.86e-01  5.04e+05	20.2374 104.2001 0.4897	
133.592229 298.841869	4.73e-01  8.39e-01  5.43e+05	35.0995 80.5185 0.7738	
133.592229 298.841869	5.97e-01  7.78e-01  5.29e+05	20.8897 92.5806 0.3922	
133.592229 298.841869	5.44e-01  6.48e-01  5.73e+05	-44.7747 54.6114 0.7033	
133.592229 298.841869	6.65e-01  9.54e-01  4.79e+05	-5.4099 116.0386 0.1883	
133.592229 298.841869	3.91e-01  8.61e-01  5.58e+05	-46.7297 64.8563 0.6139	
133.592229 298.841869	6.42e-01  7.10e-01  5.34e+05	-38.1858 84.2041 0.3799	
133.592229 298.841869	5.50e-01  7.06e-01  5.57e+05	34.8435 72.5274 0.5956	
133.592229 298.841869	7.42e-01  8.74e-01  4.80e+05	-17.3742 114.6266 0.1190	
133.592229 298.841869	6.03e-01  9.37e-01  4.94e+05	-7.5768 109.9332 0.1696	
133.592229 298.841869	6.35e-01  8.63e-01  5.03e+05	3.7232 106.6274 0.8177	
133.592229 298.841869	6.36e-01  7.80e-01  5.20e+05	-21.1731 96.8136 0.4058	
133.592229 298.841869	7.46e-01  8.22e-01  4.89e+05	-38.5989 105.5505 0.0751	
133.592229 298.841869	5.69e-01  9.08e-01  5.07e+05	10.3881 104.3654 0.6027	
133.592229 298.841869	6.96e-01  8.48e-01  4.94e+05	25.7205 107.4339 0.2821	
133.592229 298.841869	6.95e-01  9.39e-01  4.77e+05	57.3529 102.1634 0.0797	
133.592229 298.841869	5.68e-01  8.71e-01  5.15e+05	-58.8486 82.4918 0.7898	
133.592229 298.841869	5.47e-01  8.92e-01  5.15e+05	-10.8371 100.7257 0.6143	
133.592229 298.841869	5.97e-01  8.96e-01  5.04e+05	-13.3640 105.4143 0.8973	
133.592229 298.841869	5.77e-01  8.17e-01  5.25e+05	-15.2031 95.7179 0.5342	
133.592229 298.841869	6.35e-01  8.45e-01  5.06e+05	19.7134 103.2092 0.4635	
133.592229 298.841869	4.83e-01  8.63e-01  5.35e+05	-62.5032 67.1653 0.3820	
133.592229 298.841869	5.79e-01  8.69e-01  5.13e+05	-12.0996 101.4431 0.7675	
133.592229 298.841869	5.35e-01  6.95e-01  5.63e+05	2.4204 76.6564 0.1202	
133.592229 298.841869	4.20e-01  8.51e-01  5.53e+05	-8.5973 82.1027 0.3457	
133.592229 298.841869	5.98e-01  6.97e-01  5.47e+05	-0.0546 85.7080 0.0575	
133.592229 298.841869	5.97e-01  7.95e-01  5.25e+05	11.1742 96.1301 0.4576	
133.592229 298.841869	6.03e-01  7.67e-01  5.30e+05	-26.4471 90.6137 0.8582	
133.592229 298.841869	4.39e-01  7.84e-01  5.65e+05	-14.5017 74.3494 0.3319	
133.592229 298.841869	5.73e-01  7.73e-01  5.35e+05	7.4549 91.4719 0.4564	
133.592229 298.841869	7.48e-01  8.64e-01  4.81e+05	20.7108 113.7316 0.7136	
133.592229 298.841869	6.22e-01  6.94e-01  5.42e+05	-14.1856 87.0162 0.7359	
133.592229 298.841869	7.29e-01  7.83e-01  5.00e+05	29.4492 103.8367 0.0811	
133.592229 298.841869	4.34e-01  7.75e-01  5.68e+05	-3.7758 73.3674 0.9786	
133.592229 298.841869	7.79e-01  9.21e-01  4.65e+05	-8.7745 121.3796 0.9653	
133.592229 298.841869	5.31e-01  8.80e-01  5.21e+05	-17.4600 97.0854 0.2413	
133.592229 298.841869	8.90e-01  9.07e-01  4.49e+05	43.9733 119.7098 0.8386	
133.592229 298.841869	7.73e-01  8.29e-01  4.83e+05	29.5794 111.0410 0.3767	
133.592229 298.841869	5.94e-01  6.68e-01  5.55e+05	10.7078 80.6617 0.2962	
133.592229 298.841869	4.07e-01  9.34e-01  5.36e+05	-19.6565 89.0240 0.9498	
133.592229 298.841869	5.79e-01  8.17e-01  5.24e+05	36.4439 90.0300 0.8156	
133.592229 298.841869	5.97e-01  7.86e-01  5.27e+05	-21.9252 93.1398 0.7132	
133.592229 298.841869	5.18e-01  7.96e-01  5.43e+05	29.0742 83.1173 0.9494	
133.592229 298.841869	7.32e-01  8.82e-01  4.80e+05	14.0257 114.9856 0.5605	
133.592229 298.841869	5.12e-01  8.52e-01  5.31e+05	-5.5299 93.4982 0.4912	
133.592229 298.841869	5.93e-01  8.42e-01  5.16e+05	4.2194 100.8998 0.9073	
133.592229 298.841869	5.81e-01  8.46e-01  5.17e+05	-16.8857 98.7704 0.9924	
133.592229 298.841869	5.85e-01  6.85e-01  5.53e+05	-32.2957 75.8089 0.8288	
133.592229 298.841869	5.36e-01  8.57e-01  5.25e+05	39.0608 88.5763 0.5628	
133.592229 298.841869	5.93e-01  9.62e-01  4.92e+05	-12.7448 110.5897 0.8847	
133.592229 298.841869	6.69e-01  7.86e-01  5.11e+05	3.8692 102.8276 0.7290	
133.592229 298.841869	6.59e-01  7.46e-01  5.22e+05	21.7537 95.5972 0.7578	
133.592229 298.841869	5.94e-01  9.39e-01  4.96e+05	-16.6195 108.3336 0.0201	
133.592229 298.841869	7.12e-01  7.95e-01  5.01e+05	-20.4308 105.5104 0.8256	
133.592229 298.841869	6.17e-01  8.32e-01  5.13e+05	-14.2673 101.3544 0.1081	
133.592229 298.841869	5.01e-01  8.45e-01  5.35e+05	-44.6010 80.1066 0.9530	
133.592229 298.841869	5.61e-01  7.99e-01  5.32e+05	-13.7869 92.3064 0.0528	
133.592229 298.841869	5.94e-01  7.51e-01  5.35e+05	-3.3966 91.5714 0.6801	
133.592229 298.841869	5.60e-01  9.27e-01  5.05e+05	36.4750 99.1798 0.3687	
133.592229 298.841869	6.49e-01  8.10e-01  5.11e+05	-5.6222 103.0272 0.5894	
133.592229 298.841869	5.45e-01  9.10e-01  5.11e+05	53.2151 88.0604 0.6264	
133.592229 298.841869	5.70e-01  7.71e-01  5.36e+05	-2.4198 91.1760 0.3664	
133.592229 298.841869	7.17e-01  8.50e-01  4.89e+05	-37.7147 105.7759 0.2617	
133.592229 298.841869	5.93e-01  8.52e-01  5.14e+05	-12.2182 101.1686 0.4210	
133.592229 298.841869	5.17e-01  6.74e-01  5.73e+05	-18.1231 68.2367 0.1483	
133.592229 298.841869	7.42e-01  8.49e-01  4.85e+05	24.4160 111.5109 0.1180	
133.592229 298.841869	6.18e-01  7.80e-01  5.24e+05	41.2657 88.1960 0.4527	
133.592229 298.841869	5.93e-01  7.41e-01  5.38e+05	3.6573 90.3897 0.7791	
133.592229 298.841869	6.97e-01  9.71e-01  4.71e+05	39.1628 112.9035 0.1132	
133.592229 298.841869	6.71e-01  9.37e-01  4.81e+05	-13.1718 114.6173 0.2854	
133.592229 298.841869	6.80e-01  7.90e-01  5.08e+05	-0.6047 104.2364 0.0284	
133.592229 298.841869	6.27e-01  7.20e-01  5.35e+05	4.9115 91.7177 0.5882	
133.592229 298.841869	7.51e-01  8.89e-01  4.76e+05	61.2880 100.3951 0.4085	
133.592229 298.841869	7.46e-01  7.93e-01  4.95e+05	26.4065 106.8346 0.3197	
133.592229 298.841869	6.41e-01  7.45e-01  5.26e+05	-3.0803 96.0760 0.6991	
133.592229 298.841869	5.86e-01  7.44e-01  5.39e+05	-30.9539 84.3733 0.5763	
133.592229 298.841869	4.65e-01  8.83e-01  5.35e+05	13.7390 90.9547 0.7335	
133.592229 298.841869	7.34e-01  8.97e-01  4.77e+05	-14.2926 116.1882 0.6450	
133.592229 298.841869	7.21e-01  8.91e-01  4.81e+05	3.8620 115.5864 0.6088	
133.592229 298.841869	6.29e-01  6.64e-01  5.48e+05	-30.4621 79.7265 0.4005	
133.592229 298.841869	7.82e-01  9.48e-01  4.60e+05	46.2359 114.5130 0.9281	
133.592229 298.841869	5.57e-01  8.09e-01  5.31e+05	6.3887 93.7989 0.9225	
133.592229 298.841869	6.26e-01  9.05e-01  4.96e+05	-40.5172 101.6292 0.3777	
133.592229 298.841869	4.89e-01  8.17e-01  5.45e+05	47.2847 73.0397 0.4184	
133.592229 298.841869	5.76e-01  7.48e-01  5.40e+05	-16.4407 87.6593 0.6180	
133.592229 298.841869	6.30e-01  8.27e-01  5.11e+05	-26.5892 99.4874 0.8084	
133.592229 298.841869	5.69e-01  7.99e-01  5.30e+05	21.6474 91.6334 0.5408	
133.592229 298.841869	4.55e-01  7.46e-01  5.71e+05	23.2332 68.3415 0.5918	
133.592229 298.841869	3.89e-01  8.50e-01  5.61e+05	13.8113 76.8318 0.5500	
133.592229 298.841869	6.14e-01  8.26e-01  5.15e+05	-45.2408 90.8291 0.4975	
133.592229 298.841869	4.38e-01  8.78e-01  5.42e+05	20.2756 85.9383 0.7688	
133.592229 298.841869	4.66e-01  7.53e-01  5.66e+05	-23.4987 71.3328 0.7669	
133.592229 298.841869	5.78e-01  7.87e-01  5.31e+05	-47.7331 80.8927 0.2913	
133.592229 298.841869	5.10e-01  8.74e-01  5.27e+05	-9.2412 95.4270 0.7065	
133.592229 298.841869	5.89e-01  8.18e-01  5.22e+05	-8.0212 97.8982 0.2555	
133.592229 298.841869	5.40e-01  9.23e-01  5.10e+05	-48.6598 91.4292 0.6635	
133.592229 298.841869	4.47e-01  8.21e-01  5.53e+05	-4.7440 82.0913 0.2911	
133.592229 298.841869	6.68e-01  8.81e-01  4.93e+05	-9.7304 110.4659 0.5686	
133.592229 298.841869	7.24e-01  7.88e-01  5.00e+05	5.6276 107.7592 0.9499	
133.592229 298.841869	8.20e-01  9.26e-01  4.57e+05	-6.6344 124.3632 0.7494	
133.592229 298.841869	5.89e-01  8.49e-01  5.15e+05	70.7901 72.4114 0.1970	
133.592229 298.841869	6.95e-01  8.52e-01  4.93e+05	-12.7702 109.9776 0.6989	
133.592229 298.841869	4.24e-01  8.81e-01  5.45e+05	-17.2671 85.2834 0.7758	
133.592229 298.841869	6.20e-01  7.89e-01  5.21e+05	-48.9993 85.3669 0.5467	
133.592229 298.841869	7.22e-01  9.26e-01  4.74e+05	27.7929 114.8470 0.5359	
133.592229 298.841869	4.74e-01  7.76e-01  5.58e+05	-31.1688 73.2370 0.2571	
133.592229 298.841869	7.34e-01  8.93e-01  4.78e+05	37.9226 110.4410 0.9717	
133.592229 298.841869	5.82e-01  8.17e-01  5.23e+05	16.8722 96.0389 0.4215	
133.592229 298.841869	6.37e-01  9.30e-01  4.89e+05	24.5438 109.5817 0.1024	
133.592229 298.841869	4.61e-01  8.82e-01  5.36e+05	-26.8855 87.3539 0.6630	
133.592229 298.841869	4.21e-01  7.51e-01  5.78e+05	11.1444 66.2761 0.6521	
133.592229 298.841869	7.68e-01  8.69e-01  4.76e+05	22.5371 115.2067 0.6437	
133.592229 298.841869	7.65e-01  8.46e-01  4.81e+05	16.5519 114.3982 0.7501	
133.592229 298.841869	5.30e-01  8.06e-01  5.38e+05	-17.5062 88.8499 0.9573	
133.592229 298.841869	6.40e-01  8.49e-01  5.04e+05	31.1928 101.2324 0.5350	
133.592229 298.841869	5.55e-01  8.58e-01  5.21e+05	69.7802 69.8978 0.6381	
133.592229 298.841869	6.02e-01  9.84e-01  4.86e+05	-37.3011 107.4334 0.7588	
133.592229 298.841869	4.61e-01  8.18e-01  5.51e+05	5.2157 83.4628 0.3439	
133.592229 298.841869	5.01e-01  8.84e-01  5.27e+05	-33.5848 89.8671 0.6410	
133.592229 298.841869	6.09e-01  8.44e-01  5.12e+05	5.9516 102.4994 0.6691	
133.592229 298.841869	7.12e-01  8.62e-01  4.88e+05	16.2769 111.6074 0.0242	
133.592229 298.841869	7.03e-01  7.62e-01  5.09e+05	-3.6779 103.6815 0.4936	
133.592229 298.841869	5.40e-01  8.55e-01  5.24e+05	52.8998 81.3437 0.1231	
133.592229 298.841869	4.96e-01  8.80e-01  5.28e+05	8.8924 94.6848 0.7189	
133.592229 298.841869	6.86e-01  9.52e-01  4.76e+05	-4.2111 117.3668 0.1355	
133.592229 298.841869	5.71e-01  7.72e-01  5.36e+05	35.2147 84.2822 0.8885	
133.592229 298.841869	5.94e-01  9.74e-01  4.89e+05	33.8382 107.2025 0.4137	
133.592229 298.841869	4.71e-01  7.02e-01  5.78e+05	2.7704 67.2894 0.2140	
133.592229 298.841869	5.98e-01  7.20e-01  5.42e+05	-9.5243 87.9795 0.2715	
133.592229 298.841869	4.68e-01  8.68e-01  5.38e+05	4.0519 90.5130 0.0921	
133.592229 298.841869	6.09e-01  7.60e-01  5.30e+05	-46.3725 82.0822 0.9121	
133.592229 298.841869	7.71e-01  8.56e-01  4.78e+05	76.7798 87.8834 0.7295	
133.592229 298.841869	5.93e-01  8.19e-01  5.21e+05	41.7648 89.4379 0.6387	
133.592229 298.841869	6.10e-01  8.27e-01  5.15e+05	2.4819 101.1503 0.9783	
133.592229 298.841869	7.56e-01  8.55e-01  4.81e+05	17.5406 114.2370 0.9106	
133.592229 298.841869	6.69e-01  8.28e-01  5.03e+05	-1.4456 106.5815 0.5847	
133.592229 298.841869	7.45e-01  7.67e-01  5.00e+05	2.9763 107.8289 0.3585	
133.592229 298.841869	5.56e-01  6.91e-01  5.59e+05	-24.8399 75.2997 0.8867	
133.592229 298.841869	6.12e-01  6.85e-01  5.47e+05	-10.2738 85.3542 0.3592	
133.592229 298.841869	6.57e-01  9.34e-01  4.85e+05	80.1819 81.2054 0.7378	
133.592229 298.841869	5.85e-01  8.37e-01  5.19e+05	21.4664 97.3480 0.1297	
133.592229 298.841869	7.43e-01  8.02e-01  4.93e+05	-12.1105 109.9120 0.8832	
133.592229 298.841869	5.85e-01  8.95e-01  5.06e+05	-32.0662 100.0824 0.3864	
133.592229 298.841869	5.38e-01  8.58e-01  5.24e+05	61.2792 75.3434 0.1791	
133.592229 298.841869	5.82e-01  6.65e-01  5.59e+05	-43.0455 66.3846 0.2738	
133.592229 298.841869	6.59e-01  7.88e-01  5.13e+05	4.3081 101.9879 0.3705	
133.592229 298.841869	5.84e-01  8.98e-01  5.06e+05	15.4756 104.1870 0.6668	
133.592229 298.841869	6.35e-01  7.48e-01  5.27e+05	-5.1880 95.6110 0.4406	
133.592229 298.841869	8.23e-01  9.50e-01  4.53e+05	-4.2038 126.0870 0.2618	
133.592229 298.841869	3.70e-01  7.86e-01  5.83e+05	-10.2036 63.2625 0.9238	
133.592229 298.841869	5.04e-01  8.54e-01  5.32e+05	27.4962 88.9630 0.3708	
133.592229 298.841869	6.93e-01  8.72e-01  4.89e+05	24.1867 109.5139 0.2666	
133.592229 298.841869	7.16e-01  7.95e-01  5.00e+05	8.5543 107.4560 0.6956	
133.592229 298.841869	5.75e-01  7.82e-01  5.33e+05	-30.0357 87.9416 0.0680	
133.592229 298.841869	7.07e-01  9.67e-01  4.69e+05	-24.5153 117.4491 0.1553	
133.592229 298.841869	5.66e-01  7.52e-01  5.42e+05	-16.6416 86.8538 0.2549	
133.592229 298.841869	7.16e-01  9.28e-01  4.75e+05	5.0308 117.7568 0.0547	
133.592229 298.841869	4.57e-01  7.37e-01  5.72e+05	-6.0743 70.7812 0.2011	
133.592229 298.841869	5.45e-01  8.49e-01  5.25e+05	-7.2906 96.5934 0.1677	
133.592229 298.841869	7.64e-01  7.98e-01  4.90e+05	50.5041 99.8107 0.3260	
133.592229 298.841869	6.02e-01  8.84e-01  5.05e+05	49.0596 93.5443 0.3602	
133.592229 298.841869	5.09e-01  8.03e-01  5.43e+05	-5.4931 87.5752 0.3114	
133.592229 298.841869	4.94e-01  7.01e-01  5.72e+05	8.8712 70.6498 0.0925	
133.592229 298.841869	5.97e-01  9.22e-01  4.99e+05	-34.9813 102.6198 0.3871	
133.592229 298.841869	7.22e-01  7.71e-01  5.04e+05	38.9153 98.8240 0.6319	
133.592229 298.841869	5.15e-01  8.40e-01  5.33e+05	-27.6205 88.6275 0.0932	
133.592229 298.841869	4.88e-01  8.09e-01  5.47e+05	-27.7983 81.2710 0.8452	
133.592229 298.841869	5.17e-01  9.06e-01  5.18e+05	34.6603 93.5794 0.9622	
133.592229 298.841869	5.99e-01  8.30e-01  5.17e+05	11.2030 99.7386 0.2978	
133.592229 298.841869	5.49e-01  9.45e-01  5.03e+05	58.2175 88.9732 0.0636	
133.592229 298.841869	4.46e-01  8.07e-01  5.57e+05	-28.1589 75.0390 0.1563	
133.592229 298.841869	5.36e-01  8.43e-01  5.28e+05	-37.3297 87.6575 0.1263	
133.592229 298.841869	5.70e-01  8.68e-01  5.15e+05	-0.2602 101.2069 0.8548	
133.592229 298.841869	3.81e-01  9.08e-01  5.48e+05	-33.9453 77.8943 0.2719	
133.592229 298.841869	6.35e-01  8.42e-01  5.07e+05	6.4668 104.6825 0.8460	
133.592229 298.841869	6.16e-01  7.91e-01  5.22e+05	37.9174 90.6591 0.1883	
133.592229 298.841869	5.14e-01  8.35e-01  5.34e+05	-30.1981 87.0747 0.3792	
133.592229 298.841869	5.51e-01  7.73e-01  5.40e+05	-12.0198 88.4363 0.0395	
133.592229 298.841869	6.87e-01  7.42e-01  5.17e+05	-8.9914 99.9780 0.5589	
133.592229 298.841869	6.81e-01  7.30e-01  5.21e+05	-5.4654 98.4868 0.6061	
133.592229 298.841869	8.07e-01  8.64e-01  4.70e+05	-64.7732 100.6672 0.1688	
133.592229 298.841869	6.46e-01  9.24e-01  4.89e+05	-25.2361 109.6015 0.9604	
133.592229 298.841869	6.05e-01  6.47e-01  5.58e+05	-9.9764 79.3030 0.7838	
133.592229 298.841869	5.54e-01  7.55e-01  5.44e+05	-5.7154 87.1919 0.0970	
133.592229 298.841869	6.02e-01  9.01e-01  5.02e+05	46.3687 96.5579 0.3907	
133.592229 298.841869	5.91e-01  8.87e-01  5.07e+05	-25.9984 101.6307 0.6483	
133.592229 298.841869	6.58e-01  7.48e-01  5.22e+05	-5.5721 97.9704 0.9094	
133.592229 298.841869	6.37e-01  9.28e-01  4.90e+05	-39.0133 105.1358 0.6845	
133.592229 298.841869	3.34e-01  8.00e-01  5.88e+05	-31.4316 50.9101 0.2262	
133.592229 298.841869	6.28e-01  8.63e-01  5.04e+05	-21.7141 103.8239 0.4487	
133.592229 298.841869	5.58e-01  9.29e-01  5.05e+05	-71.1587 78.2282 0.6329	
133.592229 298.841869	6.07e-01  8.83e-01  5.04e+05	9.9785 105.5171 0.8469	
133.592229 298.841869	5.65e-01  7.94e-01  5.32e+05	-43.3263 82.5001 0.6172	
133.592229 298.841869	6.00e-01  7.23e-01  5.41e+05	41.9604 78.5560 0.8339	
133.592229 298.841869	4.85e-01  7.00e-01  5.75e+05	18.1798 66.9919 0.0754	
133.592229 298.841869	4.75e-01  8.05e-01  5.51e+05	-6.1033 83.4683 0.6831	
133.592229 298.841869	5.69e-01  8.25e-01  5.24e+05	29.4762 92.3942 0.4168	
133.592229 298.841869	6.72e-01  8.50e-01  4.98e+05	20.6207 106.7546 0.7066	
133.592229 298.841869	4.73e-01  8.79e-01  5.34e+05	19.8308 90.1797 0.3767	
133.592229 298.841869	5.63e-01  8.52e-01  5.20e+05	-6.9080 98.8661 0.1174	
133.592229 298.841869	5.05e-01  9.68e-01  5.08e+05	18.9651 102.7159 0.3241	
133.592229 298.841869	6.69e-01  8.57e-01  4.97e+05	-50.6875 96.5066 0.1457	
133.592229 298.841869	4.97e-01  7.28e-01  5.64e+05	7.0319 75.6416 0.4108	
133.592229 298.841869	5.05e-01  8.04e-01  5.44e+05	-36.8959 79.2610 0.4019	
133.592229 298.841869	5.67e-01  6.95e-01  5.55e+05	-26.0802 76.9422 0.2543	
133.592229 298.841869	6.31e-01  7.94e-01  5.18e+05	-49.1859 87.0964 0.2750	
133.592229 298.841869	6.58e-01  9.23e-01  4.86e+05	30.9191 109.0703 0.7307	
133.592229 298.841869	5.62e-01  7.58e-01  5.41e+05	-26.3583 84.6935 0.5202	
133.592229 298.841869	6.68e-01  7.71e-01  5.15e+05	-25.7633 98.0058 0.1699	
133.592229 298.841869	5.47e-01  7.48e-01  5.47e+05	-11.8264 84.8614 0.8179	
133.592229 298.841869	6.18e-01  7.60e-01  5.28e+05	-5.1172 95.1400 0.2020	
133.592229 298.841869	4.29e-01  8.00e-01  5.63e+05	39.4888 65.5258 0.9729	
133.592229 298.841869	5.05e-01  7.75e-01  5.51e+05	-30.5772 77.8962 0.1271	
133.592229 298.841869	4.49e-01  8.37e-01  5.49e+05	-15.2101 83.0246 0.1153	
133.592229 298.841869	6.49e-01  8.97e-01  4.93e+05	-8.7472 110.3039 0.7620	
133.592229 298.841869	4.28e-01  8.29e-01  5.56e+05	-5.8551 80.4476 0.7180	
133.592229 298.841869	6.02e-01  9.47e-01  4.93e+05	50.0303 98.9853 0.7896	
133.592229 298.841869	7.60e-01  8.18e-01  4.87e+05	-14.4125 112.1536 0.7768	
133.592229 298.841869	7.36e-01  9.20e-01  4.73e+05	14.6180 117.8125 0.6762	
133.592229 298.841869	5.68e-01  9.40e-01  5.01e+05	-12.7327 106.7406 0.0773	
133.592229 298.841869	5.69e-01  8.39e-01  5.21e+05	-27.6409 94.4015 0.4477	
133.592229 298.841869	4.84e-01  7.48e-01  5.63e+05	-48.7677 59.4948 0.6183	
133.592229 298.841869	4.74e-01  8.99e-01  5.29e+05	8.1717 94.3739 0.7360	
133.592229 298.841869	5.83e-01  7.97e-01  5.28e+05	25.7663 91.8859 0.0748	
133.592229 298.841869	4.60e-01  8.52e-01  5.43e+05	8.7654 87.3201 0.3865	
133.592229 298.841869	5.33e-01  8.66e-01  5.23e+05	-27.2131 93.5387 0.0002	
133.592229 298.841869	5.49e-01  8.20e-01  5.30e+05	-47.9469 81.2043 0.1987	
133.592229 298.841869	5.04e-01  7.68e-01  5.53e+05	-30.5395 76.6857 0.8631	
133.592229 298.841869	4.48e-01  8.22e-01  5.53e+05	0.0916 82.3527 0.1742	
133.592229 298.841869	7.45e-01  8.62e-01  4.82e+05	11.9701 114.6519 0.1248	
133.592229 298.841869	5.18e-01  6.54e-01  5.78e+05	30.6229 59.9958 0.1159	
133.592229 298.841869	5.09e-01  7.96e-01  5.45e+05	42.6978 75.6765 0.4488	
133.592229 298.841869	6.79e-01  7.67e-01  5.13e+05	-36.8489 95.2115 0.8658	
133.592229 298.841869	6.93e-01  7.65e-01  5.11e+05	-46.3413 92.1010 0.9374	
133.592229 298.841869	5.03e-01  8.88e-01  5.25e+05	16.7919 95.1642 0.7748	
133.592229 298.841869	7.56e-01  8.36e-01  4.84e+05	19.8614 112.4603 0.5230	
133.592229 298.841869	7.18e-01  8.18e-01  4.95e+05	-34.1538 104.3123 0.2597	
133.592229 298.841869	5.53e-01  8.12e-01  5.31e+05	26.8834 89.9521 0.9168	
133.592229 298.841869	6.66e-01  8.12e-01  5.07e+05	26.8447 101.4418 0.1781	
133.592229 298.841869	6.15e-01  8.68e-01  5.06e+05	-10.7074 104.8906 0.0694	
133.592229 298.841869	5.09e-01  8.96e-01  5.22e+05	-48.6887 85.1219 0.9562	
133.592229 298.841869	5.41e-01  9.26e-01  5.09e+05	45.2318 93.6024 0.0551	
133.592229 298.841869	5.92e-01  6.12e-01  5.70e+05	2.1233 72.6276 0.0733	
133.592229 298.841869	6.08e-01  8.38e-01  5.13e+05	-13.7581 101.0523 0.8794	
133.592229 298.841869	5.99e-01  7.86e-01  5.27e+05	-40.4698 86.9987 0.4155	
133.592229 298.841869	6.62e-01  9.04e-01  4.89e+05	-31.3474 107.7009 0.4251	
133.592229 298.841869	4.83e-01  7.65e-01  5.59e+05	3.3842 79.2753 0.1224	
133.592229 298.841869	8.00e-01  9.47e-01  4.57e+05	-85.1371 90.8921 0.8564	
133.592229 298.841869	6.07e-01  7.67e-01  5.29e+05	-27.6514 90.7316 0.1908	
133.592229 298.841869	7.69e-01  8.60e-01  4.78e+05	-0.7830 116.8314 0.8525	
133.592229 298.841869	6.15e-01  7.11e-01  5.40e+05	19.7804 87.2044 0.9804	
133.592229 298.841869	5.83e-01  8.06e-01  5.26e+05	-10.4232 95.8590 0.5496	
133.592229 298.841869	4.46e-01  8.51e-01  5.47e+05	0.7323 85.9203 0.9974	
133.592229 298.841869	6.04e-01  7.43e-01  5.35e+05	-21.3926 89.3697 0.3201	
133.592229 298.841869	6.91e-01  7.90e-01  5.06e+05	-32.0740 100.1921 0.9861	
133.592229 298.841869	5.13e-01  8.79e-01  5.25e+05	38.8592 88.5240 0.5638	
133.592229 298.841869	5.08e-01  9.06e-01  5.20e+05	60.5261 78.2572 0.0988	
133.592229 298.841869	3.73e-01  9.36e-01  5.44e+05	-5.6150 87.1980 0.2947	
133.592229 298.841869	5.23e-01  6.10e-01  5.89e+05	-38.0295 46.0582 0.6291	
133.592229 298.841869	5.97e-01  9.37e-01  4.96e+05	-12.1344 109.0060 0.6487	
133.592229 298.841869	3.32e-01  7.46e-01  6.04e+05	11.9718 44.8084 0.7973	
133.592229 298.841869	6.22e-01  7.65e-01  5.26e+05	-4.3528 96.0972 0.0265	
133.592229 298.841869	4.53e-01  7.28e-01  5.76e+05	32.0175 61.0262 0.5294	
133.592229 298.841869	4.69e-01  9.07e-01  5.28e+05	27.9529 90.8482 0.1628	
133.592229 298.841869	5.64e-01  8.37e-01  5.23e+05	36.3589 90.6810 0.4899	
133.592229 298.841869	6.78e-01  8.17e-01  5.03e+05	-30.5563 101.9290 0.7059	
133.592229 298.841869	6.81e-01  7.56e-01  5.15e+05	-72.6182 70.4252 0.0145	
133.592229 298.841869	5.23e-01  8.52e-01  5.29e+05	-19.4276 92.9623 0.0208	
133.592229 298.841869	5.74e-01  7.58e-01  5.39e+05	-30.4659 84.7845 0.7890	
133.592229 298.841869	5.16e-01  8.77e-01  5.25e+05	6.1475 96.6178 0.9800	
133.592229 298.841869	7.54e-01  8.93e-01  4.74e+05	-6.9377 117.9563 0.8580	
133.592229 298.841869	5.23e-01  7.70e-01  5.48e+05	-23.3351 82.1179 0.9338	
133.592229 298.841869	4.99e-01  7.42e-01  5.60e+05	-17.7304 76.4115 0.8404	
133.592229 298.841869	7.15e-01  7.94e-01  5.00e+05	-17.2466 106.2451 0.1073	
133.592229 298.841869	5.91e-01  7.47e-01  5.37e+05	-4.1909 90.7104 0.8169	
133.592229 298.841869	5.05e-01  9.77e-01  5.06e+05	3.6096 105.2924 0.3842	
133.592229 298.841869	6.52e-01  8.54e-01  5.01e+05	19.0775 105.5990 0.7530	
133.592229 298.841869	6.84e-01  8.28e-01  5.00e+05	7.0389 107.6471 0.9350	
133.592229 298.841869	4.83e-01  8.18e-01  5.46e+05	22.6028 83.4797 0.0717	
133.592229 298.841869	7.00e-01  8.75e-01  4.88e+05	28.2756 109.2484 0.7183	
133.592229 298.841869	3.71e-01  9.01e-01  5.52e+05	33.1357 75.8566 0.6015	
133.592229 298.841869	5.68e-01  8.92e-01  5.10e+05	-12.0355 102.5879 0.7521	
133.592229 298.841869	5.13e-01  7.62e-01  5.52e+05	6.5726 82.8910 0.3382	
133.592229 298.841869	5.18e-01  6.59e-01  5.77e+05	26.1500 62.8422 0.1444	
133.592229 298.841869	5.72e-01  8.93e-01  5.09e+05	33.8544 98.1086 0.1004	
133.592229 298.841869	6.69e-01  7.41e-01  5.21e+05	22.9236 95.8953 0.6723	
133.592229 298.841869	6.41e-01  6.86e-01  5.40e+05	-37.8762 81.1433 0.3793	
133.592229 298.841869	7.06e-01  9.07e-01  4.81e+05	-7.5864 115.4693 0.7949	
133.592229 298.841869	7.80e-01  8.87e-01  4.71e+05	-41.1289 112.2116 0.4857	
133.592229 298.841869	5.37e-01  8.30e-01  5.31e+05	-15.3980 92.7502 0.2519	
133.592229 298.841869	6.56e-01  8.24e-01  5.06e+05	-2.2453 105.0565 0.5531	
133.592229 298.841869	4.01e-01  8.60e-01  5.55e+05	-4.1769 81.0575 0.9702	
133.592229 298.841869	4.60e-01  7.85e-01  5.59e+05	13.1960 77.8399 0.0340	
133.592229 298.841869	6.33e-01  8.04e-01  5.15e+05	-4.8408 101.0822 0.9479	
133.592229 298.841869	7.04e-01  8.99e-01  4.82e+05	54.3426 101.3748 0.3848	
133.592229 298.841869	6.18e-01  8.65e-01  5.06e+05	73.6711 75.3353 0.5527	
133.592229 298.841869	7.45e-01  8.17e-01  4.90e+05	4.5326 111.8077 0.4528	
133.592229 298.841869	5.29e-01  6.42e-01  5.78e+05	14.4610 65.6145 0.2923	
133.592229 298.841869	7.15e-01  9.22e-01  4.76e+05	-50.2533 106.1333 0.4939	
133.592229 298.841869	3.95e-01  9.00e-01  5.47e+05	-18.0383 83.7900 0.5860	
133.592229 298.841869	6.26e-01  8.03e-01  5.17e+05	-17.7976 98.7509 0.0852	
133.592229 298.841869	7.26e-01  9.00e-01  4.78e+05	17.3535 115.3227 0.3565	
133.592229 298.841869	7.07e-01  8.67e-01  4.88e+05	-27.1204 109.5285 0.5481	
133.592229 298.841869	5.85e-01  8.43e-01  5.17e+05	-16.2442 98.9356 0.9275	
133.592229 298.841869	6.01e-01  8.36e-01  5.15e+05	9.6761 100.7031 0.3727	
133.592229 298.841869	7.31e-01  9.24e-01  4.73e+05	-49.3614 107.8737 0.8136	
133.592229 298.841869	6.38e-01  9.25e-01  4.90e+05	-61.8712 93.3961 0.5316	
133.592229 298.841869	5.43e-01  9.22e-01  5.09e+05	5.6028 103.6151 0.9698	
133.592229 298.841869	6.90e-01  9.71e-01  4.72e+05	32.6627 114.4769 0.3333	
133.592229 298.841869	4.53e-01  9.46e-01  5.23e+05	-14.1976 96.3588 0.6471	
133.592229 298.841869	6.08e-01  9.30e-01  4.95e+05	10.2899 109.5194 0.8854	
133.592229 298.841869	6.68e-01  9.65e-01  4.77e+05	23.4243 114.7511 0.5984	
133.592229 298.841869	4.86e-01  7.75e-01  5.55e+05	-4.2935 81.0401 0.6404	
133.592229 298.841869	4.55e-01  7.37e-01  5.73e+05	-22.3069 67.2049 0.2030	
133.592229 298.841869	5.22e-01  8.10e-01  5.39e+05	-13.3017 89.1185 0.3653	
133.592229 298.841869	7.02e-01  8.19e-01  4.98e+05	24.6388 105.7935 0.6691	
133.592229 298.841869	6.46e-01  8.78e-01  4.97e+05	25.3603 105.8880 0.1349	
133.592229 298.841869	6.47e-01  9.03e-01  4.92e+05	-28.9849 107.1470 0.8097	
133.592229 298.841869	7.72e-01  8.58e-01  4.77e+05	18.6541 115.4289 0.2606	
133.592229 298.841869	6.26e-01  8.16e-01  5.14e+05	23.4931 98.9819 0.1158	
133.592229 298.841869	5.36e-01  8.29e-01  5.31e+05	-9.1719 93.4508 0.7767	
133.592229 298.841869	5.94e-01  7.80e-01  5.29e+05	30.0835 89.9251 0.1701	
133.592229 298.841869	7.95e-01  9.00e-01  4.66e+05	40.3638 114.4201 0.1258	
133.592229 298.841869	5.90e-01  9.27e-01  4.99e+05	21.8063 106.0522 0.8420	
133.592229 298.841869	7.21e-01  8.30e-01  4.92e+05	59.3636 93.8607 0.3458	
133.592229 298.841869	6.58e-01  8.59e-01  4.99e+05	-12.3304 107.6214 0.7828	
133.592229 298.841869	5.94e-01  9.22e-01  4.99e+05	-22.0553 105.9101 0.4413	
133.592229 298.841869	5.56e-01  7.51e-01  5.44e+05	-9.0338 86.6531 0.1836	
133.592229 298.841869	5.45e-01  7.84e-01  5.39e+05	7.2730 89.4962 0.9366	
133.592229 298.841869	4.21e-01  8.69e-01  5.48e+05	-22.1907 82.1715 0.8381	
133.592229 298.841869	6.13e-01  8.04e-01  5.19e+05	14.8978 98.1630 0.8622	
133.592229 298.841869	5.20e-01  7.06e-01  5.64e+05	14.7809 74.7339 0.6698	
133.592229 298.841869	6.65e-01  8.16e-01  5.06e+05	-5.5050 105.0942 0.4163	
133.592229 298.841869	4.04e-01  9.64e-01  5.30e+05	-9.8710 93.6651 0.4987	
133.592229 298.841869	5.85e-01  7.75e-01  5.32e+05	-2.4685 93.2459 0.5784	
133.592229 298.841869	6.48e-01  7.04e-01  5.34e+05	-4.4895 92.2998 0.8221	
133.592229 298.841869	5.71e-01  6.88e-01  5.56e+05	43.5829 68.2462 0.4468	
133.592229 298.841869	3.85e-01  7.56e-01  5.87e+05	26.8971 54.9740 0.0074	
133.592229 298.841869	6.92e-01  7.37e-01  5.17e+05	-8.8003 100.0887 0.9899	
133.592229 298.841869	4.79e-01  7.65e-01  5.60e+05	20.2302 76.0599 0.1530	
133.592229 298.841869	7.06e-01  8.05e-01  5.00e+05	-17.0898 106.4194 0.2326	
133.592229 298.841869	4.64e-01  7.87e-01  5.58e+05	36.9065 70.8067 0.9798	
133.592229 298.841869	4.26e-01  7.76e-01  5.70e+05	27.4191 66.8383 0.4217	
133.592229 298.841869	7.53e-01  8.23e-01  4.87e+05	-49.8031 101.4079 0.6113	
133.592229 298.841869	4.61e-01  7.16e-01  5.77e+05	-19.6000 65.2411 0.2593	
133.592229 298.841869	6.55e-01  8.35e-01  5.04e+05	11.7487 105.3048 0.0220	
133.592229 298.841869	4.38e-01  6.69e-01  5.96e+05	-3.3977 53.6266 0.4494	
133.592229 298.841869	6.46e-01  8.41e-01  5.05e+05	-0.9356 105.7265 0.6882	
133.592229 298.841869	5.55e-01  8.16e-01  5.29e+05	2.2992 94.5260 0.0827	
133.592229 298.841869	5.48e-01  8.67e-01  5.20e+05	17.7492 97.3807 0.7246	
133.592229 298.841869	4.01e-01  7.53e-01  5.83e+05	-2.4953 63.8937 0.7273	
133.592229 298.841869	5.58e-01  6.97e-01  5.57e+05	4.9052 80.1648 0.6974	
133.592229 298.841869	6.57e-01  7.84e-01  5.14e+05	-17.1605 100.0667 0.1004	
133.592229 298.841869	5.78e-01  8.08e-01  5.26e+05	-4.0770 95.9700 0.3520	
