44.688090 277.103375	4.19e-01  7.74e-01  2.58e+05	0.0000 47.5775 0.3728	
44.688090 277.103375	3.21e-01  9.18e-01  2.52e+05	29.0737 43.5867 0.7353	
44.688090 277.103375	7.67e-01  9.03e-01  2.12e+05	6.7080 80.0130 0.4738	
44.688090 277.103375	3.60e-01  8.87e-01  2.51e+05	-36.0185 39.1054 0.1721	
44.688090 277.103375	4.95e-01  7.17e-01  2.55e+05	-30.9826 38.7131 0.2477	
44.688090 277.103375	5.32e-01  8.07e-01  2.41e+05	-8.2524 60.4677 0.5662	
44.688090 277.103375	4.37e-01  7.26e-01  2.61e+05	1.7164 44.0182 0.8943	
44.688090 277.103375	6.07e-01  7.18e-01  2.43e+05	-30.6880 51.4843 0.1098	
44.688090 277.103375	5.68e-01  8.67e-01  2.32e+05	-6.0465 67.4842 0.0012	
44.688090 277.103375	6.61e-01  6.88e-01  2.41e+05	-2.0013 61.7197 0.5003	
44.688090 277.103375	5.21e-01  8.29e-01  2.40e+05	-11.5565 60.7479 0.4703	
44.688090 277.103375	3.72e-01  8.58e-01  2.53e+05	8.0149 50.8364 0.7135	
44.688090 277.103375	4.76e-01  6.20e-01  2.70e+05	8.7314 33.1764 0.3805	
44.688090 277.103375	4.58e-01  8.93e-01  2.40e+05	9.4086 61.2006 0.5011	
44.688090 277.103375	4.66e-01  6.39e-01  2.68e+05	3.8428 35.6253 0.3842	
44.688090 277.103375	4.82e-01  7.41e-01  2.54e+05	-14.0947 48.7852 0.6514	
44.688090 277.103375	6.62e-01  8.32e-01  2.26e+05	5.7166 71.0895 0.9028	
44.688090 277.103375	5.23e-01  6.81e-01  2.56e+05	-15.7074 46.1902 0.4532	
44.688090 277.103375	4.44e-01  6.81e-01  2.66e+05	-21.9322 32.0576 0.8975	
44.688090 277.103375	5.01e-01  8.47e-01  2.41e+05	17.9837 59.0109 0.8390	
44.688090 277.103375	5.45e-01  6.97e-01  2.52e+05	22.4439 47.6272 0.2460	
44.688090 277.103375	3.02e-01  8.02e-01  2.68e+05	15.1142 32.3328 0.7285	
44.688090 277.103375	4.57e-01  8.28e-01  2.47e+05	33.5608 45.5018 0.7249	
44.688090 277.103375	3.94e-01  8.57e-01  2.51e+05	-15.2381 51.3085 0.4004	
44.688090 277.103375	4.23e-01  8.54e-01  2.48e+05	-16.6737 53.3345 0.7644	
44.688090 277.103375	5.99e-01  7.50e-01  2.40e+05	-18.6827 58.9212 0.5848	
44.688090 277.103375	4.61e-01  7.33e-01  2.57e+05	4.0713 47.5280 0.5197	
44.688090 277.103375	3.90e-01  7.83e-01  2.60e+05	-3.0771 45.1489 0.2394	
44.688090 277.103375	4.64e-01  6.45e-01  2.68e+05	14.8207 33.4132 0.0002	
44.688090 277.103375	5.29e-01  7.93e-01  2.43e+05	-6.3537 59.3397 0.3620	
44.688090 277.103375	6.08e-01  6.38e-01  2.51e+05	-1.5347 53.0221 0.6891	
44.688090 277.103375	5.01e-01  6.29e-01  2.65e+05	-10.2872 38.1955 0.7249	
44.688090 277.103375	5.04e-01  9.07e-01  2.34e+05	10.5645 65.3123 0.5776	
44.688090 277.103375	3.94e-01  8.90e-01  2.47e+05	-10.2134 55.5228 0.3897	
44.688090 277.103375	4.54e-01  6.59e-01  2.67e+05	3.4903 36.9995 0.2897	
44.688090 277.103375	5.98e-01  7.50e-01  2.41e+05	-29.6097 54.1014 0.9708	
44.688090 277.103375	5.54e-01  8.09e-01  2.39e+05	-6.6804 62.4600 0.4661	
44.688090 277.103375	5.35e-01  7.23e-01  2.50e+05	-19.6498 50.5696 0.4194	
44.688090 277.103375	6.64e-01  9.44e-01  2.17e+05	-30.5277 71.1312 0.2166	
44.688090 277.103375	6.61e-01  7.63e-01  2.33e+05	25.9938 61.7753 0.0134	
44.688090 277.103375	5.12e-01  6.15e-01  2.66e+05	-3.3932 39.1035 0.7773	
44.688090 277.103375	5.74e-01  8.48e-01  2.33e+05	15.1080 65.1354 0.5166	
44.688090 277.103375	5.36e-01  7.37e-01  2.49e+05	24.9162 49.5909 0.8638	
44.688090 277.103375	6.40e-01  9.00e-01  2.22e+05	-25.0972 69.5113 0.5701	
44.688090 277.103375	5.01e-01  7.42e-01  2.52e+05	-4.4414 52.5272 0.7534	
44.688090 277.103375	5.94e-01  8.02e-01  2.36e+05	-11.4624 64.1077 0.9428	
44.688090 277.103375	5.40e-01  8.88e-01  2.33e+05	10.4165 66.4615 0.8976	
44.688090 277.103375	3.80e-01  7.19e-01  2.69e+05	10.1850 33.2566 0.2714	
44.688090 277.103375	4.72e-01  8.29e-01  2.46e+05	33.0861 47.5799 0.4495	
44.688090 277.103375	5.58e-01  7.39e-01  2.46e+05	-12.0373 56.3635 0.0309	
44.688090 277.103375	5.21e-01  7.83e-01  2.45e+05	8.0852 57.6127 0.4310	
44.688090 277.103375	6.47e-01  9.28e-01  2.19e+05	8.9957 75.1765 0.8356	
44.688090 277.103375	4.28e-01  7.20e-01  2.63e+05	-4.4222 41.7671 0.6937	
44.688090 277.103375	7.57e-01  9.30e-01  2.10e+05	-24.0965 77.3513 0.9392	
44.688090 277.103375	4.59e-01  7.56e-01  2.55e+05	-9.9069 48.9984 0.5681	
44.688090 277.103375	4.57e-01  8.10e-01  2.49e+05	-2.1314 55.0049 0.6344	
44.688090 277.103375	4.65e-01  8.78e-01  2.41e+05	23.6942 56.4788 0.6327	
44.688090 277.103375	4.88e-01  7.55e-01  2.52e+05	-13.9377 50.8469 0.5883	
44.688090 277.103375	5.08e-01  7.00e-01  2.56e+05	1.5005 49.2184 0.9312	
44.688090 277.103375	5.89e-01  9.30e-01  2.24e+05	-34.2104 64.1425 0.9902	
44.688090 277.103375	5.66e-01  6.90e-01  2.50e+05	13.5054 52.3296 0.9011	
44.688090 277.103375	5.62e-01  7.17e-01  2.48e+05	-7.3501 55.6020 0.8436	
44.688090 277.103375	4.80e-01  6.69e-01  2.63e+05	3.5323 42.0820 0.1653	
44.688090 277.103375	4.03e-01  7.64e-01  2.61e+05	-4.5066 44.2700 0.9455	
44.688090 277.103375	4.43e-01  8.52e-01  2.46e+05	0.3544 57.3748 0.8159	
44.688090 277.103375	6.13e-01  9.23e-01  2.23e+05	-22.3908 70.1358 0.2833	
44.688090 277.103375	6.37e-01  8.77e-01  2.25e+05	-0.7496 72.4153 0.0574	
44.688090 277.103375	4.87e-01  8.92e-01  2.38e+05	12.4735 62.6841 0.8219	
44.688090 277.103375	5.01e-01  8.16e-01  2.44e+05	11.3430 58.1166 0.4219	
44.688090 277.103375	5.95e-01  7.26e-01  2.43e+05	-0.4993 59.5809 0.5465	
44.688090 277.103375	6.29e-01  8.38e-01  2.29e+05	31.6637 62.0891 0.9428	
44.688090 277.103375	5.98e-01  7.03e-01  2.45e+05	-5.7672 57.7197 0.6326	
44.688090 277.103375	3.19e-01  8.34e-01  2.62e+05	-1.9507 42.6428 0.4827	
44.688090 277.103375	7.21e-01  7.76e-01  2.26e+05	-30.3892 64.7302 0.3042	
44.688090 277.103375	4.48e-01  6.73e-01  2.66e+05	2.5730 38.1662 0.8708	
44.688090 277.103375	4.54e-01  9.62e-01  2.34e+05	14.0116 65.0014 0.9201	
44.688090 277.103375	2.94e-01  7.69e-01  2.74e+05	12.7568 24.9592 0.9354	
44.688090 277.103375	3.40e-01  8.75e-01  2.55e+05	12.1490 48.4359 0.1840	
44.688090 277.103375	5.36e-01  8.40e-01  2.38e+05	-2.0154 63.7044 0.2268	
44.688090 277.103375	5.55e-01  7.83e-01  2.42e+05	-4.2413 60.7788 0.2992	
44.688090 277.103375	5.30e-01  8.10e-01  2.41e+05	7.0939 60.6396 0.8362	
44.688090 277.103375	4.57e-01  7.04e-01  2.61e+05	11.2609 42.3006 0.5278	
44.688090 277.103375	6.84e-01  8.57e-01  2.22e+05	50.7990 53.7165 0.3241	
44.688090 277.103375	5.26e-01  6.41e-01  2.61e+05	-13.0472 42.6357 0.6874	
44.688090 277.103375	3.89e-01  7.49e-01  2.64e+05	11.1802 39.0852 0.3797	
44.688090 277.103375	4.77e-01  6.59e-01  2.64e+05	-8.3291 39.5403 0.5135	
44.688090 277.103375	1.75e-01  8.90e-01  2.74e+05	16.3029 23.3521 0.4550	
44.688090 277.103375	5.01e-01  6.06e-01  2.68e+05	-5.1778 35.7192 0.8486	
44.688090 277.103375	4.86e-01  9.46e-01  2.32e+05	-20.5894 64.3314 0.2513	
44.688090 277.103375	5.76e-01  7.84e-01  2.39e+05	12.7367 61.2857 0.4319	
44.688090 277.103375	5.20e-01  6.80e-01  2.57e+05	16.3547 45.4368 0.5017	
44.688090 277.103375	4.72e-01  9.41e-01  2.34e+05	-8.5466 65.7462 0.7819	
44.688090 277.103375	5.50e-01  7.76e-01  2.43e+05	7.6283 59.5491 0.7277	
44.688090 277.103375	6.36e-01  8.98e-01  2.23e+05	20.8643 70.4855 0.1415	
44.688090 277.103375	6.50e-01  8.26e-01  2.28e+05	-7.3760 69.8885 0.0317	
44.688090 277.103375	5.63e-01  6.13e-01  2.60e+05	2.9512 45.3998 0.5497	
44.688090 277.103375	3.77e-01  7.65e-01  2.64e+05	2.5591 41.2168 0.2706	
44.688090 277.103375	4.38e-01  8.74e-01  2.44e+05	-24.9240 53.3698 0.7042	
44.688090 277.103375	6.35e-01  8.58e-01  2.27e+05	-28.5193 65.3336 0.6034	
44.688090 277.103375	3.91e-01  8.09e-01  2.57e+05	-2.1290 48.3001 0.1345	
44.688090 277.103375	5.28e-01  7.05e-01  2.53e+05	5.4870 51.4488 0.3527	
44.688090 277.103375	6.20e-01  7.01e-01  2.43e+05	5.2067 59.3972 0.2712	
44.688090 277.103375	3.73e-01  7.91e-01  2.61e+05	-7.4170 43.4603 0.6990	
44.688090 277.103375	4.43e-01  7.27e-01  2.60e+05	18.1880 41.0488 0.8443	
44.688090 277.103375	6.28e-01  7.69e-01  2.36e+05	-17.5507 62.7970 0.1333	
44.688090 277.103375	4.54e-01  8.18e-01  2.49e+05	-30.1959 46.4845 0.9187	
44.688090 277.103375	5.64e-01  7.35e-01  2.46e+05	-12.7763 56.3715 0.5274	
44.688090 277.103375	3.49e-01  9.01e-01  2.51e+05	-11.9394 52.0601 0.9448	
44.688090 277.103375	4.20e-01  8.60e-01  2.48e+05	10.9285 55.1301 0.7061	
44.688090 277.103375	4.12e-01  8.16e-01  2.54e+05	15.0473 49.0044 0.3952	
44.688090 277.103375	6.02e-01  7.26e-01  2.43e+05	-8.5298 59.5594 0.7538	
44.688090 277.103375	5.41e-01  7.70e-01  2.44e+05	0.1431 58.7907 0.8310	
44.688090 277.103375	5.21e-01  7.44e-01  2.49e+05	-18.6266 51.4813 0.0064	
44.688090 277.103375	4.35e-01  9.40e-01  2.38e+05	1.2750 63.6603 0.3707	
44.688090 277.103375	4.64e-01  6.31e-01  2.70e+05	-11.0822 32.3704 0.5660	
44.688090 277.103375	7.54e-01  9.51e-01  2.09e+05	16.3433 80.1409 0.5921	
44.688090 277.103375	4.66e-01  8.18e-01  2.47e+05	-17.1943 53.8310 0.6020	
44.688090 277.103375	5.11e-01  7.46e-01  2.50e+05	-0.6725 54.0238 0.0244	
44.688090 277.103375	5.90e-01  8.56e-01  2.31e+05	-11.1224 67.5085 0.1438	
44.688090 277.103375	6.03e-01  8.42e-01  2.31e+05	-14.8431 66.6992 0.3758	
44.688090 277.103375	4.25e-01  8.14e-01  2.52e+05	8.4920 51.6889 0.0649	
44.688090 277.103375	5.50e-01  6.30e-01  2.59e+05	7.4795 45.3869 0.8499	
44.688090 277.103375	6.16e-01  8.02e-01  2.34e+05	-25.8724 61.3840 0.2713	
44.688090 277.103375	5.98e-01  6.88e-01  2.47e+05	-24.5316 51.1295 0.1320	
44.688090 277.103375	5.19e-01  7.93e-01  2.44e+05	-15.5529 56.7569 0.4605	
44.688090 277.103375	4.72e-01  7.19e-01  2.58e+05	-0.1345 47.2929 0.8237	
44.688090 277.103375	4.22e-01  8.27e-01  2.51e+05	-26.8048 46.1204 0.3523	
44.688090 277.103375	5.21e-01  8.42e-01  2.39e+05	-34.8693 52.1636 0.8150	
44.688090 277.103375	5.73e-01  6.90e-01  2.50e+05	17.1355 51.8487 0.9636	
44.688090 277.103375	5.06e-01  9.28e-01  2.32e+05	34.6849 58.0862 0.8579	
44.688090 277.103375	5.18e-01  7.75e-01  2.46e+05	11.2430 56.1456 0.5612	
44.688090 277.103375	5.00e-01  7.66e-01  2.49e+05	6.6672 54.4440 0.0837	
44.688090 277.103375	5.67e-01  6.54e-01  2.54e+05	5.7758 50.1312 0.8085	
44.688090 277.103375	6.25e-01  6.97e-01  2.43e+05	14.4342 57.9725 0.4027	
44.688090 277.103375	4.60e-01  7.87e-01  2.51e+05	-7.8965 52.5288 0.7305	
44.688090 277.103375	5.15e-01  9.69e-01  2.27e+05	26.6422 65.5281 0.4477	
44.688090 277.103375	3.70e-01  7.38e-01  2.68e+05	-5.0214 35.9711 0.5944	
44.688090 277.103375	5.39e-01  8.87e-01  2.33e+05	16.4140 65.1193 0.2962	
44.688090 277.103375	5.53e-01  8.44e-01  2.36e+05	-17.1969 62.8842 0.8769	
44.688090 277.103375	4.70e-01  7.04e-01  2.60e+05	-8.5097 44.5014 0.1866	
44.688090 277.103375	6.68e-01  9.06e-01  2.19e+05	-31.8093 68.6916 0.3383	
44.688090 277.103375	3.36e-01  7.46e-01  2.71e+05	10.6940 30.0395 0.1605	
44.688090 277.103375	4.58e-01  7.90e-01  2.51e+05	-34.6775 40.4125 0.4207	
44.688090 277.103375	4.01e-01  9.14e-01  2.44e+05	-17.7112 56.4676 0.1840	
44.688090 277.103375	4.54e-01  8.10e-01  2.49e+05	-20.7022 50.7140 0.8028	
44.688090 277.103375	4.88e-01  8.39e-01  2.43e+05	-22.6653 55.6895 0.3523	
44.688090 277.103375	5.53e-01  6.72e-01  2.54e+05	-9.4812 50.0547 0.4661	
44.688090 277.103375	6.59e-01  8.45e-01  2.26e+05	13.4963 70.5909 0.3023	
44.688090 277.103375	4.51e-01  7.33e-01  2.59e+05	12.2113 44.8880 0.0697	
44.688090 277.103375	6.23e-01  8.06e-01  2.33e+05	-1.2768 67.3277 0.6250	
44.688090 277.103375	3.56e-01  7.47e-01  2.69e+05	1.4968 35.5186 0.2511	
44.688090 277.103375	4.76e-01  7.38e-01  2.55e+05	13.8435 47.8216 0.2997	
44.688090 277.103375	4.09e-01  8.91e-01  2.46e+05	-8.8703 57.2160 0.8048	
44.688090 277.103375	4.70e-01  9.50e-01  2.33e+05	5.6019 66.5007 0.4758	
44.688090 277.103375	5.03e-01  7.79e-01  2.48e+05	10.4513 55.3284 0.6633	
44.688090 277.103375	5.99e-01  9.66e-01  2.20e+05	-42.3825 62.1151 0.2748	
44.688090 277.103375	6.91e-01  8.78e-01  2.20e+05	-25.8140 70.8691 0.4636	
44.688090 277.103375	7.01e-01  8.66e-01  2.20e+05	15.7592 73.6101 0.5732	
44.688090 277.103375	4.70e-01  9.74e-01  2.31e+05	16.1146 66.3692 0.5410	
44.688090 277.103375	5.03e-01  9.35e-01  2.32e+05	24.0737 63.5309 0.6401	
44.688090 277.103375	3.80e-01  7.14e-01  2.70e+05	-15.1977 30.3381 0.0157	
44.688090 277.103375	6.94e-01  7.80e-01  2.28e+05	11.0859 69.2205 0.5304	
44.688090 277.103375	6.12e-01  7.56e-01  2.39e+05	-2.3800 63.1298 0.1583	
44.688090 277.103375	5.23e-01  9.07e-01  2.32e+05	-13.6660 66.0053 0.2007	
44.688090 277.103375	3.93e-01  9.01e-01  2.46e+05	-23.5861 52.3027 0.1810	
44.688090 277.103375	5.91e-01  9.31e-01  2.24e+05	3.5944 72.8209 0.1362	
44.688090 277.103375	4.14e-01  8.25e-01  2.52e+05	-6.2419 52.0539 0.8940	
44.688090 277.103375	5.47e-01  8.38e-01  2.37e+05	9.1825 63.6816 0.1597	
44.688090 277.103375	5.13e-01  7.99e-01  2.44e+05	-7.8593 58.3388 0.4462	
44.688090 277.103375	4.07e-01  9.52e-01  2.40e+05	10.9994 61.4902 0.1142	
44.688090 277.103375	4.28e-01  7.88e-01  2.55e+05	-0.7074 50.0392 0.3423	
44.688090 277.103375	5.10e-01  7.76e-01  2.47e+05	-9.5686 55.8348 0.0275	
44.688090 277.103375	4.47e-01  8.36e-01  2.47e+05	-0.4650 56.3986 0.4998	
44.688090 277.103375	5.96e-01  9.61e-01  2.21e+05	29.9232 68.5395 0.8893	
44.688090 277.103375	5.80e-01  8.90e-01  2.29e+05	-53.1195 45.4538 0.9013	
44.688090 277.103375	4.76e-01  7.28e-01  2.56e+05	-7.9841 48.0962 0.6909	
44.688090 277.103375	6.21e-01  8.34e-01  2.30e+05	1.6840 68.9937 0.8797	
44.688090 277.103375	4.10e-01  8.44e-01  2.51e+05	-31.1661 43.9021 0.6088	
44.688090 277.103375	5.85e-01  9.00e-01  2.27e+05	-32.6749 62.8380 0.4293	
44.688090 277.103375	5.82e-01  6.45e-01  2.54e+05	4.8183 50.9666 0.1011	
44.688090 277.103375	4.83e-01  9.08e-01  2.36e+05	22.2103 60.8026 0.3639	
44.688090 277.103375	6.52e-01  7.62e-01  2.34e+05	-4.7809 66.1408 0.1871	
44.688090 277.103375	3.69e-01  8.23e-01  2.58e+05	-10.2091 46.3253 0.3950	
44.688090 277.103375	6.11e-01  8.21e-01  2.32e+05	-7.2973 67.1330 0.0676	
44.688090 277.103375	5.69e-01  7.15e-01  2.47e+05	10.5962 55.5295 0.9009	
44.688090 277.103375	3.48e-01  9.45e-01  2.46e+05	14.7588 55.3590 0.7097	
44.688090 277.103375	4.70e-01  7.23e-01  2.57e+05	27.1575 39.1292 0.5325	
44.688090 277.103375	5.35e-01  7.77e-01  2.44e+05	-21.5197 54.7388 0.7121	
44.688090 277.103375	5.09e-01  6.59e-01  2.61e+05	-14.3741 42.1746 0.7158	
44.688090 277.103375	3.98e-01  8.91e-01  2.47e+05	-7.7594 56.4794 0.8307	
44.688090 277.103375	7.32e-01  9.40e-01  2.11e+05	-3.2208 80.2988 0.5662	
44.688090 277.103375	6.46e-01  7.69e-01  2.34e+05	-1.3388 66.3942 0.4323	
44.688090 277.103375	5.89e-01  8.39e-01  2.33e+05	7.2039 66.9147 0.1296	
44.688090 277.103375	5.91e-01  9.00e-01  2.27e+05	12.2625 70.0288 0.1257	
44.688090 277.103375	5.90e-01  8.04e-01  2.36e+05	-21.3738 61.4129 0.1599	
44.688090 277.103375	4.07e-01  8.47e-01  2.51e+05	14.9419 51.7069 0.8857	
44.688090 277.103375	5.98e-01  8.46e-01  2.31e+05	7.5505 67.8796 0.8522	
44.688090 277.103375	4.46e-01  7.89e-01  2.53e+05	13.2811 50.1897 0.5519	
44.688090 277.103375	6.98e-01  9.06e-01  2.17e+05	-7.9437 76.7447 0.0457	
44.688090 277.103375	4.22e-01  6.95e-01  2.67e+05	17.3952 33.3111 0.9979	
44.688090 277.103375	5.55e-01  6.85e-01  2.52e+05	-16.5613 49.7865 0.3594	
44.688090 277.103375	5.33e-01  6.88e-01  2.54e+05	27.1618 42.6223 0.3479	
44.688090 277.103375	3.24e-01  8.16e-01  2.64e+05	-26.9200 30.8570 0.3756	
44.688090 277.103375	4.75e-01  7.15e-01  2.58e+05	19.7304 42.7935 0.3959	
44.688090 277.103375	4.77e-01  8.88e-01  2.39e+05	-27.6392 56.5806 0.7850	
44.688090 277.103375	4.12e-01  8.15e-01  2.54e+05	-5.8160 50.8972 0.0989	
44.688090 277.103375	3.86e-01  8.18e-01  2.56e+05	-16.1625 46.0279 0.1058	
44.688090 277.103375	6.19e-01  8.41e-01  2.30e+05	-0.8533 69.2626 0.3193	
44.688090 277.103375	4.20e-01  8.02e-01  2.54e+05	-14.9544 48.4094 0.5848	
44.688090 277.103375	4.39e-01  9.81e-01  2.33e+05	-33.1268 57.9847 0.8901	
44.688090 277.103375	3.93e-01  9.26e-01  2.43e+05	-21.3790 55.5333 0.6241	
44.688090 277.103375	5.17e-01  8.80e-01  2.36e+05	3.5336 65.1184 0.0139	
44.688090 277.103375	4.61e-01  7.93e-01  2.51e+05	-19.3126 50.1858 0.8702	
44.688090 277.103375	5.80e-01  8.39e-01  2.33e+05	-25.1283 61.7933 0.0983	
44.688090 277.103375	3.73e-01  8.66e-01  2.52e+05	12.3173 50.9205 0.4816	
44.688090 277.103375	4.97e-01  7.59e-01  2.50e+05	17.4958 51.1018 0.5417	
44.688090 277.103375	5.44e-01  7.71e-01  2.44e+05	9.4107 58.3791 0.3198	
44.688090 277.103375	6.35e-01  7.22e-01  2.40e+05	-4.5656 62.1531 0.6118	
44.688090 277.103375	4.85e-01  7.95e-01  2.48e+05	-5.9284 55.8800 0.2662	
44.688090 277.103375	4.88e-01  8.06e-01  2.46e+05	18.3913 54.3568 0.3853	
44.688090 277.103375	5.80e-01  8.23e-01  2.35e+05	-22.7669 61.5315 0.7937	
44.688090 277.103375	6.60e-01  8.43e-01  2.26e+05	42.9719 57.5871 0.0752	
44.688090 277.103375	5.23e-01  8.72e-01  2.36e+05	-28.2362 58.6012 0.9449	
44.688090 277.103375	5.55e-01  8.64e-01  2.33e+05	-1.0641 66.7098 0.6524	
44.688090 277.103375	4.30e-01  8.28e-01  2.50e+05	-4.6760 54.0226 0.9841	
44.688090 277.103375	5.99e-01  9.50e-01  2.22e+05	8.5301 73.8808 0.7496	
44.688090 277.103375	5.22e-01  8.48e-01  2.38e+05	-26.5080 57.5484 0.3149	
44.688090 277.103375	4.73e-01  7.53e-01  2.54e+05	-8.0434 50.4612 0.6697	
44.688090 277.103375	5.36e-01  7.67e-01  2.45e+05	7.6396 57.6434 0.0723	
44.688090 277.103375	4.20e-01  9.16e-01  2.42e+05	8.8550 60.0940 0.4161	
44.688090 277.103375	4.82e-01  9.70e-01  2.30e+05	22.3788 65.0864 0.4402	
44.688090 277.103375	5.70e-01  7.91e-01  2.39e+05	-5.7588 62.3854 0.3647	
44.688090 277.103375	2.67e-01  8.64e-01  2.65e+05	-6.2687 39.2352 0.3191	
44.688090 277.103375	4.18e-01  7.47e-01  2.61e+05	3.4363 44.1071 0.4742	
44.688090 277.103375	4.67e-01  8.03e-01  2.49e+05	8.6808 54.5481 0.2594	
44.688090 277.103375	4.99e-01  7.02e-01  2.57e+05	-18.4813 44.8030 0.6513	
44.688090 277.103375	5.02e-01  7.66e-01  2.49e+05	-1.7971 54.9948 0.4092	
44.688090 277.103375	5.41e-01  7.88e-01  2.43e+05	0.6885 60.2113 0.1501	
44.688090 277.103375	5.32e-01  9.11e-01  2.31e+05	9.5358 67.5915 0.7569	
44.688090 277.103375	5.57e-01  7.56e-01  2.44e+05	-12.2386 57.6341 0.8601	
44.688090 277.103375	3.94e-01  7.57e-01  2.63e+05	2.4359 42.4734 0.5066	
44.688090 277.103375	6.45e-01  7.86e-01  2.32e+05	-5.0948 67.2903 0.2253	
44.688090 277.103375	6.58e-01  8.76e-01  2.23e+05	15.6896 71.8716 0.9920	
44.688090 277.103375	4.52e-01  8.43e-01  2.46e+05	0.4804 57.4697 0.9885	
44.688090 277.103375	7.45e-01  8.18e-01  2.20e+05	23.3610 71.3686 0.3987	
44.688090 277.103375	4.92e-01  7.61e-01  2.51e+05	-12.9117 52.1818 0.9865	
44.688090 277.103375	5.67e-01  7.87e-01  2.40e+05	1.1950 62.1612 0.7644	
44.688090 277.103375	6.68e-01  8.39e-01  2.25e+05	28.2346 66.2620 0.1101	
44.688090 277.103375	8.15e-01  9.01e-01  2.08e+05	42.1918 70.6051 0.0620	
44.688090 277.103375	3.42e-01  8.11e-01  2.62e+05	-26.7010 33.3666 0.0291	
44.688090 277.103375	5.18e-01  9.41e-01  2.30e+05	5.6727 69.0386 0.7060	
44.688090 277.103375	4.58e-01  7.20e-01  2.59e+05	-5.3028 45.4184 0.6060	
44.688090 277.103375	4.13e-01  7.80e-01  2.58e+05	-10.8092 46.2537 0.0436	
44.688090 277.103375	6.31e-01  8.32e-01  2.29e+05	-45.6325 52.3735 0.2711	
44.688090 277.103375	5.51e-01  8.10e-01  2.39e+05	5.9756 62.3188 0.9053	
44.688090 277.103375	3.95e-01  7.90e-01  2.58e+05	4.8794 46.4372 0.9370	
44.688090 277.103375	3.11e-01  9.36e-01  2.51e+05	-18.4619 49.7296 0.4555	
44.688090 277.103375	5.53e-01  8.32e-01  2.37e+05	-5.3603 64.1294 0.2920	
44.688090 277.103375	3.73e-01  8.20e-01  2.58e+05	9.2517 46.6807 0.0055	
44.688090 277.103375	3.80e-01  7.35e-01  2.67e+05	-17.0835 33.2832 0.0055	
44.688090 277.103375	5.11e-01  6.75e-01  2.58e+05	-13.6020 44.7440 0.4890	
44.688090 277.103375	4.96e-01  8.51e-01  2.41e+05	-13.3192 60.1526 0.0422	
44.688090 277.103375	4.92e-01  9.25e-01  2.34e+05	-14.2966 65.0251 0.6216	
44.688090 277.103375	3.84e-01  7.00e-01  2.71e+05	1.8431 32.0898 0.5462	
44.688090 277.103375	4.78e-01  7.86e-01  2.49e+05	23.0990 49.6220 0.0073	
44.688090 277.103375	5.25e-01  7.43e-01  2.49e+05	-11.0216 54.0260 0.0489	
44.688090 277.103375	4.67e-01  6.71e-01  2.64e+05	18.7985 36.1692 0.2085	
44.688090 277.103375	5.13e-01  6.65e-01  2.59e+05	-11.4672 44.2477 0.0033	
44.688090 277.103375	3.57e-01  8.16e-01  2.60e+05	22.9057 38.9727 0.6520	
44.688090 277.103375	5.42e-01  8.63e-01  2.35e+05	35.8658 55.1430 0.0597	
44.688090 277.103375	4.36e-01  8.25e-01  2.50e+05	-14.1483 52.5204 0.8717	
44.688090 277.103375	3.46e-01  8.03e-01  2.63e+05	15.9989 39.0196 0.8350	
44.688090 277.103375	4.16e-01  7.39e-01  2.62e+05	-20.7611 37.6041 0.5594	
44.688090 277.103375	4.47e-01  7.89e-01  2.53e+05	-22.1195 47.1359 0.0700	
44.688090 277.103375	3.28e-01  9.61e-01  2.47e+05	1.2867 56.8750 0.3295	
44.688090 277.103375	5.91e-01  9.02e-01  2.27e+05	-28.7615 65.2022 0.2824	
44.688090 277.103375	4.10e-01  9.44e-01  2.40e+05	32.3577 53.0106 0.8156	
44.688090 277.103375	3.13e-01  9.07e-01  2.54e+05	13.3431 48.6870 0.0695	
44.688090 277.103375	5.32e-01  7.71e-01  2.45e+05	-5.7632 57.8946 0.1089	
44.688090 277.103375	4.84e-01  6.41e-01  2.66e+05	25.6668 29.2513 0.6095	
44.688090 277.103375	6.32e-01  8.61e-01  2.27e+05	-25.8821 66.3604 0.8451	
44.688090 277.103375	6.48e-01  8.12e-01  2.30e+05	18.0967 66.9027 0.3772	
44.688090 277.103375	5.60e-01  8.02e-01  2.39e+05	-20.9620 59.0897 0.4722	
44.688090 277.103375	5.80e-01  7.83e-01  2.39e+05	-3.7601 62.7073 0.7680	
44.688090 277.103375	4.69e-01  7.74e-01  2.52e+05	11.9249 51.3815 0.2992	
44.688090 277.103375	4.95e-01  7.00e-01  2.57e+05	-11.3731 46.3252 0.5294	
44.688090 277.103375	4.94e-01  6.97e-01  2.58e+05	-17.1502 44.0990 0.2210	
44.688090 277.103375	3.79e-01  8.51e-01  2.53e+05	9.1744 50.6922 0.4610	
44.688090 277.103375	4.94e-01  8.25e-01  2.44e+05	-5.7210 59.1490 0.1935	
44.688090 277.103375	4.52e-01  7.34e-01  2.58e+05	23.7544 40.2318 0.4604	
44.688090 277.103375	5.98e-01  6.76e-01  2.48e+05	36.3009 42.0889 0.0751	
44.688090 277.103375	4.07e-01  8.96e-01  2.45e+05	5.1115 57.8463 0.4879	
44.688090 277.103375	4.88e-01  7.20e-01  2.56e+05	6.0777 48.7542 0.3345	
44.688090 277.103375	3.79e-01  7.67e-01  2.63e+05	-8.2775 41.0577 0.9042	
44.688090 277.103375	6.49e-01  8.67e-01  2.25e+05	-22.4876 68.9679 0.2469	
44.688090 277.103375	5.79e-01  8.68e-01  2.31e+05	5.3686 68.2942 0.1180	
44.688090 277.103375	3.35e-01  8.38e-01  2.60e+05	-22.5790 39.2281 0.1482	
44.688090 277.103375	3.73e-01  6.73e-01  2.76e+05	0.6426 24.0561 0.1134	
44.688090 277.103375	3.29e-01  8.68e-01  2.57e+05	-7.4660 47.4244 0.4851	
44.688090 277.103375	4.55e-01  7.92e-01  2.51e+05	-25.1411 46.8647 0.0735	
44.688090 277.103375	5.18e-01  8.37e-01  2.40e+05	39.4064 48.1308 0.2073	
44.688090 277.103375	5.22e-01  7.25e-01  2.51e+05	3.4254 53.0455 0.5879	
44.688090 277.103375	5.58e-01  7.40e-01  2.46e+05	-15.9515 55.4596 0.4708	
44.688090 277.103375	3.72e-01  6.93e-01  2.74e+05	9.2043 26.6966 0.5620	
44.688090 277.103375	4.83e-01  7.17e-01  2.57e+05	25.2003 41.2280 0.6255	
44.688090 277.103375	2.81e-01  8.72e-01  2.62e+05	3.2547 42.5389 0.9693	
44.688090 277.103375	3.36e-01  8.53e-01  2.58e+05	6.9305 46.5857 0.1826	
44.688090 277.103375	4.88e-01  8.57e-01  2.41e+05	-2.4887 61.4526 0.7222	
44.688090 277.103375	6.79e-01  9.37e-01  2.16e+05	-17.5808 75.7276 0.4661	
44.688090 277.103375	4.42e-01  7.26e-01  2.61e+05	-22.1801 38.7483 0.9412	
44.688090 277.103375	5.64e-01  9.18e-01  2.28e+05	0.2731 70.6032 0.0159	
44.688090 277.103375	3.99e-01  8.18e-01  2.55e+05	0.4826 50.1736 0.9017	
44.688090 277.103375	5.35e-01  7.35e-01  2.49e+05	2.9158 55.1783 0.7723	
44.688090 277.103375	5.34e-01  7.88e-01  2.43e+05	-23.3078 54.9135 0.4059	
44.688090 277.103375	4.81e-01  8.02e-01  2.47e+05	-8.8382 55.7746 0.0720	
44.688090 277.103375	4.52e-01  8.72e-01  2.43e+05	19.8169 56.4525 0.7836	
44.688090 277.103375	2.86e-01  9.14e-01  2.57e+05	-7.6594 47.7334 0.3095	
44.688090 277.103375	6.01e-01  9.28e-01  2.23e+05	4.0765 73.1920 0.3825	
44.688090 277.103375	6.37e-01  8.57e-01  2.27e+05	-16.2240 69.4051 0.4892	
44.688090 277.103375	5.56e-01  8.05e-01  2.39e+05	-7.8710 62.1197 0.9794	
44.688090 277.103375	4.03e-01  7.14e-01  2.67e+05	-3.7644 37.3554 0.3132	
44.688090 277.103375	2.96e-01  8.33e-01  2.65e+05	-0.5725 39.5057 0.9698	
44.688090 277.103375	6.39e-01  7.21e-01  2.39e+05	35.6151 51.4437 0.2125	
44.688090 277.103375	5.43e-01  7.67e-01  2.45e+05	-15.4902 56.6259 0.8927	
44.688090 277.103375	4.66e-01  8.93e-01  2.39e+05	-5.6424 62.2583 0.7837	
44.688090 277.103375	7.08e-01  7.18e-01  2.33e+05	36.2189 56.5203 0.8105	
44.688090 277.103375	4.83e-01  5.85e-01  2.73e+05	2.2783 28.9605 0.6579	
44.688090 277.103375	5.53e-01  6.38e-01  2.58e+05	-26.5844 39.1637 0.8662	
44.688090 277.103375	2.76e-01  8.51e-01  2.66e+05	-1.0462 39.1230 0.4030	
44.688090 277.103375	6.46e-01  7.38e-01  2.37e+05	18.3715 61.6229 0.8727	
44.688090 277.103375	5.19e-01  7.13e-01  2.53e+05	8.7587 50.9436 0.8417	
44.688090 277.103375	5.39e-01  9.08e-01  2.31e+05	-21.0904 65.1553 0.8932	
44.688090 277.103375	2.29e-01  8.80e-01  2.68e+05	15.7712 32.8925 0.0234	
44.688090 277.103375	5.49e-01  7.77e-01  2.43e+05	-23.2750 55.3126 0.9153	
44.688090 277.103375	7.03e-01  8.88e-01  2.18e+05	-10.8087 75.7373 0.1478	
44.688090 277.103375	4.79e-01  8.85e-01  2.39e+05	9.4036 62.1537 0.8975	
44.688090 277.103375	6.29e-01  7.21e-01  2.40e+05	12.8825 60.4755 0.0401	
44.688090 277.103375	6.46e-01  9.63e-01  2.16e+05	37.9185 67.5154 0.8462	
44.688090 277.103375	6.29e-01  8.61e-01  2.27e+05	20.2767 68.1369 0.3359	
44.688090 277.103375	4.93e-01  8.48e-01  2.41e+05	-8.5590 60.5944 0.5935	
44.688090 277.103375	3.37e-01  7.37e-01  2.72e+05	-9.3424 28.8503 0.2324	
44.688090 277.103375	4.86e-01  9.33e-01  2.34e+05	-4.4458 66.4932 0.2590	
44.688090 277.103375	5.09e-01  9.33e-01  2.31e+05	-8.8550 67.5844 0.0580	
44.688090 277.103375	2.40e-01  9.51e-01  2.58e+05	-12.1266 45.6227 0.0722	
44.688090 277.103375	6.70e-01  9.20e-01  2.18e+05	9.1701 75.9569 0.4660	
44.688090 277.103375	5.39e-01  9.17e-01  2.30e+05	-41.4723 55.2180 0.6463	
44.688090 277.103375	1.65e-01  9.54e-01  2.67e+05	20.7088 31.7817 0.4170	
44.688090 277.103375	5.78e-01  7.88e-01  2.39e+05	-6.8723 62.6449 0.9064	
44.688090 277.103375	3.95e-01  7.82e-01  2.59e+05	-11.9477 44.1062 0.5094	
44.688090 277.103375	6.07e-01  8.09e-01  2.34e+05	-30.3963 59.1160 0.5337	
44.688090 277.103375	4.17e-01  8.47e-01  2.49e+05	-20.9560 50.5608 0.2503	
44.688090 277.103375	4.25e-01  7.72e-01  2.57e+05	-16.4200 45.0747 0.2436	
44.688090 277.103375	5.24e-01  7.81e-01  2.45e+05	20.8583 54.4364 0.3513	
44.688090 277.103375	6.59e-01  6.99e-01  2.40e+05	-17.2881 59.9574 0.3156	
44.688090 277.103375	6.08e-01  8.85e-01  2.27e+05	30.1488 64.5456 0.3193	
44.688090 277.103375	3.43e-01  8.72e-01  2.55e+05	24.9135 43.1916 0.8024	
44.688090 277.103375	4.42e-01  7.47e-01  2.58e+05	17.4025 43.7252 0.2965	
44.688090 277.103375	5.92e-01  8.88e-01  2.28e+05	-37.1070 59.9428 0.5980	
44.688090 277.103375	3.10e-01  9.96e-01  2.45e+05	10.8544 57.3853 0.7917	
44.688090 277.103375	4.54e-01  7.21e-01  2.60e+05	-12.1255 43.8826 0.8137	
44.688090 277.103375	5.67e-01  7.32e-01  2.46e+05	-25.6489 51.7516 0.6078	
44.688090 277.103375	4.73e-01  8.26e-01  2.46e+05	-17.0274 55.1616 0.0553	
44.688090 277.103375	5.17e-01  7.96e-01  2.44e+05	-2.9755 58.8971 0.3554	
44.688090 277.103375	2.91e-01  9.08e-01  2.57e+05	-0.5889 48.1151 0.0714	
44.688090 277.103375	5.17e-01  8.06e-01  2.43e+05	18.9318 56.6845 0.2241	
44.688090 277.103375	5.23e-01  7.85e-01  2.45e+05	15.6930 56.4019 0.6685	
44.688090 277.103375	5.82e-01  8.44e-01  2.33e+05	-47.3425 47.6813 0.8136	
44.688090 277.103375	6.03e-01  8.05e-01  2.35e+05	-26.1148 60.5847 0.2991	
44.688090 277.103375	4.14e-01  8.07e-01  2.54e+05	6.4960 50.1914 0.6885	
44.688090 277.103375	6.48e-01  9.00e-01  2.22e+05	5.5223 74.1119 0.5582	
44.688090 277.103375	4.01e-01  8.43e-01  2.52e+05	-1.3215 52.8477 0.7307	
44.688090 277.103375	5.04e-01  8.03e-01  2.45e+05	10.2277 57.5290 0.8046	
44.688090 277.103375	5.30e-01  9.26e-01  2.30e+05	-10.9704 68.1751 0.2381	
44.688090 277.103375	5.42e-01  7.99e-01  2.41e+05	3.9184 61.0303 0.0991	
44.688090 277.103375	5.11e-01  7.14e-01  2.54e+05	-6.0135 50.5562 0.2398	
44.688090 277.103375	5.54e-01  8.77e-01  2.32e+05	26.0309 62.2308 0.4313	
44.688090 277.103375	5.10e-01  9.41e-01  2.30e+05	-14.6069 67.1525 0.7898	
44.688090 277.103375	4.03e-01  8.25e-01  2.54e+05	21.3988 46.5760 0.7052	
44.688090 277.103375	5.60e-01  6.60e-01  2.54e+05	2.7561 50.3894 0.5145	
44.688090 277.103375	6.36e-01  9.25e-01  2.21e+05	11.1219 74.1783 0.3840	
44.688090 277.103375	3.57e-01  8.68e-01  2.54e+05	-19.6233 46.9785 0.4214	
44.688090 277.103375	5.21e-01  8.05e-01  2.43e+05	11.1955 58.9234 0.1502	
44.688090 277.103375	5.82e-01  6.99e-01  2.48e+05	-3.0595 56.1868 0.0892	
44.688090 277.103375	5.01e-01  6.81e-01  2.59e+05	1.0163 46.2631 0.3521	
44.688090 277.103375	2.75e-01  8.36e-01  2.68e+05	16.0215 32.9590 0.7183	
44.688090 277.103375	5.21e-01  6.94e-01  2.55e+05	10.6674 48.7613 0.2403	
44.688090 277.103375	4.87e-01  8.30e-01  2.44e+05	-12.7396 57.8163 0.3964	
44.688090 277.103375	6.23e-01  7.62e-01  2.37e+05	-7.3049 63.9190 0.8259	
44.688090 277.103375	3.20e-01  8.74e-01  2.58e+05	-23.0081 41.6936 0.1513	
44.688090 277.103375	4.96e-01  8.04e-01  2.46e+05	-1.6455 57.8230 0.3574	
44.688090 277.103375	5.06e-01  7.41e-01  2.51e+05	-10.6695 52.0689 0.4056	
44.688090 277.103375	2.89e-01  8.20e-01  2.68e+05	-2.7113 36.2888 0.3988	
44.688090 277.103375	4.44e-01  8.02e-01  2.52e+05	-9.8654 52.1069 0.7438	
44.688090 277.103375	5.10e-01  9.38e-01  2.31e+05	-11.8483 67.4881 0.2620	
44.688090 277.103375	3.65e-01  8.77e-01  2.52e+05	-15.7145 50.2235 0.6053	
44.688090 277.103375	3.44e-01  9.30e-01  2.48e+05	15.4529 53.3799 0.0530	
44.688090 277.103375	3.45e-01  7.69e-01  2.67e+05	0.7912 37.2400 0.4704	
44.688090 277.103375	5.28e-01  6.86e-01  2.55e+05	22.7157 44.3018 0.7843	
44.688090 277.103375	4.29e-01  7.23e-01  2.62e+05	-20.0693 37.5963 0.4783	
44.688090 277.103375	4.62e-01  8.81e-01  2.41e+05	-14.1615 59.6488 0.7995	
44.688090 277.103375	4.44e-01  7.40e-01  2.59e+05	-24.9723 39.2671 0.2366	
44.688090 277.103375	5.97e-01  7.03e-01  2.46e+05	7.8920 57.3012 0.5617	
44.688090 277.103375	5.31e-01  8.37e-01  2.39e+05	-27.0577 57.0765 0.4925	
44.688090 277.103375	4.11e-01  8.24e-01  2.53e+05	-0.3151 51.9614 0.0117	
44.688090 277.103375	3.85e-01  9.87e-01  2.38e+05	8.4444 62.9052 0.3331	
44.688090 277.103375	3.90e-01  8.80e-01  2.49e+05	16.9204 52.5738 0.5651	
44.688090 277.103375	3.66e-01  8.01e-01  2.61e+05	15.4210 41.7103 0.8490	
44.688090 277.103375	6.42e-01  7.35e-01  2.38e+05	7.2403 63.4372 0.8968	
44.688090 277.103375	5.81e-01  8.87e-01  2.29e+05	31.9257 62.0350 0.8568	
44.688090 277.103375	5.12e-01  9.07e-01  2.34e+05	-3.5969 66.5963 0.7388	
44.688090 277.103375	4.42e-01  8.82e-01  2.43e+05	-2.5362 59.7244 0.7354	
44.688090 277.103375	5.44e-01  8.24e-01  2.39e+05	13.6455 61.6611 0.3856	
44.688090 277.103375	5.94e-01  8.31e-01  2.33e+05	-30.3044 59.8062 0.1630	
44.688090 277.103375	4.26e-01  6.81e-01  2.68e+05	11.8387 34.2707 0.1569	
44.688090 277.103375	4.84e-01  7.90e-01  2.48e+05	-22.6499 50.8027 0.6811	
44.688090 277.103375	7.53e-01  8.12e-01  2.20e+05	-18.3269 72.9298 0.8711	
44.688090 277.103375	6.19e-01  7.90e-01  2.35e+05	7.0317 65.6441 0.9402	
44.688090 277.103375	4.74e-01  7.46e-01  2.54e+05	13.8731 48.5086 0.0639	
44.688090 277.103375	5.05e-01  7.08e-01  2.55e+05	-23.8062 43.6043 0.3929	
44.688090 277.103375	5.16e-01  8.90e-01  2.35e+05	1.3346 65.8527 0.0010	
44.688090 277.103375	5.93e-01  9.65e-01  2.21e+05	50.3472 55.3744 0.8087	
44.688090 277.103375	6.40e-01  7.62e-01  2.35e+05	5.6809 65.3614 0.5328	
44.688090 277.103375	5.02e-01  8.31e-01  2.42e+05	13.9806 58.8948 0.4021	
44.688090 277.103375	5.60e-01  7.40e-01  2.46e+05	22.7869 53.1644 0.2547	
44.688090 277.103375	5.60e-01  6.07e-01  2.61e+05	10.2137 43.3182 0.5022	
44.688090 277.103375	2.98e-01  8.74e-01  2.60e+05	-17.8932 41.4259 0.5706	
44.688090 277.103375	3.49e-01  8.21e-01  2.60e+05	4.0389 44.6150 0.6432	
44.688090 277.103375	6.13e-01  7.61e-01  2.38e+05	38.6109 50.5416 0.6300	
44.688090 277.103375	5.63e-01  9.15e-01  2.28e+05	-2.0343 70.3061 0.9042	
44.688090 277.103375	4.91e-01  7.81e-01  2.49e+05	2.0110 55.4869 0.9816	
44.688090 277.103375	3.85e-01  8.16e-01  2.57e+05	27.3876 39.9245 0.6901	
44.688090 277.103375	4.71e-01  9.13e-01  2.37e+05	-4.5771 64.1428 0.6928	
44.688090 277.103375	6.02e-01  8.26e-01  2.33e+05	41.0525 53.3088 0.8875	
44.688090 277.103375	4.19e-01  8.07e-01  2.54e+05	-29.3547 41.7895 0.4569	
44.688090 277.103375	5.81e-01  8.99e-01  2.28e+05	-1.5848 70.5154 0.9004	
44.688090 277.103375	6.26e-01  8.78e-01  2.26e+05	8.2066 71.4206 0.9691	
44.688090 277.103375	7.43e-01  8.92e-01  2.14e+05	26.4059 74.1019 0.7787	
44.688090 277.103375	4.85e-01  8.43e-01  2.43e+05	-24.2296 55.0983 0.0190	
44.688090 277.103375	4.60e-01  8.90e-01  2.40e+05	0.4954 61.8532 0.3476	
44.688090 277.103375	6.07e-01  8.70e-01  2.28e+05	16.6046 68.2997 0.0224	
44.688090 277.103375	4.03e-01  7.13e-01  2.67e+05	1.0268 37.6255 0.3609	
44.688090 277.103375	7.43e-01  8.60e-01  2.17e+05	21.1188 74.1501 0.9310	
44.688090 277.103375	6.39e-01  7.33e-01  2.38e+05	5.3666 63.2334 0.5360	
44.688090 277.103375	5.13e-01  9.37e-01  2.31e+05	6.7801 68.3539 0.1402	
44.688090 277.103375	5.56e-01  9.78e-01  2.23e+05	-9.4963 72.9324 0.8825	
44.688090 277.103375	3.61e-01  8.78e-01  2.52e+05	11.2148 51.1299 0.0336	
44.688090 277.103375	4.46e-01  6.91e-01  2.64e+05	-20.3562 35.1493 0.7915	
44.688090 277.103375	5.54e-01  6.20e-01  2.60e+05	1.7653 45.3240 0.7343	
44.688090 277.103375	5.97e-01  7.91e-01  2.37e+05	-5.1779 64.3302 0.1646	
44.688090 277.103375	4.86e-01  8.01e-01  2.47e+05	-13.8782 55.0113 0.7370	
44.688090 277.103375	4.29e-01  8.38e-01  2.49e+05	-23.2648 49.7496 0.2742	
44.688090 277.103375	5.60e-01  6.96e-01  2.50e+05	6.3219 53.5972 0.4745	
44.688090 277.103375	6.28e-01  8.61e-01  2.27e+05	-2.7626 70.9374 0.4853	
44.688090 277.103375	6.76e-01  8.02e-01  2.28e+05	12.7304 69.2010 0.7279	
44.688090 277.103375	6.97e-01  8.53e-01  2.22e+05	27.2704 69.2418 0.7632	
44.688090 277.103375	5.92e-01  7.50e-01  2.41e+05	1.2332 61.2304 0.1767	
44.688090 277.103375	4.55e-01  7.47e-01  2.57e+05	-10.9638 47.2640 0.0280	
44.688090 277.103375	5.29e-01  9.90e-01  2.24e+05	17.6027 70.5803 0.7392	
44.688090 277.103375	5.64e-01  6.57e-01  2.54e+05	-4.8174 50.2688 0.9913	
44.688090 277.103375	3.82e-01  8.50e-01  2.53e+05	-3.1195 51.5714 0.3824	
44.688090 277.103375	5.36e-01  8.05e-01  2.41e+05	10.8673 60.1832 0.9119	
44.688090 277.103375	3.93e-01  7.46e-01  2.64e+05	-0.0961 40.9079 0.0440	
44.688090 277.103375	2.66e-01  8.26e-01  2.70e+05	25.6576 21.7327 0.3188	
44.688090 277.103375	5.74e-01  7.72e-01  2.41e+05	-34.2865 51.1129 0.4574	
44.688090 277.103375	4.62e-01  8.58e-01  2.43e+05	1.9245 59.4763 0.1105	
44.688090 277.103375	5.84e-01  8.66e-01  2.31e+05	-25.6328 63.6878 0.3032	
44.688090 277.103375	6.32e-01  7.77e-01  2.34e+05	12.2963 64.9209 0.7935	
44.688090 277.103375	3.54e-01  9.48e-01  2.45e+05	18.6607 54.9477 0.9404	
44.688090 277.103375	6.85e-01  8.11e-01  2.26e+05	16.5645 69.4746 0.6527	
44.688090 277.103375	3.84e-01  8.71e-01  2.50e+05	1.1341 53.9237 0.2693	
44.688090 277.103375	7.40e-01  8.71e-01  2.16e+05	-21.3971 74.5063 0.7844	
44.688090 277.103375	6.10e-01  7.34e-01  2.41e+05	-10.1368 60.5850 0.8434	
44.688090 277.103375	5.08e-01  9.14e-01  2.33e+05	12.9707 65.6218 0.8285	
44.688090 277.103375	5.12e-01  9.28e-01  2.32e+05	22.0408 64.3489 0.6061	
44.688090 277.103375	6.11e-01  8.82e-01  2.27e+05	19.9898 68.4156 0.3177	
44.688090 277.103375	3.41e-01  8.35e-01  2.60e+05	-11.5095 44.1847 0.7734	
44.688090 277.103375	5.87e-01  8.33e-01  2.33e+05	-37.9958 54.8991 0.9819	
44.688090 277.103375	5.11e-01  7.14e-01  2.54e+05	-2.9970 50.9620 0.3760	
44.688090 277.103375	4.69e-01  7.41e-01  2.56e+05	-8.0418 48.7717 0.3324	
44.688090 277.103375	2.81e-01  9.28e-01  2.56e+05	-22.9550 43.6610 0.8063	
44.688090 277.103375	5.59e-01  8.84e-01  2.31e+05	-12.3612 67.1154 0.0215	
44.688090 277.103375	4.73e-01  8.36e-01  2.45e+05	18.9431 55.4536 0.1153	
44.688090 277.103375	7.29e-01  8.80e-01  2.17e+05	9.4525 76.8143 0.1957	
44.688090 277.103375	4.64e-01  8.43e-01  2.45e+05	2.8851 58.3688 0.1810	
44.688090 277.103375	4.81e-01  6.27e-01  2.68e+05	5.5821 35.9005 0.2063	
44.688090 277.103375	6.48e-01  7.96e-01  2.31e+05	-5.8881 68.0614 0.7104	
44.688090 277.103375	5.72e-01  8.13e-01  2.37e+05	-28.6145 57.6281 0.1492	
44.688090 277.103375	5.76e-01  9.45e-01  2.24e+05	-14.5280 71.3852 0.5888	
44.688090 277.103375	6.59e-01  7.34e-01  2.36e+05	7.2352 64.5723 0.8805	
44.688090 277.103375	4.63e-01  8.11e-01  2.48e+05	-2.4627 55.5744 0.5719	
44.688090 277.103375	5.19e-01  6.09e-01  2.65e+05	20.6910 33.4418 0.5869	
44.688090 277.103375	3.86e-01  8.46e-01  2.53e+05	-11.8607 50.2104 0.6060	
44.688090 277.103375	4.38e-01  7.69e-01  2.56e+05	-24.5048 42.5679 0.3789	
44.688090 277.103375	4.68e-01  8.06e-01  2.48e+05	11.6393 54.3695 0.0419	
44.688090 277.103375	5.09e-01  7.18e-01  2.54e+05	14.0592 49.1812 0.7832	
44.688090 277.103375	5.30e-01  8.39e-01  2.38e+05	-4.3966 63.0761 0.3202	
44.688090 277.103375	5.40e-01  9.13e-01  2.30e+05	-42.9629 53.7773 0.2214	
44.688090 277.103375	5.15e-01  6.46e-01  2.61e+05	-10.5254 42.4091 0.8424	
44.688090 277.103375	6.43e-01  8.49e-01  2.27e+05	24.5570 66.8889 0.4680	
44.688090 277.103375	6.85e-01  8.06e-01  2.27e+05	-9.5693 70.5021 0.9439	
44.688090 277.103375	6.48e-01  7.02e-01  2.40e+05	7.9784 61.3164 0.3073	
44.688090 277.103375	3.07e-01  8.97e-01  2.56e+05	11.6456 47.4023 0.5277	
44.688090 277.103375	6.60e-01  7.69e-01  2.33e+05	0.4803 67.3522 0.7930	
44.688090 277.103375	4.88e-01  6.77e-01  2.61e+05	13.8812 41.9974 0.1656	
44.688090 277.103375	4.62e-01  8.13e-01  2.48e+05	-15.1836 53.6031 0.0133	
44.688090 277.103375	5.55e-01  9.45e-01  2.26e+05	-23.3228 67.7770 0.4955	
44.688090 277.103375	4.72e-01  9.16e-01  2.37e+05	2.9001 64.5276 0.4430	
44.688090 277.103375	5.47e-01  9.43e-01  2.27e+05	16.7538 69.1013 0.7502	
44.688090 277.103375	4.67e-01  8.36e-01  2.45e+05	-14.9308 56.1549 0.8137	
44.688090 277.103375	4.44e-01  7.18e-01  2.61e+05	-13.1626 41.8774 0.5724	
44.688090 277.103375	4.13e-01  9.55e-01  2.39e+05	38.3156 50.1922 0.5216	
44.688090 277.103375	4.78e-01  7.65e-01  2.52e+05	2.0224 52.7099 0.0448	
44.688090 277.103375	6.81e-01  7.48e-01  2.33e+05	27.5165 61.4761 0.6632	
44.688090 277.103375	3.93e-01  7.75e-01  2.60e+05	-2.9485 44.6166 0.7062	
44.688090 277.103375	6.02e-01  9.33e-01  2.23e+05	-9.9651 72.9784 0.4508	
44.688090 277.103375	3.63e-01  7.70e-01  2.65e+05	-10.5281 38.5062 0.8543	
44.688090 277.103375	4.67e-01  8.01e-01  2.49e+05	3.9674 54.9368 0.9073	
44.688090 277.103375	5.77e-01  8.29e-01  2.35e+05	3.5700 65.7262 0.2870	
44.688090 277.103375	2.76e-01  8.64e-01  2.64e+05	-3.4793 40.8343 0.9395	
44.688090 277.103375	5.09e-01  7.60e-01  2.49e+05	8.4537 54.4950 0.9012	
44.688090 277.103375	5.43e-01  6.64e-01  2.56e+05	2.5122 48.9693 0.3563	
44.688090 277.103375	4.24e-01  7.55e-01  2.59e+05	12.2016 44.3145 0.2781	
44.688090 277.103375	5.83e-01  8.11e-01  2.36e+05	14.8247 63.2816 0.2256	
44.688090 277.103375	4.62e-01  8.36e-01  2.46e+05	-28.0115 50.4356 0.1169	
44.688090 277.103375	6.05e-01  7.68e-01  2.38e+05	14.2580 61.8515 0.3678	
44.688090 277.103375	5.61e-01  7.79e-01  2.41e+05	42.2539 44.0931 0.5750	
44.688090 277.103375	4.86e-01  7.68e-01  2.51e+05	-14.5566 51.8075 0.0337	
44.688090 277.103375	4.04e-01  7.62e-01  2.61e+05	-6.4075 43.8589 0.3954	
44.688090 277.103375	6.13e-01  7.53e-01  2.39e+05	6.2210 62.7440 0.2979	
44.688090 277.103375	5.63e-01  6.39e-01  2.57e+05	-4.7385 48.3228 0.4628	
44.688090 277.103375	2.55e-01  8.80e-01  2.65e+05	5.2444 39.9018 0.1706	
44.688090 277.103375	6.76e-01  8.21e-01  2.26e+05	35.1240 62.2854 0.2905	
44.688090 277.103375	6.30e-01  8.83e-01  2.25e+05	-5.0162 72.2603 0.4845	
44.688090 277.103375	4.96e-01  6.57e-01  2.62e+05	0.6695 42.7329 0.3445	
44.688090 277.103375	4.87e-01  7.87e-01  2.48e+05	-24.0886 50.1113 0.5567	
44.688090 277.103375	4.41e-01  7.74e-01  2.55e+05	-23.6847 43.9461 0.9614	
44.688090 277.103375	5.71e-01  7.80e-01  2.40e+05	10.4607 60.9576 0.3744	
44.688090 277.103375	4.84e-01  8.38e-01  2.43e+05	14.2993 57.9212 0.0335	
44.688090 277.103375	4.57e-01  8.36e-01  2.46e+05	8.5387 56.6792 0.2541	
44.688090 277.103375	3.42e-01  7.86e-01  2.65e+05	-15.2279 36.1969 0.8997	
44.688090 277.103375	3.38e-01  7.98e-01  2.65e+05	2.1739 40.2872 0.0271	
44.688090 277.103375	4.14e-01  8.45e-01  2.50e+05	-7.2581 53.7181 0.2673	
44.688090 277.103375	2.70e-01  9.34e-01  2.56e+05	-16.9768 45.6728 0.2160	
44.688090 277.103375	6.47e-01  9.34e-01  2.19e+05	-4.0030 75.9240 0.1403	
44.688090 277.103375	5.05e-01  8.48e-01  2.40e+05	-23.2853 57.5705 0.0800	
44.688090 277.103375	5.78e-01  8.18e-01  2.36e+05	14.1274 63.5864 0.6952	
44.688090 277.103375	5.04e-01  8.09e-01  2.44e+05	-19.1038 55.7745 0.4104	
44.688090 277.103375	4.63e-01  8.78e-01  2.41e+05	4.1608 61.0596 0.1742	
44.688090 277.103375	5.07e-01  7.55e-01  2.50e+05	-8.8724 53.7943 0.6002	
44.688090 277.103375	3.76e-01  8.64e-01  2.52e+05	15.9954 49.9542 0.0872	
44.688090 277.103375	4.83e-01  6.84e-01  2.61e+05	-1.2324 44.4492 0.2564	
44.688090 277.103375	4.85e-01  6.68e-01  2.62e+05	-9.0386 41.7390 0.7150	
44.688090 277.103375	6.37e-01  9.42e-01  2.19e+05	-11.7457 75.0012 0.8781	
44.688090 277.103375	5.20e-01  8.76e-01  2.36e+05	30.1836 57.7547 0.1105	
44.688090 277.103375	4.72e-01  7.50e-01  2.54e+05	-16.3578 47.8798 0.0452	
44.688090 277.103375	3.65e-01  8.11e-01  2.60e+05	-10.2578 44.3305 0.3118	
44.688090 277.103375	5.37e-01  6.35e-01  2.60e+05	11.2159 43.7706 0.1671	
44.688090 277.103375	6.76e-01  7.93e-01  2.29e+05	-36.8410 59.3802 0.9242	
44.688090 277.103375	4.74e-01  7.27e-01  2.57e+05	16.4596 45.5238 0.9291	
44.688090 277.103375	5.19e-01  6.71e-01  2.58e+05	-9.3870 46.2966 0.0504	
44.688090 277.103375	3.86e-01  8.16e-01  2.57e+05	-3.1512 48.4468 0.5256	
44.688090 277.103375	6.59e-01  7.67e-01  2.33e+05	-20.4695 63.9825 0.5243	
44.688090 277.103375	6.16e-01  8.04e-01  2.33e+05	20.4564 63.5280 0.9729	
44.688090 277.103375	4.15e-01  9.26e-01  2.41e+05	0.0124 61.1513 0.0167	
44.688090 277.103375	7.07e-01  7.35e-01  2.31e+05	-6.1938 67.8794 0.2466	
44.688090 277.103375	6.09e-01  6.58e-01  2.49e+05	10.6479 53.9423 0.5970	
44.688090 277.103375	6.08e-01  8.46e-01  2.30e+05	-12.5740 67.7703 0.5699	
44.688090 277.103375	6.48e-01  7.57e-01  2.35e+05	6.5489 65.4059 0.0247	
44.688090 277.103375	5.13e-01  7.46e-01  2.50e+05	2.5338 54.1974 0.2900	
44.688090 277.103375	3.96e-01  8.01e-01  2.57e+05	1.3639 47.9726 0.9173	
44.688090 277.103375	4.42e-01  8.62e-01  2.45e+05	-35.5670 46.0551 0.5350	
44.688090 277.103375	5.14e-01  8.38e-01  2.40e+05	-20.9924 58.3903 0.0952	
44.688090 277.103375	6.95e-01  8.17e-01  2.25e+05	10.1404 71.5901 0.8183	
44.688090 277.103375	4.95e-01  9.00e-01  2.36e+05	-9.2292 64.4043 0.8371	
44.688090 277.103375	5.41e-01  6.67e-01  2.56e+05	-24.1636 42.7987 0.1544	
44.688090 277.103375	5.12e-01  6.20e-01  2.65e+05	-4.8065 39.5790 0.9725	
44.688090 277.103375	2.83e-01  9.64e-01  2.51e+05	-11.6811 51.8792 0.8148	
44.688090 277.103375	2.72e-01  8.61e-01  2.65e+05	9.0165 39.0641 0.8230	
44.688090 277.103375	4.54e-01  8.62e-01  2.44e+05	-8.0595 58.6154 0.3596	
44.688090 277.103375	3.25e-01  7.26e-01  2.75e+05	-0.0207 25.2719 0.3958	
44.688090 277.103375	5.77e-01  8.22e-01  2.36e+05	3.1689 65.2252 0.3035	
44.688090 277.103375	3.35e-01  8.49e-01  2.59e+05	10.1205 45.3406 0.7740	
44.688090 277.103375	7.28e-01  7.38e-01  2.29e+05	35.3903 59.9425 0.8461	
44.688090 277.103375	4.45e-01  7.65e-01  2.56e+05	-4.6996 49.1797 0.5555	
44.688090 277.103375	4.46e-01  7.47e-01  2.58e+05	15.3612 44.9297 0.2035	
44.688090 277.103375	4.28e-01  8.34e-01  2.50e+05	8.4494 53.8491 0.5639	
44.688090 277.103375	4.54e-01  8.23e-01  2.48e+05	-2.0278 55.8418 0.2523	
44.688090 277.103375	3.85e-01  7.94e-01  2.59e+05	1.8493 45.9398 0.1108	
44.688090 277.103375	4.04e-01  7.35e-01  2.64e+05	5.3426 40.5753 0.4159	
44.688090 277.103375	4.11e-01  8.92e-01  2.45e+05	7.5287 57.6892 0.6610	
44.688090 277.103375	5.75e-01  9.28e-01  2.26e+05	-5.4539 71.6341 0.2569	
44.688090 277.103375	3.40e-01  7.79e-01  2.67e+05	-17.5461 33.7010 0.1581	
44.688090 277.103375	4.90e-01  7.38e-01  2.54e+05	-11.7240 49.8432 0.8078	
44.688090 277.103375	4.30e-01  7.48e-01  2.59e+05	27.1713 36.9421 0.5604	
44.688090 277.103375	5.00e-01  6.82e-01  2.59e+05	10.3946 45.1843 0.6557	
44.688090 277.103375	4.29e-01  8.60e-01  2.47e+05	-0.8687 56.8910 0.4178	
44.688090 277.103375	5.46e-01  5.70e-01  2.67e+05	0.7723 37.5283 0.7585	
44.688090 277.103375	6.05e-01  6.19e-01  2.54e+05	-28.2053 42.3622 0.1898	
44.688090 277.103375	5.47e-01  6.78e-01  2.54e+05	-13.4733 49.1275 0.3268	
44.688090 277.103375	6.16e-01  8.61e-01  2.28e+05	-0.9706 70.2749 0.3284	
44.688090 277.103375	3.82e-01  7.90e-01  2.60e+05	-7.0232 44.6111 0.6046	
44.688090 277.103375	5.39e-01  7.98e-01  2.42e+05	9.0051 60.1889 0.4625	
44.688090 277.103375	5.21e-01  6.76e-01  2.57e+05	9.2228 47.0838 0.6727	
44.688090 277.103375	4.99e-01  8.36e-01  2.42e+05	-36.6822 48.3299 0.0006	
44.688090 277.103375	5.93e-01  9.82e-01  2.19e+05	-29.7529 69.6160 0.0176	
44.688090 277.103375	5.59e-01  6.16e-01  2.60e+05	-4.8792 45.1666 0.4762	
44.688090 277.103375	5.13e-01  7.56e-01  2.49e+05	-9.5496 54.3946 0.8297	
44.688090 277.103375	4.17e-01  8.07e-01  2.54e+05	-14.2938 48.7553 0.5014	
44.688090 277.103375	5.51e-01  9.15e-01  2.29e+05	-16.2545 67.6870 0.0240	
44.688090 277.103375	4.81e-01  5.88e-01  2.73e+05	3.9009 29.1372 0.8988	
44.688090 277.103375	5.40e-01  7.10e-01  2.51e+05	-8.6111 52.7372 0.9175	
44.688090 277.103375	5.53e-01  5.82e-01  2.65e+05	1.2011 40.2336 0.2560	
44.688090 277.103375	3.87e-01  8.14e-01  2.57e+05	2.4269 48.3918 0.3152	
44.688090 277.103375	4.14e-01  7.94e-01  2.56e+05	1.5823 49.0837 0.3623	
44.688090 277.103375	7.43e-01  9.05e-01  2.13e+05	46.2632 64.3924 0.2231	
44.688090 277.103375	3.38e-01  8.42e-01  2.59e+05	-7.2661 45.5313 0.7511	
44.688090 277.103375	6.26e-01  8.98e-01  2.24e+05	-28.7400 67.1271 0.7651	
44.688090 277.103375	5.03e-01  8.53e-01  2.40e+05	-27.2631 55.9687 0.9292	
44.688090 277.103375	6.94e-01  8.50e-01  2.22e+05	6.9801 73.7692 0.0896	
44.688090 277.103375	5.72e-01  8.36e-01  2.35e+05	26.5671 60.4372 0.9592	
44.688090 277.103375	4.27e-01  8.55e-01  2.48e+05	-22.9551 51.4419 0.6383	
44.688090 277.103375	5.11e-01  8.35e-01  2.41e+05	-11.7503 60.4001 0.6855	
44.688090 277.103375	4.05e-01  7.38e-01  2.64e+05	-21.6120 35.3212 0.4799	
44.688090 277.103375	3.21e-01  8.06e-01  2.66e+05	-10.7364 37.7010 0.2583	
44.688090 277.103375	5.24e-01  7.96e-01  2.44e+05	4.9731 59.2721 0.7702	
44.688090 277.103375	5.30e-01  8.14e-01  2.41e+05	2.7393 61.3509 0.2252	
44.688090 277.103375	5.13e-01  8.98e-01  2.34e+05	9.0831 65.5319 0.4704	
44.688090 277.103375	4.38e-01  9.45e-01  2.37e+05	-8.0467 63.7357 0.7576	
44.688090 277.103375	4.40e-01  8.04e-01  2.52e+05	-11.4153 51.5168 0.8578	
44.688090 277.103375	5.15e-01  6.29e-01  2.64e+05	-4.4536 41.2393 0.0884	
44.688090 277.103375	4.89e-01  9.77e-01  2.29e+05	10.7763 68.8544 0.0614	
44.688090 277.103375	5.82e-01  9.27e-01  2.25e+05	25.3495 67.6157 0.4507	
44.688090 277.103375	3.38e-01  9.25e-01  2.50e+05	20.0676 50.8035 0.0712	
44.688090 277.103375	4.62e-01  6.15e-01  2.72e+05	-2.3665 30.7802 0.7911	
44.688090 277.103375	3.41e-01  7.53e-01  2.70e+05	5.4811 33.5473 0.7501	
44.688090 277.103375	5.91e-01  6.84e-01  2.48e+05	-3.7521 55.5875 0.1902	
44.688090 277.103375	4.09e-01  8.59e-01  2.49e+05	-2.4164 55.0549 0.9813	
44.688090 277.103375	7.70e-01  7.84e-01  2.21e+05	14.3752 73.2803 0.7176	
44.688090 277.103375	6.29e-01  7.33e-01  2.39e+05	-14.2286 61.1007 0.7169	
44.688090 277.103375	5.19e-01  8.78e-01  2.36e+05	-2.7855 65.1589 0.3846	
44.688090 277.103375	4.48e-01  7.69e-01  2.55e+05	24.4508 43.7185 0.9988	
44.688090 277.103375	5.22e-01  6.04e-01  2.66e+05	13.6135 36.6246 0.4953	
44.688090 277.103375	4.27e-01  6.65e-01  2.70e+05	3.1117 33.4080 0.7665	
44.688090 277.103375	6.32e-01  7.75e-01  2.35e+05	23.3483 61.5898 0.4818	
44.688090 277.103375	4.46e-01  6.53e-01  2.69e+05	-18.1889 29.6752 0.6458	
44.688090 277.103375	4.13e-01  8.87e-01  2.46e+05	-26.0768 51.6810 0.5585	
44.688090 277.103375	5.43e-01  7.58e-01  2.45e+05	16.3277 55.6381 0.6874	
44.688090 277.103375	5.23e-01  7.46e-01  2.49e+05	30.5183 46.0200 0.4138	
44.688090 277.103375	4.87e-01  6.30e-01  2.67e+05	0.2884 37.6970 0.2260	
44.688090 277.103375	5.97e-01  8.46e-01  2.31e+05	-8.7076 67.6646 0.3563	
44.688090 277.103375	6.06e-01  8.02e-01  2.35e+05	-10.3269 65.1166 0.5423	
44.688090 277.103375	7.41e-01  9.35e-01  2.11e+05	34.7752 72.6601 0.1786	
44.688090 277.103375	4.23e-01  7.87e-01  2.56e+05	22.7139 43.9553 0.4083	
44.688090 277.103375	5.11e-01  6.51e-01  2.61e+05	-12.4360 42.0439 0.1420	
44.688090 277.103375	6.87e-01  8.01e-01  2.27e+05	-23.6355 66.9161 0.9054	
44.688090 277.103375	4.06e-01  8.19e-01  2.54e+05	-9.4312 50.0994 0.8289	
44.688090 277.103375	5.68e-01  9.25e-01  2.27e+05	2.8695 71.1898 0.5160	
44.688090 277.103375	6.02e-01  8.26e-01  2.33e+05	-9.2421 66.6885 0.2352	
44.688090 277.103375	4.98e-01  8.29e-01  2.43e+05	-10.4090 59.1661 0.0519	
44.688090 277.103375	5.19e-01  6.82e-01  2.57e+05	10.0713 47.3615 0.5987	
44.688090 277.103375	3.72e-01  9.33e-01  2.45e+05	11.2328 57.2315 0.8781	
44.688090 277.103375	5.60e-01  8.45e-01  2.35e+05	-15.5391 63.8564 0.7202	
44.688090 277.103375	5.43e-01  8.50e-01  2.36e+05	-12.2572 63.8045 0.8107	
44.688090 277.103375	3.63e-01  7.66e-01  2.65e+05	-7.8972 38.6227 0.1898	
44.688090 277.103375	4.83e-01  7.59e-01  2.52e+05	15.5971 50.2773 0.7894	
44.688090 277.103375	5.11e-01  7.05e-01  2.55e+05	-20.5755 45.6230 0.6813	
44.688090 277.103375	6.46e-01  8.39e-01  2.27e+05	-28.0511 64.9917 0.0073	
44.688090 277.103375	3.87e-01  7.49e-01  2.64e+05	-14.7737 37.7762 0.4333	
44.688090 277.103375	4.55e-01  6.87e-01  2.64e+05	-19.2573 36.5234 0.6353	
44.688090 277.103375	6.23e-01  8.14e-01  2.32e+05	-17.3653 65.6091 0.3648	
44.688090 277.103375	7.40e-01  7.84e-01  2.24e+05	-23.2661 69.2235 0.5779	
44.688090 277.103375	5.44e-01  8.88e-01  2.32e+05	-29.7946 60.6285 0.1541	
44.688090 277.103375	5.06e-01  6.37e-01  2.64e+05	-14.9743 38.5344 0.9274	
44.688090 277.103375	4.95e-01  9.14e-01  2.35e+05	-28.7372 59.4260 0.4204	
44.688090 277.103375	6.39e-01  8.87e-01  2.24e+05	40.3822 60.9477 0.4127	
44.688090 277.103375	4.75e-01  8.12e-01  2.47e+05	0.5983 56.6835 0.1646	
44.688090 277.103375	3.73e-01  7.58e-01  2.65e+05	-2.0223 39.6061 0.4819	
44.688090 277.103375	5.27e-01  8.75e-01  2.35e+05	4.9738 65.3326 0.0409	
44.688090 277.103375	3.22e-01  8.12e-01  2.65e+05	-8.8167 39.1759 0.0393	
44.688090 277.103375	6.70e-01  7.15e-01  2.37e+05	-8.3169 63.8724 0.9093	
44.688090 277.103375	7.32e-01  8.81e-01  2.16e+05	-47.4307 61.4841 0.6330	
44.688090 277.103375	4.50e-01  9.04e-01  2.40e+05	-28.3490 55.2967 0.8911	
44.688090 277.103375	5.81e-01  7.95e-01  2.38e+05	-12.3792 62.5815 0.6972	
44.688090 277.103375	4.31e-01  7.55e-01  2.58e+05	7.9605 46.0889 0.6597	
44.688090 277.103375	4.76e-01  7.33e-01  2.56e+05	6.0266 48.8652 0.4107	
44.688090 277.103375	4.27e-01  8.86e-01  2.44e+05	4.5632 58.7536 0.3689	
44.688090 277.103375	5.76e-01  7.84e-01  2.39e+05	24.8317 57.4760 0.5467	
44.688090 277.103375	4.70e-01  9.22e-01  2.36e+05	29.0968 58.0309 0.1110	
44.688090 277.103375	7.38e-01  8.32e-01  2.20e+05	-17.2130 73.4480 0.6744	
44.688090 277.103375	4.62e-01  8.07e-01  2.49e+05	-30.4118 46.0884 0.3001	
44.688090 277.103375	4.37e-01  7.88e-01  2.54e+05	5.3886 50.6365 0.9527	
44.688090 277.103375	5.55e-01  9.48e-01  2.26e+05	22.9355 68.0795 0.5503	
44.688090 277.103375	6.90e-01  9.03e-01  2.18e+05	28.2918 71.2066 0.7227	
44.688090 277.103375	3.27e-01  7.66e-01  2.70e+05	-5.0820 33.2978 0.9456	
44.688090 277.103375	5.08e-01  8.09e-01  2.44e+05	-34.5840 48.1904 0.3166	
44.688090 277.103375	3.79e-01  8.69e-01  2.51e+05	-20.2783 49.1752 0.8775	
44.688090 277.103375	4.01e-01  7.48e-01  2.63e+05	-18.1748 37.9882 0.8170	
44.688090 277.103375	6.40e-01  7.78e-01  2.34e+05	14.7293 64.9744 0.1528	
44.688090 277.103375	4.55e-01  7.64e-01  2.55e+05	-18.5485 46.7841 0.9935	
44.688090 277.103375	3.73e-01  8.64e-01  2.53e+05	-8.5490 51.4472 0.5295	
44.688090 277.103375	3.62e-01  7.52e-01  2.67e+05	6.6622 36.6673 0.4169	
44.688090 277.103375	4.31e-01  8.54e-01  2.47e+05	9.9314 55.7557 0.5054	
44.688090 277.103375	5.52e-01  7.65e-01  2.44e+05	11.9571 58.0031 0.5082	
44.688090 277.103375	4.92e-01  6.39e-01  2.65e+05	-7.5313 38.9380 0.9618	
44.688090 277.103375	5.11e-01  7.77e-01  2.47e+05	20.4445 53.0273 0.3718	
44.688090 277.103375	3.67e-01  8.40e-01  2.56e+05	12.5257 47.5291 0.0842	
44.688090 277.103375	3.62e-01  8.12e-01  2.60e+05	14.1990 43.0315 0.9226	
44.688090 277.103375	5.38e-01  6.79e-01  2.55e+05	-0.4484 50.1677 0.5620	
44.688090 277.103375	6.91e-01  8.49e-01  2.22e+05	-23.0296 70.1822 0.5310	
44.688090 277.103375	2.61e-01  8.78e-01  2.64e+05	6.4033 40.3558 0.5622	
44.688090 277.103375	5.74e-01  9.13e-01  2.27e+05	-41.7251 57.2820 0.0086	
44.688090 277.103375	5.63e-01  8.34e-01  2.36e+05	-23.3752 60.8998 0.4671	
44.688090 277.103375	6.09e-01  8.20e-01  2.33e+05	-42.5666 52.1589 0.7117	
44.688090 277.103375	6.24e-01  8.85e-01  2.25e+05	-17.8065 69.9071 0.6494	
44.688090 277.103375	5.29e-01  5.55e-01  2.71e+05	-10.5967 30.4571 0.9507	
44.688090 277.103375	5.98e-01  7.83e-01  2.37e+05	-18.4442 61.3898 0.2828	
44.688090 277.103375	5.69e-01  7.34e-01  2.45e+05	-1.7532 58.0787 0.6444	
44.688090 277.103375	7.05e-01  8.77e-01  2.19e+05	-11.1510 75.2732 0.7945	
44.688090 277.103375	5.56e-01  7.74e-01  2.42e+05	-24.2934 55.1919 0.4591	
44.688090 277.103375	5.98e-01  9.64e-01  2.21e+05	-12.6197 73.9582 0.6685	
44.688090 277.103375	5.96e-01  9.39e-01  2.23e+05	40.9503 61.1602 0.4078	
44.688090 277.103375	4.07e-01  7.82e-01  2.58e+05	-5.1813 46.7859 0.4839	
44.688090 277.103375	4.81e-01  7.59e-01  2.52e+05	-9.3183 51.6059 0.0945	
44.688090 277.103375	3.93e-01  6.68e-01  2.74e+05	2.1233 27.5142 0.4117	
44.688090 277.103375	5.82e-01  9.20e-01  2.26e+05	-2.2885 71.7429 0.8106	
44.688090 277.103375	5.00e-01  6.10e-01  2.68e+05	12.9492 34.1804 0.1081	
44.688090 277.103375	6.57e-01  7.28e-01  2.37e+05	-20.8017 60.9370 0.1392	
44.688090 277.103375	5.75e-01  6.60e-01  2.53e+05	22.8846 46.7233 0.9890	
44.688090 277.103375	5.82e-01  7.13e-01  2.46e+05	29.9335 49.0733 0.5977	
44.688090 277.103375	7.83e-01  8.93e-01  2.11e+05	-33.0160 73.4961 0.1572	
44.688090 277.103375	6.26e-01  7.12e-01  2.42e+05	1.8492 60.8374 0.3741	
44.688090 277.103375	6.25e-01  7.44e-01  2.38e+05	0.0820 63.2460 0.0259	
44.688090 277.103375	5.65e-01  8.97e-01  2.29e+05	-10.6119 68.6023 0.1257	
44.688090 277.103375	3.94e-01  8.78e-01  2.49e+05	-36.9739 41.2589 0.3565	
44.688090 277.103375	7.09e-01  8.04e-01  2.25e+05	-18.4367 70.0192 0.9369	
44.688090 277.103375	4.47e-01  7.70e-01  2.55e+05	3.8460 49.9716 0.6752	
44.688090 277.103375	5.76e-01  7.63e-01  2.41e+05	-22.8804 56.5766 0.2394	
44.688090 277.103375	5.14e-01  9.02e-01  2.34e+05	-14.8824 64.7707 0.4328	
44.688090 277.103375	6.58e-01  8.88e-01  2.22e+05	14.9867 72.6852 0.2407	
44.688090 277.103375	3.84e-01  8.49e-01  2.53e+05	21.5414 47.0770 0.9297	
44.688090 277.103375	2.58e-01  9.19e-01  2.59e+05	-30.9456 33.6320 0.3852	
44.688090 277.103375	4.25e-01  7.06e-01  2.65e+05	0.5473 39.7764 0.1379	
44.688090 277.103375	5.48e-01  8.01e-01  2.41e+05	-1.5126 61.7101 0.9481	
44.688090 277.103375	6.18e-01  8.04e-01  2.33e+05	-1.4945 66.8373 0.8370	
44.688090 277.103375	4.61e-01  8.46e-01  2.45e+05	-15.8292 56.2636 0.8805	
44.688090 277.103375	4.90e-01  7.47e-01  2.53e+05	-16.5980 49.3685 0.2849	
44.688090 277.103375	4.61e-01  9.47e-01  2.35e+05	-13.0862 64.6742 0.7148	
44.688090 277.103375	2.94e-01  8.42e-01  2.64e+05	-0.5600 40.4331 0.8778	
44.688090 277.103375	2.75e-01  9.25e-01  2.57e+05	8.1668 47.6743 0.9908	
44.688090 277.103375	4.06e-01  9.72e-01  2.38e+05	0.7429 63.9173 0.8186	
44.688090 277.103375	4.86e-01  7.78e-01  2.50e+05	-30.8020 45.1815 0.3289	
44.688090 277.103375	3.93e-01  7.56e-01  2.63e+05	23.2995 35.1193 0.4511	
44.688090 277.103375	6.02e-01  8.25e-01  2.33e+05	-18.2037 64.7052 0.8447	
44.688090 277.103375	4.03e-01  8.89e-01  2.46e+05	-17.8140 54.3341 0.4824	
44.688090 277.103375	6.76e-01  8.12e-01  2.27e+05	21.1676 67.7781 0.1920	
44.688090 277.103375	2.52e-01  8.62e-01  2.67e+05	1.4701 37.2806 0.4770	
44.688090 277.103375	3.62e-01  8.99e-01  2.50e+05	10.7476 53.3773 0.6196	
44.688090 277.103375	4.66e-01  7.71e-01  2.53e+05	-11.3470 50.9221 0.5458	
44.688090 277.103375	6.27e-01  9.43e-01  2.20e+05	3.8998 75.3396 0.5376	
44.688090 277.103375	4.09e-01  9.60e-01  2.38e+05	0.1607 63.2253 0.6064	
44.688090 277.103375	4.18e-01  8.15e-01  2.53e+05	-14.1117 49.8320 0.7023	
44.688090 277.103375	4.69e-01  7.82e-01  2.51e+05	-2.6243 53.4488 0.2731	
44.688090 277.103375	6.13e-01  6.91e-01  2.45e+05	-0.9554 58.1736 0.1442	
44.688090 277.103375	6.06e-01  8.95e-01  2.26e+05	-39.9620 59.5982 0.8492	
44.688090 277.103375	6.70e-01  8.17e-01  2.27e+05	11.7248 69.9133 0.7275	
44.688090 277.103375	5.25e-01  9.13e-01  2.32e+05	-34.0609 58.7071 0.3577	
44.688090 277.103375	4.52e-01  6.96e-01  2.63e+05	-16.3564 38.7494 0.0902	
44.688090 277.103375	4.76e-01  7.99e-01  2.48e+05	21.9619 51.2209 0.3738	
44.688090 277.103375	3.08e-01  8.65e-01  2.60e+05	-7.9494 44.5171 0.8988	
44.688090 277.103375	3.95e-01  8.71e-01  2.49e+05	-16.9823 52.1789 0.9736	
44.688090 277.103375	3.43e-01  8.59e-01  2.57e+05	8.2402 47.7955 0.6215	
44.688090 277.103375	5.64e-01  8.18e-01  2.37e+05	6.7170 63.7992 0.3145	
44.688090 277.103375	2.79e-01  8.36e-01  2.67e+05	-0.3264 37.2780 0.9202	
44.688090 277.103375	5.90e-01  7.91e-01  2.37e+05	21.1107 60.4960 0.3235	
44.688090 277.103375	4.40e-01  9.47e-01  2.37e+05	21.4392 60.8415 0.2637	
44.688090 277.103375	4.89e-01  6.49e-01  2.64e+05	-6.7697 40.0649 0.7360	
44.688090 277.103375	4.16e-01  8.44e-01  2.50e+05	4.8162 54.0737 0.1438	
44.688090 277.103375	4.20e-01  8.50e-01  2.49e+05	-10.0671 54.3346 0.1740	
44.688090 277.103375	3.39e-01  8.31e-01  2.60e+05	0.6343 44.8896 0.1878	
44.688090 277.103375	4.10e-01  7.56e-01  2.61e+05	-13.8107 42.1742 0.0469	
44.688090 277.103375	6.90e-01  8.25e-01  2.25e+05	8.0029 72.0555 0.6574	
44.688090 277.103375	4.74e-01  6.72e-01  2.63e+05	15.4915 38.7142 0.6041	
44.688090 277.103375	3.79e-01  8.39e-01  2.55e+05	5.1819 49.9842 0.0933	
44.688090 277.103375	2.67e-01  8.96e-01  2.61e+05	17.9706 40.0837 0.8500	
44.688090 277.103375	5.16e-01  8.08e-01  2.43e+05	33.5154 49.5684 0.9020	
44.688090 277.103375	4.28e-01  8.58e-01  2.47e+05	-10.7002 55.6642 0.9037	
44.688090 277.103375	3.21e-01  7.54e-01  2.72e+05	8.4821 29.1428 0.5129	
44.688090 277.103375	5.44e-01  6.40e-01  2.59e+05	6.0053 46.1237 0.1272	
44.688090 277.103375	4.90e-01  6.57e-01  2.63e+05	4.7396 41.7322 0.6268	
44.688090 277.103375	5.07e-01  5.72e-01  2.72e+05	7.4386 30.4790 0.9043	
44.688090 277.103375	4.10e-01  8.92e-01  2.45e+05	6.5193 57.5969 0.2343	
44.688090 277.103375	2.78e-01  8.50e-01  2.65e+05	-7.3316 38.5835 0.5808	
44.688090 277.103375	4.64e-01  6.37e-01  2.69e+05	7.6945 34.2238 0.7689	
44.688090 277.103375	6.37e-01  7.77e-01  2.34e+05	21.4179 62.7811 0.1875	
44.688090 277.103375	6.97e-01  8.53e-01  2.22e+05	-14.5996 72.9843 0.6561	
44.688090 277.103375	4.76e-01  6.49e-01  2.66e+05	4.1799 38.6080 0.0092	
44.688090 277.103375	3.79e-01  8.32e-01  2.56e+05	6.2377 49.0895 0.8212	
44.688090 277.103375	6.34e-01  7.24e-01  2.40e+05	-8.6960 61.7758 0.8392	
44.688090 277.103375	3.41e-01  7.96e-01  2.64e+05	15.5940 37.3277 0.9347	
44.688090 277.103375	5.09e-01  7.20e-01  2.53e+05	0.7468 51.3602 0.1062	
44.688090 277.103375	4.64e-01  7.97e-01  2.50e+05	6.2568 54.0249 0.1833	
44.688090 277.103375	4.13e-01  9.31e-01  2.41e+05	14.7076 59.6215 0.0502	
44.688090 277.103375	4.35e-01  7.46e-01  2.59e+05	-11.5096 44.6885 0.0228	
44.688090 277.103375	3.73e-01  8.03e-01  2.60e+05	-18.8945 41.4985 0.7109	
44.688090 277.103375	5.69e-01  7.14e-01  2.47e+05	-3.3182 56.3440 0.2325	
44.688090 277.103375	5.06e-01  7.45e-01  2.51e+05	17.2570 50.6756 0.5428	
44.688090 277.103375	5.06e-01  7.31e-01  2.53e+05	-17.0783 49.2327 0.6583	
44.688090 277.103375	6.34e-01  8.23e-01  2.30e+05	21.2674 65.7898 0.2640	
44.688090 277.103375	4.56e-01  7.00e-01  2.62e+05	5.3587 42.6699 0.2228	
44.688090 277.103375	4.46e-01  9.70e-01  2.34e+05	-3.4435 66.4148 0.1186	
44.688090 277.103375	3.03e-01  8.54e-01  2.62e+05	16.4041 39.9480 0.7657	
44.688090 277.103375	4.80e-01  7.55e-01  2.53e+05	34.0102 39.3224 0.2472	
44.688090 277.103375	5.15e-01  9.12e-01  2.33e+05	-39.7671 54.2357 0.2607	
44.688090 277.103375	5.55e-01  6.80e-01  2.53e+05	7.2588 51.4270 0.5334	
44.688090 277.103375	4.22e-01  7.47e-01  2.60e+05	-1.7725 44.7233 0.1831	
44.688090 277.103375	5.29e-01  9.50e-01  2.28e+05	-11.0158 69.5707 0.1647	
44.688090 277.103375	6.23e-01  8.10e-01  2.32e+05	-17.6299 65.2618 0.8009	
44.688090 277.103375	4.73e-01  6.87e-01  2.62e+05	-12.8946 41.6599 0.4070	
44.688090 277.103375	5.15e-01  8.59e-01  2.38e+05	-4.1630 63.4527 0.4383	
44.688090 277.103375	4.57e-01  6.69e-01  2.66e+05	7.1308 38.2996 0.6142	
44.688090 277.103375	6.27e-01  7.99e-01  2.33e+05	-9.8732 66.4220 0.9555	
44.688090 277.103375	3.79e-01  7.91e-01  2.60e+05	-24.7810 37.3515 0.4136	
44.688090 277.103375	3.65e-01  8.82e-01  2.51e+05	-8.9334 52.3472 0.5719	
44.688090 277.103375	5.45e-01  6.05e-01  2.63e+05	14.3889 39.8711 0.3527	
44.688090 277.103375	5.07e-01  9.43e-01  2.31e+05	-25.3295 63.8636 0.5470	
44.688090 277.103375	5.95e-01  7.33e-01  2.43e+05	15.6170 58.0690 0.7699	
44.688090 277.103375	3.71e-01  8.53e-01  2.54e+05	-4.4326 50.6414 0.0338	
44.688090 277.103375	3.31e-01  7.81e-01  2.68e+05	22.3430 29.2372 0.2691	
44.688090 277.103375	3.90e-01  8.12e-01  2.57e+05	-7.1789 47.9982 0.9632	
44.688090 277.103375	3.81e-01  7.62e-01  2.64e+05	-5.2492 41.0318 0.0326	
44.688090 277.103375	5.34e-01  6.50e-01  2.59e+05	-13.1148 44.6396 0.7307	
44.688090 277.103375	5.46e-01  7.56e-01  2.45e+05	12.0626 56.7885 0.5314	
44.688090 277.103375	6.11e-01  9.67e-01  2.19e+05	-22.3649 72.4627 0.4299	
44.688090 277.103375	3.89e-01  8.25e-01  2.55e+05	-2.6547 49.7725 0.4758	
44.688090 277.103375	7.18e-01  8.22e-01  2.22e+05	-12.1217 72.8876 0.9385	
44.688090 277.103375	6.21e-01  7.92e-01  2.34e+05	23.2504 62.0907 0.6902	
44.688090 277.103375	4.33e-01  6.55e-01  2.71e+05	0.3208 32.8612 0.5003	
44.688090 277.103375	4.98e-01  7.05e-01  2.56e+05	-24.0537 42.2452 0.7510	
44.688090 277.103375	6.57e-01  9.15e-01  2.20e+05	29.7505 69.4906 0.0109	
44.688090 277.103375	4.68e-01  6.26e-01  2.70e+05	9.9274 32.4500 0.7647	
44.688090 277.103375	3.99e-01  6.96e-01  2.70e+05	1.5661 34.0814 0.0028	
44.688090 277.103375	4.65e-01  9.62e-01  2.33e+05	18.5591 64.5876 0.7454	
44.688090 277.103375	5.46e-01  9.27e-01  2.28e+05	-6.9756 69.7089 0.6115	
44.688090 277.103375	5.73e-01  7.67e-01  2.41e+05	0.1372 61.0444 0.3294	
44.688090 277.103375	5.86e-01  7.90e-01  2.38e+05	-11.5541 62.7253 0.8523	
44.688090 277.103375	5.32e-01  7.41e-01  2.48e+05	3.2111 55.4742 0.4306	
44.688090 277.103375	4.73e-01  7.74e-01  2.51e+05	7.3844 52.6010 0.0865	
44.688090 277.103375	4.80e-01  8.08e-01  2.47e+05	11.6130 55.6097 0.6506	
44.688090 277.103375	4.20e-01  7.65e-01  2.58e+05	-9.4110 45.7059 0.5054	
44.688090 277.103375	6.78e-01  8.58e-01  2.23e+05	-16.0483 71.8580 0.9709	
44.688090 277.103375	4.83e-01  7.81e-01  2.50e+05	-19.9274 50.9139 0.5965	
44.688090 277.103375	3.94e-01  8.21e-01  2.55e+05	-9.1266 49.0148 0.1726	
44.688090 277.103375	5.94e-01  7.57e-01  2.40e+05	25.9557 56.2341 0.3105	
44.688090 277.103375	4.01e-01  8.34e-01  2.53e+05	-11.8221 50.6628 0.6781	
44.688090 277.103375	2.38e-01  9.21e-01  2.62e+05	-10.5312 42.1460 0.1729	
44.688090 277.103375	5.67e-01  7.05e-01  2.49e+05	-4.9524 55.1788 0.0002	
44.688090 277.103375	3.79e-01  8.29e-01  2.56e+05	18.8877 45.4433 0.1818	
44.688090 277.103375	3.34e-01  7.68e-01  2.69e+05	13.5613 32.6801 0.6986	
44.688090 277.103375	5.75e-01  9.10e-01  2.27e+05	-10.4666 70.0272 0.3135	
44.688090 277.103375	3.99e-01  8.78e-01  2.48e+05	18.5705 52.7196 0.3682	
44.688090 277.103375	4.77e-01  8.81e-01  2.40e+05	-12.4998 61.1521 0.6059	
44.688090 277.103375	5.06e-01  7.51e-01  2.50e+05	-7.4266 53.5002 0.3958	
44.688090 277.103375	4.59e-01  7.67e-01  2.54e+05	12.6999 49.4936 0.4838	
44.688090 277.103375	4.01e-01  6.94e-01  2.70e+05	-4.9068 33.8170 0.6792	
44.688090 277.103375	4.16e-01  8.91e-01  2.45e+05	25.9778 52.4074 0.6685	
44.688090 277.103375	5.19e-01  7.00e-01  2.55e+05	-15.0005 48.0648 0.2722	
44.688090 277.103375	5.81e-01  7.23e-01  2.45e+05	-16.9201 55.6334 0.0012	
44.688090 277.103375	5.77e-01  7.82e-01  2.40e+05	10.3064 61.6266 0.8392	
44.688090 277.103375	3.69e-01  9.21e-01  2.47e+05	12.7318 55.6252 0.4250	
44.688090 277.103375	5.45e-01  6.55e-01  2.57e+05	11.5259 46.9616 0.1248	
44.688090 277.103375	4.67e-01  9.11e-01  2.38e+05	25.5207 58.5870 0.8921	
44.688090 277.103375	5.83e-01  9.00e-01  2.27e+05	5.5407 70.4629 0.7224	
44.688090 277.103375	5.72e-01  7.65e-01  2.42e+05	13.3671 59.4217 0.3973	
44.688090 277.103375	3.40e-01  7.40e-01  2.72e+05	1.2061 31.4537 0.6975	
44.688090 277.103375	6.74e-01  8.74e-01  2.22e+05	-15.1728 72.7606 0.7532	
44.688090 277.103375	4.87e-01  6.40e-01  2.66e+05	2.6727 39.1097 0.2988	
44.688090 277.103375	6.19e-01  7.98e-01  2.34e+05	-4.6924 66.3324 0.5821	
44.688090 277.103375	6.83e-01  9.56e-01  2.14e+05	30.9877 72.5350 0.3046	
44.688090 277.103375	7.81e-01  8.51e-01  2.15e+05	-4.9631 78.3549 0.3392	
44.688090 277.103375	4.00e-01  7.72e-01  2.60e+05	-0.4460 45.1668 0.8016	
44.688090 277.103375	4.62e-01  7.96e-01  2.50e+05	-0.4926 54.1740 0.3896	
44.688090 277.103375	4.28e-01  9.34e-01  2.39e+05	-34.5526 52.4392 0.7349	
44.688090 277.103375	4.26e-01  7.82e-01  2.56e+05	-3.8432 49.0808 0.7163	
44.688090 277.103375	3.15e-01  8.29e-01  2.64e+05	-28.9937 29.5965 0.9751	
44.688090 277.103375	3.48e-01  9.13e-01  2.50e+05	-11.0837 53.3114 0.6731	
44.688090 277.103375	6.47e-01  7.30e-01  2.38e+05	-21.9708 59.8687 0.5192	
44.688090 277.103375	4.18e-01  7.60e-01  2.59e+05	11.5670 44.4317 0.1543	
44.688090 277.103375	5.24e-01  6.71e-01  2.57e+05	11.0516 46.5001 0.3640	
44.688090 277.103375	1.99e-01  9.62e-01  2.61e+05	-7.0400 43.1062 0.6149	
44.688090 277.103375	4.73e-01  8.21e-01  2.46e+05	-4.3074 57.1778 0.7077	
44.688090 277.103375	5.09e-01  7.11e-01  2.54e+05	3.3911 50.3835 0.1056	
44.688090 277.103375	4.03e-01  8.86e-01  2.47e+05	-29.8160 48.5608 0.7546	
44.688090 277.103375	5.71e-01  8.27e-01  2.36e+05	-12.1456 64.1369 0.7491	
44.688090 277.103375	5.74e-01  8.68e-01  2.31e+05	0.9767 68.1224 0.1635	
44.688090 277.103375	4.26e-01  7.13e-01  2.64e+05	-15.9094 37.7273 0.3966	
44.688090 277.103375	4.92e-01  8.47e-01  2.42e+05	8.1665 60.4579 0.2990	
44.688090 277.103375	5.46e-01  8.26e-01  2.38e+05	-13.4759 62.0557 0.4305	
44.688090 277.103375	5.58e-01  7.03e-01  2.50e+05	9.5556 53.6046 0.0530	
44.688090 277.103375	5.30e-01  8.10e-01  2.41e+05	-14.2756 59.4046 0.9021	
44.688090 277.103375	3.52e-01  7.50e-01  2.69e+05	-2.2509 35.1985 0.9449	
44.688090 277.103375	5.46e-01  7.86e-01  2.42e+05	-20.8893 56.7154 0.2529	
44.688090 277.103375	4.55e-01  6.34e-01  2.70e+05	4.0634 32.8047 0.3084	
44.688090 277.103375	3.86e-01  9.07e-01  2.46e+05	-18.4240 54.2618 0.2177	
44.688090 277.103375	4.25e-01  8.28e-01  2.51e+05	19.6084 49.9217 0.8463	
44.688090 277.103375	4.55e-01  7.78e-01  2.53e+05	-13.8120 49.8526 0.8235	
44.688090 277.103375	5.96e-01  6.65e-01  2.50e+05	6.7455 54.0317 0.3038	
44.688090 277.103375	4.78e-01  8.90e-01  2.39e+05	-13.1170 61.7700 0.4105	
44.688090 277.103375	4.71e-01  6.92e-01  2.61e+05	-14.2869 41.6496 0.8916	
44.688090 277.103375	3.82e-01  8.52e-01  2.53e+05	3.1864 51.7616 0.9103	
44.688090 277.103375	3.75e-01  9.82e-01  2.40e+05	-7.5049 61.8955 0.2060	
44.688090 277.103375	5.39e-01  9.40e-01  2.28e+05	1.7328 70.3924 0.5127	
44.688090 277.103375	5.74e-01  7.95e-01  2.38e+05	13.9795 61.6807 0.2330	
44.688090 277.103375	4.28e-01  9.18e-01  2.41e+05	-18.6632 58.5765 0.0414	
44.688090 277.103375	5.93e-01  7.41e-01  2.42e+05	11.2783 59.5539 0.2482	
44.688090 277.103375	4.65e-01  9.10e-01  2.38e+05	35.4005 52.9610 0.2936	
44.688090 277.103375	6.25e-01  6.82e-01  2.45e+05	2.4957 58.3500 0.0585	
44.688090 277.103375	5.96e-01  6.31e-01  2.54e+05	-3.4231 51.0580 0.0867	
44.688090 277.103375	5.60e-01  7.03e-01  2.50e+05	-1.7883 54.5809 0.9573	
44.688090 277.103375	6.15e-01  9.75e-01  2.18e+05	12.7518 75.3712 0.6692	
44.688090 277.103375	6.32e-01  9.32e-01  2.20e+05	18.2430 72.9206 0.1974	
44.688090 277.103375	3.97e-01  7.19e-01  2.67e+05	1.5915 37.4388 0.3909	
44.688090 277.103375	7.18e-01  8.84e-01  2.17e+05	27.8450 71.8296 0.0427	
44.688090 277.103375	4.63e-01  6.99e-01  2.61e+05	16.6811 40.5641 0.5252	
44.688090 277.103375	4.48e-01  7.45e-01  2.58e+05	11.5666 46.0805 0.4466	
44.688090 277.103375	7.34e-01  8.50e-01  2.19e+05	8.7174 75.6708 0.2097	
44.688090 277.103375	5.24e-01  8.18e-01  2.41e+05	-2.8909 61.1149 0.1153	
44.688090 277.103375	5.27e-01  7.72e-01  2.46e+05	-16.2371 55.4429 0.3762	
44.688090 277.103375	5.70e-01  8.79e-01  2.31e+05	-21.5432 65.1455 0.3582	
44.688090 277.103375	3.68e-01  8.30e-01  2.57e+05	24.4354 41.3479 0.8627	
44.688090 277.103375	3.79e-01  8.10e-01  2.58e+05	14.3987 44.8388 0.5351	
44.688090 277.103375	6.22e-01  7.58e-01  2.37e+05	-8.4290 63.4750 0.9150	
44.688090 277.103375	4.93e-01  8.96e-01  2.36e+05	1.5065 64.6226 0.8845	
44.688090 277.103375	4.92e-01  8.03e-01  2.46e+05	-28.3663 49.9293 0.5712	
44.688090 277.103375	5.55e-01  8.76e-01  2.32e+05	-6.9596 67.1306 0.5354	
44.688090 277.103375	6.68e-01  7.54e-01  2.33e+05	-2.2857 66.8370 0.9999	
44.688090 277.103375	6.51e-01  9.13e-01  2.20e+05	-32.4917 67.7610 0.2813	
44.688090 277.103375	5.33e-01  7.44e-01  2.48e+05	-1.7614 55.8568 0.6931	
44.688090 277.103375	4.59e-01  6.62e-01  2.66e+05	5.3675 37.8455 0.0473	
44.688090 277.103375	4.90e-01  7.05e-01  2.57e+05	3.3858 47.6202 0.8045	
44.688090 277.103375	6.33e-01  8.08e-01  2.31e+05	-5.7265 67.9073 0.8619	
44.688090 277.103375	5.52e-01  6.64e-01  2.55e+05	23.3825 44.1892 0.5361	
44.688090 277.103375	3.68e-01  7.76e-01  2.63e+05	-2.1131 41.4723 0.7342	
44.688090 277.103375	5.55e-01  6.11e-01  2.61e+05	7.4874 43.7106 0.9979	
44.688090 277.103375	4.53e-01  7.75e-01  2.54e+05	6.4275 50.8613 0.4266	
44.688090 277.103375	4.68e-01  7.58e-01  2.54e+05	-12.9814 49.4068 0.3271	
44.688090 277.103375	3.39e-01  8.92e-01  2.53e+05	3.4717 51.4797 0.0864	
44.688090 277.103375	6.31e-01  9.41e-01  2.20e+05	-21.4145 72.4498 0.8126	
44.688090 277.103375	3.52e-01  9.04e-01  2.50e+05	16.4045 51.3615 0.2122	
44.688090 277.103375	4.90e-01  8.05e-01  2.46e+05	-13.9554 55.7050 0.6959	
44.688090 277.103375	4.80e-01  7.49e-01  2.53e+05	5.4080 51.0802 0.4929	
44.688090 277.103375	5.97e-01  8.58e-01  2.30e+05	4.4781 68.7912 0.1278	
44.688090 277.103375	3.65e-01  8.35e-01  2.57e+05	12.9729 46.5816 0.6487	
44.688090 277.103375	6.24e-01  7.99e-01  2.33e+05	22.9759 62.8566 0.2390	
44.688090 277.103375	6.69e-01  8.33e-01  2.26e+05	3.9280 71.6576 0.1770	
44.688090 277.103375	7.16e-01  8.46e-01  2.21e+05	-37.3323 65.0850 0.5449	
44.688090 277.103375	5.31e-01  8.40e-01  2.38e+05	-31.3054 55.1675 0.1367	
44.688090 277.103375	4.23e-01  6.68e-01  2.70e+05	-10.9256 31.5192 0.0438	
44.688090 277.103375	4.02e-01  6.95e-01  2.69e+05	16.5287 30.1678 0.0999	
44.688090 277.103375	5.01e-01  9.05e-01  2.35e+05	18.6520 63.0888 0.2898	
44.688090 277.103375	7.42e-01  8.20e-01  2.20e+05	27.7698 69.7680 0.7051	
44.688090 277.103375	3.21e-01  8.55e-01  2.60e+05	-0.7101 45.5920 0.6384	
44.688090 277.103375	5.16e-01  8.36e-01  2.40e+05	33.0897 52.4775 0.6567	
44.688090 277.103375	6.01e-01  9.12e-01  2.25e+05	-35.9341 62.8684 0.2258	
44.688090 277.103375	4.98e-01  7.54e-01  2.51e+05	21.3086 49.1826 0.6070	
44.688090 277.103375	3.97e-01  7.95e-01  2.58e+05	0.6145 47.4766 0.6453	
44.688090 277.103375	2.83e-01  9.36e-01  2.55e+05	-0.5456 50.3549 0.6251	
44.688090 277.103375	3.55e-01  9.63e-01  2.44e+05	-4.9421 59.1815 0.8484	
44.688090 277.103375	7.07e-01  7.45e-01  2.30e+05	-13.6233 67.4619 0.4769	
44.688090 277.103375	4.96e-01  7.54e-01  2.51e+05	16.3038 50.9054 0.1415	
44.688090 277.103375	5.51e-01  8.64e-01  2.34e+05	14.6663 64.7917 0.4017	
44.688090 277.103375	3.30e-01  8.43e-01  2.60e+05	3.7035 45.1718 0.7258	
44.688090 277.103375	4.08e-01  8.61e-01  2.49e+05	-1.1219 55.1472 0.4632	
44.688090 277.103375	4.60e-01  7.50e-01  2.56e+05	12.4752 47.7852 0.8118	
44.688090 277.103375	5.74e-01  9.17e-01  2.27e+05	-17.3819 69.0176 0.0464	
44.688090 277.103375	5.75e-01  8.17e-01  2.36e+05	-12.3611 63.7077 0.3375	
44.688090 277.103375	1.79e-01  9.50e-01  2.65e+05	1.5030 39.4710 0.0439	
44.688090 277.103375	4.79e-01  7.20e-01  2.57e+05	-2.3795 48.2232 0.3697	
44.688090 277.103375	3.00e-01  9.49e-01  2.51e+05	29.5123 44.4996 0.8126	
44.688090 277.103375	6.86e-01  9.59e-01  2.14e+05	35.5007 70.7230 0.3412	
44.688090 277.103375	2.35e-01  9.65e-01  2.57e+05	26.8948 40.1608 0.8473	
44.688090 277.103375	6.12e-01  6.91e-01  2.45e+05	11.7864 56.9831 0.1668	
44.688090 277.103375	5.84e-01  7.40e-01  2.43e+05	-18.2620 56.9665 0.6603	
44.688090 277.103375	5.23e-01  8.45e-01  2.39e+05	48.9668 39.9047 0.0510	
44.688090 277.103375	4.29e-01  8.54e-01  2.47e+05	-17.3126 53.7024 0.3771	
44.688090 277.103375	5.61e-01  7.78e-01  2.41e+05	-1.2849 61.0071 0.1164	
44.688090 277.103375	4.80e-01  8.01e-01  2.48e+05	-23.7603 50.9504 0.0699	
44.688090 277.103375	4.71e-01  7.93e-01  2.50e+05	-10.9622 53.5762 0.1971	
44.688090 277.103375	4.72e-01  7.39e-01  2.55e+05	-7.5185 49.0016 0.2021	
44.688090 277.103375	5.38e-01  7.69e-01  2.45e+05	-1.1918 58.4305 0.0060	
44.688090 277.103375	5.39e-01  6.28e-01  2.61e+05	17.7843 40.7081 0.5240	
44.688090 277.103375	5.10e-01  7.76e-01  2.47e+05	9.2172 55.8650 0.5088	
44.688090 277.103375	6.31e-01  7.51e-01  2.37e+05	12.0021 63.0796 0.9947	
44.688090 277.103375	2.71e-01  9.10e-01  2.59e+05	5.8238 45.7125 0.1642	
44.688090 277.103375	4.21e-01  7.58e-01  2.59e+05	8.5906 45.1863 0.1860	
44.688090 277.103375	4.80e-01  7.72e-01  2.51e+05	-14.2666 51.6911 0.0928	
44.688090 277.103375	4.60e-01  9.55e-01  2.34e+05	-35.8072 55.9484 0.1728	
44.688090 277.103375	3.98e-01  7.65e-01  2.61e+05	-16.9412 40.5461 0.6895	
44.688090 277.103375	5.80e-01  7.74e-01  2.40e+05	-0.8801 62.1024 0.7572	
44.688090 277.103375	4.97e-01  7.66e-01  2.50e+05	21.3872 50.2123 0.5406	
44.688090 277.103375	4.93e-01  7.76e-01  2.49e+05	-26.3193 48.4371 0.1808	
44.688090 277.103375	6.12e-01  7.05e-01  2.44e+05	13.9787 57.5530 0.5520	
