65.607626 259.931647	4.44e-01  8.33e-01  2.11e+05	0.0000 51.6261 0.1981	
65.607626 259.931647	6.60e-01  6.91e-01  2.05e+05	-24.5526 51.6210 0.5530	
65.607626 259.931647	7.60e-01  7.92e-01  1.89e+05	-7.1596 68.3925 0.4485	
65.607626 259.931647	5.48e-01  8.77e-01  1.98e+05	-2.9085 61.8401 0.9974	
65.607626 259.931647	6.02e-01  8.07e-01  2.00e+05	11.3975 59.8544 0.9269	
65.607626 259.931647	4.30e-01  8.77e-01  2.09e+05	-3.6369 53.7991 0.5324	
65.607626 259.931647	4.95e-01  9.46e-01  1.97e+05	8.8346 62.2511 0.3531	
65.607626 259.931647	6.33e-01  8.29e-01  1.95e+05	15.4284 62.1844 0.9548	
65.607626 259.931647	6.27e-01  7.01e-01  2.07e+05	4.2985 55.3504 0.4204	
65.607626 259.931647	5.91e-01  7.69e-01  2.04e+05	43.9192 37.5936 0.0293	
65.607626 259.931647	6.71e-01  8.76e-01  1.89e+05	16.6694 66.4887 0.9416	
65.607626 259.931647	8.06e-01  8.96e-01  1.78e+05	5.7839 75.1270 0.2274	
65.607626 259.931647	6.02e-01  8.59e-01  1.96e+05	-33.6131 54.4698 0.7211	
65.607626 259.931647	5.38e-01  8.61e-01  2.01e+05	-32.9754 50.5268 0.2049	
65.607626 259.931647	6.51e-01  8.27e-01  1.94e+05	-24.6872 60.0600 0.0815	
65.607626 259.931647	5.35e-01  8.41e-01  2.03e+05	-13.5340 57.2160 0.3720	
65.607626 259.931647	6.21e-01  7.67e-01  2.02e+05	9.2629 58.8591 0.0860	
65.607626 259.931647	5.37e-01  7.52e-01  2.10e+05	9.4680 51.7038 0.8224	
65.607626 259.931647	6.20e-01  8.25e-01  1.97e+05	14.1461 61.4894 0.6056	
65.607626 259.931647	5.37e-01  7.82e-01  2.07e+05	-2.1762 54.8578 0.6301	
65.607626 259.931647	4.25e-01  6.78e-01  2.29e+05	-5.5466 32.2276 0.0336	
65.607626 259.931647	4.04e-01  7.86e-01  2.20e+05	-11.7117 41.9225 0.5054	
65.607626 259.931647	5.15e-01  8.66e-01  2.02e+05	-18.3399 56.2556 0.9940	
65.607626 259.931647	4.21e-01  8.52e-01  2.12e+05	-7.0290 50.7731 0.7792	
65.607626 259.931647	4.94e-01  8.54e-01  2.05e+05	-8.5802 56.2802 0.6331	
65.607626 259.931647	6.00e-01  7.88e-01  2.01e+05	-19.2203 56.4764 0.2564	
65.607626 259.931647	6.88e-01  7.73e-01  1.96e+05	-10.2222 63.1348 0.5023	
65.607626 259.931647	4.43e-01  6.51e-01  2.30e+05	8.1816 30.1456 0.5527	
65.607626 259.931647	6.15e-01  7.86e-01  2.00e+05	-25.9388 54.5702 0.9502	
65.607626 259.931647	5.57e-01  7.82e-01  2.06e+05	-33.0867 45.5100 0.1204	
65.607626 259.931647	5.83e-01  6.79e-01  2.13e+05	-5.3037 50.0806 0.4967	
65.607626 259.931647	6.81e-01  9.66e-01  1.82e+05	29.2424 67.0113 0.8780	
65.607626 259.931647	4.27e-01  8.15e-01  2.15e+05	4.6232 48.3192 0.1415	
65.607626 259.931647	7.25e-01  9.27e-01  1.81e+05	28.4169 67.6118 0.1475	
65.607626 259.931647	8.06e-01  9.36e-01  1.75e+05	18.4537 74.7035 0.2983	
65.607626 259.931647	6.28e-01  9.12e-01  1.89e+05	18.1114 65.7424 0.4665	
65.607626 259.931647	7.01e-01  7.86e-01  1.93e+05	8.0545 64.9512 0.7748	
65.607626 259.931647	5.08e-01  7.42e-01  2.14e+05	-3.3042 49.1903 0.3341	
65.607626 259.931647	2.57e-01  8.81e-01  2.25e+05	14.9997 34.3217 0.4212	
65.607626 259.931647	7.56e-01  8.21e-01  1.87e+05	-22.9383 66.0750 0.5824	
65.607626 259.931647	5.64e-01  8.84e-01  1.97e+05	4.3876 63.0978 0.0092	
65.607626 259.931647	6.51e-01  7.48e-01  2.01e+05	-21.7225 56.2490 0.3667	
65.607626 259.931647	6.73e-01  7.74e-01  1.97e+05	-31.3788 54.8764 0.6037	
65.607626 259.931647	4.63e-01  8.07e-01  2.12e+05	-34.2234 37.9071 0.9005	
65.607626 259.931647	5.65e-01  7.26e-01  2.10e+05	14.2948 50.7407 0.8788	
65.607626 259.931647	5.07e-01  8.94e-01  2.00e+05	9.2747 59.6980 0.7348	
65.607626 259.931647	6.16e-01  6.80e-01  2.09e+05	25.5603 46.6041 0.5624	
65.607626 259.931647	4.94e-01  8.39e-01  2.06e+05	-17.1723 53.2059 0.0688	
65.607626 259.931647	7.87e-01  8.37e-01  1.83e+05	2.5500 72.0791 0.0108	
65.607626 259.931647	3.80e-01  7.63e-01  2.25e+05	9.4343 37.0054 0.3003	
65.607626 259.931647	5.10e-01  9.31e-01  1.97e+05	-4.9608 62.6201 0.1028	
65.607626 259.931647	5.63e-01  8.56e-01  1.99e+05	36.0370 49.9454 0.4509	
65.607626 259.931647	5.56e-01  7.71e-01  2.07e+05	-1.0966 55.4282 0.8467	
65.607626 259.931647	3.30e-01  9.38e-01  2.12e+05	-13.9755 48.8522 0.1448	
65.607626 259.931647	6.83e-01  7.48e-01  1.98e+05	-9.8191 61.4491 0.6575	
65.607626 259.931647	5.54e-01  9.06e-01  1.96e+05	-0.5751 63.9532 0.4408	
65.607626 259.931647	5.13e-01  7.11e-01  2.16e+05	-10.7032 45.7146 0.6152	
65.607626 259.931647	5.80e-01  7.21e-01  2.09e+05	9.2214 52.7065 0.6988	
65.607626 259.931647	7.29e-01  9.13e-01  1.82e+05	9.5712 72.2742 0.0705	
65.607626 259.931647	4.46e-01  8.64e-01  2.08e+05	-29.2817 45.5833 0.4198	
65.607626 259.931647	7.39e-01  9.25e-01  1.81e+05	-5.9661 73.5870 0.3341	
65.607626 259.931647	4.63e-01  9.13e-01  2.03e+05	-9.4528 58.0367 0.3213	
65.607626 259.931647	6.26e-01  9.65e-01  1.86e+05	-17.4734 68.4441 0.1233	
65.607626 259.931647	5.89e-01  8.25e-01  1.99e+05	-22.7004 56.9190 0.8767	
65.607626 259.931647	5.69e-01  7.80e-01  2.05e+05	7.0151 56.5482 0.7092	
65.607626 259.931647	3.66e-01  7.16e-01  2.31e+05	-1.9198 29.1886 0.9330	
65.607626 259.931647	6.78e-01  8.17e-01  1.93e+05	-17.7436 63.4458 0.7171	
65.607626 259.931647	4.38e-01  7.73e-01  2.18e+05	6.5425 45.2982 0.1811	
65.607626 259.931647	5.22e-01  7.84e-01  2.09e+05	-6.8439 53.4087 0.9604	
65.607626 259.931647	5.71e-01  8.59e-01  1.98e+05	-2.8332 62.1541 0.2318	
65.607626 259.931647	3.41e-01  8.42e-01  2.20e+05	-1.3475 42.7775 0.3036	
65.607626 259.931647	4.73e-01  8.04e-01  2.11e+05	-25.3873 44.8835 0.1231	
65.607626 259.931647	6.36e-01  8.61e-01  1.93e+05	-2.9805 65.9078 0.7762	
65.607626 259.931647	5.11e-01  8.45e-01  2.04e+05	-19.7597 54.0328 0.5584	
65.607626 259.931647	5.42e-01  9.13e-01  1.96e+05	6.5767 63.3215 0.4697	
65.607626 259.931647	5.43e-01  6.85e-01  2.16e+05	-0.9563 47.3721 0.5481	
65.607626 259.931647	5.79e-01  8.52e-01  1.98e+05	29.9913 54.5675 0.5481	
65.607626 259.931647	6.53e-01  9.21e-01  1.87e+05	0.9870 69.8311 0.9522	
65.607626 259.931647	5.08e-01  7.49e-01  2.13e+05	9.3924 48.9847 0.3291	
65.607626 259.931647	5.17e-01  8.94e-01  2.00e+05	-15.6132 59.0721 0.6219	
65.607626 259.931647	5.02e-01  8.20e-01  2.07e+05	18.1824 52.0337 0.8747	
65.607626 259.931647	4.90e-01  8.92e-01  2.02e+05	-5.6121 58.9622 0.5509	
65.607626 259.931647	7.21e-01  9.59e-01  1.80e+05	-2.3258 74.4673 0.6628	
65.607626 259.931647	6.36e-01  8.12e-01  1.97e+05	-28.7426 56.3280 0.3478	
65.607626 259.931647	7.14e-01  9.55e-01  1.80e+05	32.9538 66.3016 0.2608	
65.607626 259.931647	7.95e-01  8.32e-01  1.83e+05	11.3838 71.3205 0.7928	
65.607626 259.931647	5.28e-01  7.22e-01  2.14e+05	17.1329 46.2873 0.6564	
65.607626 259.931647	5.72e-01  7.65e-01  2.06e+05	-13.8239 54.4369 0.0019	
65.607626 259.931647	4.33e-01  7.47e-01  2.21e+05	2.6750 42.3837 0.8726	
65.607626 259.931647	6.48e-01  8.65e-01  1.91e+05	-39.3470 53.9764 0.0567	
65.607626 259.931647	4.64e-01  8.86e-01  2.05e+05	-3.3853 56.9299 0.8686	
65.607626 259.931647	6.25e-01  7.36e-01  2.04e+05	28.5999 50.2510 0.0338	
65.607626 259.931647	5.87e-01  8.02e-01  2.01e+05	-24.7081 54.2798 0.9233	
65.607626 259.931647	5.65e-01  9.03e-01  1.95e+05	6.1918 64.0993 0.7814	
65.607626 259.931647	6.18e-01  8.38e-01  1.96e+05	0.7472 63.7162 0.5158	
65.607626 259.931647	6.14e-01  8.16e-01  1.98e+05	6.5350 61.8765 0.0503	
65.607626 259.931647	6.54e-01  8.89e-01  1.89e+05	17.1360 66.1851 0.0180	
65.607626 259.931647	4.81e-01  8.37e-01  2.08e+05	-18.6609 51.4954 0.1814	
65.607626 259.931647	5.49e-01  8.27e-01  2.03e+05	29.4872 50.8772 0.1044	
65.607626 259.931647	4.27e-01  8.53e-01  2.11e+05	2.4255 51.7742 0.9045	
65.607626 259.931647	5.70e-01  9.29e-01  1.93e+05	-13.0282 64.7767 0.4086	
65.607626 259.931647	7.40e-01  8.20e-01  1.88e+05	14.7244 67.5724 0.6407	
65.607626 259.931647	5.46e-01  8.95e-01  1.97e+05	4.2203 62.7062 0.1932	
65.607626 259.931647	6.00e-01  9.85e-01  1.86e+05	2.9366 70.2610 0.4573	
65.607626 259.931647	4.14e-01  8.28e-01  2.15e+05	14.4060 46.4167 0.5374	
65.607626 259.931647	5.68e-01  8.90e-01  1.96e+05	-5.0381 63.5972 0.2444	
65.607626 259.931647	7.00e-01  8.45e-01  1.89e+05	17.1305 66.2536 0.6131	
65.607626 259.931647	6.05e-01  6.92e-01  2.09e+05	-9.4309 52.3400 0.4409	
65.607626 259.931647	6.98e-01  7.66e-01  1.95e+05	-32.4971 55.3215 0.7837	
65.607626 259.931647	5.16e-01  6.27e-01  2.25e+05	9.3470 37.0532 0.3258	
65.607626 259.931647	4.41e-01  7.95e-01  2.15e+05	1.5832 48.0697 0.4392	
65.607626 259.931647	6.85e-01  9.69e-01  1.81e+05	26.7784 68.3357 0.4963	
65.607626 259.931647	6.14e-01  8.80e-01  1.93e+05	27.4421 59.8439 0.6321	
65.607626 259.931647	6.42e-01  8.17e-01  1.96e+05	14.7485 62.1588 0.8383	
65.607626 259.931647	7.50e-01  7.88e-01  1.90e+05	5.5399 67.8910 0.0929	
65.607626 259.931647	5.83e-01  8.61e-01  1.97e+05	14.7497 61.2944 0.7604	
65.607626 259.931647	5.43e-01  9.06e-01  1.96e+05	8.5722 62.7700 0.2464	
65.607626 259.931647	5.24e-01  7.15e-01  2.15e+05	-11.9076 46.8101 0.4381	
65.607626 259.931647	6.12e-01  8.40e-01  1.96e+05	23.7172 58.8811 0.1046	
65.607626 259.931647	6.34e-01  9.42e-01  1.87e+05	-33.0130 61.6875 0.5811	
65.607626 259.931647	5.51e-01  8.12e-01  2.04e+05	-5.9301 57.6138 0.1379	
65.607626 259.931647	6.03e-01  7.61e-01  2.04e+05	7.2119 57.5670 0.5139	
65.607626 259.931647	4.82e-01  7.96e-01  2.11e+05	-10.9116 50.5602 0.1577	
65.607626 259.931647	4.65e-01  8.74e-01  2.06e+05	8.9185 55.6204 0.4968	
65.607626 259.931647	6.32e-01  8.46e-01  1.94e+05	16.4292 62.8214 0.4372	
65.607626 259.931647	5.10e-01  7.59e-01  2.12e+05	6.6487 50.4961 0.8702	
65.607626 259.931647	3.54e-01  8.55e-01  2.18e+05	-12.8549 43.6261 0.6965	
65.607626 259.931647	5.98e-01  8.42e-01  1.97e+05	-14.8761 60.9753 0.1529	
65.607626 259.931647	5.82e-01  7.35e-01  2.08e+05	0.9966 54.6985 0.3302	
65.607626 259.931647	4.89e-01  7.52e-01  2.15e+05	2.3802 48.4775 0.0605	
65.607626 259.931647	6.88e-01  7.64e-01  1.96e+05	-14.1882 61.9291 0.1027	
65.607626 259.931647	4.15e-01  8.53e-01  2.12e+05	0.4706 50.8415 0.2494	
65.607626 259.931647	5.52e-01  8.41e-01  2.01e+05	2.2474 59.8463 0.6625	
65.607626 259.931647	3.61e-01  7.59e-01  2.27e+05	-5.7562 34.7252 0.7805	
65.607626 259.931647	7.63e-01  8.10e-01  1.87e+05	-26.7816 64.4430 0.4006	
65.607626 259.931647	6.61e-01  8.91e-01  1.89e+05	-23.3517 64.6572 0.9051	
65.607626 259.931647	6.90e-01  8.38e-01  1.90e+05	-14.3111 66.0312 0.7875	
65.607626 259.931647	5.30e-01  8.66e-01  2.01e+05	14.9914 58.2526 0.4920	
65.607626 259.931647	4.93e-01  8.49e-01  2.05e+05	20.0025 52.8260 0.9847	
65.607626 259.931647	7.15e-01  7.64e-01  1.94e+05	-9.7009 64.2867 0.7349	
65.607626 259.931647	7.28e-01  8.67e-01  1.85e+05	38.7356 59.3182 0.7644	
65.607626 259.931647	4.45e-01  7.13e-01  2.23e+05	-20.8481 34.1426 0.8738	
65.607626 259.931647	6.92e-01  8.93e-01  1.86e+05	7.1129 70.0053 0.9139	
65.607626 259.931647	4.84e-01  7.99e-01  2.11e+05	30.4524 42.2384 0.8163	
65.607626 259.931647	6.72e-01  9.10e-01  1.86e+05	10.9938 69.3292 0.6938	
65.607626 259.931647	6.68e-01  7.33e-01  2.00e+05	-21.2100 56.5825 0.2026	
65.607626 259.931647	5.77e-01  8.56e-01  1.98e+05	-9.2359 61.6768 0.0131	
65.607626 259.931647	3.31e-01  8.91e-01  2.17e+05	-14.7419 44.3753 0.6308	
65.607626 259.931647	5.10e-01  7.19e-01  2.16e+05	-22.3298 41.8767 0.7222	
65.607626 259.931647	5.72e-01  7.06e-01  2.11e+05	-5.3398 51.4216 0.6134	
65.607626 259.931647	6.08e-01  6.60e-01  2.12e+05	-5.3206 50.5553 0.8937	
65.607626 259.931647	5.15e-01  9.00e-01  1.99e+05	10.8597 60.3836 0.3292	
65.607626 259.931647	8.02e-01  9.66e-01  1.74e+05	13.8363 76.6664 0.5479	
65.607626 259.931647	7.44e-01  7.85e-01  1.90e+05	11.2754 66.7112 0.6545	
65.607626 259.931647	3.96e-01  8.21e-01  2.17e+05	-11.4984 44.7963 0.0627	
65.607626 259.931647	4.16e-01  7.82e-01  2.19e+05	-22.9472 37.9324 0.7359	
65.607626 259.931647	8.31e-01  9.47e-01  1.73e+05	-52.6158 57.9349 0.9864	
65.607626 259.931647	5.53e-01  8.46e-01  2.00e+05	-1.5458 60.3376 0.3976	
65.607626 259.931647	6.27e-01  6.83e-01  2.08e+05	-30.9890 44.4682 0.9250	
65.607626 259.931647	4.84e-01  7.80e-01  2.13e+05	26.1049 43.2376 0.8576	
65.607626 259.931647	6.94e-01  9.36e-01  1.83e+05	-28.5063 66.5389 0.7253	
65.607626 259.931647	5.83e-01  8.49e-01  1.98e+05	-42.9604 45.1551 0.2398	
65.607626 259.931647	4.18e-01  8.58e-01  2.11e+05	3.1674 51.3649 0.1954	
65.607626 259.931647	6.99e-01  9.29e-01  1.83e+05	-3.9089 72.2070 0.5671	
65.607626 259.931647	5.75e-01  7.10e-01  2.11e+05	13.6213 50.4417 0.2220	
65.607626 259.931647	7.13e-01  9.17e-01  1.83e+05	21.6304 69.0968 0.1605	
65.607626 259.931647	4.93e-01  8.30e-01  2.07e+05	10.0657 54.2705 0.8682	
65.607626 259.931647	6.56e-01  8.40e-01  1.93e+05	12.0569 64.7870 0.1255	
65.607626 259.931647	5.85e-01  7.00e-01  2.11e+05	-5.2092 51.9733 0.9386	
65.607626 259.931647	7.01e-01  8.22e-01  1.91e+05	-7.5831 66.8719 0.7018	
65.607626 259.931647	6.08e-01  8.53e-01  1.95e+05	-9.9132 63.2753 0.2733	
65.607626 259.931647	5.46e-01  8.20e-01  2.03e+05	0.8154 58.1781 0.1961	
65.607626 259.931647	4.97e-01  7.47e-01  2.14e+05	4.0635 48.5832 0.4367	
65.607626 259.931647	4.64e-01  7.20e-01  2.20e+05	-11.4522 41.4072 0.6205	
65.607626 259.931647	6.42e-01  9.14e-01  1.88e+05	19.6286 66.0946 0.7047	
65.607626 259.931647	4.74e-01  7.88e-01  2.13e+05	-9.3869 49.4803 0.1949	
65.607626 259.931647	4.93e-01  8.92e-01  2.02e+05	11.3484 58.3447 0.5821	
65.607626 259.931647	5.79e-01  8.53e-01  1.98e+05	14.4242 60.6358 0.3256	
65.607626 259.931647	6.95e-01  9.14e-01  1.84e+05	-15.7349 69.7169 0.4432	
65.607626 259.931647	7.86e-01  9.04e-01  1.79e+05	12.1460 73.9105 0.0556	
65.607626 259.931647	6.23e-01  7.77e-01  2.00e+05	19.2683 57.2128 0.5370	
65.607626 259.931647	7.05e-01  8.86e-01  1.86e+05	-38.4901 59.2117 0.2562	
65.607626 259.931647	7.48e-01  8.12e-01  1.88e+05	5.9955 68.9209 0.7615	
65.607626 259.931647	4.49e-01  9.03e-01  2.05e+05	16.4987 54.7515 0.9459	
65.607626 259.931647	4.47e-01  7.33e-01  2.21e+05	10.3234 41.2002 0.6036	
65.607626 259.931647	5.23e-01  8.24e-01  2.05e+05	21.4673 52.5940 0.2968	
65.607626 259.931647	4.70e-01  7.68e-01  2.15e+05	10.2515 47.0825 0.3180	
65.607626 259.931647	4.81e-01  8.96e-01  2.02e+05	-11.7417 57.7193 0.9969	
65.607626 259.931647	5.55e-01  7.53e-01  2.08e+05	-22.1690 49.2722 0.0162	
65.607626 259.931647	7.12e-01  7.72e-01  1.94e+05	7.2426 64.8866 0.4877	
65.607626 259.931647	6.37e-01  7.33e-01  2.03e+05	-12.9768 56.9981 0.7896	
65.607626 259.931647	5.78e-01  9.00e-01  1.94e+05	11.5937 63.9247 0.3697	
65.607626 259.931647	3.89e-01  9.31e-01  2.07e+05	-19.3389 51.4496 0.6397	
65.607626 259.931647	6.60e-01  9.16e-01  1.87e+05	-16.8649 67.8699 0.5729	
65.607626 259.931647	7.82e-01  8.85e-01  1.80e+05	23.7658 70.0352 0.3085	
65.607626 259.931647	4.83e-01  7.97e-01  2.11e+05	33.3419 39.7328 0.9656	
65.607626 259.931647	6.23e-01  8.00e-01  1.99e+05	-2.2939 61.7252 0.2438	
65.607626 259.931647	5.00e-01  9.09e-01  2.00e+05	18.3649 58.0794 0.8655	
65.607626 259.931647	5.80e-01  8.60e-01  1.97e+05	7.0392 62.3958 0.9978	
65.607626 259.931647	4.79e-01  7.00e-01  2.21e+05	-1.4788 42.3606 0.9611	
65.607626 259.931647	5.57e-01  8.54e-01  2.00e+05	-5.1922 60.8222 0.3903	
65.607626 259.931647	6.63e-01  6.89e-01  2.05e+05	7.8236 56.7121 0.7704	
65.607626 259.931647	4.62e-01  7.62e-01  2.16e+05	-10.3482 45.7452 0.4929	
65.607626 259.931647	4.40e-01  6.80e-01  2.27e+05	-1.7299 35.1821 0.7907	
65.607626 259.931647	4.31e-01  8.00e-01  2.16e+05	-9.5263 46.5654 0.2374	
65.607626 259.931647	6.12e-01  9.24e-01  1.90e+05	28.4080 61.7833 0.9316	
65.607626 259.931647	6.37e-01  9.60e-01  1.85e+05	-36.9341 60.5697 0.1988	
65.607626 259.931647	7.51e-01  9.01e-01  1.81e+05	-3.3910 73.2490 0.3155	
65.607626 259.931647	5.73e-01  9.68e-01  1.89e+05	-24.2645 63.8157 0.8867	
65.607626 259.931647	6.25e-01  8.15e-01  1.97e+05	-9.8082 62.0413 0.8277	
65.607626 259.931647	5.64e-01  8.53e-01  1.99e+05	-15.6567 59.4296 0.4464	
65.607626 259.931647	6.92e-01  7.97e-01  1.93e+05	33.2330 56.5273 0.9619	
65.607626 259.931647	4.46e-01  7.50e-01  2.19e+05	-0.9235 44.1899 0.3307	
65.607626 259.931647	6.02e-01  8.21e-01  1.99e+05	45.8513 41.3879 0.2649	
65.607626 259.931647	5.56e-01  6.90e-01  2.14e+05	20.5477 44.4642 0.9572	
65.607626 259.931647	5.06e-01  8.87e-01  2.01e+05	23.4925 55.1158 0.2018	
65.607626 259.931647	4.21e-01  8.72e-01  2.10e+05	4.4695 52.6524 0.3426	
65.607626 259.931647	6.02e-01  9.04e-01  1.92e+05	-9.5872 65.7639 0.8312	
65.607626 259.931647	4.09e-01  8.80e-01  2.10e+05	-2.5911 52.4955 0.5334	
65.607626 259.931647	6.01e-01  8.02e-01  2.00e+05	10.5530 59.6265 0.7594	
65.607626 259.931647	6.47e-01  8.70e-01  1.91e+05	-4.0070 66.9038 0.3150	
65.607626 259.931647	5.21e-01  9.80e-01  1.92e+05	3.9939 66.0394 0.6569	
65.607626 259.931647	6.28e-01  7.97e-01  1.98e+05	-10.6042 61.0164 0.9658	
65.607626 259.931647	3.72e-01  8.42e-01  2.17e+05	13.1429 44.0929 0.8213	
65.607626 259.931647	6.06e-01  8.21e-01  1.98e+05	-18.0885 59.3528 0.5736	
65.607626 259.931647	5.66e-01  8.59e-01  1.98e+05	16.1865 59.7409 0.2659	
65.607626 259.931647	6.14e-01  7.85e-01  2.01e+05	10.0688 59.4915 0.6228	
65.607626 259.931647	6.71e-01  8.01e-01  1.95e+05	0.0578 64.6428 0.4294	
65.607626 259.931647	6.51e-01  7.02e-01  2.05e+05	-12.7250 55.8207 0.9121	
65.607626 259.931647	7.47e-01  8.64e-01  1.84e+05	-37.8801 60.6931 0.8173	
65.607626 259.931647	5.64e-01  7.46e-01  2.08e+05	8.6502 53.4488 0.0682	
65.607626 259.931647	4.21e-01  8.43e-01  2.12e+05	10.8406 49.3676 0.9159	
65.607626 259.931647	5.61e-01  7.71e-01  2.06e+05	-8.8247 55.1279 0.4016	
65.607626 259.931647	5.08e-01  8.87e-01  2.01e+05	-27.7061 53.2586 0.7062	
65.607626 259.931647	6.39e-01  8.92e-01  1.90e+05	-37.9896 56.0840 0.4048	
65.607626 259.931647	6.63e-01  8.95e-01  1.88e+05	23.6298 64.9100 0.1012	
65.607626 259.931647	5.04e-01  7.49e-01  2.14e+05	-8.9765 48.7774 0.6136	
65.607626 259.931647	7.23e-01  8.20e-01  1.89e+05	25.7722 63.3011 0.4182	
65.607626 259.931647	6.20e-01  9.17e-01  1.90e+05	4.6080 67.8895 0.2979	
65.607626 259.931647	5.13e-01  8.47e-01  2.04e+05	7.3360 57.2969 0.8061	
65.607626 259.931647	5.52e-01  8.10e-01  2.04e+05	13.2639 56.3620 0.0764	
65.607626 259.931647	7.38e-01  8.15e-01  1.88e+05	-23.4144 64.7288 0.2370	
65.607626 259.931647	5.73e-01  8.76e-01  1.96e+05	-17.4855 60.8490 0.3975	
65.607626 259.931647	5.22e-01  6.53e-01  2.21e+05	0.6046 41.8683 0.4662	
65.607626 259.931647	5.66e-01  8.96e-01  1.95e+05	8.9407 63.4462 0.2517	
65.607626 259.931647	5.82e-01  6.75e-01  2.13e+05	-12.1125 48.4701 0.7981	
65.607626 259.931647	4.76e-01  7.87e-01  2.13e+05	24.6507 43.9363 0.6374	
65.607626 259.931647	5.87e-01  7.06e-01  2.10e+05	2.8085 52.8196 0.7309	
65.607626 259.931647	5.89e-01  7.86e-01  2.03e+05	-37.4097 45.3137 0.0147	
65.607626 259.931647	6.50e-01  8.51e-01  1.92e+05	18.5215 63.5214 0.5293	
65.607626 259.931647	6.87e-01  7.67e-01  1.96e+05	-19.7245 60.4644 0.0207	
65.607626 259.931647	4.80e-01  8.43e-01  2.07e+05	-6.5452 54.7470 0.4175	
65.607626 259.931647	7.10e-01  7.19e-01  1.98e+05	-23.4686 57.5111 0.3679	
65.607626 259.931647	4.70e-01  7.02e-01  2.22e+05	10.8578 40.1731 0.5527	
65.607626 259.931647	4.58e-01  8.07e-01  2.12e+05	-3.7204 50.4204 0.6251	
65.607626 259.931647	6.01e-01  8.25e-01  1.98e+05	-14.9425 60.1320 0.0636	
65.607626 259.931647	6.12e-01  8.27e-01  1.97e+05	-25.3829 57.4281 0.7967	
65.607626 259.931647	7.40e-01  8.15e-01  1.88e+05	1.2486 68.9078 0.3906	
65.607626 259.931647	5.37e-01  6.29e-01  2.22e+05	14.2586 38.3800 0.6476	
65.607626 259.931647	4.34e-01  7.86e-01  2.17e+05	-8.2867 45.8245 0.9776	
65.607626 259.931647	7.06e-01  7.46e-01  1.96e+05	0.7236 63.4881 0.4904	
65.607626 259.931647	4.39e-01  6.85e-01  2.27e+05	16.2913 31.7197 0.5295	
65.607626 259.931647	7.09e-01  7.83e-01  1.93e+05	28.3272 59.2757 0.1239	
65.607626 259.931647	4.89e-01  7.71e-01  2.13e+05	14.1183 48.1242 0.2980	
65.607626 259.931647	4.87e-01  8.86e-01  2.03e+05	17.1468 56.0409 0.6848	
65.607626 259.931647	5.04e-01  8.48e-01  2.05e+05	17.2399 54.5379 0.8268	
65.607626 259.931647	4.99e-01  7.98e-01  2.10e+05	-10.4828 52.0638 0.3692	
65.607626 259.931647	7.26e-01  8.79e-01  1.85e+05	34.8164 62.1644 0.6593	
65.607626 259.931647	5.53e-01  9.13e-01  1.95e+05	7.9963 63.7763 0.9896	
65.607626 259.931647	2.94e-01  9.76e-01  2.12e+05	-2.6012 50.9846 0.0790	
65.607626 259.931647	4.17e-01  8.46e-01  2.13e+05	-21.9268 45.4148 0.6413	
65.607626 259.931647	5.79e-01  9.43e-01  1.91e+05	13.3871 65.9333 0.8189	
65.607626 259.931647	5.38e-01  6.55e-01  2.19e+05	-30.0876 31.8838 0.1364	
65.607626 259.931647	8.35e-01  8.62e-01  1.78e+05	16.4909 73.3400 0.1864	
65.607626 259.931647	6.06e-01  8.20e-01  1.98e+05	36.6205 50.0140 0.6237	
65.607626 259.931647	6.11e-01  8.49e-01  1.96e+05	9.2290 63.2775 0.0358	
65.607626 259.931647	5.20e-01  7.94e-01  2.08e+05	5.6005 54.1188 0.4381	
65.607626 259.931647	5.32e-01  6.48e-01  2.21e+05	11.1661 40.9121 0.8615	
65.607626 259.931647	5.72e-01  7.93e-01  2.03e+05	10.1861 57.2044 0.4126	
65.607626 259.931647	7.33e-01  8.09e-01  1.89e+05	13.5370 66.9289 0.5464	
65.607626 259.931647	6.12e-01  9.70e-01  1.86e+05	-14.7694 68.6490 0.9560	
65.607626 259.931647	5.82e-01  8.07e-01  2.01e+05	17.6447 56.9761 0.7426	
65.607626 259.931647	4.77e-01  8.44e-01  2.07e+05	-3.4022 54.8304 0.7553	
65.607626 259.931647	5.50e-01  9.02e-01  1.96e+05	-10.5424 62.5979 0.4430	
65.607626 259.931647	5.79e-01  7.49e-01  2.07e+05	11.4748 54.3490 0.4945	
65.607626 259.931647	3.78e-01  9.88e-01  2.03e+05	-4.6706 57.9978 0.3729	
65.607626 259.931647	5.25e-01  8.11e-01  2.06e+05	-22.0485 51.5563 0.8971	
65.607626 259.931647	4.13e-01  7.55e-01  2.22e+05	-13.0487 39.0657 0.9435	
65.607626 259.931647	6.60e-01  9.70e-01  1.83e+05	-5.9001 72.1541 0.8072	
65.607626 259.931647	4.87e-01  8.05e-01  2.10e+05	-24.1578 46.8686 0.1392	
65.607626 259.931647	6.53e-01  8.42e-01  1.93e+05	8.2213 65.3762 0.1557	
65.607626 259.931647	8.08e-01  9.10e-01  1.77e+05	0.8380 75.9996 0.4293	
65.607626 259.931647	4.05e-01  9.34e-01  2.06e+05	-28.0610 48.7873 0.8591	
65.607626 259.931647	3.98e-01  7.36e-01  2.25e+05	26.9578 25.5144 0.1426	
65.607626 259.931647	7.88e-01  9.17e-01  1.78e+05	8.2640 75.0662 0.3415	
65.607626 259.931647	5.97e-01  8.43e-01  1.97e+05	45.4661 43.3071 0.3151	
65.607626 259.931647	5.10e-01  7.81e-01  2.10e+05	-6.6364 52.3007 0.9083	
65.607626 259.931647	5.22e-01  9.13e-01  1.98e+05	0.9074 62.5240 0.0206	
65.607626 259.931647	7.38e-01  8.72e-01  1.84e+05	-24.2200 67.2654 0.1843	
65.607626 259.931647	6.48e-01  6.93e-01  2.06e+05	12.7303 54.9716 0.7036	
65.607626 259.931647	5.74e-01  8.33e-01  2.00e+05	9.5718 60.0332 0.8997	
65.607626 259.931647	6.81e-01  8.45e-01  1.90e+05	-17.0440 65.3196 0.7176	
65.607626 259.931647	6.73e-01  9.35e-01  1.84e+05	3.0209 71.3779 0.4798	
65.607626 259.931647	6.42e-01  7.82e-01  1.98e+05	-27.4917 55.4197 0.6698	
65.607626 259.931647	6.16e-01  7.33e-01  2.05e+05	-29.2455 48.9472 0.3009	
65.607626 259.931647	7.08e-01  8.68e-01  1.87e+05	-5.4518 69.7190 0.7042	
65.607626 259.931647	6.89e-01  8.36e-01  1.91e+05	23.4298 63.2358 0.8085	
65.607626 259.931647	5.97e-01  9.20e-01  1.91e+05	29.5448 60.1811 0.7576	
65.607626 259.931647	6.45e-01  9.45e-01  1.86e+05	-12.8120 69.4023 0.0639	
65.607626 259.931647	6.15e-01  7.75e-01  2.01e+05	28.9712 52.2332 0.0887	
65.607626 259.931647	5.47e-01  8.60e-01  2.00e+05	-22.7975 56.4115 0.7519	
65.607626 259.931647	5.88e-01  7.81e-01  2.03e+05	20.3975 54.6954 0.0390	
65.607626 259.931647	5.32e-01  9.37e-01  1.95e+05	-20.7277 60.9920 0.0618	
65.607626 259.931647	5.34e-01  9.45e-01  1.94e+05	-51.5244 39.6065 0.7201	
65.607626 259.931647	7.16e-01  7.25e-01  1.97e+05	-9.5913 62.1397 0.6202	
65.607626 259.931647	7.71e-01  9.07e-01  1.80e+05	17.6434 72.2790 0.3420	
65.607626 259.931647	5.80e-01  6.56e-01  2.15e+05	16.0361 45.3647 0.5014	
65.607626 259.931647	5.28e-01  9.34e-01  1.95e+05	7.5201 63.5955 0.3591	
65.607626 259.931647	6.89e-01  7.98e-01  1.94e+05	-9.4821 64.7037 0.0148	
65.607626 259.931647	5.54e-01  6.69e-01  2.16e+05	7.2822 46.2438 0.7898	
65.607626 259.931647	5.59e-01  8.24e-01  2.02e+05	-7.8522 58.7964 0.8804	
65.607626 259.931647	4.41e-01  7.78e-01  2.17e+05	9.3768 45.5191 0.6016	
65.607626 259.931647	6.70e-01  8.03e-01  1.95e+05	-6.0069 64.3772 0.0503	
65.607626 259.931647	6.08e-01  9.08e-01  1.91e+05	2.9330 66.9301 0.4882	
65.607626 259.931647	7.46e-01  7.72e-01  1.91e+05	6.7082 66.7132 0.3485	
65.607626 259.931647	4.22e-01  8.43e-01  2.12e+05	23.5863 44.7048 0.9129	
65.607626 259.931647	4.10e-01  7.22e-01  2.26e+05	-24.3034 27.6104 0.1260	
65.607626 259.931647	6.64e-01  8.11e-01  1.94e+05	28.9902 57.9229 0.0847	
65.607626 259.931647	5.30e-01  7.09e-01  2.15e+05	15.5909 45.7862 0.4939	
65.607626 259.931647	7.52e-01  8.42e-01  1.85e+05	-30.1356 64.0277 0.0866	
65.607626 259.931647	6.64e-01  9.08e-01  1.87e+05	8.0233 69.2531 0.2352	
65.607626 259.931647	4.84e-01  8.51e-01  2.06e+05	5.0945 55.8218 0.2929	
65.607626 259.931647	5.29e-01  8.55e-01  2.02e+05	-6.9648 58.9067 0.4758	
65.607626 259.931647	6.44e-01  7.75e-01  1.99e+05	20.7277 58.0018 0.7719	
65.607626 259.931647	5.68e-01  8.78e-01  1.97e+05	-48.3082 40.6713 0.3396	
65.607626 259.931647	5.85e-01  7.44e-01  2.07e+05	-1.2716 55.5641 0.8453	
65.607626 259.931647	5.86e-01  6.39e-01  2.16e+05	-25.7670 39.3048 0.0404	
65.607626 259.931647	5.14e-01  8.88e-01  2.00e+05	-2.5028 60.4560 0.5192	
65.607626 259.931647	7.18e-01  9.67e-01  1.79e+05	7.2685 74.3415 0.8107	
65.607626 259.931647	6.47e-01  7.55e-01  2.00e+05	27.5415 53.8974 0.1908	
65.607626 259.931647	6.66e-01  8.93e-01  1.88e+05	33.6217 60.4270 0.3518	
65.607626 259.931647	7.30e-01  8.40e-01  1.87e+05	13.4141 68.3171 0.7266	
65.607626 259.931647	5.09e-01  6.13e-01  2.27e+05	0.0474 35.3408 0.8705	
65.607626 259.931647	4.45e-01  7.31e-01  2.21e+05	-13.4985 39.8265 0.8016	
65.607626 259.931647	6.64e-01  7.50e-01  1.99e+05	-26.7385 55.1155 0.9254	
65.607626 259.931647	5.02e-01  7.23e-01  2.16e+05	8.8557 46.1938 0.9743	
65.607626 259.931647	6.36e-01  8.98e-01  1.90e+05	-3.1736 67.7949 0.8422	
65.607626 259.931647	5.38e-01  7.53e-01  2.10e+05	14.5423 50.6674 0.5414	
65.607626 259.931647	6.16e-01  7.20e-01  2.06e+05	-11.1392 54.9873 0.2263	
65.607626 259.931647	6.32e-01  9.21e-01  1.88e+05	17.8624 66.4583 0.3629	
65.607626 259.931647	4.77e-01  9.20e-01  2.01e+05	2.5727 60.1551 0.8514	
65.607626 259.931647	7.06e-01  9.10e-01  1.84e+05	-19.0327 69.2167 0.2492	
65.607626 259.931647	4.66e-01  6.12e-01  2.32e+05	7.0633 27.7791 0.3671	
65.607626 259.931647	6.70e-01  7.42e-01  1.99e+05	29.1220 53.7382 0.0561	
65.607626 259.931647	5.70e-01  7.62e-01  2.06e+05	23.4917 50.6002 0.4919	
65.607626 259.931647	5.63e-01  8.59e-01  1.99e+05	-16.1891 59.5249 0.7944	
65.607626 259.931647	5.53e-01  8.62e-01  1.99e+05	-1.7890 61.2693 0.4260	
65.607626 259.931647	5.36e-01  7.87e-01  2.07e+05	12.2229 53.7333 0.2565	
65.607626 259.931647	7.00e-01  7.66e-01  1.95e+05	-26.5820 58.5050 0.6075	
65.607626 259.931647	3.81e-01  7.83e-01  2.22e+05	19.0511 36.0160 0.1600	
65.607626 259.931647	6.16e-01  8.45e-01  1.96e+05	7.1309 63.6055 0.3891	
65.607626 259.931647	6.31e-01  8.19e-01  1.96e+05	-21.5007 59.6431 0.4611	
65.607626 259.931647	4.91e-01  6.86e-01  2.21e+05	-4.4493 41.9712 0.0598	
65.607626 259.931647	4.02e-01  8.07e-01  2.18e+05	-16.3696 42.4591 0.6414	
65.607626 259.931647	5.56e-01  8.24e-01  2.02e+05	-29.8854 50.9640 0.7485	
65.607626 259.931647	3.11e-01  9.25e-01  2.15e+05	24.1896 41.5216 0.7878	
65.607626 259.931647	6.02e-01  8.27e-01  1.98e+05	-11.3120 61.1250 0.8559	
65.607626 259.931647	6.14e-01  8.12e-01  1.98e+05	9.9751 61.1964 0.4863	
65.607626 259.931647	4.06e-01  9.87e-01  2.01e+05	22.4219 55.6148 0.2179	
65.607626 259.931647	6.23e-01  7.07e-01  2.07e+05	-8.8526 54.9101 0.2574	
65.607626 259.931647	6.03e-01  6.81e-01  2.11e+05	3.3624 52.0653 0.4867	
65.607626 259.931647	6.90e-01  8.56e-01  1.89e+05	-20.1233 65.4528 0.3610	
65.607626 259.931647	5.25e-01  7.93e-01  2.08e+05	-11.4649 53.5554 0.9987	
65.607626 259.931647	5.60e-01  8.37e-01  2.01e+05	20.3216 56.6492 0.1707	
65.607626 259.931647	7.27e-01  8.76e-01  1.85e+05	16.6990 69.1912 0.4236	
65.607626 259.931647	6.40e-01  7.94e-01  1.98e+05	-23.6682 57.7999 0.1582	
65.607626 259.931647	5.55e-01  9.24e-01  1.94e+05	24.6577 60.1438 0.9711	
65.607626 259.931647	5.99e-01  8.08e-01  2.00e+05	0.4850 60.8073 0.2047	
65.607626 259.931647	6.80e-01  9.02e-01  1.86e+05	8.1703 69.7261 0.0906	
65.607626 259.931647	4.32e-01  7.57e-01  2.20e+05	8.0079 42.7513 0.6766	
65.607626 259.931647	6.75e-01  9.44e-01  1.84e+05	7.0524 71.5229 0.1008	
65.607626 259.931647	4.35e-01  8.15e-01  2.14e+05	-0.6238 49.3175 0.5936	
65.607626 259.931647	4.91e-01  8.35e-01  2.07e+05	9.5486 54.5325 0.5813	
65.607626 259.931647	5.94e-01  8.76e-01  1.95e+05	39.3374 51.1039 0.3490	
65.607626 259.931647	5.44e-01  9.05e-01  1.96e+05	-21.4548 59.5991 0.0687	
65.607626 259.931647	6.15e-01  8.00e-01  1.99e+05	7.9123 60.7656 0.2562	
65.607626 259.931647	6.67e-01  8.19e-01  1.94e+05	23.3871 61.0470 0.9922	
65.607626 259.931647	7.28e-01  8.16e-01  1.89e+05	-35.2516 58.5882 0.9266	
65.607626 259.931647	7.08e-01  7.59e-01  1.95e+05	-9.4441 63.6519 0.8287	
65.607626 259.931647	6.94e-01  8.18e-01  1.91e+05	19.8830 63.7734 0.3113	
65.607626 259.931647	4.81e-01  8.54e-01  2.06e+05	26.7868 49.2045 0.3293	
65.607626 259.931647	4.45e-01  7.97e-01  2.15e+05	-4.7186 48.3844 0.2902	
65.607626 259.931647	4.50e-01  7.53e-01  2.18e+05	-2.1697 44.8495 0.8024	
65.607626 259.931647	3.55e-01  9.66e-01  2.07e+05	-31.0267 45.4079 0.4974	
65.607626 259.931647	5.69e-01  7.88e-01  2.04e+05	-27.8233 50.3835 0.5333	
65.607626 259.931647	4.59e-01  8.35e-01  2.10e+05	10.1914 51.9551 0.9561	
65.607626 259.931647	5.51e-01  8.54e-01  2.00e+05	43.0812 42.7368 0.6879	
65.607626 259.931647	4.54e-01  7.21e-01  2.21e+05	-17.0500 38.3088 0.2698	
65.607626 259.931647	5.91e-01  8.18e-01  2.00e+05	6.0392 60.6643 0.1230	
65.607626 259.931647	4.58e-01  7.83e-01  2.15e+05	21.5555 43.4676 0.7309	
65.607626 259.931647	4.19e-01  8.93e-01  2.08e+05	6.5774 53.8604 0.4423	
65.607626 259.931647	6.57e-01  9.03e-01  1.88e+05	0.1414 69.1587 0.0079	
65.607626 259.931647	3.92e-01  8.63e-01  2.13e+05	4.6901 49.4915 0.9479	
65.607626 259.931647	7.53e-01  8.67e-01  1.84e+05	26.8740 66.7254 0.9963	
65.607626 259.931647	4.92e-01  8.62e-01  2.04e+05	39.7783 41.2581 0.6996	
65.607626 259.931647	5.83e-01  7.11e-01  2.10e+05	15.9720 50.5477 0.1694	
65.607626 259.931647	4.77e-01  9.53e-01  1.98e+05	-18.2184 59.4939 0.1389	
65.607626 259.931647	3.91e-01  7.82e-01  2.21e+05	-5.7402 41.3357 0.0482	
65.607626 259.931647	4.64e-01  8.68e-01  2.06e+05	-11.3032 54.6254 0.4368	
65.607626 259.931647	4.78e-01  8.40e-01  2.08e+05	6.6385 54.3902 0.2333	
65.607626 259.931647	5.71e-01  8.99e-01  1.95e+05	3.4573 64.4433 0.7124	
65.607626 259.931647	5.57e-01  9.12e-01  1.95e+05	16.1164 62.4388 0.1367	
65.607626 259.931647	6.43e-01  7.34e-01  2.02e+05	-4.6366 58.7202 0.0676	
65.607626 259.931647	3.29e-01  9.16e-01  2.14e+05	-7.9847 48.2533 0.8068	
65.607626 259.931647	7.03e-01  7.13e-01  1.99e+05	22.5056 57.0823 0.3689	
65.607626 259.931647	5.97e-01  7.79e-01  2.02e+05	21.8814 54.6164 0.7296	
65.607626 259.931647	4.90e-01  7.51e-01  2.15e+05	-9.2510 47.5364 0.1500	
65.607626 259.931647	6.90e-01  8.70e-01  1.88e+05	18.7800 66.5759 0.5814	
65.607626 259.931647	5.51e-01  9.52e-01  1.92e+05	-12.6496 65.0773 0.2133	
65.607626 259.931647	7.74e-01  9.39e-01  1.77e+05	-8.2997 75.3643 0.8090	
65.607626 259.931647	4.21e-01  7.82e-01  2.18e+05	-1.5457 44.9059 0.0076	
65.607626 259.931647	4.95e-01  8.97e-01  2.01e+05	-13.4105 58.3551 0.3723	
65.607626 259.931647	6.00e-01  8.09e-01  2.00e+05	20.0011 57.5156 0.2068	
65.607626 259.931647	5.10e-01  9.38e-01  1.97e+05	-4.8774 63.0334 0.9506	
65.607626 259.931647	6.50e-01  8.42e-01  1.93e+05	-16.7576 63.5772 0.5983	
65.607626 259.931647	5.44e-01  7.81e-01  2.07e+05	11.1947 54.1127 0.1243	
65.607626 259.931647	3.22e-01  9.12e-01  2.15e+05	-14.3777 45.5815 0.5710	
65.607626 259.931647	7.12e-01  9.62e-01  1.80e+05	-13.9090 72.9405 0.1117	
65.607626 259.931647	5.59e-01  6.64e-01  2.16e+05	9.6926 45.8868 0.9452	
65.607626 259.931647	6.01e-01  8.61e-01  1.95e+05	0.7921 64.0470 0.6823	
65.607626 259.931647	5.66e-01  8.36e-01  2.00e+05	-1.2964 60.5017 0.1713	
65.607626 259.931647	4.06e-01  8.38e-01  2.14e+05	-5.9145 48.3743 0.7863	
65.607626 259.931647	4.91e-01  8.77e-01  2.03e+05	7.0053 57.8244 0.4480	
65.607626 259.931647	6.46e-01  7.36e-01  2.02e+05	0.5946 59.2525 0.1531	
65.607626 259.931647	4.98e-01  7.87e-01  2.11e+05	16.1404 49.7064 0.6143	
65.607626 259.931647	4.44e-01  8.88e-01  2.06e+05	25.6008 49.5374 0.1447	
65.607626 259.931647	6.30e-01  8.77e-01  1.92e+05	-29.6640 59.5660 0.7572	
65.607626 259.931647	4.89e-01  8.75e-01  2.03e+05	-14.8099 56.1356 0.0328	
65.607626 259.931647	5.20e-01  7.05e-01  2.16e+05	3.4752 46.8787 0.4997	
65.607626 259.931647	4.72e-01  8.88e-01  2.04e+05	44.0853 37.2974 0.2922	
65.607626 259.931647	5.76e-01  8.99e-01  1.94e+05	19.0979 61.9021 0.1429	
65.607626 259.931647	7.33e-01  8.13e-01  1.89e+05	-10.9773 67.6088 0.0879	
65.607626 259.931647	7.10e-01  8.72e-01  1.86e+05	36.1182 60.1833 0.4908	
65.607626 259.931647	5.50e-01  7.87e-01  2.06e+05	10.3065 55.1942 0.6909	
65.607626 259.931647	7.73e-01  8.47e-01  1.84e+05	15.6878 70.1984 0.2510	
65.607626 259.931647	3.83e-01  6.82e-01  2.33e+05	-21.1338 15.7958 0.3096	
65.607626 259.931647	8.52e-01  9.68e-01  1.71e+05	-0.4513 79.7580 0.1469	
65.607626 259.931647	8.14e-01  8.43e-01  1.81e+05	39.0757 62.3160 0.2253	
65.607626 259.931647	6.06e-01  9.41e-01  1.89e+05	6.6750 68.1655 0.1585	
65.607626 259.931647	5.99e-01  8.13e-01  1.99e+05	13.5726 59.6083 0.6387	
65.607626 259.931647	4.42e-01  7.41e-01  2.20e+05	16.7194 39.4497 0.8617	
65.607626 259.931647	3.99e-01  9.14e-01  2.08e+05	28.0714 46.6593 0.8429	
65.607626 259.931647	6.45e-01  9.45e-01  1.86e+05	-35.1299 61.2015 0.3362	
65.607626 259.931647	5.92e-01  8.17e-01  2.00e+05	1.2255 60.9507 0.0527	
65.607626 259.931647	6.40e-01  7.54e-01  2.01e+05	-11.9845 58.8064 0.4889	
65.607626 259.931647	5.72e-01  8.46e-01  1.99e+05	35.2955 50.3367 0.6599	
65.607626 259.931647	6.67e-01  6.73e-01  2.06e+05	-9.2833 55.6330 0.6429	
65.607626 259.931647	5.44e-01  8.62e-01  2.00e+05	1.8605 60.7567 0.6001	
65.607626 259.931647	8.06e-01  9.42e-01  1.75e+05	33.0609 69.6954 0.7943	
65.607626 259.931647	5.36e-01  7.93e-01  2.07e+05	-24.6063 49.8532 0.7612	
65.607626 259.931647	7.78e-01  8.31e-01  1.84e+05	0.0595 71.4762 0.8175	
65.607626 259.931647	6.61e-01  7.25e-01  2.02e+05	4.0438 59.3806 0.0718	
65.607626 259.931647	4.58e-01  8.44e-01  2.09e+05	17.6916 50.5665 0.0337	
65.607626 259.931647	4.97e-01  8.78e-01  2.03e+05	26.4146 52.4975 0.4934	
65.607626 259.931647	6.17e-01  7.67e-01  2.02e+05	13.5586 57.7837 0.6308	
65.607626 259.931647	6.35e-01  8.37e-01  1.95e+05	-14.3198 62.9790 0.2154	
65.607626 259.931647	6.40e-01  9.10e-01  1.89e+05	-30.4876 61.5651 0.8235	
65.607626 259.931647	4.43e-01  7.48e-01  2.20e+05	-19.0225 39.2978 0.9507	
65.607626 259.931647	7.98e-01  8.74e-01  1.80e+05	-11.0225 73.3296 0.7151	
65.607626 259.931647	7.49e-01  7.77e-01  1.90e+05	-26.8814 61.9013 0.4597	
65.607626 259.931647	5.71e-01  8.89e-01  1.96e+05	2.8584 63.8599 0.4410	
65.607626 259.931647	5.77e-01  6.93e-01  2.12e+05	22.4299 45.8490 0.5373	
65.607626 259.931647	6.38e-01  8.73e-01  1.92e+05	-16.7914 64.5705 0.7228	
65.607626 259.931647	4.29e-01  7.72e-01  2.19e+05	-4.0385 44.5065 0.0277	
65.607626 259.931647	7.63e-01  8.65e-01  1.83e+05	-41.0223 59.5106 0.9150	
65.607626 259.931647	5.33e-01  7.96e-01  2.07e+05	4.3181 55.4223 0.4266	
65.607626 259.931647	6.07e-01  7.67e-01  2.03e+05	-5.7043 58.4152 0.1984	
65.607626 259.931647	4.05e-01  9.12e-01  2.08e+05	9.5713 53.8334 0.5092	
65.607626 259.931647	4.45e-01  7.62e-01  2.18e+05	-16.8555 42.0207 0.7074	
65.607626 259.931647	6.83e-01  7.46e-01  1.98e+05	26.8581 56.0662 0.1245	
65.607626 259.931647	5.22e-01  8.73e-01  2.01e+05	9.3558 59.3234 0.8581	
65.607626 259.931647	5.66e-01  9.38e-01  1.92e+05	29.2175 59.5910 0.2990	
65.607626 259.931647	7.16e-01  7.18e-01  1.98e+05	6.0708 62.1604 0.6857	
65.607626 259.931647	7.38e-01  9.57e-01  1.79e+05	-8.2538 74.6433 0.0983	
65.607626 259.931647	6.07e-01  8.70e-01  1.94e+05	-16.8549 62.6318 0.2014	
65.607626 259.931647	5.71e-01  7.76e-01  2.05e+05	15.1769 54.7923 0.2761	
65.607626 259.931647	5.02e-01  8.22e-01  2.07e+05	21.4535 50.9346 0.6797	
65.607626 259.931647	4.69e-01  8.53e-01  2.07e+05	-36.4654 41.2415 0.5502	
65.607626 259.931647	5.20e-01  9.39e-01  1.96e+05	7.2299 63.5011 0.1279	
65.607626 259.931647	4.54e-01  7.83e-01  2.15e+05	-10.1284 47.0529 0.2837	
65.607626 259.931647	5.65e-01  8.54e-01  1.99e+05	-2.8918 61.4758 0.5845	
65.607626 259.931647	5.23e-01  7.74e-01  2.09e+05	15.5714 50.8910 0.7154	
65.607626 259.931647	7.39e-01  8.70e-01  1.84e+05	20.7593 68.3876 0.8290	
65.607626 259.931647	6.20e-01  8.03e-01  1.99e+05	-7.1339 61.3950 0.8945	
65.607626 259.931647	8.22e-01  9.55e-01  1.73e+05	-29.3770 72.5127 0.9506	
65.607626 259.931647	4.79e-01  7.84e-01  2.13e+05	-9.1241 49.5087 0.2401	
65.607626 259.931647	5.85e-01  8.66e-01  1.96e+05	-10.9762 62.4919 0.1637	
65.607626 259.931647	6.77e-01  8.80e-01  1.88e+05	-20.4437 65.8880 0.6798	
65.607626 259.931647	7.79e-01  9.67e-01  1.75e+05	-9.7140 76.4723 0.5760	
65.607626 259.931647	6.14e-01  8.42e-01  1.96e+05	14.0087 62.1605 0.8260	
65.607626 259.931647	6.69e-01  9.27e-01  1.85e+05	-32.8405 62.7734 0.1263	
65.607626 259.931647	8.12e-01  9.35e-01  1.75e+05	7.2977 76.7883 0.5772	
65.607626 259.931647	4.79e-01  7.77e-01  2.13e+05	24.4637 43.4278 0.5710	
65.607626 259.931647	6.28e-01  9.12e-01  1.89e+05	-8.9570 67.6293 0.3986	
65.607626 259.931647	6.46e-01  9.04e-01  1.89e+05	2.9996 68.5909 0.1222	
65.607626 259.931647	7.35e-01  8.35e-01  1.87e+05	-13.5689 68.3095 0.2635	
65.607626 259.931647	4.54e-01  6.40e-01  2.30e+05	3.0624 31.2397 0.2961	
65.607626 259.931647	6.32e-01  8.90e-01  1.91e+05	-18.3373 64.7350 0.4386	
65.607626 259.931647	7.48e-01  8.53e-01  1.85e+05	14.0509 69.7216 0.1552	
65.607626 259.931647	7.56e-01  9.45e-01  1.78e+05	-28.1868 69.8519 0.6793	
65.607626 259.931647	6.15e-01  7.95e-01  2.00e+05	10.8792 59.9799 0.9861	
65.607626 259.931647	6.31e-01  7.99e-01  1.98e+05	-31.2145 53.8227 0.5663	
65.607626 259.931647	6.38e-01  9.80e-01  1.84e+05	-16.0528 70.0365 0.3699	
65.607626 259.931647	5.91e-01  9.46e-01  1.90e+05	-6.9347 67.7041 0.9477	
65.607626 259.931647	4.95e-01  8.44e-01  2.06e+05	12.7607 54.8438 0.2618	
65.607626 259.931647	6.24e-01  8.87e-01  1.92e+05	17.3061 64.4617 0.9099	
65.607626 259.931647	6.21e-01  7.73e-01  2.01e+05	15.4688 57.9845 0.1572	
65.607626 259.931647	5.23e-01  8.91e-01  1.99e+05	18.0127 58.5234 0.5453	
65.607626 259.931647	6.44e-01  8.43e-01  1.93e+05	16.0218 63.4546 0.7802	
65.607626 259.931647	8.65e-01  9.61e-01  1.70e+05	-7.6332 79.5756 0.6321	
65.607626 259.931647	4.30e-01  9.03e-01  2.06e+05	20.9101 51.7550 0.9736	
65.607626 259.931647	5.87e-01  7.32e-01  2.07e+05	40.1917 37.3573 0.0634	
65.607626 259.931647	3.60e-01  8.05e-01  2.22e+05	0.7810 40.8276 0.4970	
65.607626 259.931647	4.77e-01  7.51e-01  2.16e+05	-11.7283 45.8700 0.1234	
65.607626 259.931647	4.22e-01  7.26e-01  2.24e+05	-4.8322 38.4901 0.1010	
65.607626 259.931647	7.77e-01  9.56e-01  1.76e+05	43.9897 62.6935 0.3435	
65.607626 259.931647	3.16e-01  8.51e-01  2.22e+05	-18.5554 36.5888 0.9526	
65.607626 259.931647	4.55e-01  6.87e-01  2.25e+05	-1.2592 38.0174 0.2288	
65.607626 259.931647	4.73e-01  8.09e-01  2.11e+05	-3.1893 51.9062 0.8306	
65.607626 259.931647	6.75e-01  8.10e-01  1.94e+05	-11.5378 64.3053 0.0068	
65.607626 259.931647	4.74e-01  8.89e-01  2.04e+05	-20.9627 54.0834 0.3051	
65.607626 259.931647	6.17e-01  9.85e-01  1.85e+05	5.1123 70.9640 0.4165	
65.607626 259.931647	6.16e-01  6.88e-01  2.09e+05	-18.1383 50.5703 0.4845	
65.607626 259.931647	4.27e-01  7.15e-01  2.25e+05	2.8572 37.9148 0.6802	
65.607626 259.931647	4.29e-01  8.11e-01  2.15e+05	30.7168 37.4470 0.2295	
65.607626 259.931647	3.12e-01  9.57e-01  2.12e+05	-7.4689 50.3690 0.0605	
65.607626 259.931647	6.42e-01  7.98e-01  1.97e+05	-25.2921 57.4622 0.4186	
65.607626 259.931647	5.53e-01  8.19e-01  2.03e+05	1.3276 58.6031 0.3704	
65.607626 259.931647	4.47e-01  8.30e-01  2.11e+05	7.1759 51.1273 0.6178	
65.607626 259.931647	6.32e-01  9.21e-01  1.88e+05	-29.1649 62.3445 0.5911	
65.607626 259.931647	4.51e-01  7.68e-01  2.17e+05	1.1787 46.4660 0.4812	
65.607626 259.931647	4.93e-01  6.33e-01  2.26e+05	-8.2882 34.9424 0.0051	
65.607626 259.931647	5.84e-01  9.22e-01  1.92e+05	17.2776 64.1628 0.4553	
65.607626 259.931647	6.22e-01  7.76e-01  2.01e+05	11.2326 59.2117 0.4425	
65.607626 259.931647	6.47e-01  8.10e-01  1.96e+05	-37.4402 51.6470 0.2371	
65.607626 259.931647	5.31e-01  8.38e-01  2.03e+05	26.7076 51.8634 0.6171	
65.607626 259.931647	6.50e-01  7.86e-01  1.98e+05	-25.8388 56.9571 0.8220	
65.607626 259.931647	6.33e-01  7.33e-01  2.03e+05	16.4865 55.7645 0.4261	
65.607626 259.931647	4.29e-01  8.13e-01  2.15e+05	13.4891 46.7044 0.6187	
65.607626 259.931647	6.80e-01  9.56e-01  1.83e+05	-22.6905 69.0074 0.5063	
65.607626 259.931647	5.21e-01  6.71e-01  2.19e+05	30.9519 31.0562 0.6760	
65.607626 259.931647	5.85e-01  8.74e-01  1.96e+05	21.5228 60.1620 0.0744	
65.607626 259.931647	5.24e-01  7.21e-01  2.14e+05	-6.0127 48.4376 0.8841	
65.607626 259.931647	5.34e-01  9.30e-01  1.95e+05	10.4721 63.3099 0.3294	
65.607626 259.931647	5.00e-01  8.45e-01  2.05e+05	20.7248 52.8194 0.0757	
65.607626 259.931647	7.15e-01  7.26e-01  1.97e+05	35.1115 52.1477 0.5788	
65.607626 259.931647	6.32e-01  8.48e-01  1.94e+05	-2.0360 65.0485 0.7612	
65.607626 259.931647	5.16e-01  7.67e-01  2.11e+05	25.9227 45.1535 0.7446	
65.607626 259.931647	6.63e-01  9.19e-01  1.86e+05	8.8717 69.6837 0.1324	
65.607626 259.931647	5.70e-01  8.24e-01  2.01e+05	-22.0447 55.8309 0.2646	
65.607626 259.931647	6.60e-01  8.94e-01  1.88e+05	12.1723 67.8132 0.1236	
65.607626 259.931647	4.15e-01  9.30e-01  2.05e+05	1.4961 56.7100 0.4825	
65.607626 259.931647	5.17e-01  9.05e-01  1.99e+05	3.7556 61.6097 0.2551	
65.607626 259.931647	5.30e-01  8.00e-01  2.07e+05	27.5341 48.3392 0.6850	
65.607626 259.931647	5.50e-01  7.41e-01  2.10e+05	-12.4001 51.2558 0.5069	
65.607626 259.931647	5.41e-01  7.75e-01  2.08e+05	8.5049 53.9547 0.6228	
65.607626 259.931647	6.24e-01  8.19e-01  1.97e+05	-12.1798 61.7850 0.0190	
65.607626 259.931647	5.13e-01  6.81e-01  2.19e+05	28.0222 33.9459 0.5938	
65.607626 259.931647	5.12e-01  7.15e-01  2.16e+05	-4.6645 46.9468 0.3639	
65.607626 259.931647	5.19e-01  7.86e-01  2.09e+05	27.8791 45.9920 0.2262	
65.607626 259.931647	3.87e-01  8.29e-01  2.17e+05	3.4502 46.0465 0.1524	
65.607626 259.931647	3.85e-01  8.34e-01  2.17e+05	-1.6238 46.4546 0.1696	
65.607626 259.931647	5.26e-01  7.55e-01  2.11e+05	-5.0005 51.6886 0.5474	
65.607626 259.931647	5.20e-01  7.61e-01  2.11e+05	17.5016 48.9000 0.3035	
65.607626 259.931647	6.15e-01  9.32e-01  1.89e+05	-43.7243 52.7670 0.4129	
65.607626 259.931647	5.45e-01  6.84e-01  2.16e+05	0.3743 47.4242 0.4274	
65.607626 259.931647	5.10e-01  7.20e-01  2.16e+05	-4.4669 47.2906 0.8706	
65.607626 259.931647	4.47e-01  9.17e-01  2.04e+05	23.3395 53.0843 0.4061	
65.607626 259.931647	5.25e-01  8.39e-01  2.04e+05	34.0690 46.9008 0.2436	
65.607626 259.931647	3.84e-01  8.78e-01  2.13e+05	-9.7781 49.3099 0.5978	
65.607626 259.931647	4.92e-01  8.06e-01  2.09e+05	-8.8608 52.4928 0.4411	
65.607626 259.931647	6.42e-01  8.02e-01  1.97e+05	21.9822 59.0778 0.3064	
65.607626 259.931647	4.23e-01  8.38e-01  2.13e+05	-16.4283 47.4917 0.0995	
65.607626 259.931647	5.13e-01  7.62e-01  2.11e+05	1.8589 51.4035 0.5615	
65.607626 259.931647	7.65e-01  8.79e-01  1.82e+05	-17.0599 70.9318 0.9669	
65.607626 259.931647	5.79e-01  7.95e-01  2.03e+05	-13.8891 57.0127 0.5416	
65.607626 259.931647	5.88e-01  8.79e-01  1.95e+05	19.8949 61.1779 0.2153	
65.607626 259.931647	5.72e-01  6.22e-01  2.19e+05	-6.9728 43.4075 0.8028	
65.607626 259.931647	5.26e-01  8.35e-01  2.04e+05	2.4573 57.8031 0.1831	
65.607626 259.931647	4.82e-01  7.30e-01  2.18e+05	4.6892 45.4929 0.8935	
65.607626 259.931647	5.32e-01  7.38e-01  2.12e+05	14.5295 48.8474 0.8047	
65.607626 259.931647	7.95e-01  9.21e-01  1.77e+05	23.7658 72.1092 0.1978	
65.607626 259.931647	6.37e-01  8.08e-01  1.97e+05	0.3205 63.1015 0.4185	
65.607626 259.931647	5.20e-01  7.72e-01  2.10e+05	-1.8082 52.7528 0.6054	
65.607626 259.931647	7.15e-01  7.86e-01  1.92e+05	12.8503 64.9203 0.6619	
65.607626 259.931647	6.74e-01  7.91e-01  1.95e+05	-2.8645 64.1425 0.1577	
65.607626 259.931647	5.71e-01  8.07e-01  2.02e+05	32.7326 48.9890 0.9209	
65.607626 259.931647	5.57e-01  8.59e-01  1.99e+05	19.2433 58.2393 0.5854	
65.607626 259.931647	5.02e-01  8.60e-01  2.04e+05	-12.0392 56.6063 0.9221	
65.607626 259.931647	6.14e-01  6.45e-01  2.13e+05	17.5942 46.8632 0.3162	
65.607626 259.931647	4.48e-01  8.29e-01  2.11e+05	-14.1943 49.6284 0.0844	
65.607626 259.931647	6.68e-01  9.58e-01  1.83e+05	10.9809 71.3753 0.9435	
65.607626 259.931647	7.05e-01  9.33e-01  1.82e+05	10.1251 72.0163 0.2894	
65.607626 259.931647	4.17e-01  7.59e-01  2.21e+05	-4.8038 41.8395 0.6739	
65.607626 259.931647	5.14e-01  8.27e-01  2.05e+05	-7.1704 56.0149 0.3669	
65.607626 259.931647	7.89e-01  8.84e-01  1.80e+05	38.1381 63.6576 0.1975	
65.607626 259.931647	6.67e-01  8.08e-01  1.94e+05	3.1745 64.6703 0.7843	
65.607626 259.931647	5.36e-01  8.70e-01  2.00e+05	29.4884 53.1394 0.3843	
65.607626 259.931647	6.92e-01  9.56e-01  1.82e+05	-12.0931 72.1593 0.7410	
65.607626 259.931647	4.47e-01  7.80e-01  2.16e+05	2.9500 47.0569 0.6703	
65.607626 259.931647	6.81e-01  7.51e-01  1.98e+05	22.7601 58.0010 0.9985	
65.607626 259.931647	5.13e-01  5.99e-01  2.28e+05	-5.8341 33.5188 0.1530	
65.607626 259.931647	5.02e-01  8.65e-01  2.03e+05	24.2792 52.9834 0.1660	
65.607626 259.931647	5.96e-01  8.29e-01  1.98e+05	-7.6098 61.4719 0.2449	
65.607626 259.931647	5.86e-01  7.80e-01  2.03e+05	-9.8550 57.2928 0.0119	
65.607626 259.931647	5.79e-01  7.23e-01  2.09e+05	15.3201 51.3781 0.9434	
65.607626 259.931647	5.05e-01  6.52e-01  2.23e+05	-3.1243 39.7150 0.8540	
65.607626 259.931647	6.44e-01  7.73e-01  1.99e+05	-12.1387 60.1770 0.2330	
65.607626 259.931647	6.06e-01  7.05e-01  2.08e+05	-10.2943 53.2355 0.5563	
65.607626 259.931647	6.59e-01  8.63e-01  1.91e+05	-14.1438 65.7566 0.6018	
65.607626 259.931647	6.90e-01  7.56e-01  1.97e+05	23.7985 58.4941 0.4366	
65.607626 259.931647	4.74e-01  7.43e-01  2.17e+05	5.8836 45.8214 0.0869	
65.607626 259.931647	4.21e-01  7.21e-01  2.25e+05	-3.3188 37.8889 0.6517	
65.607626 259.931647	3.36e-01  8.97e-01  2.15e+05	-5.5066 47.5235 0.6776	
65.607626 259.931647	5.42e-01  7.55e-01  2.09e+05	-15.9655 50.7187 0.6268	
65.607626 259.931647	4.41e-01  8.52e-01  2.10e+05	19.6254 49.0582 0.3147	
65.607626 259.931647	6.53e-01  8.60e-01  1.92e+05	1.0585 66.7720 0.3180	
65.607626 259.931647	5.29e-01  8.51e-01  2.02e+05	17.6345 56.4584 0.5645	
65.607626 259.931647	5.98e-01  8.31e-01  1.98e+05	21.5939 58.2827 0.1216	
65.607626 259.931647	4.00e-01  8.49e-01  2.14e+05	-6.1843 48.8080 0.8663	
65.607626 259.931647	6.79e-01  8.12e-01  1.93e+05	-11.1227 64.7009 0.2576	
65.607626 259.931647	5.90e-01  8.29e-01  1.99e+05	30.1293 53.6445 0.2937	
65.607626 259.931647	4.68e-01  8.04e-01  2.12e+05	-7.6174 50.6012 0.0227	
65.607626 259.931647	6.57e-01  7.71e-01  1.98e+05	-14.9981 60.2621 0.1498	
65.607626 259.931647	4.54e-01  7.43e-01  2.19e+05	8.9645 43.3538 0.0187	
65.607626 259.931647	5.43e-01  8.48e-01  2.01e+05	-5.2429 59.5765 0.9232	
65.607626 259.931647	7.25e-01  8.53e-01  1.87e+05	21.2676 66.7128 0.7606	
65.607626 259.931647	8.16e-01  9.10e-01  1.76e+05	12.2052 75.3527 0.7736	
65.607626 259.931647	5.96e-01  8.48e-01  1.97e+05	28.7980 56.0616 0.6311	
65.607626 259.931647	5.77e-01  9.61e-01  1.90e+05	33.9027 59.0844 0.8185	
65.607626 259.931647	4.72e-01  9.22e-01  2.01e+05	-11.1365 58.9561 0.5537	
65.607626 259.931647	5.95e-01  7.31e-01  2.07e+05	27.1964 48.2834 0.6214	
65.607626 259.931647	6.39e-01  9.04e-01  1.89e+05	-24.6175 63.7711 0.7141	
65.607626 259.931647	5.00e-01  9.41e-01  1.97e+05	7.6425 62.3873 0.9473	
65.607626 259.931647	3.29e-01  8.42e-01  2.22e+05	-1.2097 41.4284 0.7996	
65.607626 259.931647	8.30e-01  8.40e-01  1.80e+05	28.5859 68.3516 0.6770	
65.607626 259.931647	7.02e-01  8.60e-01  1.88e+05	-3.4196 69.1639 0.6341	
65.607626 259.931647	4.06e-01  8.26e-01  2.16e+05	-11.4429 46.2874 0.0694	
65.607626 259.931647	4.49e-01  7.83e-01  2.16e+05	-8.7620 46.8444 0.8284	
65.607626 259.931647	4.01e-01  8.22e-01  2.17e+05	6.0507 46.3527 0.8925	
65.607626 259.931647	4.42e-01  7.06e-01  2.24e+05	6.9247 38.2386 0.1173	
65.607626 259.931647	5.90e-01  7.88e-01  2.02e+05	-18.5124 55.9832 0.7172	
65.607626 259.931647	6.69e-01  8.75e-01  1.89e+05	13.6609 67.0386 0.0950	
65.607626 259.931647	5.88e-01  8.24e-01  1.99e+05	-2.7004 61.0619 0.2330	
65.607626 259.931647	5.61e-01  9.26e-01  1.94e+05	-2.9575 65.3384 0.6469	
65.607626 259.931647	4.71e-01  9.02e-01  2.03e+05	0.9727 58.6127 0.3139	
65.607626 259.931647	6.79e-01  9.35e-01  1.84e+05	-16.5784 69.7529 0.5515	
65.607626 259.931647	7.01e-01  8.91e-01  1.86e+05	-30.4782 63.7753 0.0954	
65.607626 259.931647	5.75e-01  8.08e-01  2.02e+05	-6.1734 58.9670 0.6720	
65.607626 259.931647	6.42e-01  7.01e-01  2.05e+05	-33.5657 45.5396 0.7753	
65.607626 259.931647	4.70e-01  9.12e-01  2.02e+05	-19.3526 55.9653 0.9798	
65.607626 259.931647	6.48e-01  8.64e-01  1.92e+05	-21.9087 63.0483 0.8798	
65.607626 259.931647	6.55e-01  9.14e-01  1.87e+05	-22.5222 65.8356 0.7247	
65.607626 259.931647	6.37e-01  7.30e-01  2.03e+05	14.0661 56.5128 0.0893	
65.607626 259.931647	6.67e-01  8.40e-01  1.92e+05	3.5676 66.4331 0.0778	
65.607626 259.931647	5.79e-01  7.93e-01  2.03e+05	37.3978 45.0365 0.4039	
65.607626 259.931647	5.70e-01  8.37e-01  2.00e+05	19.0293 57.7807 0.9911	
65.607626 259.931647	5.56e-01  9.16e-01  1.95e+05	13.7341 63.1230 0.6801	
65.607626 259.931647	6.75e-01  8.81e-01  1.88e+05	34.3782 59.7686 0.0228	
65.607626 259.931647	6.11e-01  6.95e-01  2.09e+05	-6.2362 53.4827 0.7672	
65.607626 259.931647	6.95e-01  9.22e-01  1.84e+05	5.8022 71.5948 0.8598	
65.607626 259.931647	5.20e-01  7.74e-01  2.10e+05	-0.1117 52.9168 0.6530	
65.607626 259.931647	5.61e-01  8.26e-01  2.02e+05	26.1268 53.4690 0.9227	
65.607626 259.931647	7.51e-01  8.06e-01  1.88e+05	-31.8770 61.2376 0.2953	
65.607626 259.931647	5.53e-01  8.08e-01  2.04e+05	10.8780 56.7833 0.7492	
65.607626 259.931647	4.20e-01  8.78e-01  2.09e+05	-20.2733 49.2047 0.0133	
65.607626 259.931647	5.57e-01  7.80e-01  2.06e+05	-5.7639 55.8217 0.8118	
65.607626 259.931647	4.26e-01  7.74e-01  2.19e+05	-2.6229 44.5485 0.2743	
65.607626 259.931647	6.70e-01  9.45e-01  1.84e+05	-31.0903 64.6130 0.0366	
65.607626 259.931647	6.10e-01  6.20e-01  2.16e+05	26.7246 39.2580 0.1620	
65.607626 259.931647	6.63e-01  7.81e-01  1.97e+05	-17.0399 60.6774 0.7970	
65.607626 259.931647	4.90e-01  7.83e-01  2.12e+05	-4.2787 51.0766 0.8455	
65.607626 259.931647	4.91e-01  9.93e-01  1.94e+05	-21.7543 61.5378 0.2376	
65.607626 259.931647	5.61e-01  7.31e-01  2.10e+05	23.7147 47.1596 0.7000	
65.607626 259.931647	5.62e-01  8.76e-01  1.97e+05	8.9045 62.0303 0.3637	
65.607626 259.931647	6.92e-01  8.35e-01  1.90e+05	17.1988 65.3143 0.4804	
65.607626 259.931647	7.10e-01  8.52e-01  1.88e+05	-12.0184 68.2309 0.8669	
65.607626 259.931647	5.78e-01  8.59e-01  1.97e+05	18.4048 59.8687 0.3346	
65.607626 259.931647	3.62e-01  8.72e-01  2.15e+05	-11.6693 46.4083 0.5866	
65.607626 259.931647	5.15e-01  7.77e-01  2.10e+05	-2.9027 52.7165 0.0837	
65.607626 259.931647	6.00e-01  7.38e-01  2.06e+05	-20.3848 52.4107 0.1226	
65.607626 259.931647	5.29e-01  9.00e-01  1.98e+05	-25.8368 56.5589 0.0473	
65.607626 259.931647	7.06e-01  7.67e-01  1.95e+05	-22.2765 60.7009 0.8424	
65.607626 259.931647	5.59e-01  8.16e-01  2.03e+05	-21.2940 54.7778 0.4003	
65.607626 259.931647	5.51e-01  7.56e-01  2.09e+05	27.1553 46.6529 0.7877	
65.607626 259.931647	5.04e-01  8.33e-01  2.06e+05	-31.5365 46.5020 0.6331	
65.607626 259.931647	5.84e-01  7.41e-01  2.07e+05	-9.3921 54.4615 0.2450	
65.607626 259.931647	5.50e-01  8.71e-01  1.99e+05	-19.3899 58.5780 0.5179	
65.607626 259.931647	4.90e-01  7.27e-01  2.17e+05	-2.7380 46.1119 0.2505	
65.607626 259.931647	5.06e-01  8.95e-01  2.00e+05	-11.9564 59.2618 0.6569	
65.607626 259.931647	4.92e-01  8.67e-01  2.04e+05	7.5849 57.1474 0.8975	
65.607626 259.931647	4.70e-01  7.31e-01  2.19e+05	-20.8018 39.5990 0.3135	
65.607626 259.931647	6.96e-01  8.20e-01  1.91e+05	8.1801 66.4892 0.7839	
65.607626 259.931647	4.99e-01  8.15e-01  2.08e+05	-2.6922 54.4317 0.9055	
65.607626 259.931647	4.94e-01  8.27e-01  2.07e+05	24.6947 49.1156 0.4816	
65.607626 259.931647	6.71e-01  8.30e-01  1.92e+05	25.5351 61.0506 0.5672	
65.607626 259.931647	7.15e-01  7.73e-01  1.93e+05	7.1233 65.1278 0.6273	
65.607626 259.931647	5.29e-01  9.51e-01  1.94e+05	37.3874 53.2412 0.9784	
65.607626 259.931647	5.53e-01  8.98e-01  1.96e+05	10.0692 62.6495 0.8925	
65.607626 259.931647	8.04e-01  8.85e-01  1.79e+05	-3.7186 74.7537 0.0424	
65.607626 259.931647	7.44e-01  9.42e-01  1.79e+05	-4.8442 74.6064 0.4168	
65.607626 259.931647	6.26e-01  7.12e-01  2.06e+05	22.7540 51.3998 0.8981	
65.607626 259.931647	5.57e-01  8.33e-01  2.01e+05	26.4625 53.5627 0.5454	
65.607626 259.931647	6.31e-01  7.68e-01  2.01e+05	20.8437 56.6226 0.3468	
65.607626 259.931647	3.54e-01  7.30e-01  2.31e+05	-2.2515 29.5419 0.2450	
65.607626 259.931647	5.71e-01  8.32e-01  2.00e+05	-15.2197 58.5956 0.1894	
65.607626 259.931647	6.73e-01  7.41e-01  1.99e+05	-34.4739 50.6543 0.8035	
65.607626 259.931647	6.55e-01  8.74e-01  1.90e+05	-5.2963 67.4029 0.4282	
65.607626 259.931647	5.26e-01  9.03e-01  1.98e+05	-9.4528 61.4327 0.8384	
65.607626 259.931647	6.00e-01  8.75e-01  1.94e+05	-3.0173 64.7112 0.9263	
65.607626 259.931647	5.14e-01  8.95e-01  2.00e+05	26.1804 55.0043 0.5699	
65.607626 259.931647	7.41e-01  9.08e-01  1.82e+05	-3.2818 73.1261 0.6440	
65.607626 259.931647	7.17e-01  9.08e-01  1.83e+05	-20.1857 69.2819 0.3048	
65.607626 259.931647	5.19e-01  7.21e-01  2.15e+05	-8.1917 47.7256 0.5875	
65.607626 259.931647	6.16e-01  7.46e-01  2.04e+05	-32.3877 47.9762 0.2390	
65.607626 259.931647	8.73e-01  9.72e-01  1.69e+05	43.5894 67.7957 0.1578	
65.607626 259.931647	5.80e-01  8.08e-01  2.02e+05	13.9573 57.9043 0.0417	
65.607626 259.931647	5.90e-01  9.31e-01  1.91e+05	21.4975 63.6965 0.9313	
65.607626 259.931647	6.81e-01  8.80e-01  1.88e+05	-17.3522 67.0463 0.7209	
65.607626 259.931647	4.84e-01  9.26e-01  2.00e+05	30.4862 52.8219 0.3205	
65.607626 259.931647	7.15e-01  9.46e-01  1.81e+05	11.7844 72.7452 0.6056	
65.607626 259.931647	4.17e-01  7.22e-01  2.25e+05	-5.8503 37.2638 0.4658	
65.607626 259.931647	5.74e-01  7.93e-01  2.03e+05	-15.3879 56.1192 0.1725	
65.607626 259.931647	6.84e-01  8.33e-01  1.91e+05	9.8706 66.3095 0.4978	
65.607626 259.931647	5.98e-01  8.12e-01  2.00e+05	-21.2399 57.1877 0.0380	
65.607626 259.931647	5.47e-01  7.95e-01  2.05e+05	-1.4919 56.4555 0.5986	
65.607626 259.931647	5.38e-01  7.64e-01  2.09e+05	-35.7264 39.9950 0.6073	
65.607626 259.931647	4.85e-01  7.45e-01  2.16e+05	-7.5787 46.8778 0.1915	
65.607626 259.931647	5.70e-01  7.33e-01  2.09e+05	28.7180 45.3415 0.6685	
65.607626 259.931647	5.31e-01  7.19e-01  2.14e+05	4.6675 49.0462 0.5204	
65.607626 259.931647	5.48e-01  7.93e-01  2.06e+05	-15.1246 54.3867 0.0515	
65.607626 259.931647	5.41e-01  6.81e-01  2.16e+05	-5.4618 46.4794 0.1322	
65.607626 259.931647	6.38e-01  7.32e-01  2.03e+05	-0.6480 58.4066 0.0585	
65.607626 259.931647	5.28e-01  9.04e-01  1.98e+05	2.4394 62.2887 0.6349	
65.607626 259.931647	8.10e-01  9.09e-01  1.77e+05	43.4044 62.4516 0.7290	
65.607626 259.931647	5.33e-01  7.91e-01  2.07e+05	29.5270 46.6631 0.0997	
65.607626 259.931647	5.92e-01  9.54e-01  1.89e+05	24.9938 63.7564 0.8786	
65.607626 259.931647	5.65e-01  7.98e-01  2.04e+05	22.5110 53.4032 0.2840	
65.607626 259.931647	7.60e-01  9.39e-01  1.78e+05	14.9670 73.7633 0.5809	
65.607626 259.931647	3.25e-01  7.81e-01  2.28e+05	-10.5728 31.5281 0.5472	
65.607626 259.931647	5.59e-01  8.14e-01  2.03e+05	-3.4896 58.5097 0.6182	
65.607626 259.931647	6.77e-01  7.89e-01  1.95e+05	17.0159 61.9855 0.7077	
65.607626 259.931647	6.43e-01  7.54e-01  2.01e+05	39.2722 45.5946 0.3456	
65.607626 259.931647	6.70e-01  7.62e-01  1.98e+05	6.9024 61.9113 0.0866	
65.607626 259.931647	5.74e-01  7.41e-01  2.08e+05	-3.5378 54.4921 0.8629	
65.607626 259.931647	5.73e-01  7.67e-01  2.06e+05	-3.4276 56.2698 0.3722	
65.607626 259.931647	2.92e-01  9.09e-01  2.19e+05	-4.6216 44.3715 0.7803	
65.607626 259.931647	6.89e-01  8.10e-01  1.92e+05	-18.2059 63.5536 0.4184	
65.607626 259.931647	7.06e-01  8.64e-01  1.87e+05	33.8392 60.8985 0.2890	
65.607626 259.931647	4.63e-01  9.00e-01  2.04e+05	21.6730 53.7513 0.5251	
65.607626 259.931647	7.20e-01  8.18e-01  1.90e+05	-12.5941 66.9087 0.6563	
65.607626 259.931647	7.52e-01  8.81e-01  1.83e+05	2.1718 72.4784 0.7527	
65.607626 259.931647	6.86e-01  8.11e-01  1.93e+05	-15.5656 64.0775 0.1846	
65.607626 259.931647	5.73e-01  6.44e-01  2.17e+05	-17.5303 42.8393 0.3277	
65.607626 259.931647	5.86e-01  8.92e-01  1.94e+05	-3.3051 64.8523 0.8333	
65.607626 259.931647	4.58e-01  9.08e-01  2.03e+05	-14.0116 56.4106 0.1235	
65.607626 259.931647	6.94e-01  8.01e-01  1.93e+05	33.2447 56.8839 0.7909	
65.607626 259.931647	5.39e-01  7.26e-01  2.12e+05	27.0484 42.7988 0.6188	
65.607626 259.931647	4.23e-01  8.53e-01  2.11e+05	-16.7145 48.6621 0.4990	
65.607626 259.931647	5.48e-01  7.35e-01  2.11e+05	5.6017 51.8122 0.7834	
65.607626 259.931647	4.80e-01  8.89e-01  2.03e+05	-3.7841 58.2341 0.4236	
65.607626 259.931647	2.65e-01  8.64e-01  2.26e+05	-8.8020 35.3999 0.6205	
65.607626 259.931647	5.40e-01  9.33e-01  1.95e+05	-10.3228 63.8724 0.7800	
65.607626 259.931647	8.12e-01  9.71e-01  1.73e+05	10.2947 77.7717 0.5944	
65.607626 259.931647	6.55e-01  7.36e-01  2.01e+05	-2.5429 59.7560 0.3664	
65.607626 259.931647	7.81e-01  8.57e-01  1.82e+05	-2.5190 72.6786 0.6219	
65.607626 259.931647	4.52e-01  8.05e-01  2.13e+05	-9.7842 48.9409 0.1069	
65.607626 259.931647	6.36e-01  8.09e-01  1.97e+05	15.5813 61.1113 0.6361	
65.607626 259.931647	3.08e-01  8.82e-01  2.20e+05	4.6055 43.2571 0.0536	
65.607626 259.931647	4.79e-01  8.08e-01  2.10e+05	6.7476 51.9698 0.0483	
65.607626 259.931647	4.10e-01  8.48e-01  2.13e+05	-12.5053 48.4609 0.6680	
65.607626 259.931647	4.82e-01  8.56e-01  2.06e+05	6.5676 55.8607 0.1671	
65.607626 259.931647	6.07e-01  8.39e-01  1.97e+05	13.1613 61.7589 0.8247	
65.607626 259.931647	5.48e-01  9.37e-01  1.94e+05	-44.7234 47.5677 0.8651	
65.607626 259.931647	4.70e-01  7.14e-01  2.20e+05	-16.2071 39.6761 0.7600	
65.607626 259.931647	7.61e-01  7.95e-01  1.88e+05	-2.2937 68.9095 0.3957	
65.607626 259.931647	6.60e-01  8.33e-01  1.93e+05	-35.7158 55.2533 0.2417	
65.607626 259.931647	6.14e-01  8.49e-01  1.95e+05	-7.1874 63.7565 0.6573	
65.607626 259.931647	6.92e-01  7.94e-01  1.94e+05	30.2247 57.9682 0.3481	
65.607626 259.931647	6.18e-01  8.34e-01  1.96e+05	6.3499 63.2132 0.9908	
65.607626 259.931647	6.56e-01  9.29e-01  1.86e+05	-26.4177 65.2064 0.9339	
65.607626 259.931647	5.96e-01  8.68e-01  1.95e+05	12.9057 62.8877 0.4439	
65.607626 259.931647	5.13e-01  7.48e-01  2.13e+05	4.5876 50.0300 0.3189	
65.607626 259.931647	4.47e-01  8.54e-01  2.09e+05	-3.7024 53.3914 0.3443	
65.607626 259.931647	6.67e-01  9.48e-01  1.84e+05	-4.6138 71.5628 0.2925	
65.607626 259.931647	5.55e-01  9.15e-01  1.95e+05	-5.2271 64.3349 0.9050	
65.607626 259.931647	6.19e-01  8.06e-01  1.98e+05	-27.7264 55.3268 0.4160	
65.607626 259.931647	6.32e-01  7.65e-01  2.01e+05	-12.6518 58.7952 0.9351	
65.607626 259.931647	5.21e-01  8.83e-01  2.00e+05	-15.2971 58.6259 0.3198	
65.607626 259.931647	6.14e-01  9.05e-01  1.91e+05	25.0642 62.2773 0.9121	
65.607626 259.931647	7.60e-01  9.59e-01  1.77e+05	1.1810 76.0624 0.1246	
65.607626 259.931647	6.59e-01  7.29e-01  2.02e+05	12.0140 58.3349 0.1985	
65.607626 259.931647	4.26e-01  8.32e-01  2.13e+05	7.0904 49.4804 0.9603	
65.607626 259.931647	5.84e-01  6.37e-01  2.17e+05	11.3312 45.2558 0.1387	
65.607626 259.931647	7.68e-01  9.04e-01  1.80e+05	-18.0191 71.9500 0.9541	
65.607626 259.931647	5.97e-01  6.83e-01  2.11e+05	-4.2017 51.6069 0.9615	
65.607626 259.931647	5.54e-01  9.52e-01  1.92e+05	-31.2880 58.5931 0.3433	
65.607626 259.931647	7.12e-01  7.52e-01  1.95e+05	1.8619 64.1331 0.7547	
65.607626 259.931647	7.21e-01  7.79e-01  1.92e+05	5.1854 65.9338 0.8867	
65.607626 259.931647	7.02e-01  7.55e-01  1.96e+05	14.1945 62.2332 0.0031	
65.607626 259.931647	4.28e-01  9.07e-01  2.06e+05	10.5564 55.0027 0.5577	
65.607626 259.931647	4.75e-01  8.64e-01  2.06e+05	14.7120 54.3011 0.9361	
65.607626 259.931647	6.04e-01  6.84e-01  2.10e+05	-21.7382 47.7769 0.8340	
65.607626 259.931647	6.70e-01  7.64e-01  1.98e+05	-12.0901 61.2452 0.7167	
65.607626 259.931647	5.21e-01  7.78e-01  2.09e+05	0.6915 53.2592 0.0276	
65.607626 259.931647	4.96e-01  7.93e-01  2.10e+05	-28.4935 44.1284 0.8070	
65.607626 259.931647	6.17e-01  6.72e-01  2.10e+05	11.8501 51.2463 0.0124	
65.607626 259.931647	5.31e-01  9.80e-01  1.92e+05	1.4852 66.6619 0.4938	
65.607626 259.931647	6.04e-01  9.47e-01  1.89e+05	35.3500 58.9456 0.4863	
65.607626 259.931647	6.74e-01  8.36e-01  1.92e+05	38.5066 54.3815 0.5862	
65.607626 259.931647	6.03e-01  7.06e-01  2.08e+05	16.8778 51.3591 0.4677	
65.607626 259.931647	5.39e-01  7.48e-01  2.10e+05	6.6559 52.0142 0.7777	
65.607626 259.931647	5.42e-01  9.28e-01  1.95e+05	-27.2055 58.4629 0.9207	
65.607626 259.931647	5.81e-01  7.35e-01  2.08e+05	-13.1901 52.9791 0.0045	
65.607626 259.931647	5.75e-01  7.83e-01  2.04e+05	25.1766 51.8156 0.3730	
65.607626 259.931647	4.33e-01  8.45e-01  2.11e+05	-7.5002 51.1090 0.4563	
65.607626 259.931647	5.77e-01  7.09e-01  2.11e+05	17.7899 49.1657 0.4392	
65.607626 259.931647	6.05e-01  7.31e-01  2.06e+05	6.0989 55.7942 0.7174	
65.607626 259.931647	6.62e-01  7.20e-01  2.02e+05	-25.9352 53.2475 0.0006	
65.607626 259.931647	4.14e-01  8.43e-01  2.13e+05	-9.5978 49.0456 0.7157	
65.607626 259.931647	5.46e-01  8.15e-01  2.04e+05	21.5603 53.7060 0.7999	
65.607626 259.931647	7.31e-01  8.58e-01  1.86e+05	25.1974 65.8956 0.6283	
65.607626 259.931647	7.37e-01  8.96e-01  1.83e+05	-3.7722 72.4453 0.8545	
65.607626 259.931647	7.09e-01  7.74e-01  1.94e+05	25.9735 59.8386 0.6798	
65.607626 259.931647	6.12e-01  8.62e-01  1.94e+05	11.9111 63.6259 0.9001	
65.607626 259.931647	8.12e-01  8.87e-01  1.78e+05	-0.1498 75.2506 0.0601	
65.607626 259.931647	6.18e-01  8.64e-01  1.94e+05	9.9225 64.4015 0.0424	
65.607626 259.931647	4.48e-01  7.86e-01  2.15e+05	0.7180 47.8833 0.4084	
65.607626 259.931647	5.76e-01  8.19e-01  2.01e+05	7.5012 59.5657 0.1066	
65.607626 259.931647	5.22e-01  7.13e-01  2.15e+05	-24.2388 41.3699 0.2878	
65.607626 259.931647	4.22e-01  8.42e-01  2.12e+05	5.8765 50.1759 0.7441	
65.607626 259.931647	5.83e-01  6.86e-01  2.12e+05	7.9715 50.2562 0.0300	
65.607626 259.931647	6.81e-01  8.43e-01  1.91e+05	-9.3688 66.7021 0.6628	
65.607626 259.931647	6.34e-01  9.49e-01  1.86e+05	-3.9599 70.1738 0.6381	
65.607626 259.931647	5.91e-01  9.74e-01  1.88e+05	-3.7559 69.2955 0.0745	
65.607626 259.931647	5.68e-01  7.03e-01  2.12e+05	-12.3919 49.5699 0.4822	
65.607626 259.931647	5.32e-01  6.66e-01  2.19e+05	-7.7722 43.6334 0.6012	
65.607626 259.931647	6.31e-01  6.84e-01  2.08e+05	-4.9016 54.3206 0.4532	
65.607626 259.931647	4.59e-01  8.05e-01  2.13e+05	-9.7038 49.5264 0.1802	
65.607626 259.931647	5.47e-01  9.02e-01  1.96e+05	14.5606 61.6626 0.3148	
65.607626 259.931647	4.81e-01  7.71e-01  2.14e+05	20.1964 45.2400 0.5060	
65.607626 259.931647	5.51e-01  8.09e-01  2.04e+05	0.1408 57.7306 0.3472	
65.607626 259.931647	7.81e-01  8.93e-01  1.80e+05	-32.0130 67.0035 0.7873	
65.607626 259.931647	7.11e-01  8.36e-01  1.89e+05	-10.6077 67.6970 0.9853	
65.607626 259.931647	7.98e-01  9.37e-01  1.76e+05	-29.4436 70.7849 0.5239	
65.607626 259.931647	5.76e-01  8.94e-01  1.95e+05	15.2087 62.7144 0.3681	
65.607626 259.931647	6.17e-01  9.24e-01  1.89e+05	-26.3505 62.9704 0.4161	
65.607626 259.931647	8.02e-01  8.36e-01  1.82e+05	-9.9859 72.0297 0.6789	
65.607626 259.931647	6.45e-01  8.42e-01  1.93e+05	35.8742 54.7619 0.3736	
65.607626 259.931647	5.82e-01  8.25e-01  2.00e+05	28.7407 53.5906 0.1804	
65.607626 259.931647	7.01e-01  8.96e-01  1.85e+05	12.0324 69.8536 0.0952	
65.607626 259.931647	5.66e-01  8.96e-01  1.95e+05	-4.0833 63.9122 0.5217	
65.607626 259.931647	5.29e-01  8.84e-01  1.99e+05	-7.3762 60.7569 0.8698	
65.607626 259.931647	6.60e-01  8.16e-01  1.94e+05	11.6729 63.7938 0.5442	
65.607626 259.931647	7.14e-01  8.13e-01  1.90e+05	-2.2111 67.5058 0.2017	
65.607626 259.931647	6.19e-01  7.78e-01  2.01e+05	38.6390 46.1158 0.1201	
65.607626 259.931647	4.97e-01  7.35e-01  2.16e+05	-19.0122 43.6812 0.8338	
65.607626 259.931647	5.98e-01  7.85e-01  2.02e+05	-6.1626 58.9817 0.7012	
65.607626 259.931647	2.75e-01  8.56e-01  2.26e+05	-5.8706 36.2784 0.0111	
65.607626 259.931647	7.32e-01  8.12e-01  1.89e+05	10.9347 67.4825 0.9884	
65.607626 259.931647	6.55e-01  9.62e-01  1.84e+05	-0.8231 71.7959 0.0327	
65.607626 259.931647	5.46e-01  7.91e-01  2.06e+05	-16.8882 53.5475 0.7443	
65.607626 259.931647	5.95e-01  8.98e-01  1.93e+05	16.1955 63.7652 0.8948	
65.607626 259.931647	5.86e-01  8.91e-01  1.94e+05	-19.4181 61.9613 0.2046	
65.607626 259.931647	3.78e-01  7.68e-01  2.24e+05	16.7426 34.7236 0.2106	
65.607626 259.931647	5.03e-01  7.27e-01  2.16e+05	8.2005 46.8092 0.1593	
65.607626 259.931647	5.08e-01  7.99e-01  2.09e+05	-2.2036 53.8901 0.8751	
65.607626 259.931647	5.98e-01  7.84e-01  2.02e+05	-10.3572 58.3038 0.1781	
65.607626 259.931647	5.68e-01  8.13e-01  2.02e+05	-9.4091 58.4428 0.1349	
65.607626 259.931647	6.03e-01  7.81e-01  2.02e+05	-15.9144 57.1734 0.6133	
65.607626 259.931647	5.91e-01  6.41e-01  2.16e+05	10.7346 46.4897 0.7886	
65.607626 259.931647	4.24e-01  6.74e-01  2.29e+05	-12.5452 29.4457 0.6248	
65.607626 259.931647	5.40e-01  8.76e-01  1.99e+05	25.5384 55.8224 0.3759	
65.607626 259.931647	5.47e-01  7.65e-01  2.08e+05	3.2421 54.2525 0.6601	
65.607626 259.931647	3.30e-01  8.03e-01  2.26e+05	-0.1042 36.8867 0.6113	
65.607626 259.931647	6.80e-01  9.51e-01  1.83e+05	2.9829 72.3843 0.3811	
65.607626 259.931647	6.46e-01  7.88e-01  1.98e+05	14.1103 60.8583 0.9714	
65.607626 259.931647	5.22e-01  6.72e-01  2.19e+05	0.3453 43.9586 0.9999	
65.607626 259.931647	5.86e-01  7.28e-01  2.08e+05	16.2532 51.9698 0.1458	
65.607626 259.931647	5.78e-01  8.30e-01  2.00e+05	10.3793 59.9602 0.1295	
65.607626 259.931647	6.75e-01  7.09e-01  2.02e+05	-15.4881 57.2492 0.6037	
65.607626 259.931647	3.86e-01  8.17e-01  2.18e+05	1.5216 44.8187 0.0532	
65.607626 259.931647	4.07e-01  9.26e-01  2.06e+05	-8.5008 55.2390 0.8884	
65.607626 259.931647	7.31e-01  8.46e-01  1.87e+05	-14.5560 68.4554 0.0108	
65.607626 259.931647	6.56e-01  9.22e-01  1.87e+05	-8.2113 69.5565 0.1118	
65.607626 259.931647	5.90e-01  8.12e-01  2.00e+05	-6.5274 60.1296 0.2085	
65.607626 259.931647	6.05e-01  7.80e-01  2.02e+05	9.3040 58.6529 0.2020	
65.607626 259.931647	3.96e-01  8.65e-01  2.13e+05	-4.5621 50.0309 0.6063	
65.607626 259.931647	5.12e-01  7.65e-01  2.11e+05	-18.4452 48.1999 0.6689	
65.607626 259.931647	5.50e-01  6.05e-01  2.23e+05	-6.8774 38.9867 0.6322	
65.607626 259.931647	4.59e-01  7.02e-01  2.23e+05	6.6693 39.8123 0.2669	
65.607626 259.931647	7.14e-01  8.57e-01  1.87e+05	5.6230 69.4497 0.6452	
65.607626 259.931647	4.29e-01  9.26e-01  2.04e+05	-27.3305 50.5614 0.7464	
65.607626 259.931647	5.46e-01  7.65e-01  2.08e+05	8.9501 53.4816 0.1921	
65.607626 259.931647	5.48e-01  7.75e-01  2.07e+05	35.0993 42.4495 0.6098	
65.607626 259.931647	7.58e-01  8.33e-01  1.86e+05	26.0393 65.6822 0.8594	
65.607626 259.931647	7.13e-01  7.90e-01  1.92e+05	9.7803 65.5251 0.7307	
65.607626 259.931647	6.56e-01  8.73e-01  1.90e+05	20.3698 64.4817 0.0853	
65.607626 259.931647	5.92e-01  8.32e-01  1.99e+05	-18.2775 59.0626 0.2014	
65.607626 259.931647	5.77e-01  8.34e-01  2.00e+05	-32.3029 51.7662 0.8760	
65.607626 259.931647	5.67e-01  6.01e-01  2.22e+05	1.3445 41.1550 0.2473	
65.607626 259.931647	5.05e-01  8.13e-01  2.08e+05	5.2225 54.5494 0.7310	
65.607626 259.931647	6.15e-01  7.77e-01  2.01e+05	-35.5227 48.1622 0.0022	
65.607626 259.931647	6.16e-01  7.36e-01  2.05e+05	26.0957 50.9215 0.6763	
65.607626 259.931647	4.33e-01  7.58e-01  2.20e+05	6.8628 43.0940 0.9259	
65.607626 259.931647	3.97e-01  7.59e-01  2.23e+05	7.5025 39.0076 0.8763	
65.607626 259.931647	4.13e-01  9.68e-01  2.02e+05	-15.0598 57.2448 0.9612	
65.607626 259.931647	3.72e-01  8.08e-01  2.21e+05	11.2153 40.9699 0.1857	
65.607626 259.931647	3.72e-01  8.82e-01  2.13e+05	-8.0622 48.9942 0.2801	
65.607626 259.931647	6.53e-01  7.59e-01  1.99e+05	29.9745 53.2513 0.2478	
65.607626 259.931647	4.19e-01  7.05e-01  2.27e+05	-12.6266 33.4447 0.1809	
65.607626 259.931647	5.74e-01  8.14e-01  2.01e+05	27.1732 53.1239 0.0641	
65.607626 259.931647	4.84e-01  9.34e-01  1.99e+05	-25.4754 55.9885 0.9076	
65.607626 259.931647	5.53e-01  7.70e-01  2.07e+05	-5.9261 54.8000 0.1385	
65.607626 259.931647	6.16e-01  7.88e-01  2.00e+05	-19.8806 57.2513 0.8486	
65.607626 259.931647	4.15e-01  8.08e-01  2.16e+05	11.5751 45.3417 0.4506	
65.607626 259.931647	6.21e-01  8.03e-01  1.99e+05	13.2036 60.3725 0.6370	
65.607626 259.931647	7.43e-01  8.11e-01  1.88e+05	-9.3283 68.2295 0.8149	
65.607626 259.931647	6.78e-01  8.22e-01  1.92e+05	2.8836 66.0548 0.2197	
65.607626 259.931647	6.41e-01  8.19e-01  1.96e+05	-1.2349 63.9325 0.1038	
65.607626 259.931647	4.95e-01  8.60e-01  2.04e+05	6.7057 57.0756 0.5475	
65.607626 259.931647	3.29e-01  8.40e-01  2.22e+05	-11.6497 39.5552 0.7572	
65.607626 259.931647	6.02e-01  8.89e-01  1.93e+05	-34.5888 55.7894 0.8941	
65.607626 259.931647	5.66e-01  7.99e-01  2.03e+05	-8.5179 57.4591 0.5582	
65.607626 259.931647	5.88e-01  7.72e-01  2.04e+05	-14.2644 55.9924 0.6502	
65.607626 259.931647	4.35e-01  7.43e-01  2.21e+05	0.1702 42.2942 0.6591	
65.607626 259.931647	5.46e-01  6.32e-01  2.21e+05	-19.4893 37.5021 0.7967	
65.607626 259.931647	7.41e-01  8.61e-01  1.85e+05	4.8486 70.9528 0.7588	
65.607626 259.931647	6.32e-01  8.59e-01  1.93e+05	47.6128 45.2165 0.6807	
65.607626 259.931647	7.02e-01  8.08e-01  1.92e+05	-22.5551 62.7576 0.1343	
65.607626 259.931647	5.78e-01  6.50e-01  2.16e+05	-4.4339 47.0612 0.2118	
65.607626 259.931647	6.12e-01  7.92e-01  2.00e+05	-14.3116 58.9447 0.6311	
65.607626 259.931647	5.79e-01  8.77e-01  1.96e+05	0.9122 63.6975 0.8017	
65.607626 259.931647	6.73e-01  7.64e-01  1.97e+05	-26.4971 56.7095 0.7386	
65.607626 259.931647	5.16e-01  8.41e-01  2.04e+05	5.8398 57.2902 0.0751	
65.607626 259.931647	4.59e-01  8.01e-01  2.13e+05	4.5359 49.8973 0.8191	
65.607626 259.931647	5.73e-01  8.59e-01  1.98e+05	3.4833 62.2399 0.5675	
65.607626 259.931647	5.91e-01  8.23e-01  1.99e+05	5.2041 61.0073 0.2036	
65.607626 259.931647	6.49e-01  7.81e-01  1.98e+05	-13.3754 60.7310 0.0958	
65.607626 259.931647	6.38e-01  8.69e-01  1.92e+05	10.5540 65.6877 0.7752	
65.607626 259.931647	5.65e-01  5.89e-01  2.23e+05	6.5122 39.0428 0.0714	
65.607626 259.931647	7.70e-01  8.51e-01  1.84e+05	-25.4996 67.3195 0.7984	
65.607626 259.931647	3.44e-01  8.23e-01  2.22e+05	9.2595 39.9826 0.8940	
65.607626 259.931647	4.85e-01  8.22e-01  2.08e+05	6.3949 53.6274 0.9924	
65.607626 259.931647	5.12e-01  8.42e-01  2.04e+05	17.7802 54.5111 0.3901	
65.607626 259.931647	5.28e-01  8.56e-01  2.02e+05	17.9939 56.5016 0.9331	
65.607626 259.931647	4.43e-01  9.31e-01  2.03e+05	-6.5417 58.3322 0.7397	
65.607626 259.931647	7.43e-01  9.65e-01  1.78e+05	-15.1590 74.0638 0.9590	
65.607626 259.931647	5.58e-01  7.60e-01  2.08e+05	25.0917 48.7076 0.6494	
65.607626 259.931647	5.17e-01  8.81e-01  2.01e+05	-2.2969 60.2035 0.5706	
65.607626 259.931647	5.88e-01  7.24e-01  2.08e+05	-9.6434 53.4944 0.0416	
65.607626 259.931647	5.26e-01  9.82e-01  1.92e+05	-43.3231 50.4899 0.8224	
65.607626 259.931647	5.02e-01  9.11e-01  1.99e+05	0.4684 61.1499 0.9214	
65.607626 259.931647	4.45e-01  7.78e-01  2.16e+05	8.4279 46.1632 0.3785	
65.607626 259.931647	6.27e-01  9.00e-01  1.90e+05	30.5081 60.2612 0.6664	
65.607626 259.931647	8.02e-01  8.49e-01  1.81e+05	49.2702 54.2578 0.8793	
65.607626 259.931647	4.49e-01  7.84e-01  2.16e+05	0.8230 47.7151 0.8826	
65.607626 259.931647	4.37e-01  7.54e-01  2.20e+05	22.8117 37.2832 0.4614	
65.607626 259.931647	7.40e-01  9.28e-01  1.80e+05	-9.5232 73.3710 0.3105	
65.607626 259.931647	5.21e-01  7.79e-01  2.09e+05	-16.8179 50.6671 0.0983	
65.607626 259.931647	5.16e-01  7.84e-01  2.09e+05	9.4722 52.5918 0.4126	
65.607626 259.931647	6.05e-01  7.58e-01  2.04e+05	-20.4826 54.1873 0.3552	
65.607626 259.931647	6.79e-01  8.84e-01  1.88e+05	7.2105 68.9374 0.2832	
65.607626 259.931647	5.48e-01  6.99e-01  2.14e+05	-15.2474 46.5441 0.1190	
65.607626 259.931647	5.04e-01  8.63e-01  2.03e+05	-31.5649 48.8872 0.9158	
65.607626 259.931647	5.70e-01  7.86e-01  2.04e+05	19.6452 54.0031 0.1815	
65.607626 259.931647	5.97e-01  7.07e-01  2.09e+05	-10.4510 52.6566 0.5159	
65.607626 259.931647	5.87e-01  8.99e-01  1.94e+05	35.5696 54.8776 0.5077	
65.607626 259.931647	5.79e-01  9.36e-01  1.91e+05	1.2130 66.8857 0.5568	
65.607626 259.931647	6.58e-01  8.32e-01  1.93e+05	37.6088 53.7277 0.5603	
65.607626 259.931647	3.91e-01  8.00e-01  2.20e+05	-4.4008 43.5329 0.1332	
65.607626 259.931647	5.44e-01  7.61e-01  2.09e+05	8.5891 53.1339 0.7227	
65.607626 259.931647	8.22e-01  9.15e-01  1.76e+05	-40.8226 65.0027 0.8590	
65.607626 259.931647	6.94e-01  8.00e-01  1.93e+05	-42.3356 50.4014 0.6938	
65.607626 259.931647	5.95e-01  8.66e-01  1.95e+05	-21.7088 60.2550 0.2268	
65.607626 259.931647	6.92e-01  7.47e-01  1.97e+05	-11.0246 61.7492 0.9164	
65.607626 259.931647	6.85e-01  8.14e-01  1.93e+05	-19.8003 62.9959 0.4366	
65.607626 259.931647	4.31e-01  8.39e-01  2.12e+05	-1.2448 51.0394 0.0606	
65.607626 259.931647	7.54e-01  8.16e-01  1.87e+05	-8.9399 69.0788 0.4558	
65.607626 259.931647	6.35e-01  6.44e-01  2.11e+05	5.9049 51.4053 0.1575	
65.607626 259.931647	6.36e-01  8.03e-01  1.97e+05	-0.8383 62.7410 0.0808	
65.607626 259.931647	4.00e-01  9.16e-01  2.08e+05	6.3102 54.2565 0.4984	
65.607626 259.931647	6.73e-01  8.27e-01  1.92e+05	-25.7513 60.9062 0.4190	
65.607626 259.931647	6.27e-01  6.95e-01  2.07e+05	-13.5413 53.3801 0.6051	
65.607626 259.931647	6.28e-01  8.54e-01  1.94e+05	-2.0349 65.1679 0.9314	
65.607626 259.931647	4.96e-01  7.52e-01  2.14e+05	-11.6666 47.6681 0.3988	
65.607626 259.931647	6.10e-01  8.12e-01  1.99e+05	-46.6055 40.5413 0.6422	
65.607626 259.931647	5.99e-01  9.09e-01  1.92e+05	-35.7479 56.0932 0.5120	
65.607626 259.931647	6.12e-01  8.88e-01  1.92e+05	23.6198 61.7934 0.8136	
65.607626 259.931647	7.09e-01  7.68e-01  1.94e+05	-21.0717 61.3859 0.2190	
65.607626 259.931647	7.66e-01  8.23e-01  1.86e+05	-7.2378 70.1610 0.2214	
