#subID	 subGroupNr x	 y	 z	 vx	 yv	 yz	 vmax	 B_MAG V_MAG M_star
#subID	 groupID	 kpc	 kpc	 kpc	 km/s	 km/s	 km/s	 km/s	 mags mags 10^10Msun
611495 2135 14543.616555 49460.393732 11471.638766 -205.170929 -172.210968 -46.870113 154.624161 0.000000e+00 0.000000e+00 0.000000e+00
611496 2135 14556.141246 49544.744318 11508.780740 -314.715881 -237.940262 159.846817 46.874950 0.000000e+00 0.000000e+00 0.000000e+00
611497 2135 14533.160123 49454.190341 11495.162270 -372.977997 -63.896622 176.372711 43.678093 0.000000e+00 0.000000e+00 0.000000e+00
611498 2135 14540.148648 49470.164906 11417.662187 -372.547211 71.044075 -36.735329 31.454069 0.000000e+00 0.000000e+00 0.000000e+00
611499 2135 14419.520985 49560.136275 11501.105569 -167.284698 -111.193207 -98.262405 27.511992 0.000000e+00 0.000000e+00 0.000000e+00
611500 2135 14373.698841 49388.222434 11375.613819 -219.943329 -261.216278 60.787308 25.743553 0.000000e+00 0.000000e+00 0.000000e+00
611501 2135 14583.931663 49528.775302 11543.864857 -206.212158 -296.138702 122.438393 26.562719 0.000000e+00 0.000000e+00 0.000000e+00
611502 2135 14432.608865 49565.984553 11383.952748 -113.091461 -183.954666 65.385422 27.639841 0.000000e+00 0.000000e+00 0.000000e+00
611503 2135 14572.169911 49275.690252 11423.707442 -227.861160 -51.915859 -117.655464 26.392933 0.000000e+00 0.000000e+00 0.000000e+00
611504 2135 14570.261175 49429.016113 11374.922319 -282.712219 32.013618 -88.652245 24.647943 0.000000e+00 0.000000e+00 0.000000e+00
611505 2135 14641.974709 49502.424760 11605.905013 -189.672577 -318.806915 -63.368877 22.543493 0.000000e+00 0.000000e+00 0.000000e+00
611506 2135 14273.843939 49566.583807 11288.530523 -251.905640 -121.720596 -54.672192 19.695360 0.000000e+00 0.000000e+00 0.000000e+00
611507 2135 14286.608609 49494.762074 11487.157648 -126.604935 -173.159485 10.976427 24.000452 0.000000e+00 0.000000e+00 0.000000e+00
611508 2135 14492.544001 49495.832963 11383.320895 -139.229034 -164.284882 35.686287 22.932461 0.000000e+00 0.000000e+00 0.000000e+00
611509 2135 14697.881525 49454.057173 11660.507202 -197.452499 -196.541550 -195.791306 20.526783 0.000000e+00 0.000000e+00 0.000000e+00
611510 2135 14592.149214 49380.770597 11529.830239 -179.251984 -56.674046 -37.946083 24.970509 0.000000e+00 0.000000e+00 0.000000e+00
611511 2135 14650.888616 49555.092551 11523.194747 -70.144875 -128.953995 30.813604 16.075747 0.000000e+00 0.000000e+00 0.000000e+00
611512 2135 14576.833552 49508.439498 11490.676880 -165.832230 -98.481735 82.322540 23.710630 0.000000e+00 0.000000e+00 0.000000e+00
611513 2135 14609.803633 49550.598145 11349.565679 -259.998169 -90.034386 -26.956064 21.799530 0.000000e+00 0.000000e+00 0.000000e+00
611514 2135 14675.784024 49637.506658 11352.233193 -190.093552 -272.387665 -148.566483 16.018694 0.000000e+00 0.000000e+00 0.000000e+00
611515 2135 14751.296997 49375.066584 11257.079385 -230.800522 -116.758324 -65.735420 17.759468 0.000000e+00 0.000000e+00 0.000000e+00
611516 2135 14750.029130 49427.656694 11367.076527 -213.146927 -106.297012 -124.622169 17.645603 0.000000e+00 0.000000e+00 0.000000e+00
611517 2135 14418.957797 49365.123402 11337.002841 -290.169708 -76.940826 -67.261604 15.699803 0.000000e+00 0.000000e+00 0.000000e+00
611518 2135 14596.821178 49269.819780 11649.852406 -188.922058 -185.195343 -140.626144 15.932789 0.000000e+00 0.000000e+00 0.000000e+00
611519 2135 14518.209284 49564.319957 11549.940629 -64.165359 -63.987206 17.572231 14.102207 0.000000e+00 0.000000e+00 0.000000e+00
611520 2135 14683.858698 49486.833052 11249.923706 -247.931549 -84.897560 98.765182 15.386592 0.000000e+00 0.000000e+00 0.000000e+00
611521 2135 14619.821722 49303.860751 11398.135099 -203.006958 -207.694031 62.109966 15.588226 0.000000e+00 0.000000e+00 0.000000e+00
611522 2135 14766.801314 49478.521174 11410.988548 -337.666046 -257.223694 -121.452316 10.321649 0.000000e+00 0.000000e+00 0.000000e+00
611523 2135 14380.874634 49585.954146 11535.445473 -334.752136 -194.706451 -12.583708 13.777113 0.000000e+00 0.000000e+00 0.000000e+00
611524 2135 14577.055498 49365.706010 11552.923029 -145.897339 8.345051 -34.787895 14.136753 0.000000e+00 0.000000e+00 0.000000e+00
611525 2135 14385.564631 49441.017844 11662.825151 -109.169029 -233.609100 -76.179504 14.875394 0.000000e+00 0.000000e+00 0.000000e+00
611526 2135 14432.449341 49377.169522 11586.063038 -143.499298 -55.729473 -65.599808 13.514182 0.000000e+00 0.000000e+00 0.000000e+00
611527 2135 14570.906206 49485.418146 11625.985579 -177.624115 -117.885590 -168.143967 8.482210 0.000000e+00 0.000000e+00 0.000000e+00
611528 2135 14337.263627 49379.377885 11342.996077 -237.676239 -63.179436 23.859396 11.932921 0.000000e+00 0.000000e+00 0.000000e+00
611529 2135 14494.677457 49391.424006 11555.199363 -57.587528 -299.812012 -105.141579 15.938097 0.000000e+00 0.000000e+00 0.000000e+00
611530 2135 14564.059171 49402.143999 11492.519032 -188.904495 -320.658356 -140.988953 14.225037 0.000000e+00 0.000000e+00 0.000000e+00
611531 2135 14281.599565 49548.878063 11489.987460 -276.700592 -233.491516 -38.033108 13.415425 0.000000e+00 0.000000e+00 0.000000e+00
611532 2135 14433.524392 49642.683549 11404.706088 -233.283249 -73.619400 75.311142 10.820077 0.000000e+00 0.000000e+00 0.000000e+00
611533 2135 14593.763872 49600.341797 11477.264404 -170.988174 -249.827972 145.880127 10.556706 0.000000e+00 0.000000e+00 0.000000e+00
611534 2135 14635.581277 49459.733443 11629.415339 -141.054382 -72.214531 48.700825 11.563910 0.000000e+00 0.000000e+00 0.000000e+00
672704 3991 13773.121227 48678.372470 11936.873002 -210.023560 -146.493042 -77.102173 121.207878 0.000000e+00 0.000000e+00 0.000000e+00
672705 3991 13764.795477 48700.084339 11911.919334 -185.031830 -105.181023 -110.586205 72.449547 0.000000e+00 0.000000e+00 0.000000e+00
672706 3991 13795.612682 48874.223189 11944.184737 -186.602417 -190.942047 -188.522202 29.347376 0.000000e+00 0.000000e+00 0.000000e+00
672707 3991 13743.739735 48725.247470 12135.331587 -168.137985 -101.599060 -126.076767 21.304178 0.000000e+00 0.000000e+00 0.000000e+00
672708 3991 13682.464600 48764.781605 11855.527011 -187.925766 -165.332993 -42.564941 23.483595 0.000000e+00 0.000000e+00 0.000000e+00
672709 3991 13999.966708 48745.971680 11943.330245 -151.703171 -192.957275 -21.340912 17.886889 0.000000e+00 0.000000e+00 0.000000e+00
672710 3991 14028.535323 48686.207164 12011.027943 -297.325653 -96.956184 -114.618248 15.944002 0.000000e+00 0.000000e+00 0.000000e+00
672711 3991 13783.407038 48652.371493 11838.111184 -164.857834 -47.442886 -48.462105 14.845442 0.000000e+00 0.000000e+00 0.000000e+00
672712 3991 13717.330933 48703.524503 11872.582176 -220.444138 -202.358810 -235.558090 13.404794 0.000000e+00 0.000000e+00 0.000000e+00
672713 3991 13756.213101 48714.566317 11843.103582 -184.759979 -25.610655 -99.041412 17.733776 0.000000e+00 0.000000e+00 0.000000e+00
672714 3991 13593.290849 48685.907537 11935.129339 -116.703003 -129.989929 -117.943077 11.471557 0.000000e+00 0.000000e+00 0.000000e+00
672715 3991 13722.431530 48729.575417 11830.871582 -97.485481 -42.178082 -13.069860 12.775470 0.000000e+00 0.000000e+00 0.000000e+00
672716 3991 13829.471935 48743.341619 11845.940330 -189.352646 -285.049744 -5.300940 12.641062 0.000000e+00 0.000000e+00 0.000000e+00
672717 3991 13617.863048 48553.855202 12138.054588 -155.751968 -115.920509 -42.650429 12.895590 0.000000e+00 0.000000e+00 0.000000e+00
672718 3991 13692.916870 48671.331232 11752.344305 -149.064072 -164.034531 -142.322403 14.117547 0.000000e+00 0.000000e+00 0.000000e+00
672719 3991 13825.856989 48596.951571 11989.569924 -292.591492 -38.689335 -146.718643 10.411390 0.000000e+00 0.000000e+00 0.000000e+00
672720 3991 13667.297363 48526.988636 11942.253806 -157.219467 -121.020172 -89.539383 16.445793 0.000000e+00 0.000000e+00 0.000000e+00
672721 3991 13851.928711 48618.741122 12025.866422 -286.260986 -66.863602 -76.771667 10.209774 0.000000e+00 0.000000e+00 0.000000e+00
672722 3991 13834.214644 48761.724299 11925.291582 -386.041138 -146.280167 -72.979973 9.967063 0.000000e+00 0.000000e+00 0.000000e+00
672723 3991 13818.929499 48748.485218 11973.122337 -270.611267 -18.009203 -9.129562 11.219767 0.000000e+00 0.000000e+00 0.000000e+00
672724 3991 13665.113969 48646.029386 12008.311879 -275.593842 -73.782440 -114.664452 9.703675 0.000000e+00 0.000000e+00 0.000000e+00
776681 11589 14892.415827 49171.125932 11902.793191 -212.697342 -181.586349 -151.089386 63.339771 0.000000e+00 0.000000e+00 0.000000e+00
776682 11589 14986.136697 49110.024192 11886.168046 -200.738861 -166.183395 -71.567436 39.466343 0.000000e+00 0.000000e+00 0.000000e+00
776683 11589 14873.046875 49197.121360 11933.936379 -207.632507 -178.705032 -120.361778 40.602795 0.000000e+00 0.000000e+00 0.000000e+00
776684 11589 14918.973056 49142.012163 11818.692294 -185.136383 -184.769730 -124.445015 32.715057 0.000000e+00 0.000000e+00 0.000000e+00
776685 11589 14932.525635 49188.487660 11881.460016 -259.820831 -170.383560 -133.573227 36.744598 0.000000e+00 0.000000e+00 0.000000e+00
776686 11589 14897.372159 49120.344682 11896.771518 -138.838272 -230.173203 -147.899841 22.105377 0.000000e+00 0.000000e+00 0.000000e+00
776687 11589 14908.222545 49156.416460 11886.087591 -180.961838 -207.492706 -74.583000 21.390917 0.000000e+00 0.000000e+00 0.000000e+00
776688 11589 14968.523892 49167.746804 11936.222423 -195.292068 -98.860779 -129.280197 19.468931 0.000000e+00 0.000000e+00 0.000000e+00
776689 11589 14972.065319 49252.702193 11849.592729 -173.806076 -146.309723 -139.483337 15.962694 0.000000e+00 0.000000e+00 0.000000e+00
776690 11589 14839.947787 49173.939098 11848.206954 -259.508240 -165.946274 -98.924278 17.814409 0.000000e+00 0.000000e+00 0.000000e+00
776691 11589 14894.278786 49250.793457 11917.567860 -243.648590 -233.595871 -99.163513 13.145098 0.000000e+00 0.000000e+00 0.000000e+00
776692 11589 15042.409723 49053.949529 11927.992387 -179.723297 -135.113235 -117.181984 7.996808 0.000000e+00 0.000000e+00 0.000000e+00
776693 11589 14922.758623 49229.037198 11937.598489 -198.373291 -217.186325 -200.618881 12.695132 0.000000e+00 0.000000e+00 0.000000e+00
776694 11589 14831.276634 49327.142889 11901.727850 -160.389191 -168.710678 -155.756042 6.974408 0.000000e+00 0.000000e+00 0.000000e+00
845932 22431 13855.305065 47579.944957 12438.710993 -243.010605 -149.599731 -68.774277 64.101028 0.000000e+00 0.000000e+00 0.000000e+00
900323 36081 14878.094760 50327.325994 10556.983254 -204.264633 -149.274780 -25.352787 62.469101 0.000000e+00 0.000000e+00 0.000000e+00
900324 36081 14912.263350 50307.034579 10636.035572 -195.178436 -119.968239 -10.502811 16.567165 0.000000e+00 0.000000e+00 0.000000e+00
900325 36081 14894.242720 50379.638672 10540.752064 -242.821594 -158.077744 11.143991 16.439213 0.000000e+00 0.000000e+00 0.000000e+00
1017054 83306 13319.539850 47875.199751 11954.086304 -265.993073 -128.299286 -32.535156 38.628349 0.000000e+00 0.000000e+00 0.000000e+00
1017055 83306 13296.062123 47827.753240 11963.867188 -247.908524 -126.497688 -1.143830 18.888260 0.000000e+00 0.000000e+00 0.000000e+00
1017056 83306 13288.540927 47803.971724 11948.891380 -255.861664 -133.030670 6.607100 12.071827 0.000000e+00 0.000000e+00 0.000000e+00
1037659 94077 13827.893344 47944.419167 12320.767489 -225.489853 -171.288910 -130.482010 45.301212 0.000000e+00 0.000000e+00 0.000000e+00
1042560 96737 15144.962658 49123.279918 11983.986594 -134.862732 -131.547424 -138.289932 37.144802 0.000000e+00 0.000000e+00 0.000000e+00
1113139 138829 13859.054565 49133.400657 12529.176192 -235.103363 -187.161362 -137.259125 39.341690 0.000000e+00 0.000000e+00 0.000000e+00
1148502 162149 14135.535500 48730.063699 12219.697432 -269.893555 -109.583733 -103.933609 30.528158 0.000000e+00 0.000000e+00 0.000000e+00
1148503 162149 14130.683205 48734.491522 12179.677790 -258.797882 -150.466293 -112.762566 18.447800 0.000000e+00 0.000000e+00 0.000000e+00
1148504 162149 14155.481512 48691.728072 12207.805287 -251.923950 -123.423882 -92.118820 16.357319 0.000000e+00 0.000000e+00 0.000000e+00
1172422 178643 13813.479337 49079.695268 12379.896684 -227.814987 -183.888672 -132.031418 32.268318 0.000000e+00 0.000000e+00 0.000000e+00
1174477 180104 14726.427945 49482.377486 13374.248158 -166.734070 -187.633850 -82.371002 32.349770 0.000000e+00 0.000000e+00 0.000000e+00
1191080 191800 13474.136353 48185.441451 12224.473433 -225.344574 -120.688110 -114.097786 32.605049 0.000000e+00 0.000000e+00 0.000000e+00
1195901 195238 14386.094527 48278.364702 12846.890536 -184.902328 -178.206528 -97.844749 26.904854 0.000000e+00 0.000000e+00 0.000000e+00
1195902 195238 14414.231734 48315.074574 12915.287365 -213.500488 -156.347809 -98.187866 9.374073 0.000000e+00 0.000000e+00 0.000000e+00
1223342 215250 14172.381314 49328.319203 13661.980369 -227.209869 -170.673630 -76.047722 30.173157 0.000000e+00 0.000000e+00 0.000000e+00
1259990 242879 14394.349532 48344.027433 12530.901822 -197.380707 -178.508636 -111.825348 26.784344 0.000000e+00 0.000000e+00 0.000000e+00
1259991 242879 14360.297463 48362.343528 12584.302035 -233.329544 -105.910835 -45.293930 12.210043 0.000000e+00 0.000000e+00 0.000000e+00
1299317 273378 14750.897494 49288.901589 11610.511086 -312.214264 -183.295059 -138.347778 24.831638 0.000000e+00 0.000000e+00 0.000000e+00
1299318 273378 14777.844516 49349.048961 11577.116533 -94.808212 -141.952759 -87.561440 10.573233 0.000000e+00 0.000000e+00 0.000000e+00
1302565 275970 13968.245073 49520.402388 10861.154036 -197.613190 -146.353912 9.225170 28.273647 0.000000e+00 0.000000e+00 0.000000e+00
1303117 276418 13342.371160 48234.502619 12229.463057 -235.898087 -177.734573 -143.234436 27.499815 0.000000e+00 0.000000e+00 0.000000e+00
1319817 289745 13368.069735 47985.867587 11993.219549 -235.365356 -137.091537 -102.918854 30.627232 0.000000e+00 0.000000e+00 0.000000e+00
1341471 307249 14544.121482 49750.993208 13462.588224 -166.991241 -189.622574 -83.995926 23.179659 0.000000e+00 0.000000e+00 0.000000e+00
1351848 315699 14964.312467 49603.854093 11529.277455 -158.968613 -66.469070 -11.967991 26.696598 0.000000e+00 0.000000e+00 0.000000e+00
1421818 373928 14653.699008 49279.213645 11761.446866 -195.990265 -218.498627 -30.327951 27.249393 0.000000e+00 0.000000e+00 0.000000e+00
1433854 384112 13369.051847 47641.257546 12212.020874 -226.833450 -160.713760 -103.281227 25.667620 0.000000e+00 0.000000e+00 0.000000e+00
1443172 392066 14377.978238 49552.728826 11743.743896 -168.279236 -247.799011 -69.096901 35.004597 0.000000e+00 0.000000e+00 0.000000e+00
1468620 414021 14372.473977 48289.539684 13001.144409 -199.904694 -172.057816 -100.611404 24.771536 0.000000e+00 0.000000e+00 0.000000e+00
1482173 425721 15258.911133 50402.465820 11728.166060 -199.310745 -174.071136 -88.255356 23.700251 0.000000e+00 0.000000e+00 0.000000e+00
1491143 433568 14638.878562 50301.302823 10974.536549 -226.481537 -186.233261 -30.551081 26.896132 0.000000e+00 0.000000e+00 0.000000e+00
1494992 436972 12456.218373 49383.478338 12350.322377 -80.471176 -263.273987 -41.027016 20.397108 0.000000e+00 0.000000e+00 0.000000e+00
1515671 455121 14553.147749 49713.550914 11422.710765 -177.165680 -214.974136 100.210121 25.107796 0.000000e+00 0.000000e+00 0.000000e+00
1525776 464010 13496.258822 47783.591531 12456.257213 -225.569321 -159.064301 -118.351883 27.836252 0.000000e+00 0.000000e+00 0.000000e+00
1562267 496382 13739.790483 49412.009499 12518.016468 -219.862091 -196.861176 -112.261444 25.874981 0.000000e+00 0.000000e+00 0.000000e+00
1611660 540842 14310.920022 48283.519398 13503.148859 -182.809021 -171.933655 -64.126091 19.023138 0.000000e+00 0.000000e+00 0.000000e+00
1611661 540842 14290.954590 48319.802024 13503.861861 -184.094070 -183.612411 -53.180569 12.416838 0.000000e+00 0.000000e+00 0.000000e+00
1615668 544503 14292.515148 48254.283558 13334.930420 -198.892349 -174.032959 -79.016716 22.234621 0.000000e+00 0.000000e+00 0.000000e+00
1625927 553789 14565.259066 49839.932528 11280.352506 -238.130096 -252.823242 11.812233 22.125755 0.000000e+00 0.000000e+00 0.000000e+00
1643283 569555 15176.272306 49712.030584 12650.152033 -195.249207 -186.939713 -94.651283 23.567719 0.000000e+00 0.000000e+00 0.000000e+00
1652329 577809 14789.796309 48909.002131 11797.400735 -95.130341 -167.246384 -83.668938 20.946878 0.000000e+00 0.000000e+00 0.000000e+00
1673171 596963 13258.094094 48109.780051 12059.799194 -211.459839 -168.455154 -125.254532 18.397154 0.000000e+00 0.000000e+00 0.000000e+00
1678091 601505 14274.740046 48361.833052 13520.202637 -179.421356 -172.685028 -74.458961 22.881706 0.000000e+00 0.000000e+00 0.000000e+00
1690788 613183 14011.507901 47633.173162 12379.871715 -240.736908 -155.473343 -79.026466 25.018431 0.000000e+00 0.000000e+00 0.000000e+00
1693365 615585 13347.163807 48311.368075 12201.859908 -224.341003 -118.493187 -14.952948 22.350664 0.000000e+00 0.000000e+00 0.000000e+00
1698551 620343 13745.928678 48085.199529 10329.604409 -287.772034 -151.816193 -62.185932 17.419174 0.000000e+00 0.000000e+00 0.000000e+00
1701140 622738 14581.065785 48184.453791 12689.013394 -208.915405 -162.076828 -97.235680 21.331347 0.000000e+00 0.000000e+00 0.000000e+00
1706483 627638 14455.397172 49810.147372 11482.505105 -141.572205 -199.562988 16.043125 28.778402 0.000000e+00 0.000000e+00 0.000000e+00
1706514 627668 15056.941639 49838.734020 11531.886708 -260.401550 -211.419449 -76.080429 21.959055 0.000000e+00 0.000000e+00 0.000000e+00
1711756 632513 14082.432140 48977.550160 10100.852273 -99.764854 -199.234589 -80.843468 19.279476 0.000000e+00 0.000000e+00 0.000000e+00
1711757 632513 14091.493086 48970.203746 10081.903631 -104.477028 -199.004456 -64.731529 12.131263 0.000000e+00 0.000000e+00 0.000000e+00
1717231 637575 14472.066706 49727.594549 11577.707464 -140.070801 -219.422150 -7.997033 20.667147 0.000000e+00 0.000000e+00 0.000000e+00
1739911 658698 14250.653354 49453.629927 11387.151545 -178.520508 -157.079865 -10.686699 22.787415 0.000000e+00 0.000000e+00 0.000000e+00
1739912 658699 14693.195690 49569.474654 11250.140797 -198.637848 -80.284592 63.093540 23.317257 0.000000e+00 0.000000e+00 0.000000e+00
1764159 681428 14397.151600 49222.905939 11423.100558 -198.714432 -112.896378 5.339575 23.542925 0.000000e+00 0.000000e+00 0.000000e+00
1776931 693409 13458.676425 48211.697665 11597.722140 -87.113693 -220.829239 -47.439461 18.929022 0.000000e+00 0.000000e+00 0.000000e+00
1790155 705914 14904.828158 49292.119806 12207.336426 -215.753250 -209.718170 -161.630753 24.024014 0.000000e+00 0.000000e+00 0.000000e+00
1825694 739501 14829.007235 49474.143288 11862.558538 -233.120850 -176.631317 -139.297897 24.088551 0.000000e+00 0.000000e+00 0.000000e+00
1844360 757316 15090.148926 50101.989746 13008.257779 -150.194183 -172.581970 -92.635506 18.528048 0.000000e+00 0.000000e+00 0.000000e+00
1852159 764771 13403.593584 48280.800559 12538.446600 -209.697632 -127.188194 -55.488533 21.707933 0.000000e+00 0.000000e+00 0.000000e+00
1893137 804189 13467.568137 47439.153498 12389.641502 -209.789795 -131.292191 -22.712025 21.793762 0.000000e+00 0.000000e+00 0.000000e+00
1919635 829712 13740.403609 48442.632502 12415.349787 -83.011696 -227.630630 -89.735733 20.235882 0.000000e+00 0.000000e+00 0.000000e+00
1924337 834246 13290.614735 48286.121715 12434.580023 -215.393494 -120.625526 -42.403862 20.002827 0.000000e+00 0.000000e+00 0.000000e+00
1929071 838846 13824.633512 48957.397461 11867.656361 -150.090714 -176.807571 -142.171921 20.733088 0.000000e+00 0.000000e+00 0.000000e+00
1929138 838913 14346.536810 49074.496183 10733.084245 -86.818405 -191.591522 -40.531651 17.110550 0.000000e+00 0.000000e+00 0.000000e+00
1978875 887270 13582.942616 48716.402921 11993.663441 -196.082703 -145.269379 -126.084969 20.390001 0.000000e+00 0.000000e+00 0.000000e+00
1989379 897595 13654.891968 48360.118519 11982.409391 -220.850983 -104.790245 -40.407963 19.222744 0.000000e+00 0.000000e+00 0.000000e+00
1994744 902858 14069.062666 50453.491211 10617.778431 -205.436722 -140.612381 -26.871008 21.624912 0.000000e+00 0.000000e+00 0.000000e+00
2022406 929939 13921.940197 49096.013849 11801.875721 -219.585464 -182.921310 -94.526543 22.075386 0.000000e+00 0.000000e+00 0.000000e+00
2040010 947282 14910.546043 49255.537553 11731.328791 -254.459213 -198.858490 49.434204 19.953218 0.000000e+00 0.000000e+00 0.000000e+00
2040023 947295 14682.474310 49314.125755 11945.398504 -209.657471 -58.902115 -62.686684 17.683151 0.000000e+00 0.000000e+00 0.000000e+00
2046158 953322 14462.593772 47805.802779 12722.441240 -188.024429 -172.172928 -87.112885 14.080331 0.000000e+00 0.000000e+00 0.000000e+00
2070981 977862 14265.501543 49386.524547 10552.914706 -193.375793 -136.948486 -7.951928 16.475729 0.000000e+00 0.000000e+00 0.000000e+00
2077441 984240 12927.114313 47808.554909 11367.458690 -116.090118 -232.497208 -60.202496 15.360841 0.000000e+00 0.000000e+00 0.000000e+00
2090390 997022 14581.852306 49040.444114 11497.293646 -59.794483 -138.879730 -42.855869 16.337763 0.000000e+00 0.000000e+00 0.000000e+00
2097153 1003757 13574.786100 50570.318049 12390.622226 -69.013229 -219.801849 -44.853676 16.763052 0.000000e+00 0.000000e+00 0.000000e+00
2132112 1038676 15069.101507 49232.444070 11355.485396 -231.299881 -151.431885 -112.816429 18.290695 0.000000e+00 0.000000e+00 0.000000e+00
2139402 1045974 13970.697576 49484.480424 12612.362948 -227.713486 -189.632599 -116.140312 15.661324 0.000000e+00 0.000000e+00 0.000000e+00
2139504 1046080 13084.446300 48006.564054 11408.624822 -111.552620 -227.181015 -55.757317 15.417411 0.000000e+00 0.000000e+00 0.000000e+00
2161703 1068341 14287.776600 48132.995605 10922.429865 -317.003052 -131.483902 -58.601604 18.332855 0.000000e+00 0.000000e+00 0.000000e+00
2169429 1076072 14563.949585 49237.448952 11720.830744 -38.737576 -203.509354 -131.958893 12.636884 0.000000e+00 0.000000e+00 0.000000e+00
2169430 1076072 14575.392290 49214.610707 11705.892389 -203.953445 -250.508621 -74.247299 16.544462 0.000000e+00 0.000000e+00 0.000000e+00
2176975 1083671 13517.752907 47717.362837 12016.686179 -270.389526 -116.857704 -28.991161 18.791510 0.000000e+00 0.000000e+00 0.000000e+00
2177079 1083776 12386.087591 49367.664684 12304.934415 -74.982040 -260.268646 -29.656010 17.285267 0.000000e+00 0.000000e+00 0.000000e+00
2192873 1099648 13220.453436 48031.910289 12433.011142 -216.102890 -136.843002 -25.175680 15.539721 0.000000e+00 0.000000e+00 0.000000e+00
2192874 1099648 13216.376565 48050.698020 12440.770930 -215.518890 -140.864243 -39.083317 12.672984 0.000000e+00 0.000000e+00 0.000000e+00
2201137 1108004 13098.828402 48319.918546 10394.717130 -109.888153 -235.775681 -78.320862 16.922770 0.000000e+00 0.000000e+00 0.000000e+00
2201140 1108007 15218.888716 49996.121493 12693.086104 -167.458725 -174.478287 -93.077545 17.571501 0.000000e+00 0.000000e+00 0.000000e+00
2225863 1133079 14640.666615 49446.239125 11709.650213 -168.466949 -285.272003 14.849349 9.240059 0.000000e+00 0.000000e+00 0.000000e+00
2234212 1141576 14281.843706 48287.470037 11805.368597 -236.987350 -133.394424 -113.701706 16.823864 0.000000e+00 0.000000e+00 0.000000e+00
2251648 1159275 13389.993841 48010.609020 12612.627896 -259.087097 -160.800110 -127.822281 17.164721 0.000000e+00 0.000000e+00 0.000000e+00
2251657 1159284 13820.868752 49260.609020 10027.437383 -231.395660 -151.685883 -47.765007 15.586185 0.000000e+00 0.000000e+00 0.000000e+00
2260683 1168498 14846.534035 49533.741344 11671.360363 -293.920044 -131.021210 19.794527 16.301466 0.000000e+00 0.000000e+00 0.000000e+00
2260696 1168513 14007.304798 48919.483532 10310.969960 -96.094482 -201.749954 -71.108688 18.298056 0.000000e+00 0.000000e+00 0.000000e+00
2269772 1177772 15036.766746 50302.917480 12725.800948 -157.938263 -167.916122 -79.937485 15.869481 0.000000e+00 0.000000e+00 0.000000e+00
2278792 1186936 13868.970004 48363.974831 11265.461315 -310.052185 -121.570854 -44.661064 14.337461 0.000000e+00 0.000000e+00 0.000000e+00
2278793 1186936 13849.229292 48393.277255 11271.868619 -316.299011 -127.885399 -47.123592 10.661893 0.000000e+00 0.000000e+00 0.000000e+00
2288144 1196496 14501.829668 48672.796076 13613.720981 -193.785416 -185.354294 -67.149376 14.523943 0.000000e+00 0.000000e+00 0.000000e+00
2297684 1206258 14501.109730 49576.843262 9813.984264 -116.935539 -198.378876 -69.926384 16.651617 0.000000e+00 0.000000e+00 0.000000e+00
2297685 1206259 14433.442549 48997.170188 11270.833102 -66.229736 -163.094421 -22.662804 14.431265 0.000000e+00 0.000000e+00 0.000000e+00
2327164 1236504 12475.434737 49448.269931 12241.471724 -95.905159 -249.237564 -39.310051 16.468439 0.000000e+00 0.000000e+00 0.000000e+00
2337312 1246913 14186.731512 49309.154164 11630.792098 -207.928864 -196.461136 -69.221016 18.302132 0.000000e+00 0.000000e+00 0.000000e+00
2347611 1257490 13154.746316 48071.200284 12421.836159 -249.740295 -177.296555 -129.840775 14.536842 0.000000e+00 0.000000e+00 0.000000e+00
2347612 1257491 13855.954257 48214.471990 11225.795399 -311.788269 -125.714424 -50.061485 13.126835 0.000000e+00 0.000000e+00 0.000000e+00
2347738 1257629 15032.714844 48966.924494 12117.111206 -122.005753 -169.332108 -147.599335 16.508856 0.000000e+00 0.000000e+00 0.000000e+00
2347744 1257634 14945.363825 49549.710360 13016.197898 -174.874130 -179.425613 -95.085251 15.032974 0.000000e+00 0.000000e+00 0.000000e+00
2379509 1290416 14501.750599 49358.631481 11234.878540 -257.562012 -32.809540 3.307382 13.695462 0.000000e+00 0.000000e+00 0.000000e+00
2379648 1290564 14233.557961 48972.306685 10274.190729 -108.071709 -203.663971 -62.654446 16.406099 0.000000e+00 0.000000e+00 0.000000e+00
2390531 1301844 13313.077060 47772.821600 12468.720870 -222.615097 -145.114243 -50.865993 18.424576 0.000000e+00 0.000000e+00 0.000000e+00
2401888 1313653 14209.611373 49594.204989 11442.669262 -207.862091 -124.478111 13.749111 15.248178 0.000000e+00 0.000000e+00 0.000000e+00
2401902 1313669 13649.794145 48791.060014 10672.406977 -263.063202 -134.262924 -40.201271 15.597045 0.000000e+00 0.000000e+00 0.000000e+00
2402033 1313811 15194.304033 50038.818359 11501.416987 -219.830719 -197.418945 -93.548279 15.753033 0.000000e+00 0.000000e+00 0.000000e+00
2413398 1325610 14056.392323 47317.499334 12602.418379 -148.342850 -198.929001 -84.163490 15.436179 0.000000e+00 0.000000e+00 0.000000e+00
2413402 1325614 14691.052524 49201.698997 11692.656084 -179.806763 -156.306747 46.486008 14.047555 0.000000e+00 0.000000e+00 0.000000e+00
2413403 1325614 14699.116100 49178.139426 11733.928334 -184.529953 -142.982635 13.548556 8.034563 0.000000e+00 0.000000e+00 0.000000e+00
2413405 1325616 14731.754650 49567.798961 11303.989064 -275.313660 -260.487579 43.287754 15.645535 0.000000e+00 0.000000e+00 0.000000e+00
2436889 1350063 14736.192183 48853.798606 12275.730480 -200.608749 -147.471893 -132.359894 16.459570 0.000000e+00 0.000000e+00 0.000000e+00
2461296 1375574 13971.063787 49050.747958 9712.256692 -117.641388 -219.198181 -101.603081 17.202660 0.000000e+00 0.000000e+00 0.000000e+00
2473982 1388850 14049.715909 48913.524281 9830.279264 -121.729439 -215.606186 -83.617836 17.712461 0.000000e+00 0.000000e+00 0.000000e+00
2499861 1415868 13454.814564 48302.689986 11452.316284 -95.655548 -214.129776 -43.257790 14.631934 0.000000e+00 0.000000e+00 0.000000e+00
2499869 1415876 15401.702881 49319.946289 10735.900879 -313.745728 -114.592697 -62.077702 15.976353 0.000000e+00 0.000000e+00 0.000000e+00
2513273 1429947 14877.542669 49501.858798 13140.555642 -173.066299 -176.625565 -89.892418 16.466743 0.000000e+00 0.000000e+00 0.000000e+00
2526640 1444051 14517.547607 49390.797008 11112.349077 -270.486755 -64.568657 -9.808098 17.265911 0.000000e+00 0.000000e+00 0.000000e+00
2526811 1444245 13490.986217 49133.039995 10807.608865 -77.702637 -237.290741 -61.886818 15.188361 0.000000e+00 0.000000e+00 0.000000e+00
2540341 1458437 14455.663508 47711.431330 12690.987327 -179.620667 -174.676132 -90.143753 13.899646 0.000000e+00 0.000000e+00 0.000000e+00
2540345 1458441 13768.574108 49002.885298 11863.841664 -188.732620 -244.373795 -129.535461 15.927176 0.000000e+00 0.000000e+00 0.000000e+00
2568859 1488490 14462.259466 47660.172896 12701.783614 -172.360718 -170.779526 -90.703453 13.578095 0.000000e+00 0.000000e+00 0.000000e+00
2583523 1504074 14898.135099 49269.975142 12093.020352 -179.327606 -243.013168 -165.734146 13.408131 0.000000e+00 0.000000e+00 0.000000e+00
2583524 1504075 13959.956776 48847.273393 11934.567538 -291.395813 -113.995308 -138.707092 13.554033 0.000000e+00 0.000000e+00 0.000000e+00
2583739 1504314 14569.186124 50607.710405 12360.212846 -192.562805 -167.267456 -92.943359 13.786416 0.000000e+00 0.000000e+00 0.000000e+00
2598433 1519930 14344.202215 48334.100897 13057.194103 -205.093170 -177.185501 -93.899277 15.419823 0.000000e+00 0.000000e+00 0.000000e+00
2598439 1519936 14972.574407 49231.944691 12080.730091 -221.958633 -224.490082 -179.329758 15.084888 0.000000e+00 0.000000e+00 0.000000e+00
2598652 1520174 13674.645164 48414.645108 11482.638272 -90.335762 -209.877930 -33.970875 14.405818 0.000000e+00 0.000000e+00 0.000000e+00
2613719 1536187 14037.126021 48649.480646 13562.547164 -167.625504 -202.282806 -59.118248 14.296715 0.000000e+00 0.000000e+00 0.000000e+00
2629290 1552818 14664.265026 49589.105779 12016.629306 -159.439285 -231.812302 -147.603561 16.166216 0.000000e+00 0.000000e+00 0.000000e+00
2629293 1552823 15072.663741 49289.872603 11062.887018 -171.258820 -117.449921 18.255083 13.087602 0.000000e+00 0.000000e+00 0.000000e+00
2645395 1570063 14186.702381 49688.509854 12141.368519 -204.705551 -211.495499 -129.842545 15.680464 0.000000e+00 0.000000e+00 0.000000e+00
2645599 1570300 14013.782848 48929.287997 10014.290550 -104.910507 -214.251541 -77.812531 13.706123 0.000000e+00 0.000000e+00 0.000000e+00
2661792 1587634 14076.128873 49003.878507 10018.430536 -108.643349 -201.753540 -71.972046 16.052391 0.000000e+00 0.000000e+00 0.000000e+00
2695059 1623235 14925.706343 49254.699707 11461.693504 -284.433044 -88.992783 -92.947205 15.439621 0.000000e+00 0.000000e+00 0.000000e+00
2712641 1642060 14528.914018 49604.930531 11237.129211 -170.897049 -326.857239 -36.666004 11.510489 0.000000e+00 0.000000e+00 0.000000e+00
2730422 1661189 14314.358798 49787.187056 11430.381081 -33.974247 -262.022003 -58.780899 10.433520 0.000000e+00 0.000000e+00 0.000000e+00
2730423 1661190 14026.980313 49747.719505 11689.748591 -216.205566 -180.910477 -29.680527 18.262297 0.000000e+00 0.000000e+00 0.000000e+00
2730429 1661196 13048.721313 48082.181064 12528.708718 -248.153046 -176.023834 -115.435120 14.372416 0.000000e+00 0.000000e+00 0.000000e+00
2730635 1661431 13574.074485 49624.500621 10239.316073 -60.341022 -245.741241 -68.403023 13.521577 0.000000e+00 0.000000e+00 0.000000e+00
2730636 1661432 15194.445523 49206.254439 12055.672385 -175.851944 -155.275558 -130.970901 12.714063 0.000000e+00 0.000000e+00 0.000000e+00
2748336 1680467 14485.383467 49748.679421 11706.033880 -151.583832 -159.250870 -53.276337 17.106886 0.000000e+00 0.000000e+00 0.000000e+00
2785869 1721225 13780.573065 49227.333762 10270.930204 -220.132187 -154.909424 -34.959362 16.490324 0.000000e+00 0.000000e+00 0.000000e+00
2825418 1764184 14253.601074 47290.144487 12564.202049 -176.538681 -175.415344 -88.998604 11.423677 0.000000e+00 0.000000e+00 0.000000e+00
2825421 1764187 14827.159535 49316.955566 11433.547280 -235.062836 -97.557411 -62.326466 17.335611 0.000000e+00 0.000000e+00 0.000000e+00
2825424 1764190 14997.666792 47835.648970 10818.968339 -321.152344 -137.471481 -73.359093 12.944760 0.000000e+00 0.000000e+00 0.000000e+00
2825447 1764216 13714.811845 48181.457520 10269.291271 -293.335999 -157.646896 -61.129078 9.107900 0.000000e+00 0.000000e+00 0.000000e+00
2845684 1786319 13538.948753 47782.581676 12205.995040 -252.755081 -125.575233 -30.425032 14.485876 0.000000e+00 0.000000e+00 0.000000e+00
2866687 1809247 14753.062855 49197.720614 11710.103815 -141.905411 -154.186676 -176.143799 10.239279 0.000000e+00 0.000000e+00 0.000000e+00
2866689 1809249 14512.867321 49697.054776 11673.367587 -123.389946 -146.377548 -147.016205 10.837528 0.000000e+00 0.000000e+00 0.000000e+00
2866721 1809282 13666.155728 48476.512562 10599.966569 -274.020630 -143.212280 -50.017391 12.306005 0.000000e+00 0.000000e+00 0.000000e+00
2888512 1833024 14257.493453 48200.922186 13298.971003 -195.620438 -166.445770 -74.710808 13.443274 0.000000e+00 0.000000e+00 0.000000e+00
2910424 1857070 13474.076705 47547.219016 12275.795676 -242.797073 -163.582275 -107.153091 17.271313 0.000000e+00 0.000000e+00 0.000000e+00
2910707 1857403 14635.563244 50422.690652 11177.388278 -217.373505 -191.825348 -53.688835 14.190915 0.000000e+00 0.000000e+00 0.000000e+00
2932969 1881960 14339.724454 47467.113148 12516.841542 -199.472412 -181.462723 -89.389091 11.008839 0.000000e+00 0.000000e+00 0.000000e+00
2932972 1881963 14186.137806 49322.404341 11815.220226 -184.050018 -223.605942 -156.050201 15.597493 0.000000e+00 0.000000e+00 0.000000e+00
2932973 1881964 13891.575206 48565.252131 12838.796442 -222.950882 -180.955627 -115.517685 13.436255 0.000000e+00 0.000000e+00 0.000000e+00
2956276 1907748 14454.197277 49930.303400 10930.837458 -164.645081 -217.889511 -15.646855 17.339039 0.000000e+00 0.000000e+00 0.000000e+00
2956310 1907787 14807.149714 49589.383212 12226.784446 -185.171158 -115.794510 -91.954491 10.077407 0.000000e+00 0.000000e+00 0.000000e+00
2980365 1934417 14312.996604 48141.479492 10639.793396 -196.306900 -150.996185 -48.031059 11.516502 0.000000e+00 0.000000e+00 0.000000e+00
2980608 1934719 14028.500644 48852.977406 10767.887462 -91.824303 -196.984116 -53.155426 12.405509 0.000000e+00 0.000000e+00 0.000000e+00
3004451 1961202 13695.263949 48617.770108 11648.882779 -230.349030 -65.682106 -48.578300 19.363533 0.000000e+00 0.000000e+00 0.000000e+00
3004496 1961251 14913.033225 49029.280229 10596.230247 -150.538773 -151.898865 -19.761200 11.983604 0.000000e+00 0.000000e+00 0.000000e+00
3029474 1989106 14034.835815 48963.317871 12960.557417 -176.675812 -191.581741 -101.611870 15.010262 0.000000e+00 0.000000e+00 0.000000e+00
3055314 2017924 14290.997592 48554.210316 12645.087502 -228.031555 -110.283905 -46.168976 12.420232 0.000000e+00 0.000000e+00 0.000000e+00
3055318 2017929 13880.158858 48842.457164 11560.589877 -195.003555 -132.414307 -19.622059 14.706025 0.000000e+00 0.000000e+00 0.000000e+00
3055327 2017938 14518.214833 48304.260254 10941.227306 -322.307343 -125.405586 -63.580204 12.641059 0.000000e+00 0.000000e+00 0.000000e+00
3081849 2047622 14414.830988 48125.693581 11028.262052 -203.178635 -140.650116 -40.254272 16.104902 0.000000e+00 0.000000e+00 0.000000e+00
3166576 2142990 15042.248813 48977.455833 12574.167425 -185.286438 -157.728073 -116.052826 13.872186 0.000000e+00 0.000000e+00 0.000000e+00
3166925 2143424 15219.669689 49058.571555 11951.669866 -199.424362 -164.403839 -127.221733 11.263717 0.000000e+00 0.000000e+00 0.000000e+00
3196503 2176903 14782.555320 49201.937589 11298.285744 -83.008125 -121.627205 26.945593 11.494295 0.000000e+00 0.000000e+00 0.000000e+00
3196504 2176904 13930.990046 49698.342063 11429.203380 -216.434799 -177.468704 -35.048157 17.460522 0.000000e+00 0.000000e+00 0.000000e+00
3196856 2177356 15069.151445 49354.281339 11381.903215 -192.380508 -208.553299 48.347778 11.521258 0.000000e+00 0.000000e+00 0.000000e+00
3196866 2177366 14781.788219 48959.872159 12664.176247 -190.301514 -174.309509 -116.620323 12.492230 0.000000e+00 0.000000e+00 0.000000e+00
3258960 2248086 14295.217341 49575.173118 11689.761075 -187.808167 -139.874664 -92.396217 14.189319 0.000000e+00 0.000000e+00 0.000000e+00
3259016 2248164 14669.354525 48964.727228 10737.671592 -193.934372 -111.254593 -19.970736 13.242097 0.000000e+00 0.000000e+00 0.000000e+00
3292146 2286080 14390.196367 47683.810147 12192.672729 -220.601685 -145.042892 -25.348944 12.087329 0.000000e+00 0.000000e+00 0.000000e+00
3292155 2286093 13818.502253 48726.784446 12169.701316 -172.112167 -242.303787 -53.160385 10.135214 0.000000e+00 0.000000e+00 0.000000e+00
3292199 2286156 14334.991455 48389.975808 9842.145053 -306.579346 -141.872910 -76.914474 13.263909 0.000000e+00 0.000000e+00 0.000000e+00
3292582 2286646 12801.424893 48287.120472 12741.269198 -107.768074 -241.386520 -48.212521 11.548250 0.000000e+00 0.000000e+00 0.000000e+00
3292592 2286657 14384.248213 48844.959606 13406.043313 -179.789352 -198.208084 -77.433594 14.957934 0.000000e+00 0.000000e+00 0.000000e+00
3325966 2324909 13913.366144 48826.038707 11998.468572 -150.715332 -133.968155 -155.899841 12.191747 0.000000e+00 0.000000e+00 0.000000e+00
3325969 2324912 13443.147139 48762.495561 12348.698009 -196.715851 -94.453674 -76.165367 16.323168 0.000000e+00 0.000000e+00 0.000000e+00
3361072 2365438 13715.677435 48530.894886 12122.554432 -293.522888 -133.155502 -62.583435 13.049233 0.000000e+00 0.000000e+00 0.000000e+00
3361074 2365440 14160.862316 48932.550604 11962.794911 -269.589447 -125.413734 -112.393326 15.546967 0.000000e+00 0.000000e+00 0.000000e+00
3361474 2365967 14989.913940 49599.698153 12973.678589 -170.995560 -185.872025 -92.627663 12.286311 0.000000e+00 0.000000e+00 0.000000e+00
3397106 2407185 13849.161321 47716.430664 12374.403520 -255.637054 -118.809601 -48.212624 11.142418 0.000000e+00 0.000000e+00 0.000000e+00
3397108 2407187 13818.015359 47521.040483 12648.416693 -236.339172 -163.967270 -99.337029 14.065886 0.000000e+00 0.000000e+00 0.000000e+00
3397110 2407190 14438.644409 50360.235041 13178.617998 -214.379608 -158.632889 -82.513130 10.577330 0.000000e+00 0.000000e+00 0.000000e+00
3397112 2407192 13583.848433 47738.564231 12016.512784 -247.914658 -155.150711 -95.593346 13.555989 0.000000e+00 0.000000e+00 0.000000e+00
3397117 2407197 14648.728804 49090.598366 11097.905939 -336.527039 -92.154602 -35.847626 12.056495 0.000000e+00 0.000000e+00 0.000000e+00
3397159 2407254 14027.886131 48489.390980 11513.664939 -213.995483 -113.580406 -3.075551 12.996200 0.000000e+00 0.000000e+00 0.000000e+00
3434534 2450649 14778.123335 49485.229492 10925.776395 -208.953491 -96.772110 26.231464 15.181900 0.000000e+00 0.000000e+00 0.000000e+00
3473079 2495537 14496.970437 48574.080034 12077.570135 -207.443909 -169.802246 -132.270462 12.078765 0.000000e+00 0.000000e+00 0.000000e+00
3473090 2495550 14293.438998 50342.645819 13146.348433 -265.122528 -136.247391 -78.345512 12.974579 0.000000e+00 0.000000e+00 0.000000e+00
3513230 2542484 13802.656694 49780.389959 12895.578558 -230.888367 -179.586624 -91.124290 12.695360 0.000000e+00 0.000000e+00 0.000000e+00
3513709 2543125 15286.629417 49002.913042 12265.970403 -181.261551 -184.921143 -108.741753 8.459388 0.000000e+00 0.000000e+00 0.000000e+00
3513710 2543126 14907.832753 49007.845792 12002.874201 -140.395020 -162.927338 -132.609268 13.577088 0.000000e+00 0.000000e+00 0.000000e+00
3554585 2591066 13513.644132 48375.699130 11877.359564 -225.629211 -83.348862 -100.739929 11.698431 0.000000e+00 0.000000e+00 0.000000e+00
3554639 2591135 14782.011552 49931.174538 11045.784690 -217.797714 -205.303513 1.406996 12.609329 0.000000e+00 0.000000e+00 0.000000e+00
3555111 2591752 14288.122004 48929.410067 10455.975619 -103.659363 -201.077240 -56.543842 11.480333 0.000000e+00 0.000000e+00 0.000000e+00
3555113 2591754 14073.595914 48604.547674 11553.555575 -89.980042 -199.431488 -14.812417 12.760592 0.000000e+00 0.000000e+00 0.000000e+00
3597729 2641954 13648.427790 48793.096369 12003.005981 -171.436371 -81.897278 -33.089111 10.467831 0.000000e+00 0.000000e+00 0.000000e+00
3598232 2642646 12986.526489 48298.456365 12595.643477 -101.825241 -238.419510 -52.101860 13.999359 0.000000e+00 0.000000e+00 0.000000e+00
3598243 2642658 14755.781694 50351.939808 12527.661410 -156.802429 -181.427582 -89.113846 13.143003 0.000000e+00 0.000000e+00 0.000000e+00
3642224 2694761 13967.085405 49027.066317 11677.132346 -184.639069 -209.895203 -113.829613 12.914800 0.000000e+00 0.000000e+00 0.000000e+00
3642228 2694766 13372.027310 48083.468350 12270.586881 -241.297684 -143.561142 -137.146332 11.179164 0.000000e+00 0.000000e+00 0.000000e+00
3642281 2694836 15013.437445 48737.854004 10070.621837 -311.989655 -129.074356 -69.985664 12.638494 0.000000e+00 0.000000e+00 0.000000e+00
3642299 2694860 14081.398704 48017.755682 10196.711454 -195.407379 -165.942001 -63.072598 11.814962 0.000000e+00 0.000000e+00 0.000000e+00
3688516 2750084 14881.830389 49281.033603 11853.856867 -191.531784 -204.835373 72.429504 7.655255 0.000000e+00 0.000000e+00 0.000000e+00
3688517 2750086 14303.139426 48847.018155 12576.284235 -242.432983 -114.272011 -81.405991 13.927535 0.000000e+00 0.000000e+00 0.000000e+00
3688519 2750089 13937.376543 48508.600408 12175.530174 -232.116577 -188.372055 -130.269882 12.080316 0.000000e+00 0.000000e+00 0.000000e+00
3688520 2750090 13302.115700 47574.035645 12142.406117 -256.784943 -141.919159 -19.948481 9.609433 0.000000e+00 0.000000e+00 0.000000e+00
3688521 2750091 13246.036876 47995.278098 11967.763727 -222.529190 -141.731171 -90.130447 15.280660 0.000000e+00 0.000000e+00 0.000000e+00
3688523 2750093 13312.265570 47568.597967 12245.437622 -228.670883 -169.303650 -119.252144 12.161540 0.000000e+00 0.000000e+00 0.000000e+00
3688586 2750173 14662.205089 49778.936213 11702.302413 -157.500793 -211.505463 -140.413040 14.360725 0.000000e+00 0.000000e+00 0.000000e+00
3736438 2807573 13535.625111 48570.107200 12039.640947 -213.994263 -127.127182 -81.264313 15.111884 0.000000e+00 0.000000e+00 0.000000e+00
3736439 2807574 13358.842330 48428.927335 11730.919578 -212.635162 -118.597160 -134.497421 14.802416 0.000000e+00 0.000000e+00 0.000000e+00
3736502 2807663 13800.261064 49232.211026 9889.971646 -235.069702 -149.641678 -53.215328 10.618703 0.000000e+00 0.000000e+00 0.000000e+00
3736504 2807665 14675.535722 49045.621005 11798.224709 -220.045074 -57.883133 -31.892273 12.900327 0.000000e+00 0.000000e+00 0.000000e+00
3786753 2868191 13985.943881 48069.064054 11869.443026 -236.420609 -134.702148 -118.102356 12.554888 0.000000e+00 0.000000e+00 0.000000e+00
3786758 2868196 14283.882835 49209.544789 11329.847856 -163.613144 -71.889023 16.306240 11.436157 0.000000e+00 0.000000e+00 0.000000e+00
3786766 2868204 15153.006814 47682.178844 10763.119784 -321.114563 -140.492737 -75.455963 13.748806 0.000000e+00 0.000000e+00 0.000000e+00
3786767 2868205 13227.759621 47803.067294 11768.056696 -268.733826 -148.874924 -11.499968 11.818632 0.000000e+00 0.000000e+00 0.000000e+00
3786768 2868206 13504.706643 47334.533691 11103.511464 -300.336639 -172.945648 -61.764786 10.593781 0.000000e+00 0.000000e+00 0.000000e+00
3786823 2868288 14243.410977 49268.271706 10498.028148 -203.906525 -136.354843 -11.288789 11.590749 0.000000e+00 0.000000e+00 0.000000e+00
3787363 2869038 14536.347823 49565.557306 11854.436701 -292.373627 -181.819412 -71.939484 13.986080 0.000000e+00 0.000000e+00 0.000000e+00
3787388 2869065 14897.578846 50241.765803 12911.138361 -149.858398 -179.478668 -96.007996 8.834328 0.000000e+00 0.000000e+00 0.000000e+00
3839115 2931558 14604.938854 48175.481623 12322.556929 -217.048813 -151.227631 -105.834198 12.182759 0.000000e+00 0.000000e+00 0.000000e+00
3839122 2931567 14274.131081 49327.464711 11251.980175 -189.728699 -196.878143 66.779045 11.076664 0.000000e+00 0.000000e+00 0.000000e+00
3839203 2931674 13945.030906 49086.841930 10218.166005 -225.585358 -133.707077 -44.634487 10.351044 0.000000e+00 0.000000e+00 0.000000e+00
3839759 2932438 14352.115978 48734.042081 11619.147561 -88.908203 -189.535004 -26.919901 13.177176 0.000000e+00 0.000000e+00 0.000000e+00
3892892 2997086 14488.630815 49394.226074 11731.470281 -157.685089 -209.984451 -98.052277 13.828373 0.000000e+00 0.000000e+00 0.000000e+00
3892979 2997200 14325.189764 49162.863991 10549.598694 -201.665680 -117.418564 -20.216673 9.303535 0.000000e+00 0.000000e+00 0.000000e+00
3892980 2997201 13700.590654 47248.057972 11274.494518 -231.862808 -171.403671 -43.924755 11.002835 0.000000e+00 0.000000e+00 0.000000e+00
3893580 2998067 14617.004395 49922.968084 13305.192427 -162.359955 -188.027603 -82.967216 9.819582 0.000000e+00 0.000000e+00 0.000000e+00
3949601 3066609 14244.986794 48825.800115 13183.552135 -176.421967 -196.676376 -86.258171 9.635461 0.000000e+00 0.000000e+00 0.000000e+00
3949606 3066617 13325.174505 47750.482733 12055.584994 -278.320526 -129.961029 -45.997616 10.312426 0.000000e+00 0.000000e+00 0.000000e+00
3949671 3066716 14046.288230 48907.021262 9893.998580 -211.455780 -142.227051 -59.668488 9.568756 0.000000e+00 0.000000e+00 0.000000e+00
3949674 3066727 14248.714100 47977.433638 10731.388439 -194.649826 -155.720245 -50.423290 9.136014 0.000000e+00 0.000000e+00 0.000000e+00
3949675 3066728 14561.073997 48525.890004 11073.740872 -202.652237 -120.471428 -25.704313 13.499302 0.000000e+00 0.000000e+00 0.000000e+00
4008764 3139750 13353.648793 47887.911710 12437.126853 -212.115219 -137.469528 -52.356785 11.218513 0.000000e+00 0.000000e+00 0.000000e+00
4008765 3139751 13296.934648 48012.417880 12107.883800 -221.042068 -145.508118 -129.644028 9.576503 0.000000e+00 0.000000e+00 0.000000e+00
4009443 3140769 15031.680020 48997.197931 12453.943426 -193.180069 -156.606171 -122.041451 11.747108 0.000000e+00 0.000000e+00 0.000000e+00
4009457 3140787 15385.178999 50246.631969 11561.057351 -199.869751 -178.143906 -89.727234 13.384114 0.000000e+00 0.000000e+00 0.000000e+00
4070622 3216801 14518.210671 49022.566362 12590.336193 -170.234207 -196.332794 -119.717941 9.587792 0.000000e+00 0.000000e+00 0.000000e+00
4070683 3216897 13708.150690 49539.362127 10993.001071 -215.956253 -139.665710 -5.321613 10.662794 0.000000e+00 0.000000e+00 0.000000e+00
4071306 3217856 14870.541659 49643.993031 10774.183794 -91.826157 -222.568802 -23.471542 10.913635 0.000000e+00 0.000000e+00 0.000000e+00
4135322 3298021 13294.747093 47980.984775 11971.911344 -231.346405 -151.742081 -108.224266 10.073206 0.000000e+00 0.000000e+00 0.000000e+00
4135344 3298045 14141.429554 47587.979403 12264.616533 -342.384613 -132.474945 -70.169579 10.847104 0.000000e+00 0.000000e+00 0.000000e+00
4135830 3298812 13091.018677 50508.467241 11121.627808 -40.761272 -252.504349 -54.774071 9.995005 0.000000e+00 0.000000e+00 0.000000e+00
4136055 3299134 12577.840632 49374.439586 11995.396007 -81.616371 -259.826019 -37.518688 11.279603 0.000000e+00 0.000000e+00 0.000000e+00
4203268 3383667 13861.937089 47909.778942 12207.378041 -239.091232 -155.347534 -105.388008 11.846081 0.000000e+00 0.000000e+00 0.000000e+00
4203269 3383669 14532.072587 49461.597789 11191.619179 -267.098724 -161.379532 46.685951 10.466902 0.000000e+00 0.000000e+00 0.000000e+00
4203270 3383670 14502.612027 49066.827947 12588.582819 -174.598984 -199.559631 -120.450195 11.897265 0.000000e+00 0.000000e+00 0.000000e+00
4204056 3384837 15292.524858 50380.287864 11827.224731 -196.873489 -170.423874 -94.187279 12.606030 0.000000e+00 0.000000e+00 0.000000e+00
4274087 3473577 14164.165150 50528.797496 12651.529486 -244.946884 -151.723267 -80.897324 10.669525 0.000000e+00 0.000000e+00 0.000000e+00
4274089 3473579 13603.382457 48906.938033 12008.936102 -180.398422 -163.976440 -131.272491 11.685037 0.000000e+00 0.000000e+00 0.000000e+00
4274182 3473732 14717.644431 50340.664950 10999.060197 -221.832825 -165.159241 -17.008596 13.165444 0.000000e+00 0.000000e+00 0.000000e+00
4274183 3473733 14623.854204 48786.565607 10144.470215 -199.244003 -139.336105 -48.917912 11.284948 0.000000e+00 0.000000e+00 0.000000e+00
4274184 3473734 14647.552490 48814.919212 11616.531372 -216.270538 -81.984291 -21.046904 11.343868 0.000000e+00 0.000000e+00 0.000000e+00
4274906 3474865 14846.203891 49166.182085 12232.994773 -195.791702 -218.477478 -157.587738 11.298546 0.000000e+00 0.000000e+00 0.000000e+00
4348857 3569479 13725.205855 48959.644664 12037.389582 -193.990128 -237.245117 -145.428192 6.677008 0.000000e+00 0.000000e+00 0.000000e+00
4348963 3569644 14138.200240 49165.127841 9696.410439 -206.787491 -147.522064 -65.812508 9.890450 0.000000e+00 0.000000e+00 0.000000e+00
4348974 3569664 14425.080733 48350.069913 10094.271573 -201.490784 -152.248215 -61.081909 9.921588 0.000000e+00 0.000000e+00 0.000000e+00
4349688 3570778 15260.287198 49010.486950 12284.530640 -190.077225 -186.623978 -117.374634 11.028176 0.000000e+00 0.000000e+00 0.000000e+00
4426905 3670497 14412.850120 47931.152344 12377.872814 -227.982803 -131.781738 -27.354616 12.770554 0.000000e+00 0.000000e+00 0.000000e+00
4426906 3670499 14855.637984 49373.768200 11960.776589 -242.064758 -205.671570 -142.800323 10.290329 0.000000e+00 0.000000e+00 0.000000e+00
4426918 3670514 13812.340476 48939.092463 11991.908680 -138.852661 -142.401932 -161.005783 12.828799 0.000000e+00 0.000000e+00 0.000000e+00
4509322 3777809 14058.614557 47625.921076 12247.627952 -255.095398 -118.922554 -61.168789 8.727638 0.000000e+00 0.000000e+00 0.000000e+00
4509326 3777819 13334.247936 47930.092551 12313.065962 -249.478653 -175.775436 -133.376434 11.586275 0.000000e+00 0.000000e+00 0.000000e+00
4509329 3777822 14270.344127 49772.843794 11713.280418 -178.031387 -209.595184 -28.179726 15.421791 0.000000e+00 0.000000e+00 0.000000e+00
4510230 3779310 14030.908758 48105.335582 12941.452026 -122.799126 -213.079208 -74.390450 10.228201 0.000000e+00 0.000000e+00 0.000000e+00
4596241 3892179 14302.436135 47508.839000 12582.228227 -161.596603 -195.159882 -90.186035 10.423299 0.000000e+00 0.000000e+00 0.000000e+00
4596256 3892195 14316.432606 48885.559082 12119.873047 -183.710663 -190.162598 -144.976120 9.887052 0.000000e+00 0.000000e+00 0.000000e+00
4596257 3892196 14805.277044 49359.402743 11523.514488 -236.902939 -142.206268 -167.271927 8.760325 0.000000e+00 0.000000e+00 0.000000e+00
4596263 3892202 14527.676669 49586.547852 11771.181974 -241.253372 -151.971237 -165.059082 11.072665 0.000000e+00 0.000000e+00 0.000000e+00
4596396 3892414 14800.240257 49976.684570 10342.692982 -192.626404 -133.160980 -19.000519 11.287941 0.000000e+00 0.000000e+00 0.000000e+00
4597237 3893819 14393.553300 49853.587757 11401.408802 -185.872330 -161.674469 41.959583 8.456071 0.000000e+00 0.000000e+00 0.000000e+00
4597270 3893862 15049.022328 49362.715288 12204.102950 -188.189743 -203.235367 -162.691635 12.471500 0.000000e+00 0.000000e+00 0.000000e+00
4687333 4013969 14383.765481 49803.372470 11414.772034 -40.108444 -273.673187 -61.201439 8.705166 0.000000e+00 0.000000e+00 0.000000e+00
4687336 4013974 14845.162132 48617.198597 12399.375222 -241.711349 -131.953049 -72.382683 11.334254 0.000000e+00 0.000000e+00 0.000000e+00
4687337 4013979 13531.276356 48374.861284 12138.308438 -66.272575 -223.706619 -65.581100 9.405889 0.000000e+00 0.000000e+00 0.000000e+00
4687346 4013991 13446.455522 48300.209739 12124.385487 -198.859146 -122.141220 -108.810722 8.756099 0.000000e+00 0.000000e+00 0.000000e+00
4687347 4013992 13500.024969 48579.345703 12491.722801 -196.157974 -116.273262 -73.732742 9.389270 0.000000e+00 0.000000e+00 0.000000e+00
4688389 4015819 15310.216730 49648.942427 12466.430664 -196.797104 -195.838974 -90.209602 11.515415 0.000000e+00 0.000000e+00 0.000000e+00
4782907 4144032 13922.241211 48682.367498 13111.758145 -226.588776 -176.495880 -100.522896 9.030284 0.000000e+00 0.000000e+00 0.000000e+00
4782909 4144039 14234.961770 49349.237615 11586.702520 -150.790054 -132.780899 -39.468468 11.351268 0.000000e+00 0.000000e+00 0.000000e+00
4782926 4144058 13870.432073 49942.504883 13087.206754 -232.604370 -172.646896 -80.158791 7.445581 0.000000e+00 0.000000e+00 0.000000e+00
4782927 4144059 13824.594671 49074.701483 12281.227805 -203.939789 -200.288727 -127.878120 9.914507 0.000000e+00 0.000000e+00 0.000000e+00
4783034 4144242 14405.345570 48219.648881 10889.491688 -320.214081 -132.225525 -55.741726 9.340399 0.000000e+00 0.000000e+00 0.000000e+00
4783055 4144283 14468.346336 49688.731800 11568.247015 -165.090591 -248.639816 17.749920 13.172099 0.000000e+00 0.000000e+00 0.000000e+00
4784021 4145927 13998.927723 50654.668635 12064.465609 -66.449860 -214.700531 -57.378025 10.376143 0.000000e+00 0.000000e+00 0.000000e+00
4784057 4145971 15177.368164 50551.280629 12056.923606 -157.861130 -173.160568 -92.940880 8.879855 0.000000e+00 0.000000e+00 0.000000e+00
4784058 4145972 15170.376864 50141.901190 12916.717529 -147.604599 -175.750275 -89.243645 11.340900 0.000000e+00 0.000000e+00 0.000000e+00
