9.566198 292.878725	4.19e-01  8.80e-01  4.73e+05	-0.0000 73.7341 0.5883	
9.566198 292.878725	5.36e-01  7.52e-01  4.75e+05	47.2283 55.1376 0.8122	
9.566198 292.878725	6.09e-01  8.88e-01  4.36e+05	5.8078 91.0341 0.0789	
9.566198 292.878725	6.80e-01  8.11e-01  4.37e+05	-14.3774 89.6648 0.5656	
9.566198 292.878725	6.20e-01  7.41e-01  4.61e+05	-2.2828 79.8964 0.7323	
9.566198 292.878725	8.37e-01  8.57e-01  4.04e+05	-24.5619 100.8703 0.3465	
9.566198 292.878725	7.53e-01  8.20e-01  4.23e+05	18.9238 94.6823 0.6295	
9.566198 292.878725	5.97e-01  6.28e-01  4.89e+05	3.0700 64.9437 0.8268	
9.566198 292.878725	4.40e-01  8.92e-01  4.66e+05	-10.9519 76.4035 0.2444	
9.566198 292.878725	6.01e-01  8.41e-01  4.45e+05	24.1327 83.6682 0.1654	
9.566198 292.878725	6.48e-01  7.88e-01  4.46e+05	-11.8792 85.7396 0.9768	
9.566198 292.878725	6.15e-01  6.91e-01  4.71e+05	-6.2222 74.3281 0.8991	
9.566198 292.878725	6.39e-01  6.99e-01  4.65e+05	-12.2395 76.8293 0.8810	
9.566198 292.878725	5.83e-01  8.15e-01  4.53e+05	18.9523 81.1371 0.8332	
9.566198 292.878725	6.00e-01  7.61e-01  4.61e+05	-11.5636 79.1307 0.8236	
9.566198 292.878725	4.64e-01  9.06e-01  4.59e+05	-28.7137 75.5868 0.5790	
9.566198 292.878725	5.13e-01  7.93e-01  4.72e+05	-26.2593 69.7544 0.2863	
9.566198 292.878725	6.64e-01  7.57e-01  4.49e+05	-14.7545 84.0133 0.4353	
9.566198 292.878725	5.71e-01  9.62e-01  4.29e+05	-31.2282 88.4894 0.3320	
9.566198 292.878725	5.09e-01  7.23e-01  4.87e+05	-30.4859 58.4351 0.9547	
9.566198 292.878725	6.29e-01  7.75e-01  4.52e+05	-23.2602 80.5210 0.8685	
9.566198 292.878725	4.97e-01  8.20e-01  4.69e+05	22.8687 72.1296 0.9280	
9.566198 292.878725	5.82e-01  9.03e-01  4.37e+05	33.1825 84.0994 0.1785	
9.566198 292.878725	7.62e-01  8.65e-01  4.14e+05	28.0397 95.8852 0.1268	
9.566198 292.878725	5.84e-01  8.84e-01  4.41e+05	52.7290 71.8252 0.4567	
9.566198 292.878725	4.81e-01  7.59e-01  4.85e+05	-9.6420 66.2716 0.3143	
9.566198 292.878725	6.09e-01  9.41e-01  4.26e+05	-15.0693 93.8110 0.1257	
9.566198 292.878725	4.45e-01  8.56e-01  4.73e+05	-8.7650 73.4685 0.7638	
9.566198 292.878725	5.67e-01  6.78e-01  4.84e+05	3.4954 67.4818 0.6701	
9.566198 292.878725	7.21e-01  8.48e-01  4.23e+05	1.8292 96.1849 0.6031	
9.566198 292.878725	6.38e-01  9.23e-01  4.25e+05	-2.9545 95.6599 0.3309	
9.566198 292.878725	5.59e-01  7.42e-01  4.73e+05	8.5589 73.4642 0.2972	
9.566198 292.878725	6.26e-01  9.20e-01  4.27e+05	28.5472 90.2989 0.7033	
9.566198 292.878725	7.15e-01  7.86e-01  4.35e+05	22.7265 88.6316 0.5453	
9.566198 292.878725	4.32e-01  8.28e-01  4.81e+05	-19.4289 66.5633 0.1265	
9.566198 292.878725	6.83e-01  8.78e-01  4.25e+05	-5.0010 95.6293 0.3659	
9.566198 292.878725	7.23e-01  9.07e-01  4.14e+05	-4.4392 99.9603 0.3530	
9.566198 292.878725	5.94e-01  7.66e-01  4.61e+05	-39.4251 69.4900 0.8925	
9.566198 292.878725	6.52e-01  8.91e-01  4.28e+05	12.8203 93.6341 0.7887	
9.566198 292.878725	4.85e-01  6.90e-01  5.00e+05	-2.5569 58.0224 0.7448	
9.566198 292.878725	2.90e-01  9.41e-01  4.88e+05	13.5935 64.3150 0.6441	
9.566198 292.878725	7.71e-01  8.08e-01  4.22e+05	9.0927 96.4568 0.0687	
9.566198 292.878725	6.34e-01  8.85e-01  4.32e+05	29.7484 87.9181 0.1908	
9.566198 292.878725	5.11e-01  7.27e-01  4.86e+05	13.6886 65.3505 0.9982	
9.566198 292.878725	7.78e-01  9.15e-01  4.04e+05	2.6209 103.6816 0.0628	
9.566198 292.878725	5.80e-01  8.71e-01  4.44e+05	-12.9800 86.8425 0.7920	
9.566198 292.878725	5.01e-01  8.12e-01  4.70e+05	-9.9509 74.6187 0.1305	
9.566198 292.878725	4.32e-01  8.34e-01  4.80e+05	19.5462 67.2034 0.6616	
9.566198 292.878725	6.33e-01  8.92e-01  4.31e+05	25.3750 89.7209 0.3675	
9.566198 292.878725	5.94e-01  7.72e-01  4.60e+05	24.9079 76.4931 0.2680	
9.566198 292.878725	5.76e-01  9.57e-01  4.29e+05	9.1632 93.3850 0.6320	
9.566198 292.878725	6.10e-01  7.84e-01  4.54e+05	-24.3573 79.2832 0.1670	
9.566198 292.878725	7.98e-01  9.20e-01  4.00e+05	12.0002 104.4507 0.8289	
9.566198 292.878725	5.15e-01  7.22e-01  4.86e+05	13.2386 65.1756 0.6818	
9.566198 292.878725	5.62e-01  8.90e-01  4.44e+05	-31.2115 82.0260 0.6683	
9.566198 292.878725	5.56e-01  8.22e-01  4.57e+05	3.7421 81.4404 0.6099	
9.566198 292.878725	6.69e-01  8.72e-01  4.28e+05	10.2580 93.8069 0.5811	
9.566198 292.878725	8.59e-01  9.40e-01  3.89e+05	-32.7923 104.1973 0.8442	
9.566198 292.878725	6.21e-01  6.77e-01  4.73e+05	-3.7981 73.5268 0.5917	
9.566198 292.878725	5.95e-01  8.61e-01  4.43e+05	2.2981 88.0610 0.7494	
9.566198 292.878725	8.23e-01  9.55e-01  3.91e+05	17.8772 106.7515 0.9762	
9.566198 292.878725	5.29e-01  7.78e-01  4.71e+05	20.8850 71.5700 0.4688	
9.566198 292.878725	5.72e-01  8.96e-01  4.41e+05	-26.3064 85.1085 0.2665	
9.566198 292.878725	6.14e-01  7.87e-01  4.53e+05	33.7541 76.5366 0.6820	
9.566198 292.878725	5.81e-01  8.48e-01  4.48e+05	2.4926 85.9401 0.5527	
9.566198 292.878725	6.29e-01  7.84e-01  4.51e+05	-18.8157 82.4978 0.0577	
9.566198 292.878725	7.94e-01  8.89e-01  4.05e+05	17.1741 101.7483 0.4881	
9.566198 292.878725	5.64e-01  7.18e-01  4.76e+05	-19.0067 69.3773 0.2162	
9.566198 292.878725	5.62e-01  6.68e-01  4.88e+05	-20.7298 62.3796 0.6188	
9.566198 292.878725	6.53e-01  8.72e-01  4.31e+05	40.9333 83.7956 0.1131	
9.566198 292.878725	6.15e-01  7.84e-01  4.53e+05	16.0449 81.9241 0.4421	
9.566198 292.878725	5.35e-01  7.39e-01  4.78e+05	7.4067 70.6967 0.4442	
9.566198 292.878725	6.10e-01  6.85e-01  4.74e+05	9.1030 72.6796 0.6680	
9.566198 292.878725	5.92e-01  7.96e-01  4.55e+05	13.8211 81.2880 0.0298	
9.566198 292.878725	4.63e-01  7.31e-01  4.96e+05	8.7705 60.1674 0.8028	
9.566198 292.878725	6.26e-01  7.70e-01  4.54e+05	31.5432 76.9250 0.1569	
9.566198 292.878725	4.71e-01  8.38e-01  4.71e+05	15.6695 73.1902 0.4779	
9.566198 292.878725	6.21e-01  6.74e-01  4.74e+05	-13.1345 72.1610 0.0792	
9.566198 292.878725	6.17e-01  9.09e-01  4.31e+05	-27.1559 89.2569 0.5978	
9.566198 292.878725	6.24e-01  8.27e-01  4.44e+05	-41.1268 77.4455 0.5713	
9.566198 292.878725	6.07e-01  7.36e-01  4.64e+05	25.6451 73.8777 0.2107	
9.566198 292.878725	7.34e-01  8.82e-01  4.16e+05	-64.1632 75.6649 0.1302	
9.566198 292.878725	6.02e-01  8.12e-01  4.51e+05	29.1670 79.5064 0.0892	
9.566198 292.878725	7.31e-01  8.48e-01  4.22e+05	-33.8238 90.8586 0.7212	
9.566198 292.878725	7.30e-01  9.29e-01  4.09e+05	26.8632 98.2121 0.3175	
9.566198 292.878725	5.90e-01  7.26e-01  4.70e+05	11.0692 74.6748 0.6038	
9.566198 292.878725	6.04e-01  7.81e-01  4.56e+05	-12.3053 81.1869 0.8482	
9.566198 292.878725	5.79e-01  6.55e-01  4.87e+05	35.0591 56.0703 0.7283	
9.566198 292.878725	5.49e-01  9.43e-01  4.36e+05	-31.7640 85.1272 0.4892	
9.566198 292.878725	6.86e-01  7.86e-01  4.40e+05	-15.3520 88.0859 0.3080	
9.566198 292.878725	5.39e-01  8.65e-01  4.52e+05	-4.6349 83.6566 0.9057	
9.566198 292.878725	5.87e-01  7.68e-01  4.62e+05	17.9040 77.3579 0.5808	
9.566198 292.878725	5.65e-01  8.70e-01  4.47e+05	11.3524 85.7065 0.7163	
9.566198 292.878725	6.34e-01  7.17e-01  4.62e+05	-20.0867 76.4727 0.8439	
9.566198 292.878725	7.05e-01  8.83e-01  4.20e+05	-47.5435 85.0721 0.9749	
9.566198 292.878725	5.89e-01  7.40e-01  4.67e+05	-11.2821 76.0323 0.3837	
9.566198 292.878725	6.09e-01  8.22e-01  4.47e+05	-53.8966 67.1664 0.0185	
9.566198 292.878725	7.05e-01  8.77e-01  4.21e+05	26.2718 93.5296 0.8702	
9.566198 292.878725	6.27e-01  8.12e-01  4.46e+05	-0.0300 86.7698 0.9907	
9.566198 292.878725	4.85e-01  9.43e-01  4.48e+05	46.1538 72.4253 0.4298	
9.566198 292.878725	5.94e-01  6.28e-01  4.89e+05	-16.9653 62.3598 0.4169	
9.566198 292.878725	4.98e-01  8.31e-01  4.67e+05	7.6868 76.4767 0.5177	
9.566198 292.878725	4.17e-01  7.28e-01  5.07e+05	26.4769 46.0585 0.0028	
9.566198 292.878725	3.64e-01  7.38e-01  5.17e+05	3.0617 44.9104 0.5765	
9.566198 292.878725	5.07e-01  8.52e-01  4.61e+05	-11.1667 78.9210 0.6122	
9.566198 292.878725	4.83e-01  9.19e-01  4.53e+05	23.2020 80.3366 0.3749	
9.566198 292.878725	4.17e-01  7.11e-01  5.11e+05	-23.1479 44.5062 0.0294	
9.566198 292.878725	6.29e-01  7.40e-01  4.59e+05	-1.4293 80.7287 0.5024	
9.566198 292.878725	5.92e-01  9.53e-01  4.27e+05	1.2913 94.6133 0.2899	
9.566198 292.878725	4.97e-01  8.29e-01  4.68e+05	-19.3909 74.0610 0.0469	
9.566198 292.878725	6.84e-01  7.26e-01  4.51e+05	-11.5702 83.6148 0.5577	
9.566198 292.878725	4.34e-01  8.10e-01  4.85e+05	-0.4193 67.4761 0.2434	
9.566198 292.878725	5.08e-01  8.38e-01  4.64e+05	12.2073 77.5156 0.4216	
9.566198 292.878725	5.78e-01  7.51e-01  4.67e+05	-6.7931 76.5290 0.0469	
9.566198 292.878725	7.32e-01  8.32e-01  4.24e+05	26.2977 92.2467 0.1781	
9.566198 292.878725	4.38e-01  7.54e-01  4.96e+05	9.1348 59.7691 0.6294	
9.566198 292.878725	5.79e-01  7.23e-01  4.73e+05	-15.9886 72.2556 0.9640	
9.566198 292.878725	6.60e-01  6.82e-01  4.64e+05	-30.5952 71.8929 0.3723	
9.566198 292.878725	6.62e-01  7.80e-01  4.45e+05	18.9229 85.0006 0.0179	
9.566198 292.878725	4.37e-01  8.88e-01  4.68e+05	20.1804 73.8152 0.3127	
9.566198 292.878725	5.40e-01  8.97e-01  4.46e+05	-37.3637 78.1322 0.9962	
9.566198 292.878725	7.09e-01  8.30e-01  4.28e+05	-15.7915 92.8343 0.9621	
9.566198 292.878725	6.76e-01  7.13e-01  4.55e+05	-8.1559 82.1087 0.8471	
9.566198 292.878725	5.97e-01  8.41e-01  4.46e+05	-41.3890 76.1741 0.3403	
9.566198 292.878725	6.44e-01  8.75e-01  4.32e+05	3.6264 92.7718 0.9052	
9.566198 292.878725	7.11e-01  8.75e-01  4.21e+05	-16.7202 95.8854 0.7187	
9.566198 292.878725	6.57e-01  7.13e-01  4.59e+05	2.2959 80.8073 0.9314	
9.566198 292.878725	6.36e-01  8.65e-01  4.35e+05	-0.3947 91.5998 0.3127	
9.566198 292.878725	6.52e-01  8.45e-01  4.36e+05	-17.8676 89.4381 0.8786	
9.566198 292.878725	8.51e-01  8.90e-01  3.97e+05	39.8627 98.6157 0.5146	
9.566198 292.878725	8.26e-01  9.19e-01  3.96e+05	-27.7567 102.8430 0.8520	
9.566198 292.878725	5.60e-01  6.75e-01  4.87e+05	24.1698 61.6763 0.2051	
9.566198 292.878725	5.42e-01  9.21e-01  4.41e+05	47.1261 75.1507 0.3483	
9.566198 292.878725	5.79e-01  7.88e-01  4.59e+05	31.3686 74.1727 0.1273	
9.566198 292.878725	6.54e-01  7.37e-01  4.55e+05	-42.2822 71.1306 0.6808	
9.566198 292.878725	4.74e-01  7.51e-01  4.89e+05	-6.6726 64.6290 0.6860	
9.566198 292.878725	6.86e-01  8.04e-01  4.37e+05	-16.4918 89.1765 0.2709	
9.566198 292.878725	6.61e-01  7.34e-01  4.54e+05	-3.6894 82.9834 0.1242	
9.566198 292.878725	5.88e-01  7.50e-01  4.65e+05	-3.0135 77.7252 0.6978	
9.566198 292.878725	5.26e-01  6.68e-01  4.96e+05	19.8105 57.4950 0.7433	
9.566198 292.878725	6.39e-01  7.86e-01  4.48e+05	26.4364 81.4815 0.1401	
9.566198 292.878725	6.90e-01  8.58e-01  4.27e+05	9.8540 94.2988 0.3883	
9.566198 292.878725	3.80e-01  9.20e-01  4.73e+05	20.8650 70.9190 0.0421	
9.566198 292.878725	5.74e-01  7.59e-01  4.66e+05	-13.0799 76.2146 0.8901	
9.566198 292.878725	4.29e-01  9.04e-01  4.66e+05	-9.5439 76.6838 0.3070	
9.566198 292.878725	5.18e-01  8.05e-01  4.68e+05	28.7474 70.6880 0.6784	
9.566198 292.878725	5.26e-01  8.00e-01  4.68e+05	-39.5453 65.5002 0.1749	
9.566198 292.878725	5.96e-01  7.14e-01  4.71e+05	-2.9937 74.9044 0.4105	
9.566198 292.878725	6.35e-01  7.70e-01  4.52e+05	-11.4298 83.0995 0.4648	
9.566198 292.878725	6.82e-01  7.81e-01  4.42e+05	-66.2711 58.8502 0.3212	
9.566198 292.878725	5.96e-01  8.88e-01  4.38e+05	-6.7858 89.9944 0.8999	
9.566198 292.878725	6.34e-01  7.61e-01  4.54e+05	44.8748 69.8856 0.0897	
9.566198 292.878725	4.87e-01  7.57e-01  4.85e+05	-13.6730 66.0603 0.0610	
9.566198 292.878725	4.43e-01  9.50e-01  4.54e+05	3.3315 82.8353 0.6773	
9.566198 292.878725	5.17e-01  7.93e-01  4.71e+05	4.5287 74.7095 0.2023	
9.566198 292.878725	5.53e-01  8.05e-01  4.61e+05	7.1016 79.3794 0.7024	
9.566198 292.878725	8.28e-01  9.48e-01  3.92e+05	1.8957 108.0961 0.5326	
9.566198 292.878725	4.24e-01  8.95e-01  4.69e+05	1.9215 75.8124 0.3560	
9.566198 292.878725	6.44e-01  8.36e-01  4.38e+05	29.3995 85.0806 0.4387	
9.566198 292.878725	7.09e-01  8.28e-01  4.29e+05	-6.2088 93.9064 0.9734	
9.566198 292.878725	5.02e-01  9.77e-01  4.39e+05	33.0864 83.6422 0.1526	
9.566198 292.878725	4.63e-01  8.26e-01  4.75e+05	3.0644 72.5841 0.7285	
9.566198 292.878725	4.43e-01  6.91e-01  5.09e+05	28.5162 42.6917 0.3912	
9.566198 292.878725	5.11e-01  9.42e-01  4.43e+05	-19.6031 85.6522 0.9316	
9.566198 292.878725	5.89e-01  8.87e-01  4.39e+05	-29.7698 84.6121 0.5605	
9.566198 292.878725	4.90e-01  7.02e-01  4.96e+05	37.8835 47.1801 0.6992	
9.566198 292.878725	5.65e-01  7.45e-01  4.71e+05	3.6508 74.8549 0.9838	
9.566198 292.878725	6.49e-01  7.95e-01  4.45e+05	-7.1116 86.8618 0.8735	
9.566198 292.878725	6.85e-01  8.50e-01  4.29e+05	-23.9842 90.9066 0.0965	
9.566198 292.878725	5.44e-01  7.76e-01  4.69e+05	26.4063 71.2348 0.9189	
9.566198 292.878725	6.79e-01  7.65e-01  4.45e+05	50.9564 70.6998 0.8343	
9.566198 292.878725	6.67e-01  7.20e-01  4.56e+05	34.9527 74.5044 0.7414	
9.566198 292.878725	8.26e-01  9.61e-01  3.90e+05	-9.9554 108.2546 0.1098	
9.566198 292.878725	6.52e-01  8.57e-01  4.34e+05	-8.7457 91.6519 0.8314	
9.566198 292.878725	6.19e-01  9.07e-01  4.31e+05	-13.5338 92.3450 0.6616	
9.566198 292.878725	5.58e-01  8.77e-01  4.47e+05	35.4578 78.8225 0.1040	
9.566198 292.878725	4.02e-01  8.80e-01  4.76e+05	-5.6193 71.7263 0.3740	
9.566198 292.878725	6.42e-01  7.16e-01  4.61e+05	-12.3484 78.7206 0.9869	
9.566198 292.878725	5.12e-01  7.26e-01  4.86e+05	-13.0730 65.3578 0.5352	
9.566198 292.878725	5.60e-01  7.69e-01  4.67e+05	6.6790 76.5932 0.1133	
9.566198 292.878725	4.72e-01  9.06e-01  4.57e+05	13.1910 80.4581 0.0480	
9.566198 292.878725	6.51e-01  8.62e-01  4.33e+05	20.0810 90.1735 0.5698	
9.566198 292.878725	7.93e-01  8.74e-01  4.08e+05	33.0062 96.8417 0.3274	
9.566198 292.878725	6.61e-01  8.79e-01  4.28e+05	8.8677 93.8543 0.6337	
9.566198 292.878725	4.38e-01  8.72e-01  4.71e+05	12.5432 73.9423 0.8229	
9.566198 292.878725	4.62e-01  8.79e-01  4.65e+05	4.6992 77.9130 0.1366	
9.566198 292.878725	5.10e-01  8.50e-01  4.61e+05	-1.1911 79.8900 0.5298	
9.566198 292.878725	5.09e-01  8.54e-01  4.60e+05	12.7803 79.1614 0.8190	
9.566198 292.878725	6.13e-01  9.45e-01  4.25e+05	-34.0186 89.2159 0.9781	
9.566198 292.878725	5.92e-01  7.93e-01  4.56e+05	-27.3300 77.5007 0.7168	
9.566198 292.878725	6.22e-01  9.22e-01  4.27e+05	-0.5858 94.5955 0.5852	
9.566198 292.878725	6.59e-01  8.53e-01  4.33e+05	18.1896 90.5475 0.9554	
9.566198 292.878725	5.79e-01  7.57e-01  4.66e+05	-17.7765 75.4847 0.0096	
9.566198 292.878725	6.28e-01  7.56e-01  4.56e+05	-26.7040 77.5840 0.5519	
9.566198 292.878725	7.63e-01  9.65e-01  3.99e+05	-1.4626 105.6237 0.6779	
9.566198 292.878725	5.05e-01  9.59e-01  4.41e+05	-29.0507 83.8412 0.7762	
9.566198 292.878725	3.60e-01  8.75e-01  4.87e+05	-1.0495 66.2486 0.0079	
9.566198 292.878725	5.51e-01  6.80e-01  4.87e+05	9.4485 65.1721 0.5233	
9.566198 292.878725	4.86e-01  8.08e-01  4.74e+05	-15.0648 71.6421 0.6114	
9.566198 292.878725	6.74e-01  8.62e-01  4.29e+05	5.7720 93.8484 0.6468	
9.566198 292.878725	6.52e-01  8.11e-01  4.42e+05	3.1656 88.6066 0.8829	
9.566198 292.878725	6.85e-01  8.34e-01  4.32e+05	32.2642 87.0611 0.0217	
9.566198 292.878725	5.94e-01  7.67e-01  4.61e+05	-0.9010 79.9682 0.9121	
9.566198 292.878725	5.25e-01  8.48e-01  4.58e+05	-16.1790 79.3724 0.2975	
9.566198 292.878725	5.77e-01  7.76e-01  4.62e+05	-2.6405 79.1564 0.9256	
9.566198 292.878725	7.83e-01  8.84e-01  4.08e+05	-66.6817 77.5503 0.0550	
9.566198 292.878725	6.64e-01  6.86e-01  4.63e+05	-9.3058 78.3030 0.3077	
9.566198 292.878725	4.48e-01  6.84e-01  5.10e+05	-1.8061 50.8424 0.7962	
9.566198 292.878725	4.86e-01  9.03e-01  4.55e+05	29.6863 76.9714 0.1641	
9.566198 292.878725	3.15e-01  9.09e-01  4.89e+05	-13.1951 63.6028 0.4097	
9.566198 292.878725	4.32e-01  6.75e-01  5.16e+05	-7.5259 45.4136 0.9528	
9.566198 292.878725	4.64e-01  8.93e-01  4.61e+05	6.3085 79.3591 0.2353	
9.566198 292.878725	5.39e-01  8.61e-01  4.53e+05	50.7755 66.3288 0.4227	
9.566198 292.878725	5.07e-01  7.76e-01  4.76e+05	16.0520 70.2148 0.4504	
9.566198 292.878725	6.51e-01  8.99e-01  4.27e+05	3.9072 94.8684 0.5268	
9.566198 292.878725	6.88e-01  9.77e-01  4.08e+05	-18.5347 100.4257 0.6977	
9.566198 292.878725	5.52e-01  8.00e-01  4.62e+05	5.5779 78.9740 0.4890	
9.566198 292.878725	4.09e-01  7.89e-01  4.95e+05	21.6261 57.4236 0.1371	
9.566198 292.878725	5.23e-01  8.36e-01  4.61e+05	33.0514 72.5777 0.8934	
9.566198 292.878725	6.32e-01  8.75e-01  4.34e+05	6.0939 91.7206 0.3960	
9.566198 292.878725	5.64e-01  9.94e-01  4.25e+05	-3.0892 95.4235 0.8269	
9.566198 292.878725	6.06e-01  8.07e-01  4.51e+05	30.5375 78.9083 0.7933	
9.566198 292.878725	6.77e-01  9.00e-01  4.22e+05	7.0693 96.4841 0.2810	
9.566198 292.878725	5.80e-01  9.59e-01  4.28e+05	-26.3230 90.5262 0.2468	
9.566198 292.878725	4.96e-01  9.10e-01  4.52e+05	27.3542 79.4406 0.9024	
9.566198 292.878725	5.75e-01  7.40e-01  4.70e+05	11.4467 74.4872 0.1030	
9.566198 292.878725	5.37e-01  7.82e-01  4.69e+05	-3.9247 75.6712 0.6873	
9.566198 292.878725	5.42e-01  9.11e-01  4.43e+05	-18.8650 85.7826 0.8205	
9.566198 292.878725	5.43e-01  7.54e-01  4.73e+05	32.3323 66.0209 0.1325	
9.566198 292.878725	5.06e-01  8.35e-01  4.65e+05	-9.8042 77.4405 0.2421	
9.566198 292.878725	6.66e-01  8.77e-01  4.28e+05	-4.9145 94.3649 0.9366	
9.566198 292.878725	5.58e-01  8.80e-01  4.46e+05	8.3633 86.2949 0.6568	
9.566198 292.878725	5.43e-01  7.92e-01  4.66e+05	-2.8224 77.4712 0.4624	
9.566198 292.878725	6.57e-01  8.63e-01  4.32e+05	-35.8340 85.7118 0.4129	
9.566198 292.878725	5.58e-01  6.44e-01  4.94e+05	-4.1542 61.7401 0.2067	
9.566198 292.878725	4.31e-01  7.34e-01  5.03e+05	7.1763 55.8693 0.1005	
9.566198 292.878725	5.58e-01  7.41e-01  4.73e+05	16.3727 71.9724 0.5204	
9.566198 292.878725	5.79e-01  9.42e-01  4.31e+05	32.2984 87.1700 0.5454	
9.566198 292.878725	6.28e-01  9.46e-01  4.23e+05	-40.4148 87.7039 0.3313	
9.566198 292.878725	4.70e-01  8.08e-01  4.77e+05	16.4195 69.5250 0.6992	
9.566198 292.878725	4.90e-01  8.47e-01  4.65e+05	-1.9877 77.6613 0.3705	
9.566198 292.878725	6.17e-01  7.67e-01  4.56e+05	14.1512 80.8671 0.7774	
9.566198 292.878725	6.55e-01  8.50e-01  4.34e+05	-20.2932 89.5373 0.4086	
9.566198 292.878725	5.97e-01  7.90e-01  4.56e+05	41.7357 71.0296 0.8958	
9.566198 292.878725	7.98e-01  8.82e-01  4.06e+05	-43.1515 93.5809 0.8615	
9.566198 292.878725	7.19e-01  9.20e-01  4.12e+05	3.9660 100.5420 0.1322	
9.566198 292.878725	6.74e-01  8.16e-01  4.37e+05	-5.1332 90.5694 0.9208	
9.566198 292.878725	5.51e-01  8.02e-01  4.62e+05	13.9340 77.9466 0.0796	
9.566198 292.878725	6.45e-01  9.42e-01  4.20e+05	53.0827 81.6999 0.8444	
9.566198 292.878725	5.96e-01  8.00e-01  4.54e+05	26.3188 78.8320 0.4913	
9.566198 292.878725	5.47e-01  7.15e-01  4.81e+05	40.1707 56.8743 0.4060	
9.566198 292.878725	7.39e-01  9.02e-01  4.12e+05	-29.2537 96.3925 0.9089	
9.566198 292.878725	4.71e-01  8.39e-01  4.71e+05	14.5259 73.5198 0.7160	
9.566198 292.878725	6.94e-01  8.96e-01  4.20e+05	-47.6006 85.2067 0.6927	
9.566198 292.878725	7.32e-01  8.02e-01  4.29e+05	-11.3392 93.1782 0.9581	
9.566198 292.878725	5.25e-01  8.29e-01  4.62e+05	-25.1442 75.2624 0.9006	
9.566198 292.878725	6.17e-01  8.78e-01  4.36e+05	8.8070 90.6555 0.3513	
9.566198 292.878725	7.62e-01  7.77e-01  4.28e+05	-49.1973 80.3929 0.3437	
9.566198 292.878725	5.56e-01  9.65e-01  4.31e+05	37.0737 85.2300 0.9087	
9.566198 292.878725	7.22e-01  7.91e-01  4.33e+05	-0.8568 92.4267 0.3783	
9.566198 292.878725	4.91e-01  8.71e-01  4.60e+05	-28.1891 74.9459 0.9318	
9.566198 292.878725	3.89e-01  9.71e-01  4.61e+05	3.0652 79.8138 0.8545	
9.566198 292.878725	5.28e-01  7.09e-01  4.86e+05	-4.7079 66.4531 0.9051	
9.566198 292.878725	5.95e-01  7.82e-01  4.57e+05	11.5276 80.6494 0.4974	
9.566198 292.878725	5.26e-01  7.89e-01  4.70e+05	42.2883 62.4870 0.4895	
9.566198 292.878725	5.73e-01  8.18e-01  4.55e+05	-37.9456 73.4807 0.0003	
9.566198 292.878725	6.08e-01  8.24e-01  4.47e+05	-28.4060 81.4051 0.2557	
9.566198 292.878725	6.54e-01  8.26e-01  4.38e+05	-5.9369 89.7946 0.3174	
9.566198 292.878725	3.86e-01  9.22e-01  4.71e+05	-31.1133 67.9973 0.0788	
9.566198 292.878725	5.35e-01  7.82e-01  4.69e+05	-4.4271 75.5410 0.5863	
9.566198 292.878725	7.48e-01  8.49e-01  4.19e+05	-73.1642 65.2832 0.4623	
9.566198 292.878725	5.01e-01  9.22e-01  4.49e+05	3.6731 85.3586 0.4721	
9.566198 292.878725	6.26e-01  8.20e-01  4.45e+05	50.2682 71.4153 0.0123	
9.566198 292.878725	7.05e-01  9.20e-01  4.14e+05	-16.1863 98.4963 0.6283	
9.566198 292.878725	7.34e-01  8.84e-01  4.15e+05	26.3481 95.8113 0.8005	
9.566198 292.878725	5.28e-01  9.06e-01  4.47e+05	-31.4806 80.4452 0.5241	
9.566198 292.878725	6.27e-01  6.91e-01  4.69e+05	13.2973 74.5282 0.9862	
9.566198 292.878725	6.47e-01  9.30e-01  4.22e+05	30.3012 91.9059 0.7608	
9.566198 292.878725	5.71e-01  8.25e-01  4.54e+05	13.1115 82.1121 0.6176	
9.566198 292.878725	5.42e-01  8.83e-01  4.48e+05	14.5458 84.3722 0.0090	
9.566198 292.878725	4.48e-01  7.39e-01  4.97e+05	13.5765 58.1776 0.6115	
9.566198 292.878725	7.30e-01  8.69e-01  4.19e+05	-28.1675 94.0256 0.6216	
9.566198 292.878725	6.27e-01  9.26e-01  4.26e+05	12.3890 94.3902 0.5138	
9.566198 292.878725	4.26e-01  8.68e-01  4.74e+05	15.9388 71.4520 0.5039	
9.566198 292.878725	5.92e-01  8.62e-01  4.43e+05	1.1801 88.0151 0.1253	
9.566198 292.878725	5.47e-01  8.06e-01  4.62e+05	33.3467 71.8496 0.1917	
9.566198 292.878725	6.18e-01  7.55e-01  4.58e+05	-21.6150 78.2188 0.0560	
9.566198 292.878725	6.61e-01  8.02e-01  4.41e+05	7.5211 88.4055 0.1642	
9.566198 292.878725	5.77e-01  5.88e-01  5.02e+05	11.0401 55.4791 0.9024	
9.566198 292.878725	6.94e-01  8.04e-01  4.35e+05	-20.8962 88.9198 0.8127	
9.566198 292.878725	6.91e-01  7.75e-01  4.41e+05	17.5377 87.1559 0.4162	
9.566198 292.878725	6.54e-01  9.38e-01  4.20e+05	26.1802 94.1603 0.1137	
9.566198 292.878725	6.61e-01  8.37e-01  4.35e+05	-16.8181 89.8164 0.6275	
9.566198 292.878725	6.04e-01  7.69e-01  4.58e+05	13.6761 79.8870 0.8666	
9.566198 292.878725	5.54e-01  9.39e-01  4.36e+05	-18.1312 89.1059 0.9543	
9.566198 292.878725	7.08e-01  8.46e-01  4.26e+05	32.2198 89.6323 0.6280	
9.566198 292.878725	4.09e-01  7.91e-01  4.94e+05	7.1644 61.2373 0.8536	
9.566198 292.878725	6.04e-01  7.61e-01  4.60e+05	6.6737 80.0737 0.6411	
9.566198 292.878725	6.14e-01  9.96e-01  4.17e+05	1.5214 98.8248 0.2670	
9.566198 292.878725	6.63e-01  8.95e-01  4.25e+05	13.0785 94.6196 0.0670	
9.566198 292.878725	5.35e-01  8.70e-01  4.52e+05	-42.8107 72.2073 0.3623	
9.566198 292.878725	6.10e-01  8.89e-01  4.35e+05	2.6653 91.3221 0.3423	
9.566198 292.878725	6.14e-01  7.90e-01  4.52e+05	24.6939 80.1726 0.8755	
9.566198 292.878725	5.03e-01  7.55e-01  4.81e+05	13.5209 67.8693 0.2435	
9.566198 292.878725	5.60e-01  8.41e-01  4.53e+05	37.1040 74.8790 0.3396	
9.566198 292.878725	5.13e-01  6.82e-01  4.95e+05	-11.2259 60.0111 0.6794	
9.566198 292.878725	5.12e-01  9.93e-01  4.34e+05	-15.2402 90.5309 0.2213	
9.566198 292.878725	5.18e-01  8.53e-01  4.59e+05	38.2382 71.3343 0.5637	
9.566198 292.878725	5.89e-01  7.80e-01  4.59e+05	-0.3480 80.7032 0.8072	
9.566198 292.878725	6.29e-01  7.83e-01  4.51e+05	-6.2569 84.2225 0.7828	
9.566198 292.878725	6.71e-01  8.19e-01  4.37e+05	-37.4603 82.5865 0.4372	
9.566198 292.878725	6.74e-01  8.98e-01  4.23e+05	45.5589 85.0241 0.2749	
9.566198 292.878725	6.41e-01  8.72e-01  4.33e+05	9.0701 92.0119 0.7729	
9.566198 292.878725	6.81e-01  8.46e-01  4.30e+05	5.1955 93.2080 0.9865	
9.566198 292.878725	4.89e-01  7.69e-01  4.82e+05	1.9688 69.1114 0.2748	
9.566198 292.878725	5.27e-01  7.17e-01  4.85e+05	-39.8512 54.4599 0.3853	
9.566198 292.878725	6.68e-01  9.38e-01  4.17e+05	-24.3632 95.5404 0.3001	
9.566198 292.878725	6.89e-01  8.38e-01  4.30e+05	7.7714 93.1175 0.1676	
9.566198 292.878725	7.44e-01  9.34e-01  4.06e+05	43.1435 93.4204 0.6289	
9.566198 292.878725	4.71e-01  7.24e-01  4.96e+05	-20.5907 57.3074 0.0226	
9.566198 292.878725	4.47e-01  7.32e-01  4.99e+05	-22.9023 53.9367 0.6048	
9.566198 292.878725	4.69e-01  8.90e-01  4.61e+05	6.3886 79.4776 0.9403	
9.566198 292.878725	7.27e-01  8.55e-01  4.21e+05	16.6364 95.6933 0.5616	
9.566198 292.878725	5.32e-01  8.28e-01  4.61e+05	1.1438 79.8569 0.5098	
9.566198 292.878725	7.21e-01  7.78e-01  4.35e+05	28.7293 86.7628 0.4482	
9.566198 292.878725	7.47e-01  8.94e-01  4.12e+05	-34.5383 94.6562 0.7653	
9.566198 292.878725	4.66e-01  9.25e-01  4.55e+05	-24.2027 79.0653 0.7960	
9.566198 292.878725	5.44e-01  9.36e-01  4.38e+05	24.8356 86.4983 0.3625	
9.566198 292.878725	6.30e-01  7.26e-01  4.62e+05	-8.2083 79.0904 0.0902	
9.566198 292.878725	5.16e-01  8.17e-01  4.66e+05	-14.7486 75.8506 0.8653	
9.566198 292.878725	6.65e-01  7.35e-01  4.53e+05	-44.1489 70.7932 0.4616	
9.566198 292.878725	5.34e-01  8.27e-01  4.60e+05	-10.1425 79.3884 0.1235	
9.566198 292.878725	5.64e-01  8.46e-01  4.51e+05	-19.7078 82.0682 0.2375	
9.566198 292.878725	5.18e-01  8.19e-01  4.65e+05	5.1165 77.4854 0.7543	
9.566198 292.878725	8.51e-01  9.51e-01  3.88e+05	-7.2592 109.1798 0.8814	
9.566198 292.878725	5.94e-01  8.67e-01  4.42e+05	-0.5601 88.4734 0.2090	
9.566198 292.878725	4.51e-01  7.19e-01  5.01e+05	-15.6820 55.0537 0.9350	
9.566198 292.878725	4.38e-01  8.68e-01  4.71e+05	46.9044 57.9751 0.5628	
9.566198 292.878725	7.19e-01  8.61e-01  4.21e+05	17.2812 95.4226 0.1059	
9.566198 292.878725	5.57e-01  7.90e-01  4.63e+05	4.1907 78.5466 0.6716	
9.566198 292.878725	5.00e-01  7.51e-01  4.83e+05	22.4782 64.5353 0.5775	
9.566198 292.878725	7.91e-01  8.84e-01  4.07e+05	27.5877 98.9569 0.7103	
9.566198 292.878725	6.66e-01  9.02e-01  4.23e+05	52.8869 80.3404 0.5440	
9.566198 292.878725	5.93e-01  9.62e-01  4.26e+05	-1.5683 95.2921 0.0508	
9.566198 292.878725	7.50e-01  8.91e-01  4.12e+05	5.5854 100.5936 0.2484	
9.566198 292.878725	6.37e-01  7.85e-01  4.49e+05	16.9123 83.7478 0.3892	
9.566198 292.878725	5.91e-01  8.36e-01  4.48e+05	-18.0622 83.8353 0.0909	
9.566198 292.878725	5.64e-01  8.31e-01  4.54e+05	-15.5309 81.5688 0.2280	
9.566198 292.878725	6.53e-01  8.66e-01  4.32e+05	-21.1640 90.3386 0.5561	
9.566198 292.878725	5.02e-01  8.21e-01  4.68e+05	-24.3794 72.2314 0.3505	
9.566198 292.878725	5.68e-01  9.12e-01  4.38e+05	-33.4500 83.5316 0.5642	
9.566198 292.878725	6.26e-01  7.78e-01  4.52e+05	-33.5181 76.8549 0.2123	
9.566198 292.878725	6.46e-01  8.19e-01  4.41e+05	46.5559 75.6854 0.4536	
9.566198 292.878725	6.56e-01  8.26e-01  4.38e+05	-11.3049 89.4127 0.6307	
9.566198 292.878725	4.20e-01  7.44e-01  5.02e+05	10.8582 55.3144 0.9662	
9.566198 292.878725	4.07e-01  9.04e-01  4.71e+05	-1.1693 74.9646 0.5957	
9.566198 292.878725	6.36e-01  7.09e-01  4.64e+05	-19.7274 75.9371 0.4692	
9.566198 292.878725	4.64e-01  8.78e-01  4.64e+05	-3.8364 78.1028 0.9864	
9.566198 292.878725	4.16e-01  9.42e-01  4.61e+05	11.1526 78.8258 0.0600	
9.566198 292.878725	5.54e-01  8.36e-01  4.55e+05	-3.9882 82.4940 0.0111	
9.566198 292.878725	7.44e-01  8.52e-01  4.19e+05	-50.2094 84.1873 0.4591	
9.566198 292.878725	4.54e-01  7.25e-01  4.99e+05	26.2279 52.3675 0.9105	
9.566198 292.878725	6.34e-01  9.62e-01  4.19e+05	42.7367 88.1579 0.8521	
9.566198 292.878725	4.82e-01  8.55e-01  4.65e+05	1.9169 77.6273 0.0053	
9.566198 292.878725	5.26e-01  7.52e-01  4.78e+05	-2.5042 71.3339 0.3030	
9.566198 292.878725	6.05e-01  9.26e-01  4.30e+05	5.2025 93.5484 0.7889	
9.566198 292.878725	6.17e-01  6.83e-01  4.73e+05	14.6118 72.4107 0.9175	
9.566198 292.878725	5.92e-01  7.04e-01  4.74e+05	33.6824 65.1391 0.5588	
9.566198 292.878725	4.49e-01  7.49e-01  4.95e+05	-2.2906 61.3963 0.8265	
9.566198 292.878725	5.27e-01  7.86e-01  4.70e+05	3.8530 75.1592 0.7205	
9.566198 292.878725	4.37e-01  8.37e-01  4.78e+05	-12.3505 69.9235 0.9799	
9.566198 292.878725	4.44e-01  8.09e-01  4.83e+05	-19.4326 65.7171 0.2298	
9.566198 292.878725	6.57e-01  8.50e-01  4.34e+05	22.1972 89.2952 0.9970	
9.566198 292.878725	6.54e-01  9.01e-01  4.26e+05	9.4779 94.8409 0.1833	
9.566198 292.878725	5.64e-01  7.93e-01  4.61e+05	-11.2188 78.8854 0.3101	
9.566198 292.878725	5.94e-01  9.52e-01  4.27e+05	-34.8328 88.0984 0.9109	
9.566198 292.878725	7.71e-01  7.74e-01  4.27e+05	-15.7595 93.3794 0.1834	
9.566198 292.878725	5.00e-01  7.98e-01  4.73e+05	1.5109 73.6472 0.2294	
9.566198 292.878725	4.83e-01  7.37e-01  4.90e+05	-12.5924 63.1963 0.9448	
9.566198 292.878725	6.55e-01  9.54e-01  4.17e+05	-26.3258 95.2767 0.4147	
9.566198 292.878725	4.77e-01  8.48e-01  4.68e+05	-16.4308 74.7312 0.5848	
9.566198 292.878725	5.95e-01  7.79e-01  4.58e+05	33.9315 73.7342 0.2469	
9.566198 292.878725	5.56e-01  6.87e-01  4.85e+05	-9.1887 66.6138 0.6917	
9.566198 292.878725	5.51e-01  9.06e-01  4.43e+05	46.2159 75.1786 0.1349	
9.566198 292.878725	7.07e-01  8.24e-01  4.30e+05	-39.1493 85.0875 0.4329	
9.566198 292.878725	4.74e-01  9.71e-01  4.45e+05	14.8266 86.0034 0.3609	
9.566198 292.878725	6.70e-01  8.71e-01  4.28e+05	10.9726 93.7281 0.0278	
9.566198 292.878725	4.94e-01  8.61e-01  4.62e+05	-42.9369 66.8189 0.3090	
9.566198 292.878725	6.39e-01  7.79e-01  4.50e+05	1.7279 85.0964 0.9859	
9.566198 292.878725	4.56e-01  6.73e-01  5.11e+05	-9.2255 49.5526 0.5014	
9.566198 292.878725	4.59e-01  8.46e-01  4.72e+05	-1.5287 74.3713 0.4766	
9.566198 292.878725	7.41e-01  7.83e-01  4.31e+05	-3.2517 93.1095 0.4076	
9.566198 292.878725	5.35e-01  7.51e-01  4.76e+05	-18.4653 69.9636 0.5573	
9.566198 292.878725	6.26e-01  7.02e-01  4.67e+05	-13.4005 75.6020 0.7063	
9.566198 292.878725	5.69e-01  8.33e-01  4.53e+05	29.9661 78.0800 0.9054	
9.566198 292.878725	4.34e-01  8.79e-01  4.70e+05	-27.2772 70.0524 0.9475	
9.566198 292.878725	6.92e-01  8.36e-01  4.30e+05	-0.9637 93.4096 0.7587	
9.566198 292.878725	7.22e-01  7.53e-01  4.39e+05	47.1621 76.2034 0.7237	
9.566198 292.878725	5.06e-01  7.10e-01  4.91e+05	-2.6884 63.8400 0.6292	
9.566198 292.878725	5.74e-01  8.78e-01  4.43e+05	-23.8270 84.5211 0.7897	
9.566198 292.878725	6.66e-01  7.56e-01  4.49e+05	12.5238 84.4070 0.9450	
9.566198 292.878725	5.57e-01  7.61e-01  4.69e+05	14.8186 74.2694 0.4758	
9.566198 292.878725	4.03e-01  8.49e-01  4.83e+05	28.3571 62.2837 0.0033	
9.566198 292.878725	5.94e-01  7.65e-01  4.61e+05	15.6517 78.3076 0.2628	
9.566198 292.878725	4.16e-01  7.88e-01  4.93e+05	23.8480 57.5397 0.5822	
9.566198 292.878725	6.54e-01  7.77e-01  4.47e+05	-17.7962 84.2268 0.1197	
9.566198 292.878725	4.31e-01  8.33e-01  4.80e+05	-6.6155 69.4658 0.0725	
9.566198 292.878725	6.13e-01  8.37e-01  4.44e+05	18.4781 85.6454 0.3204	
9.566198 292.878725	8.03e-01  9.36e-01  3.97e+05	-10.1187 105.7264 0.8916	
9.566198 292.878725	6.37e-01  8.10e-01  4.44e+05	2.4083 87.4290 0.5013	
9.566198 292.878725	6.05e-01  6.76e-01  4.77e+05	2.3788 71.7599 0.9057	
9.566198 292.878725	7.49e-01  8.51e-01  4.18e+05	25.1012 94.9949 0.3319	
9.566198 292.878725	5.51e-01  8.09e-01  4.61e+05	23.9048 76.1840 0.3931	
9.566198 292.878725	5.61e-01  7.98e-01  4.61e+05	-17.6404 77.8449 0.3589	
9.566198 292.878725	7.19e-01  9.59e-01  4.06e+05	-10.8558 102.2936 0.4637	
9.566198 292.878725	5.29e-01  7.56e-01  4.76e+05	11.9734 71.2987 0.1288	
9.566198 292.878725	4.35e-01  8.60e-01  4.74e+05	16.0336 71.4970 0.0670	
9.566198 292.878725	4.56e-01  8.43e-01  4.73e+05	-9.0875 73.1630 0.2334	
9.566198 292.878725	4.48e-01  8.18e-01  4.80e+05	-10.3831 69.1920 0.9174	
9.566198 292.878725	6.11e-01  8.28e-01  4.46e+05	46.1594 73.4469 0.3213	
9.566198 292.878725	5.24e-01  7.65e-01  4.75e+05	33.0232 64.7476 0.5828	
9.566198 292.878725	6.83e-01  9.30e-01  4.16e+05	48.0381 86.6129 0.1188	
9.566198 292.878725	5.64e-01  7.74e-01  4.65e+05	2.3083 77.7263 0.1419	
9.566198 292.878725	5.29e-01  9.05e-01  4.47e+05	1.9476 86.3280 0.9152	
9.566198 292.878725	7.32e-01  8.63e-01  4.19e+05	-11.2420 97.3023 0.3822	
9.566198 292.878725	6.85e-01  7.87e-01  4.40e+05	23.3919 86.2899 0.7335	
9.566198 292.878725	6.91e-01  8.10e-01  4.35e+05	-72.9094 55.3861 0.4266	
9.566198 292.878725	3.96e-01  7.60e-01  5.04e+05	-10.5011 54.0032 0.8967	
9.566198 292.878725	6.26e-01  8.38e-01  4.41e+05	-9.0159 88.3066 0.7782	
9.566198 292.878725	5.34e-01  9.66e-01  4.35e+05	26.0998 87.7081 0.4901	
9.566198 292.878725	7.97e-01  9.27e-01  3.99e+05	-11.6449 104.8220 0.3025	
9.566198 292.878725	5.73e-01  9.28e-01  4.35e+05	0.3541 91.5382 0.3721	
9.566198 292.878725	5.52e-01  6.98e-01  4.83e+05	0.1861 68.2429 0.2923	
9.566198 292.878725	5.21e-01  8.62e-01  4.56e+05	24.5832 78.1848 0.0680	
9.566198 292.878725	7.51e-01  8.39e-01  4.20e+05	19.2691 95.6804 0.8405	
9.566198 292.878725	8.08e-01  9.60e-01  3.93e+05	69.2844 82.4703 0.0754	
9.566198 292.878725	6.33e-01  9.39e-01  4.23e+05	0.6313 96.4825 0.7926	
9.566198 292.878725	4.62e-01  7.48e-01  4.92e+05	-23.7133 58.4623 0.6158	
9.566198 292.878725	4.11e-01  8.98e-01  4.71e+05	17.8301 72.7032 0.4514	
9.566198 292.878725	6.19e-01  8.82e-01  4.35e+05	19.5259 89.4935 0.0290	
9.566198 292.878725	4.26e-01  9.50e-01  4.58e+05	1.5482 81.3521 0.6008	
9.566198 292.878725	5.55e-01  9.02e-01  4.42e+05	-18.2542 86.3621 0.6307	
9.566198 292.878725	5.10e-01  7.61e-01  4.79e+05	-4.7242 70.3904 0.8185	
9.566198 292.878725	6.20e-01  9.11e-01  4.30e+05	-23.7188 90.6463 0.4906	
9.566198 292.878725	4.27e-01  8.21e-01  4.84e+05	-10.2669 67.1685 0.8123	
9.566198 292.878725	5.92e-01  7.27e-01  4.69e+05	-24.2091 71.8866 0.0029	
9.566198 292.878725	5.69e-01  9.46e-01  4.32e+05	-19.5462 90.4466 0.7358	
9.566198 292.878725	5.30e-01  7.78e-01  4.71e+05	-22.0286 71.3660 0.4936	
9.566198 292.878725	6.47e-01  9.31e-01  4.22e+05	-3.6299 96.7712 0.3697	
9.566198 292.878725	5.56e-01  8.55e-01  4.51e+05	1.1008 84.4748 0.2506	
9.566198 292.878725	4.22e-01  8.39e-01  4.81e+05	5.9707 69.2116 0.4973	
9.566198 292.878725	5.16e-01  8.43e-01  4.61e+05	20.3209 77.1734 0.3006	
9.566198 292.878725	6.25e-01  7.24e-01  4.63e+05	-7.4127 78.4552 0.5876	
9.566198 292.878725	7.01e-01  9.41e-01  4.12e+05	15.8645 99.5351 0.7829	
9.566198 292.878725	5.70e-01  6.74e-01  4.85e+05	-16.8732 65.2748 0.2195	
9.566198 292.878725	6.99e-01  8.28e-01  4.30e+05	6.2874 93.1613 0.6906	
9.566198 292.878725	6.26e-01  7.19e-01  4.64e+05	20.1065 75.8281 0.0598	
9.566198 292.878725	4.96e-01  6.74e-01  5.01e+05	9.5005 56.4398 0.3349	
9.566198 292.878725	6.73e-01  9.85e-01  4.09e+05	46.9479 90.2821 0.9355	
9.566198 292.878725	5.88e-01  9.04e-01  4.37e+05	-33.6872 84.3378 0.4196	
9.566198 292.878725	4.56e-01  9.20e-01  4.58e+05	19.3990 79.0773 0.0889	
9.566198 292.878725	5.96e-01  9.88e-01  4.21e+05	20.1778 95.1200 0.4598	
9.566198 292.878725	5.98e-01  9.32e-01  4.30e+05	-19.7968 91.5145 0.9952	
9.566198 292.878725	5.42e-01  8.14e-01  4.61e+05	22.8184 76.2008 0.0871	
9.566198 292.878725	4.51e-01  8.40e-01  4.75e+05	6.7467 72.5879 0.8980	
9.566198 292.878725	5.55e-01  7.71e-01  4.67e+05	2.2975 76.5635 0.6154	
9.566198 292.878725	5.90e-01  7.73e-01  4.60e+05	5.9779 80.0003 0.2632	
9.566198 292.878725	6.02e-01  7.85e-01  4.56e+05	1.3890 82.3456 0.4405	
9.566198 292.878725	6.85e-01  9.23e-01  4.17e+05	-24.3284 95.7019 0.1800	
9.566198 292.878725	5.78e-01  8.60e-01  4.46e+05	-5.8103 86.4926 0.9079	
9.566198 292.878725	6.40e-01  8.07e-01  4.44e+05	32.7155 81.0586 0.1693	
9.566198 292.878725	4.23e-01  6.94e-01  5.14e+05	-1.8627 48.0734 0.6317	
9.566198 292.878725	5.21e-01  7.98e-01  4.69e+05	34.9234 67.3337 0.6715	
9.566198 292.878725	6.05e-01  7.71e-01  4.58e+05	20.3723 78.7875 0.2532	
9.566198 292.878725	6.65e-01  7.50e-01  4.50e+05	-7.3651 84.4981 0.5859	
9.566198 292.878725	5.57e-01  8.51e-01  4.52e+05	15.4069 82.7581 0.0782	
9.566198 292.878725	5.48e-01  8.24e-01  4.58e+05	-6.4700 80.7898 0.7540	
9.566198 292.878725	6.64e-01  7.27e-01  4.55e+05	15.3626 81.2932 0.4123	
9.566198 292.878725	4.98e-01  7.03e-01  4.94e+05	0.3173 61.6997 0.8508	
9.566198 292.878725	5.93e-01  7.57e-01  4.63e+05	21.9958 75.8074 0.7486	
9.566198 292.878725	4.86e-01  8.25e-01  4.71e+05	-18.0152 72.8188 0.1105	
9.566198 292.878725	7.46e-01  9.03e-01  4.11e+05	-21.5497 98.8603 0.0729	
9.566198 292.878725	6.66e-01  7.44e-01  4.51e+05	1.9099 84.3247 0.4292	
9.566198 292.878725	6.20e-01  8.52e-01  4.40e+05	-15.5839 88.0316 0.0401	
9.566198 292.878725	5.96e-01  9.05e-01  4.35e+05	28.5459 87.0269 0.4981	
9.566198 292.878725	4.59e-01  8.88e-01  4.63e+05	16.9740 76.8324 0.4484	
9.566198 292.878725	4.70e-01  7.84e-01  4.83e+05	2.2113 68.5191 0.6511	
9.566198 292.878725	5.25e-01  9.09e-01  4.47e+05	18.1222 84.4837 0.8993	
9.566198 292.878725	8.17e-01  8.84e-01  4.03e+05	-0.9277 104.1537 0.8862	
9.566198 292.878725	5.45e-01  9.50e-01  4.36e+05	-5.1121 90.9388 0.7445	
9.566198 292.878725	4.07e-01  8.25e-01  4.87e+05	-24.5599 61.1912 0.2615	
9.566198 292.878725	7.65e-01  8.52e-01  4.16e+05	-24.7504 96.1840 0.6631	
9.566198 292.878725	4.57e-01  8.68e-01  4.68e+05	51.9313 56.1443 0.9692	
9.566198 292.878725	6.02e-01  7.01e-01  4.72e+05	14.9309 72.6408 0.4304	
9.566198 292.878725	6.10e-01  7.08e-01  4.69e+05	-25.9381 71.1226 0.3540	
9.566198 292.878725	5.28e-01  8.04e-01  4.66e+05	32.8973 69.7173 0.4727	
9.566198 292.878725	7.03e-01  9.42e-01  4.11e+05	12.2782 100.2374 0.5250	
9.566198 292.878725	5.83e-01  9.10e-01  4.36e+05	35.4442 83.8307 0.8086	
9.566198 292.878725	5.51e-01  6.48e-01  4.95e+05	16.0855 59.3992 0.5592	
9.566198 292.878725	5.04e-01  9.06e-01  4.51e+05	-18.7882 82.2526 0.8894	
9.566198 292.878725	7.59e-01  8.82e-01  4.12e+05	-4.8218 100.6266 0.9507	
9.566198 292.878725	6.01e-01  8.36e-01  4.46e+05	-14.7068 85.3496 0.7349	
9.566198 292.878725	6.21e-01  7.33e-01  4.62e+05	22.9702 75.9122 0.6475	
9.566198 292.878725	7.81e-01  9.36e-01  4.00e+05	7.7310 104.7652 0.6014	
9.566198 292.878725	8.11e-01  9.44e-01  3.95e+05	45.8266 96.7475 0.9992	
9.566198 292.878725	5.87e-01  8.51e-01  4.46e+05	-36.2465 78.6923 0.0157	
9.566198 292.878725	5.76e-01  8.69e-01  4.45e+05	24.4985 83.7221 0.3837	
9.566198 292.878725	6.66e-01  9.41e-01  4.17e+05	-10.4485 98.1145 0.6299	
9.566198 292.878725	3.20e-01  8.41e-01  5.03e+05	1.1385 55.8319 0.9534	
9.566198 292.878725	7.16e-01  7.83e-01  4.35e+05	-1.9497 91.3438 0.7974	
9.566198 292.878725	5.46e-01  8.14e-01  4.61e+05	6.3243 79.6545 0.5046	
9.566198 292.878725	7.44e-01  9.21e-01  4.08e+05	7.0367 101.8741 0.5225	
9.566198 292.878725	5.31e-01  9.45e-01  4.39e+05	1.5085 89.6708 0.8255	
9.566198 292.878725	5.77e-01  7.66e-01  4.64e+05	-45.7920 63.5052 0.3802	
9.566198 292.878725	4.99e-01  7.40e-01  4.86e+05	9.5852 66.1572 0.3661	
9.566198 292.878725	5.97e-01  7.28e-01  4.68e+05	-1.6376 76.4579 0.1513	
9.566198 292.878725	5.69e-01  8.65e-01  4.47e+05	50.7756 69.9095 0.6339	
9.566198 292.878725	4.10e-01  9.31e-01  4.65e+05	-19.5812 75.5491 0.7861	
9.566198 292.878725	6.54e-01  7.06e-01  4.61e+05	-3.4588 79.8607 0.7436	
9.566198 292.878725	4.41e-01  9.33e-01  4.58e+05	-35.2712 73.1622 0.6853	
9.566198 292.878725	5.80e-01  7.82e-01  4.60e+05	2.1479 80.0409 0.9716	
9.566198 292.878725	5.11e-01  7.99e-01  4.71e+05	-5.6915 74.7371 0.5420	
9.566198 292.878725	5.72e-01  8.85e-01  4.43e+05	30.3510 82.8109 0.2763	
9.566198 292.878725	7.02e-01  9.02e-01  4.18e+05	40.8737 89.6165 0.6269	
9.566198 292.878725	5.00e-01  8.49e-01  4.63e+05	-21.2396 75.9156 0.5070	
9.566198 292.878725	5.94e-01  7.68e-01  4.61e+05	-15.9897 78.4042 0.5359	
9.566198 292.878725	5.01e-01  7.35e-01  4.86e+05	-14.4754 64.7719 0.3917	
9.566198 292.878725	6.91e-01  7.54e-01  4.45e+05	-18.0540 85.4199 0.2405	
9.566198 292.878725	5.51e-01  8.97e-01  4.44e+05	37.9169 78.8744 0.5949	
9.566198 292.878725	6.15e-01  7.74e-01  4.55e+05	4.5274 82.4262 0.6913	
9.566198 292.878725	6.92e-01  8.76e-01  4.24e+05	5.8371 95.9985 0.0896	
9.566198 292.878725	5.46e-01  7.05e-01  4.83e+05	12.2877 67.1316 0.1179	
9.566198 292.878725	5.64e-01  8.54e-01  4.50e+05	-15.0750 83.7051 0.0122	
9.566198 292.878725	6.64e-01  8.47e-01  4.33e+05	9.0408 91.8284 0.0762	
9.566198 292.878725	5.55e-01  8.87e-01  4.45e+05	-1.4385 87.0100 0.4903	
9.566198 292.878725	6.59e-01  7.71e-01  4.48e+05	1.3478 85.9930 0.5463	
9.566198 292.878725	6.01e-01  8.86e-01  4.37e+05	23.3986 87.4174 0.5929	
9.566198 292.878725	5.34e-01  8.03e-01  4.65e+05	22.5088 74.2834 0.8110	
9.566198 292.878725	5.43e-01  8.31e-01  4.58e+05	-7.5750 80.8154 0.6622	
9.566198 292.878725	5.11e-01  9.30e-01  4.46e+05	10.5138 86.2661 0.2455	
9.566198 292.878725	5.13e-01  7.69e-01  4.76e+05	-10.1912 71.2016 0.8099	
9.566198 292.878725	7.04e-01  7.33e-01  4.46e+05	-12.7843 85.6578 0.0049	
9.566198 292.878725	6.14e-01  8.79e-01  4.36e+05	-7.9610 90.5553 0.8590	
9.566198 292.878725	6.45e-01  6.83e-01  4.67e+05	-4.5705 76.6340 0.4993	
9.566198 292.878725	6.23e-01  8.26e-01  4.44e+05	-11.7319 86.7441 0.4777	
9.566198 292.878725	5.26e-01  7.68e-01  4.74e+05	-27.4192 67.8688 0.0303	
9.566198 292.878725	5.39e-01  7.17e-01  4.82e+05	-2.9033 68.7403 0.0501	
9.566198 292.878725	5.23e-01  7.98e-01  4.69e+05	9.8552 75.4347 0.1091	
9.566198 292.878725	5.72e-01  8.14e-01  4.56e+05	14.8292 80.8490 0.5973	
9.566198 292.878725	6.14e-01  9.12e-01  4.31e+05	-20.6151 91.0065 0.1629	
9.566198 292.878725	6.48e-01  6.82e-01  4.67e+05	5.7242 76.8306 0.4887	
9.566198 292.878725	6.96e-01  7.02e-01  4.54e+05	-7.5230 82.9412 0.8675	
9.566198 292.878725	4.89e-01  7.42e-01  4.87e+05	6.6337 65.5015 0.7300	
9.566198 292.878725	7.16e-01  9.55e-01  4.07e+05	39.2138 94.7384 0.2119	
9.566198 292.878725	5.27e-01  8.43e-01  4.59e+05	-22.4278 77.6474 0.8937	
9.566198 292.878725	5.62e-01  8.31e-01  4.54e+05	-1.2998 82.8885 0.6357	
9.566198 292.878725	4.99e-01  8.93e-01  4.55e+05	-8.7624 82.3765 0.9144	
9.566198 292.878725	6.38e-01  7.07e-01  4.64e+05	8.7434 78.0447 0.7488	
9.566198 292.878725	6.66e-01  9.66e-01  4.13e+05	-20.0519 98.2069 0.2717	
9.566198 292.878725	4.91e-01  7.74e-01  4.80e+05	12.7047 68.7682 0.8530	
9.566198 292.878725	6.98e-01  7.50e-01  4.44e+05	-4.8518 87.4008 0.0628	
9.566198 292.878725	4.09e-01  7.99e-01  4.92e+05	25.0968 57.6379 0.1038	
9.566198 292.878725	5.63e-01  8.13e-01  4.58e+05	-25.0720 77.3861 0.4408	
9.566198 292.878725	5.92e-01  8.00e-01  4.55e+05	9.7048 82.1972 0.2967	
9.566198 292.878725	5.39e-01  9.18e-01  4.43e+05	11.6261 87.4237 0.2417	
9.566198 292.878725	5.08e-01  7.08e-01  4.91e+05	6.7489 63.5024 0.2260	
9.566198 292.878725	6.13e-01  7.94e-01  4.52e+05	49.9993 67.6521 0.5068	
9.566198 292.878725	5.68e-01  6.76e-01  4.85e+05	19.0065 64.7265 0.5996	
9.566198 292.878725	6.71e-01  8.43e-01  4.33e+05	-5.7561 92.2743 0.3112	
9.566198 292.878725	5.30e-01  9.84e-01  4.33e+05	19.4141 90.3526 0.6897	
9.566198 292.878725	4.53e-01  7.31e-01  4.98e+05	22.6547 54.9489 0.7733	
9.566198 292.878725	5.07e-01  8.49e-01  4.62e+05	-42.7425 67.0426 0.3839	
9.566198 292.878725	7.60e-01  8.54e-01  4.16e+05	-8.9798 98.6791 0.5046	
9.566198 292.878725	5.24e-01  8.52e-01  4.58e+05	-26.7549 76.8092 0.4010	
9.566198 292.878725	6.29e-01  7.40e-01  4.59e+05	-22.0908 77.6472 0.7712	
9.566198 292.878725	5.52e-01  6.78e-01  4.88e+05	-27.8276 59.5924 0.8065	
9.566198 292.878725	6.15e-01  7.43e-01  4.61e+05	-33.7563 72.1774 0.0971	
9.566198 292.878725	6.65e-01  7.97e-01  4.42e+05	-1.3548 88.5459 0.5824	
9.566198 292.878725	3.74e-01  8.14e-01  4.97e+05	21.9424 55.7341 0.7399	
9.566198 292.878725	7.28e-01  9.32e-01  4.09e+05	25.6760 98.5917 0.2740	
9.566198 292.878725	5.35e-01  6.85e-01  4.90e+05	17.7809 61.9472 0.0034	
9.566198 292.878725	5.79e-01  8.74e-01  4.43e+05	-23.3838 84.7721 0.6236	
9.566198 292.878725	5.55e-01  8.06e-01  4.61e+05	17.5565 77.9719 0.0612	
9.566198 292.878725	5.86e-01  9.06e-01  4.36e+05	18.4791 88.9916 0.9304	
9.566198 292.878725	5.44e-01  9.87e-01  4.30e+05	-2.7092 93.6413 0.6722	
9.566198 292.878725	5.34e-01  6.68e-01  4.94e+05	-10.2853 61.0467 0.6915	
9.566198 292.878725	5.82e-01  8.32e-01  4.51e+05	-6.1252 84.4039 0.8102	
9.566198 292.878725	7.03e-01  8.53e-01  4.26e+05	35.9763 88.3098 0.6115	
9.566198 292.878725	5.17e-01  8.72e-01  4.55e+05	-0.1759 82.5073 0.7838	
9.566198 292.878725	5.94e-01  6.95e-01  4.75e+05	-20.8018 69.6514 0.4460	
9.566198 292.878725	6.57e-01  7.75e-01  4.47e+05	40.3436 76.1930 0.5624	
9.566198 292.878725	4.82e-01  7.21e-01  4.94e+05	-30.9300 53.8069 0.9994	
9.566198 292.878725	7.08e-01  8.84e-01  4.20e+05	41.1427 88.6303 0.1340	
9.566198 292.878725	4.66e-01  8.10e-01  4.78e+05	-14.4290 69.7266 0.7300	
9.566198 292.878725	4.87e-01  8.63e-01  4.63e+05	38.8111 68.7427 0.1053	
9.566198 292.878725	6.90e-01  9.13e-01  4.18e+05	-42.5880 88.7029 0.6927	
9.566198 292.878725	4.71e-01  9.64e-01  4.46e+05	-43.9085 74.5221 0.1814	
9.566198 292.878725	5.84e-01  7.01e-01  4.76e+05	34.4142 63.4628 0.9044	
9.566198 292.878725	5.45e-01  9.38e-01  4.38e+05	44.1410 78.6256 0.3004	
9.566198 292.878725	7.26e-01  8.08e-01  4.29e+05	29.5288 89.0677 0.1911	
9.566198 292.878725	7.69e-01  7.95e-01  4.24e+05	23.5323 93.0200 0.8095	
9.566198 292.878725	5.40e-01  7.59e-01  4.73e+05	41.8446 60.7932 0.7306	
9.566198 292.878725	6.29e-01  8.82e-01  4.33e+05	11.3214 91.5252 0.9803	
9.566198 292.878725	6.07e-01  7.03e-01  4.71e+05	12.7496 73.8481 0.0252	
9.566198 292.878725	5.84e-01  8.52e-01  4.46e+05	34.2428 79.4388 0.6020	
9.566198 292.878725	8.02e-01  9.63e-01  3.93e+05	14.9424 106.5159 0.3316	
9.566198 292.878725	6.12e-01  8.87e-01  4.35e+05	-20.7873 89.0153 0.8217	
9.566198 292.878725	7.09e-01  8.83e-01  4.20e+05	25.1574 94.4542 0.9305	
9.566198 292.878725	5.12e-01  7.47e-01  4.81e+05	30.6577 62.0566 0.5540	
9.566198 292.878725	5.47e-01  7.65e-01  4.70e+05	4.4612 74.9790 0.2808	
9.566198 292.878725	6.14e-01  8.95e-01  4.33e+05	26.3477 88.2661 0.2763	
9.566198 292.878725	6.24e-01  7.86e-01  4.51e+05	45.2485 71.1854 0.9352	
9.566198 292.878725	4.34e-01  8.11e-01  4.84e+05	4.2959 67.4501 0.4570	
9.566198 292.878725	5.52e-01  7.57e-01  4.71e+05	2.7354 74.7398 0.6920	
9.566198 292.878725	6.26e-01  8.53e-01  4.39e+05	20.0394 87.6559 0.8930	
9.566198 292.878725	3.80e-01  8.31e-01  4.92e+05	15.5672 61.2329 0.7787	
9.566198 292.878725	4.65e-01  8.06e-01  4.79e+05	29.4470 64.2818 0.7511	
9.566198 292.878725	5.71e-01  6.83e-01  4.82e+05	-19.7796 65.8047 0.2179	
9.566198 292.878725	5.32e-01  8.23e-01  4.62e+05	2.5235 79.3646 0.8297	
9.566198 292.878725	5.01e-01  8.22e-01  4.68e+05	34.2781 68.1564 0.5319	
9.566198 292.878725	5.72e-01  6.98e-01  4.79e+05	1.1260 70.5211 0.3813	
9.566198 292.878725	4.95e-01  6.62e-01  5.04e+05	-25.9785 48.8154 0.2856	
9.566198 292.878725	6.36e-01  8.76e-01  4.33e+05	34.2538 85.7676 0.9599	
9.566198 292.878725	4.68e-01  7.32e-01  4.94e+05	-5.5184 61.3425 0.3439	
9.566198 292.878725	5.27e-01  7.89e-01  4.70e+05	-24.1834 71.5321 0.6189	
9.566198 292.878725	5.47e-01  8.07e-01  4.62e+05	9.0162 78.7390 0.8614	
9.566198 292.878725	4.89e-01  6.89e-01  4.99e+05	-17.2203 55.9202 0.8833	
9.566198 292.878725	6.25e-01  8.71e-01  4.36e+05	15.5169 89.7947 0.8642	
9.566198 292.878725	5.41e-01  7.42e-01  4.76e+05	-21.9317 68.5577 0.6393	
9.566198 292.878725	5.34e-01  7.86e-01  4.69e+05	-31.3542 69.2772 0.1562	
9.566198 292.878725	7.22e-01  8.44e-01  4.24e+05	26.8785 92.2043 0.4342	
9.566198 292.878725	4.37e-01  8.03e-01  4.86e+05	10.9971 65.9542 0.5604	
9.566198 292.878725	4.37e-01  7.92e-01  4.88e+05	-38.4884 53.0766 0.8011	
9.566198 292.878725	7.02e-01  8.81e-01  4.21e+05	-14.0155 96.1178 0.5970	
9.566198 292.878725	4.65e-01  7.60e-01  4.89e+05	-11.9138 63.9714 0.4174	
9.566198 292.878725	5.59e-01  9.04e-01  4.41e+05	-15.2029 87.3842 0.8262	
9.566198 292.878725	7.07e-01  9.49e-01  4.09e+05	-7.9810 101.3218 0.3553	
9.566198 292.878725	5.76e-01  6.34e-01  4.92e+05	-34.3095 52.8189 0.7275	
9.566198 292.878725	5.87e-01  6.39e-01  4.88e+05	-3.5374 65.1334 0.5202	
9.566198 292.878725	6.87e-01  8.76e-01  4.24e+05	-64.8847 70.5783 0.5780	
9.566198 292.878725	6.22e-01  7.82e-01  4.52e+05	10.7073 83.1235 0.6380	
9.566198 292.878725	5.52e-01  8.80e-01  4.47e+05	-12.1389 85.3450 0.7771	
9.566198 292.878725	8.32e-01  9.25e-01  3.95e+05	-42.3815 98.3878 0.7057	
9.566198 292.878725	5.86e-01  9.04e-01  4.37e+05	21.7554 88.0381 0.6654	
9.566198 292.878725	6.13e-01  7.32e-01  4.64e+05	10.2365 77.8100 0.5939	
9.566198 292.878725	5.35e-01  9.38e-01  4.40e+05	15.7150 88.0813 0.1422	
9.566198 292.878725	5.00e-01  8.32e-01  4.66e+05	-9.9982 76.5657 0.4490	
9.566198 292.878725	5.71e-01  8.32e-01  4.53e+05	-29.9424 78.2389 0.6507	
9.566198 292.878725	6.17e-01  7.66e-01  4.56e+05	6.1326 81.7940 0.3446	
9.566198 292.878725	5.60e-01  8.30e-01  4.55e+05	1.7017 82.6462 0.7222	
9.566198 292.878725	5.37e-01  7.95e-01  4.66e+05	10.7996 76.4016 0.5239	
9.566198 292.878725	5.85e-01  8.06e-01  4.55e+05	-8.3199 82.2348 0.8565	
9.566198 292.878725	6.31e-01  7.31e-01  4.60e+05	-4.6762 79.9689 0.4998	
9.566198 292.878725	6.56e-01  9.17e-01  4.23e+05	-24.9990 93.2283 0.4546	
9.566198 292.878725	5.63e-01  7.86e-01  4.63e+05	40.4494 67.6495 0.6427	
9.566198 292.878725	6.57e-01  8.55e-01  4.33e+05	25.3828 88.7990 0.4547	
9.566198 292.878725	5.53e-01  6.42e-01  4.95e+05	7.2337 60.5580 0.1178	
9.566198 292.878725	4.23e-01  9.00e-01  4.68e+05	27.3712 71.0942 0.4527	
9.566198 292.878725	8.60e-01  9.65e-01  3.85e+05	-13.7770 109.6788 0.4127	
9.566198 292.878725	4.22e-01  6.89e-01  5.15e+05	4.5707 46.7633 0.0570	
9.566198 292.878725	6.59e-01  6.94e-01  4.62e+05	13.3417 78.0652 0.0084	
9.566198 292.878725	6.24e-01  7.47e-01  4.59e+05	12.1314 80.0049 0.3297	
9.566198 292.878725	4.86e-01  7.28e-01  4.91e+05	-21.8243 59.7951 0.5852	
9.566198 292.878725	7.16e-01  8.66e-01  4.21e+05	23.5002 94.1657 0.8520	
9.566198 292.878725	6.03e-01  7.38e-01  4.65e+05	27.7602 72.9463 0.0813	
9.566198 292.878725	6.14e-01  8.77e-01  4.37e+05	14.6902 89.6104 0.6286	
9.566198 292.878725	7.44e-01  8.87e-01  4.13e+05	56.0980 82.9465 0.3548	
9.566198 292.878725	6.39e-01  7.13e-01  4.62e+05	15.4366 77.5779 0.8024	
9.566198 292.878725	7.43e-01  9.62e-01  4.02e+05	55.0373 88.7038 0.9805	
9.566198 292.878725	4.68e-01  8.74e-01  4.64e+05	0.9210 78.1895 0.2496	
9.566198 292.878725	6.54e-01  7.00e-01  4.62e+05	-3.8255 79.2167 0.3136	
9.566198 292.878725	5.62e-01  7.64e-01  4.67e+05	-10.3821 75.9065 0.2815	
9.566198 292.878725	7.50e-01  9.65e-01  4.01e+05	-4.9562 104.8226 0.0448	
9.566198 292.878725	5.05e-01  8.95e-01  4.53e+05	43.5613 71.1634 0.6694	
9.566198 292.878725	6.96e-01  7.75e-01  4.40e+05	16.0059 87.8908 0.7603	
9.566198 292.878725	5.37e-01  9.06e-01  4.45e+05	27.8933 82.5223 0.7272	
9.566198 292.878725	6.86e-01  8.69e-01  4.26e+05	46.9378 82.9418 0.4053	
9.566198 292.878725	5.06e-01  7.29e-01  4.87e+05	15.3041 64.4384 0.4911	
9.566198 292.878725	7.07e-01  8.63e-01  4.23e+05	-39.6937 87.7080 0.0664	
9.566198 292.878725	7.81e-01  8.36e-01  4.16e+05	-56.3394 81.7416 0.0224	
9.566198 292.878725	4.17e-01  9.25e-01  4.64e+05	-0.7717 78.1247 0.2968	
9.566198 292.878725	5.70e-01  8.94e-01  4.41e+05	15.0423 87.5096 0.4063	
9.566198 292.878725	6.37e-01  6.77e-01  4.70e+05	8.7059 74.8087 0.0369	
9.566198 292.878725	6.39e-01  8.43e-01  4.38e+05	35.5884 82.7955 0.1742	
9.566198 292.878725	6.23e-01  9.31e-01  4.26e+05	-14.8765 94.0853 0.0942	
9.566198 292.878725	6.98e-01  9.31e-01  4.14e+05	47.1923 88.1630 0.9759	
9.566198 292.878725	6.06e-01  8.72e-01  4.39e+05	4.4903 89.6652 0.3610	
9.566198 292.878725	6.73e-01  7.77e-01  4.44e+05	27.7874 83.0736 0.5108	
9.566198 292.878725	6.01e-01  7.83e-01  4.56e+05	-37.3816 73.0594 0.6452	
9.566198 292.878725	5.59e-01  8.54e-01  4.51e+05	53.9491 65.1135 0.9452	
9.566198 292.878725	4.07e-01  8.27e-01  4.87e+05	-33.8833 56.9613 0.4651	
9.566198 292.878725	6.53e-01  7.00e-01  4.62e+05	19.5345 76.7675 0.2013	
9.566198 292.878725	5.74e-01  8.02e-01  4.58e+05	-4.6216 81.2389 0.5663	
9.566198 292.878725	7.59e-01  8.51e-01  4.17e+05	-36.0864 92.0686 0.6010	
9.566198 292.878725	5.02e-01  9.35e-01  4.46e+05	-22.3740 83.6436 0.2226	
9.566198 292.878725	4.88e-01  8.05e-01  4.74e+05	-13.6019 71.7822 0.2969	
9.566198 292.878725	7.53e-01  8.70e-01  4.15e+05	-12.9344 98.8113 0.0281	
9.566198 292.878725	5.70e-01  6.82e-01  4.83e+05	0.1937 68.4261 0.7527	
9.566198 292.878725	6.27e-01  7.99e-01  4.48e+05	-30.6110 80.0423 0.6134	
9.566198 292.878725	5.91e-01  8.41e-01  4.47e+05	3.3575 86.1265 0.3446	
9.566198 292.878725	5.58e-01  8.59e-01  4.50e+05	1.8249 84.9360 0.9882	
9.566198 292.878725	6.49e-01  8.48e-01  4.36e+05	36.1456 83.7831 0.9651	
9.566198 292.878725	5.47e-01  7.40e-01  4.76e+05	18.9123 69.9113 0.3175	
9.566198 292.878725	6.09e-01  7.99e-01  4.52e+05	5.4034 84.0401 0.2067	
9.566198 292.878725	4.98e-01  9.39e-01  4.46e+05	-2.8469 86.5319 0.1010	
9.566198 292.878725	5.91e-01  9.00e-01  4.37e+05	1.8934 90.7926 0.3131	
9.566198 292.878725	6.14e-01  9.62e-01  4.22e+05	52.0569 81.4850 0.9343	
9.566198 292.878725	6.31e-01  9.32e-01  4.24e+05	5.8210 95.6976 0.3605	
9.566198 292.878725	5.10e-01  8.65e-01  4.58e+05	12.4288 80.3109 0.6883	
9.566198 292.878725	6.56e-01  7.18e-01  4.58e+05	-14.3143 79.8924 0.8859	
9.566198 292.878725	5.58e-01  7.37e-01  4.74e+05	-3.3251 73.3242 0.5924	
9.566198 292.878725	5.74e-01  7.80e-01  4.62e+05	-51.0930 60.6233 0.1901	
9.566198 292.878725	4.99e-01  9.58e-01  4.43e+05	-7.6839 87.8305 0.0256	
9.566198 292.878725	3.89e-01  8.01e-01  4.96e+05	22.0295 56.1258 0.8271	
9.566198 292.878725	6.79e-01  7.75e-01  4.43e+05	14.4632 86.7270 0.0496	
9.566198 292.878725	4.45e-01  8.80e-01  4.68e+05	-7.9185 76.1092 0.5911	
9.566198 292.878725	5.57e-01  8.64e-01  4.49e+05	-40.8268 74.8419 0.2906	
9.566198 292.878725	7.07e-01  9.13e-01  4.15e+05	16.4423 98.0970 0.7409	
9.566198 292.878725	6.81e-01  8.33e-01  4.32e+05	1.4847 92.4970 0.1263	
9.566198 292.878725	4.42e-01  8.78e-01  4.69e+05	-22.9873 72.4246 0.6275	
9.566198 292.878725	5.90e-01  6.51e-01  4.85e+05	-13.5099 65.6735 0.5183	
9.566198 292.878725	6.88e-01  9.22e-01  4.17e+05	-37.2001 91.5681 0.8938	
9.566198 292.878725	5.25e-01  7.49e-01  4.78e+05	-9.2637 70.3348 0.4794	
9.566198 292.878725	7.29e-01  9.38e-01  4.08e+05	-2.0360 102.2873 0.3992	
9.566198 292.878725	4.93e-01  8.64e-01  4.62e+05	-17.6264 77.5538 0.5036	
9.566198 292.878725	5.12e-01  9.31e-01  4.45e+05	-10.8229 86.4179 0.2188	
9.566198 292.878725	7.10e-01  8.44e-01  4.26e+05	30.4989 90.1901 0.1656	
9.566198 292.878725	4.50e-01  7.66e-01  4.91e+05	-2.3986 63.8032 0.2089	
9.566198 292.878725	6.42e-01  8.76e-01  4.32e+05	-50.5295 77.8200 0.8034	
9.566198 292.878725	5.47e-01  8.42e-01  4.55e+05	21.9097 79.5771 0.5283	
9.566198 292.878725	5.69e-01  9.17e-01  4.37e+05	4.3641 90.3276 0.7002	
9.566198 292.878725	6.49e-01  8.48e-01  4.36e+05	35.1675 84.1880 0.7566	
9.566198 292.878725	5.56e-01  8.19e-01  4.58e+05	-18.2455 79.2372 0.2887	
9.566198 292.878725	6.70e-01  8.90e-01  4.25e+05	3.1271 95.5886 0.1377	
9.566198 292.878725	7.18e-01  8.38e-01  4.25e+05	33.7923 89.2058 0.3894	
9.566198 292.878725	7.30e-01  8.86e-01  4.16e+05	-15.1220 98.0793 0.4696	
9.566198 292.878725	5.71e-01  6.45e-01  4.91e+05	1.0160 63.8283 0.2179	
9.566198 292.878725	3.93e-01  8.57e-01  4.83e+05	-13.2903 66.8019 0.7845	
9.566198 292.878725	4.95e-01  8.27e-01  4.68e+05	26.8298 71.3197 0.9935	
9.566198 292.878725	6.31e-01  7.03e-01  4.66e+05	9.3406 76.8749 0.6796	
9.566198 292.878725	5.36e-01  8.30e-01  4.60e+05	-10.0147 79.7490 0.2770	
9.566198 292.878725	3.74e-01  9.03e-01  4.78e+05	24.1204 67.0440 0.1456	
9.566198 292.878725	6.02e-01  8.53e-01  4.43e+05	-5.7135 87.8635 0.6490	
9.566198 292.878725	5.38e-01  7.66e-01  4.72e+05	-1.4141 74.2304 0.9981	
9.566198 292.878725	4.36e-01  8.12e-01  4.84e+05	27.6130 62.0330 0.5688	
9.566198 292.878725	6.75e-01  8.27e-01  4.35e+05	-15.8670 90.2550 0.4361	
9.566198 292.878725	3.68e-01  7.28e-01  5.19e+05	27.2426 34.2535 0.2956	
9.566198 292.878725	5.02e-01  7.98e-01  4.73e+05	19.2609 71.2286 0.4500	
9.566198 292.878725	8.64e-01  9.89e-01  3.81e+05	13.7989 110.9879 0.2829	
9.566198 292.878725	4.34e-01  7.78e-01  4.92e+05	-22.7794 59.0449 0.3710	
9.566198 292.878725	6.75e-01  8.14e-01  4.37e+05	14.5568 89.5026 0.7874	
9.566198 292.878725	5.29e-01  9.36e-01  4.41e+05	-14.7554 87.5458 0.7883	
9.566198 292.878725	5.84e-01  8.42e-01  4.48e+05	-33.0605 79.0417 0.7763	
9.566198 292.878725	5.42e-01  7.64e-01  4.72e+05	-17.6272 72.3801 0.8075	
9.566198 292.878725	4.38e-01  7.71e-01  4.92e+05	13.5108 61.4155 0.7111	
9.566198 292.878725	5.85e-01  6.96e-01  4.77e+05	-5.1026 71.5851 0.5197	
9.566198 292.878725	6.28e-01  8.19e-01  4.44e+05	40.7626 77.3620 0.2090	
9.566198 292.878725	5.45e-01  8.22e-01  4.59e+05	-16.9874 78.7326 0.9025	
9.566198 292.878725	6.31e-01  8.07e-01  4.46e+05	4.2883 86.6131 0.0924	
9.566198 292.878725	5.45e-01  6.72e-01  4.91e+05	28.3886 57.2815 0.7424	
9.566198 292.878725	5.22e-01  9.28e-01  4.44e+05	30.2618 82.2342 0.1874	
9.566198 292.878725	6.17e-01  8.82e-01  4.35e+05	0.3581 91.4204 0.8114	
9.566198 292.878725	6.51e-01  8.97e-01  4.27e+05	31.3211 89.4831 0.8601	
9.566198 292.878725	4.82e-01  9.32e-01  4.51e+05	7.4974 84.3526 0.0420	
9.566198 292.878725	5.75e-01  7.96e-01  4.59e+05	-3.4177 80.8460 0.2294	
9.566198 292.878725	6.19e-01  8.19e-01  4.46e+05	3.9953 86.5967 0.5525	
9.566198 292.878725	4.34e-01  7.96e-01  4.88e+05	0.2755 65.6663 0.6527	
9.566198 292.878725	6.48e-01  8.37e-01  4.38e+05	17.9682 88.5035 0.9242	
9.566198 292.878725	5.83e-01  8.70e-01  4.43e+05	-43.6474 76.2997 0.3014	
9.566198 292.878725	4.40e-01  6.75e-01  5.14e+05	-6.1184 47.2302 0.8509	
9.566198 292.878725	6.97e-01  8.61e-01  4.25e+05	-22.7305 92.7679 0.3626	
9.566198 292.878725	5.67e-01  7.98e-01  4.60e+05	-31.2497 74.0375 0.3593	
9.566198 292.878725	5.29e-01  8.95e-01  4.49e+05	-3.6698 85.4530 0.1212	
9.566198 292.878725	7.25e-01  8.23e-01  4.27e+05	35.3472 88.0086 0.3267	
9.566198 292.878725	5.26e-01  7.91e-01  4.69e+05	-31.0845 68.9839 0.2156	
9.566198 292.878725	7.64e-01  8.99e-01  4.08e+05	12.0288 101.3246 0.1231	
9.566198 292.878725	6.65e-01  8.27e-01  4.36e+05	-44.4616 79.2562 0.0336	
9.566198 292.878725	3.96e-01  8.66e-01  4.81e+05	10.1389 68.8776 0.9968	
9.566198 292.878725	6.76e-01  8.33e-01  4.33e+05	2.4255 92.0722 0.2562	
9.566198 292.878725	6.20e-01  7.87e-01  4.52e+05	-33.7586 77.0061 0.1126	
9.566198 292.878725	7.74e-01  8.93e-01  4.08e+05	5.4765 102.1326 0.6792	
9.566198 292.878725	3.90e-01  9.54e-01  4.64e+05	32.3209 71.3981 0.4403	
9.566198 292.878725	6.18e-01  7.09e-01  4.67e+05	9.1103 76.1187 0.4748	
9.566198 292.878725	6.36e-01  9.40e-01  4.22e+05	-43.2246 86.5237 0.9020	
9.566198 292.878725	5.37e-01  8.68e-01  4.52e+05	10.3226 83.2276 0.5362	
9.566198 292.878725	5.03e-01  6.89e-01  4.96e+05	1.4537 60.6377 0.2544	
9.566198 292.878725	4.56e-01  9.43e-01  4.53e+05	-64.4614 52.9769 0.7583	
9.566198 292.878725	5.07e-01  6.82e-01  4.97e+05	-15.2484 58.1345 0.5371	
9.566198 292.878725	6.48e-01  7.66e-01  4.51e+05	-42.4181 73.2808 0.5139	
9.566198 292.878725	5.37e-01  7.90e-01  4.67e+05	-25.9557 72.1695 0.0997	
9.566198 292.878725	4.68e-01  8.87e-01  4.62e+05	45.7249 64.9475 0.0201	
9.566198 292.878725	5.14e-01  8.02e-01  4.70e+05	-59.9344 46.0261 0.9440	
9.566198 292.878725	5.47e-01  8.15e-01  4.60e+05	34.8225 72.1175 0.8424	
9.566198 292.878725	4.85e-01  7.30e-01  4.91e+05	-35.8071 52.8087 0.1262	
9.566198 292.878725	4.93e-01  8.10e-01  4.72e+05	13.9254 72.8196 0.1986	
9.566198 292.878725	6.72e-01  8.13e-01  4.38e+05	-6.5690 90.0691 0.8830	
9.566198 292.878725	6.07e-01  9.22e-01  4.30e+05	11.1465 92.8719 0.9217	
9.566198 292.878725	5.13e-01  8.70e-01  4.56e+05	-16.8434 80.2661 0.6204	
9.566198 292.878725	5.21e-01  8.04e-01  4.68e+05	-8.7069 75.9118 0.7082	
9.566198 292.878725	4.61e-01  7.26e-01  4.97e+05	2.6694 59.8523 0.0593	
9.566198 292.878725	5.18e-01  8.02e-01  4.69e+05	26.4775 71.2163 0.7624	
9.566198 292.878725	6.13e-01  8.04e-01  4.50e+05	14.3387 83.7435 0.3274	
9.566198 292.878725	5.79e-01  7.66e-01  4.64e+05	6.4251 78.1745 0.8257	
9.566198 292.878725	7.21e-01  7.92e-01  4.33e+05	-18.0183 90.6363 0.1047	
9.566198 292.878725	6.08e-01  7.43e-01  4.63e+05	-6.4687 78.7504 0.4508	
9.566198 292.878725	4.20e-01  8.94e-01  4.70e+05	16.3812 73.5185 0.7538	
9.566198 292.878725	5.79e-01  7.79e-01  4.61e+05	-1.0230 79.6502 0.6114	
9.566198 292.878725	4.11e-01  8.45e-01  4.82e+05	0.6383 68.8818 0.0300	
9.566198 292.878725	6.12e-01  9.25e-01  4.29e+05	24.8286 90.7683 0.7515	
9.566198 292.878725	6.97e-01  7.90e-01  4.37e+05	18.1082 88.7089 0.5636	
9.566198 292.878725	6.98e-01  8.63e-01  4.25e+05	30.1214 90.8947 0.8110	
9.566198 292.878725	6.16e-01  8.63e-01  4.39e+05	-0.1562 89.9090 0.6081	
9.566198 292.878725	7.35e-01  8.04e-01  4.28e+05	26.3351 90.4498 0.3181	
9.566198 292.878725	6.01e-01  8.85e-01  4.37e+05	34.7837 83.5205 0.6440	
9.566198 292.878725	7.05e-01  8.52e-01  4.25e+05	-14.5216 94.3247 0.9682	
9.566198 292.878725	5.70e-01  8.42e-01  4.51e+05	16.5436 82.9168 0.6062	
9.566198 292.878725	4.43e-01  8.58e-01  4.73e+05	-0.0589 73.9214 0.0308	
9.566198 292.878725	5.21e-01  8.68e-01  4.55e+05	-11.0231 81.7343 0.4854	
9.566198 292.878725	6.53e-01  7.63e-01  4.50e+05	-34.3613 77.5913 0.8538	
9.566198 292.878725	7.06e-01  8.49e-01  4.26e+05	50.8125 80.6001 0.2560	
9.566198 292.878725	6.50e-01  9.32e-01  4.21e+05	26.4780 93.4298 0.7320	
9.566198 292.878725	3.90e-01  9.35e-01  4.68e+05	29.8232 70.4101 0.4112	
9.566198 292.878725	7.43e-01  8.26e-01  4.23e+05	2.7158 96.2151 0.9847	
9.566198 292.878725	5.59e-01  8.01e-01  4.61e+05	-10.4895 79.1967 0.6612	
9.566198 292.878725	3.85e-01  6.91e-01  5.24e+05	-18.9296 34.2556 0.0450	
9.566198 292.878725	5.54e-01  9.46e-01  4.35e+05	-9.3457 90.9249 0.1005	
9.566198 292.878725	4.53e-01  8.33e-01  4.76e+05	7.0642 71.9477 0.5584	
9.566198 292.878725	6.24e-01  7.68e-01  4.55e+05	-3.2830 82.6771 0.5203	
9.566198 292.878725	6.00e-01  8.67e-01  4.41e+05	19.8184 86.7802 0.8593	
9.566198 292.878725	5.63e-01  7.97e-01  4.61e+05	15.3859 78.3766 0.7034	
9.566198 292.878725	4.71e-01  8.75e-01  4.64e+05	-19.9489 75.9207 0.0878	
9.566198 292.878725	4.51e-01  7.37e-01  4.97e+05	-13.0009 58.4966 0.0197	
9.566198 292.878725	5.02e-01  8.46e-01  4.63e+05	27.0845 73.8418 0.2568	
9.566198 292.878725	5.98e-01  7.31e-01  4.67e+05	20.3868 74.0953 0.7595	
9.566198 292.878725	5.66e-01  8.81e-01  4.44e+05	0.5940 87.4269 0.5153	
9.566198 292.878725	6.66e-01  8.10e-01  4.39e+05	22.1822 86.8798 0.6747	
9.566198 292.878725	4.06e-01  8.56e-01  4.81e+05	2.0241 69.6519 0.5635	
9.566198 292.878725	5.94e-01  8.92e-01  4.37e+05	-42.0715 80.0771 0.4961	
9.566198 292.878725	4.44e-01  8.44e-01  4.75e+05	7.0561 72.1984 0.8289	
9.566198 292.878725	6.10e-01  8.03e-01  4.51e+05	55.8144 63.5849 0.8158	
9.566198 292.878725	5.10e-01  8.20e-01  4.67e+05	-4.5054 76.8558 0.9917	
9.566198 292.878725	7.50e-01  9.58e-01  4.02e+05	-32.5517 99.3488 0.6636	
9.566198 292.878725	4.81e-01  7.26e-01  4.93e+05	-3.3235 62.6032 0.7758	
9.566198 292.878725	7.08e-01  9.22e-01  4.14e+05	4.1419 100.0039 0.9508	
9.566198 292.878725	4.85e-01  7.36e-01  4.90e+05	2.7680 64.3573 0.3593	
9.566198 292.878725	6.49e-01  8.84e-01  4.29e+05	18.4990 91.9609 0.1277	
9.566198 292.878725	7.73e-01  9.21e-01  4.04e+05	-13.9069 102.8664 0.4083	
9.566198 292.878725	6.46e-01  9.11e-01  4.25e+05	57.8116 75.9497 0.7277	
9.566198 292.878725	5.41e-01  6.19e-01  5.03e+05	0.9408 55.7179 0.8189	
9.566198 292.878725	5.33e-01  9.00e-01  4.47e+05	15.2651 84.9311 0.4299	
9.566198 292.878725	5.79e-01  8.73e-01  4.44e+05	13.1976 86.7807 0.6729	
9.566198 292.878725	5.13e-01  7.36e-01  4.83e+05	-1.7708 68.0805 0.6108	
9.566198 292.878725	5.40e-01  8.85e-01  4.49e+05	5.8951 85.3444 0.1460	
9.566198 292.878725	5.38e-01  6.73e-01  4.92e+05	-20.4974 59.8575 0.9660	
9.566198 292.878725	6.86e-01  7.31e-01  4.50e+05	10.2287 84.3175 0.9856	
9.566198 292.878725	6.02e-01  6.70e-01  4.79e+05	19.6952 67.9816 0.7317	
9.566198 292.878725	3.60e-01  7.65e-01  5.12e+05	16.3052 46.7564 0.3257	
9.566198 292.878725	4.04e-01  7.37e-01  5.08e+05	23.0284 47.2179 0.9895	
9.566198 292.878725	5.10e-01  7.85e-01  4.74e+05	20.3182 70.4471 0.8929	
9.566198 292.878725	7.83e-01  8.22e-01  4.18e+05	10.6865 97.9587 0.9782	
9.566198 292.878725	4.71e-01  6.97e-01  5.02e+05	3.2859 56.8033 0.7151	
9.566198 292.878725	5.83e-01  6.48e-01  4.88e+05	-7.5771 65.2838 0.4686	
9.566198 292.878725	5.93e-01  6.59e-01  4.83e+05	-25.4505 63.4902 0.2560	
9.566198 292.878725	5.48e-01  7.91e-01  4.65e+05	19.6810 75.3111 0.9470	
9.566198 292.878725	6.29e-01  8.30e-01  4.42e+05	43.0875 77.1448 0.9338	
9.566198 292.878725	6.43e-01  8.60e-01  4.35e+05	-24.6893 88.2481 0.8101	
9.566198 292.878725	6.33e-01  9.01e-01  4.29e+05	-17.3356 92.3015 0.1753	
9.566198 292.878725	4.48e-01  8.23e-01  4.79e+05	10.6023 69.8627 0.1794	
9.566198 292.878725	5.69e-01  7.62e-01  4.67e+05	-13.2487 75.8826 0.8232	
9.566198 292.878725	6.71e-01  9.44e-01  4.16e+05	-45.1591 88.2792 0.0210	
9.566198 292.878725	3.31e-01  8.20e-01  5.05e+05	-4.8451 54.0853 0.3581	
9.566198 292.878725	4.71e-01  8.48e-01  4.69e+05	-7.7436 75.4364 0.7940	
9.566198 292.878725	5.86e-01  6.99e-01  4.76e+05	9.6080 71.5172 0.5226	
9.566198 292.878725	6.98e-01  8.89e-01  4.20e+05	-22.9218 94.6761 0.6144	
9.566198 292.878725	6.53e-01  7.15e-01  4.59e+05	-24.1368 76.9420 0.7974	
9.566198 292.878725	6.61e-01  7.57e-01  4.50e+05	16.6102 83.3536 0.9568	
9.566198 292.878725	3.87e-01  9.47e-01  4.66e+05	-28.1631 72.0930 0.6741	
9.566198 292.878725	5.66e-01  8.47e-01  4.51e+05	-48.5388 69.2879 0.3257	
9.566198 292.878725	5.86e-01  6.84e-01  4.79e+05	26.0640 65.5251 0.4048	
9.566198 292.878725	6.12e-01  8.25e-01  4.46e+05	-11.8506 85.7494 0.7403	
9.566198 292.878725	7.52e-01  9.07e-01  4.09e+05	-12.9776 100.9822 0.3294	
9.566198 292.878725	5.74e-01  9.02e-01  4.39e+05	15.0956 88.4120 0.3447	
9.566198 292.878725	6.52e-01  7.55e-01  4.52e+05	-48.7350 68.6220 0.8187	
9.566198 292.878725	4.65e-01  7.33e-01  4.95e+05	-2.8179 61.3104 0.7696	
9.566198 292.878725	5.73e-01  7.49e-01  4.68e+05	-11.6579 75.2549 0.4785	
9.566198 292.878725	4.24e-01  8.90e-01  4.70e+05	3.2210 75.3073 0.8567	
9.566198 292.878725	7.60e-01  8.58e-01  4.15e+05	-22.1981 96.8666 0.2880	
9.566198 292.878725	6.93e-01  8.03e-01  4.36e+05	-21.9175 88.5061 0.5688	
9.566198 292.878725	6.34e-01  7.78e-01  4.51e+05	49.0189 68.8824 0.0910	
9.566198 292.878725	5.52e-01  7.37e-01  4.75e+05	23.0472 68.9206 0.1437	
9.566198 292.878725	5.65e-01  9.66e-01  4.30e+05	-46.0631 81.5799 0.1134	
9.566198 292.878725	6.26e-01  8.33e-01  4.42e+05	-15.7256 86.9299 0.6763	
9.566198 292.878725	5.70e-01  7.39e-01  4.71e+05	9.2047 74.2146 0.0697	
9.566198 292.878725	7.77e-01  8.44e-01  4.15e+05	47.8002 87.3217 0.2069	
9.566198 292.878725	6.47e-01  8.71e-01  4.32e+05	-37.6558 84.7376 0.5329	
9.566198 292.878725	5.49e-01  8.19e-01  4.59e+05	34.1303 73.0488 0.3740	
9.566198 292.878725	6.83e-01  7.88e-01  4.40e+05	22.6585 86.3527 0.4415	
9.566198 292.878725	5.19e-01  8.83e-01  4.53e+05	22.0751 80.6887 0.5906	
9.566198 292.878725	5.49e-01  8.92e-01  4.45e+05	30.5496 81.4027 0.1977	
9.566198 292.878725	6.07e-01  9.52e-01  4.25e+05	-43.6718 85.0650 0.8773	
9.566198 292.878725	5.56e-01  8.58e-01  4.51e+05	35.6596 76.8085 0.2397	
9.566198 292.878725	5.70e-01  8.70e-01  4.46e+05	8.2986 86.4741 0.3538	
9.566198 292.878725	5.18e-01  8.98e-01  4.50e+05	-31.7588 78.7329 0.1010	
9.566198 292.878725	6.41e-01  8.39e-01  4.39e+05	7.3573 89.6423 0.3495	
9.566198 292.878725	4.26e-01  8.82e-01  4.71e+05	26.4640 69.8322 0.6214	
9.566198 292.878725	6.36e-01  8.68e-01  4.34e+05	-26.1916 87.8924 0.8376	
9.566198 292.878725	6.26e-01  7.77e-01  4.53e+05	2.9534 83.7207 0.7092	
9.566198 292.878725	5.11e-01  9.16e-01  4.48e+05	12.4733 84.8903 0.6208	
9.566198 292.878725	5.68e-01  9.31e-01  4.35e+05	-33.6754 84.9968 0.8262	
9.566198 292.878725	6.08e-01  7.59e-01  4.59e+05	-15.0132 79.1283 0.7518	
9.566198 292.878725	5.10e-01  8.36e-01  4.64e+05	6.8663 78.1769 0.7507	
9.566198 292.878725	6.01e-01  8.66e-01  4.41e+05	-12.6463 88.0849 0.8624	
9.566198 292.878725	6.13e-01  7.09e-01  4.68e+05	4.4718 76.0180 0.8565	
9.566198 292.878725	5.70e-01  8.24e-01  4.54e+05	3.5989 82.8269 0.7809	
9.566198 292.878725	5.77e-01  7.99e-01  4.58e+05	-16.2402 79.6943 0.7718	
9.566198 292.878725	4.74e-01  8.86e-01  4.61e+05	-14.3949 78.6315 0.5589	
9.566198 292.878725	5.64e-01  7.94e-01  4.61e+05	28.4808 74.4440 0.1086	
9.566198 292.878725	7.31e-01  9.22e-01  4.10e+05	-9.0157 101.0325 0.0365	
9.566198 292.878725	4.19e-01  8.03e-01  4.89e+05	3.9146 64.4981 0.4007	
9.566198 292.878725	3.25e-01  8.53e-01  4.99e+05	2.5469 58.4053 0.9246	
9.566198 292.878725	5.71e-01  9.06e-01  4.39e+05	-23.4613 86.5904 0.0301	
9.566198 292.878725	5.99e-01  9.37e-01  4.29e+05	-36.9306 86.5190 0.6085	
9.566198 292.878725	6.83e-01  7.87e-01  4.40e+05	20.5380 86.8260 0.0758	
9.566198 292.878725	7.59e-01  8.95e-01  4.10e+05	8.0168 101.1614 0.4487	
9.566198 292.878725	7.59e-01  8.22e-01  4.21e+05	33.5418 91.0647 0.8431	
9.566198 292.878725	7.51e-01  8.44e-01  4.19e+05	8.0490 97.5757 0.3500	
9.566198 292.878725	6.82e-01  8.11e-01  4.36e+05	-24.3807 87.6517 0.0447	
9.566198 292.878725	3.36e-01  8.03e-01  5.08e+05	6.5525 51.7169 0.1001	
9.566198 292.878725	7.62e-01  8.94e-01  4.09e+05	7.1492 101.3745 0.5780	
9.566198 292.878725	5.33e-01  9.13e-01  4.44e+05	-8.4978 86.9636 0.3824	
9.566198 292.878725	5.18e-01  8.48e-01  4.60e+05	-0.1155 80.4105 0.3002	
9.566198 292.878725	7.54e-01  9.35e-01  4.04e+05	-1.3898 103.5169 0.6783	
9.566198 292.878725	6.47e-01  9.65e-01  4.16e+05	-16.0710 97.6502 0.7438	
9.566198 292.878725	6.30e-01  8.56e-01  4.37e+05	-7.2815 90.1516 0.1764	
9.566198 292.878725	5.62e-01  6.99e-01  4.81e+05	-20.9773 66.2955 0.3975	
9.566198 292.878725	4.99e-01  6.74e-01  5.00e+05	20.8932 53.8699 0.5999	
9.566198 292.878725	4.54e-01  7.82e-01  4.86e+05	33.7392 57.2734 0.8417	
9.566198 292.878725	6.13e-01  8.33e-01  4.45e+05	37.1866 79.0504 0.2598	
9.566198 292.878725	6.27e-01  8.08e-01  4.47e+05	26.2137 82.3723 0.8658	
9.566198 292.878725	6.58e-01  9.08e-01  4.24e+05	-27.2714 92.0795 0.7906	
9.566198 292.878725	4.74e-01  7.10e-01  4.98e+05	-0.0822 59.4263 0.1693	
9.566198 292.878725	5.93e-01  8.71e-01  4.41e+05	5.1887 88.5558 0.9078	
9.566198 292.878725	6.93e-01  9.35e-01  4.14e+05	29.6232 95.4743 0.0386	
9.566198 292.878725	5.65e-01  7.50e-01  4.70e+05	-23.4992 71.7084 0.0064	
9.566198 292.878725	5.74e-01  7.39e-01  4.70e+05	-26.9399 70.3419 0.6321	
9.566198 292.878725	4.65e-01  7.95e-01  4.81e+05	-9.2639 68.6674 0.1378	
9.566198 292.878725	3.84e-01  8.58e-01  4.85e+05	-1.6910 67.0966 0.8494	
9.566198 292.878725	6.06e-01  7.20e-01  4.68e+05	-18.0252 74.4271 0.4425	
9.566198 292.878725	2.36e-01  8.71e-01  5.16e+05	21.7923 40.6176 0.2453	
9.566198 292.878725	5.75e-01  7.91e-01  4.60e+05	10.6995 79.6901 0.0837	
9.566198 292.878725	7.15e-01  7.67e-01  4.38e+05	-19.4072 88.0006 0.1118	
9.566198 292.878725	7.04e-01  8.11e-01  4.32e+05	-36.8234 84.8725 0.0163	
9.566198 292.878725	4.10e-01  8.76e-01  4.76e+05	16.9085 70.3815 0.8250	
9.566198 292.878725	5.85e-01  7.72e-01  4.61e+05	16.4142 77.9317 0.4699	
9.566198 292.878725	6.63e-01  9.16e-01  4.22e+05	-27.1262 93.0689 0.9054	
9.566198 292.878725	4.57e-01  7.60e-01  4.91e+05	-9.4212 63.1887 0.4654	
9.566198 292.878725	5.85e-01  8.18e-01  4.53e+05	-32.7105 77.1154 0.4115	
9.566198 292.878725	5.18e-01  9.23e-01  4.46e+05	-1.2930 86.8622 0.1806	
9.566198 292.878725	6.98e-01  7.50e-01  4.44e+05	3.1529 87.4665 0.9969	
9.566198 292.878725	4.90e-01  9.51e-01  4.46e+05	-4.3390 86.7888 0.7866	
9.566198 292.878725	7.68e-01  8.19e-01  4.20e+05	29.2627 92.8975 0.4997	
9.566198 292.878725	8.58e-01  9.88e-01  3.82e+05	-23.1322 109.0461 0.6419	
9.566198 292.878725	5.41e-01  8.76e-01  4.50e+05	-0.3889 84.9474 0.2786	
9.566198 292.878725	7.53e-01  9.40e-01  4.04e+05	-18.9890 102.0044 0.9102	
9.566198 292.878725	5.78e-01  6.28e-01  4.93e+05	5.3871 62.1933 0.7232	
9.566198 292.878725	7.58e-01  9.35e-01  4.04e+05	-5.5555 103.5938 0.8329	
9.566198 292.878725	6.47e-01  8.05e-01  4.44e+05	-21.7243 85.0441 0.1604	
9.566198 292.878725	7.20e-01  8.39e-01  4.25e+05	31.7202 90.1550 0.3975	
9.566198 292.878725	6.32e-01  8.78e-01  4.33e+05	-16.9968 90.5891 0.9101	
9.566198 292.878725	4.25e-01  9.21e-01  4.64e+05	3.9359 78.4346 0.1133	
9.566198 292.878725	5.38e-01  6.22e-01  5.03e+05	18.4528 52.5480 0.5884	
9.566198 292.878725	5.45e-01  8.37e-01  4.57e+05	-21.2286 79.0450 0.9103	
9.566198 292.878725	7.13e-01  8.01e-01  4.33e+05	14.1478 91.3970 0.8753	
9.566198 292.878725	6.55e-01  7.26e-01  4.57e+05	-2.4813 81.6901 0.6701	
9.566198 292.878725	6.89e-01  9.10e-01  4.18e+05	-14.4238 97.1345 0.2358	
9.566198 292.878725	7.18e-01  8.44e-01  4.24e+05	-44.2214 84.9630 0.9197	
9.566198 292.878725	6.31e-01  6.66e-01  4.73e+05	4.5281 73.4027 0.0133	
9.566198 292.878725	6.51e-01  8.51e-01  4.35e+05	-5.8093 91.3683 0.9581	
9.566198 292.878725	5.69e-01  8.35e-01  4.52e+05	22.3152 80.8249 0.2307	
9.566198 292.878725	5.76e-01  6.85e-01  4.81e+05	35.1878 59.9374 0.6755	
9.566198 292.878725	4.92e-01  8.71e-01  4.60e+05	3.5619 80.1041 0.4346	
9.566198 292.878725	5.08e-01  8.25e-01  4.66e+05	39.4887 66.4444 0.8486	
9.566198 292.878725	4.52e-01  9.11e-01  4.60e+05	43.2961 67.4578 0.1916	
9.566198 292.878725	6.21e-01  7.84e-01  4.52e+05	42.5428 72.2842 0.4011	
9.566198 292.878725	4.77e-01  8.14e-01  4.75e+05	37.5538 62.4344 0.7618	
9.566198 292.878725	6.60e-01  7.20e-01  4.57e+05	-25.7199 77.5115 0.5704	
9.566198 292.878725	4.39e-01  7.61e-01  4.94e+05	-7.0210 61.2488 0.4857	
9.566198 292.878725	6.17e-01  9.85e-01  4.18e+05	37.3093 91.0779 0.6021	
9.566198 292.878725	6.91e-01  8.96e-01  4.20e+05	-17.4514 95.8258 0.0098	
9.566198 292.878725	5.79e-01  8.34e-01  4.51e+05	-12.3996 83.6828 0.6787	
9.566198 292.878725	6.50e-01  9.08e-01  4.25e+05	37.9138 87.6886 0.1745	
9.566198 292.878725	5.07e-01  7.95e-01  4.72e+05	-23.2424 70.4016 0.1446	
9.566198 292.878725	6.29e-01  7.82e-01  4.51e+05	25.9082 80.3275 0.7171	
9.566198 292.878725	5.46e-01  6.79e-01  4.89e+05	-7.3646 64.6547 0.7964	
9.566198 292.878725	4.12e-01  8.05e-01  4.91e+05	10.5877 63.0667 0.1553	
9.566198 292.878725	6.87e-01  9.55e-01  4.12e+05	20.8341 98.6393 0.4315	
9.566198 292.878725	5.07e-01  9.11e-01  4.50e+05	7.2732 84.7319 0.1291	
9.566198 292.878725	7.40e-01  8.55e-01  4.19e+05	-59.9023 77.4371 0.5020	
9.566198 292.878725	5.02e-01  7.64e-01  4.80e+05	-20.5849 66.9338 0.5670	
9.566198 292.878725	5.43e-01  8.60e-01  4.53e+05	25.8478 79.6697 0.4326	
9.566198 292.878725	6.86e-01  8.81e-01  4.24e+05	-30.1847 91.2693 0.6888	
