9.834503 299.280988	3.59e-01  8.80e-01  4.71e+05	0.0000 65.7953 0.2477	
9.834503 299.280988	5.90e-01  7.40e-01  4.53e+05	37.8053 65.7266 0.2586	
9.834503 299.280988	5.94e-01  9.52e-01  4.14e+05	-11.4245 92.5899 0.2454	
9.834503 299.280988	6.33e-01  8.52e-01  4.25e+05	-12.9782 88.0411 0.0544	
9.834503 299.280988	5.24e-01  8.95e-01  4.36e+05	-12.8979 82.7894 0.0583	
9.834503 299.280988	6.78e-01  8.17e-01  4.23e+05	-31.1718 84.1733 0.4017	
9.834503 299.280988	5.64e-01  7.54e-01  4.55e+05	-17.1532 72.6233 0.4701	
9.834503 299.280988	4.94e-01  8.67e-01  4.47e+05	1.1124 78.7271 0.9664	
9.834503 299.280988	6.89e-01  8.83e-01  4.10e+05	9.5941 94.5230 0.0556	
9.834503 299.280988	8.53e-01  9.23e-01  3.80e+05	-26.4355 103.1888 0.7078	
9.834503 299.280988	5.19e-01  6.57e-01  4.85e+05	-12.9765 55.6629 0.9829	
9.834503 299.280988	7.00e-01  8.09e-01  4.20e+05	3.5886 90.6754 0.2967	
9.834503 299.280988	7.06e-01  8.30e-01  4.16e+05	-41.9930 82.5589 0.7657	
9.834503 299.280988	6.28e-01  8.01e-01  4.34e+05	-43.1658 72.8003 0.5831	
9.834503 299.280988	5.74e-01  6.98e-01  4.64e+05	0.6189 69.6550 0.1289	
9.834503 299.280988	4.99e-01  8.23e-01  4.54e+05	9.0984 74.4215 0.2561	
9.834503 299.280988	5.19e-01  8.51e-01  4.45e+05	-27.1306 74.7561 0.6748	
9.834503 299.280988	6.81e-01  7.50e-01  4.34e+05	-49.3241 69.0161 0.3856	
9.834503 299.280988	5.57e-01  7.00e-01  4.68e+05	8.9151 67.3242 0.2472	
9.834503 299.280988	5.26e-01  7.15e-01  4.71e+05	3.9824 65.9293 0.7906	
9.834503 299.280988	4.68e-01  7.40e-01  4.78e+05	29.0941 54.4796 0.3394	
9.834503 299.280988	5.75e-01  7.27e-01  4.58e+05	-20.6288 69.8946 0.7957	
9.834503 299.280988	4.78e-01  8.43e-01  4.55e+05	49.1858 56.4588 0.1936	
9.834503 299.280988	5.20e-01  7.87e-01  4.57e+05	-5.7867 73.2052 0.2862	
9.834503 299.280988	7.25e-01  7.58e-01  4.25e+05	-21.7095 86.1387 0.4165	
9.834503 299.280988	5.92e-01  8.14e-01  4.38e+05	-8.2367 82.3370 0.6949	
9.834503 299.280988	5.39e-01  7.53e-01  4.60e+05	-9.5114 71.2525 0.9932	
9.834503 299.280988	7.09e-01  8.46e-01  4.13e+05	-23.9925 90.7650 0.9728	
9.834503 299.280988	3.30e-01  9.25e-01  4.68e+05	-16.0338 65.7436 0.5070	
9.834503 299.280988	4.03e-01  9.66e-01  4.45e+05	-29.4597 73.8574 0.9257	
9.834503 299.280988	5.04e-01  6.87e-01  4.82e+05	34.8254 48.1837 0.1922	
9.834503 299.280988	4.95e-01  8.32e-01  4.53e+05	33.2963 67.7478 0.6832	
9.834503 299.280988	7.25e-01  9.57e-01  3.93e+05	-18.2435 99.8750 0.5874	
9.834503 299.280988	7.32e-01  8.26e-01  4.13e+05	-3.8951 93.9578 0.4819	
9.834503 299.280988	5.60e-01  8.13e-01  4.45e+05	-4.9710 79.7159 0.0081	
9.834503 299.280988	6.93e-01  9.54e-01  3.99e+05	0.5477 99.5556 0.0364	
9.834503 299.280988	4.68e-01  7.45e-01  4.77e+05	7.0779 62.0721 0.2357	
9.834503 299.280988	5.79e-01  9.47e-01  4.18e+05	-36.9329 84.1195 0.2792	
9.834503 299.280988	7.53e-01  8.26e-01  4.09e+05	-16.2292 94.0342 0.4542	
9.834503 299.280988	5.22e-01  8.96e-01  4.36e+05	2.9392 83.6667 0.7232	
9.834503 299.280988	4.19e-01  9.11e-01  4.53e+05	9.8264 75.2254 0.6230	
9.834503 299.280988	4.85e-01  6.90e-01  4.85e+05	23.2287 52.2021 0.0173	
9.834503 299.280988	6.58e-01  6.84e-01  4.50e+05	15.3406 75.4377 0.6010	
9.834503 299.280988	6.09e-01  9.39e-01  4.14e+05	-24.2543 90.1970 0.4122	
9.834503 299.280988	5.58e-01  6.64e-01  4.75e+05	19.1651 60.7436 0.1961	
9.834503 299.280988	3.76e-01  6.98e-01  5.09e+05	-9.8747 36.6170 0.2321	
9.834503 299.280988	5.10e-01  9.70e-01  4.25e+05	32.8727 82.3215 0.5805	
9.834503 299.280988	7.66e-01  8.45e-01  4.04e+05	-14.0468 96.4710 0.9769	
9.834503 299.280988	4.92e-01  7.34e-01  4.74e+05	12.6533 63.0167 0.9119	
9.834503 299.280988	5.38e-01  9.21e-01  4.29e+05	-4.9478 86.9200 0.0350	
9.834503 299.280988	5.02e-01  8.52e-01  4.48e+05	5.4100 77.9352 0.9391	
9.834503 299.280988	7.47e-01  8.54e-01  4.06e+05	-12.1697 96.0821 0.1833	
9.834503 299.280988	5.06e-01  9.61e-01  4.28e+05	-2.3485 87.5643 0.0439	
9.834503 299.280988	4.00e-01  6.90e-01  5.05e+05	1.3207 41.9551 0.2263	
9.834503 299.280988	5.93e-01  8.57e-01  4.31e+05	-28.6421 81.4166 0.8952	
9.834503 299.280988	6.13e-01  7.11e-01  4.54e+05	5.9786 75.0205 0.1159	
9.834503 299.280988	4.50e-01  9.12e-01  4.47e+05	-9.1194 78.3481 0.4196	
9.834503 299.280988	6.07e-01  6.84e-01  4.61e+05	47.9604 53.3572 0.3814	
9.834503 299.280988	7.67e-01  8.28e-01  4.07e+05	7.4182 96.1614 0.8860	
9.834503 299.280988	6.66e-01  7.31e-01  4.40e+05	2.6741 81.9411 0.3830	
9.834503 299.280988	6.30e-01  7.56e-01  4.42e+05	-28.4789 75.8488 0.9225	
9.834503 299.280988	3.89e-01  8.24e-01  4.77e+05	2.2887 62.4647 0.5317	
9.834503 299.280988	6.58e-01  8.22e-01  4.26e+05	13.8708 87.4569 0.3745	
9.834503 299.280988	4.61e-01  8.57e-01  4.55e+05	5.2118 74.4304 0.7125	
9.834503 299.280988	5.76e-01  9.37e-01  4.20e+05	11.8693 90.2568 0.6720	
9.834503 299.280988	5.12e-01  7.20e-01  4.72e+05	3.6324 64.9461 0.3010	
9.834503 299.280988	7.25e-01  8.17e-01  4.15e+05	27.7816 88.7459 0.4318	
9.834503 299.280988	7.12e-01  8.91e-01  4.05e+05	19.4767 94.9766 0.4400	
9.834503 299.280988	5.86e-01  6.73e-01  4.67e+05	-1.6211 68.0846 0.8427	
9.834503 299.280988	4.80e-01  9.12e-01  4.41e+05	-23.7216 77.9619 0.0757	
9.834503 299.280988	6.51e-01  7.92e-01  4.32e+05	34.2308 78.6424 0.7499	
9.834503 299.280988	5.44e-01  7.99e-01  4.50e+05	0.7051 77.0646 0.6397	
9.834503 299.280988	5.45e-01  8.11e-01  4.48e+05	5.4747 78.1300 0.3778	
9.834503 299.280988	5.06e-01  8.64e-01  4.45e+05	-30.5416 73.4666 0.5429	
9.834503 299.280988	5.69e-01  6.93e-01  4.66e+05	10.3584 67.7866 0.2476	
9.834503 299.280988	3.92e-01  7.99e-01  4.82e+05	-36.9555 46.5229 0.3350	
9.834503 299.280988	4.89e-01  6.15e-01  5.01e+05	24.1284 37.6825 0.5313	
9.834503 299.280988	5.06e-01  8.40e-01  4.50e+05	-16.8438 75.5004 0.7905	
9.834503 299.280988	4.04e-01  9.20e-01  4.54e+05	-3.2685 75.1154 0.4822	
9.834503 299.280988	7.28e-01  7.58e-01  4.24e+05	5.4720 88.9203 0.9356	
9.834503 299.280988	3.51e-01  8.35e-01  4.82e+05	6.5245 58.4656 0.4709	
9.834503 299.280988	4.14e-01  9.74e-01  4.42e+05	-8.5145 80.6982 0.7007	
9.834503 299.280988	6.83e-01  8.38e-01  4.18e+05	43.0863 80.7833 0.1580	
9.834503 299.280988	7.24e-01  7.67e-01  4.23e+05	59.2113 67.0293 0.7445	
9.834503 299.280988	3.92e-01  8.84e-01  4.63e+05	-26.1023 65.1414 0.3444	
9.834503 299.280988	5.12e-01  7.23e-01  4.72e+05	14.1325 63.6774 0.8095	
9.834503 299.280988	5.12e-01  9.13e-01  4.35e+05	13.9340 83.1421 0.3390	
9.834503 299.280988	6.40e-01  8.82e-01  4.18e+05	14.3031 90.4954 0.0115	
9.834503 299.280988	5.27e-01  7.56e-01  4.62e+05	-14.3141 69.4700 0.1582	
9.834503 299.280988	5.90e-01  7.49e-01  4.51e+05	-21.9062 73.5417 0.1754	
9.834503 299.280988	5.50e-01  8.04e-01  4.48e+05	-12.2075 77.0825 0.5879	
9.834503 299.280988	5.67e-01  7.96e-01  4.47e+05	-29.9661 72.9877 0.2033	
9.834503 299.280988	6.05e-01  9.55e-01  4.12e+05	-25.6426 90.6485 0.7842	
9.834503 299.280988	5.19e-01  8.60e-01  4.43e+05	-22.8561 77.0795 0.7904	
9.834503 299.280988	5.72e-01  8.60e-01  4.34e+05	-28.4276 79.9948 0.6266	
9.834503 299.280988	4.62e-01  9.09e-01  4.45e+05	-1.7673 79.6936 0.3563	
9.834503 299.280988	5.71e-01  8.93e-01  4.28e+05	36.3649 79.4837 0.9709	
9.834503 299.280988	6.17e-01  7.78e-01  4.40e+05	20.9319 79.1358 0.4315	
9.834503 299.280988	4.81e-01  7.72e-01  4.68e+05	7.9508 67.0240 0.4254	
9.834503 299.280988	5.69e-01  7.77e-01  4.50e+05	10.9822 76.5534 0.5826	
9.834503 299.280988	5.84e-01  9.37e-01  4.18e+05	-5.4153 91.4501 0.1368	
9.834503 299.280988	6.10e-01  8.94e-01  4.21e+05	-25.0210 86.8583 0.9121	
9.834503 299.280988	6.04e-01  9.29e-01  4.16e+05	-45.0134 80.7076 0.9167	
9.834503 299.280988	7.03e-01  7.42e-01  4.31e+05	-27.6511 81.3915 0.9546	
9.834503 299.280988	6.05e-01  6.66e-01  4.65e+05	-5.5041 69.3161 0.5646	
9.834503 299.280988	5.37e-01  7.87e-01  4.54e+05	28.4780 69.6700 0.4776	
9.834503 299.280988	4.39e-01  8.85e-01  4.54e+05	2.4981 75.1983 0.9031	
9.834503 299.280988	5.54e-01  6.61e-01  4.76e+05	30.0852 55.0797 0.7370	
9.834503 299.280988	4.41e-01  8.44e-01  4.62e+05	-4.9652 70.9699 0.2871	
9.834503 299.280988	7.10e-01  8.43e-01  4.13e+05	53.8105 76.8394 0.9029	
9.834503 299.280988	6.91e-01  8.45e-01  4.16e+05	-25.3577 89.0709 0.6810	
9.834503 299.280988	4.51e-01  9.14e-01  4.46e+05	13.0065 78.0557 0.0189	
9.834503 299.280988	4.35e-01  7.77e-01  4.77e+05	17.5639 59.8523 0.7530	
9.834503 299.280988	5.03e-01  8.30e-01  4.52e+05	-20.6865 73.2958 0.4950	
9.834503 299.280988	5.74e-01  8.48e-01  4.35e+05	33.0795 77.3390 0.7881	
9.834503 299.280988	4.96e-01  9.33e-01  4.34e+05	11.2738 83.9237 0.5118	
9.834503 299.280988	5.73e-01  7.74e-01  4.50e+05	2.0207 77.4036 0.1969	
9.834503 299.280988	5.72e-01  8.34e-01  4.38e+05	-24.4142 79.1027 0.9209	
9.834503 299.280988	4.33e-01  6.17e-01  5.15e+05	-7.9082 30.3671 0.5148	
9.834503 299.280988	5.38e-01  9.03e-01  4.32e+05	25.7769 81.6305 0.3494	
9.834503 299.280988	7.83e-01  8.48e-01  4.01e+05	5.7059 98.5374 0.9195	
9.834503 299.280988	6.31e-01  8.45e-01  4.26e+05	28.3434 83.6174 0.0716	
9.834503 299.280988	6.21e-01  7.99e-01  4.36e+05	0.4534 83.8910 0.0451	
9.834503 299.280988	4.75e-01  9.20e-01  4.41e+05	40.1669 71.2097 0.8945	
9.834503 299.280988	5.72e-01  7.73e-01  4.50e+05	1.3542 77.1909 0.4044	
9.834503 299.280988	4.89e-01  7.23e-01  4.77e+05	12.6520 61.0617 0.4356	
9.834503 299.280988	6.32e-01  7.18e-01  4.49e+05	28.2356 72.4453 0.6464	
9.834503 299.280988	5.61e-01  6.17e-01  4.84e+05	-8.8242 56.9420 0.1819	
9.834503 299.280988	5.11e-01  8.25e-01  4.52e+05	-25.4335 72.0620 0.1598	
9.834503 299.280988	4.76e-01  9.56e-01  4.34e+05	10.3461 84.2590 0.1846	
9.834503 299.280988	8.04e-01  9.00e-01  3.90e+05	48.8768 90.3887 0.9780	
9.834503 299.280988	6.72e-01  9.13e-01  4.08e+05	-21.3073 93.3788 0.8346	
9.834503 299.280988	6.19e-01  8.21e-01  4.32e+05	-20.6746 82.9829 0.2058	
9.834503 299.280988	5.58e-01  7.91e-01  4.49e+05	32.6621 70.4116 0.8268	
9.834503 299.280988	6.06e-01  6.68e-01  4.64e+05	-11.1687 69.0344 0.8848	
9.834503 299.280988	4.32e-01  7.90e-01  4.75e+05	-3.3571 63.5951 0.9186	
9.834503 299.280988	4.74e-01  8.72e-01  4.50e+05	5.7117 77.1516 0.9618	
9.834503 299.280988	5.39e-01  8.55e-01  4.41e+05	-4.6097 81.5780 0.7860	
9.834503 299.280988	6.73e-01  8.40e-01  4.20e+05	-40.3406 81.5415 0.5607	
9.834503 299.280988	4.77e-01  8.23e-01  4.59e+05	-11.3028 71.8296 0.2308	
9.834503 299.280988	5.27e-01  8.92e-01  4.36e+05	9.3711 83.3253 0.0707	
9.834503 299.280988	5.95e-01  7.80e-01  4.44e+05	17.7670 78.0238 0.9484	
9.834503 299.280988	5.28e-01  8.53e-01  4.43e+05	-16.8580 78.8183 0.8503	
9.834503 299.280988	7.47e-01  8.17e-01  4.11e+05	-6.9998 94.2092 0.9471	
9.834503 299.280988	5.09e-01  7.29e-01  4.71e+05	23.5785 61.3027 0.2418	
9.834503 299.280988	5.41e-01  7.97e-01  4.51e+05	10.6369 75.8532 0.1589	
9.834503 299.280988	4.59e-01  9.28e-01  4.42e+05	-20.1273 78.6056 0.9635	
9.834503 299.280988	5.25e-01  9.05e-01  4.34e+05	30.3759 79.0945 0.7990	
9.834503 299.280988	6.81e-01  7.88e-01  4.27e+05	-1.1675 87.7557 0.9140	
9.834503 299.280988	6.20e-01  8.75e-01  4.23e+05	16.9360 88.0671 0.1024	
9.834503 299.280988	5.62e-01  8.89e-01  4.30e+05	-37.8729 77.6565 0.3610	
9.834503 299.280988	4.13e-01  8.78e-01  4.60e+05	3.8487 71.6987 0.5929	
9.834503 299.280988	7.63e-01  8.97e-01  3.96e+05	14.8703 99.2675 0.2861	
9.834503 299.280988	5.37e-01  8.37e-01  4.44e+05	-2.5765 79.8715 0.5450	
9.834503 299.280988	5.67e-01  6.76e-01  4.70e+05	-7.8062 65.8148 0.4250	
9.834503 299.280988	6.48e-01  8.09e-01  4.29e+05	23.3845 83.6519 0.0668	
9.834503 299.280988	5.32e-01  8.74e-01  4.39e+05	-38.2926 73.2916 0.9401	
9.834503 299.280988	5.88e-01  7.55e-01  4.50e+05	2.8870 77.0493 0.4183	
9.834503 299.280988	6.46e-01  8.38e-01  4.25e+05	-1.1907 88.8741 0.0489	
9.834503 299.280988	6.00e-01  6.72e-01  4.64e+05	-11.2376 68.6996 0.3203	
9.834503 299.280988	3.97e-01  7.66e-01  4.88e+05	4.4368 55.1185 0.7080	
9.834503 299.280988	6.21e-01  7.15e-01  4.52e+05	16.4322 74.6059 0.3403	
9.834503 299.280988	6.09e-01  8.18e-01  4.35e+05	-36.9481 75.9897 0.0628	
9.834503 299.280988	6.75e-01  7.93e-01  4.27e+05	0.4885 87.7376 0.9801	
9.834503 299.280988	5.09e-01  9.31e-01  4.32e+05	2.6498 85.5073 0.5191	
9.834503 299.280988	4.39e-01  9.36e-01  4.44e+05	-22.6253 76.7956 0.0937	
9.834503 299.280988	6.36e-01  9.36e-01  4.10e+05	35.0449 88.3257 0.7149	
9.834503 299.280988	6.91e-01  8.78e-01  4.11e+05	10.5388 94.2255 0.1443	
9.834503 299.280988	7.36e-01  8.87e-01  4.02e+05	20.1575 96.0548 0.2903	
9.834503 299.280988	7.46e-01  8.12e-01  4.12e+05	2.6940 94.0784 0.9057	
9.834503 299.280988	6.02e-01  8.33e-01  4.33e+05	-2.3416 85.1184 0.8365	
9.834503 299.280988	5.82e-01  9.37e-01  4.19e+05	20.1193 89.2571 0.7304	
9.834503 299.280988	5.33e-01  7.50e-01  4.62e+05	-29.1120 64.6249 0.1870	
9.834503 299.280988	7.37e-01  8.40e-01  4.09e+05	26.8153 91.4895 0.6285	
9.834503 299.280988	6.43e-01  9.17e-01  4.12e+05	-3.5881 94.1338 0.1711	
9.834503 299.280988	6.54e-01  9.20e-01  4.10e+05	24.5460 91.8474 0.6388	
9.834503 299.280988	5.18e-01  8.44e-01  4.47e+05	-4.8358 78.6985 0.5730	
9.834503 299.280988	5.66e-01  8.75e-01  4.32e+05	41.2211 75.0047 0.9082	
9.834503 299.280988	7.38e-01  9.50e-01  3.93e+05	-11.3168 101.2468 0.2436	
9.834503 299.280988	3.97e-01  7.99e-01  4.80e+05	-9.0108 59.4969 0.0384	
9.834503 299.280988	6.87e-01  7.53e-01  4.32e+05	-0.9544 85.5050 0.8591	
9.834503 299.280988	7.68e-01  9.07e-01  3.94e+05	6.6262 100.9791 0.7389	
9.834503 299.280988	3.15e-01  8.06e-01  4.98e+05	-6.7884 47.4993 0.3384	
9.834503 299.280988	5.50e-01  9.31e-01  4.25e+05	-17.2515 87.0178 0.6609	
9.834503 299.280988	6.98e-01  9.33e-01  4.01e+05	0.6190 98.6727 0.0302	
9.834503 299.280988	6.11e-01  7.21e-01  4.52e+05	19.4683 73.5248 0.3584	
9.834503 299.280988	6.27e-01  7.52e-01  4.43e+05	10.7380 79.7096 0.8625	
9.834503 299.280988	6.05e-01  8.02e-01  4.38e+05	47.6496 67.7489 0.9366	
9.834503 299.280988	4.69e-01  8.72e-01  4.51e+05	-3.4065 76.8301 0.4867	
9.834503 299.280988	4.49e-01  9.61e-01  4.38e+05	15.2142 81.6349 0.1263	
9.834503 299.280988	7.46e-01  8.14e-01  4.12e+05	0.2229 94.2102 0.3985	
9.834503 299.280988	6.00e-01  7.19e-01  4.55e+05	13.5108 73.4914 0.9395	
9.834503 299.280988	6.14e-01  8.66e-01  4.25e+05	-12.0616 87.7891 0.1034	
9.834503 299.280988	4.93e-01  6.83e-01  4.85e+05	-2.2736 57.1978 0.9408	
9.834503 299.280988	6.46e-01  8.13e-01  4.29e+05	30.7945 81.3768 0.1797	
9.834503 299.280988	6.62e-01  9.00e-01  4.12e+05	-31.0005 89.0577 0.1456	
9.834503 299.280988	5.03e-01  8.11e-01  4.56e+05	-4.5406 74.0092 0.9933	
9.834503 299.280988	3.55e-01  8.92e-01  4.69e+05	25.5228 61.7537 0.6975	
9.834503 299.280988	5.34e-01  8.74e-01  4.38e+05	-8.7490 82.4526 0.3219	
9.834503 299.280988	6.29e-01  9.75e-01  4.05e+05	-1.5724 97.0376 0.3526	
9.834503 299.280988	7.12e-01  9.16e-01  4.01e+05	-25.9526 94.9781 0.7486	
9.834503 299.280988	5.40e-01  8.41e-01  4.43e+05	1.6289 80.5508 0.3768	
9.834503 299.280988	6.12e-01  7.56e-01  4.46e+05	-7.5853 79.0351 0.6793	
9.834503 299.280988	5.83e-01  8.97e-01  4.25e+05	-37.1510 80.4177 0.3979	
9.834503 299.280988	5.28e-01  7.63e-01  4.60e+05	-24.7654 67.4043 0.9408	
9.834503 299.280988	5.20e-01  7.20e-01  4.71e+05	-10.5644 65.1744 0.2755	
9.834503 299.280988	6.36e-01  8.18e-01  4.30e+05	-21.0002 84.0451 0.8390	
9.834503 299.280988	6.53e-01  7.61e-01  4.37e+05	-13.2271 82.3725 0.8722	
9.834503 299.280988	7.01e-01  8.42e-01  4.15e+05	23.7121 90.0059 0.6093	
9.834503 299.280988	8.02e-01  8.94e-01  3.91e+05	6.9948 102.0841 0.6040	
9.834503 299.280988	3.08e-01  8.75e-01  4.83e+05	1.4743 58.3561 0.4573	
9.834503 299.280988	5.74e-01  8.54e-01  4.35e+05	-10.0752 83.9370 0.2615	
9.834503 299.280988	5.58e-01  6.76e-01  4.72e+05	-4.3125 64.9672 0.9208	
9.834503 299.280988	7.15e-01  9.17e-01  4.01e+05	13.8014 97.7415 0.2066	
9.834503 299.280988	5.31e-01  9.09e-01  4.33e+05	-24.8013 81.7907 0.5485	
9.834503 299.280988	6.74e-01  8.37e-01  4.20e+05	-39.7165 81.7480 0.8490	
9.834503 299.280988	5.67e-01  7.39e-01  4.58e+05	-26.7017 68.2516 0.1054	
9.834503 299.280988	4.87e-01  7.56e-01  4.70e+05	12.2224 65.2579 0.2915	
9.834503 299.280988	6.30e-01  7.12e-01  4.50e+05	-9.8393 76.3458 0.9630	
9.834503 299.280988	5.03e-01  6.81e-01  4.83e+05	-2.1458 58.3889 0.0092	
9.834503 299.280988	4.92e-01  7.11e-01  4.79e+05	-26.6718 54.9317 0.5892	
9.834503 299.280988	7.26e-01  8.58e-01  4.08e+05	5.4282 95.6137 0.7907	
9.834503 299.280988	5.75e-01  8.68e-01  4.32e+05	-37.1502 77.2603 0.4771	
9.834503 299.280988	7.93e-01  8.29e-01  4.02e+05	-7.7718 97.8047 0.5253	
9.834503 299.280988	5.72e-01  6.56e-01  4.74e+05	21.7046 60.6437 0.9241	
9.834503 299.280988	4.82e-01  8.52e-01  4.52e+05	3.9887 76.0178 0.0054	
9.834503 299.280988	4.70e-01  9.05e-01  4.44e+05	23.2726 76.5640 0.8869	
9.834503 299.280988	5.42e-01  6.89e-01  4.73e+05	-8.4884 64.3193 0.6801	
9.834503 299.280988	6.42e-01  8.59e-01  4.22e+05	16.4886 88.6405 0.9857	
9.834503 299.280988	2.67e-01  9.84e-01  4.69e+05	-11.6609 66.2977 0.1932	
9.834503 299.280988	4.73e-01  7.99e-01  4.64e+05	-5.6475 69.4659 0.8822	
9.834503 299.280988	5.21e-01  7.55e-01  4.63e+05	-3.6855 70.0747 0.0601	
9.834503 299.280988	6.30e-01  9.07e-01  4.16e+05	-25.3731 89.1434 0.4468	
9.834503 299.280988	7.49e-01  8.26e-01  4.10e+05	3.0719 95.1406 0.8371	
9.834503 299.280988	5.73e-01  6.96e-01  4.65e+05	5.1433 69.1408 0.3985	
9.834503 299.280988	5.92e-01  8.91e-01  4.25e+05	11.4949 88.0762 0.0658	
9.834503 299.280988	5.76e-01  8.90e-01  4.28e+05	26.6925 83.3850 0.4181	
9.834503 299.280988	5.05e-01  9.29e-01  4.33e+05	15.3409 83.6984 0.5827	
9.834503 299.280988	5.27e-01  8.75e-01  4.39e+05	15.8091 80.8843 0.9854	
9.834503 299.280988	6.15e-01  6.90e-01  4.58e+05	11.2344 72.3771 0.6206	
9.834503 299.280988	7.16e-01  9.72e-01  3.93e+05	-23.8958 99.0400 0.9654	
9.834503 299.280988	4.30e-01  8.12e-01  4.71e+05	-24.8290 61.3594 0.2760	
9.834503 299.280988	4.06e-01  8.23e-01  4.73e+05	-8.3047 63.9769 0.9982	
9.834503 299.280988	5.37e-01  7.02e-01  4.71e+05	-12.5565 64.5269 0.9610	
9.834503 299.280988	5.03e-01  7.78e-01  4.62e+05	15.9260 68.9843 0.6144	
9.834503 299.280988	5.27e-01  7.44e-01  4.65e+05	17.0633 67.4280 0.1007	
9.834503 299.280988	6.81e-01  8.27e-01  4.21e+05	16.1282 89.1645 0.5645	
9.834503 299.280988	7.17e-01  8.78e-01  4.06e+05	28.0228 92.3252 0.8417	
9.834503 299.280988	4.51e-01  7.45e-01  4.80e+05	-0.6551 60.2009 0.7037	
9.834503 299.280988	6.05e-01  8.46e-01  4.30e+05	-39.4166 76.9599 0.8473	
9.834503 299.280988	6.77e-01  7.02e-01  4.43e+05	5.6352 80.2406 0.4060	
9.834503 299.280988	5.79e-01  8.30e-01  4.38e+05	18.1588 80.9545 0.1824	
9.834503 299.280988	5.34e-01  7.98e-01  4.52e+05	4.3844 75.8885 0.5218	
9.834503 299.280988	5.60e-01  9.05e-01  4.28e+05	-21.9715 84.6912 0.6126	
9.834503 299.280988	6.33e-01  8.54e-01  4.24e+05	9.4507 88.6421 0.7858	
9.834503 299.280988	8.44e-01  8.96e-01  3.85e+05	-8.9072 104.3084 0.3929	
9.834503 299.280988	4.63e-01  9.34e-01  4.40e+05	8.4021 81.5695 0.4324	
9.834503 299.280988	4.79e-01  7.15e-01  4.81e+05	14.1857 58.0860 0.6579	
9.834503 299.280988	5.75e-01  8.83e-01  4.29e+05	16.8982 85.3079 0.6740	
9.834503 299.280988	5.28e-01  9.49e-01  4.26e+05	-39.5728 79.0967 0.3999	
9.834503 299.280988	6.03e-01  8.27e-01  4.34e+05	0.9879 84.7410 0.4545	
9.834503 299.280988	7.47e-01  8.72e-01  4.03e+05	-11.1851 97.2992 0.1392	
9.834503 299.280988	7.02e-01  8.65e-01  4.11e+05	-2.2397 94.6620 0.4369	
9.834503 299.280988	4.19e-01  8.06e-01  4.74e+05	11.1737 63.0116 0.0570	
9.834503 299.280988	7.23e-01  7.73e-01  4.23e+05	-13.6120 88.7277 0.5356	
9.834503 299.280988	5.14e-01  7.40e-01  4.68e+05	-27.6616 61.6244 0.3172	
9.834503 299.280988	5.01e-01  8.71e-01  4.45e+05	-13.0537 78.6625 0.0291	
9.834503 299.280988	5.93e-01  8.10e-01  4.39e+05	-14.5477 81.2344 0.1153	
9.834503 299.280988	7.18e-01  8.63e-01  4.09e+05	-19.1828 93.6154 0.1665	
9.834503 299.280988	4.87e-01  8.41e-01  4.53e+05	12.1883 74.6256 0.7680	
9.834503 299.280988	4.70e-01  6.52e-01  4.97e+05	-8.9414 47.3522 0.6521	
9.834503 299.280988	6.28e-01  8.60e-01  4.24e+05	18.5616 87.2706 0.6764	
9.834503 299.280988	6.93e-01  8.49e-01  4.15e+05	9.0741 92.5707 0.7822	
9.834503 299.280988	6.06e-01  7.49e-01  4.48e+05	-32.2525 71.2940 0.6109	
9.834503 299.280988	7.10e-01  8.00e-01  4.20e+05	29.0127 86.0512 0.5590	
9.834503 299.280988	6.85e-01  8.68e-01  4.13e+05	2.2262 93.7499 0.1424	
9.834503 299.280988	4.45e-01  6.72e-01  4.98e+05	2.7753 47.1606 0.8252	
9.834503 299.280988	7.51e-01  9.08e-01  3.97e+05	12.0553 99.5585 0.2419	
9.834503 299.280988	6.24e-01  7.67e-01  4.41e+05	21.8321 78.4920 0.7279	
9.834503 299.280988	5.73e-01  9.46e-01  4.19e+05	21.1955 88.9034 0.4083	
9.834503 299.280988	4.29e-01  6.84e-01  4.99e+05	-12.2791 44.8647 0.5320	
9.834503 299.280988	6.77e-01  7.77e-01  4.30e+05	23.6243 83.3614 0.2212	
9.834503 299.280988	6.07e-01  8.89e-01  4.23e+05	-10.9635 89.1006 0.0570	
9.834503 299.280988	3.78e-01  9.33e-01  4.57e+05	4.6753 73.7064 0.2936	
9.834503 299.280988	5.79e-01  8.69e-01  4.31e+05	7.8466 85.8302 0.1355	
9.834503 299.280988	5.51e-01  7.75e-01  4.54e+05	14.0428 74.0974 0.1875	
9.834503 299.280988	3.40e-01  9.66e-01  4.58e+05	-9.7948 72.6850 0.0356	
9.834503 299.280988	5.90e-01  8.66e-01  4.30e+05	-23.1788 83.6217 0.1196	
9.834503 299.280988	7.07e-01  9.37e-01  3.99e+05	-22.5330 96.8694 0.3786	
9.834503 299.280988	3.89e-01  7.85e-01  4.85e+05	18.6699 53.8707 0.7180	
9.834503 299.280988	4.73e-01  8.34e-01  4.57e+05	5.4612 73.2263 0.8558	
9.834503 299.280988	5.55e-01  7.84e-01  4.51e+05	17.0727 74.7604 0.6516	
9.834503 299.280988	3.66e-01  8.10e-01  4.85e+05	-17.2760 54.5424 0.2507	
9.834503 299.280988	5.38e-01  7.42e-01  4.63e+05	34.1228 61.8184 0.5566	
9.834503 299.280988	7.49e-01  7.96e-01  4.14e+05	38.4634 84.9405 0.0357	
9.834503 299.280988	6.94e-01  8.70e-01  4.11e+05	-9.2557 94.0196 0.2385	
9.834503 299.280988	5.10e-01  8.36e-01  4.50e+05	-21.7889 74.2801 0.5531	
9.834503 299.280988	6.36e-01  9.29e-01  4.11e+05	-12.7505 93.6900 0.4896	
9.834503 299.280988	6.51e-01  8.07e-01  4.29e+05	-14.1112 85.8221 0.9356	
9.834503 299.280988	5.05e-01  8.14e-01  4.55e+05	20.7977 71.7415 0.3133	
9.834503 299.280988	6.54e-01  8.87e-01  4.15e+05	10.2288 92.3297 0.8646	
9.834503 299.280988	6.02e-01  7.62e-01  4.46e+05	-12.7330 78.0131 0.4898	
9.834503 299.280988	5.97e-01  7.41e-01  4.51e+05	2.5187 76.6036 0.5803	
9.834503 299.280988	7.57e-01  8.42e-01  4.06e+05	-35.3615 89.9667 0.4426	
9.834503 299.280988	6.96e-01  8.91e-01  4.08e+05	-37.1139 88.4757 0.1270	
9.834503 299.280988	5.96e-01  7.38e-01  4.52e+05	13.9950 74.8976 0.4703	
9.834503 299.280988	5.99e-01  8.46e-01  4.31e+05	-15.8255 84.4749 0.8578	
9.834503 299.280988	6.52e-01  7.09e-01  4.47e+05	-13.8118 77.5586 0.7838	
9.834503 299.280988	5.53e-01  8.43e-01  4.40e+05	-43.5850 69.4019 0.1486	
9.834503 299.280988	4.79e-01  8.01e-01  4.63e+05	-5.6063 70.3634 0.5258	
9.834503 299.280988	5.01e-01  7.85e-01  4.61e+05	7.1778 70.8758 0.8278	
9.834503 299.280988	4.97e-01  9.33e-01  4.34e+05	11.5907 83.9648 0.8888	
9.834503 299.280988	6.77e-01  8.84e-01  4.12e+05	4.0796 94.1341 0.9604	
9.834503 299.280988	5.94e-01  7.45e-01  4.51e+05	14.0658 75.4518 0.4365	
9.834503 299.280988	5.40e-01  8.23e-01  4.47e+05	2.1593 78.8755 0.1807	
9.834503 299.280988	7.46e-01  8.81e-01  4.02e+05	1.7817 98.4182 0.3764	
9.834503 299.280988	6.52e-01  9.37e-01  4.07e+05	35.0653 89.4935 0.4221	
9.834503 299.280988	5.38e-01  7.64e-01  4.58e+05	2.6666 72.8630 0.1846	
9.834503 299.280988	4.77e-01  8.16e-01  4.60e+05	-7.6366 71.6132 0.3177	
9.834503 299.280988	5.85e-01  8.84e-01  4.27e+05	-34.1476 80.9115 0.5523	
9.834503 299.280988	6.85e-01  8.20e-01  4.21e+05	-8.7161 90.0383 0.5993	
9.834503 299.280988	7.09e-01  8.23e-01  4.17e+05	19.1294 90.2874 0.9319	
9.834503 299.280988	5.06e-01  7.99e-01  4.58e+05	1.0587 73.3098 0.2612	
9.834503 299.280988	4.55e-01  7.52e-01  4.78e+05	1.2965 61.5926 0.8765	
9.834503 299.280988	6.54e-01  7.93e-01  4.31e+05	-13.6216 85.0319 0.2596	
9.834503 299.280988	5.41e-01  6.46e-01  4.82e+05	-2.7697 58.8658 0.5913	
9.834503 299.280988	3.71e-01  8.65e-01  4.72e+05	15.6444 63.5725 0.0330	
9.834503 299.280988	6.90e-01  9.15e-01  4.05e+05	-19.2718 95.1353 0.1921	
9.834503 299.280988	3.42e-01  8.52e-01  4.81e+05	2.1477 59.7965 0.2422	
9.834503 299.280988	3.93e-01  8.02e-01  4.81e+05	-10.8839 59.0065 0.8264	
9.834503 299.280988	4.93e-01  8.79e-01  4.45e+05	5.2829 79.6457 0.1578	
9.834503 299.280988	5.31e-01  8.03e-01  4.52e+05	1.8526 76.1714 0.4462	
9.834503 299.280988	5.52e-01  8.02e-01  4.48e+05	21.7805 75.0174 0.8446	
9.834503 299.280988	5.64e-01  9.13e-01  4.26e+05	-11.6848 87.6069 0.2997	
9.834503 299.280988	5.76e-01  8.87e-01  4.28e+05	-1.6805 87.3678 0.7674	
9.834503 299.280988	5.62e-01  8.75e-01  4.33e+05	-27.0714 80.9043 0.3499	
9.834503 299.280988	6.11e-01  9.28e-01  4.16e+05	-32.7852 86.8077 0.3727	
9.834503 299.280988	6.25e-01  8.68e-01  4.23e+05	27.5545 85.2295 0.8816	
9.834503 299.280988	5.41e-01  7.69e-01  4.57e+05	6.2860 73.5592 0.1657	
9.834503 299.280988	4.40e-01  8.38e-01  4.63e+05	17.5471 68.0737 0.8561	
9.834503 299.280988	7.25e-01  8.62e-01  4.08e+05	-25.4891 92.4807 0.8969	
9.834503 299.280988	3.79e-01  8.79e-01  4.67e+05	24.2243 63.5602 0.6755	
9.834503 299.280988	5.45e-01  9.10e-01  4.30e+05	8.8530 86.2522 0.2304	
9.834503 299.280988	5.84e-01  8.81e-01  4.28e+05	10.1121 86.9010 0.3738	
9.834503 299.280988	4.53e-01  9.42e-01  4.40e+05	23.3381 78.3920 0.5491	
9.834503 299.280988	6.11e-01  9.32e-01  4.15e+05	42.7995 82.6087 0.4832	
9.834503 299.280988	8.25e-01  9.58e-01  3.79e+05	20.4633 104.8746 0.0750	
9.834503 299.280988	6.18e-01  8.77e-01  4.23e+05	18.1581 87.8789 0.4275	
9.834503 299.280988	6.71e-01  7.49e-01  4.36e+05	9.5585 83.3756 0.3820	
9.834503 299.280988	4.06e-01  9.16e-01  4.54e+05	-6.2687 74.7489 0.8124	
9.834503 299.280988	4.99e-01  6.92e-01  4.82e+05	24.2676 54.2633 0.3066	
9.834503 299.280988	3.86e-01  8.03e-01  4.82e+05	-14.3314 57.3703 0.8315	
9.834503 299.280988	4.30e-01  7.59e-01  4.82e+05	2.8998 59.1697 0.5753	
9.834503 299.280988	5.79e-01  7.55e-01  4.52e+05	13.9273 74.9793 0.7701	
9.834503 299.280988	5.77e-01  7.38e-01  4.56e+05	44.2183 59.8076 0.6764	
9.834503 299.280988	6.23e-01  6.71e-01  4.60e+05	18.3952 69.7927 0.7727	
9.834503 299.280988	7.30e-01  8.77e-01  4.05e+05	-6.5251 97.0032 0.0787	
9.834503 299.280988	6.89e-01  7.46e-01  4.33e+05	20.7500 82.5658 0.5927	
9.834503 299.280988	5.81e-01  6.88e-01  4.65e+05	-1.6091 69.3352 0.4794	
9.834503 299.280988	6.68e-01  8.98e-01  4.11e+05	29.0423 90.0749 0.7637	
9.834503 299.280988	5.56e-01  7.97e-01  4.48e+05	-33.0579 70.7340 0.7164	
9.834503 299.280988	4.52e-01  9.58e-01  4.38e+05	-20.9598 80.3784 0.0992	
9.834503 299.280988	3.57e-01  8.65e-01  4.75e+05	-0.5388 63.6948 0.8226	
9.834503 299.280988	5.72e-01  7.33e-01  4.58e+05	-22.4171 69.6974 0.3765	
9.834503 299.280988	7.34e-01  7.77e-01  4.20e+05	-19.0932 88.7936 0.8846	
9.834503 299.280988	5.66e-01  8.37e-01  4.39e+05	-5.4913 82.2911 0.9935	
9.834503 299.280988	6.07e-01  8.38e-01  4.32e+05	-12.6651 84.9760 0.3885	
9.834503 299.280988	6.36e-01  7.74e-01  4.38e+05	25.7319 78.9305 0.2808	
9.834503 299.280988	4.83e-01  7.99e-01  4.62e+05	-19.0951 68.2068 0.8698	
9.834503 299.280988	4.99e-01  8.43e-01  4.51e+05	-28.6495 71.3870 0.5158	
9.834503 299.280988	3.92e-01  9.41e-01  4.52e+05	-11.3006 75.2918 0.1034	
9.834503 299.280988	5.85e-01  8.31e-01  4.37e+05	-11.9522 82.6753 0.9451	
9.834503 299.280988	5.54e-01  7.94e-01  4.49e+05	-16.9216 75.6827 0.0753	
9.834503 299.280988	6.81e-01  7.52e-01  4.34e+05	-2.6018 84.8672 0.8090	
9.834503 299.280988	4.38e-01  6.40e-01  5.08e+05	-16.9676 35.1356 0.0970	
9.834503 299.280988	4.33e-01  8.95e-01  4.53e+05	-11.4788 74.7106 0.3432	
9.834503 299.280988	5.49e-01  6.86e-01  4.72e+05	-15.1103 63.5634 0.8625	
9.834503 299.280988	5.95e-01  9.33e-01  4.17e+05	-3.7719 91.9319 0.1016	
9.834503 299.280988	5.72e-01  8.48e-01  4.36e+05	17.7969 81.9957 0.0555	
9.834503 299.280988	6.63e-01  8.27e-01  4.24e+05	-36.9470 81.3455 0.8804	
9.834503 299.280988	8.23e-01  9.18e-01  3.85e+05	-81.1899 66.1111 0.8407	
9.834503 299.280988	6.43e-01  7.69e-01  4.37e+05	17.2412 81.4410 0.3808	
9.834503 299.280988	5.26e-01  9.13e-01  4.33e+05	19.4412 83.2212 0.2967	
9.834503 299.280988	7.60e-01  9.68e-01  3.87e+05	26.4965 100.5943 0.3782	
9.834503 299.280988	7.27e-01  8.20e-01  4.14e+05	-18.2786 91.5456 0.9923	
9.834503 299.280988	5.50e-01  8.59e-01  4.38e+05	-39.9903 72.7180 0.4247	
9.834503 299.280988	7.19e-01  8.98e-01  4.03e+05	-51.5550 83.0742 0.7870	
9.834503 299.280988	4.27e-01  8.33e-01  4.67e+05	-3.9418 68.2965 0.7441	
9.834503 299.280988	3.53e-01  8.51e-01  4.79e+05	-10.5230 60.3714 0.9842	
9.834503 299.280988	5.64e-01  7.97e-01  4.47e+05	-26.9864 74.0489 0.9888	
9.834503 299.280988	4.77e-01  6.66e-01  4.92e+05	-9.1877 51.3203 0.3140	
9.834503 299.280988	4.68e-01  8.10e-01  4.63e+05	-12.8427 69.1820 0.9036	
9.834503 299.280988	4.90e-01  8.46e-01  4.52e+05	29.7978 70.2579 0.5120	
9.834503 299.280988	3.17e-01  9.17e-01  4.72e+05	31.5221 57.1802 0.1783	
9.834503 299.280988	5.56e-01  9.90e-01  4.14e+05	53.2035 76.5937 0.7505	
9.834503 299.280988	5.96e-01  6.88e-01  4.62e+05	-6.9869 70.6949 0.4957	
9.834503 299.280988	5.56e-01  8.60e-01  4.37e+05	-34.6630 76.0511 0.6278	
9.834503 299.280988	5.72e-01  8.85e-01  4.29e+05	-16.3318 85.3609 0.6374	
9.834503 299.280988	4.96e-01  6.94e-01  4.82e+05	22.9744 54.7481 0.6095	
9.834503 299.280988	5.84e-01  7.17e-01  4.58e+05	14.4597 71.4212 0.9198	
9.834503 299.280988	5.71e-01  7.30e-01  4.58e+05	-10.4558 72.1147 0.8400	
9.834503 299.280988	5.87e-01  7.51e-01  4.51e+05	-4.5474 76.4871 0.2319	
9.834503 299.280988	4.78e-01  8.32e-01  4.57e+05	10.4376 73.0165 0.7075	
9.834503 299.280988	5.20e-01  7.76e-01  4.59e+05	-0.5691 72.3827 0.7101	
9.834503 299.280988	7.22e-01  8.35e-01  4.13e+05	11.9717 93.2593 0.6756	
9.834503 299.280988	6.96e-01  9.96e-01  3.92e+05	-39.3763 94.2236 0.7784	
9.834503 299.280988	7.12e-01  8.59e-01  4.10e+05	42.0861 85.1337 0.6022	
9.834503 299.280988	4.85e-01  7.74e-01  4.67e+05	11.6990 67.1791 0.6022	
9.834503 299.280988	5.66e-01  7.15e-01  4.62e+05	43.9438 55.4090 0.0873	
9.834503 299.280988	6.06e-01  8.48e-01  4.30e+05	23.0686 83.5475 0.3648	
9.834503 299.280988	7.51e-01  8.64e-01  4.03e+05	5.3465 97.5239 0.2178	
9.834503 299.280988	6.09e-01  8.79e-01  4.24e+05	-4.6518 89.0430 0.6624	
9.834503 299.280988	4.93e-01  8.38e-01  4.53e+05	26.8616 70.9671 0.3318	
9.834503 299.280988	6.11e-01  8.06e-01  4.36e+05	34.1990 76.3631 0.1626	
9.834503 299.280988	5.52e-01  8.89e-01  4.32e+05	-5.9705 85.4689 0.1166	
9.834503 299.280988	5.63e-01  6.47e-01  4.77e+05	-9.3132 61.4683 0.8973	
9.834503 299.280988	5.73e-01  8.08e-01  4.43e+05	-23.4343 77.0338 0.1217	
9.834503 299.280988	5.10e-01  6.79e-01  4.82e+05	16.0418 57.0586 0.3032	
9.834503 299.280988	4.74e-01  7.77e-01  4.69e+05	-5.1715 67.0636 0.1831	
9.834503 299.280988	4.06e-01  7.22e-01  4.96e+05	10.0395 48.3763 0.1874	
9.834503 299.280988	4.27e-01  8.32e-01  4.67e+05	27.6252 62.4292 0.7841	
9.834503 299.280988	5.51e-01  9.30e-01  4.25e+05	-33.6320 82.0607 0.4876	
9.834503 299.280988	4.42e-01  8.86e-01  4.53e+05	-18.9783 73.1316 0.2546	
9.834503 299.280988	6.93e-01  7.73e-01  4.28e+05	-45.7516 74.6058 0.4526	
9.834503 299.280988	4.07e-01  7.85e-01  4.81e+05	15.6668 57.5842 0.9505	
9.834503 299.280988	5.49e-01  7.67e-01  4.56e+05	5.0067 74.1871 0.9841	
9.834503 299.280988	5.92e-01  7.94e-01  4.42e+05	20.4605 78.3452 0.3540	
9.834503 299.280988	6.67e-01  7.19e-01  4.42e+05	19.7494 78.5756 0.1843	
9.834503 299.280988	6.02e-01  8.04e-01  4.39e+05	-9.8423 82.1363 0.4161	
9.834503 299.280988	6.39e-01  7.92e-01  4.34e+05	-34.4743 77.5390 0.2624	
9.834503 299.280988	4.89e-01  7.30e-01  4.75e+05	10.2040 62.4384 0.1902	
9.834503 299.280988	6.56e-01  7.72e-01  4.34e+05	-11.4561 83.8397 0.2320	
9.834503 299.280988	5.30e-01  8.16e-01  4.50e+05	10.6189 76.6400 0.9414	
9.834503 299.280988	7.03e-01  8.52e-01  4.13e+05	2.8361 93.8738 0.6080	
9.834503 299.280988	5.25e-01  6.63e-01  4.82e+05	11.8955 57.8053 0.3475	
9.834503 299.280988	6.28e-01  8.21e-01  4.31e+05	-12.4376 85.3892 0.2869	
9.834503 299.280988	4.61e-01  7.58e-01  4.75e+05	-14.1696 61.6245 0.0954	
9.834503 299.280988	5.33e-01  8.90e-01  4.35e+05	6.4888 83.9409 0.0355	
9.834503 299.280988	6.38e-01  9.47e-01  4.08e+05	-10.9634 95.1672 0.3762	
9.834503 299.280988	5.79e-01  7.74e-01  4.48e+05	1.0288 77.9353 0.9462	
9.834503 299.280988	5.42e-01  6.69e-01  4.77e+05	43.6721 44.2204 0.9733	
9.834503 299.280988	5.99e-01  8.25e-01  4.35e+05	2.2080 84.2688 0.2534	
9.834503 299.280988	6.46e-01  7.90e-01  4.33e+05	13.1481 84.1818 0.2372	
9.834503 299.280988	7.40e-01  7.97e-01  4.16e+05	39.7898 83.6984 0.7138	
9.834503 299.280988	4.04e-01  7.06e-01  5.00e+05	-10.3964 44.6679 0.8334	
9.834503 299.280988	5.36e-01  8.48e-01  4.42e+05	-7.9302 80.4745 0.1587	
9.834503 299.280988	4.14e-01  7.49e-01  4.88e+05	-11.6783 54.0878 0.1701	
9.834503 299.280988	5.04e-01  8.08e-01  4.56e+05	-22.0477 70.6968 0.5829	
9.834503 299.280988	5.53e-01  7.64e-01  4.55e+05	19.6929 71.8131 0.9563	
9.834503 299.280988	6.95e-01  8.68e-01  4.12e+05	-15.4131 93.1131 0.3948	
9.834503 299.280988	7.68e-01  8.46e-01  4.04e+05	-11.1265 96.9912 0.7968	
9.834503 299.280988	6.92e-01  9.23e-01  4.03e+05	-5.2436 97.5651 0.0313	
9.834503 299.280988	5.57e-01  8.92e-01  4.31e+05	-0.9953 86.2456 0.4692	
9.834503 299.280988	6.40e-01  7.52e-01  4.41e+05	10.5462 80.8127 0.3222	
9.834503 299.280988	5.22e-01  8.38e-01  4.47e+05	-15.0343 77.1591 0.4444	
9.834503 299.280988	6.37e-01  7.94e-01  4.34e+05	16.2137 83.2680 0.2139	
9.834503 299.280988	5.59e-01  8.55e-01  4.37e+05	-36.1660 75.1641 0.0952	
9.834503 299.280988	7.20e-01  7.99e-01  4.19e+05	-29.4010 86.5984 0.1993	
9.834503 299.280988	6.28e-01  8.52e-01  4.25e+05	19.5562 86.4389 0.9861	
9.834503 299.280988	4.70e-01  7.76e-01  4.70e+05	-11.7569 65.5884 0.8469	
9.834503 299.280988	5.31e-01  7.89e-01  4.55e+05	-9.9474 74.2077 0.4798	
9.834503 299.280988	5.58e-01  8.28e-01  4.42e+05	20.3897 78.4396 0.5456	
9.834503 299.280988	3.71e-01  9.33e-01  4.58e+05	-13.9973 71.7916 0.3324	
9.834503 299.280988	6.03e-01  8.43e-01  4.31e+05	11.1620 85.2169 0.7414	
9.834503 299.280988	5.22e-01  8.29e-01  4.49e+05	-13.9389 76.5626 0.7896	
9.834503 299.280988	4.73e-01  6.52e-01  4.97e+05	-35.5558 33.3913 0.9075	
9.834503 299.280988	7.22e-01  8.65e-01  4.08e+05	3.1234 95.9313 0.7629	
9.834503 299.280988	5.14e-01  8.19e-01  4.52e+05	-3.9318 76.0019 0.1446	
9.834503 299.280988	6.47e-01  7.14e-01  4.47e+05	-35.0072 70.5469 0.4193	
9.834503 299.280988	6.47e-01  7.62e-01  4.38e+05	23.2503 79.6679 0.7105	
9.834503 299.280988	4.82e-01  6.20e-01  5.02e+05	-3.5950 44.1284 0.7084	
9.834503 299.280988	6.87e-01  9.12e-01  4.06e+05	4.3278 96.6404 0.1924	
9.834503 299.280988	6.98e-01  7.40e-01  4.33e+05	51.9263 67.8135 0.3438	
9.834503 299.280988	5.84e-01  6.69e-01  4.68e+05	-9.5348 66.8599 0.5232	
9.834503 299.280988	4.69e-01  7.36e-01  4.78e+05	-4.1670 61.3205 0.0361	
9.834503 299.280988	5.63e-01  9.18e-01  4.25e+05	-13.8521 87.5972 0.3467	
9.834503 299.280988	4.30e-01  9.46e-01  4.44e+05	27.4900 75.3331 0.0989	
9.834503 299.280988	6.72e-01  8.07e-01  4.25e+05	4.3473 88.4617 0.2561	
9.834503 299.280988	5.62e-01  8.69e-01  4.34e+05	11.9535 84.0140 0.5053	
9.834503 299.280988	6.18e-01  7.89e-01  4.38e+05	8.6687 82.4082 0.0427	
9.834503 299.280988	4.96e-01  8.14e-01  4.57e+05	-23.5252 69.9759 0.4901	
9.834503 299.280988	4.99e-01  6.68e-01  4.87e+05	-1.5942 55.9526 0.0156	
9.834503 299.280988	6.22e-01  8.91e-01  4.20e+05	19.0004 89.0305 0.2537	
9.834503 299.280988	4.35e-01  7.37e-01  4.86e+05	2.4117 56.6274 0.0352	
9.834503 299.280988	5.51e-01  7.09e-01  4.67e+05	7.4731 67.9199 0.6755	
9.834503 299.280988	6.69e-01  8.90e-01  4.12e+05	39.9697 85.2737 0.9916	
9.834503 299.280988	4.78e-01  8.93e-01  4.45e+05	25.4162 75.5398 0.2230	
9.834503 299.280988	3.25e-01  8.86e-01  4.77e+05	18.3435 59.4680 0.7174	
9.834503 299.280988	5.90e-01  6.62e-01  4.68e+05	-18.2004 64.8761 0.6622	
9.834503 299.280988	6.90e-01  6.94e-01  4.42e+05	-30.1700 75.0264 0.5596	
9.834503 299.280988	6.03e-01  8.47e-01  4.31e+05	25.5223 82.5047 0.9877	
9.834503 299.280988	5.75e-01  8.61e-01  4.33e+05	-8.5810 84.7812 0.4633	
9.834503 299.280988	7.42e-01  7.61e-01  4.21e+05	-6.8755 90.0372 0.6871	
9.834503 299.280988	4.30e-01  9.35e-01  4.46e+05	7.2717 78.8112 0.6746	
9.834503 299.280988	4.92e-01  9.06e-01  4.40e+05	2.6995 82.0134 0.5727	
9.834503 299.280988	5.24e-01  7.39e-01  4.66e+05	2.0453 68.6189 0.6553	
9.834503 299.280988	5.65e-01  8.87e-01  4.30e+05	-25.9067 82.4931 0.3067	
9.834503 299.280988	5.67e-01  6.35e-01  4.79e+05	3.3818 60.8158 0.7593	
9.834503 299.280988	4.25e-01  7.21e-01  4.92e+05	16.6093 49.8289 0.4246	
9.834503 299.280988	6.91e-01  9.58e-01  3.98e+05	-6.1504 99.5199 0.8017	
9.834503 299.280988	6.05e-01  8.64e-01  4.27e+05	-2.9564 87.6726 0.5059	
9.834503 299.280988	5.17e-01  8.95e-01  4.38e+05	35.2708 75.3402 0.0785	
9.834503 299.280988	5.67e-01  7.35e-01  4.58e+05	-16.3392 71.1133 0.7882	
9.834503 299.280988	6.03e-01  9.20e-01  4.18e+05	-33.6673 85.2582 0.9079	
9.834503 299.280988	4.34e-01  7.94e-01  4.73e+05	20.1141 61.2178 0.9506	
9.834503 299.280988	5.45e-01  8.54e-01  4.40e+05	38.3382 72.6964 0.2805	
9.834503 299.280988	5.10e-01  7.99e-01  4.57e+05	-25.9461 68.9759 0.4053	
9.834503 299.280988	5.48e-01  8.89e-01  4.33e+05	8.1107 84.8577 0.2146	
9.834503 299.280988	4.50e-01  7.43e-01  4.81e+05	11.9490 58.4606 0.3450	
9.834503 299.280988	6.12e-01  7.30e-01  4.50e+05	-31.3716 70.3239 0.2640	
9.834503 299.280988	6.08e-01  7.92e-01  4.40e+05	-14.8258 80.9030 0.1697	
9.834503 299.280988	4.66e-01  8.38e-01  4.58e+05	-31.9100 65.8383 0.5385	
9.834503 299.280988	6.18e-01  8.77e-01  4.23e+05	26.7562 85.5681 0.1264	
9.834503 299.280988	5.62e-01  7.01e-01  4.66e+05	-20.8744 65.4328 0.7182	
9.834503 299.280988	7.17e-01  7.28e-01  4.31e+05	-22.1772 83.0603 0.9703	
9.834503 299.280988	5.44e-01  8.72e-01  4.37e+05	-22.8862 80.3787 0.8389	
9.834503 299.280988	5.90e-01  8.53e-01  4.32e+05	-54.3126 66.3702 0.8490	
9.834503 299.280988	4.01e-01  8.36e-01  4.72e+05	-12.1741 64.4190 0.6100	
9.834503 299.280988	6.60e-01  9.03e-01  4.12e+05	9.7030 93.8573 0.6977	
9.834503 299.280988	6.88e-01  8.10e-01  4.22e+05	60.3966 66.6262 0.7956	
9.834503 299.280988	5.24e-01  7.83e-01  4.57e+05	11.0341 72.6814 0.2888	
9.834503 299.280988	6.25e-01  8.04e-01  4.34e+05	1.6335 84.6104 0.3629	
9.834503 299.280988	4.41e-01  8.32e-01  4.64e+05	2.9057 69.6634 0.2495	
9.834503 299.280988	4.50e-01  8.75e-01  4.54e+05	8.8671 74.7977 0.8129	
9.834503 299.280988	5.80e-01  8.22e-01  4.39e+05	14.2108 81.1664 0.8085	
9.834503 299.280988	5.68e-01  7.09e-01  4.63e+05	-12.5924 69.0826 0.2341	
9.834503 299.280988	4.51e-01  8.47e-01  4.59e+05	0.7799 72.5946 0.4480	
9.834503 299.280988	6.21e-01  8.23e-01  4.32e+05	15.9094 84.3858 0.7660	
9.834503 299.280988	5.71e-01  8.26e-01  4.40e+05	22.9402 78.7701 0.0064	
9.834503 299.280988	5.33e-01  6.58e-01  4.82e+05	-21.7154 55.3341 0.0253	
9.834503 299.280988	7.05e-01  8.05e-01  4.20e+05	24.0699 87.5134 0.9201	
9.834503 299.280988	5.99e-01  8.87e-01  4.24e+05	-15.4087 87.7236 0.2625	
9.834503 299.280988	6.96e-01  9.18e-01  4.03e+05	15.6618 96.3911 0.1286	
9.834503 299.280988	5.74e-01  7.40e-01  4.56e+05	31.6930 67.1065 0.9979	
9.834503 299.280988	3.47e-01  9.43e-01  4.61e+05	12.8719 70.5476 0.6973	
9.834503 299.280988	3.95e-01  8.70e-01  4.66e+05	-29.9931 62.0566 0.7350	
9.834503 299.280988	6.62e-01  8.75e-01  4.16e+05	-44.0038 81.5639 0.8800	
9.834503 299.280988	4.80e-01  8.24e-01  4.58e+05	-17.3731 71.0876 0.6964	
9.834503 299.280988	5.65e-01  6.96e-01  4.67e+05	-11.6582 67.4529 0.3725	
9.834503 299.280988	7.00e-01  8.88e-01  4.08e+05	59.7125 75.1893 0.5336	
9.834503 299.280988	7.27e-01  7.79e-01  4.21e+05	38.7505 81.8038 0.8932	
9.834503 299.280988	6.75e-01  8.20e-01  4.23e+05	21.4618 87.1203 0.4815	
9.834503 299.280988	5.31e-01  7.19e-01  4.69e+05	2.0180 67.1362 0.4515	
9.834503 299.280988	4.92e-01  7.47e-01  4.71e+05	-20.4267 62.5593 0.0959	
9.834503 299.280988	5.53e-01  8.90e-01  4.32e+05	-29.1061 80.7103 0.9623	
9.834503 299.280988	4.30e-01  8.39e-01  4.65e+05	19.9127 66.4235 0.1834	
9.834503 299.280988	6.82e-01  8.39e-01  4.18e+05	-64.6471 64.8953 0.9851	
9.834503 299.280988	4.16e-01  7.26e-01  4.92e+05	-28.0717 43.6085 0.3321	
9.834503 299.280988	4.84e-01  6.74e-01  4.89e+05	15.7103 52.1017 0.8034	
9.834503 299.280988	6.08e-01  7.84e-01  4.41e+05	-43.6300 68.8700 0.1984	
9.834503 299.280988	6.24e-01  7.11e-01  4.52e+05	-11.5037 75.3967 0.3227	
9.834503 299.280988	5.01e-01  8.81e-01  4.43e+05	4.9312 80.5273 0.8019	
9.834503 299.280988	5.41e-01  7.84e-01  4.54e+05	-6.1631 75.0558 0.3516	
9.834503 299.280988	4.76e-01  8.46e-01  4.54e+05	-12.4949 73.9491 0.0853	
9.834503 299.280988	5.86e-01  8.55e-01  4.32e+05	10.3819 84.9706 0.7843	
9.834503 299.280988	5.62e-01  8.40e-01  4.39e+05	-19.6931 80.0535 0.8260	
9.834503 299.280988	5.21e-01  9.30e-01  4.30e+05	12.3679 85.5250 0.6216	
9.834503 299.280988	6.11e-01  8.56e-01  4.28e+05	-40.1870 77.8849 0.7589	
9.834503 299.280988	7.17e-01  8.49e-01  4.11e+05	26.1259 90.9508 0.4242	
9.834503 299.280988	6.38e-01  7.83e-01  4.36e+05	30.1868 78.3660 0.4247	
9.834503 299.280988	7.03e-01  8.48e-01  4.14e+05	-10.3637 93.0492 0.5674	
9.834503 299.280988	8.29e-01  8.57e-01  3.93e+05	-15.6281 100.5625 0.6310	
9.834503 299.280988	5.84e-01  8.23e-01  4.38e+05	14.2702 81.5417 0.3284	
9.834503 299.280988	6.18e-01  8.18e-01  4.33e+05	20.7807 82.6224 0.6894	
9.834503 299.280988	5.34e-01  8.59e-01  4.41e+05	-43.6805 68.9420 0.4635	
9.834503 299.280988	5.26e-01  7.16e-01  4.71e+05	10.3061 65.2780 0.3400	
9.834503 299.280988	6.52e-01  7.84e-01  4.33e+05	-5.0787 85.1001 0.3531	
9.834503 299.280988	5.32e-01  7.19e-01  4.69e+05	-2.9249 67.2395 0.2538	
9.834503 299.280988	5.48e-01  9.25e-01  4.26e+05	-23.4866 84.9532 0.6168	
9.834503 299.280988	5.11e-01  8.70e-01  4.43e+05	5.0910 80.3922 0.0101	
9.834503 299.280988	7.40e-01  8.44e-01  4.08e+05	-2.7792 95.7091 0.6460	
9.834503 299.280988	7.30e-01  8.24e-01  4.13e+05	21.7242 91.2444 0.2962	
9.834503 299.280988	7.07e-01  8.48e-01  4.13e+05	13.8699 92.8385 0.3758	
9.834503 299.280988	6.74e-01  8.42e-01  4.19e+05	-31.8537 85.4845 0.1835	
9.834503 299.280988	6.05e-01  6.92e-01  4.59e+05	14.5222 71.0056 0.4725	
9.834503 299.280988	7.79e-01  9.61e-01  3.85e+05	-3.1801 104.6340 0.8521	
9.834503 299.280988	4.01e-01  8.28e-01  4.73e+05	-3.8017 64.3965 0.6473	
9.834503 299.280988	6.78e-01  8.62e-01  4.15e+05	-0.4652 92.9252 0.1910	
9.834503 299.280988	7.18e-01  8.49e-01  4.11e+05	35.6933 87.6501 0.2049	
9.834503 299.280988	5.29e-01  7.77e-01  4.57e+05	-3.0157 73.3066 0.3275	
9.834503 299.280988	5.64e-01  6.74e-01  4.71e+05	18.0916 63.1247 0.5945	
9.834503 299.280988	5.97e-01  8.63e-01  4.29e+05	31.0305 81.4145 0.2652	
9.834503 299.280988	5.93e-01  6.53e-01  4.70e+05	-13.7411 65.2355 0.1912	
9.834503 299.280988	6.33e-01  7.56e-01  4.42e+05	-25.6215 77.1296 0.3426	
9.834503 299.280988	7.52e-01  9.57e-01  3.89e+05	-1.1061 103.0580 0.5466	
9.834503 299.280988	6.89e-01  8.50e-01  4.15e+05	-4.4171 92.7280 0.8008	
9.834503 299.280988	6.88e-01  8.36e-01  4.18e+05	-28.1123 87.3841 0.7540	
9.834503 299.280988	4.85e-01  7.99e-01  4.62e+05	-7.2134 70.6007 0.4494	
9.834503 299.280988	5.04e-01  8.85e-01  4.42e+05	29.5327 75.6660 0.3581	
9.834503 299.280988	7.83e-01  8.91e-01  3.95e+05	-14.4743 100.0317 0.2618	
9.834503 299.280988	5.74e-01  7.02e-01  4.64e+05	-44.0107 54.6122 0.1175	
9.834503 299.280988	6.53e-01  7.69e-01  4.35e+05	-10.9895 83.3910 0.2049	
9.834503 299.280988	8.27e-01  9.37e-01  3.82e+05	35.3360 99.8439 0.7925	
9.834503 299.280988	6.61e-01  8.94e-01  4.13e+05	-1.1029 93.8858 0.9289	
9.834503 299.280988	5.19e-01  8.59e-01  4.44e+05	2.7690 80.2658 0.5464	
9.834503 299.280988	8.48e-01  9.17e-01  3.81e+05	-41.1319 97.6661 0.2529	
9.834503 299.280988	4.75e-01  7.10e-01  4.83e+05	7.5156 58.0986 0.7063	
9.834503 299.280988	5.02e-01  7.32e-01  4.72e+05	-16.8894 62.8709 0.1649	
9.834503 299.280988	2.97e-01  8.88e-01  4.83e+05	-34.9964 47.0225 0.0702	
9.834503 299.280988	4.69e-01  9.07e-01  4.44e+05	-12.0225 79.1775 0.5573	
9.834503 299.280988	4.31e-01  9.63e-01  4.41e+05	-14.9907 80.3952 0.3292	
9.834503 299.280988	7.29e-01  9.16e-01  3.99e+05	-25.0972 96.2499 0.7155	
9.834503 299.280988	7.50e-01  8.38e-01  4.07e+05	39.7857 87.4433 0.9763	
9.834503 299.280988	5.99e-01  9.50e-01  4.14e+05	0.0282 93.5122 0.8770	
9.834503 299.280988	6.03e-01  7.34e-01  4.51e+05	7.4985 76.1696 0.4859	
9.834503 299.280988	6.01e-01  9.56e-01  4.12e+05	-9.0409 93.6323 0.2339	
9.834503 299.280988	5.47e-01  7.90e-01  4.51e+05	21.1139 73.4733 0.1672	
9.834503 299.280988	5.45e-01  6.94e-01  4.71e+05	13.7372 64.3741 0.4876	
9.834503 299.280988	6.03e-01  7.47e-01  4.49e+05	5.9308 77.4923 0.4404	
9.834503 299.280988	6.58e-01  7.54e-01  4.37e+05	40.9322 72.5122 0.3919	
9.834503 299.280988	8.57e-01  9.27e-01  3.79e+05	38.5336 99.7037 0.8474	
9.834503 299.280988	5.15e-01  7.25e-01  4.71e+05	17.3487 63.6860 0.0338	
9.834503 299.280988	6.97e-01  7.66e-01  4.28e+05	-41.8820 76.6327 0.3525	
9.834503 299.280988	6.81e-01  8.77e-01  4.12e+05	-3.6216 94.0112 0.2725	
9.834503 299.280988	7.92e-01  9.37e-01  3.86e+05	11.3904 103.5136 0.8876	
9.834503 299.280988	6.07e-01  8.17e-01  4.35e+05	-2.8297 84.2026 0.1902	
9.834503 299.280988	7.09e-01  8.65e-01  4.10e+05	-6.1784 94.8831 0.6035	
9.834503 299.280988	3.36e-01  8.60e-01  4.81e+05	18.5998 57.1341 0.7959	
9.834503 299.280988	5.87e-01  7.36e-01  4.54e+05	-26.0199 70.4838 0.5929	
9.834503 299.280988	7.30e-01  7.94e-01  4.18e+05	-19.6775 89.6475 0.8871	
9.834503 299.280988	5.93e-01  9.36e-01  4.17e+05	29.8573 87.1641 0.1194	
9.834503 299.280988	6.27e-01  8.91e-01  4.19e+05	20.0668 89.1517 0.3534	
9.834503 299.280988	5.90e-01  7.21e-01  4.56e+05	37.0813 64.0170 0.9169	
9.834503 299.280988	5.20e-01  7.96e-01  4.56e+05	-22.8079 70.7533 0.2144	
9.834503 299.280988	5.75e-01  8.16e-01  4.41e+05	46.9165 66.5943 0.3214	
9.834503 299.280988	5.47e-01  9.16e-01  4.28e+05	44.6071 75.1189 0.8309	
9.834503 299.280988	5.05e-01  6.42e-01  4.91e+05	-18.3880 49.3388 0.7986	
9.834503 299.280988	6.17e-01  8.34e-01  4.31e+05	-12.5187 85.4496 0.3032	
9.834503 299.280988	5.55e-01  8.75e-01  4.34e+05	29.8043 79.3320 0.4529	
9.834503 299.280988	5.23e-01  7.52e-01  4.64e+05	0.8197 70.0027 0.4723	
9.834503 299.280988	2.68e-01  8.69e-01  4.94e+05	-0.1516 50.9978 0.8082	
9.834503 299.280988	4.13e-01  8.97e-01  4.57e+05	32.2586 66.4208 0.8760	
9.834503 299.280988	5.64e-01  8.24e-01  4.42e+05	-4.0021 81.1553 0.8284	
9.834503 299.280988	6.16e-01  8.51e-01  4.28e+05	32.4229 81.4703 0.4666	
9.834503 299.280988	4.70e-01  8.32e-01  4.58e+05	6.4405 72.6264 0.5596	
9.834503 299.280988	6.58e-01  9.26e-01  4.08e+05	-7.5805 95.4943 0.2459	
9.834503 299.280988	5.90e-01  9.13e-01  4.21e+05	-4.1988 90.2254 0.5384	
9.834503 299.280988	4.69e-01  7.89e-01  4.67e+05	-2.9565 68.0688 0.7829	
9.834503 299.280988	7.35e-01  7.65e-01  4.22e+05	3.8084 89.9798 0.9189	
9.834503 299.280988	5.27e-01  9.28e-01  4.30e+05	28.0538 82.1148 0.5033	
9.834503 299.280988	5.27e-01  8.52e-01  4.43e+05	23.0024 77.1126 0.9315	
9.834503 299.280988	6.54e-01  7.41e-01  4.41e+05	44.1769 68.8182 0.6610	
9.834503 299.280988	6.69e-01  9.79e-01  3.98e+05	-27.1963 95.8415 0.3194	
9.834503 299.280988	6.18e-01  8.96e-01  4.20e+05	21.7600 88.4257 0.2453	
9.834503 299.280988	5.54e-01  8.49e-01  4.39e+05	-29.1441 77.2045 0.2900	
9.834503 299.280988	4.57e-01  7.17e-01  4.85e+05	0.4464 57.0149 0.2154	
9.834503 299.280988	5.94e-01  8.59e-01  4.30e+05	20.5908 84.0800 0.5828	
9.834503 299.280988	7.76e-01  9.05e-01  3.94e+05	12.5683 100.7227 0.5198	
9.834503 299.280988	6.61e-01  7.70e-01  4.34e+05	-16.9098 83.0688 0.6311	
9.834503 299.280988	8.35e-01  9.38e-01  3.81e+05	-1.2452 106.2979 0.8296	
9.834503 299.280988	6.59e-01  7.79e-01  4.33e+05	-33.9179 78.3835 0.9202	
9.834503 299.280988	4.14e-01  8.59e-01  4.64e+05	-37.5728 58.7428 0.5893	
9.834503 299.280988	5.06e-01  8.85e-01  4.41e+05	18.2108 79.3320 0.8869	
9.834503 299.280988	6.54e-01  6.94e-01  4.49e+05	2.9235 77.4998 0.3596	
9.834503 299.280988	4.67e-01  9.44e-01  4.38e+05	-16.0547 81.5976 0.9800	
9.834503 299.280988	5.39e-01  7.72e-01  4.56e+05	-16.1345 72.1766 0.9870	
9.834503 299.280988	5.63e-01  7.54e-01  4.55e+05	-14.8256 73.0312 0.2899	
9.834503 299.280988	6.57e-01  7.50e-01  4.38e+05	-6.2839 82.6417 0.5508	
9.834503 299.280988	5.91e-01  5.97e-01  4.82e+05	7.2050 58.6060 0.1955	
9.834503 299.280988	7.59e-01  8.32e-01  4.07e+05	-32.7479 90.4595 0.4451	
9.834503 299.280988	8.25e-01  9.17e-01  3.85e+05	19.7355 102.8824 0.1046	
9.834503 299.280988	5.19e-01  7.86e-01  4.58e+05	-11.5321 72.3183 0.4274	
9.834503 299.280988	4.48e-01  8.02e-01  4.69e+05	2.8582 67.1478 0.8036	
9.834503 299.280988	5.20e-01  9.41e-01  4.29e+05	11.9535 86.3227 0.1588	
9.834503 299.280988	4.97e-01  7.46e-01  4.70e+05	-7.1291 65.8933 0.0156	
9.834503 299.280988	6.51e-01  7.85e-01  4.33e+05	28.9721 80.1443 0.0580	
9.834503 299.280988	5.74e-01  7.00e-01  4.64e+05	-25.3470 65.2591 0.5932	
9.834503 299.280988	3.49e-01  8.70e-01  4.75e+05	-7.7377 62.8110 0.1658	
9.834503 299.280988	6.14e-01  9.19e-01  4.17e+05	-21.0914 89.9408 0.9724	
9.834503 299.280988	5.18e-01  6.45e-01  4.88e+05	-16.2310 52.8364 0.1452	
9.834503 299.280988	4.91e-01  9.35e-01  4.35e+05	-24.8695 80.6890 0.3019	
9.834503 299.280988	6.79e-01  8.25e-01  4.21e+05	3.6036 90.3119 0.3283	
9.834503 299.280988	4.33e-01  8.54e-01  4.61e+05	-25.9233 66.4967 0.9649	
9.834503 299.280988	6.05e-01  9.10e-01  4.19e+05	13.6783 90.1069 0.3304	
9.834503 299.280988	7.56e-01  9.81e-01  3.86e+05	-27.1502 100.9002 0.9254	
9.834503 299.280988	5.62e-01  7.89e-01  4.49e+05	-15.2750 76.3398 0.8049	
9.834503 299.280988	5.82e-01  6.67e-01  4.69e+05	31.5726 59.1431 0.8439	
9.834503 299.280988	3.64e-01  8.33e-01  4.80e+05	-18.8795 57.3005 0.6898	
9.834503 299.280988	7.55e-01  8.94e-01  3.98e+05	6.7034 99.4505 0.9298	
9.834503 299.280988	5.11e-01  8.22e-01  4.52e+05	-5.8849 75.8906 0.0227	
9.834503 299.280988	5.58e-01  7.86e-01  4.50e+05	6.9650 76.8014 0.5669	
9.834503 299.280988	6.62e-01  7.69e-01  4.34e+05	21.2226 82.1644 0.3042	
9.834503 299.280988	3.97e-01  7.52e-01  4.91e+05	25.8818 46.1794 0.6290	
9.834503 299.280988	5.66e-01  9.63e-01  4.17e+05	-14.8802 90.9003 0.4670	
9.834503 299.280988	5.33e-01  6.85e-01  4.76e+05	-34.0741 53.1867 0.2189	
9.834503 299.280988	6.31e-01  8.64e-01  4.23e+05	-2.8784 89.6745 0.2363	
9.834503 299.280988	6.38e-01  8.92e-01  4.17e+05	41.9082 82.0480 0.0684	
9.834503 299.280988	7.06e-01  8.12e-01  4.19e+05	18.9061 89.4258 0.9055	
9.834503 299.280988	8.43e-01  9.58e-01  3.77e+05	51.4790 94.6160 0.0072	
9.834503 299.280988	5.79e-01  9.27e-01  4.21e+05	-30.5101 85.1890 0.7364	
9.834503 299.280988	4.64e-01  8.07e-01  4.64e+05	0.8401 69.6090 0.8505	
9.834503 299.280988	5.66e-01  7.68e-01  4.52e+05	-27.8086 70.9182 0.2566	
9.834503 299.280988	4.62e-01  7.29e-01  4.81e+05	9.3132 58.8307 0.7492	
9.834503 299.280988	4.05e-01  7.16e-01  4.98e+05	-6.2342 47.5305 0.9998	
9.834503 299.280988	6.06e-01  8.61e-01  4.28e+05	13.9331 86.4914 0.5678	
9.834503 299.280988	5.82e-01  8.70e-01  4.30e+05	-21.8532 83.6775 0.9159	
9.834503 299.280988	5.22e-01  9.49e-01  4.27e+05	-16.0845 86.4705 0.9957	
9.834503 299.280988	5.39e-01  9.03e-01  4.32e+05	10.0520 85.1161 0.7554	
9.834503 299.280988	6.22e-01  8.34e-01  4.29e+05	-24.2838 83.3452 0.1065	
9.834503 299.280988	7.05e-01  7.46e-01  4.30e+05	2.5119 86.3347 0.2837	
9.834503 299.280988	5.18e-01  7.65e-01  4.62e+05	-43.2188 56.2822 0.9966	
9.834503 299.280988	7.14e-01  9.27e-01  3.99e+05	-3.9705 99.1421 0.5622	
9.834503 299.280988	5.94e-01  9.58e-01  4.13e+05	-1.1767 93.6495 0.1216	
9.834503 299.280988	6.95e-01  7.77e-01  4.27e+05	6.3700 87.7629 0.8787	
9.834503 299.280988	5.78e-01  7.34e-01  4.56e+05	-7.6157 73.5721 0.6849	
9.834503 299.280988	5.67e-01  7.97e-01  4.46e+05	34.1023 71.4030 0.9468	
9.834503 299.280988	6.97e-01  9.00e-01  4.06e+05	53.9046 80.1526 0.9762	
9.834503 299.280988	7.28e-01  8.56e-01  4.08e+05	5.3199 95.5969 0.2133	
9.834503 299.280988	4.90e-01  8.34e-01  4.54e+05	11.2663 74.3049 0.6943	
9.834503 299.280988	5.10e-01  6.40e-01  4.91e+05	11.3312 51.9389 0.2322	
9.834503 299.280988	7.58e-01  9.36e-01  3.92e+05	-6.2567 102.0252 0.6608	
9.834503 299.280988	8.07e-01  9.01e-01  3.90e+05	23.1348 100.3654 0.8921	
9.834503 299.280988	3.84e-01  8.44e-01  4.73e+05	-29.5487 57.2561 0.8666	
9.834503 299.280988	6.97e-01  9.66e-01  3.96e+05	-27.2107 96.7278 0.2540	
9.834503 299.280988	5.85e-01  9.31e-01  4.19e+05	11.4626 90.4832 0.0375	
9.834503 299.280988	6.11e-01  7.46e-01  4.48e+05	16.5358 76.5831 0.5135	
9.834503 299.280988	5.03e-01  7.51e-01  4.68e+05	-10.3796 66.7457 0.4967	
9.834503 299.280988	5.70e-01  9.09e-01  4.26e+05	22.8368 85.5536 0.7493	
9.834503 299.280988	5.67e-01  7.92e-01  4.47e+05	35.0740 70.3910 0.7330	
9.834503 299.280988	4.81e-01  9.13e-01  4.41e+05	23.8140 78.1995 0.9692	
9.834503 299.280988	6.97e-01  9.59e-01  3.97e+05	0.3982 100.1221 0.5174	
9.834503 299.280988	5.25e-01  7.71e-01  4.59e+05	18.1862 70.0921 0.5184	
9.834503 299.280988	5.43e-01  8.42e-01  4.42e+05	50.9549 62.9200 0.3805	
9.834503 299.280988	3.89e-01  8.61e-01  4.69e+05	-9.5432 66.4458 0.9850	
9.834503 299.280988	8.11e-01  8.87e-01  3.91e+05	-8.5725 102.1377 0.5426	
9.834503 299.280988	4.73e-01  7.91e-01  4.66e+05	10.0768 68.0673 0.3568	
9.834503 299.280988	7.68e-01  8.54e-01  4.02e+05	16.0973 96.7712 0.5859	
9.834503 299.280988	6.83e-01  7.70e-01  4.30e+05	-29.6442 81.2820 0.4356	
9.834503 299.280988	5.70e-01  7.41e-01  4.57e+05	12.8924 72.7373 0.0170	
9.834503 299.280988	5.32e-01  7.64e-01  4.59e+05	0.0139 72.3156 0.9155	
9.834503 299.280988	5.22e-01  8.11e-01  4.52e+05	3.9260 76.0289 0.7329	
9.834503 299.280988	5.28e-01  8.34e-01  4.47e+05	-13.0999 77.7867 0.0983	
9.834503 299.280988	3.92e-01  8.51e-01  4.70e+05	30.0282 59.1111 0.9929	
9.834503 299.280988	8.18e-01  9.22e-01  3.85e+05	14.6719 103.6654 0.1041	
9.834503 299.280988	6.06e-01  8.59e-01  4.28e+05	-22.7084 84.4343 0.6250	
9.834503 299.280988	5.72e-01  9.67e-01  4.15e+05	-0.9861 92.8335 0.0040	
9.834503 299.280988	5.46e-01  8.16e-01  4.47e+05	-24.9641 74.7885 0.6934	
9.834503 299.280988	3.94e-01  8.13e-01  4.78e+05	-0.3728 61.6390 0.9190	
9.834503 299.280988	6.19e-01  8.52e-01  4.27e+05	-45.9781 74.9013 0.0616	
9.834503 299.280988	6.00e-01  8.28e-01  4.34e+05	28.9522 79.4873 0.7916	
9.834503 299.280988	5.53e-01  7.49e-01  4.58e+05	4.0005 72.8503 0.7178	
9.834503 299.280988	6.53e-01  9.20e-01  4.10e+05	37.4911 87.3253 0.1632	
9.834503 299.280988	6.53e-01  9.58e-01  4.04e+05	16.5457 96.0082 0.7658	
9.834503 299.280988	7.25e-01  8.35e-01  4.12e+05	-8.2679 93.8131 0.8028	
9.834503 299.280988	6.33e-01  7.39e-01  4.45e+05	-26.0944 75.3460 0.7413	
9.834503 299.280988	6.23e-01  7.17e-01  4.51e+05	10.8007 76.0893 0.2507	
9.834503 299.280988	6.30e-01  9.30e-01  4.12e+05	29.1073 89.5409 0.8402	
9.834503 299.280988	5.48e-01  7.95e-01  4.50e+05	-50.5970 58.1847 0.4419	
9.834503 299.280988	5.83e-01  6.59e-01  4.71e+05	-5.3215 65.9801 0.5372	
9.834503 299.280988	6.92e-01  8.94e-01  4.08e+05	-6.7938 95.6247 0.9114	
9.834503 299.280988	5.70e-01  6.63e-01  4.72e+05	20.3793 61.7888 0.6498	
9.834503 299.280988	4.73e-01  7.68e-01  4.71e+05	-13.7715 64.5775 0.9633	
9.834503 299.280988	6.42e-01  9.56e-01  4.06e+05	-66.9945 69.6485 0.6514	
9.834503 299.280988	5.42e-01  7.59e-01  4.59e+05	3.0195 72.7544 0.8762	
9.834503 299.280988	5.75e-01  6.68e-01  4.70e+05	3.2398 66.2139 0.8891	
9.834503 299.280988	6.87e-01  8.12e-01  4.22e+05	-12.3324 89.2097 0.7035	
9.834503 299.280988	4.49e-01  9.30e-01  4.43e+05	9.6893 79.8514 0.4945	
9.834503 299.280988	7.22e-01  8.05e-01  4.17e+05	-8.7103 91.5755 0.4442	
9.834503 299.280988	5.33e-01  6.46e-01  4.84e+05	-10.9110 56.7285 0.2504	
9.834503 299.280988	5.55e-01  9.25e-01  4.25e+05	6.1311 88.4213 0.4715	
9.834503 299.280988	5.29e-01  9.36e-01  4.28e+05	5.5673 87.3114 0.5388	
9.834503 299.280988	4.58e-01  7.57e-01  4.76e+05	24.0691 57.9438 0.3632	
9.834503 299.280988	4.46e-01  7.40e-01  4.83e+05	-21.1157 54.7849 0.1989	
9.834503 299.280988	4.83e-01  7.17e-01  4.80e+05	-4.3318 60.5326 0.9904	
9.834503 299.280988	5.43e-01  7.44e-01  4.61e+05	-32.4587 63.5114 0.4434	
9.834503 299.280988	5.24e-01  8.12e-01  4.52e+05	15.3773 74.8169 0.8518	
9.834503 299.280988	6.37e-01  8.98e-01  4.16e+05	-17.2147 90.8842 0.2639	
9.834503 299.280988	7.69e-01  8.66e-01  4.00e+05	29.9752 94.2188 0.8153	
9.834503 299.280988	6.20e-01  6.96e-01  4.55e+05	-15.5971 72.7655 0.0396	
9.834503 299.280988	6.80e-01  7.79e-01  4.29e+05	-40.8706 76.8966 0.1501	
9.834503 299.280988	6.96e-01  7.72e-01  4.27e+05	-31.4042 81.9120 0.7541	
9.834503 299.280988	7.15e-01  7.48e-01  4.28e+05	14.6650 86.1038 0.9136	
9.834503 299.280988	6.47e-01  7.61e-01  4.38e+05	-33.6117 75.7230 0.8554	
9.834503 299.280988	3.90e-01  9.34e-01  4.54e+05	-16.2468 73.4042 0.3717	
9.834503 299.280988	6.13e-01  8.33e-01  4.31e+05	-7.2049 85.6691 0.9333	
9.834503 299.280988	6.59e-01  7.57e-01  4.37e+05	-14.4881 82.2871 0.3418	
9.834503 299.280988	4.15e-01  8.25e-01  4.71e+05	25.8308 60.5891 0.6543	
9.834503 299.280988	5.24e-01  7.87e-01  4.57e+05	11.1139 73.0385 0.1241	
9.834503 299.280988	6.23e-01  7.92e-01  4.37e+05	46.2870 69.4814 0.0584	
9.834503 299.280988	7.04e-01  8.80e-01  4.08e+05	-32.2478 90.1708 0.7330	
9.834503 299.280988	4.06e-01  8.36e-01  4.70e+05	-15.3803 64.4181 0.3488	
9.834503 299.280988	4.91e-01  9.39e-01  4.34e+05	35.6979 76.8033 0.4637	
9.834503 299.280988	5.21e-01  8.87e-01  4.38e+05	-24.7236 79.1477 0.1663	
9.834503 299.280988	6.90e-01  9.25e-01  4.03e+05	-5.8257 97.5262 0.9715	
9.834503 299.280988	5.16e-01  8.61e-01  4.44e+05	-14.4017 78.9123 0.6226	
9.834503 299.280988	6.72e-01  7.38e-01  4.38e+05	27.6604 78.3666 0.1121	
9.834503 299.280988	6.37e-01  9.13e-01  4.14e+05	46.1863 81.3195 0.8977	
9.834503 299.280988	4.54e-01  8.53e-01  4.57e+05	41.9250 60.3692 0.0035	
9.834503 299.280988	4.19e-01  9.44e-01  4.47e+05	-26.2784 74.3705 0.5277	
9.834503 299.280988	6.78e-01  9.48e-01  4.02e+05	-41.9895 88.9416 0.9978	
9.834503 299.280988	5.79e-01  8.40e-01  4.36e+05	12.2051 82.8821 0.8070	
9.834503 299.280988	6.18e-01  8.32e-01  4.31e+05	2.3313 86.2856 0.1099	
9.834503 299.280988	5.53e-01  8.33e-01  4.42e+05	-30.8622 74.9296 0.6642	
9.834503 299.280988	7.07e-01  7.67e-01  4.26e+05	3.8738 88.1068 0.9625	
9.834503 299.280988	5.52e-01  7.31e-01  4.62e+05	-12.5142 69.8889 0.1636	
9.834503 299.280988	5.96e-01  8.82e-01  4.26e+05	-23.4836 85.3140 0.6322	
9.834503 299.280988	6.78e-01  7.59e-01  4.33e+05	-8.5342 84.8880 0.7737	
9.834503 299.280988	4.84e-01  8.67e-01  4.49e+05	17.5185 75.8384 0.7369	
9.834503 299.280988	8.37e-01  9.70e-01  3.76e+05	1.8071 107.9964 0.9855	
9.834503 299.280988	5.40e-01  7.46e-01  4.62e+05	-25.1319 66.6307 0.8504	
9.834503 299.280988	7.23e-01  9.71e-01  3.92e+05	30.2035 97.6508 0.9118	
9.834503 299.280988	4.77e-01  7.57e-01  4.72e+05	-4.3713 65.1271 0.2843	
9.834503 299.280988	5.20e-01  7.63e-01  4.62e+05	7.6873 70.5214 0.5806	
9.834503 299.280988	4.74e-01  8.24e-01  4.59e+05	1.0999 72.5192 0.2916	
9.834503 299.280988	5.76e-01  6.11e-01  4.82e+05	21.8956 54.7951 0.3016	
9.834503 299.280988	6.00e-01  8.15e-01  4.37e+05	42.0157 72.1478 0.0031	
9.834503 299.280988	3.85e-01  7.84e-01  4.86e+05	24.4001 50.6122 0.8904	
9.834503 299.280988	5.12e-01  9.51e-01  4.28e+05	46.8838 73.6679 0.2783	
9.834503 299.280988	4.57e-01  9.08e-01  4.46e+05	27.2817 74.2354 0.8073	
9.834503 299.280988	5.40e-01  8.52e-01  4.41e+05	-16.4388 79.8704 0.0777	
9.834503 299.280988	4.93e-01  7.29e-01  4.75e+05	2.7108 63.5513 0.2914	
9.834503 299.280988	5.46e-01  6.98e-01  4.70e+05	16.1017 64.4017 0.7293	
9.834503 299.280988	6.06e-01  7.35e-01  4.51e+05	32.4946 69.6675 0.3882	
9.834503 299.280988	6.56e-01  8.44e-01  4.22e+05	4.9451 89.9043 0.2940	
9.834503 299.280988	7.90e-01  9.41e-01  3.86e+05	-4.3566 104.0819 0.6636	
9.834503 299.280988	3.12e-01  8.37e-01  4.91e+05	-7.1093 52.6164 0.9064	
9.834503 299.280988	3.87e-01  7.90e-01  4.85e+05	-3.1885 57.3989 0.0083	
9.834503 299.280988	4.85e-01  7.44e-01  4.73e+05	24.8725 59.6177 0.8077	
9.834503 299.280988	5.99e-01  8.62e-01  4.29e+05	2.7613 87.1711 0.6515	
9.834503 299.280988	5.39e-01  9.11e-01  4.31e+05	-15.5464 84.8622 0.6923	
9.834503 299.280988	7.58e-01  8.54e-01  4.04e+05	-28.7501 93.1891 0.0783	
9.834503 299.280988	6.14e-01  9.45e-01  4.12e+05	-36.3144 86.8410 0.2770	
9.834503 299.280988	7.91e-01  8.26e-01  4.03e+05	11.0819 97.1477 0.4104	
9.834503 299.280988	4.15e-01  7.48e-01  4.88e+05	-3.1838 55.2696 0.4984	
9.834503 299.280988	7.14e-01  7.95e-01  4.20e+05	22.7845 87.8179 0.1256	
9.834503 299.280988	5.50e-01  8.13e-01  4.46e+05	2.8574 78.9472 0.3727	
9.834503 299.280988	6.13e-01  9.39e-01  4.13e+05	-8.6345 93.2759 0.4878	
9.834503 299.280988	6.71e-01  9.14e-01  4.08e+05	24.9259 92.4868 0.4709	
9.834503 299.280988	7.62e-01  9.46e-01  3.90e+05	12.4380 102.2445 0.5346	
9.834503 299.280988	6.18e-01  9.49e-01  4.11e+05	49.1077 80.9921 0.5147	
9.834503 299.280988	5.10e-01  7.95e-01  4.58e+05	21.8515 69.9473 0.4915	
9.834503 299.280988	8.61e-01  9.27e-01  3.78e+05	72.1672 79.1680 0.5633	
9.834503 299.280988	6.66e-01  9.36e-01  4.05e+05	-20.6668 94.6590 0.4424	
9.834503 299.280988	6.67e-01  8.02e-01  4.27e+05	-23.7788 84.4564 0.8031	
9.834503 299.280988	6.04e-01  7.93e-01  4.40e+05	-16.5517 80.3124 0.1961	
9.834503 299.280988	6.15e-01  7.60e-01  4.44e+05	-11.3326 79.2546 0.7674	
9.834503 299.280988	5.36e-01  8.43e-01  4.43e+05	-0.0698 80.3988 0.5317	
9.834503 299.280988	2.94e-01  8.22e-01  4.99e+05	13.0893 45.2971 0.2429	
9.834503 299.280988	5.29e-01  8.93e-01  4.35e+05	-8.2868 83.6986 0.5643	
9.834503 299.280988	5.21e-01  7.56e-01  4.63e+05	-16.5011 68.2796 0.5146	
9.834503 299.280988	6.57e-01  9.48e-01  4.05e+05	47.9927 84.4128 0.4186	
9.834503 299.280988	8.50e-01  9.11e-01  3.82e+05	19.2365 103.9810 0.6969	
9.834503 299.280988	7.04e-01  9.38e-01  3.99e+05	-33.9136 93.3506 0.2602	
9.834503 299.280988	4.12e-01  9.51e-01  4.47e+05	-13.1519 77.8011 0.0487	
9.834503 299.280988	5.73e-01  6.81e-01  4.68e+05	2.9778 67.5777 0.7556	
9.834503 299.280988	4.25e-01  8.19e-01  4.70e+05	5.6275 66.2378 0.1401	
9.834503 299.280988	4.99e-01  7.54e-01  4.68e+05	-13.2765 66.2600 0.0044	
9.834503 299.280988	6.15e-01  7.63e-01  4.44e+05	-10.4698 79.5644 0.2850	
9.834503 299.280988	5.21e-01  5.63e-01  5.06e+05	6.3052 39.9569 0.4003	
9.834503 299.280988	7.55e-01  8.81e-01  4.00e+05	28.8884 94.6503 0.0323	
9.834503 299.280988	4.43e-01  7.81e-01  4.74e+05	6.7870 63.6094 0.6222	
9.834503 299.280988	5.13e-01  6.39e-01  4.90e+05	5.9568 53.2731 0.0198	
9.834503 299.280988	5.64e-01  8.54e-01  4.36e+05	14.6013 82.5025 0.0622	
9.834503 299.280988	4.59e-01  7.34e-01  4.81e+05	-34.0239 48.9761 0.2040	
9.834503 299.280988	5.86e-01  6.83e-01  4.65e+05	-2.8168 69.3577 0.1108	
9.834503 299.280988	6.76e-01  7.40e-01  4.37e+05	-11.5296 82.8323 0.4686	
9.834503 299.280988	5.42e-01  7.06e-01  4.69e+05	-17.5350 64.6185 0.0802	
9.834503 299.280988	5.54e-01  7.11e-01  4.66e+05	7.3867 68.5465 0.3454	
9.834503 299.280988	5.30e-01  8.68e-01  4.40e+05	-17.3402 80.1640 0.0264	
9.834503 299.280988	7.32e-01  8.20e-01  4.13e+05	26.1277 89.9794 0.5104	
9.834503 299.280988	5.35e-01  9.30e-01  4.28e+05	5.7826 87.2711 0.4444	
9.834503 299.280988	5.43e-01  8.41e-01  4.42e+05	9.5752 80.3236 0.3484	
9.834503 299.280988	7.48e-01  8.64e-01  4.04e+05	35.8081 90.7086 0.6352	
9.834503 299.280988	4.17e-01  8.07e-01  4.74e+05	-21.7436 60.1516 0.5962	
9.834503 299.280988	6.23e-01  7.82e-01  4.39e+05	-29.5925 77.1406 0.5365	
9.834503 299.280988	5.57e-01  7.44e-01  4.59e+05	-21.7026 69.4851 0.7272	
9.834503 299.280988	5.25e-01  8.10e-01  4.52e+05	-23.1152 72.7385 0.9425	
9.834503 299.280988	5.29e-01  7.50e-01  4.63e+05	-15.8356 68.6354 0.4357	
9.834503 299.280988	6.13e-01  7.74e-01  4.42e+05	-30.1112 75.3106 0.9072	
9.834503 299.280988	4.03e-01  7.63e-01  4.87e+05	-1.5287 55.8392 0.6119	
9.834503 299.280988	5.78e-01  8.26e-01  4.39e+05	-4.8449 82.4934 0.5056	
9.834503 299.280988	6.86e-01  7.89e-01  4.26e+05	-44.0727 76.4235 0.6984	
9.834503 299.280988	5.49e-01  6.59e-01  4.78e+05	-12.4964 60.5452 0.4044	
9.834503 299.280988	5.32e-01  8.92e-01  4.35e+05	15.3688 82.8588 0.7412	
9.834503 299.280988	5.32e-01  8.90e-01  4.36e+05	11.2116 83.3523 0.1835	
9.834503 299.280988	8.01e-01  9.24e-01  3.87e+05	-51.2107 90.3906 0.2999	
9.834503 299.280988	4.12e-01  8.08e-01  4.75e+05	-9.1357 62.7760 0.0648	
9.834503 299.280988	5.89e-01  9.82e-01  4.10e+05	5.3252 94.8012 0.6137	
9.834503 299.280988	6.84e-01  7.41e-01  4.35e+05	3.8358 84.2715 0.3892	
9.834503 299.280988	6.93e-01  8.52e-01  4.15e+05	7.4729 92.9017 0.6208	
9.834503 299.280988	5.64e-01  7.90e-01  4.48e+05	8.3640 77.6358 0.3146	
9.834503 299.280988	4.77e-01  8.62e-01  4.51e+05	11.1789 75.8913 0.9765	
9.834503 299.280988	6.92e-01  8.40e-01  4.17e+05	7.1858 92.1000 0.1601	
9.834503 299.280988	5.18e-01  8.81e-01  4.40e+05	-21.1988 79.3508 0.5040	
9.834503 299.280988	6.25e-01  8.50e-01  4.26e+05	-12.6673 87.3749 0.7011	
9.834503 299.280988	6.05e-01  7.85e-01  4.41e+05	-39.6872 71.0517 0.2981	
9.834503 299.280988	6.35e-01  8.99e-01  4.16e+05	45.3341 80.5671 0.0330	
9.834503 299.280988	5.11e-01  6.92e-01  4.79e+05	-29.2886 53.6854 0.1598	
9.834503 299.280988	5.05e-01  7.70e-01  4.64e+05	-1.5610 70.0055 0.4495	
9.834503 299.280988	6.56e-01  9.15e-01  4.10e+05	1.6729 94.8838 0.1191	
9.834503 299.280988	5.49e-01  6.83e-01  4.73e+05	-21.4552 61.3220 0.5317	
9.834503 299.280988	6.78e-01  8.80e-01  4.12e+05	-16.7482 92.5921 0.4351	
9.834503 299.280988	4.33e-01  6.96e-01  4.95e+05	6.4456 49.1751 0.0641	
9.834503 299.280988	3.84e-01  7.72e-01  4.89e+05	-3.4621 54.1326 0.5504	
9.834503 299.280988	7.05e-01  9.21e-01  4.02e+05	-3.9913 98.2791 0.4064	
9.834503 299.280988	5.95e-01  8.75e-01  4.27e+05	-21.8165 85.1258 0.3625	
9.834503 299.280988	5.97e-01  9.15e-01  4.20e+05	32.1058 85.0752 0.5023	
9.834503 299.280988	3.83e-01  8.90e-01  4.64e+05	16.2020 67.8785 0.8938	
9.834503 299.280988	6.38e-01  8.00e-01  4.33e+05	3.0922 85.3458 0.1201	
9.834503 299.280988	4.40e-01  9.51e-01  4.41e+05	9.6863 80.8870 0.9405	
9.834503 299.280988	5.47e-01  8.11e-01  4.47e+05	-33.6911 70.9437 0.9523	
9.834503 299.280988	6.39e-01  7.88e-01  4.35e+05	5.9621 84.2985 0.4926	
9.834503 299.280988	6.65e-01  7.66e-01  4.34e+05	31.2324 78.8045 0.5739	
9.834503 299.280988	5.35e-01  9.62e-01  4.22e+05	-27.1428 85.6792 0.5035	
9.834503 299.280988	6.17e-01  9.58e-01  4.10e+05	44.0266 84.4135 0.8557	
9.834503 299.280988	5.00e-01  7.51e-01  4.69e+05	-32.3041 59.0294 0.6104	
9.834503 299.280988	6.06e-01  7.76e-01  4.43e+05	26.4048 76.2471 0.7920	
9.834503 299.280988	5.06e-01  6.45e-01  4.90e+05	-1.0576 53.3519 0.2130	
9.834503 299.280988	3.83e-01  9.41e-01  4.54e+05	-22.9292 71.5821 0.3375	
9.834503 299.280988	3.93e-01  8.08e-01  4.79e+05	-0.7845 60.8526 0.7466	
9.834503 299.280988	5.16e-01  7.35e-01  4.69e+05	34.1155 58.0078 0.2234	
9.834503 299.280988	5.89e-01  9.75e-01  4.11e+05	-27.0675 90.4885 0.3259	
9.834503 299.280988	5.24e-01  9.67e-01  4.24e+05	1.6960 89.3997 0.1376	
9.834503 299.280988	5.17e-01  8.72e-01  4.42e+05	0.8451 81.2172 0.8934	
9.834503 299.280988	6.83e-01  8.48e-01  4.17e+05	16.3848 90.7993 0.2975	
9.834503 299.280988	5.23e-01  9.37e-01  4.29e+05	-0.4678 87.1497 0.8687	
9.834503 299.280988	5.92e-01  7.16e-01  4.57e+05	7.4301 73.1674 0.2012	
9.834503 299.280988	5.52e-01  8.85e-01  4.33e+05	-10.1008 84.6759 0.9216	
9.834503 299.280988	6.71e-01  8.31e-01  4.22e+05	1.6162 90.2561 0.1496	
9.834503 299.280988	6.01e-01  7.32e-01  4.52e+05	21.7386 73.0160 0.5471	
9.834503 299.280988	5.94e-01  8.42e-01  4.33e+05	5.3621 85.0647 0.9679	
9.834503 299.280988	6.06e-01  8.25e-01  4.34e+05	3.5820 84.7928 0.4458	
9.834503 299.280988	6.51e-01  8.92e-01  4.15e+05	28.4692 88.6104 0.4942	
9.834503 299.280988	5.79e-01  7.53e-01  4.52e+05	5.0757 75.8923 0.5998	
9.834503 299.280988	6.50e-01  8.61e-01  4.20e+05	9.2969 90.3560 0.0181	
9.834503 299.280988	5.65e-01  8.15e-01  4.43e+05	19.7775 78.0065 0.0214	
9.834503 299.280988	6.41e-01  7.04e-01  4.50e+05	14.1679 75.9885 0.8917	
9.834503 299.280988	5.66e-01  8.41e-01  4.38e+05	-4.0614 82.7259 0.5545	
9.834503 299.280988	4.69e-01  8.59e-01  4.53e+05	28.0178 70.2226 0.1819	
9.834503 299.280988	8.87e-01  9.08e-01  3.77e+05	50.4962 94.8375 0.6136	
9.834503 299.280988	6.44e-01  8.66e-01  4.20e+05	-54.7966 72.3542 0.2761	
9.834503 299.280988	3.73e-01  7.31e-01  5.02e+05	-24.7101 37.1450 0.2198	
9.834503 299.280988	5.15e-01  8.15e-01  4.53e+05	-5.8005 75.5297 0.3321	
9.834503 299.280988	5.60e-01  9.64e-01  4.18e+05	-0.5287 91.7567 0.0716	
9.834503 299.280988	4.99e-01  8.07e-01  4.58e+05	14.4860 71.8732 0.2057	
9.834503 299.280988	2.55e-01  9.51e-01  4.78e+05	9.1258 60.9920 0.0949	
9.834503 299.280988	5.15e-01  9.24e-01  4.33e+05	-39.7004 75.6727 0.2813	
9.834503 299.280988	4.55e-01  7.53e-01  4.78e+05	-7.9680 61.3528 0.2652	
9.834503 299.280988	5.51e-01  7.42e-01  4.60e+05	-6.8991 71.6462 0.8645	
9.834503 299.280988	4.95e-01  5.76e-01  5.09e+05	0.2674 37.2537 0.9480	
9.834503 299.280988	4.08e-01  8.43e-01  4.69e+05	-37.6714 55.6330 0.4110	
9.834503 299.280988	6.68e-01  8.77e-01  4.14e+05	-38.0169 85.1580 0.7324	
9.834503 299.280988	4.08e-01  8.77e-01  4.62e+05	-12.7848 69.9554 0.0194	
9.834503 299.280988	6.08e-01  6.73e-01  4.62e+05	-30.5719 63.7791 0.8022	
9.834503 299.280988	6.40e-01  7.29e-01  4.45e+05	-7.8654 79.1106 0.8571	
9.834503 299.280988	7.22e-01  8.81e-01  4.05e+05	-0.1508 96.9735 0.9666	
9.834503 299.280988	6.08e-01  8.89e-01  4.23e+05	-15.9915 88.4082 0.7882	
9.834503 299.280988	3.94e-01  9.26e-01  4.55e+05	25.0795 70.4869 0.0522	
9.834503 299.280988	5.90e-01  7.93e-01  4.43e+05	-2.3460 80.7067 0.4337	
9.834503 299.280988	5.95e-01  9.62e-01  4.13e+05	-18.2817 92.2366 0.5704	
9.834503 299.280988	4.18e-01  9.24e-01  4.50e+05	-3.7649 76.8580 0.0567	
9.834503 299.280988	6.18e-01  7.65e-01  4.43e+05	3.9753 80.6414 0.0145	
9.834503 299.280988	5.02e-01  9.30e-01  4.34e+05	-21.6785 82.0347 0.9494	
9.834503 299.280988	5.86e-01  8.41e-01  4.35e+05	-37.4249 75.7492 0.4161	
9.834503 299.280988	6.87e-01  8.28e-01  4.19e+05	14.0215 90.1006 0.5160	
9.834503 299.280988	4.99e-01  7.83e-01  4.62e+05	-13.8182 69.4189 0.4832	
9.834503 299.280988	4.23e-01  7.66e-01  4.82e+05	-16.5595 56.8915 0.9101	
9.834503 299.280988	5.65e-01  7.72e-01  4.51e+05	-22.4137 73.1148 0.1695	
9.834503 299.280988	7.17e-01  7.88e-01  4.21e+05	-38.2347 81.8912 0.8981	
9.834503 299.280988	4.79e-01  8.68e-01  4.49e+05	-0.6417 77.4549 0.2700	
9.834503 299.280988	6.17e-01  6.55e-01  4.64e+05	19.9159 66.7232 0.6340	
9.834503 299.280988	5.67e-01  6.73e-01  4.71e+05	-6.0943 65.7278 0.9904	
9.834503 299.280988	4.89e-01  7.57e-01  4.70e+05	6.5839 66.3283 0.2542	
9.834503 299.280988	4.50e-01  7.97e-01  4.69e+05	20.8134 63.4812 0.6598	
9.834503 299.280988	5.62e-01  7.39e-01  4.58e+05	-18.1455 70.5541 0.9891	
9.834503 299.280988	5.72e-01  7.89e-01  4.47e+05	-5.2430 78.5272 0.3848	
9.834503 299.280988	4.84e-01  7.91e-01  4.64e+05	20.5135 66.9249 0.3343	
9.834503 299.280988	7.06e-01  8.59e-01  4.11e+05	43.5817 83.8518 0.8755	
9.834503 299.280988	6.65e-01  8.38e-01  4.21e+05	-22.2589 87.5351 0.0547	
9.834503 299.280988	6.11e-01  7.47e-01  4.47e+05	-19.3567 76.0258 0.6561	
9.834503 299.280988	7.15e-01  8.62e-01  4.09e+05	21.2243 92.8791 0.5439	
9.834503 299.280988	5.48e-01  8.25e-01  4.45e+05	-22.0939 76.7268 0.1741	
9.834503 299.280988	6.38e-01  7.52e-01  4.41e+05	-4.1382 81.3020 0.9212	
9.834503 299.280988	7.45e-01  9.11e-01  3.97e+05	-13.4932 99.1870 0.6197	
9.834503 299.280988	6.46e-01  8.92e-01  4.16e+05	-39.1139 84.0456 0.4464	
9.834503 299.280988	5.09e-01  6.86e-01  4.81e+05	-7.0524 59.5948 0.8066	
9.834503 299.280988	5.26e-01  7.78e-01  4.58e+05	7.5285 72.8570 0.2283	
9.834503 299.280988	6.27e-01  9.21e-01  4.14e+05	1.2166 93.3906 0.3715	
9.834503 299.280988	7.28e-01  9.27e-01  3.97e+05	-17.6815 98.4733 0.5694	
9.834503 299.280988	5.45e-01  9.20e-01  4.28e+05	-25.1515 83.7693 0.7209	
9.834503 299.280988	8.02e-01  9.10e-01  3.89e+05	0.3100 103.1825 0.1639	
9.834503 299.280988	6.10e-01  8.57e-01  4.28e+05	-4.1908 87.5052 0.0935	
9.834503 299.280988	6.76e-01  8.45e-01  4.18e+05	-33.7374 85.1162 0.9824	
9.834503 299.280988	5.67e-01  8.63e-01  4.34e+05	9.6284 84.1938 0.1320	
9.834503 299.280988	6.66e-01  9.03e-01  4.11e+05	-10.4901 94.2106 0.7824	
9.834503 299.280988	5.26e-01  7.57e-01  4.62e+05	13.2969 69.5925 0.3324	
9.834503 299.280988	5.60e-01  7.70e-01  4.53e+05	-38.9569 64.9451 0.3874	
9.834503 299.280988	5.00e-01  6.99e-01  4.80e+05	2.9829 60.4850 0.9075	
9.834503 299.280988	4.72e-01  7.92e-01  4.66e+05	1.9886 68.8211 0.7580	
9.834503 299.280988	6.92e-01  8.41e-01  4.16e+05	-16.8672 90.8440 0.1657	
9.834503 299.280988	5.37e-01  8.20e-01  4.48e+05	-15.6420 76.8192 0.5223	
9.834503 299.280988	6.91e-01  8.05e-01  4.23e+05	1.1357 89.7420 0.0065	
9.834503 299.280988	7.44e-01  8.89e-01  4.01e+05	1.2910 98.7236 0.9505	
9.834503 299.280988	4.56e-01  9.35e-01  4.41e+05	2.7245 81.3636 0.3787	
9.834503 299.280988	7.43e-01  9.22e-01  3.96e+05	7.6828 100.2830 0.9173	
9.834503 299.280988	7.08e-01  7.62e-01  4.27e+05	11.6765 87.0498 0.3341	
9.834503 299.280988	7.64e-01  9.00e-01  3.96e+05	17.3940 99.0207 0.7110	
9.834503 299.280988	5.31e-01  8.97e-01  4.34e+05	15.7721 83.0817 0.2835	
9.834503 299.280988	6.65e-01  8.75e-01  4.15e+05	25.1399 89.4466 0.9398	
9.834503 299.280988	4.28e-01  7.05e-01  4.95e+05	-8.1295 49.5307 0.7742	
9.834503 299.280988	6.13e-01  7.21e-01  4.52e+05	-6.2278 75.9567 0.3598	
