9.566198 292.878725	4.44e-01  8.47e-01  4.93e+05	0.0000 71.5930 0.6229	
9.566198 292.878725	6.68e-01  8.17e-01  4.54e+05	-40.3613 78.9683 0.5100	
9.566198 292.878725	5.84e-01  8.71e-01  4.60e+05	-4.5037 86.4093 0.1374	
9.566198 292.878725	5.06e-01  8.53e-01  4.79e+05	-21.0413 75.4474 0.8520	
9.566198 292.878725	7.89e-01  8.43e-01  4.29e+05	22.0228 95.9256 0.8334	
9.566198 292.878725	5.30e-01  8.99e-01  4.65e+05	-19.5384 82.1414 0.8662	
9.566198 292.878725	4.38e-01  9.08e-01  4.81e+05	-1.0583 77.1220 0.6589	
9.566198 292.878725	7.15e-01  7.70e-01  4.54e+05	-47.9170 74.6684 0.7103	
9.566198 292.878725	4.65e-01  8.36e-01  4.91e+05	23.3064 68.7348 0.2103	
9.566198 292.878725	6.37e-01  8.37e-01  4.57e+05	-20.6994 85.3758 0.5058	
9.566198 292.878725	4.14e-01  9.57e-01  4.76e+05	-0.1660 79.4855 0.8977	
9.566198 292.878725	7.52e-01  8.83e-01  4.29e+05	31.2111 93.4921 0.0591	
9.566198 292.878725	5.03e-01  7.38e-01  5.04e+05	-24.0146 61.3244 0.2844	
9.566198 292.878725	5.67e-01  7.51e-01  4.87e+05	-12.7839 73.2212 0.1710	
9.566198 292.878725	5.07e-01  8.41e-01  4.81e+05	26.6014 72.5067 0.4855	
9.566198 292.878725	6.54e-01  7.70e-01  4.66e+05	36.4296 75.6911 0.5431	
9.566198 292.878725	4.19e-01  8.16e-01  5.05e+05	-21.3010 61.6510 0.5422	
9.566198 292.878725	5.92e-01  9.22e-01  4.49e+05	-9.0442 90.3495 0.5091	
9.566198 292.878725	4.61e-01  9.19e-01  4.74e+05	17.9206 78.2721 0.4491	
9.566198 292.878725	5.03e-01  7.82e-01  4.94e+05	-26.0377 65.9789 0.3113	
9.566198 292.878725	6.80e-01  9.07e-01  4.36e+05	-48.2173 82.6372 0.9974	
9.566198 292.878725	4.21e-01  8.03e-01  5.08e+05	-7.1511 63.4180 0.7495	
9.566198 292.878725	3.20e-01  8.71e-01  5.15e+05	-19.1300 56.0550 0.3986	
9.566198 292.878725	6.45e-01  8.21e-01  4.58e+05	30.4964 81.7802 0.9667	
9.566198 292.878725	6.24e-01  7.08e-01  4.84e+05	-10.4577 74.9824 0.8263	
9.566198 292.878725	4.53e-01  8.33e-01  4.94e+05	6.6065 70.7124 0.0028	
9.566198 292.878725	5.76e-01  6.59e-01  5.05e+05	13.2591 63.7605 0.7025	
9.566198 292.878725	6.28e-01  8.10e-01  4.63e+05	19.9309 82.8100 0.6217	
9.566198 292.878725	4.67e-01  6.99e-01  5.21e+05	2.2611 55.4758 0.4494	
9.566198 292.878725	6.36e-01  9.15e-01  4.43e+05	52.9833 76.8398 0.7523	
9.566198 292.878725	5.74e-01  9.23e-01  4.52e+05	-2.5114 89.5745 0.9452	
9.566198 292.878725	9.00e-01  9.55e-01  3.95e+05	8.3398 109.6060 0.0913	
9.566198 292.878725	6.59e-01  7.97e-01  4.60e+05	-34.3416 79.4470 0.5869	
9.566198 292.878725	6.27e-01  7.42e-01  4.77e+05	-41.2830 67.6543 0.1453	
9.566198 292.878725	4.50e-01  9.25e-01  4.76e+05	22.1761 76.6244 0.1631	
9.566198 292.878725	6.67e-01  9.08e-01  4.39e+05	4.3559 94.7478 0.6222	
9.566198 292.878725	7.38e-01  8.75e-01  4.32e+05	-24.7100 94.0796 0.4898	
9.566198 292.878725	5.07e-01  9.32e-01  4.63e+05	10.1399 84.6221 0.2349	
9.566198 292.878725	6.80e-01  8.20e-01  4.52e+05	-10.7079 89.1697 0.1436	
9.566198 292.878725	8.32e-01  9.47e-01  4.06e+05	52.5474 92.4265 0.4925	
9.566198 292.878725	7.53e-01  7.83e-01  4.45e+05	-23.1070 89.4368 0.9818	
9.566198 292.878725	6.24e-01  9.04e-01  4.47e+05	-21.4485 89.2219 0.4265	
9.566198 292.878725	5.38e-01  8.41e-01  4.75e+05	54.4699 58.7579 0.3264	
9.566198 292.878725	6.55e-01  7.38e-01  4.72e+05	-9.0412 80.9293 0.6902	
9.566198 292.878725	5.04e-01  7.59e-01  4.99e+05	18.0648 66.0333 0.1375	
9.566198 292.878725	6.86e-01  8.06e-01  4.53e+05	2.9984 89.1811 0.3882	
9.566198 292.878725	3.17e-01  8.91e-01  5.12e+05	2.7401 61.4919 0.0590	
9.566198 292.878725	7.77e-01  8.80e-01  4.25e+05	-1.3179 99.8209 0.4186	
9.566198 292.878725	5.76e-01  8.01e-01  4.75e+05	46.8551 64.7548 0.2835	
9.566198 292.878725	6.73e-01  8.01e-01  4.56e+05	-2.6814 87.8484 0.9808	
9.566198 292.878725	6.72e-01  7.15e-01  4.73e+05	-1.5091 80.8660 0.2857	
9.566198 292.878725	5.71e-01  8.76e-01  4.61e+05	8.2517 85.4465 0.0432	
9.566198 292.878725	6.99e-01  7.25e-01  4.66e+05	16.4534 82.4142 0.7048	
9.566198 292.878725	5.71e-01  7.01e-01  4.97e+05	-14.5712 67.8777 0.7503	
9.566198 292.878725	7.73e-01  8.88e-01  4.24e+05	-47.6847 88.0209 0.7807	
9.566198 292.878725	3.82e-01  7.12e-01  5.39e+05	-6.0837 41.9632 0.1375	
9.566198 292.878725	5.28e-01  7.50e-01  4.96e+05	-18.4137 67.7080 0.3416	
9.566198 292.878725	6.06e-01  9.76e-01  4.37e+05	18.4989 93.5735 0.8149	
9.566198 292.878725	6.92e-01  9.61e-01  4.26e+05	-2.6570 99.6284 0.9416	
9.566198 292.878725	6.34e-01  8.43e-01  4.56e+05	-16.7703 86.4809 0.8576	
9.566198 292.878725	4.96e-01  8.74e-01  4.76e+05	10.2063 78.7204 0.8376	
9.566198 292.878725	6.85e-01  9.12e-01  4.35e+05	-8.0288 95.9570 0.2024	
9.566198 292.878725	4.99e-01  9.18e-01  4.67e+05	-13.6104 82.3067 0.1054	
9.566198 292.878725	5.91e-01  6.10e-01  5.13e+05	21.1466 56.9170 0.7255	
9.566198 292.878725	8.30e-01  8.45e-01  4.22e+05	35.9158 94.2890 0.4290	
9.566198 292.878725	5.62e-01  9.55e-01  4.49e+05	-8.9487 90.5928 0.8128	
9.566198 292.878725	4.70e-01  9.44e-01  4.68e+05	-40.2665 72.7948 0.6717	
9.566198 292.878725	6.32e-01  8.27e-01  4.59e+05	20.5064 84.3204 0.9773	
9.566198 292.878725	5.45e-01  7.61e-01  4.90e+05	-32.6484 65.5004 0.2996	
9.566198 292.878725	5.80e-01  8.36e-01  4.67e+05	-26.8575 78.9242 0.9920	
9.566198 292.878725	7.35e-01  9.17e-01  4.26e+05	57.7933 81.0762 0.9200	
9.566198 292.878725	4.83e-01  8.47e-01  4.85e+05	13.4830 74.4007 0.8797	
9.566198 292.878725	4.54e-01  7.97e-01  5.02e+05	6.1019 66.7650 0.9511	
9.566198 292.878725	6.17e-01  8.19e-01  4.64e+05	-54.6320 65.0225 0.0888	
9.566198 292.878725	4.87e-01  8.62e-01  4.81e+05	-6.8185 77.1097 0.4394	
9.566198 292.878725	6.08e-01  7.90e-01  4.71e+05	33.0858 74.7403 0.6262	
9.566198 292.878725	5.82e-01  8.50e-01  4.64e+05	-22.2575 81.6184 0.3496	
9.566198 292.878725	7.60e-01  8.10e-01  4.39e+05	3.3823 94.5153 0.4039	
9.566198 292.878725	4.44e-01  8.69e-01  4.88e+05	-12.7089 72.8046 0.6503	
9.566198 292.878725	5.50e-01  7.83e-01  4.84e+05	0.4722 75.8601 0.7413	
9.566198 292.878725	4.94e-01  9.21e-01  4.68e+05	42.4672 71.6263 0.3232	
9.566198 292.878725	4.13e-01  8.32e-01  5.03e+05	-15.5560 64.4709 0.7394	
9.566198 292.878725	5.41e-01  9.30e-01  4.57e+05	16.6271 86.0490 0.2316	
9.566198 292.878725	5.93e-01  8.45e-01  4.63e+05	5.2237 84.9533 0.2879	
9.566198 292.878725	7.70e-01  7.97e-01  4.40e+05	25.5154 90.9029 0.2058	
9.566198 292.878725	6.82e-01  8.80e-01  4.41e+05	31.1884 88.7557 0.5081	
9.566198 292.878725	7.82e-01  8.69e-01  4.26e+05	36.1476 92.7168 0.2109	
9.566198 292.878725	7.09e-01  9.19e-01  4.30e+05	-37.3587 90.7686 0.8782	
9.566198 292.878725	6.33e-01  8.71e-01  4.51e+05	21.6475 87.4291 0.0455	
9.566198 292.878725	5.78e-01  8.48e-01  4.65e+05	-1.1813 84.1537 0.9552	
9.566198 292.878725	5.65e-01  8.52e-01  4.67e+05	-3.7500 83.3403 0.9671	
9.566198 292.878725	5.35e-01  8.33e-01  4.77e+05	-49.8867 61.4506 0.4055	
9.566198 292.878725	5.79e-01  8.85e-01  4.58e+05	-13.4012 86.1236 0.4412	
9.566198 292.878725	6.21e-01  7.54e-01  4.76e+05	-15.7655 78.1487 0.8604	
9.566198 292.878725	7.22e-01  7.88e-01  4.50e+05	16.7835 88.9676 0.2342	
9.566198 292.878725	5.31e-01  8.00e-01  4.84e+05	-12.2237 74.6942 0.8170	
9.566198 292.878725	6.49e-01  9.05e-01  4.42e+05	28.1028 89.2075 0.8341	
9.566198 292.878725	6.33e-01  7.88e-01  4.66e+05	-13.5111 82.6564 0.9595	
9.566198 292.878725	6.03e-01  9.06e-01  4.50e+05	-42.7658 79.7477 0.6965	
9.566198 292.878725	4.16e-01  7.12e-01  5.31e+05	7.4384 48.6901 0.5008	
9.566198 292.878725	7.42e-01  7.96e-01  4.45e+05	-12.8621 91.5084 0.5509	
9.566198 292.878725	5.31e-01  7.50e-01  4.95e+05	17.1328 68.3463 0.0533	
9.566198 292.878725	6.22e-01  7.69e-01  4.72e+05	21.7532 78.2208 0.0277	
9.566198 292.878725	5.67e-01  9.51e-01  4.48e+05	-7.5051 90.7837 0.0100	
9.566198 292.878725	7.22e-01  7.41e-01  4.59e+05	9.5517 86.5222 0.7474	
9.566198 292.878725	6.35e-01  9.15e-01  4.43e+05	7.1717 93.0118 0.2904	
9.566198 292.878725	5.36e-01  8.67e-01  4.70e+05	20.0386 79.7840 0.9428	
9.566198 292.878725	5.68e-01  9.74e-01  4.44e+05	-12.0194 91.9847 0.3873	
9.566198 292.878725	6.30e-01  8.75e-01  4.51e+05	13.8084 89.1545 0.2846	
9.566198 292.878725	6.65e-01  8.61e-01  4.47e+05	-64.7254 64.9243 0.8149	
9.566198 292.878725	4.49e-01  9.83e-01  4.64e+05	16.2294 83.0684 0.2068	
9.566198 292.878725	6.60e-01  7.68e-01  4.65e+05	21.4264 81.5270 0.1163	
9.566198 292.878725	5.33e-01  8.10e-01  4.82e+05	-18.3118 74.6919 0.0484	
9.566198 292.878725	5.38e-01  7.47e-01  4.94e+05	12.4480 69.7687 0.3265	
9.566198 292.878725	6.63e-01  8.09e-01  4.57e+05	-2.6679 87.7569 0.5192	
9.566198 292.878725	5.69e-01  8.34e-01  4.70e+05	-7.1122 81.9280 0.5004	
9.566198 292.878725	6.20e-01  7.90e-01  4.69e+05	-0.3654 82.8279 0.3330	
9.566198 292.878725	3.97e-01  7.89e-01  5.17e+05	4.1745 58.3492 0.1663	
9.566198 292.878725	5.30e-01  8.31e-01  4.78e+05	-22.0621 75.3483 0.4121	
9.566198 292.878725	6.06e-01  8.92e-01  4.52e+05	37.6950 81.4302 0.3285	
9.566198 292.878725	6.38e-01  8.27e-01  4.58e+05	-5.0004 87.0930 0.6803	
9.566198 292.878725	4.96e-01  7.60e-01  5.01e+05	-11.1089 66.7017 0.9462	
9.566198 292.878725	6.55e-01  7.90e-01  4.62e+05	29.7837 80.3814 0.3769	
9.566198 292.878725	5.14e-01  9.19e-01  4.64e+05	3.7727 84.6582 0.2833	
9.566198 292.878725	7.70e-01  8.70e-01  4.28e+05	21.6880 96.4992 0.1402	
9.566198 292.878725	3.82e-01  8.33e-01  5.10e+05	2.3863 62.5623 0.2140	
9.566198 292.878725	6.02e-01  8.32e-01  4.64e+05	37.5054 76.1032 0.9389	
9.566198 292.878725	4.13e-01  8.94e-01  4.90e+05	-13.6057 71.9181 0.8907	
9.566198 292.878725	5.66e-01  8.33e-01  4.71e+05	-5.4086 81.7773 0.0724	
9.566198 292.878725	5.02e-01  8.65e-01  4.77e+05	-13.7295 77.8673 0.8727	
9.566198 292.878725	6.39e-01  7.46e-01  4.73e+05	-44.0375 67.5920 0.1978	
9.566198 292.878725	6.87e-01  9.26e-01  4.32e+05	8.2832 96.9207 0.2114	
9.566198 292.878725	6.98e-01  9.35e-01  4.29e+05	-28.9707 94.0980 0.4511	
9.566198 292.878725	5.16e-01  8.78e-01  4.72e+05	22.4867 78.3286 0.7896	
9.566198 292.878725	5.53e-01  9.48e-01  4.52e+05	-32.2945 83.8720 0.4452	
9.566198 292.878725	6.01e-01  8.55e-01  4.60e+05	-14.0107 85.3876 0.8418	
9.566198 292.878725	5.47e-01  8.71e-01  4.67e+05	-8.6088 83.0451 0.5164	
9.566198 292.878725	5.30e-01  8.28e-01  4.79e+05	-29.0725 72.6420 0.5487	
9.566198 292.878725	7.09e-01  7.71e-01  4.55e+05	-47.4371 74.5661 0.7757	
9.566198 292.878725	6.07e-01  9.54e-01  4.41e+05	34.8320 87.3292 0.8998	
9.566198 292.878725	6.37e-01  7.80e-01  4.67e+05	-15.6794 81.8912 0.8183	
9.566198 292.878725	4.69e-01  6.79e-01  5.26e+05	1.6166 52.6466 0.4813	
9.566198 292.878725	6.19e-01  8.88e-01  4.50e+05	-25.4861 86.6193 0.0618	
9.566198 292.878725	4.73e-01  8.55e-01  4.85e+05	12.2164 74.4177 0.7298	
9.566198 292.878725	4.88e-01  7.56e-01  5.03e+05	32.8445 57.4914 0.8323	
9.566198 292.878725	8.32e-01  9.40e-01  4.07e+05	11.7872 105.3001 0.4764	
9.566198 292.878725	6.79e-01  7.77e-01  4.60e+05	-19.7578 84.2412 0.9199	
9.566198 292.878725	3.64e-01  9.13e-01  4.96e+05	-16.1309 68.2541 0.4949	
9.566198 292.878725	5.20e-01  7.76e-01  4.92e+05	14.2646 70.6764 0.3321	
9.566198 292.878725	7.04e-01  8.57e-01  4.41e+05	-34.9581 87.2531 0.6774	
9.566198 292.878725	5.33e-01  7.40e-01  4.97e+05	-20.2471 66.4789 0.8773	
9.566198 292.878725	5.71e-01  8.59e-01  4.65e+05	-10.7935 83.7941 0.4152	
9.566198 292.878725	7.30e-01  8.32e-01  4.41e+05	-32.1455 88.3837 0.7957	
9.566198 292.878725	4.72e-01  7.50e-01  5.08e+05	-7.4447 63.0225 0.3637	
9.566198 292.878725	6.78e-01  8.69e-01  4.43e+05	-0.3698 93.0431 0.4676	
9.566198 292.878725	7.07e-01  8.65e-01  4.39e+05	12.3415 93.9524 0.2508	
9.566198 292.878725	5.30e-01  8.10e-01  4.83e+05	5.8694 76.3389 0.2700	
9.566198 292.878725	4.54e-01  7.79e-01  5.06e+05	25.1212 59.7869 0.5473	
9.566198 292.878725	4.77e-01  7.75e-01  5.01e+05	-0.2258 67.2522 0.5649	
9.566198 292.878725	5.76e-01  7.25e-01  4.91e+05	-7.5144 72.2334 0.3059	
9.566198 292.878725	4.68e-01  6.90e-01  5.23e+05	2.8687 54.1495 0.0104	
9.566198 292.878725	6.87e-01  8.58e-01  4.44e+05	-21.1178 90.5579 0.5593	
9.566198 292.878725	4.72e-01  8.26e-01  4.91e+05	-1.8885 72.3283 0.1875	
9.566198 292.878725	6.15e-01  6.83e-01  4.91e+05	-12.9571 71.1490 0.5462	
9.566198 292.878725	5.43e-01  6.70e-01  5.10e+05	-41.2048 46.7717 0.6747	
9.566198 292.878725	6.02e-01  7.72e-01  4.76e+05	50.0588 62.0524 0.3279	
9.566198 292.878725	5.41e-01  7.87e-01  4.85e+05	-14.9429 73.8859 0.0673	
9.566198 292.878725	5.27e-01  8.13e-01  4.83e+05	9.4031 75.9216 0.1261	
9.566198 292.878725	6.36e-01  8.56e-01  4.53e+05	22.4732 86.3054 0.5531	
9.566198 292.878725	4.94e-01  7.86e-01  4.95e+05	7.5182 69.9556 0.5461	
9.566198 292.878725	5.10e-01  8.39e-01  4.81e+05	0.9780 77.3156 0.9607	
9.566198 292.878725	6.79e-01  8.84e-01  4.41e+05	-1.6283 94.0648 0.2839	
9.566198 292.878725	6.59e-01  9.18e-01  4.38e+05	68.4462 65.9639 0.9902	
9.566198 292.878725	7.67e-01  8.30e-01  4.35e+05	-6.8530 96.0349 0.5613	
9.566198 292.878725	5.87e-01  8.44e-01  4.65e+05	43.4801 72.5096 0.1915	
9.566198 292.878725	5.19e-01  6.53e-01  5.20e+05	14.8656 54.4780 0.2299	
9.566198 292.878725	6.23e-01  7.88e-01  4.68e+05	-15.1546 81.5232 0.6471	
9.566198 292.878725	7.57e-01  9.13e-01  4.23e+05	39.1097 92.6540 0.9522	
9.566198 292.878725	5.74e-01  8.14e-01  4.73e+05	19.6278 78.5346 0.4822	
9.566198 292.878725	4.76e-01  7.98e-01  4.97e+05	5.6096 69.5115 0.7371	
9.566198 292.878725	6.31e-01  8.45e-01  4.56e+05	-20.0132 85.7523 0.5598	
9.566198 292.878725	8.14e-01  9.28e-01  4.12e+05	50.9362 91.2181 0.6111	
9.566198 292.878725	6.84e-01  9.58e-01  4.27e+05	1.8268 98.9530 0.1033	
9.566198 292.878725	7.48e-01  8.89e-01  4.28e+05	61.8306 76.9720 0.7350	
9.566198 292.878725	6.31e-01  7.01e-01  4.84e+05	-50.3786 56.6239 0.9737	
9.566198 292.878725	5.87e-01  8.70e-01  4.60e+05	31.2489 80.7494 0.1235	
9.566198 292.878725	8.48e-01  9.28e-01  4.07e+05	-12.3277 105.4559 0.2191	
9.566198 292.878725	5.38e-01  7.57e-01  4.92e+05	-4.2077 71.8608 0.9581	
9.566198 292.878725	6.20e-01  8.63e-01  4.55e+05	17.3731 86.8505 0.3233	
9.566198 292.878725	6.10e-01  7.98e-01  4.69e+05	14.7487 81.3184 0.3065	
9.566198 292.878725	6.15e-01  6.68e-01  4.94e+05	-0.3170 70.7897 0.6387	
9.566198 292.878725	6.00e-01  7.82e-01  4.74e+05	-1.4372 80.4143 0.2160	
9.566198 292.878725	5.79e-01  8.91e-01  4.57e+05	12.1666 86.7455 0.4102	
9.566198 292.878725	6.93e-01  9.09e-01  4.34e+05	-8.6692 96.1664 0.5252	
9.566198 292.878725	7.57e-01  8.55e-01  4.32e+05	-11.7147 96.4933 0.7748	
9.566198 292.878725	5.13e-01  7.84e-01  4.92e+05	-7.0233 71.8481 0.6311	
9.566198 292.878725	4.54e-01  7.44e-01  5.14e+05	18.2034 57.4680 0.3201	
9.566198 292.878725	6.13e-01  9.63e-01  4.38e+05	-26.3495 91.2634 0.4751	
9.566198 292.878725	4.78e-01  8.45e-01  4.86e+05	-24.0517 70.8711 0.5793	
9.566198 292.878725	6.02e-01  8.23e-01  4.66e+05	5.4859 83.9571 0.6210	
9.566198 292.878725	6.00e-01  6.36e-01  5.05e+05	-22.8900 61.0864 0.9982	
9.566198 292.878725	7.23e-01  9.84e-01  4.17e+05	48.6344 90.3255 0.4777	
9.566198 292.878725	6.93e-01  7.34e-01  4.65e+05	36.1018 76.0904 0.6060	
9.566198 292.878725	5.03e-01  7.91e-01  4.92e+05	-22.1115 68.4626 0.5603	
9.566198 292.878725	5.22e-01  9.33e-01  4.60e+05	36.8750 78.2130 0.6657	
9.566198 292.878725	4.90e-01  9.69e-01  4.59e+05	-22.0200 83.9553 0.8864	
9.566198 292.878725	5.72e-01  8.51e-01  4.66e+05	44.9698 70.8716 0.7256	
9.566198 292.878725	4.86e-01  6.90e-01  5.19e+05	-3.2798 56.9596 0.7422	
9.566198 292.878725	5.11e-01  8.36e-01  4.81e+05	28.4463 71.8189 0.2082	
9.566198 292.878725	7.68e-01  9.64e-01  4.13e+05	-17.9703 102.4076 0.8809	
9.566198 292.878725	7.97e-01  8.34e-01  4.29e+05	23.4310 95.4738 0.5557	
9.566198 292.878725	5.98e-01  8.62e-01  4.59e+05	-39.0315 77.6181 0.3264	
9.566198 292.878725	4.50e-01  8.60e-01  4.89e+05	-1.3371 73.5521 0.1350	
9.566198 292.878725	7.92e-01  9.85e-01  4.07e+05	31.7098 101.3589 0.6444	
9.566198 292.878725	4.93e-01  9.08e-01  4.70e+05	-33.3448 74.9872 0.0098	
9.566198 292.878725	8.01e-01  8.83e-01  4.21e+05	-21.6913 98.9965 0.1199	
9.566198 292.878725	6.03e-01  9.23e-01  4.47e+05	10.5710 90.9857 0.9385	
9.566198 292.878725	5.65e-01  7.76e-01  4.82e+05	10.2863 75.9139 0.6857	
9.566198 292.878725	6.60e-01  9.24e-01  4.37e+05	49.3032 81.7541 0.9899	
9.566198 292.878725	7.63e-01  7.86e-01  4.43e+05	-23.1500 90.3098 0.0021	
9.566198 292.878725	5.99e-01  8.51e-01  4.61e+05	-3.1229 86.0410 0.8950	
9.566198 292.878725	7.02e-01  7.59e-01  4.59e+05	5.0753 86.8272 0.0554	
9.566198 292.878725	5.13e-01  6.99e-01  5.10e+05	-44.6143 43.3084 0.3373	
9.566198 292.878725	6.23e-01  7.56e-01  4.75e+05	-31.1518 73.7880 0.7835	
9.566198 292.878725	5.63e-01  8.58e-01  4.66e+05	7.2593 83.4203 0.4374	
9.566198 292.878725	7.01e-01  8.81e-01  4.37e+05	-43.6412 84.7639 0.1607	
9.566198 292.878725	4.72e-01  8.00e-01  4.97e+05	10.5255 68.7473 0.8713	
9.566198 292.878725	6.99e-01  8.15e-01  4.49e+05	12.3949 89.9766 0.0668	
9.566198 292.878725	5.79e-01  9.62e-01  4.44e+05	-14.8736 91.4251 0.5280	
9.566198 292.878725	3.01e-01  9.43e-01  5.03e+05	8.6145 65.5915 0.0018	
9.566198 292.878725	7.32e-01  8.77e-01  4.33e+05	43.2387 86.8087 0.7741	
9.566198 292.878725	5.43e-01  6.87e-01  5.06e+05	-0.7338 64.4988 0.8949	
9.566198 292.878725	4.36e-01  8.41e-01  4.96e+05	-38.6636 58.3667 0.9886	
9.566198 292.878725	5.72e-01  8.41e-01  4.68e+05	-10.0254 82.4578 0.9387	
9.566198 292.878725	5.07e-01  7.07e-01  5.10e+05	6.9382 62.0629 0.4902	
9.566198 292.878725	6.41e-01  7.58e-01  4.71e+05	-2.6080 81.8839 0.3500	
9.566198 292.878725	5.71e-01  8.00e-01  4.76e+05	-16.7672 77.6916 0.4765	
9.566198 292.878725	4.54e-01  7.51e-01  5.12e+05	19.6618 57.9198 0.2614	
9.566198 292.878725	4.57e-01  7.89e-01  5.03e+05	22.4150 62.6255 0.8675	
9.566198 292.878725	6.37e-01  7.16e-01  4.80e+05	-1.6833 77.7091 0.9612	
9.566198 292.878725	5.92e-01  8.28e-01  4.67e+05	6.7462 83.4274 0.9188	
9.566198 292.878725	6.55e-01  9.63e-01  4.31e+05	29.6912 92.9273 0.3936	
9.566198 292.878725	5.94e-01  7.86e-01  4.74e+05	32.6750 73.3048 0.9684	
9.566198 292.878725	5.86e-01  8.39e-01  4.66e+05	31.9016 77.8014 0.9585	
9.566198 292.878725	6.03e-01  9.64e-01  4.40e+05	-65.1011 68.3374 0.1803	
9.566198 292.878725	5.04e-01  8.80e-01  4.74e+05	-13.9162 79.3299 0.9065	
9.566198 292.878725	6.36e-01  8.36e-01  4.57e+05	-32.7453 81.4252 0.9936	
9.566198 292.878725	5.43e-01  8.14e-01  4.79e+05	7.0443 77.8344 0.5175	
9.566198 292.878725	5.02e-01  8.18e-01  4.87e+05	-35.7050 65.5339 0.3149	
9.566198 292.878725	4.89e-01  8.94e-01  4.74e+05	9.5599 79.9119 0.5628	
9.566198 292.878725	7.49e-01  8.57e-01  4.33e+05	-23.1579 94.0404 0.9536	
9.566198 292.878725	6.45e-01  8.95e-01  4.45e+05	-0.5551 92.5635 0.2341	
9.566198 292.878725	6.51e-01  9.11e-01  4.41e+05	-11.8948 93.2771 0.7286	
9.566198 292.878725	5.87e-01  8.02e-01  4.73e+05	22.5605 77.8725 0.2852	
9.566198 292.878725	6.51e-01  7.17e-01  4.77e+05	23.7223 75.5544 0.9596	
9.566198 292.878725	6.10e-01  7.96e-01  4.69e+05	-18.3062 80.4247 0.0780	
9.566198 292.878725	6.47e-01  7.15e-01  4.78e+05	5.1604 78.4220 0.1412	
9.566198 292.878725	6.59e-01  7.42e-01  4.70e+05	30.7160 76.0667 0.9571	
9.566198 292.878725	5.48e-01  7.37e-01  4.94e+05	11.9141 69.8400 0.5144	
9.566198 292.878725	6.20e-01  8.98e-01  4.48e+05	1.1907 91.0757 0.6326	
9.566198 292.878725	5.13e-01  8.78e-01  4.72e+05	-36.7001 72.4276 0.2816	
9.566198 292.878725	5.67e-01  8.67e-01  4.64e+05	42.0792 73.6148 0.6870	
9.566198 292.878725	8.49e-01  9.27e-01  4.07e+05	47.5504 94.9358 0.7158	
9.566198 292.878725	6.21e-01  8.01e-01  4.66e+05	-20.3879 81.3336 0.7823	
9.566198 292.878725	6.41e-01  7.49e-01  4.72e+05	1.3123 81.1751 0.8810	
9.566198 292.878725	6.91e-01  9.65e-01  4.25e+05	25.6975 96.4486 0.2776	
9.566198 292.878725	5.85e-01  6.79e-01  4.99e+05	-23.9814 64.2580 0.9546	
9.566198 292.878725	7.56e-01  9.52e-01  4.17e+05	39.0298 94.9783 0.3525	
9.566198 292.878725	6.72e-01  7.79e-01  4.61e+05	5.5727 85.9451 0.9379	
9.566198 292.878725	6.01e-01  8.62e-01  4.58e+05	-21.2080 84.5048 0.9994	
9.566198 292.878725	4.29e-01  8.84e-01  4.88e+05	-20.4830 70.9766 0.3944	
9.566198 292.878725	5.19e-01  7.44e-01  4.99e+05	7.4308 67.9858 0.8074	
9.566198 292.878725	6.48e-01  8.09e-01  4.60e+05	-44.9778 74.0048 0.1227	
9.566198 292.878725	5.21e-01  8.88e-01  4.69e+05	-0.9530 82.7571 0.7163	
9.566198 292.878725	7.42e-01  9.06e-01  4.26e+05	33.5897 93.5378 0.6439	
9.566198 292.878725	6.48e-01  8.94e-01  4.44e+05	1.8369 92.6810 0.8376	
9.566198 292.878725	6.69e-01  8.97e-01  4.40e+05	6.3955 94.0934 0.2458	
9.566198 292.878725	5.43e-01  7.82e-01  4.86e+05	-24.6200 70.9578 0.5592	
9.566198 292.878725	4.60e-01  8.42e-01  4.91e+05	-6.7977 72.4253 0.2835	
9.566198 292.878725	5.75e-01  8.32e-01  4.69e+05	10.1948 81.9661 0.4798	
9.566198 292.878725	6.25e-01  8.52e-01  4.56e+05	-46.0947 75.1015 0.1553	
9.566198 292.878725	5.41e-01  7.21e-01  4.99e+05	6.5994 68.0556 0.4589	
9.566198 292.878725	7.30e-01  9.35e-01  4.24e+05	-3.6870 100.2250 0.0344	
9.566198 292.878725	6.62e-01  8.46e-01  4.50e+05	-41.0786 80.4804 0.0729	
9.566198 292.878725	5.77e-01  7.90e-01  4.77e+05	-26.7617 74.4497 0.9624	
9.566198 292.878725	6.21e-01  8.40e-01  4.59e+05	1.9765 86.8637 0.7170	
9.566198 292.878725	5.02e-01  8.30e-01  4.84e+05	9.3532 75.2322 0.4805	
9.566198 292.878725	5.43e-01  8.00e-01  4.82e+05	-30.2093 70.6263 0.2918	
9.566198 292.878725	5.84e-01  8.43e-01  4.65e+05	-8.2399 83.8182 0.2022	
9.566198 292.878725	7.78e-01  9.28e-01  4.17e+05	-56.1214 85.8843 0.8537	
9.566198 292.878725	7.69e-01  8.64e-01  4.29e+05	3.0988 98.3920 0.9991	
9.566198 292.878725	5.38e-01  6.70e-01  5.11e+05	0.5228 61.6671 0.4632	
9.566198 292.878725	5.52e-01  7.39e-01  4.93e+05	-0.8464 71.5104 0.3149	
9.566198 292.878725	5.37e-01  8.85e-01  4.66e+05	-15.1308 82.4465 0.4440	
9.566198 292.878725	6.10e-01  7.45e-01  4.80e+05	5.7299 77.7074 0.4037	
9.566198 292.878725	7.33e-01  7.58e-01  4.53e+05	30.6023 83.7222 0.5293	
9.566198 292.878725	7.52e-01  7.98e-01  4.43e+05	-7.3728 93.0060 0.7946	
9.566198 292.878725	3.71e-01  7.55e-01  5.31e+05	3.2982 48.6569 0.2539	
9.566198 292.878725	6.47e-01  7.83e-01  4.65e+05	-29.2282 79.2015 0.3247	
9.566198 292.878725	6.20e-01  7.11e-01  4.84e+05	-13.9082 74.4035 0.2132	
9.566198 292.878725	6.06e-01  7.98e-01  4.70e+05	3.4475 82.2554 0.1108	
9.566198 292.878725	6.08e-01  7.82e-01  4.72e+05	37.7143 71.8130 0.7722	
9.566198 292.878725	5.64e-01  9.25e-01  4.54e+05	-5.5124 88.8469 0.7619	
9.566198 292.878725	5.22e-01  8.69e-01  4.72e+05	-52.4416 61.9039 0.1941	
9.566198 292.878725	3.61e-01  9.28e-01  4.93e+05	-7.4097 70.9122 0.3015	
9.566198 292.878725	6.20e-01  7.70e-01  4.72e+05	6.9891 80.8259 0.7329	
9.566198 292.878725	6.30e-01  7.48e-01  4.75e+05	-9.0170 79.5546 0.5206	
9.566198 292.878725	4.48e-01  8.40e-01  4.93e+05	26.7767 66.0764 0.3563	
9.566198 292.878725	6.87e-01  8.96e-01  4.37e+05	11.7738 94.6655 0.8332	
9.566198 292.878725	5.66e-01  7.91e-01  4.79e+05	-8.5413 77.7003 0.0915	
9.566198 292.878725	6.15e-01  7.55e-01  4.76e+05	-7.4542 78.9845 0.5948	
9.566198 292.878725	6.19e-01  8.89e-01  4.50e+05	36.2145 82.8200 0.3964	
9.566198 292.878725	4.62e-01  8.53e-01  4.88e+05	-20.6945 71.1353 0.6999	
9.566198 292.878725	7.03e-01  7.95e-01  4.52e+05	-4.6101 89.5673 0.4282	
9.566198 292.878725	7.60e-01  8.80e-01  4.28e+05	-3.1833 98.8394 0.1780	
9.566198 292.878725	4.11e-01  9.44e-01  4.80e+05	-16.0765 76.2562 0.7932	
9.566198 292.878725	6.50e-01  8.01e-01  4.61e+05	65.6981 55.7609 0.6514	
9.566198 292.878725	6.84e-01  8.35e-01  4.48e+05	-19.7050 89.0333 0.3509	
9.566198 292.878725	4.44e-01  7.41e-01  5.17e+05	-5.4939 58.2643 0.5803	
9.566198 292.878725	6.05e-01  8.69e-01  4.56e+05	-17.2986 86.1747 0.7564	
9.566198 292.878725	5.97e-01  7.37e-01  4.84e+05	-27.4812 70.8477 0.8316	
9.566198 292.878725	5.32e-01  8.49e-01  4.74e+05	-27.3796 75.4897 0.8300	
9.566198 292.878725	4.76e-01  8.68e-01  4.82e+05	58.3467 50.1620 0.1143	
9.566198 292.878725	4.37e-01  8.86e-01  4.86e+05	-17.4589 72.7751 0.6176	
9.566198 292.878725	6.86e-01  7.50e-01  4.63e+05	5.8868 84.7827 0.8712	
9.566198 292.878725	5.03e-01  8.60e-01  4.78e+05	11.6912 77.9119 0.0067	
9.566198 292.878725	3.55e-01  8.47e-01  5.13e+05	0.9652 60.7370 0.2722	
9.566198 292.878725	6.10e-01  8.37e-01  4.62e+05	-1.3715 85.7593 0.3626	
9.566198 292.878725	6.11e-01  8.53e-01  4.58e+05	8.8173 86.7487 0.5811	
9.566198 292.878725	5.73e-01  8.03e-01  4.75e+05	1.8681 79.8274 0.6385	
9.566198 292.878725	4.51e-01  8.40e-01  4.93e+05	5.4644 71.3949 0.3996	
9.566198 292.878725	5.29e-01  8.17e-01  4.81e+05	-36.8525 67.7534 0.1565	
9.566198 292.878725	5.90e-01  7.92e-01  4.74e+05	-28.1792 75.3250 0.3101	
9.566198 292.878725	6.28e-01  9.34e-01  4.41e+05	26.8449 90.1551 0.3168	
9.566198 292.878725	4.68e-01  9.05e-01  4.76e+05	0.2802 79.6092 0.0677	
9.566198 292.878725	6.76e-01  8.72e-01  4.43e+05	-3.9168 93.0373 0.6277	
9.566198 292.878725	5.58e-01  7.82e-01  4.83e+05	10.5038 75.7695 0.1967	
9.566198 292.878725	6.41e-01  8.14e-01  4.60e+05	-22.1478 83.5654 0.3548	
9.566198 292.878725	5.47e-01  6.70e-01  5.09e+05	10.2411 61.9622 0.2671	
9.566198 292.878725	6.36e-01  8.03e-01  4.63e+05	-16.7350 83.5651 0.8892	
9.566198 292.878725	6.74e-01  9.03e-01  4.38e+05	57.9133 75.3707 0.2025	
9.566198 292.878725	5.82e-01  8.07e-01  4.73e+05	30.3135 75.1095 0.4804	
9.566198 292.878725	6.29e-01  8.34e-01  4.58e+05	51.3719 70.3231 0.1319	
9.566198 292.878725	5.67e-01  7.79e-01  4.81e+05	-25.8259 72.6818 0.3065	
9.566198 292.878725	4.86e-01  8.04e-01  4.93e+05	-9.1997 70.8996 0.1230	
9.566198 292.878725	6.80e-01  7.43e-01  4.66e+05	-9.8502 83.3440 0.5403	
9.566198 292.878725	6.23e-01  7.50e-01  4.76e+05	13.7959 78.4264 0.4334	
9.566198 292.878725	3.02e-01  9.01e-01  5.13e+05	-8.3314 60.3969 0.8652	
9.566198 292.878725	6.70e-01  9.38e-01  4.33e+05	-13.2082 96.0515 0.0334	
9.566198 292.878725	6.97e-01  8.73e-01  4.39e+05	16.8841 93.0780 0.3846	
9.566198 292.878725	4.65e-01  8.13e-01  4.96e+05	-6.5754 69.8128 0.7454	
9.566198 292.878725	4.94e-01  7.97e-01  4.93e+05	-10.8751 70.7834 0.4088	
9.566198 292.878725	6.52e-01  9.66e-01  4.31e+05	-33.1111 91.7925 0.7830	
9.566198 292.878725	8.08e-01  8.70e-01  4.22e+05	4.9788 100.9244 0.3661	
9.566198 292.878725	7.24e-01  7.81e-01  4.51e+05	-21.1613 87.7121 0.9509	
9.566198 292.878725	7.36e-01  7.71e-01  4.50e+05	-33.6160 83.8391 0.9026	
9.566198 292.878725	6.86e-01  9.76e-01  4.24e+05	-6.5020 99.9045 0.6410	
9.566198 292.878725	6.55e-01  8.40e-01  4.53e+05	11.1535 88.7128 0.5208	
9.566198 292.878725	5.33e-01  8.29e-01  4.78e+05	12.0175 77.6943 0.0123	
9.566198 292.878725	5.66e-01  9.23e-01  4.54e+05	-16.8447 87.3770 0.0110	
9.566198 292.878725	6.04e-01  8.66e-01  4.57e+05	8.0424 87.1958 0.5168	
9.566198 292.878725	7.54e-01  9.77e-01  4.13e+05	21.7328 101.6147 0.1648	
9.566198 292.878725	6.46e-01  7.83e-01  4.65e+05	-27.2944 79.8616 0.1821	
9.566198 292.878725	6.35e-01  8.28e-01  4.58e+05	26.5807 82.9457 0.9448	
9.566198 292.878725	4.81e-01  8.22e-01  4.90e+05	-32.9542 65.0080 0.3581	
9.566198 292.878725	5.91e-01  9.25e-01  4.49e+05	25.1158 87.4294 0.4793	
9.566198 292.878725	5.23e-01  7.59e-01  4.95e+05	29.1155 64.3263 0.9773	
9.566198 292.878725	4.78e-01  8.68e-01  4.81e+05	18.6361 74.7879 0.9611	
9.566198 292.878725	6.75e-01  8.25e-01  4.52e+05	31.9679 83.9192 0.8698	
9.566198 292.878725	4.47e-01  8.66e-01  4.88e+05	10.7046 73.0546 0.4120	
9.566198 292.878725	6.57e-01  8.91e-01  4.43e+05	-25.6765 89.5221 0.9252	
9.566198 292.878725	5.00e-01  7.73e-01  4.97e+05	-9.5176 68.8659 0.1504	
9.566198 292.878725	7.31e-01  8.67e-01  4.35e+05	-46.3586 84.4700 0.5499	
9.566198 292.878725	6.82e-01  8.33e-01  4.49e+05	0.3737 90.8617 0.5022	
9.566198 292.878725	6.91e-01  7.85e-01  4.56e+05	-29.1310 83.0701 0.5693	
9.566198 292.878725	6.42e-01  9.47e-01  4.36e+05	22.5574 93.1137 0.1975	
9.566198 292.878725	4.44e-01  8.52e-01  4.92e+05	-24.3899 67.7870 0.2615	
9.566198 292.878725	3.94e-01  8.34e-01  5.07e+05	2.8164 64.2600 0.5081	
9.566198 292.878725	6.73e-01  8.51e-01  4.47e+05	2.8606 91.4276 0.1154	
9.566198 292.878725	6.96e-01  7.74e-01  4.57e+05	-26.1805 83.5976 0.0840	
9.566198 292.878725	6.10e-01  8.34e-01  4.62e+05	2.2492 85.5653 0.0826	
9.566198 292.878725	5.61e-01  7.19e-01  4.95e+05	-11.2971 69.4542 0.2836	
9.566198 292.878725	6.56e-01  7.72e-01  4.65e+05	6.0202 84.0811 0.9888	
9.566198 292.878725	5.46e-01  8.36e-01  4.74e+05	6.7990 80.1456 0.0910	
9.566198 292.878725	6.60e-01  9.33e-01  4.36e+05	-16.7853 94.5460 0.3433	
9.566198 292.878725	5.76e-01  9.49e-01  4.47e+05	-11.3230 90.8348 0.1853	
9.566198 292.878725	5.44e-01  8.26e-01  4.76e+05	20.5309 76.6749 0.3371	
9.566198 292.878725	6.84e-01  9.71e-01  4.25e+05	6.4593 99.5895 0.4197	
9.566198 292.878725	5.89e-01  8.42e-01  4.65e+05	-29.0568 79.4030 0.6189	
9.566198 292.878725	3.55e-01  7.56e-01  5.35e+05	2.6201 45.9427 0.6671	
9.566198 292.878725	6.50e-01  8.19e-01  4.57e+05	-25.8737 83.5758 0.8494	
9.566198 292.878725	5.53e-01  8.34e-01  4.73e+05	14.2268 79.6256 0.7438	
9.566198 292.878725	5.68e-01  7.80e-01  4.81e+05	-27.2169 72.4013 0.1455	
9.566198 292.878725	8.24e-01  9.74e-01  4.04e+05	-24.2366 104.4655 0.1188	
9.566198 292.878725	6.84e-01  7.82e-01  4.58e+05	12.6916 86.3752 0.1233	
9.566198 292.878725	6.63e-01  8.44e-01  4.50e+05	-10.0521 89.8082 0.4347	
9.566198 292.878725	6.97e-01  8.55e-01  4.42e+05	42.0203 83.4292 0.4456	
9.566198 292.878725	7.73e-01  9.51e-01  4.15e+05	21.4837 101.2815 0.1422	
9.566198 292.878725	4.87e-01  8.62e-01  4.81e+05	13.2325 76.2066 0.3822	
9.566198 292.878725	7.70e-01  9.41e-01  4.17e+05	0.0461 102.8167 0.3190	
9.566198 292.878725	4.54e-01  7.83e-01  5.05e+05	-0.9111 65.3650 0.5770	
9.566198 292.878725	8.16e-01  8.84e-01  4.18e+05	34.4894 96.2555 0.2105	
9.566198 292.878725	4.62e-01  8.35e-01  4.92e+05	-10.1742 71.4750 0.8788	
9.566198 292.878725	5.91e-01  8.07e-01  4.71e+05	-18.6581 79.5963 0.4527	
9.566198 292.878725	4.91e-01  8.06e-01  4.92e+05	25.6641 67.5231 0.7613	
9.566198 292.878725	6.08e-01  8.86e-01  4.53e+05	21.3792 86.7688 0.2028	
9.566198 292.878725	3.39e-01  8.08e-01  5.26e+05	17.5227 49.5868 0.8441	
9.566198 292.878725	5.67e-01  7.41e-01  4.89e+05	15.3973 71.7008 0.6140	
9.566198 292.878725	5.72e-01  8.77e-01  4.61e+05	-47.4244 71.6857 0.4021	
9.566198 292.878725	6.90e-01  8.50e-01  4.45e+05	8.9383 92.1485 0.9266	
9.566198 292.878725	7.72e-01  8.54e-01  4.30e+05	-25.5270 94.6919 0.7484	
9.566198 292.878725	7.21e-01  8.36e-01  4.42e+05	22.4894 91.0270 0.0158	
9.566198 292.878725	5.03e-01  6.64e-01  5.21e+05	-14.6695 53.7921 0.7204	
9.566198 292.878725	6.51e-01  9.40e-01  4.36e+05	34.4661 89.5426 0.0451	
9.566198 292.878725	4.02e-01  8.93e-01  4.92e+05	-12.8985 70.7857 0.1559	
9.566198 292.878725	5.55e-01  7.65e-01  4.87e+05	8.2070 74.1159 0.8982	
9.566198 292.878725	6.75e-01  8.17e-01  4.53e+05	-36.6541 81.3948 0.8590	
9.566198 292.878725	6.10e-01  9.15e-01  4.47e+05	29.2363 86.7852 0.7628	
9.566198 292.878725	8.18e-01  8.37e-01  4.25e+05	-4.2329 99.6690 0.2984	
9.566198 292.878725	7.05e-01  7.66e-01  4.57e+05	-15.0507 86.4278 0.9393	
9.566198 292.878725	7.32e-01  9.64e-01  4.19e+05	-3.8146 101.9456 0.4656	
9.566198 292.878725	6.70e-01  8.42e-01  4.50e+05	32.9084 84.4493 0.8945	
9.566198 292.878725	7.11e-01  9.37e-01  4.26e+05	27.7025 95.3852 0.7413	
9.566198 292.878725	7.01e-01  8.39e-01  4.45e+05	-30.1038 87.5625 0.0491	
9.566198 292.878725	5.58e-01  8.04e-01  4.78e+05	-33.1892 71.2639 0.2258	
9.566198 292.878725	6.01e-01  8.90e-01  4.53e+05	7.9027 88.8069 0.9078	
9.566198 292.878725	5.46e-01  7.28e-01  4.97e+05	-25.2239 64.9197 0.1762	
9.566198 292.878725	7.83e-01  9.26e-01  4.17e+05	12.2082 102.0103 0.0490	
9.566198 292.878725	5.31e-01  7.71e-01  4.91e+05	28.2620 66.9776 0.3047	
9.566198 292.878725	4.71e-01  9.32e-01  4.70e+05	25.6416 78.1731 0.4554	
9.566198 292.878725	7.58e-01  7.97e-01  4.42e+05	30.0165 88.6862 0.1525	
9.566198 292.878725	6.90e-01  8.38e-01  4.47e+05	12.5478 90.8535 0.6785	
9.566198 292.878725	4.61e-01  8.39e-01  4.91e+05	-35.7581 63.0743 0.6124	
9.566198 292.878725	4.63e-01  7.72e-01  5.05e+05	-34.1022 55.4260 0.8255	
9.566198 292.878725	4.55e-01  8.07e-01  4.99e+05	15.7928 66.4661 0.2430	
9.566198 292.878725	7.24e-01  8.36e-01  4.41e+05	-43.2408 83.3738 0.1246	
9.566198 292.878725	6.38e-01  8.47e-01  4.54e+05	13.2243 87.7586 0.8469	
9.566198 292.878725	5.47e-01  8.97e-01  4.62e+05	-30.8366 79.8319 0.8511	
9.566198 292.878725	5.34e-01  7.88e-01  4.86e+05	-10.7087 74.0578 0.8846	
9.566198 292.878725	5.88e-01  7.40e-01  4.85e+05	-3.3810 75.3773 0.8946	
9.566198 292.878725	5.08e-01  7.33e-01  5.04e+05	-0.8276 65.7887 0.3570	
9.566198 292.878725	5.79e-01  9.56e-01  4.45e+05	-9.8765 91.7332 0.8818	
9.566198 292.878725	6.09e-01  8.22e-01  4.64e+05	10.9750 83.8539 0.3718	
9.566198 292.878725	6.45e-01  8.40e-01  4.54e+05	52.8669 71.3071 0.6815	
9.566198 292.878725	6.41e-01  8.89e-01  4.46e+05	-22.8334 88.9850 0.6678	
9.566198 292.878725	4.96e-01  8.52e-01  4.81e+05	-0.4941 77.2714 0.2779	
9.566198 292.878725	5.88e-01  8.57e-01  4.62e+05	-15.8251 84.1867 0.4770	
9.566198 292.878725	6.77e-01  7.84e-01  4.59e+05	-2.9435 86.9179 0.0584	
9.566198 292.878725	5.75e-01  8.98e-01  4.57e+05	-6.8383 87.5013 0.5883	
9.566198 292.878725	6.81e-01  8.48e-01  4.47e+05	-6.0992 91.6124 0.8929	
9.566198 292.878725	5.72e-01  7.91e-01  4.78e+05	-11.5835 77.8216 0.5849	
9.566198 292.878725	5.73e-01  8.62e-01  4.64e+05	-24.0730 81.3519 0.4443	
9.566198 292.878725	6.05e-01  8.24e-01  4.65e+05	12.1729 83.5145 0.3845	
9.566198 292.878725	6.91e-01  9.25e-01  4.32e+05	-7.3085 97.1806 0.6017	
9.566198 292.878725	5.11e-01  8.65e-01  4.75e+05	17.9103 77.8459 0.7140	
9.566198 292.878725	5.64e-01  7.06e-01  4.98e+05	2.8528 69.1337 0.3610	
9.566198 292.878725	6.94e-01  9.62e-01  4.25e+05	-10.5198 99.2607 0.4415	
9.566198 292.878725	4.98e-01  9.36e-01  4.64e+05	-45.9706 71.2262 0.9549	
9.566198 292.878725	6.74e-01  7.51e-01  4.66e+05	-20.6672 81.4399 0.9166	
9.566198 292.878725	5.51e-01  7.23e-01  4.97e+05	5.9318 69.3552 0.9291	
9.566198 292.878725	5.20e-01  8.64e-01  4.74e+05	-9.4845 80.0325 0.7517	
9.566198 292.878725	5.94e-01  7.87e-01  4.74e+05	-0.9334 80.3540 0.8974	
9.566198 292.878725	6.11e-01  8.77e-01  4.54e+05	-24.5563 85.4849 0.4739	
9.566198 292.878725	5.48e-01  7.60e-01  4.89e+05	-6.3501 73.1816 0.0036	
9.566198 292.878725	6.15e-01  9.78e-01  4.36e+05	4.4223 95.9183 0.9431	
9.566198 292.878725	5.56e-01  9.47e-01  4.51e+05	13.5493 88.9879 0.5891	
9.566198 292.878725	6.14e-01  8.31e-01  4.62e+05	40.9456 75.2664 0.3287	
9.566198 292.878725	5.98e-01  7.42e-01  4.83e+05	32.5311 69.2883 0.9787	
9.566198 292.878725	4.74e-01  9.08e-01  4.74e+05	27.2459 75.7114 0.5176	
9.566198 292.878725	5.50e-01  9.15e-01  4.58e+05	44.6346 74.9814 0.1280	
9.566198 292.878725	6.63e-01  8.77e-01  4.45e+05	-3.7403 92.5257 0.7041	
9.566198 292.878725	5.97e-01  8.22e-01  4.67e+05	-39.1708 73.7726 0.7135	
9.566198 292.878725	6.73e-01  8.01e-01  4.56e+05	-4.9843 87.7689 0.4607	
9.566198 292.878725	6.42e-01  7.70e-01  4.68e+05	-23.5902 79.5929 0.4160	
9.566198 292.878725	6.45e-01  8.66e-01  4.50e+05	4.5130 90.4945 0.8667	
9.566198 292.878725	7.18e-01  8.36e-01  4.42e+05	-25.9260 89.8414 0.5370	
9.566198 292.878725	6.56e-01  9.77e-01  4.29e+05	-40.4881 89.7401 0.1255	
9.566198 292.878725	5.04e-01  7.71e-01  4.96e+05	8.2744 69.3208 0.0418	
9.566198 292.878725	5.77e-01  9.01e-01  4.56e+05	-13.9002 87.0945 0.2293	
9.566198 292.878725	5.29e-01  8.17e-01  4.81e+05	-10.2216 76.4565 0.9923	
9.566198 292.878725	4.73e-01  9.61e-01  4.64e+05	-2.0681 84.7795 0.3902	
9.566198 292.878725	6.14e-01  8.44e-01  4.60e+05	-20.6987 84.1299 0.2494	
9.566198 292.878725	6.85e-01  9.59e-01  4.27e+05	13.7253 98.1629 0.7898	
9.566198 292.878725	6.54e-01  7.46e-01  4.71e+05	-3.3121 81.9125 0.0198	
9.566198 292.878725	5.22e-01  8.81e-01  4.70e+05	2.1845 82.1717 0.4795	
9.566198 292.878725	4.72e-01  8.45e-01  4.87e+05	-19.1754 71.7522 0.6774	
9.566198 292.878725	7.60e-01  9.11e-01  4.23e+05	-4.1537 100.5826 0.1471	
9.566198 292.878725	6.08e-01  8.36e-01  4.62e+05	11.4323 84.8106 0.9085	
9.566198 292.878725	4.89e-01  6.81e-01  5.20e+05	5.5386 55.8659 0.4273	
9.566198 292.878725	4.29e-01  8.34e-01  4.99e+05	-5.0438 68.2779 0.6365	
9.566198 292.878725	6.86e-01  9.21e-01  4.33e+05	-23.0860 94.0724 0.5463	
9.566198 292.878725	4.50e-01  7.87e-01  5.05e+05	-7.3622 64.9191 0.3934	
9.566198 292.878725	3.80e-01  8.38e-01  5.09e+05	27.8803 56.5011 0.3487	
9.566198 292.878725	7.49e-01  8.39e-01  4.36e+05	16.7464 94.2061 0.3768	
9.566198 292.878725	6.07e-01  8.69e-01  4.56e+05	-7.0426 87.7499 0.1008	
9.566198 292.878725	6.72e-01  7.86e-01  4.59e+05	-18.7818 84.6174 0.1496	
9.566198 292.878725	4.79e-01  9.18e-01  4.71e+05	13.8174 80.5071 0.4241	
9.566198 292.878725	6.16e-01  8.93e-01  4.50e+05	-36.4690 82.8051 0.8219	
9.566198 292.878725	7.96e-01  8.83e-01  4.22e+05	-15.5847 99.8897 0.9262	
9.566198 292.878725	7.34e-01  9.84e-01  4.15e+05	17.9983 101.6315 0.6647	
9.566198 292.878725	6.46e-01  7.77e-01  4.66e+05	-28.2711 78.9598 0.0304	
9.566198 292.878725	5.88e-01  7.90e-01  4.75e+05	23.3203 76.5760 0.1539	
9.566198 292.878725	6.89e-01  9.73e-01  4.24e+05	4.9793 100.0701 0.5801	
9.566198 292.878725	5.08e-01  8.88e-01  4.71e+05	-24.5930 77.9040 0.0308	
9.566198 292.878725	4.95e-01  7.65e-01  5.00e+05	-7.4677 67.6937 0.8242	
9.566198 292.878725	6.66e-01  8.89e-01  4.42e+05	-23.3038 90.6338 0.2083	
9.566198 292.878725	4.72e-01  8.81e-01  4.80e+05	-20.3260 75.0135 0.3677	
9.566198 292.878725	7.75e-01  8.07e-01  4.37e+05	51.7592 80.0534 0.7319	
9.566198 292.878725	7.05e-01  8.46e-01  4.43e+05	-0.3263 93.3286 0.1987	
9.566198 292.878725	3.99e-01  7.49e-01  5.26e+05	-19.3581 49.1233 0.3601	
9.566198 292.878725	5.05e-01  7.78e-01  4.95e+05	-16.0740 68.7688 0.6864	
9.566198 292.878725	5.53e-01  8.37e-01  4.72e+05	23.4350 77.7004 0.6640	
9.566198 292.878725	5.08e-01  7.83e-01  4.93e+05	-16.2150 69.7067 0.1154	
9.566198 292.878725	4.80e-01  8.25e-01  4.90e+05	-6.4504 72.7829 0.5021	
9.566198 292.878725	5.46e-01  8.66e-01  4.68e+05	25.1472 79.1054 0.5665	
9.566198 292.878725	5.37e-01  8.88e-01  4.66e+05	1.4530 84.0346 0.1769	
9.566198 292.878725	6.70e-01  8.64e-01  4.46e+05	13.0956 91.2702 0.0645	
9.566198 292.878725	6.10e-01  8.07e-01  4.67e+05	16.7549 81.7554 0.1190	
9.566198 292.878725	5.02e-01  7.40e-01  5.04e+05	-6.2639 65.7502 0.1112	
9.566198 292.878725	6.55e-01  8.48e-01  4.51e+05	-10.3092 89.4033 0.4089	
9.566198 292.878725	6.06e-01  7.25e-01  4.84e+05	1.9344 75.6515 0.6877	
9.566198 292.878725	6.59e-01  7.14e-01  4.76e+05	-11.1021 78.8850 0.9921	
9.566198 292.878725	6.67e-01  7.07e-01  4.76e+05	2.9040 79.6404 0.9137	
9.566198 292.878725	5.26e-01  9.54e-01  4.55e+05	-7.5554 88.0700 0.3756	
9.566198 292.878725	6.19e-01  8.51e-01  4.57e+05	26.9086 83.4275 0.2565	
9.566198 292.878725	7.41e-01  8.78e-01  4.31e+05	13.6147 96.6994 0.3673	
9.566198 292.878725	6.65e-01  7.58e-01  4.66e+05	-0.9603 83.9323 0.8086	
9.566198 292.878725	6.95e-01  7.64e-01  4.59e+05	1.2613 86.7407 0.3918	
9.566198 292.878725	5.83e-01  6.31e-01  5.10e+05	0.3325 62.5061 0.4218	
9.566198 292.878725	7.27e-01  9.14e-01  4.28e+05	-17.8023 97.3271 0.7636	
9.566198 292.878725	5.43e-01  7.76e-01  4.87e+05	-2.0491 74.4385 0.6503	
9.566198 292.878725	5.85e-01  8.93e-01  4.56e+05	39.4361 78.9075 0.1837	
9.566198 292.878725	5.57e-01  8.61e-01  4.67e+05	3.5662 83.4161 0.1107	
9.566198 292.878725	5.06e-01  8.17e-01  4.86e+05	2.9798 74.8271 0.2292	
9.566198 292.878725	4.59e-01  7.82e-01  5.04e+05	1.2835 65.7453 0.5304	
9.566198 292.878725	5.14e-01  7.36e-01  5.02e+05	-47.8280 46.9129 0.3239	
9.566198 292.878725	7.21e-01  7.69e-01  4.54e+05	-34.7484 82.0235 0.6028	
9.566198 292.878725	6.79e-01  7.92e-01  4.57e+05	-21.2063 85.0869 0.4817	
9.566198 292.878725	6.32e-01  7.85e-01  4.67e+05	-14.1087 82.2604 0.4417	
9.566198 292.878725	4.67e-01  8.00e-01  4.98e+05	-18.3271 66.3765 0.4582	
9.566198 292.878725	8.22e-01  8.87e-01  4.17e+05	-22.4124 100.2640 0.1280	
9.566198 292.878725	4.89e-01  8.91e-01  4.74e+05	56.4161 57.1715 0.5225	
9.566198 292.878725	5.65e-01  7.95e-01  4.78e+05	-15.1761 76.9620 0.8372	
9.566198 292.878725	6.25e-01  9.03e-01  4.47e+05	21.8502 89.1230 0.1911	
9.566198 292.878725	6.22e-01  8.48e-01  4.57e+05	28.8807 82.7318 0.0210	
9.566198 292.878725	6.04e-01  7.98e-01  4.70e+05	26.1341 77.8923 0.3933	
9.566198 292.878725	5.53e-01  7.81e-01  4.84e+05	17.6155 73.9512 0.6067	
9.566198 292.878725	7.68e-01  9.14e-01  4.21e+05	-24.0806 98.3359 0.9966	
9.566198 292.878725	6.82e-01  7.85e-01  4.58e+05	-26.5484 83.2160 0.0968	
9.566198 292.878725	5.47e-01  7.80e-01  4.85e+05	-12.0598 74.3031 0.6198	
9.566198 292.878725	7.39e-01  9.10e-01  4.26e+05	33.0826 93.7822 0.9544	
9.566198 292.878725	5.45e-01  8.16e-01  4.78e+05	-19.4550 76.0190 0.2929	
9.566198 292.878725	5.01e-01  9.63e-01  4.58e+05	-35.5051 79.5819 0.2256	
9.566198 292.878725	5.32e-01  8.59e-01  4.72e+05	41.9752 69.4715 0.6110	
9.566198 292.878725	6.40e-01  7.78e-01  4.67e+05	-35.5971 75.4508 0.3901	
9.566198 292.878725	7.23e-01  8.92e-01  4.32e+05	6.8879 97.1801 0.0546	
9.566198 292.878725	5.45e-01  9.03e-01  4.61e+05	9.0973 85.4452 0.6513	
9.566198 292.878725	6.37e-01  8.02e-01  4.63e+05	-41.2857 74.5220 0.9721	
9.566198 292.878725	6.30e-01  8.06e-01  4.64e+05	-7.7924 84.6097 0.0550	
9.566198 292.878725	6.43e-01  8.90e-01  4.46e+05	6.0464 91.9479 0.3081	
9.566198 292.878725	8.26e-01  9.62e-01  4.05e+05	-56.0724 90.8979 0.9979	
9.566198 292.878725	4.04e-01  9.05e-01  4.89e+05	3.1515 73.3874 0.4407	
9.566198 292.878725	5.78e-01  7.85e-01  4.78e+05	3.7662 78.6472 0.7736	
9.566198 292.878725	6.25e-01  8.68e-01  4.53e+05	-41.3848 79.1801 0.6663	
9.566198 292.878725	5.78e-01  7.72e-01  4.81e+05	-2.0833 77.4517 0.2865	
9.566198 292.878725	6.00e-01  8.80e-01  4.55e+05	-23.9562 84.9995 0.9142	
9.566198 292.878725	6.27e-01  9.49e-01  4.38e+05	-28.3328 90.6136 0.4716	
9.566198 292.878725	7.00e-01  8.57e-01  4.42e+05	28.2460 89.4046 0.2451	
9.566198 292.878725	7.01e-01  9.52e-01  4.26e+05	-14.5442 98.5568 0.3938	
9.566198 292.878725	5.43e-01  8.04e-01  4.81e+05	-5.6634 77.0093 0.0865	
9.566198 292.878725	4.19e-01  8.64e-01  4.95e+05	1.6554 70.6888 0.2992	
9.566198 292.878725	5.38e-01  8.24e-01  4.78e+05	14.8874 77.2401 0.3142	
9.566198 292.878725	5.37e-01  6.69e-01  5.12e+05	5.9252 61.1668 0.8698	
9.566198 292.878725	4.33e-01  7.57e-01  5.16e+05	13.2076 57.7073 0.8548	
9.566198 292.878725	4.67e-01  7.57e-01  5.08e+05	-17.4344 61.2259 0.0013	
9.566198 292.878725	5.33e-01  7.57e-01  4.93e+05	3.1231 71.4104 0.5054	
9.566198 292.878725	6.37e-01  7.91e-01  4.65e+05	41.7347 73.2123 0.4465	
9.566198 292.878725	8.45e-01  9.78e-01  4.00e+05	-7.0078 108.2085 0.4009	
9.566198 292.878725	5.45e-01  7.28e-01  4.97e+05	15.8177 67.7430 0.9776	
9.566198 292.878725	7.08e-01  8.54e-01  4.41e+05	-26.1446 90.3296 0.0344	
9.566198 292.878725	6.57e-01  8.05e-01  4.59e+05	24.4812 83.4592 0.4045	
9.566198 292.878725	6.66e-01  9.55e-01  4.31e+05	-1.0311 97.7581 0.9453	
9.566198 292.878725	6.01e-01  9.33e-01  4.46e+05	-17.5574 90.5187 0.3214	
9.566198 292.878725	5.34e-01  9.43e-01  4.56e+05	-23.7710 84.8121 0.4904	
9.566198 292.878725	4.66e-01  9.86e-01  4.61e+05	34.9392 78.8315 0.7460	
9.566198 292.878725	7.32e-01  8.81e-01  4.32e+05	-12.5211 96.4560 0.1656	
9.566198 292.878725	7.74e-01  8.74e-01  4.27e+05	-22.3625 96.7684 0.8420	
9.566198 292.878725	5.34e-01  8.72e-01  4.69e+05	-19.3828 80.1737 0.6236	
9.566198 292.878725	4.74e-01  8.54e-01  4.85e+05	12.3785 74.3618 0.7728	
9.566198 292.878725	5.52e-01  7.44e-01  4.92e+05	-8.8442 71.6310 0.8414	
9.566198 292.878725	7.01e-01  9.12e-01  4.32e+05	21.0128 94.9507 0.5699	
9.566198 292.878725	6.29e-01  8.53e-01  4.55e+05	-13.2463 87.4962 0.9280	
9.566198 292.878725	6.21e-01  8.43e-01  4.58e+05	-27.3025 82.7600 0.2293	
9.566198 292.878725	7.37e-01  8.81e-01  4.31e+05	9.8404 97.1094 0.0731	
9.566198 292.878725	6.41e-01  8.49e-01  4.54e+05	-12.4995 88.1745 0.5352	
9.566198 292.878725	7.09e-01  7.60e-01  4.57e+05	-17.1769 85.8057 0.4660	
9.566198 292.878725	5.19e-01  7.75e-01  4.92e+05	26.5703 66.8569 0.0630	
9.566198 292.878725	4.67e-01  7.58e-01  5.07e+05	15.5943 61.9628 0.0879	
9.566198 292.878725	6.88e-01  8.89e-01  4.38e+05	40.7225 85.8829 0.6344	
9.566198 292.878725	5.75e-01  7.60e-01  4.84e+05	18.7420 73.6950 0.7681	
9.566198 292.878725	5.18e-01  8.12e-01  4.85e+05	14.8083 74.1477 0.8327	
9.566198 292.878725	7.99e-01  9.71e-01  4.08e+05	-0.8765 105.8678 0.1657	
9.566198 292.878725	4.85e-01  7.49e-01  5.05e+05	-19.3630 62.0468 0.8118	
9.566198 292.878725	4.90e-01  6.80e-01  5.20e+05	11.0028 55.0979 0.4161	
9.566198 292.878725	7.09e-01  8.51e-01  4.41e+05	13.3565 92.9697 0.3567	
9.566198 292.878725	7.51e-01  9.13e-01  4.24e+05	30.8080 95.4139 0.5462	
9.566198 292.878725	5.93e-01  7.95e-01  4.73e+05	-32.2338 74.2315 0.3586	
9.566198 292.878725	5.92e-01  8.50e-01  4.63e+05	-64.7675 55.6611 0.5739	
9.566198 292.878725	5.30e-01  7.98e-01  4.85e+05	20.1406 72.5811 0.4047	
9.566198 292.878725	6.46e-01  8.04e-01  4.61e+05	33.1974 79.4336 0.6679	
9.566198 292.878725	7.20e-01  8.17e-01  4.45e+05	9.6839 91.8646 0.7153	
9.566198 292.878725	8.00e-01  8.38e-01  4.28e+05	53.2137 83.2097 0.7854	
9.566198 292.878725	4.84e-01  9.26e-01  4.69e+05	-20.7778 80.1296 0.4049	
9.566198 292.878725	6.80e-01  9.12e-01  4.36e+05	17.2665 94.3543 0.9424	
9.566198 292.878725	6.48e-01  8.47e-01  4.52e+05	2.2631 89.4695 0.1038	
9.566198 292.878725	6.23e-01  7.30e-01  4.80e+05	6.3317 77.5437 0.2757	
9.566198 292.878725	5.55e-01  8.42e-01  4.71e+05	-14.5549 80.4066 0.3586	
9.566198 292.878725	4.98e-01  8.70e-01  4.77e+05	32.2106 72.3565 0.6938	
9.566198 292.878725	3.76e-01  7.22e-01  5.38e+05	-9.1729 42.3166 0.1475	
9.566198 292.878725	7.45e-01  8.09e-01  4.42e+05	-31.2422 88.1660 0.5928	
9.566198 292.878725	4.87e-01  8.24e-01  4.89e+05	-14.9794 72.1496 0.9094	
9.566198 292.878725	7.11e-01  8.08e-01  4.48e+05	-14.1658 90.0156 0.2183	
9.566198 292.878725	6.38e-01  9.19e-01  4.42e+05	-0.7965 93.7054 0.4005	
9.566198 292.878725	5.49e-01  7.95e-01  4.82e+05	-45.1361 62.3054 0.7270	
9.566198 292.878725	5.44e-01  7.51e-01  4.92e+05	1.4544 72.0171 0.3409	
9.566198 292.878725	5.40e-01  8.11e-01  4.80e+05	4.3660 77.4780 0.4631	
9.566198 292.878725	5.44e-01  8.58e-01  4.70e+05	36.3053 73.7484 0.4233	
9.566198 292.878725	7.38e-01  9.00e-01  4.28e+05	-10.8079 98.1527 0.5496	
9.566198 292.878725	6.84e-01  9.26e-01  4.33e+05	10.5570 96.5270 0.3204	
9.566198 292.878725	5.48e-01  8.66e-01  4.68e+05	3.8002 83.0918 0.0558	
9.566198 292.878725	6.73e-01  7.27e-01  4.70e+05	-21.0198 79.2961 0.7656	
9.566198 292.878725	6.61e-01  9.38e-01  4.34e+05	-29.9748 91.6493 0.2755	
9.566198 292.878725	4.58e-01  7.99e-01  5.00e+05	17.5818 65.3850 0.6771	
9.566198 292.878725	6.84e-01  7.29e-01  4.68e+05	-4.8342 82.9124 0.5441	
9.566198 292.878725	5.86e-01  8.34e-01  4.67e+05	19.7635 81.2327 0.5074	
9.566198 292.878725	7.28e-01  8.09e-01  4.45e+05	-1.4140 92.3905 0.4444	
9.566198 292.878725	7.35e-01  7.95e-01  4.46e+05	7.5784 91.5604 0.9821	
9.566198 292.878725	6.04e-01  7.55e-01  4.79e+05	-36.7763 69.1799 0.5870	
9.566198 292.878725	4.44e-01  7.69e-01  5.10e+05	-18.3041 59.4757 0.6600	
9.566198 292.878725	6.85e-01  7.65e-01  4.61e+05	12.0524 85.2196 0.1396	
9.566198 292.878725	7.22e-01  7.73e-01  4.53e+05	-8.4715 89.0477 0.7254	
9.566198 292.878725	4.19e-01  7.74e-01  5.15e+05	-3.5131 59.4648 0.2560	
9.566198 292.878725	6.16e-01  8.16e-01  4.64e+05	-6.9777 84.4082 0.0016	
9.566198 292.878725	6.82e-01  8.72e-01  4.42e+05	22.2660 90.8811 0.0595	
9.566198 292.878725	4.60e-01  9.01e-01  4.78e+05	-20.0276 75.9897 0.3967	
9.566198 292.878725	6.36e-01  9.27e-01  4.41e+05	-0.5563 94.1239 0.5805	
9.566198 292.878725	6.02e-01  8.33e-01  4.64e+05	-6.5652 84.6350 0.4797	
9.566198 292.878725	8.04e-01  9.15e-01  4.15e+05	-1.4025 103.2381 0.1660	
9.566198 292.878725	6.10e-01  9.27e-01  4.45e+05	-39.4924 83.4760 0.9547	
9.566198 292.878725	7.07e-01  9.49e-01  4.25e+05	29.8423 95.2496 0.0991	
9.566198 292.878725	5.52e-01  8.57e-01  4.69e+05	-9.6392 82.1594 0.1341	
9.566198 292.878725	5.09e-01  8.21e-01  4.85e+05	2.2296 75.5517 0.2304	
9.566198 292.878725	5.05e-01  8.29e-01  4.84e+05	-17.8430 73.8039 0.5116	
9.566198 292.878725	6.31e-01  8.27e-01  4.59e+05	36.9893 78.4197 0.7943	
9.566198 292.878725	5.15e-01  7.70e-01  4.94e+05	34.5034 62.0017 0.6468	
9.566198 292.878725	4.35e-01  8.20e-01  5.01e+05	-7.0275 67.1628 0.5633	
9.566198 292.878725	5.82e-01  8.50e-01  4.64e+05	32.4613 78.1033 0.2976	
9.566198 292.878725	5.52e-01  7.47e-01  4.91e+05	6.6225 72.1129 0.1674	
9.566198 292.878725	5.25e-01  9.30e-01  4.60e+05	-8.3890 86.0075 0.1417	
9.566198 292.878725	5.79e-01  7.49e-01  4.85e+05	-17.8989 73.1611 0.4309	
9.566198 292.878725	6.87e-01  8.47e-01  4.46e+05	36.4849 84.6761 0.3486	
9.566198 292.878725	5.98e-01  6.36e-01  5.06e+05	-15.6770 63.0155 0.3395	
9.566198 292.878725	5.88e-01  8.28e-01  4.67e+05	9.0126 82.8332 0.4258	
9.566198 292.878725	7.31e-01  8.88e-01  4.31e+05	-24.1192 94.5905 0.3297	
9.566198 292.878725	5.56e-01  6.56e-01  5.10e+05	-31.8937 53.3715 0.8041	
9.566198 292.878725	7.67e-01  8.63e-01  4.29e+05	-10.7374 97.7166 0.6520	
9.566198 292.878725	5.26e-01  8.31e-01  4.79e+05	-4.2599 78.0039 0.3483	
9.566198 292.878725	4.56e-01  6.51e-01  5.36e+05	2.7590 45.1908 0.7851	
9.566198 292.878725	7.46e-01  8.66e-01  4.32e+05	10.0715 96.6977 0.2502	
9.566198 292.878725	6.34e-01  7.67e-01  4.70e+05	-41.0146 71.0589 0.3757	
9.566198 292.878725	6.25e-01  8.31e-01  4.60e+05	10.9331 85.9086 0.0024	
9.566198 292.878725	5.57e-01  8.53e-01  4.69e+05	21.9364 79.8869 0.5080	
9.566198 292.878725	7.06e-01  9.67e-01  4.22e+05	7.8268 100.4826 0.4600	
9.566198 292.878725	6.68e-01  8.99e-01  4.40e+05	-7.0137 94.0864 0.8534	
9.566198 292.878725	5.11e-01  7.45e-01  5.01e+05	-35.8609 57.3478 0.3092	
9.566198 292.878725	6.56e-01  7.33e-01  4.73e+05	2.7858 80.9258 0.9675	
9.566198 292.878725	6.21e-01  8.66e-01  4.54e+05	7.8080 88.5068 0.2723	
9.566198 292.878725	5.42e-01  7.93e-01  4.84e+05	-21.7232 72.8494 0.7432	
9.566198 292.878725	5.99e-01  8.47e-01  4.62e+05	-25.5665 81.8922 0.5853	
9.566198 292.878725	4.79e-01  8.93e-01  4.76e+05	0.5799 79.5291 0.5385	
9.566198 292.878725	5.73e-01  9.01e-01  4.56e+05	16.5692 86.3394 0.6982	
9.566198 292.878725	6.60e-01  7.20e-01  4.74e+05	7.0356 79.9895 0.6027	
9.566198 292.878725	5.89e-01  7.87e-01  4.75e+05	21.0086 77.0917 0.8808	
9.566198 292.878725	5.06e-01  7.96e-01  4.91e+05	-2.1298 72.6658 0.5114	
9.566198 292.878725	6.82e-01  7.41e-01  4.66e+05	-19.0763 81.6641 0.8740	
9.566198 292.878725	6.72e-01  9.23e-01  4.35e+05	9.2561 95.7378 0.4160	
9.566198 292.878725	6.47e-01  6.90e-01  4.83e+05	-23.0612 72.7516 0.6692	
9.566198 292.878725	4.63e-01  9.53e-01  4.67e+05	-23.7977 79.8609 0.6462	
9.566198 292.878725	4.25e-01  6.52e-01  5.44e+05	-1.2181 38.4667 0.1744	
9.566198 292.878725	3.85e-01  8.81e-01  4.98e+05	-6.3857 68.5833 0.7118	
9.566198 292.878725	4.20e-01  6.84e-01  5.37e+05	8.7453 43.6506 0.2388	
9.566198 292.878725	6.57e-01  7.45e-01  4.70e+05	4.6251 82.0367 0.4860	
9.566198 292.878725	6.24e-01  8.99e-01  4.48e+05	-15.3941 90.1189 0.3081	
9.566198 292.878725	6.06e-01  8.21e-01  4.65e+05	2.1858 84.2185 0.4731	
9.566198 292.878725	5.89e-01  8.56e-01  4.62e+05	33.9210 78.6646 0.5963	
9.566198 292.878725	5.00e-01  8.71e-01  4.76e+05	-10.1615 78.8052 0.7368	
9.566198 292.878725	5.59e-01  9.21e-01  4.55e+05	23.1054 85.3364 0.2552	
9.566198 292.878725	6.24e-01  8.21e-01  4.62e+05	13.3430 84.6401 0.1624	
9.566198 292.878725	4.11e-01  7.71e-01  5.18e+05	-2.7819 57.9261 0.2735	
9.566198 292.878725	4.51e-01  9.12e-01  4.78e+05	-22.3932 75.4348 0.8731	
9.566198 292.878725	7.34e-01  9.55e-01  4.20e+05	-31.9647 96.4994 0.9282	
9.566198 292.878725	6.91e-01  9.20e-01  4.32e+05	-21.3223 94.7816 0.4833	
9.566198 292.878725	6.94e-01  8.58e-01  4.42e+05	33.1543 87.3601 0.2012	
9.566198 292.878725	5.97e-01  8.16e-01  4.68e+05	-15.0904 81.7054 0.9354	
9.566198 292.878725	6.81e-01  8.71e-01  4.43e+05	-43.6557 82.5482 0.7091	
9.566198 292.878725	6.29e-01  8.17e-01  4.62e+05	-36.6041 77.5278 0.8224	
9.566198 292.878725	5.63e-01  6.81e-01  5.03e+05	3.6639 66.1540 0.1332	
9.566198 292.878725	6.38e-01  7.13e-01  4.80e+05	-20.7697 74.7916 0.1029	
9.566198 292.878725	6.73e-01  8.73e-01  4.43e+05	-12.2036 92.2050 0.0761	
9.566198 292.878725	4.47e-01  8.31e-01  4.96e+05	44.5166 54.1857 0.7716	
9.566198 292.878725	5.67e-01  9.11e-01  4.56e+05	-47.8029 74.0548 0.0228	
9.566198 292.878725	3.41e-01  7.73e-01  5.34e+05	-25.8221 38.9648 0.2286	
9.566198 292.878725	5.44e-01  7.09e-01  5.01e+05	2.1120 67.2565 0.2425	
9.566198 292.878725	5.95e-01  7.91e-01  4.73e+05	5.7330 80.6369 0.4290	
9.566198 292.878725	6.78e-01  7.49e-01  4.65e+05	-14.6229 82.9210 0.4705	
9.566198 292.878725	5.77e-01  8.38e-01  4.68e+05	17.6432 81.3555 0.4550	
9.566198 292.878725	4.61e-01  8.76e-01  4.83e+05	2.1661 76.2007 0.9199	
9.566198 292.878725	7.22e-01  8.19e-01  4.44e+05	37.4581 84.7485 0.8381	
9.566198 292.878725	6.14e-01  8.44e-01  4.59e+05	31.2662 80.8279 0.0625	
9.566198 292.878725	7.15e-01  7.40e-01  4.60e+05	29.7707 81.2055 0.4318	
9.566198 292.878725	6.40e-01  8.08e-01  4.61e+05	7.0926 85.5593 0.4036	
9.566198 292.878725	6.92e-01  7.84e-01  4.56e+05	45.4799 75.4742 0.5994	
9.566198 292.878725	6.03e-01  9.33e-01  4.45e+05	0.6570 92.3444 0.2431	
9.566198 292.878725	5.33e-01  6.75e-01  5.11e+05	11.9482 60.4791 0.0703	
9.566198 292.878725	6.67e-01  8.83e-01  4.43e+05	32.5342 87.3697 0.7711	
9.566198 292.878725	6.41e-01  8.45e-01  4.54e+05	-26.3393 84.7833 0.7269	
9.566198 292.878725	6.25e-01  7.98e-01  4.66e+05	-18.0676 81.8854 0.3410	
9.566198 292.878725	5.98e-01  9.53e-01  4.43e+05	9.8083 92.7893 0.8802	
9.566198 292.878725	5.66e-01  8.41e-01  4.69e+05	3.9205 82.4758 0.9901	
9.566198 292.878725	7.45e-01  8.64e-01  4.33e+05	9.0524 96.6155 0.3993	
9.566198 292.878725	6.61e-01  7.61e-01  4.66e+05	-20.3278 81.2928 0.0527	
9.566198 292.878725	7.93e-01  8.74e-01  4.23e+05	-42.3772 91.0424 0.4153	
9.566198 292.878725	5.38e-01  8.17e-01  4.79e+05	-40.5909 66.6165 0.8417	
9.566198 292.878725	5.66e-01  6.14e-01  5.18e+05	-19.0235 54.5359 0.3696	
9.566198 292.878725	5.24e-01  8.15e-01  4.83e+05	-10.7164 75.6663 0.2451	
9.566198 292.878725	4.52e-01  9.13e-01  4.77e+05	12.0906 77.9562 0.0945	
9.566198 292.878725	7.25e-01  7.99e-01  4.47e+05	-10.2032 90.9441 0.6239	
9.566198 292.878725	6.69e-01  8.41e-01  4.50e+05	7.6368 90.1877 0.1081	
9.566198 292.878725	6.09e-01  9.45e-01  4.42e+05	-0.0284 93.5569 0.2524	
9.566198 292.878725	5.29e-01  8.93e-01  4.66e+05	-15.2955 82.4231 0.3536	
9.566198 292.878725	7.07e-01  9.09e-01  4.32e+05	-11.0790 96.8068 0.7717	
9.566198 292.878725	5.10e-01  9.73e-01  4.55e+05	-12.5637 87.6268 0.7270	
9.566198 292.878725	5.36e-01  9.65e-01  4.52e+05	39.5167 80.7248 0.1035	
9.566198 292.878725	5.56e-01  8.23e-01  4.75e+05	16.6412 78.4696 0.0564	
9.566198 292.878725	6.48e-01  7.94e-01  4.62e+05	-14.7819 84.1327 0.9712	
9.566198 292.878725	5.84e-01  8.36e-01  4.67e+05	14.0380 82.4716 0.8715	
9.566198 292.878725	7.50e-01  8.78e-01  4.30e+05	-16.8615 96.7256 0.3245	
9.566198 292.878725	6.16e-01  8.16e-01  4.64e+05	-13.8505 83.5135 0.1321	
9.566198 292.878725	5.59e-01  9.02e-01  4.59e+05	0.1272 86.9535 0.0136	
9.566198 292.878725	3.98e-01  9.39e-01  4.83e+05	-9.2772 75.6115 0.0608	
9.566198 292.878725	6.62e-01  8.79e-01  4.44e+05	-16.6386 91.1709 0.6665	
9.566198 292.878725	7.74e-01  9.46e-01  4.15e+05	28.1167 99.4496 0.1532	
9.566198 292.878725	7.07e-01  7.93e-01  4.52e+05	-16.8315 88.2594 0.5801	
9.566198 292.878725	5.95e-01  7.74e-01  4.76e+05	2.3701 79.3018 0.6551	
9.566198 292.878725	5.89e-01  7.37e-01  4.86e+05	29.9835 68.9016 0.9336	
9.566198 292.878725	5.90e-01  7.04e-01  4.92e+05	-22.1003 68.4481 0.0940	
9.566198 292.878725	6.03e-01  9.18e-01  4.48e+05	8.3012 90.9435 0.2225	
9.566198 292.878725	5.56e-01  9.40e-01  4.52e+05	3.6782 89.4457 0.1540	
9.566198 292.878725	6.28e-01  6.54e-01  4.95e+05	-21.9551 67.1044 0.6964	
9.566198 292.878725	6.49e-01  7.86e-01  4.64e+05	10.0204 84.2664 0.1877	
9.566198 292.878725	4.65e-01  8.66e-01  4.84e+05	14.4909 74.3696 0.6710	
9.566198 292.878725	5.68e-01  8.87e-01  4.60e+05	24.2308 83.0006 0.0430	
9.566198 292.878725	6.03e-01  8.83e-01  4.54e+05	11.6933 87.9805 0.3406	
9.566198 292.878725	6.15e-01  8.48e-01  4.59e+05	-11.6574 86.2283 0.0901	
9.566198 292.878725	7.93e-01  8.24e-01  4.32e+05	-38.1613 89.7030 0.7236	
9.566198 292.878725	6.16e-01  7.37e-01  4.80e+05	6.8488 77.5074 0.6479	
9.566198 292.878725	5.98e-01  7.54e-01  4.80e+05	-5.7518 77.5179 0.6020	
9.566198 292.878725	6.92e-01  8.48e-01  4.45e+05	24.4951 89.2867 0.9597	
9.566198 292.878725	5.08e-01  7.63e-01  4.97e+05	5.6601 69.1580 0.8003	
9.566198 292.878725	4.37e-01  9.16e-01  4.80e+05	14.1014 76.4366 0.7815	
9.566198 292.878725	8.46e-01  9.77e-01  4.00e+05	-11.3970 107.8160 0.0343	
9.566198 292.878725	6.73e-01  7.27e-01  4.71e+05	-5.8359 81.7633 0.7371	
9.566198 292.878725	5.79e-01  8.44e-01  4.66e+05	31.0897 77.9118 0.5360	
9.566198 292.878725	6.02e-01  7.74e-01  4.75e+05	30.7199 73.6939 0.7078	
9.566198 292.878725	6.98e-01  8.59e-01  4.42e+05	14.1957 92.6678 0.5261	
9.566198 292.878725	6.01e-01  7.23e-01  4.86e+05	-50.0115 55.8397 0.3346	
9.566198 292.878725	5.62e-01  8.14e-01  4.75e+05	27.1189 75.1814 0.7581	
9.566198 292.878725	6.37e-01  8.50e-01  4.54e+05	30.6631 83.4583 0.2395	
9.566198 292.878725	6.50e-01  8.12e-01  4.59e+05	-15.9396 85.5739 0.9452	
9.566198 292.878725	6.05e-01  7.92e-01  4.71e+05	-50.2775 64.3423 0.6019	
9.566198 292.878725	6.37e-01  7.03e-01  4.82e+05	-2.5879 76.5446 0.7982	
9.566198 292.878725	7.21e-01  8.90e-01  4.32e+05	-11.2737 96.4907 0.3271	
9.566198 292.878725	7.31e-01  7.56e-01  4.54e+05	12.0658 88.0009 0.3525	
9.566198 292.878725	4.00e-01  9.52e-01  4.80e+05	4.1099 77.5844 0.6511	
9.566198 292.878725	5.19e-01  7.90e-01  4.89e+05	23.2650 69.7486 0.7783	
9.566198 292.878725	5.50e-01  7.35e-01  4.94e+05	21.8252 67.4641 0.3902	
9.566198 292.878725	6.82e-01  8.11e-01  4.53e+05	-39.4385 80.1205 0.4644	
9.566198 292.878725	6.30e-01  8.33e-01  4.58e+05	-2.1113 87.1021 0.7687	
9.566198 292.878725	6.03e-01  8.74e-01  4.56e+05	5.7814 87.9261 0.2575	
9.566198 292.878725	6.19e-01  8.11e-01  4.65e+05	-25.9139 80.3899 0.9210	
9.566198 292.878725	5.56e-01  8.83e-01  4.63e+05	15.6309 83.8157 0.0398	
9.566198 292.878725	7.47e-01  8.94e-01  4.28e+05	39.6060 90.6463 0.9544	
9.566198 292.878725	5.24e-01  9.33e-01  4.60e+05	15.9742 85.1463 0.4178	
9.566198 292.878725	5.34e-01  8.71e-01  4.69e+05	-19.0692 80.2345 0.4915	
9.566198 292.878725	4.61e-01  7.90e-01  5.02e+05	32.9224 58.3296 0.5242	
9.566198 292.878725	4.46e-01  7.92e-01  5.04e+05	26.3938 60.0201 0.2708	
9.566198 292.878725	5.02e-01  9.37e-01  4.63e+05	10.5412 84.5688 0.6925	
9.566198 292.878725	5.03e-01  7.42e-01  5.03e+05	-4.3340 66.1969 0.3663	
9.566198 292.878725	5.43e-01  7.01e-01  5.03e+05	10.4367 65.4008 0.3838	
9.566198 292.878725	4.40e-01  8.66e-01  4.90e+05	11.4300 72.2758 0.0866	
9.566198 292.878725	4.60e-01  7.82e-01  5.04e+05	20.8466 62.6630 0.9897	
9.566198 292.878725	5.70e-01  7.27e-01  4.92e+05	-14.1683 70.8277 0.7770	
9.566198 292.878725	6.76e-01  8.40e-01  4.49e+05	-21.8300 88.2476 0.3330	
9.566198 292.878725	7.50e-01  8.43e-01  4.35e+05	-2.4380 96.0542 0.5745	
9.566198 292.878725	6.18e-01  8.09e-01  4.65e+05	30.6372 78.4636 0.9660	
9.566198 292.878725	5.72e-01  8.96e-01  4.58e+05	25.6709 83.5828 0.3572	
9.566198 292.878725	5.31e-01  9.14e-01  4.62e+05	-6.6462 85.3964 0.6875	
9.566198 292.878725	6.58e-01  7.80e-01  4.63e+05	-7.1329 84.7742 0.4802	
9.566198 292.878725	6.21e-01  8.37e-01  4.59e+05	-12.5521 85.7558 0.2156	
9.566198 292.878725	6.62e-01  8.51e-01  4.49e+05	-27.4045 86.4787 0.6160	
9.566198 292.878725	3.98e-01  9.39e-01  4.83e+05	-17.5430 74.2435 0.1913	
9.566198 292.878725	6.41e-01  8.30e-01  4.57e+05	13.6027 86.5645 0.7258	
9.566198 292.878725	6.16e-01  8.80e-01  4.52e+05	40.8513 79.6594 0.1921	
9.566198 292.878725	5.97e-01  8.93e-01  4.53e+05	31.7350 83.2957 0.2771	
9.566198 292.878725	7.87e-01  9.04e-01  4.20e+05	-13.7310 100.8234 0.7011	
9.566198 292.878725	5.86e-01  7.52e-01  4.83e+05	-3.4692 76.2446 0.7650	
9.566198 292.878725	6.88e-01  8.58e-01  4.44e+05	-21.1727 90.5428 0.0048	
9.566198 292.878725	4.16e-01  7.60e-01  5.19e+05	1.3211 57.1014 0.4345	
9.566198 292.878725	6.26e-01  9.29e-01  4.42e+05	17.1296 91.9909 0.6803	
9.566198 292.878725	5.73e-01  7.70e-01  4.82e+05	31.6616 69.9453 0.7612	
9.566198 292.878725	5.39e-01  7.87e-01  4.85e+05	30.1232 68.9220 0.3288	
9.566198 292.878725	5.97e-01  7.63e-01  4.79e+05	-39.6602 67.6109 0.9111	
9.566198 292.878725	5.10e-01  8.54e-01  4.78e+05	4.8871 78.6476 0.7046	
9.566198 292.878725	5.01e-01  8.99e-01  4.70e+05	-13.4062 80.9035 0.0717	
9.566198 292.878725	4.84e-01  8.57e-01  4.82e+05	13.4610 75.4224 0.3894	
9.566198 292.878725	7.14e-01  8.87e-01  4.34e+05	31.7973 91.1356 0.9693	
9.566198 292.878725	7.45e-01  8.82e-01  4.30e+05	-29.2667 93.6453 0.8978	
9.566198 292.878725	8.25e-01  9.20e-01  4.11e+05	15.6046 103.4711 0.4637	
9.566198 292.878725	5.30e-01  7.89e-01  4.87e+05	16.7660 72.5925 0.6207	
9.566198 292.878725	6.62e-01  7.50e-01  4.68e+05	37.3389 74.0630 0.4543	
9.566198 292.878725	5.04e-01  7.44e-01  5.02e+05	13.5915 65.2739 0.8181	
9.566198 292.878725	5.53e-01  9.40e-01  4.53e+05	8.7402 88.8259 0.5958	
9.566198 292.878725	6.58e-01  7.12e-01  4.76e+05	-25.1072 75.2666 0.1353	
9.566198 292.878725	3.82e-01  8.17e-01  5.14e+05	11.6318 59.2105 0.2158	
9.566198 292.878725	5.80e-01  8.98e-01  4.56e+05	6.7141 87.9195 0.5527	
9.566198 292.878725	5.65e-01  7.55e-01  4.87e+05	9.1577 73.9582 0.6316	
9.566198 292.878725	6.31e-01  7.43e-01  4.76e+05	-5.3078 79.4746 0.7655	
9.566198 292.878725	4.80e-01  6.28e-01  5.36e+05	15.4879 42.7266 0.2721	
9.566198 292.878725	6.38e-01  7.90e-01  4.65e+05	-15.5538 82.8631 0.8718	
9.566198 292.878725	7.73e-01  8.60e-01  4.29e+05	14.4957 97.3890 0.8427	
9.566198 292.878725	4.82e-01  6.91e-01  5.20e+05	-23.9048 51.3084 0.4401	
9.566198 292.878725	6.05e-01  8.44e-01  4.61e+05	22.3049 83.0688 0.7787	
9.566198 292.878725	5.83e-01  8.85e-01  4.57e+05	3.7265 87.4204 0.8556	
9.566198 292.878725	5.54e-01  8.33e-01  4.73e+05	-6.7915 80.5032 0.6233	
9.566198 292.878725	5.05e-01  9.29e-01  4.64e+05	-32.4680 78.2954 0.9709	
9.566198 292.878725	6.08e-01  9.22e-01  4.46e+05	1.7117 91.8940 0.6583	
9.566198 292.878725	5.72e-01  7.40e-01  4.89e+05	-4.1599 73.5780 0.4821	
9.566198 292.878725	6.11e-01  9.22e-01  4.46e+05	-18.3853 90.3005 0.5122	
9.566198 292.878725	6.17e-01  8.04e-01  4.66e+05	1.1484 83.7918 0.8886	
9.566198 292.878725	6.65e-01  9.93e-01  4.25e+05	1.5507 99.9235 0.1577	
9.566198 292.878725	6.51e-01  8.30e-01  4.55e+05	14.8504 87.1670 0.7674	
9.566198 292.878725	6.31e-01  8.51e-01  4.55e+05	-15.0335 87.1835 0.9184	
9.566198 292.878725	6.86e-01  9.59e-01  4.27e+05	-23.6781 96.2855 0.1864	
9.566198 292.878725	6.74e-01  8.85e-01  4.41e+05	-23.1542 90.9316 0.5441	
9.566198 292.878725	5.88e-01  7.15e-01  4.90e+05	-12.4436 71.7631 0.8336	
9.566198 292.878725	3.63e-01  8.32e-01  5.15e+05	17.7392 57.1310 0.0322	
9.566198 292.878725	2.63e-01  9.39e-01  5.13e+05	6.6727 60.5234 0.2010	
9.566198 292.878725	5.92e-01  6.99e-01  4.93e+05	24.4169 67.2954 0.3362	
9.566198 292.878725	3.54e-01  9.25e-01  4.95e+05	13.4902 68.9528 0.7817	
9.566198 292.878725	7.07e-01  7.95e-01  4.51e+05	1.7710 89.9768 0.5678	
9.566198 292.878725	4.88e-01  9.31e-01  4.67e+05	-10.6676 82.8733 0.5898	
9.566198 292.878725	5.72e-01  8.04e-01  4.75e+05	-4.8741 79.7410 0.2524	
9.566198 292.878725	7.28e-01  9.17e-01  4.27e+05	-60.0939 78.9174 0.7207	
9.566198 292.878725	7.00e-01  8.89e-01  4.36e+05	-55.9580 77.7468 0.5132	
9.566198 292.878725	5.27e-01  8.42e-01  4.77e+05	44.2410 65.7481 0.7007	
9.566198 292.878725	5.11e-01  8.01e-01  4.88e+05	-20.0269 71.0068 0.1588	
9.566198 292.878725	5.02e-01  8.79e-01  4.74e+05	-35.0960 72.2398 0.2861	
9.566198 292.878725	7.02e-01  9.15e-01  4.32e+05	4.9100 97.3644 0.7686	
9.566198 292.878725	5.10e-01  8.08e-01  4.87e+05	-4.1913 74.2661 0.1515	
9.566198 292.878725	8.16e-01  9.05e-01  4.15e+05	-42.0597 94.4166 0.7755	
9.566198 292.878725	5.72e-01  8.13e-01  4.73e+05	8.9781 80.1779 0.8438	
9.566198 292.878725	4.46e-01  7.35e-01  5.18e+05	0.5403 57.8451 0.7122	
9.566198 292.878725	7.53e-01  8.48e-01  4.34e+05	-35.7744 89.6700 0.0807	
9.566198 292.878725	6.15e-01  8.45e-01  4.59e+05	-23.4441 83.6367 0.4608	
9.566198 292.878725	5.43e-01  7.61e-01  4.90e+05	40.1233 60.9893 0.8126	
9.566198 292.878725	4.20e-01  7.99e-01  5.09e+05	-38.7431 49.7996 0.0447	
9.566198 292.878725	5.90e-01  6.65e-01  5.01e+05	5.2256 67.3523 0.2768	
9.566198 292.878725	5.89e-01  7.50e-01  4.83e+05	23.0836 72.8727 0.6308	
9.566198 292.878725	6.07e-01  7.67e-01  4.75e+05	27.6576 74.8335 0.8487	
9.566198 292.878725	7.85e-01  9.02e-01  4.20e+05	-39.1914 93.6526 0.0347	
9.566198 292.878725	8.00e-01  8.52e-01  4.26e+05	4.2468 99.4602 0.9908	
9.566198 292.878725	5.88e-01  7.98e-01  4.73e+05	31.2993 74.5012 0.2837	
9.566198 292.878725	6.99e-01  7.89e-01  4.54e+05	-39.1056 79.8809 0.5656	
9.566198 292.878725	4.56e-01  7.62e-01  5.09e+05	-12.9252 61.6720 0.4064	
9.566198 292.878725	7.82e-01  9.12e-01  4.19e+05	15.4836 100.7485 0.1995	
9.566198 292.878725	4.97e-01  6.44e-01  5.27e+05	-18.0418 48.3730 0.8875	
9.566198 292.878725	4.92e-01  9.09e-01  4.70e+05	-4.4926 81.9335 0.3084	
9.566198 292.878725	6.02e-01  8.59e-01  4.59e+05	21.2932 84.2351 0.2264	
9.566198 292.878725	5.17e-01  8.88e-01  4.69e+05	26.0686 78.1932 0.3440	
9.566198 292.878725	5.95e-01  9.10e-01  4.51e+05	8.7575 89.7079 0.6281	
9.566198 292.878725	5.67e-01  6.81e-01  5.02e+05	32.8500 58.0196 0.5736	
9.566198 292.878725	4.53e-01  7.83e-01  5.05e+05	-13.8669 63.7480 0.1610	
9.566198 292.878725	3.69e-01  9.81e-01  4.81e+05	-36.3873 68.4010 0.3483	
9.566198 292.878725	6.74e-01  8.87e-01  4.41e+05	-40.0992 85.0338 0.8417	
9.566198 292.878725	5.26e-01  9.25e-01  4.61e+05	-9.9633 85.5718 0.6735	
9.566198 292.878725	7.61e-01  8.53e-01  4.32e+05	46.8048 85.3194 0.8138	
9.566198 292.878725	7.27e-01  8.30e-01  4.42e+05	0.0778 93.7443 0.2947	
9.566198 292.878725	6.03e-01  6.94e-01  4.92e+05	2.1099 72.1976 0.6509	
9.566198 292.878725	5.73e-01  8.01e-01  4.76e+05	-0.4545 79.6995 0.8122	
9.566198 292.878725	6.19e-01  8.19e-01  4.63e+05	-6.9138 84.7983 0.7394	
9.566198 292.878725	5.21e-01  8.25e-01  4.81e+05	26.2734 72.4580 0.5141	
9.566198 292.878725	6.12e-01  6.86e-01  4.92e+05	-14.1402 70.8593 0.7060	
9.566198 292.878725	8.78e-01  9.13e-01  4.05e+05	19.4796 105.1288 0.0282	
9.566198 292.878725	4.85e-01  9.02e-01  4.73e+05	17.6302 78.9044 0.2107	
9.566198 292.878725	4.51e-01  7.64e-01  5.10e+05	-8.8300 61.9750 0.5219	
9.566198 292.878725	5.11e-01  7.18e-01  5.07e+05	0.5825 64.4039 0.6389	
9.566198 292.878725	6.75e-01  8.63e-01  4.45e+05	-35.0782 85.5710 0.8531	
9.566198 292.878725	5.87e-01  8.80e-01  4.58e+05	19.8731 85.1006 0.5645	
9.566198 292.878725	7.82e-01  9.02e-01  4.21e+05	6.1091 101.1585 0.7001	
9.566198 292.878725	6.27e-01  7.91e-01  4.67e+05	12.7443 82.5035 0.2071	
9.566198 292.878725	5.24e-01  6.99e-01  5.08e+05	1.7753 63.5292 0.5004	
9.566198 292.878725	6.90e-01  7.96e-01  4.54e+05	25.0998 85.1348 0.4368	
9.566198 292.878725	4.95e-01  7.27e-01  5.08e+05	-3.0686 63.4210 0.4962	
9.566198 292.878725	6.46e-01  7.23e-01  4.77e+05	12.0468 78.3031 0.9155	
9.566198 292.878725	4.72e-01  8.72e-01  4.82e+05	-33.5144 69.1947 0.1236	
9.566198 292.878725	6.83e-01  7.21e-01  4.70e+05	-20.1506 79.8142 0.4657	
9.566198 292.878725	6.09e-01  9.53e-01  4.41e+05	8.0728 93.7150 0.5702	
9.566198 292.878725	4.84e-01  7.99e-01  4.95e+05	-11.9998 69.7031 0.9017	
9.566198 292.878725	6.06e-01  9.57e-01  4.40e+05	23.3765 91.2064 0.3526	
9.566198 292.878725	7.14e-01  9.11e-01  4.30e+05	5.3306 97.8102 0.6621	
9.566198 292.878725	5.82e-01  7.27e-01  4.89e+05	0.4612 73.5456 0.2804	
9.566198 292.878725	6.00e-01  9.73e-01  4.39e+05	50.3373 80.2901 0.6820	
9.566198 292.878725	3.70e-01  9.70e-01  4.83e+05	6.9245 76.2426 0.1409	
9.566198 292.878725	4.62e-01  9.12e-01  4.76e+05	3.2296 79.6266 0.9681	
9.566198 292.878725	4.71e-01  7.47e-01  5.09e+05	16.7840 60.6799 0.8672	
9.566198 292.878725	5.09e-01  8.86e-01  4.71e+05	10.4174 80.9194 0.5581	
9.566198 292.878725	6.09e-01  7.37e-01  4.81e+05	-12.6160 76.0983 0.6131	
9.566198 292.878725	8.09e-01  9.05e-01  4.16e+05	-16.6024 101.6568 0.0108	
9.566198 292.878725	6.54e-01  9.02e-01  4.42e+05	-16.7863 92.1887 0.9647	
9.566198 292.878725	7.43e-01  9.27e-01  4.23e+05	-23.1202 97.9071 0.3041	
9.566198 292.878725	6.10e-01  9.33e-01  4.44e+05	20.9678 90.4367 0.5899	
9.566198 292.878725	5.29e-01  9.06e-01  4.64e+05	16.8098 83.1597 0.2099	
9.566198 292.878725	3.63e-01  8.88e-01  5.02e+05	18.8039 64.3120 0.9821	
9.566198 292.878725	7.28e-01  7.43e-01  4.57e+05	-11.5582 86.8916 0.8402	
9.566198 292.878725	5.98e-01  7.55e-01  4.80e+05	39.5104 67.0348 0.1041	
9.566198 292.878725	6.27e-01  8.19e-01  4.62e+05	-48.0923 71.0257 0.4330	
9.566198 292.878725	4.34e-01  7.96e-01  5.07e+05	-3.8269 64.2808 0.6155	
9.566198 292.878725	6.52e-01  8.37e-01  4.54e+05	-5.8656 88.7986 0.8235	
9.566198 292.878725	6.48e-01  7.93e-01  4.63e+05	17.6564 83.4434 0.5360	
9.566198 292.878725	6.56e-01  7.25e-01  4.74e+05	0.8008 80.3187 0.3124	
9.566198 292.878725	7.02e-01  8.76e-01  4.38e+05	-44.3138 84.1073 0.4887	
9.566198 292.878725	3.64e-01  7.07e-01  5.45e+05	-7.4137 36.4388 0.1658	
9.566198 292.878725	6.71e-01  9.31e-01  4.34e+05	-8.9251 96.1876 0.1812	
9.566198 292.878725	5.17e-01  8.03e-01  4.87e+05	4.4493 74.3995 0.9914	
9.566198 292.878725	6.35e-01  7.78e-01  4.68e+05	-39.9571 72.8156 0.7797	
9.566198 292.878725	5.04e-01  6.69e-01  5.20e+05	7.3874 56.1737 0.5988	
9.566198 292.878725	6.40e-01  9.27e-01  4.40e+05	-32.1950 88.6555 0.1475	
9.566198 292.878725	7.20e-01  7.86e-01  4.51e+05	41.9164 79.8612 0.5238	
9.566198 292.878725	6.45e-01  9.51e-01  4.35e+05	11.5423 95.5725 0.0233	
9.566198 292.878725	5.22e-01  8.10e-01  4.84e+05	-14.2208 74.3984 0.7335	
9.566198 292.878725	6.14e-01  8.10e-01  4.66e+05	60.0888 58.7340 0.2800	
9.566198 292.878725	5.39e-01  7.80e-01  4.87e+05	-7.9889 74.0147 0.5899	
9.566198 292.878725	5.70e-01  8.69e-01  4.63e+05	-26.3068 81.0126 0.6396	
9.566198 292.878725	6.62e-01  7.71e-01  4.64e+05	25.2225 80.8688 0.7254	
9.566198 292.878725	4.78e-01  6.88e-01  5.21e+05	-1.8211 55.6981 0.7680	
9.566198 292.878725	5.14e-01  8.20e-01  4.84e+05	-0.6092 75.9925 0.4042	
9.566198 292.878725	7.15e-01  8.83e-01  4.35e+05	-32.1679 90.8250 0.5862	
9.566198 292.878725	6.65e-01  8.82e-01  4.43e+05	12.2553 92.2392 0.4696	
9.566198 292.878725	6.03e-01  7.67e-01  4.77e+05	5.5278 79.1356 0.7626	
9.566198 292.878725	6.54e-01  7.55e-01  4.69e+05	-6.0019 82.5321 0.7708	
9.566198 292.878725	7.45e-01  8.48e-01  4.35e+05	-19.9687 93.9857 0.6891	
9.566198 292.878725	4.29e-01  8.52e-01  4.95e+05	-12.5408 69.2986 0.0817	
9.566198 292.878725	5.27e-01  8.51e-01  4.75e+05	-19.7926 77.5907 0.2939	
9.566198 292.878725	5.42e-01  7.04e-01  5.03e+05	-15.6052 64.5815 0.8400	
9.566198 292.878725	5.75e-01  7.87e-01  4.78e+05	-29.7458 72.8196 0.9327	
9.566198 292.878725	4.31e-01  7.59e-01  5.15e+05	0.7284 59.2421 0.5584	
9.566198 292.878725	6.06e-01  8.08e-01  4.68e+05	24.8404 79.3252 0.3117	
9.566198 292.878725	5.23e-01  7.61e-01  4.94e+05	6.1366 70.5483 0.7895	
9.566198 292.878725	7.33e-01  8.05e-01  4.45e+05	-1.9468 92.4259 0.8647	
9.566198 292.878725	6.20e-01  6.50e-01  4.97e+05	21.7744 65.8326 0.6247	
9.566198 292.878725	5.57e-01  7.44e-01  4.91e+05	30.8945 65.7802 0.1015	
9.566198 292.878725	6.01e-01  7.93e-01  4.72e+05	10.9433 80.7402 0.6002	
9.566198 292.878725	4.20e-01  8.26e-01  5.03e+05	-6.0408 66.0901 0.2483	
9.566198 292.878725	6.29e-01  8.47e-01  4.56e+05	-48.2181 73.6943 0.3389	
9.566198 292.878725	5.20e-01  6.52e-01  5.20e+05	-4.4845 56.3485 0.2255	
9.566198 292.878725	4.90e-01  7.11e-01  5.13e+05	4.8578 60.3686 0.4769	
9.566198 292.878725	5.26e-01  8.66e-01  4.72e+05	-9.3219 80.7411 0.7196	
9.566198 292.878725	5.65e-01  8.25e-01  4.73e+05	-18.7557 78.8664 0.5383	
9.566198 292.878725	6.93e-01  8.97e-01  4.36e+05	19.9794 93.7095 0.6207	
9.566198 292.878725	4.81e-01  7.10e-01  5.15e+05	2.1365 59.3373 0.2266	
9.566198 292.878725	6.06e-01  9.04e-01  4.50e+05	1.2283 90.5195 0.9645	
9.566198 292.878725	5.11e-01  8.13e-01  4.86e+05	18.0295 72.8451 0.9224	
9.566198 292.878725	7.15e-01  8.39e-01  4.42e+05	-33.6060 87.3374 0.1595	
9.566198 292.878725	6.00e-01  9.18e-01  4.49e+05	30.1019 85.9370 0.5286	
9.566198 292.878725	7.49e-01  8.50e-01  4.34e+05	-39.5647 87.9524 0.2505	
9.566198 292.878725	6.16e-01  7.77e-01  4.72e+05	21.2627 78.5468 0.9812	
9.566198 292.878725	7.38e-01  9.78e-01  4.16e+05	23.2109 100.4552 0.9979	
9.566198 292.878725	6.01e-01  9.52e-01  4.42e+05	-26.5558 89.6371 0.5031	
9.566198 292.878725	6.95e-01  7.72e-01  4.58e+05	-22.3310 84.4814 0.8940	
9.566198 292.878725	4.87e-01  8.51e-01  4.83e+05	8.6369 75.8668 0.5108	
9.566198 292.878725	5.77e-01  7.81e-01  4.79e+05	4.7943 78.0763 0.4086	
9.566198 292.878725	4.10e-01  8.35e-01  5.03e+05	7.2229 65.8779 0.5077	
9.566198 292.878725	6.82e-01  8.98e-01  4.38e+05	-19.5549 93.1417 0.5445	
9.566198 292.878725	4.66e-01  8.46e-01  4.88e+05	-31.3876 66.7872 0.4823	
9.566198 292.878725	4.93e-01  8.86e-01  4.75e+05	-10.7649 79.4237 0.8008	
9.566198 292.878725	7.07e-01  9.83e-01  4.20e+05	14.8857 100.6031 0.5690	
9.566198 292.878725	7.04e-01  8.38e-01  4.44e+05	-17.5009 91.0499 0.6668	
9.566198 292.878725	7.45e-01  7.99e-01  4.44e+05	-22.3780 90.1360 0.9434	
9.566198 292.878725	8.28e-01  9.08e-01  4.13e+05	-32.5334 98.9396 0.3090	
9.566198 292.878725	4.49e-01  9.32e-01  4.74e+05	-29.7270 74.6741 0.7658	
9.566198 292.878725	5.76e-01  8.51e-01  4.65e+05	9.7169 83.6544 0.8858	
