22.016839 294.001695	4.31e-01  8.18e-01  4.68e+05	0.0000 64.5372 0.1169	
22.016839 294.001695	6.07e-01  8.39e-01  4.31e+05	28.5784 77.7460 0.8784	
22.016839 294.001695	7.24e-01  8.09e-01  4.16e+05	50.0286 73.5387 0.1065	
22.016839 294.001695	7.03e-01  7.74e-01  4.25e+05	9.4114 84.5733 0.3601	
22.016839 294.001695	6.49e-01  8.09e-01  4.29e+05	-32.7904 77.0603 0.8439	
22.016839 294.001695	6.93e-01  8.46e-01  4.15e+05	-10.3779 88.7593 0.2122	
22.016839 294.001695	5.64e-01  8.25e-01  4.41e+05	-25.1511 74.1374 0.5463	
22.016839 294.001695	5.54e-01  6.15e-01  4.86e+05	8.7309 53.5177 0.9309	
22.016839 294.001695	6.58e-01  7.25e-01  4.42e+05	14.3843 76.4168 0.2268	
22.016839 294.001695	7.94e-01  8.66e-01  3.96e+05	-12.1724 95.8633 0.3719	
22.016839 294.001695	4.97e-01  6.55e-01  4.90e+05	-3.2781 51.3656 0.9557	
22.016839 294.001695	6.37e-01  7.41e-01  4.43e+05	38.2796 67.2236 0.5018	
22.016839 294.001695	6.67e-01  8.30e-01  4.22e+05	33.2728 79.8129 0.7522	
22.016839 294.001695	4.70e-01  7.28e-01  4.79e+05	-13.2439 56.7338 0.9112	
22.016839 294.001695	7.46e-01  8.91e-01  4.00e+05	-24.6727 92.0858 0.6350	
22.016839 294.001695	5.79e-01  8.78e-01  4.29e+05	-23.3865 80.3132 0.1427	
22.016839 294.001695	5.21e-01  8.65e-01  4.42e+05	-7.8772 77.6013 0.6477	
22.016839 294.001695	4.43e-01  7.89e-01  4.72e+05	0.4405 62.6274 0.8099	
22.016839 294.001695	4.69e-01  9.09e-01  4.43e+05	-19.9655 74.6956 0.0369	
22.016839 294.001695	7.41e-01  9.48e-01  3.92e+05	14.3389 97.1371 0.1719	
22.016839 294.001695	6.48e-01  9.01e-01  4.13e+05	8.5860 89.6676 0.3531	
22.016839 294.001695	6.33e-01  7.39e-01  4.44e+05	8.2713 76.3749 0.5822	
22.016839 294.001695	7.02e-01  8.82e-01  4.08e+05	2.3557 92.1887 0.9561	
22.016839 294.001695	7.26e-01  9.91e-01  3.88e+05	-1.5490 99.5972 0.1751	
22.016839 294.001695	8.44e-01  8.72e-01  3.88e+05	46.2412 88.2430 0.1732	
22.016839 294.001695	4.78e-01  8.26e-01  4.57e+05	-2.4733 70.4363 0.7201	
22.016839 294.001695	5.41e-01  8.34e-01  4.44e+05	24.9189 72.9538 0.8857	
22.016839 294.001695	5.39e-01  9.52e-01  4.23e+05	-3.4820 86.0328 0.8730	
22.016839 294.001695	6.10e-01  9.52e-01  4.11e+05	-26.7770 86.8112 0.3354	
22.016839 294.001695	6.68e-01  9.27e-01  4.06e+05	21.3002 90.4100 0.0403	
22.016839 294.001695	2.89e-01  9.91e-01  4.62e+05	-24.2974 63.5221 0.4788	
22.016839 294.001695	3.84e-01  7.74e-01  4.88e+05	14.9826 50.2642 0.9329	
22.016839 294.001695	5.66e-01  7.88e-01  4.48e+05	4.8763 75.0751 0.3975	
22.016839 294.001695	5.53e-01  9.41e-01  4.22e+05	22.1320 83.4460 0.5292	
22.016839 294.001695	5.19e-01  6.49e-01  4.86e+05	-2.8362 53.9123 0.4529	
22.016839 294.001695	8.04e-01  9.54e-01  3.82e+05	17.5689 100.1902 0.6607	
22.016839 294.001695	3.74e-01  8.78e-01  4.68e+05	-14.1271 63.3525 0.1095	
22.016839 294.001695	4.61e-01  8.70e-01  4.52e+05	-17.8047 70.9498 0.1831	
22.016839 294.001695	5.83e-01  7.98e-01  4.42e+05	-0.3579 77.6109 0.2809	
22.016839 294.001695	5.46e-01  9.31e-01  4.25e+05	-5.3390 84.9445 0.6648	
22.016839 294.001695	5.93e-01  7.62e-01  4.47e+05	-14.2562 73.9499 0.0920	
22.016839 294.001695	4.85e-01  9.15e-01  4.39e+05	-15.3272 77.7378 0.2504	
22.016839 294.001695	6.70e-01  9.22e-01  4.06e+05	-9.4491 92.2195 0.3832	
22.016839 294.001695	4.87e-01  8.19e-01  4.57e+05	12.8271 69.4339 0.2205	
22.016839 294.001695	5.19e-01  8.94e-01  4.37e+05	-21.3799 77.3653 0.9514	
22.016839 294.001695	6.79e-01  8.13e-01  4.23e+05	-27.7041 81.6034 0.0232	
22.016839 294.001695	4.99e-01  7.83e-01  4.62e+05	-10.0497 67.4221 0.1970	
22.016839 294.001695	4.75e-01  8.58e-01  4.52e+05	-22.3919 69.7809 0.4937	
22.016839 294.001695	5.13e-01  9.14e-01  4.34e+05	13.1896 80.3036 0.0498	
22.016839 294.001695	4.62e-01  7.23e-01  4.82e+05	8.0736 55.7931 0.5278	
22.016839 294.001695	4.21e-01  8.24e-01  4.69e+05	-2.3180 64.1066 0.1211	
22.016839 294.001695	6.55e-01  7.34e-01  4.41e+05	-33.3961 70.8034 0.0124	
22.016839 294.001695	7.38e-01  9.01e-01  3.99e+05	31.1700 90.1831 0.3364	
22.016839 294.001695	6.71e-01  7.16e-01  4.41e+05	-46.7547 62.5707 0.2573	
22.016839 294.001695	4.70e-01  9.35e-01  4.38e+05	-17.3984 77.6271 0.0667	
22.016839 294.001695	5.92e-01  9.61e-01  4.13e+05	-20.4533 87.9148 0.3114	
22.016839 294.001695	6.21e-01  6.83e-01  4.57e+05	7.1672 70.0886 0.8024	
22.016839 294.001695	3.55e-01  8.97e-01  4.68e+05	-7.5294 64.4819 0.8738	
22.016839 294.001695	7.40e-01  7.71e-01  4.20e+05	-25.2577 83.7194 0.9665	
22.016839 294.001695	6.98e-01  8.63e-01  4.11e+05	-8.0284 90.3805 0.2640	
22.016839 294.001695	6.16e-01  9.11e-01  4.17e+05	-10.6675 87.9996 0.7411	
22.016839 294.001695	6.18e-01  7.78e-01  4.40e+05	20.6203 76.0543 0.9481	
22.016839 294.001695	4.75e-01  8.75e-01  4.48e+05	27.1803 69.7194 0.8208	
22.016839 294.001695	6.62e-01  8.19e-01  4.25e+05	31.7867 79.2452 0.1884	
22.016839 294.001695	4.34e-01  8.42e-01  4.63e+05	3.3402 67.3785 0.6462	
22.016839 294.001695	6.14e-01  9.06e-01  4.18e+05	-18.6288 86.1778 0.5422	
22.016839 294.001695	5.77e-01  7.27e-01  4.57e+05	-17.3574 68.2709 0.6189	
22.016839 294.001695	6.76e-01  9.73e-01  3.98e+05	11.6797 95.3209 0.0138	
22.016839 294.001695	6.32e-01  9.43e-01  4.09e+05	4.1212 91.5734 0.5004	
22.016839 294.001695	6.71e-01  8.99e-01  4.10e+05	22.0643 88.6121 0.0291	
22.016839 294.001695	6.23e-01  8.00e-01  4.35e+05	-18.8166 78.8548 0.1101	
22.016839 294.001695	5.43e-01  7.52e-01  4.59e+05	22.0623 65.8870 0.6483	
22.016839 294.001695	5.88e-01  9.05e-01  4.22e+05	-28.9317 81.3096 0.4635	
22.016839 294.001695	6.01e-01  8.72e-01  4.26e+05	-33.6793 77.8626 0.2015	
22.016839 294.001695	6.59e-01  8.75e-01  4.16e+05	35.0222 81.8095 0.7550	
22.016839 294.001695	6.85e-01  7.28e-01  4.37e+05	-1.1403 80.2094 0.4806	
22.016839 294.001695	6.89e-01  8.09e-01  4.22e+05	-25.6818 82.7534 0.8712	
22.016839 294.001695	6.00e-01  7.61e-01  4.46e+05	5.3792 75.6069 0.1577	
22.016839 294.001695	7.30e-01  7.87e-01  4.19e+05	-37.7692 79.3250 0.6636	
22.016839 294.001695	5.86e-01  7.42e-01  4.53e+05	25.5929 68.0762 0.3591	
22.016839 294.001695	6.51e-01  8.88e-01  4.15e+05	-28.4750 84.7071 0.9284	
22.016839 294.001695	6.12e-01  8.01e-01  4.37e+05	-21.2541 77.4174 0.7844	
22.016839 294.001695	5.74e-01  7.99e-01  4.44e+05	-14.2668 75.5941 0.5002	
22.016839 294.001695	5.72e-01  8.81e-01  4.30e+05	14.0577 82.1347 0.8977	
22.016839 294.001695	6.23e-01  8.91e-01  4.19e+05	23.0103 84.5956 0.9129	
22.016839 294.001695	6.73e-01  8.67e-01  4.15e+05	-7.0621 89.1415 0.5735	
22.016839 294.001695	6.41e-01  9.47e-01  4.07e+05	-9.8206 91.9277 0.2210	
22.016839 294.001695	6.50e-01  8.08e-01  4.28e+05	10.6433 83.0990 0.4168	
22.016839 294.001695	7.12e-01  8.59e-01  4.10e+05	-16.9266 89.8578 1.0000	
22.016839 294.001695	7.67e-01  8.07e-01  4.09e+05	65.5207 63.9766 0.9113	
22.016839 294.001695	3.10e-01  8.42e-01  4.89e+05	-11.5717 50.3224 0.1328	
22.016839 294.001695	5.17e-01  7.62e-01  4.62e+05	-11.2665 66.8345 0.2783	
22.016839 294.001695	7.91e-01  9.61e-01  3.83e+05	-15.7855 100.1883 0.9178	
22.016839 294.001695	6.42e-01  9.08e-01  4.13e+05	-20.3807 87.7108 0.7699	
22.016839 294.001695	5.42e-01  7.63e-01  4.57e+05	-2.1590 70.5466 0.6241	
22.016839 294.001695	5.92e-01  8.28e-01  4.35e+05	-43.3471 68.1967 0.4742	
22.016839 294.001695	6.59e-01  9.09e-01  4.10e+05	16.9439 89.6055 0.6506	
22.016839 294.001695	6.95e-01  7.94e-01  4.23e+05	1.2454 85.9779 0.1167	
22.016839 294.001695	6.43e-01  8.01e-01  4.31e+05	-25.5807 78.6192 0.7170	
22.016839 294.001695	4.84e-01  6.50e-01  4.94e+05	-17.5493 45.2965 0.2165	
22.016839 294.001695	6.20e-01  7.26e-01  4.49e+05	-8.8435 74.0115 0.4005	
22.016839 294.001695	7.47e-01  8.84e-01  4.00e+05	-2.1115 94.9376 0.5036	
22.016839 294.001695	7.05e-01  7.15e-01  4.35e+05	-37.7723 71.4869 0.0006	
22.016839 294.001695	6.88e-01  8.16e-01  4.21e+05	17.4200 85.2480 0.8060	
22.016839 294.001695	4.26e-01  7.61e-01  4.82e+05	19.9920 53.0539 0.4197	
22.016839 294.001695	5.29e-01  9.58e-01  4.24e+05	11.9777 85.0099 0.8949	
22.016839 294.001695	6.06e-01  7.65e-01  4.44e+05	13.3436 75.5881 0.1675	
22.016839 294.001695	5.65e-01  8.63e-01  4.34e+05	20.8361 78.7052 0.7065	
22.016839 294.001695	5.66e-01  7.04e-01  4.64e+05	-28.2782 60.6017 0.1376	
22.016839 294.001695	5.56e-01  7.50e-01  4.57e+05	-16.4325 68.7876 0.5604	
22.016839 294.001695	6.05e-01  8.09e-01  4.36e+05	-2.5130 80.2588 0.6817	
22.016839 294.001695	4.12e-01  8.38e-01  4.68e+05	13.7455 63.1537 0.2411	
22.016839 294.001695	5.59e-01  9.65e-01  4.17e+05	-2.2892 88.3626 0.2920	
22.016839 294.001695	4.90e-01  8.56e-01  4.49e+05	-15.9932 72.7947 0.5559	
22.016839 294.001695	5.65e-01  7.70e-01  4.51e+05	19.7388 70.8054 0.6923	
22.016839 294.001695	4.71e-01  8.84e-01  4.47e+05	-16.0484 73.6217 0.5783	
22.016839 294.001695	5.78e-01  9.40e-01  4.18e+05	-2.0333 87.9516 0.3181	
22.016839 294.001695	5.08e-01  8.64e-01  4.44e+05	-14.9237 75.3574 0.4238	
22.016839 294.001695	6.32e-01  7.83e-01  4.36e+05	-12.7338 79.3885 0.1492	
22.016839 294.001695	5.63e-01  7.99e-01  4.46e+05	-29.7160 69.9225 0.1477	
22.016839 294.001695	5.86e-01  7.15e-01  4.58e+05	-27.9580 64.2719 0.3842	
22.016839 294.001695	3.16e-01  9.90e-01  4.57e+05	-9.2296 70.0339 0.2295	
22.016839 294.001695	5.45e-01  8.21e-01  4.45e+05	24.1253 72.3667 0.2402	
22.016839 294.001695	7.32e-01  9.14e-01  3.98e+05	-14.4967 94.7369 0.6436	
22.016839 294.001695	6.76e-01  8.65e-01  4.15e+05	21.1297 86.9964 0.7700	
22.016839 294.001695	6.32e-01  7.42e-01  4.44e+05	0.5967 77.0038 0.7552	
22.016839 294.001695	5.70e-01  7.49e-01  4.54e+05	19.0616 69.3888 0.4833	
22.016839 294.001695	6.61e-01  7.74e-01  4.33e+05	-35.4158 73.8879 0.7696	
22.016839 294.001695	4.64e-01  8.34e-01  4.58e+05	-47.3010 51.3616 0.1878	
22.016839 294.001695	6.31e-01  7.86e-01  4.36e+05	-4.6659 80.4319 0.7970	
22.016839 294.001695	6.93e-01  7.71e-01  4.28e+05	0.9014 84.1863 0.0487	
22.016839 294.001695	5.69e-01  7.27e-01  4.59e+05	-18.3025 67.1666 0.8263	
22.016839 294.001695	6.67e-01  7.74e-01  4.32e+05	19.9603 80.0154 0.8461	
22.016839 294.001695	4.88e-01  7.41e-01  4.73e+05	9.6568 61.4664 0.3038	
22.016839 294.001695	6.19e-01  7.96e-01  4.36e+05	-35.6356 72.0252 0.3333	
22.016839 294.001695	4.45e-01  7.62e-01  4.77e+05	-5.7121 59.0409 0.0090	
22.016839 294.001695	6.05e-01  8.55e-01  4.28e+05	-14.5344 82.6084 0.2664	
22.016839 294.001695	5.43e-01  9.33e-01  4.26e+05	5.9949 84.8007 0.0629	
22.016839 294.001695	4.71e-01  7.87e-01  4.67e+05	37.6864 53.5345 0.6372	
22.016839 294.001695	5.04e-01  8.25e-01  4.52e+05	29.2647 66.7620 0.8369	
22.016839 294.001695	4.83e-01  8.99e-01  4.42e+05	-24.4400 73.7565 0.7330	
22.016839 294.001695	4.31e-01  7.84e-01  4.76e+05	-9.1563 59.7167 0.7750	
22.016839 294.001695	5.97e-01  8.22e-01  4.35e+05	-8.8990 80.2581 0.5898	
22.016839 294.001695	6.78e-01  8.63e-01  4.15e+05	-36.7212 81.5930 0.9607	
22.016839 294.001695	5.95e-01  6.78e-01  4.63e+05	2.3983 67.2317 0.3502	
22.016839 294.001695	6.50e-01  9.04e-01  4.12e+05	-28.2737 85.8176 0.2193	
22.016839 294.001695	6.58e-01  9.26e-01  4.08e+05	20.7181 89.8746 0.6412	
22.016839 294.001695	7.43e-01  9.56e-01  3.90e+05	57.3816 80.3263 0.9477	
22.016839 294.001695	5.62e-01  8.34e-01  4.40e+05	35.1041 70.6249 0.8791	
22.016839 294.001695	8.30e-01  8.81e-01  3.89e+05	-26.6050 95.7247 0.3633	
22.016839 294.001695	3.91e-01  7.59e-01  4.90e+05	-10.2449 50.1494 0.5703	
22.016839 294.001695	6.33e-01  8.37e-01  4.27e+05	-6.6341 84.3570 0.1409	
22.016839 294.001695	7.48e-01  8.34e-01  4.08e+05	14.4032 90.9606 0.1450	
22.016839 294.001695	5.26e-01  8.11e-01  4.51e+05	-35.8837 64.3143 0.5993	
22.016839 294.001695	4.74e-01  8.66e-01  4.50e+05	-13.3458 72.7675 0.4200	
22.016839 294.001695	4.85e-01  7.52e-01  4.71e+05	-18.8669 60.1484 0.0043	
22.016839 294.001695	7.78e-01  8.98e-01  3.94e+05	-31.8380 92.1845 0.5108	
22.016839 294.001695	4.97e-01  7.91e-01  4.60e+05	22.3472 65.0807 0.2137	
22.016839 294.001695	6.54e-01  9.16e-01  4.10e+05	-10.0254 90.7588 0.8143	
22.016839 294.001695	6.97e-01  8.05e-01  4.21e+05	14.6325 85.6845 0.1966	
22.016839 294.001695	6.56e-01  8.59e-01  4.19e+05	0.1444 87.7137 0.4690	
22.016839 294.001695	5.28e-01  6.76e-01  4.78e+05	-26.3790 52.8166 0.7923	
22.016839 294.001695	7.21e-01  8.13e-01  4.16e+05	-11.5969 88.2885 0.9640	
22.016839 294.001695	5.19e-01  8.04e-01  4.54e+05	1.5904 72.3024 0.5226	
22.016839 294.001695	5.25e-01  7.31e-01  4.67e+05	-8.0229 64.8491 0.9623	
22.016839 294.001695	5.54e-01  8.01e-01  4.47e+05	0.5340 75.3095 0.5126	
22.016839 294.001695	4.52e-01  8.84e-01  4.51e+05	3.8640 73.3726 0.7204	
22.016839 294.001695	4.72e-01  8.77e-01  4.48e+05	-1.0952 74.7871 0.0234	
22.016839 294.001695	8.44e-01  8.89e-01  3.86e+05	26.1276 96.9843 0.4577	
22.016839 294.001695	4.47e-01  7.61e-01  4.77e+05	3.8951 59.3103 0.6878	
22.016839 294.001695	4.98e-01  8.39e-01  4.51e+05	17.4957 71.5058 0.0133	
22.016839 294.001695	6.63e-01  9.49e-01  4.03e+05	-28.4952 89.4545 0.1896	
22.016839 294.001695	2.91e-01  8.98e-01  4.81e+05	-7.9184 56.4690 0.8025	
22.016839 294.001695	5.41e-01  6.54e-01  4.80e+05	24.1068 52.4617 0.3337	
22.016839 294.001695	4.59e-01  8.53e-01  4.56e+05	-26.1014 66.3160 0.0418	
22.016839 294.001695	4.87e-01  7.81e-01  4.64e+05	-4.0020 66.6548 0.4791	
22.016839 294.001695	6.09e-01  7.85e-01  4.40e+05	17.0835 76.8281 0.7341	
22.016839 294.001695	6.16e-01  8.34e-01  4.30e+05	-33.0913 76.3239 0.7775	
22.016839 294.001695	6.13e-01  6.89e-01  4.58e+05	-6.8192 69.9205 0.7867	
22.016839 294.001695	6.25e-01  8.92e-01  4.18e+05	-11.4581 87.1909 0.6770	
22.016839 294.001695	6.12e-01  7.09e-01  4.54e+05	8.5219 71.6066 0.7936	
22.016839 294.001695	7.01e-01  7.32e-01  4.33e+05	13.6787 80.7181 0.7214	
22.016839 294.001695	5.24e-01  8.45e-01  4.45e+05	-13.8223 75.3238 0.2692	
22.016839 294.001695	6.80e-01  7.22e-01  4.39e+05	-9.5162 78.7979 0.9957	
22.016839 294.001695	4.90e-01  7.36e-01  4.73e+05	13.2705 60.4181 0.1225	
22.016839 294.001695	6.07e-01  7.64e-01  4.44e+05	19.1153 74.3111 0.0618	
22.016839 294.001695	5.33e-01  8.38e-01  4.44e+05	-7.5927 76.3915 0.2073	
22.016839 294.001695	4.18e-01  9.13e-01  4.52e+05	12.6633 72.0480 0.1891	
22.016839 294.001695	3.48e-01  8.07e-01  4.89e+05	-23.2169 46.4863 0.5796	
22.016839 294.001695	5.60e-01  8.54e-01  4.36e+05	-4.8904 80.1877 0.2361	
22.016839 294.001695	5.55e-01  7.30e-01  4.61e+05	18.1064 66.1411 0.4352	
22.016839 294.001695	5.51e-01  7.76e-01  4.53e+05	-1.7816 72.6939 0.1629	
22.016839 294.001695	5.54e-01  7.72e-01  4.53e+05	12.8936 71.4556 0.6698	
22.016839 294.001695	7.18e-01  7.92e-01  4.20e+05	-9.2610 86.9648 0.9939	
22.016839 294.001695	3.74e-01  8.56e-01  4.72e+05	33.5978 52.4126 0.7347	
22.016839 294.001695	7.42e-01  7.84e-01  4.17e+05	-16.2254 87.0098 0.1113	
22.016839 294.001695	6.17e-01  8.62e-01  4.25e+05	-26.3124 81.0546 0.9017	
22.016839 294.001695	6.03e-01  9.49e-01  4.13e+05	-9.0666 89.8032 0.9200	
22.016839 294.001695	5.09e-01  7.71e-01  4.62e+05	22.4054 64.1900 0.2986	
22.016839 294.001695	4.49e-01  9.22e-01  4.44e+05	27.0592 71.7756 0.6500	
22.016839 294.001695	6.29e-01  8.43e-01  4.26e+05	-16.2662 83.1624 0.4327	
22.016839 294.001695	5.08e-01  7.87e-01  4.59e+05	-5.8424 69.2811 0.6902	
22.016839 294.001695	5.80e-01  8.45e-01  4.34e+05	-21.6354 78.2418 0.8877	
22.016839 294.001695	4.60e-01  8.29e-01  4.60e+05	-2.2693 68.9025 0.4288	
22.016839 294.001695	5.17e-01  7.72e-01  4.60e+05	-11.9265 67.8614 0.3753	
22.016839 294.001695	5.31e-01  9.28e-01  4.28e+05	-41.0873 73.0431 0.5594	
22.016839 294.001695	5.89e-01  7.78e-01  4.45e+05	11.3600 75.5512 0.8280	
22.016839 294.001695	4.83e-01  8.12e-01  4.59e+05	6.2534 69.1814 0.8826	
22.016839 294.001695	5.12e-01  8.41e-01  4.48e+05	35.2239 66.3897 0.0257	
22.016839 294.001695	6.34e-01  8.19e-01  4.29e+05	-20.4343 80.8641 0.7197	
22.016839 294.001695	6.18e-01  8.87e-01  4.21e+05	1.9737 87.0836 0.6373	
22.016839 294.001695	5.52e-01  8.24e-01  4.43e+05	-6.6365 76.9547 0.2115	
22.016839 294.001695	4.02e-01  9.39e-01  4.50e+05	8.5125 73.5143 0.2904	
22.016839 294.001695	5.64e-01  8.47e-01  4.37e+05	38.4904 70.2535 0.1365	
22.016839 294.001695	6.07e-01  8.84e-01  4.23e+05	15.0317 84.7496 0.5535	
22.016839 294.001695	7.24e-01  8.74e-01  4.06e+05	-14.9114 91.8370 0.8893	
22.016839 294.001695	4.74e-01  9.02e-01  4.43e+05	-7.9729 76.7197 0.4224	
22.016839 294.001695	6.64e-01  8.83e-01  4.14e+05	-69.8954 56.5140 0.2123	
22.016839 294.001695	5.02e-01  9.15e-01  4.36e+05	11.8857 79.7019 0.1029	
22.016839 294.001695	3.69e-01  8.23e-01  4.81e+05	24.5095 51.9518 0.3633	
22.016839 294.001695	6.51e-01  7.47e-01  4.39e+05	-12.5529 78.0440 0.3826	
22.016839 294.001695	5.58e-01  7.85e-01  4.49e+05	15.5635 72.6313 0.0347	
22.016839 294.001695	4.15e-01  8.64e-01  4.62e+05	-12.0694 66.7830 0.5927	
22.016839 294.001695	5.79e-01  9.40e-01  4.18e+05	-43.0205 76.7822 0.0409	
22.016839 294.001695	4.82e-01  6.94e-01  4.84e+05	-1.0487 55.2663 0.8497	
22.016839 294.001695	6.15e-01  8.62e-01  4.25e+05	18.5027 83.0493 0.8057	
22.016839 294.001695	7.29e-01  7.62e-01  4.23e+05	3.6346 86.0529 0.9095	
22.016839 294.001695	4.29e-01  7.42e-01  4.85e+05	17.4119 51.6284 0.1015	
22.016839 294.001695	6.01e-01  6.66e-01  4.65e+05	16.0826 64.6045 0.4409	
22.016839 294.001695	6.31e-01  7.64e-01  4.40e+05	-41.9887 66.6346 0.8385	
22.016839 294.001695	4.04e-01  7.39e-01  4.92e+05	21.6881 45.2043 0.2745	
22.016839 294.001695	5.18e-01  8.99e-01  4.36e+05	38.0972 71.0390 0.9125	
22.016839 294.001695	4.52e-01  8.23e-01  4.63e+05	-17.1597 65.2586 0.5915	
22.016839 294.001695	4.49e-01  8.04e-01  4.67e+05	-7.2331 64.6484 0.2709	
22.016839 294.001695	4.07e-01  7.20e-01  4.95e+05	-0.0029 47.5152 0.8958	
22.016839 294.001695	5.49e-01  7.81e-01  4.52e+05	13.4498 71.7290 0.1176	
22.016839 294.001695	5.54e-01  7.94e-01  4.49e+05	18.9724 72.2177 0.7240	
22.016839 294.001695	5.31e-01  9.25e-01  4.29e+05	-20.8693 80.9071 0.2826	
22.016839 294.001695	6.53e-01  8.90e-01  4.14e+05	-3.6261 89.5418 0.3510	
22.016839 294.001695	5.94e-01  8.49e-01  4.31e+05	5.9426 82.4569 0.1105	
22.016839 294.001695	6.35e-01  7.45e-01  4.43e+05	-25.4680 73.1706 0.1521	
22.016839 294.001695	4.80e-01  9.07e-01  4.41e+05	0.5132 78.1574 0.4975	
22.016839 294.001695	3.67e-01  8.29e-01  4.80e+05	13.7544 56.2221 0.4438	
22.016839 294.001695	6.28e-01  6.52e-01  4.62e+05	11.7209 67.0206 0.7648	
22.016839 294.001695	8.04e-01  8.62e-01  3.95e+05	-16.0760 95.6477 0.8680	
22.016839 294.001695	6.84e-01  7.94e-01  4.25e+05	22.4409 82.1829 0.6694	
22.016839 294.001695	7.64e-01  9.13e-01  3.94e+05	48.1919 84.7580 0.0353	
22.016839 294.001695	6.12e-01  9.33e-01  4.14e+05	-12.9195 88.8572 0.9436	
22.016839 294.001695	4.71e-01  8.22e-01  4.60e+05	21.9039 65.7512 0.6802	
22.016839 294.001695	6.68e-01  8.76e-01  4.14e+05	-11.5367 88.9836 0.5046	
22.016839 294.001695	5.47e-01  7.66e-01  4.56e+05	-8.6594 70.7492 0.6934	
22.016839 294.001695	6.23e-01  7.90e-01  4.37e+05	-24.3294 76.5050 0.2095	
22.016839 294.001695	5.20e-01  8.36e-01  4.47e+05	-16.9374 73.4265 0.4391	
22.016839 294.001695	6.39e-01  8.44e-01  4.24e+05	29.9121 80.0911 0.5097	
22.016839 294.001695	6.36e-01  7.77e-01  4.37e+05	-3.7724 80.1177 0.0502	
22.016839 294.001695	6.40e-01  8.60e-01  4.21e+05	-13.9101 85.6005 0.5457	
22.016839 294.001695	6.77e-01  9.18e-01  4.06e+05	13.5869 91.9115 0.7172	
22.016839 294.001695	4.56e-01  8.60e-01  4.55e+05	-35.1188 62.4338 0.7251	
22.016839 294.001695	7.35e-01  9.16e-01  3.97e+05	38.9892 87.8263 0.6503	
22.016839 294.001695	5.03e-01  9.27e-01  4.33e+05	-26.2813 77.2913 0.0121	
22.016839 294.001695	5.63e-01  7.52e-01  4.55e+05	3.3539 71.4495 0.5701	
22.016839 294.001695	5.84e-01  6.65e-01  4.68e+05	1.8811 64.5147 0.7312	
22.016839 294.001695	7.45e-01  8.28e-01  4.10e+05	-13.2153 90.5478 0.8797	
22.016839 294.001695	7.03e-01  7.29e-01  4.33e+05	5.9700 81.5895 0.7142	
22.016839 294.001695	5.86e-01  9.96e-01  4.08e+05	8.5230 91.6761 0.7344	
22.016839 294.001695	6.76e-01  8.31e-01  4.20e+05	12.5109 86.3329 0.0422	
22.016839 294.001695	3.99e-01  7.28e-01  4.95e+05	26.7159 39.0272 0.6154	
22.016839 294.001695	4.22e-01  9.15e-01  4.51e+05	7.8598 73.2848 0.6092	
22.016839 294.001695	5.25e-01  8.07e-01  4.52e+05	12.9004 72.1246 0.5855	
22.016839 294.001695	4.36e-01  8.68e-01  4.57e+05	17.2929 68.2636 0.8842	
22.016839 294.001695	6.21e-01  7.99e-01  4.35e+05	-28.2923 75.7053 0.7902	
22.016839 294.001695	7.55e-01  8.51e-01  4.04e+05	0.8635 93.5280 0.3217	
22.016839 294.001695	6.11e-01  8.17e-01  4.34e+05	-19.3718 79.1435 0.5252	
22.016839 294.001695	4.07e-01  7.84e-01  4.81e+05	30.7095 48.2988 0.3300	
22.016839 294.001695	4.47e-01  6.90e-01  4.93e+05	-3.3384 49.0126 0.5637	
22.016839 294.001695	5.71e-01  8.48e-01  4.35e+05	-10.4059 80.0644 0.4743	
22.016839 294.001695	6.19e-01  7.49e-01  4.45e+05	-11.6648 75.5203 0.3310	
22.016839 294.001695	7.10e-01  8.08e-01  4.18e+05	5.3061 87.8053 0.4255	
22.016839 294.001695	7.14e-01  9.09e-01  4.02e+05	-9.1485 94.1021 0.8222	
22.016839 294.001695	6.72e-01  8.24e-01  4.22e+05	25.0065 82.7800 0.5070	
22.016839 294.001695	6.38e-01  7.34e-01  4.44e+05	31.9001 69.8732 0.0389	
22.016839 294.001695	5.84e-01  8.26e-01  4.37e+05	1.3130 79.9978 0.9474	
22.016839 294.001695	5.79e-01  9.35e-01  4.19e+05	2.9386 87.6843 0.9610	
22.016839 294.001695	6.35e-01  8.03e-01  4.32e+05	38.6518 72.6079 0.2491	
22.016839 294.001695	4.18e-01  8.47e-01  4.65e+05	21.4473 62.7510 0.4749	
22.016839 294.001695	4.93e-01  8.56e-01  4.49e+05	-22.1967 71.3658 0.4205	
22.016839 294.001695	5.70e-01  9.45e-01  4.19e+05	14.6539 86.5365 0.0451	
22.016839 294.001695	5.01e-01  8.26e-01  4.53e+05	14.4398 71.3356 0.2295	
22.016839 294.001695	6.53e-01  7.24e-01  4.43e+05	-29.3877 71.5058 0.7044	
22.016839 294.001695	3.86e-01  9.21e-01  4.57e+05	-12.3951 69.6287 0.7144	
22.016839 294.001695	5.56e-01  7.18e-01  4.63e+05	16.9047 65.1701 0.3435	
22.016839 294.001695	6.37e-01  7.90e-01  4.34e+05	0.1641 81.4109 0.5458	
22.016839 294.001695	4.22e-01  9.03e-01  4.53e+05	-13.0645 71.3171 0.6602	
22.016839 294.001695	3.74e-01  7.95e-01  4.86e+05	-4.2739 54.0049 0.6390	
22.016839 294.001695	5.75e-01  9.09e-01  4.24e+05	-14.5784 84.3922 0.7552	
22.016839 294.001695	5.89e-01  8.55e-01  4.31e+05	15.2941 81.2556 0.5340	
22.016839 294.001695	5.64e-01  8.73e-01  4.32e+05	-1.8534 82.1192 0.3261	
22.016839 294.001695	6.83e-01  8.68e-01  4.13e+05	-18.2204 88.2628 0.2709	
22.016839 294.001695	5.59e-01  7.19e-01  4.62e+05	-19.3076 64.9334 0.7509	
22.016839 294.001695	6.16e-01  8.14e-01  4.33e+05	18.3514 79.5415 0.0777	
22.016839 294.001695	4.48e-01  9.23e-01  4.44e+05	36.6226 67.3923 0.2820	
22.016839 294.001695	6.32e-01  9.72e-01  4.05e+05	36.8897 85.7806 0.7576	
22.016839 294.001695	4.86e-01  9.05e-01  4.41e+05	22.5348 75.1598 0.7475	
22.016839 294.001695	6.76e-01  9.33e-01  4.04e+05	7.4038 93.4429 0.9383	
22.016839 294.001695	4.62e-01  9.63e-01  4.34e+05	36.7276 72.4313 0.5595	
22.016839 294.001695	4.65e-01  8.98e-01  4.46e+05	14.2875 74.7236 0.2691	
22.016839 294.001695	6.57e-01  8.77e-01  4.16e+05	23.7081 85.8313 0.0752	
22.016839 294.001695	5.40e-01  9.63e-01  4.21e+05	35.3774 79.4416 0.4870	
22.016839 294.001695	6.03e-01  8.10e-01  4.37e+05	-33.6383 72.8753 0.7871	
22.016839 294.001695	6.35e-01  8.58e-01  4.23e+05	7.9988 85.9112 0.0851	
22.016839 294.001695	5.01e-01  7.60e-01  4.66e+05	38.9666 53.2543 0.8028	
22.016839 294.001695	6.35e-01  7.97e-01  4.33e+05	2.8718 81.7085 0.9590	
22.016839 294.001695	5.86e-01  8.40e-01  4.34e+05	7.5776 80.8851 0.2132	
22.016839 294.001695	5.61e-01  8.77e-01  4.32e+05	-26.8658 77.6975 0.1862	
22.016839 294.001695	5.17e-01  8.83e-01  4.39e+05	-6.5892 78.9368 0.8618	
22.016839 294.001695	4.75e-01  9.14e-01  4.41e+05	14.8678 76.8479 0.4768	
22.016839 294.001695	3.88e-01  7.78e-01  4.86e+05	18.8864 50.2326 0.6158	
22.016839 294.001695	5.43e-01  7.59e-01  4.58e+05	-34.7391 61.1397 0.6829	
22.016839 294.001695	5.62e-01  7.62e-01  4.53e+05	-20.0286 69.6197 0.8437	
22.016839 294.001695	4.60e-01  9.17e-01  4.43e+05	-21.4468 74.1898 0.5700	
22.016839 294.001695	4.83e-01  8.82e-01  4.45e+05	-2.8159 76.1441 0.4433	
22.016839 294.001695	4.82e-01  8.81e-01  4.46e+05	-33.8228 68.0738 0.1747	
22.016839 294.001695	4.51e-01  8.19e-01  4.64e+05	-9.1483 66.2727 0.4784	
22.016839 294.001695	5.04e-01  7.52e-01  4.67e+05	15.6963 63.4121 0.2039	
22.016839 294.001695	3.88e-01  8.65e-01  4.68e+05	10.1579 64.1892 0.8177	
22.016839 294.001695	6.31e-01  8.10e-01  4.32e+05	-17.5255 80.5500 0.7446	
22.016839 294.001695	6.75e-01  9.41e-01  4.03e+05	23.1783 91.2306 0.4001	
22.016839 294.001695	7.80e-01  9.22e-01  3.90e+05	-9.5546 98.3748 0.1000	
22.016839 294.001695	4.42e-01  8.76e-01  4.54e+05	-19.3771 69.1867 0.6045	
22.016839 294.001695	7.49e-01  8.56e-01  4.04e+05	-41.1927 83.8882 0.3244	
22.016839 294.001695	6.25e-01  7.21e-01  4.49e+05	1.2463 74.4743 0.2674	
22.016839 294.001695	6.71e-01  8.81e-01  4.13e+05	33.1152 83.9246 0.9143	
22.016839 294.001695	4.81e-01  8.03e-01  4.61e+05	7.8605 67.9704 0.9735	
22.016839 294.001695	7.00e-01  8.38e-01  4.15e+05	-12.6365 88.3869 0.0221	
22.016839 294.001695	7.02e-01  8.46e-01  4.14e+05	-1.3810 89.9194 0.5800	
22.016839 294.001695	5.59e-01  7.97e-01  4.47e+05	-9.3192 74.7373 0.1759	
22.016839 294.001695	5.66e-01  8.26e-01  4.40e+05	5.3473 78.3304 0.0072	
22.016839 294.001695	6.33e-01  8.81e-01  4.19e+05	40.8703 77.6141 0.7450	
22.016839 294.001695	6.06e-01  8.72e-01  4.25e+05	-14.4414 84.0158 0.1043	
22.016839 294.001695	4.90e-01  8.85e-01  4.44e+05	-4.2729 76.9614 0.6701	
22.016839 294.001695	5.26e-01  8.07e-01  4.52e+05	-18.0686 71.0056 0.1582	
22.016839 294.001695	7.36e-01  8.05e-01  4.15e+05	9.2699 88.9718 0.8245	
22.016839 294.001695	5.96e-01  8.86e-01  4.24e+05	30.7607 79.7372 0.6067	
22.016839 294.001695	6.45e-01  6.91e-01  4.51e+05	1.7619 73.5350 0.8449	
22.016839 294.001695	5.99e-01  7.70e-01  4.45e+05	11.4155 75.6615 0.3190	
22.016839 294.001695	4.64e-01  6.99e-01  4.87e+05	14.5006 51.2672 0.0136	
22.016839 294.001695	5.38e-01  8.86e-01  4.35e+05	-46.8112 66.2602 0.4265	
22.016839 294.001695	5.57e-01  7.92e-01  4.48e+05	-3.3158 74.7456 0.7520	
22.016839 294.001695	8.65e-01  9.57e-01  3.73e+05	37.2371 97.8442 0.5443	
22.016839 294.001695	6.82e-01  8.09e-01  4.23e+05	1.4996 86.1269 0.8356	
22.016839 294.001695	5.10e-01  7.31e-01  4.70e+05	-34.2328 53.5921 0.7941	
22.016839 294.001695	6.79e-01  8.79e-01  4.12e+05	4.3380 90.4722 0.3862	
22.016839 294.001695	3.59e-01  8.73e-01  4.72e+05	27.9425 55.9904 0.9241	
22.016839 294.001695	4.80e-01  6.98e-01  4.84e+05	2.7455 55.3579 0.7523	
22.016839 294.001695	7.24e-01  9.10e-01  4.00e+05	11.3736 94.4796 0.9786	
22.016839 294.001695	5.42e-01  7.43e-01  4.61e+05	-1.6158 68.4770 0.2993	
22.016839 294.001695	5.35e-01  7.82e-01  4.55e+05	-15.8122 69.9890 0.8434	
22.016839 294.001695	4.87e-01  7.63e-01  4.68e+05	-12.9445 63.2859 0.9656	
22.016839 294.001695	5.49e-01  7.97e-01  4.49e+05	14.2918 73.0952 0.2926	
22.016839 294.001695	8.05e-01  8.77e-01  3.93e+05	10.2171 97.2713 0.0849	
22.016839 294.001695	4.45e-01  7.40e-01  4.82e+05	-22.7897 51.5734 0.3063	
22.016839 294.001695	7.08e-01  8.19e-01  4.17e+05	-7.7751 88.2533 0.0484	
22.016839 294.001695	6.61e-01  8.55e-01  4.19e+05	-37.0453 79.6728 0.6859	
22.016839 294.001695	5.73e-01  7.59e-01  4.52e+05	-11.4563 72.2930 0.3671	
22.016839 294.001695	5.84e-01  8.78e-01  4.28e+05	17.1847 82.2679 0.3577	
22.016839 294.001695	5.40e-01  9.20e-01  4.28e+05	21.0897 81.1435 0.5308	
22.016839 294.001695	6.34e-01  9.30e-01  4.11e+05	23.2348 87.9332 0.0180	
22.016839 294.001695	6.94e-01  7.98e-01  4.23e+05	7.8481 85.8581 0.2362	
22.016839 294.001695	6.82e-01  9.00e-01  4.08e+05	3.1671 92.0079 0.6244	
22.016839 294.001695	5.36e-01  9.45e-01  4.25e+05	25.9484 81.3527 0.7409	
22.016839 294.001695	5.59e-01  7.25e-01  4.61e+05	11.0834 67.4376 0.1256	
22.016839 294.001695	5.56e-01  7.39e-01  4.59e+05	-32.6239 61.5046 0.0008	
22.016839 294.001695	6.04e-01  7.79e-01  4.42e+05	-17.5506 75.7365 0.5522	
22.016839 294.001695	5.60e-01  6.85e-01  4.69e+05	-0.1281 64.1419 0.1959	
22.016839 294.001695	6.75e-01  9.79e-01  3.97e+05	0.0939 96.2426 0.0378	
22.016839 294.001695	5.59e-01  7.82e-01  4.50e+05	-19.3419 71.5351 0.0471	
22.016839 294.001695	7.28e-01  9.94e-01  3.87e+05	40.7837 91.1894 0.4123	
22.016839 294.001695	4.77e-01  7.00e-01  4.84e+05	-5.1892 55.1557 0.0384	
22.016839 294.001695	5.86e-01  8.02e-01  4.41e+05	-0.3307 78.1400 0.4844	
22.016839 294.001695	4.36e-01  7.62e-01  4.79e+05	-8.6785 57.5802 0.5223	
22.016839 294.001695	5.25e-01  7.84e-01  4.56e+05	-4.0921 70.9160 0.2699	
22.016839 294.001695	4.41e-01  8.54e-01  4.59e+05	-22.1470 65.8664 0.1288	
22.016839 294.001695	7.55e-01  8.84e-01  3.99e+05	0.1737 95.4874 0.8938	
22.016839 294.001695	3.87e-01  8.72e-01  4.66e+05	18.1432 63.1714 0.2165	
22.016839 294.001695	6.24e-01  8.10e-01  4.33e+05	-2.6220 81.8890 0.1079	
22.016839 294.001695	4.96e-01  8.10e-01  4.57e+05	18.4816 68.2700 0.5812	
22.016839 294.001695	6.52e-01  8.86e-01  4.15e+05	-20.9164 86.8197 0.6750	
22.016839 294.001695	6.44e-01  9.31e-01  4.09e+05	-40.1254 82.3991 0.8281	
22.016839 294.001695	7.02e-01  7.99e-01  4.21e+05	0.4612 86.8030 0.2426	
22.016839 294.001695	6.91e-01  8.94e-01  4.08e+05	-28.2197 87.8420 0.5485	
22.016839 294.001695	7.95e-01  9.47e-01  3.84e+05	9.4967 100.4544 0.8283	
22.016839 294.001695	4.87e-01  8.15e-01  4.58e+05	18.5813 67.7871 0.1772	
22.016839 294.001695	6.45e-01  8.29e-01  4.26e+05	-16.3253 83.2998 0.8052	
22.016839 294.001695	7.73e-01  8.09e-01  4.08e+05	-14.4201 90.9116 0.0972	
22.016839 294.001695	6.79e-01  8.71e-01  4.13e+05	28.7268 85.3930 0.2404	
22.016839 294.001695	6.97e-01  8.61e-01  4.12e+05	38.0220 82.1804 0.3198	
22.016839 294.001695	5.60e-01  7.68e-01  4.53e+05	0.5833 72.7653 0.3119	
22.016839 294.001695	6.08e-01  8.26e-01  4.33e+05	19.1646 79.6776 0.5270	
22.016839 294.001695	4.79e-01  7.94e-01  4.63e+05	5.5699 67.0131 0.7201	
22.016839 294.001695	5.62e-01  8.20e-01  4.42e+05	-11.4362 76.8671 0.9896	
22.016839 294.001695	6.15e-01  7.67e-01  4.42e+05	14.5085 76.3398 0.9502	
22.016839 294.001695	5.61e-01  8.63e-01  4.35e+05	-14.4973 79.7505 0.9919	
22.016839 294.001695	4.18e-01  8.59e-01  4.63e+05	-7.0419 67.2600 0.8933	
22.016839 294.001695	7.06e-01  9.80e-01  3.92e+05	-29.6792 93.4107 0.1991	
22.016839 294.001695	5.44e-01  6.99e-01  4.70e+05	-5.9789 63.4635 0.3328	
22.016839 294.001695	4.66e-01  8.23e-01  4.60e+05	23.9199 64.6603 0.7557	
22.016839 294.001695	6.35e-01  8.00e-01  4.33e+05	20.7114 79.3248 0.9574	
22.016839 294.001695	6.51e-01  9.54e-01  4.04e+05	16.2190 92.1103 0.6097	
22.016839 294.001695	4.18e-01  7.73e-01  4.81e+05	7.1406 56.9369 0.2690	
22.016839 294.001695	6.42e-01  9.11e-01  4.13e+05	-11.6376 89.5061 0.6458	
22.016839 294.001695	6.28e-01  9.01e-01  4.17e+05	49.1809 73.8541 0.4082	
22.016839 294.001695	5.54e-01  9.63e-01  4.19e+05	-24.5729 84.3637 0.2261	
22.016839 294.001695	7.53e-01  8.30e-01  4.08e+05	12.6691 91.2463 0.9773	
22.016839 294.001695	5.35e-01  6.52e-01  4.82e+05	11.8515 55.5103 0.6736	
22.016839 294.001695	6.08e-01  9.41e-01  4.13e+05	-13.6671 88.9833 0.4687	
22.016839 294.001695	6.96e-01  8.17e-01  4.19e+05	42.1751 76.8345 0.3216	
22.016839 294.001695	4.09e-01  7.25e-01  4.94e+05	-7.4751 48.1128 0.7049	
22.016839 294.001695	7.50e-01  9.11e-01  3.96e+05	-3.9109 96.5973 0.4022	
22.016839 294.001695	5.45e-01  8.14e-01  4.47e+05	31.5633 68.8129 0.4446	
22.016839 294.001695	5.87e-01  7.07e-01  4.59e+05	19.0937 66.7894 0.1544	
22.016839 294.001695	7.60e-01  9.28e-01  3.92e+05	-10.2555 97.5815 0.3751	
22.016839 294.001695	4.40e-01  9.43e-01  4.42e+05	7.4506 77.4010 0.4570	
22.016839 294.001695	6.21e-01  8.18e-01  4.32e+05	17.4757 80.3818 0.0034	
22.016839 294.001695	6.03e-01  8.50e-01  4.29e+05	-16.3752 81.7462 0.8518	
22.016839 294.001695	6.25e-01  8.71e-01  4.22e+05	27.2372 82.0428 0.1825	
22.016839 294.001695	6.08e-01  7.74e-01  4.42e+05	5.3840 77.5364 0.1617	
22.016839 294.001695	5.27e-01  8.55e-01  4.42e+05	-19.9267 75.0815 0.5019	
22.016839 294.001695	6.35e-01  7.35e-01  4.45e+05	27.7808 71.4025 0.1681	
22.016839 294.001695	7.88e-01  9.37e-01  3.87e+05	21.9508 97.5763 0.6839	
22.016839 294.001695	6.13e-01  7.89e-01  4.39e+05	-8.5010 78.8848 0.5767	
22.016839 294.001695	5.97e-01  7.21e-01  4.54e+05	5.0462 71.6628 0.3432	
22.016839 294.001695	6.57e-01  8.49e-01  4.21e+05	-10.4477 86.4821 0.5641	
22.016839 294.001695	5.70e-01  8.41e-01  4.37e+05	-0.8471 80.1251 0.8115	
22.016839 294.001695	7.97e-01  8.76e-01  3.94e+05	-30.2671 92.4973 0.7179	
22.016839 294.001695	6.86e-01  9.25e-01  4.04e+05	-39.2694 85.1997 0.1391	
22.016839 294.001695	5.33e-01  6.86e-01  4.75e+05	-4.9963 60.7887 0.9192	
22.016839 294.001695	5.64e-01  6.61e-01  4.73e+05	-14.8603 59.8676 0.6737	
22.016839 294.001695	6.13e-01  8.76e-01  4.23e+05	40.0223 76.0840 0.1795	
22.016839 294.001695	7.22e-01  8.70e-01  4.06e+05	-10.1621 92.1395 0.9476	
22.016839 294.001695	4.54e-01  7.70e-01  4.74e+05	-11.1682 60.5651 0.2496	
22.016839 294.001695	5.00e-01  9.12e-01  4.37e+05	32.1905 73.3906 0.7263	
22.016839 294.001695	5.90e-01  7.97e-01  4.41e+05	46.5291 62.6918 0.1280	
22.016839 294.001695	6.02e-01  9.31e-01  4.16e+05	-26.7704 84.8335 0.3719	
22.016839 294.001695	6.26e-01  9.32e-01  4.12e+05	-18.4113 88.7096 0.9559	
22.016839 294.001695	7.96e-01  8.45e-01  3.99e+05	16.3695 94.1602 0.0661	
22.016839 294.001695	6.56e-01  7.98e-01  4.29e+05	-9.9958 82.8901 0.5542	
22.016839 294.001695	5.82e-01  9.49e-01  4.16e+05	3.7153 88.7814 0.1724	
22.016839 294.001695	4.85e-01  8.95e-01  4.43e+05	-5.6073 77.3042 0.0862	
22.016839 294.001695	8.32e-01  9.02e-01  3.85e+05	2.6746 100.4533 0.7919	
22.016839 294.001695	7.53e-01  7.82e-01  4.16e+05	-13.5994 88.0748 0.5284	
22.016839 294.001695	5.36e-01  7.53e-01  4.60e+05	-10.5374 68.0568 0.1357	
22.016839 294.001695	5.83e-01  7.77e-01  4.47e+05	14.1952 74.3584 0.5139	
22.016839 294.001695	6.25e-01  8.50e-01  4.26e+05	3.2321 84.9199 0.0664	
22.016839 294.001695	5.80e-01  8.03e-01  4.42e+05	-9.1606 77.1930 0.0125	
22.016839 294.001695	5.17e-01  7.91e-01  4.56e+05	-3.1543 70.7706 0.4973	
22.016839 294.001695	6.62e-01  7.97e-01  4.28e+05	13.7106 82.6673 0.7140	
22.016839 294.001695	7.94e-01  9.62e-01  3.82e+05	8.7517 101.2442 0.2635	
22.016839 294.001695	4.42e-01  7.82e-01  4.74e+05	7.9554 61.0092 0.4029	
22.016839 294.001695	6.33e-01  7.46e-01  4.43e+05	15.0365 75.9865 0.4975	
22.016839 294.001695	6.99e-01  7.83e-01  4.25e+05	-47.1334 71.2827 0.5083	
22.016839 294.001695	6.51e-01  7.32e-01  4.42e+05	-16.1704 76.0885 0.6953	
22.016839 294.001695	6.17e-01  8.27e-01  4.31e+05	30.3607 76.9653 0.7025	
22.016839 294.001695	6.75e-01  7.43e-01  4.36e+05	-13.5080 79.5006 0.4590	
22.016839 294.001695	5.15e-01  5.50e-01  5.10e+05	2.0291 34.4465 0.5286	
22.016839 294.001695	4.77e-01  7.69e-01  4.69e+05	0.8092 64.1861 0.5147	
22.016839 294.001695	5.39e-01  9.48e-01  4.24e+05	43.6086 73.8811 0.3347	
22.016839 294.001695	4.53e-01  8.91e-01  4.49e+05	10.8437 73.4952 0.4615	
22.016839 294.001695	6.41e-01  7.42e-01  4.42e+05	4.4440 77.6607 0.1611	
22.016839 294.001695	3.94e-01  8.66e-01  4.66e+05	16.1696 63.7740 0.8742	
22.016839 294.001695	6.64e-01  7.62e-01  4.34e+05	13.5429 80.1256 0.9859	
22.016839 294.001695	6.25e-01  7.72e-01  4.39e+05	4.9424 78.7991 0.0628	
22.016839 294.001695	5.89e-01  8.50e-01  4.32e+05	8.6532 81.8632 0.4963	
22.016839 294.001695	5.31e-01  9.43e-01  4.26e+05	-5.6397 84.6713 0.1438	
22.016839 294.001695	7.55e-01  8.12e-01  4.10e+05	17.6347 89.4887 0.9040	
22.016839 294.001695	5.76e-01  8.55e-01  4.33e+05	3.1135 81.6121 0.1413	
22.016839 294.001695	6.12e-01  8.80e-01  4.23e+05	-40.4697 76.0434 0.4176	
22.016839 294.001695	5.03e-01  7.96e-01  4.58e+05	34.2185 61.0238 0.2459	
22.016839 294.001695	6.52e-01  7.39e-01  4.41e+05	6.4789 78.1023 0.5977	
22.016839 294.001695	5.11e-01  7.19e-01  4.72e+05	4.6345 62.1608 0.5818	
22.016839 294.001695	7.20e-01  7.75e-01  4.22e+05	-18.9905 84.2597 0.3939	
22.016839 294.001695	2.62e-01  9.19e-01  4.83e+05	1.1793 55.9070 0.0974	
22.016839 294.001695	5.26e-01  7.53e-01  4.62e+05	18.8076 65.2004 0.3214	
22.016839 294.001695	7.66e-01  8.22e-01  4.07e+05	55.5263 73.9392 0.1140	
22.016839 294.001695	6.88e-01  7.12e-01  4.39e+05	14.7822 77.7987 0.0532	
22.016839 294.001695	4.50e-01  6.96e-01  4.91e+05	-21.7554 45.6861 0.9339	
22.016839 294.001695	5.91e-01  6.74e-01  4.65e+05	24.6164 61.5272 0.9729	
22.016839 294.001695	6.18e-01  7.01e-01  4.54e+05	1.4903 71.9283 0.6958	
22.016839 294.001695	5.26e-01  7.78e-01  4.57e+05	22.8513 66.5852 0.2087	
22.016839 294.001695	3.26e-01  8.81e-01  4.77e+05	15.2667 57.3115 0.1763	
22.016839 294.001695	6.11e-01  7.69e-01  4.43e+05	-32.3807 70.3463 0.2519	
22.016839 294.001695	6.87e-01  9.42e-01  4.01e+05	41.9679 85.1131 0.0428	
22.016839 294.001695	4.79e-01  8.66e-01  4.49e+05	11.6999 73.3971 0.3251	
22.016839 294.001695	5.60e-01  7.20e-01  4.62e+05	16.6570 65.8128 0.6433	
22.016839 294.001695	7.19e-01  9.23e-01  3.99e+05	-23.2757 92.7690 0.0055	
22.016839 294.001695	5.54e-01  6.76e-01  4.72e+05	-2.1024 62.3361 0.8128	
22.016839 294.001695	6.04e-01  9.46e-01  4.13e+05	5.4999 89.9464 0.9652	
22.016839 294.001695	6.01e-01  9.09e-01  4.20e+05	-47.6715 73.2737 0.7963	
22.016839 294.001695	6.71e-01  7.46e-01  4.36e+05	5.4705 80.3382 0.3360	
22.016839 294.001695	4.84e-01  9.39e-01  4.35e+05	24.5990 77.1849 0.9175	
22.016839 294.001695	8.45e-01  9.00e-01  3.84e+05	1.2044 101.0256 0.3223	
22.016839 294.001695	5.91e-01  9.30e-01  4.18e+05	-1.8505 88.1183 0.2447	
22.016839 294.001695	5.29e-01  7.93e-01  4.54e+05	-30.1211 65.5811 0.8868	
22.016839 294.001695	6.50e-01  7.23e-01  4.44e+05	-12.6943 75.8290 0.0370	
22.016839 294.001695	6.19e-01  8.93e-01  4.19e+05	-11.4138 86.8053 0.4313	
22.016839 294.001695	4.99e-01  9.47e-01  4.31e+05	-10.2859 82.1932 0.1939	
22.016839 294.001695	6.42e-01  9.27e-01  4.10e+05	25.2100 87.7410 0.7277	
22.016839 294.001695	5.19e-01  8.29e-01  4.49e+05	-2.6865 74.6898 0.6373	
22.016839 294.001695	7.35e-01  8.55e-01  4.07e+05	27.0392 88.5081 0.4617	
22.016839 294.001695	5.13e-01  7.74e-01  4.61e+05	-24.8194 64.0242 0.6184	
22.016839 294.001695	6.59e-01  8.07e-01  4.27e+05	-7.5176 83.9753 0.5992	
22.016839 294.001695	4.57e-01  8.97e-01  4.48e+05	19.3829 72.6380 0.6729	
22.016839 294.001695	3.88e-01  8.94e-01  4.62e+05	10.1743 67.4125 0.5774	
22.016839 294.001695	7.88e-01  8.58e-01  3.98e+05	27.4009 91.8134 0.5816	
22.016839 294.001695	5.06e-01  8.55e-01  4.46e+05	-30.8670 69.2471 0.2789	
22.016839 294.001695	6.52e-01  8.82e-01  4.16e+05	-6.9834 88.7831 0.5347	
22.016839 294.001695	6.36e-01  8.33e-01  4.27e+05	-5.3377 84.4269 0.2705	
22.016839 294.001695	5.26e-01  7.96e-01  4.54e+05	0.8831 72.2411 0.6277	
22.016839 294.001695	7.17e-01  7.77e-01  4.22e+05	-28.4218 81.4933 0.2964	
22.016839 294.001695	5.39e-01  8.97e-01  4.32e+05	9.2125 81.5498 0.9544	
22.016839 294.001695	6.88e-01  8.16e-01  4.21e+05	15.0743 85.7146 0.6995	
22.016839 294.001695	6.75e-01  8.19e-01  4.22e+05	-31.8559 80.2200 0.9147	
22.016839 294.001695	7.25e-01  7.94e-01  4.18e+05	-48.2435 73.6619 0.9051	
22.016839 294.001695	7.88e-01  9.24e-01  3.89e+05	-10.7872 98.7779 0.3202	
22.016839 294.001695	4.51e-01  8.01e-01  4.68e+05	-8.7063 64.2061 0.4540	
22.016839 294.001695	6.33e-01  7.12e-01  4.49e+05	-21.7535 71.2012 0.9586	
22.016839 294.001695	4.77e-01  9.17e-01  4.40e+05	-2.5600 78.6806 0.9180	
22.016839 294.001695	5.94e-01  8.80e-01  4.26e+05	28.9709 79.7760 0.6413	
22.016839 294.001695	7.28e-01  8.22e-01  4.13e+05	-14.4715 88.9262 0.3565	
22.016839 294.001695	4.70e-01  7.80e-01  4.68e+05	-3.0868 64.5943 0.8442	
22.016839 294.001695	6.40e-01  7.87e-01  4.34e+05	-16.6387 79.6204 0.5519	
22.016839 294.001695	6.79e-01  8.36e-01  4.19e+05	34.4638 80.6803 0.4352	
22.016839 294.001695	5.44e-01  6.92e-01  4.71e+05	-18.9642 60.1280 0.2689	
22.016839 294.001695	6.25e-01  8.35e-01  4.28e+05	-13.4559 82.8332 0.3471	
22.016839 294.001695	5.82e-01  6.79e-01  4.66e+05	-9.6239 65.2801 0.7099	
22.016839 294.001695	6.16e-01  8.04e-01  4.35e+05	6.1650 80.5078 0.1184	
22.016839 294.001695	6.76e-01  8.47e-01  4.18e+05	-11.2305 87.6097 0.0016	
22.016839 294.001695	4.93e-01  8.19e-01  4.56e+05	8.0829 70.8610 0.5050	
22.016839 294.001695	4.57e-01  9.39e-01  4.40e+05	33.4472 71.3829 0.7177	
22.016839 294.001695	7.30e-01  8.02e-01  4.16e+05	-23.8637 85.6217 0.1166	
22.016839 294.001695	4.50e-01  8.04e-01  4.68e+05	18.2674 62.4231 0.7645	
22.016839 294.001695	5.74e-01  6.54e-01  4.73e+05	-20.8361 58.4077 0.3973	
22.016839 294.001695	6.54e-01  7.42e-01  4.40e+05	15.1391 77.3332 0.3622	
22.016839 294.001695	6.12e-01  7.30e-01  4.50e+05	-3.2925 73.9873 0.9290	
22.016839 294.001695	5.63e-01  9.09e-01  4.26e+05	-6.9781 84.4187 0.9474	
22.016839 294.001695	4.87e-01  7.26e-01  4.76e+05	-19.6638 56.8651 0.7181	
22.016839 294.001695	6.02e-01  6.75e-01  4.63e+05	-6.8818 67.3561 0.0797	
22.016839 294.001695	6.87e-01  8.21e-01  4.20e+05	31.6165 81.4319 0.1497	
22.016839 294.001695	4.74e-01  8.75e-01  4.49e+05	2.9683 74.6923 0.4312	
22.016839 294.001695	5.05e-01  7.72e-01  4.63e+05	18.4401 65.1144 0.3312	
22.016839 294.001695	8.54e-01  9.09e-01  3.81e+05	18.2311 100.3201 0.9924	
22.016839 294.001695	7.37e-01  8.84e-01  4.02e+05	-3.7989 94.3030 0.9388	
22.016839 294.001695	7.19e-01  8.19e-01  4.15e+05	-20.5873 86.8853 0.4620	
22.016839 294.001695	4.57e-01  7.78e-01  4.71e+05	-8.7975 62.2757 0.3463	
22.016839 294.001695	6.74e-01  7.79e-01  4.29e+05	-34.9327 75.6858 0.5775	
22.016839 294.001695	4.86e-01  6.72e-01  4.88e+05	-0.8680 52.5749 0.1483	
22.016839 294.001695	5.69e-01  9.11e-01  4.25e+05	2.7669 85.2959 0.7573	
22.016839 294.001695	6.35e-01  8.03e-01  4.32e+05	-14.4905 80.9388 0.5280	
22.016839 294.001695	4.06e-01  9.23e-01  4.52e+05	-18.0839 70.6403 0.0017	
22.016839 294.001695	5.53e-01  8.47e-01  4.39e+05	25.8990 74.8577 0.2159	
22.016839 294.001695	5.31e-01  7.84e-01  4.55e+05	-3.0629 71.4788 0.0239	
22.016839 294.001695	6.36e-01  8.44e-01  4.25e+05	-2.0095 85.3346 0.1224	
22.016839 294.001695	5.41e-01  6.33e-01  4.85e+05	7.0252 54.4335 0.1771	
22.016839 294.001695	4.65e-01  7.55e-01  4.75e+05	4.4725 60.9208 0.5159	
22.016839 294.001695	5.66e-01  7.43e-01  4.56e+05	-4.4299 70.7719 0.4068	
22.016839 294.001695	5.24e-01  8.23e-01  4.49e+05	-0.9799 74.4935 0.3889	
22.016839 294.001695	5.43e-01  8.57e-01  4.39e+05	12.5386 78.1889 0.3127	
22.016839 294.001695	7.43e-01  8.01e-01  4.14e+05	16.3799 88.2031 0.5467	
22.016839 294.001695	5.35e-01  7.33e-01  4.64e+05	-14.1699 65.1887 0.4960	
22.016839 294.001695	5.90e-01  7.64e-01  4.47e+05	17.5912 73.1970 0.7388	
22.016839 294.001695	5.33e-01  8.15e-01  4.49e+05	36.8420 64.9581 0.7444	
22.016839 294.001695	4.83e-01  7.88e-01  4.64e+05	-2.5663 66.9883 0.7902	
22.016839 294.001695	6.23e-01  8.38e-01  4.28e+05	0.4507 83.8959 0.6619	
22.016839 294.001695	6.14e-01  8.76e-01  4.23e+05	42.1361 75.0180 0.1605	
22.016839 294.001695	5.68e-01  8.77e-01  4.31e+05	13.3336 81.7194 0.7457	
22.016839 294.001695	4.31e-01  9.18e-01  4.49e+05	3.3583 74.6357 0.8826	
22.016839 294.001695	5.43e-01  6.37e-01  4.83e+05	-26.3326 49.0025 0.0560	
22.016839 294.001695	4.32e-01  7.74e-01  4.78e+05	-16.1444 57.0148 0.2895	
22.016839 294.001695	6.32e-01  8.38e-01  4.27e+05	-7.7605 84.2453 0.3295	
22.016839 294.001695	5.21e-01  7.84e-01  4.57e+05	-5.5566 70.3335 0.2786	
22.016839 294.001695	5.94e-01  7.49e-01  4.50e+05	6.5853 73.9528 0.0074	
22.016839 294.001695	6.76e-01  9.16e-01  4.07e+05	22.2642 89.9514 0.0656	
22.016839 294.001695	7.04e-01  8.04e-01  4.20e+05	-30.1954 81.8800 0.5008	
22.016839 294.001695	3.41e-01  7.79e-01  4.97e+05	-11.0741 44.7107 0.1848	
22.016839 294.001695	7.51e-01  8.29e-01  4.08e+05	36.3677 84.4671 0.4520	
22.016839 294.001695	6.61e-01  9.26e-01  4.07e+05	-24.2221 89.1826 0.9903	
22.016839 294.001695	7.04e-01  8.66e-01  4.10e+05	1.7015 91.3329 0.6812	
22.016839 294.001695	6.83e-01  8.36e-01  4.18e+05	-17.6969 86.2021 0.4539	
22.016839 294.001695	6.42e-01  9.20e-01  4.11e+05	-14.7996 89.5726 0.3072	
22.016839 294.001695	5.26e-01  9.02e-01  4.34e+05	1.6822 81.4048 0.6199	
22.016839 294.001695	7.04e-01  7.99e-01  4.21e+05	1.8414 86.9168 0.6309	
22.016839 294.001695	4.58e-01  7.12e-01  4.85e+05	-9.8196 53.4339 0.2992	
22.016839 294.001695	6.47e-01  7.22e-01  4.45e+05	-15.5874 74.9445 0.0663	
22.016839 294.001695	3.67e-01  9.37e-01  4.57e+05	-0.8002 70.4349 0.5301	
22.016839 294.001695	5.80e-01  7.95e-01  4.44e+05	-19.7495 74.5117 0.6037	
22.016839 294.001695	5.79e-01  9.35e-01  4.19e+05	13.4581 86.6761 0.6309	
22.016839 294.001695	6.62e-01  7.49e-01  4.37e+05	27.6096 75.1751 0.5099	
22.016839 294.001695	7.60e-01  8.99e-01  3.96e+05	15.9724 95.2120 0.0876	
22.016839 294.001695	6.45e-01  7.78e-01  4.35e+05	19.1571 78.7462 0.8490	
22.016839 294.001695	4.13e-01  7.95e-01  4.77e+05	11.0378 58.5388 0.4783	
22.016839 294.001695	4.97e-01  7.25e-01  4.74e+05	15.9062 59.2555 0.2017	
22.016839 294.001695	4.18e-01  9.67e-01  4.42e+05	18.8500 75.6901 0.8839	
22.016839 294.001695	5.43e-01  7.99e-01  4.50e+05	34.9876 65.3781 0.3639	
22.016839 294.001695	4.59e-01  9.12e-01  4.44e+05	26.4665 72.0597 0.8489	
22.016839 294.001695	5.71e-01  8.56e-01  4.34e+05	15.9475 79.7558 0.1624	
22.016839 294.001695	5.86e-01  9.02e-01  4.23e+05	24.8672 82.2265 0.5962	
22.016839 294.001695	6.24e-01  7.83e-01  4.38e+05	19.0120 77.5251 0.5019	
22.016839 294.001695	7.43e-01  9.41e-01  3.93e+05	20.6912 95.6945 0.1520	
22.016839 294.001695	5.30e-01  7.20e-01  4.68e+05	2.2353 64.6924 0.5164	
22.016839 294.001695	6.07e-01  7.05e-01  4.56e+05	13.9113 69.9165 0.5331	
22.016839 294.001695	5.99e-01  8.33e-01  4.33e+05	26.5534 77.2652 0.2943	
22.016839 294.001695	5.56e-01  8.87e-01  4.31e+05	-15.2104 81.1695 0.3614	
22.016839 294.001695	2.76e-01  8.57e-01  4.94e+05	-12.4243 46.9308 0.3042	
22.016839 294.001695	6.63e-01  9.90e-01  3.97e+05	24.1687 93.1195 0.6559	
22.016839 294.001695	7.41e-01  9.43e-01  3.92e+05	-10.8623 97.3212 0.9972	
22.016839 294.001695	3.68e-01  8.19e-01  4.82e+05	-18.3137 53.6280 0.2531	
22.016839 294.001695	4.25e-01  7.91e-01  4.75e+05	33.1525 50.7830 0.2984	
22.016839 294.001695	8.37e-01  8.73e-01  3.89e+05	-0.0485 99.2487 0.1452	
22.016839 294.001695	4.98e-01  8.62e-01  4.46e+05	-31.6587 68.7718 0.7886	
22.016839 294.001695	5.43e-01  7.34e-01  4.63e+05	-2.6661 67.5896 0.4045	
22.016839 294.001695	6.02e-01  7.45e-01  4.49e+05	-14.2152 73.1969 0.2138	
22.016839 294.001695	6.58e-01  7.99e-01  4.29e+05	20.7859 81.0534 0.2703	
22.016839 294.001695	6.49e-01  7.43e-01  4.40e+05	2.3463 78.4744 0.9405	
22.016839 294.001695	8.31e-01  8.50e-01  3.93e+05	-4.5196 97.6417 0.3213	
22.016839 294.001695	5.46e-01  9.59e-01  4.20e+05	12.0284 86.2963 0.2485	
22.016839 294.001695	6.48e-01  8.28e-01  4.25e+05	9.6152 84.5038 0.3405	
22.016839 294.001695	4.83e-01  8.90e-01  4.44e+05	-18.3451 74.6501 0.1529	
22.016839 294.001695	7.63e-01  9.74e-01  3.85e+05	31.4847 95.5725 0.9759	
22.016839 294.001695	7.34e-01  7.51e-01  4.24e+05	39.6197 75.9999 0.0265	
22.016839 294.001695	6.17e-01  7.68e-01  4.42e+05	-14.7080 76.4637 0.5536	
22.016839 294.001695	4.81e-01  7.19e-01  4.79e+05	-24.0642 53.2927 0.5495	
22.016839 294.001695	6.82e-01  9.27e-01  4.04e+05	21.0247 91.3348 0.6235	
22.016839 294.001695	5.20e-01  7.91e-01  4.56e+05	-2.7439 71.1277 0.0503	
22.016839 294.001695	5.68e-01  6.74e-01  4.70e+05	14.4055 62.1610 0.2754	
22.016839 294.001695	5.49e-01  9.01e-01  4.30e+05	-33.3342 76.1722 0.7856	
22.016839 294.001695	6.06e-01  7.17e-01  4.53e+05	-11.8024 71.3607 0.2520	
22.016839 294.001695	4.49e-01  7.66e-01  4.76e+05	-34.6091 49.5420 0.4600	
22.016839 294.001695	5.28e-01  7.82e-01  4.56e+05	-34.2039 62.2465 0.3790	
22.016839 294.001695	3.95e-01  7.80e-01  4.84e+05	-0.6751 55.0296 0.6487	
22.016839 294.001695	6.10e-01  8.78e-01  4.23e+05	38.7436 76.7324 0.5378	
22.016839 294.001695	5.00e-01  7.34e-01  4.72e+05	-3.1731 62.6260 0.0466	
22.016839 294.001695	5.64e-01  7.17e-01  4.62e+05	-6.3235 67.7957 0.1082	
22.016839 294.001695	5.96e-01  7.06e-01  4.58e+05	28.1642 64.3850 0.3057	
22.016839 294.001695	6.66e-01  8.28e-01  4.22e+05	2.0518 86.2931 0.6782	
22.016839 294.001695	6.57e-01  7.72e-01  4.34e+05	24.5113 77.7571 0.8810	
22.016839 294.001695	3.93e-01  8.71e-01  4.65e+05	13.7295 64.7728 0.9161	
22.016839 294.001695	6.19e-01  8.01e-01  4.35e+05	-55.1818 58.9785 0.5561	
22.016839 294.001695	5.65e-01  6.90e-01  4.67e+05	3.5352 65.0753 0.9501	
22.016839 294.001695	4.67e-01  8.07e-01  4.63e+05	-16.1732 65.2913 0.6124	
22.016839 294.001695	3.53e-01  9.13e-01  4.65e+05	3.6385 66.4354 0.4888	
22.016839 294.001695	7.00e-01  9.05e-01  4.04e+05	-2.4196 93.4417 0.3162	
22.016839 294.001695	5.45e-01  8.97e-01  4.31e+05	12.3064 81.5727 0.8781	
22.016839 294.001695	6.15e-01  8.64e-01  4.25e+05	3.4235 85.1840 0.3385	
22.016839 294.001695	6.59e-01  7.80e-01  4.32e+05	-17.2814 80.4665 0.8130	
22.016839 294.001695	6.48e-01  8.02e-01  4.30e+05	13.4440 82.0487 0.7058	
22.016839 294.001695	5.05e-01  8.58e-01  4.46e+05	-11.7435 75.0492 0.5435	
22.016839 294.001695	4.90e-01  8.54e-01  4.49e+05	0.3652 74.3004 0.7473	
22.016839 294.001695	7.11e-01  8.52e-01  4.11e+05	27.6662 86.5988 0.8561	
22.016839 294.001695	4.66e-01  8.88e-01  4.48e+05	16.6021 73.3251 0.2711	
22.016839 294.001695	6.11e-01  7.17e-01  4.52e+05	-41.2672 60.0591 0.1041	
22.016839 294.001695	4.10e-01  9.11e-01  4.54e+05	11.4298 71.2148 0.9786	
22.016839 294.001695	4.38e-01  8.96e-01  4.51e+05	19.1204 70.8866 0.9960	
22.016839 294.001695	5.90e-01  7.23e-01  4.56e+05	6.3371 71.0268 0.6027	
22.016839 294.001695	6.05e-01  8.44e-01  4.30e+05	17.7425 81.1415 0.5323	
22.016839 294.001695	7.18e-01  8.86e-01  4.04e+05	40.6850 84.1271 0.9169	
22.016839 294.001695	4.60e-01  7.37e-01  4.79e+05	-1.7721 58.0656 0.7040	
22.016839 294.001695	5.66e-01  7.39e-01  4.57e+05	9.7080 69.9347 0.2937	
22.016839 294.001695	6.16e-01  7.32e-01  4.49e+05	23.8423 70.7401 0.8133	
22.016839 294.001695	7.05e-01  7.38e-01  4.31e+05	23.4276 79.2371 0.5710	
22.016839 294.001695	5.59e-01  7.27e-01  4.61e+05	19.7386 65.7426 0.4396	
22.016839 294.001695	4.54e-01  7.55e-01  4.77e+05	-13.7517 58.1264 0.7695	
22.016839 294.001695	6.21e-01  8.44e-01  4.27e+05	4.6697 84.1418 0.2220	
22.016839 294.001695	7.21e-01  7.98e-01  4.18e+05	7.3000 87.7644 0.5898	
22.016839 294.001695	6.70e-01  8.42e-01  4.19e+05	-17.6748 85.7463 0.0210	
22.016839 294.001695	4.47e-01  7.73e-01  4.75e+05	-27.0426 54.6955 0.9673	
22.016839 294.001695	6.52e-01  7.33e-01  4.42e+05	27.8777 72.7020 0.3172	
22.016839 294.001695	7.64e-01  8.78e-01  3.99e+05	-23.1784 92.7404 0.8410	
22.016839 294.001695	4.68e-01  7.56e-01  4.74e+05	13.0616 60.0852 0.7122	
22.016839 294.001695	3.93e-01  9.18e-01  4.56e+05	-6.3924 70.8329 0.2290	
22.016839 294.001695	5.20e-01  6.43e-01  4.87e+05	1.6221 53.2248 0.4989	
22.016839 294.001695	6.09e-01  6.96e-01  4.57e+05	-7.6387 70.0700 0.1157	
22.016839 294.001695	5.62e-01  9.19e-01  4.25e+05	-27.6123 80.8096 0.0673	
22.016839 294.001695	5.67e-01  7.75e-01  4.50e+05	17.4565 72.0819 0.5673	
22.016839 294.001695	5.98e-01  7.90e-01  4.41e+05	-9.3139 77.6368 0.3020	
22.016839 294.001695	4.45e-01  8.91e-01  4.51e+05	15.2974 71.9205 0.9517	
22.016839 294.001695	4.78e-01  7.32e-01  4.77e+05	-0.4444 59.8009 0.0148	
22.016839 294.001695	5.90e-01  8.30e-01  4.35e+05	7.3552 80.4818 0.1147	
22.016839 294.001695	4.79e-01  7.95e-01  4.63e+05	-9.7356 66.6924 0.3045	
22.016839 294.001695	7.54e-01  8.59e-01  4.03e+05	-27.3745 89.8810 0.6512	
22.016839 294.001695	5.49e-01  8.85e-01  4.33e+05	30.8417 75.9556 0.8350	
22.016839 294.001695	5.63e-01  7.74e-01  4.51e+05	-22.2492 70.2236 0.9943	
22.016839 294.001695	5.90e-01  8.48e-01  4.32e+05	30.0426 76.5127 0.4075	
22.016839 294.001695	7.04e-01  7.70e-01  4.26e+05	1.3157 84.8999 0.3370	
22.016839 294.001695	5.74e-01  7.29e-01  4.57e+05	24.1936 66.0601 0.3621	
22.016839 294.001695	3.17e-01  9.50e-01  4.65e+05	-5.3911 66.3122 0.7988	
22.016839 294.001695	6.59e-01  8.21e-01  4.25e+05	1.2658 85.3414 0.6736	
22.016839 294.001695	5.80e-01  7.88e-01  4.45e+05	20.1822 73.7697 0.9843	
22.016839 294.001695	6.32e-01  8.62e-01  4.22e+05	45.6093 73.2944 0.0037	
22.016839 294.001695	5.17e-01  7.98e-01  4.55e+05	-7.6402 71.1170 0.1681	
22.016839 294.001695	6.93e-01  7.58e-01  4.30e+05	13.9420 82.0872 0.8110	
22.016839 294.001695	5.70e-01  7.25e-01  4.59e+05	-8.7820 69.0318 0.9563	
22.016839 294.001695	5.56e-01  7.98e-01  4.48e+05	2.0396 75.1114 0.5843	
22.016839 294.001695	7.02e-01  7.69e-01  4.26e+05	-12.9734 83.6836 0.1320	
22.016839 294.001695	3.83e-01  7.58e-01  4.92e+05	8.3389 49.0533 0.6034	
22.016839 294.001695	5.51e-01  8.08e-01  4.46e+05	5.7387 75.4972 0.7731	
22.016839 294.001695	5.40e-01  8.75e-01  4.36e+05	5.3134 80.1869 0.8958	
22.016839 294.001695	5.39e-01  7.81e-01  4.54e+05	4.0608 71.9057 0.8880	
22.016839 294.001695	7.36e-01  7.99e-01  4.16e+05	-23.5864 85.9248 0.6249	
22.016839 294.001695	6.32e-01  8.68e-01  4.22e+05	-22.8071 83.6344 0.7460	
22.016839 294.001695	4.35e-01  9.27e-01  4.46e+05	15.9813 74.1770 0.4446	
22.016839 294.001695	6.10e-01  6.76e-01  4.61e+05	19.9239 65.6587 0.3619	
22.016839 294.001695	5.87e-01  8.49e-01  4.32e+05	14.4315 80.8420 0.5551	
22.016839 294.001695	6.86e-01  8.97e-01  4.08e+05	-34.7379 85.3690 0.6092	
22.016839 294.001695	6.88e-01  7.68e-01  4.29e+05	-16.4897 81.8903 0.9475	
22.016839 294.001695	5.73e-01  7.09e-01  4.62e+05	-16.6904 66.0141 0.0644	
22.016839 294.001695	5.73e-01  7.27e-01  4.58e+05	13.9265 68.6940 0.1775	
22.016839 294.001695	5.17e-01  7.97e-01  4.55e+05	-38.5827 60.2135 0.0374	
22.016839 294.001695	5.54e-01  8.84e-01  4.32e+05	-30.0224 76.5507 0.4797	
22.016839 294.001695	6.44e-01  6.54e-01  4.58e+05	-35.5467 60.1297 0.4989	
22.016839 294.001695	5.72e-01  6.74e-01  4.69e+05	-17.1429 61.8788 0.2021	
22.016839 294.001695	6.07e-01  8.38e-01  4.31e+05	-1.1322 82.7226 0.5695	
22.016839 294.001695	5.47e-01  7.82e-01  4.52e+05	12.1832 71.8407 0.9103	
22.016839 294.001695	6.32e-01  9.41e-01  4.09e+05	25.6568 87.9187 0.1304	
22.016839 294.001695	4.81e-01  9.30e-01  4.37e+05	-44.4774 66.6637 0.6671	
22.016839 294.001695	5.14e-01  9.59e-01  4.26e+05	8.9289 84.3357 0.9783	
22.016839 294.001695	5.15e-01  8.91e-01  4.38e+05	16.6455 77.8793 0.4170	
22.016839 294.001695	4.54e-01  7.59e-01  4.76e+05	28.9537 52.7219 0.3232	
22.016839 294.001695	6.04e-01  6.90e-01  4.59e+05	24.6399 64.9990 0.5900	
22.016839 294.001695	6.44e-01  7.40e-01  4.42e+05	-13.4224 76.6860 0.3552	
22.016839 294.001695	4.77e-01  7.66e-01  4.70e+05	-27.2707 57.7107 0.6007	
22.016839 294.001695	5.12e-01  6.36e-01  4.91e+05	-24.8628 44.3225 0.9103	
22.016839 294.001695	4.75e-01  8.75e-01  4.48e+05	-6.0365 74.6445 0.1508	
22.016839 294.001695	4.58e-01  8.32e-01  4.60e+05	8.9847 68.4436 0.3379	
22.016839 294.001695	6.20e-01  8.25e-01  4.31e+05	26.1974 78.4580 0.1802	
22.016839 294.001695	5.85e-01  8.11e-01  4.40e+05	-3.1856 78.8020 0.7940	
22.016839 294.001695	5.36e-01  8.48e-01  4.42e+05	25.7325 73.4362 0.3934	
22.016839 294.001695	5.39e-01  7.49e-01  4.60e+05	7.6648 68.4170 0.7887	
22.016839 294.001695	6.28e-01  7.20e-01  4.49e+05	-16.9553 72.7033 0.7914	
22.016839 294.001695	5.47e-01  7.76e-01  4.54e+05	15.9620 70.5462 0.3776	
22.016839 294.001695	5.79e-01  7.14e-01  4.59e+05	11.2263 68.4467 0.6874	
22.016839 294.001695	7.79e-01  9.58e-01  3.85e+05	19.4461 98.7182 0.5493	
22.016839 294.001695	4.52e-01  8.56e-01  4.56e+05	-9.6270 70.2030 0.1393	
22.016839 294.001695	5.99e-01  8.63e-01  4.28e+05	-40.2880 73.7007 0.0639	
22.016839 294.001695	4.19e-01  9.53e-01  4.44e+05	-33.0634 69.3881 0.8437	
22.016839 294.001695	5.71e-01  7.93e-01  4.46e+05	-23.7634 72.3014 0.7576	
22.016839 294.001695	4.78e-01  9.72e-01  4.30e+05	24.3585 79.4310 0.6916	
22.016839 294.001695	6.59e-01  8.46e-01  4.21e+05	-5.2686 86.9071 0.3342	
22.016839 294.001695	5.83e-01  7.33e-01  4.55e+05	-4.3418 71.5410 0.9587	
22.016839 294.001695	4.78e-01  7.03e-01  4.83e+05	-13.7252 54.1351 0.6371	
22.016839 294.001695	7.27e-01  7.54e-01  4.25e+05	44.7823 72.7298 0.1545	
22.016839 294.001695	7.40e-01  9.47e-01  3.92e+05	-26.3297 94.4694 0.2733	
22.016839 294.001695	5.53e-01  8.85e-01  4.32e+05	-22.2454 79.1294 0.8118	
22.016839 294.001695	7.18e-01  8.93e-01  4.03e+05	4.0388 93.7425 0.7034	
22.016839 294.001695	5.03e-01  7.61e-01  4.65e+05	8.6704 65.6220 0.7416	
22.016839 294.001695	5.68e-01  8.36e-01  4.38e+05	-11.5436 78.6301 0.7764	
22.016839 294.001695	5.84e-01  8.32e-01  4.36e+05	-10.2631 79.8740 0.2955	
22.016839 294.001695	7.50e-01  9.19e-01  3.95e+05	-9.0190 96.6605 0.9384	
22.016839 294.001695	4.84e-01  8.26e-01  4.56e+05	9.2535 70.4976 0.2701	
22.016839 294.001695	5.29e-01  9.39e-01  4.27e+05	26.8416 80.0268 0.1712	
22.016839 294.001695	6.57e-01  7.97e-01  4.29e+05	13.2049 82.3557 0.6289	
22.016839 294.001695	5.18e-01  7.80e-01  4.58e+05	4.3774 69.7617 0.1060	
22.016839 294.001695	5.48e-01  7.56e-01  4.57e+05	-12.6813 69.2216 0.0321	
22.016839 294.001695	7.06e-01  8.76e-01  4.08e+05	-43.0414 81.3825 0.9289	
22.016839 294.001695	7.67e-01  8.43e-01  4.04e+05	-2.1886 93.7517 0.1381	
22.016839 294.001695	4.37e-01  8.44e-01  4.62e+05	30.7545 60.8493 0.7874	
22.016839 294.001695	5.56e-01  8.60e-01  4.36e+05	18.5548 78.3515 0.6110	
22.016839 294.001695	6.92e-01  9.45e-01  3.99e+05	-18.1158 93.6038 0.1442	
22.016839 294.001695	6.47e-01  7.22e-01  4.45e+05	-2.4312 76.4618 0.4899	
22.016839 294.001695	6.72e-01  7.46e-01  4.36e+05	-15.7800 79.0575 0.3746	
22.016839 294.001695	5.29e-01  8.25e-01  4.48e+05	-10.6453 74.4315 0.2191	
22.016839 294.001695	5.81e-01  7.61e-01  4.50e+05	-17.2830 72.0939 0.7819	
22.016839 294.001695	5.67e-01  6.35e-01  4.78e+05	9.9391 57.8655 0.6160	
22.016839 294.001695	6.86e-01  9.68e-01  3.97e+05	9.5512 95.8112 0.6500	
22.016839 294.001695	3.92e-01  8.65e-01  4.67e+05	13.3405 64.1376 0.4921	
22.016839 294.001695	5.65e-01  6.69e-01  4.72e+05	4.3111 62.5926 0.0621	
22.016839 294.001695	7.10e-01  8.62e-01  4.10e+05	-3.1556 91.4057 0.9010	
22.016839 294.001695	4.79e-01  7.87e-01  4.65e+05	-14.6262 64.8231 0.1328	
22.016839 294.001695	7.15e-01  8.14e-01  4.17e+05	-1.0034 88.7019 0.9340	
22.016839 294.001695	6.44e-01  7.74e-01  4.36e+05	3.9849 80.5318 0.0767	
22.016839 294.001695	6.20e-01  8.13e-01  4.33e+05	25.1170 77.9024 0.3176	
22.016839 294.001695	4.74e-01  6.20e-01  5.03e+05	-23.5585 33.6731 0.4040	
22.016839 294.001695	6.30e-01  8.50e-01  4.25e+05	8.1072 84.9564 0.1671	
22.016839 294.001695	5.73e-01  9.04e-01  4.25e+05	10.8714 84.4520 0.3940	
22.016839 294.001695	6.03e-01  8.66e-01  4.27e+05	33.0334 77.8803 0.0694	
22.016839 294.001695	4.80e-01  8.79e-01  4.46e+05	34.5345 67.3892 0.9309	
22.016839 294.001695	4.96e-01  7.00e-01  4.80e+05	-19.9103 54.3379 0.1982	
22.016839 294.001695	5.03e-01  7.39e-01  4.70e+05	34.5895 53.4924 0.3399	
22.016839 294.001695	4.23e-01  7.02e-01  4.96e+05	0.7446 47.0659 0.8531	
22.016839 294.001695	7.23e-01  8.67e-01  4.07e+05	43.7957 81.5829 0.9610	
22.016839 294.001695	7.47e-01  8.57e-01  4.05e+05	35.8103 86.3002 0.5068	
22.016839 294.001695	5.94e-01  8.36e-01  4.34e+05	5.0496 81.4479 0.0692	
22.016839 294.001695	6.25e-01  7.41e-01  4.45e+05	-42.6747 63.2120 0.8003	
22.016839 294.001695	4.94e-01  6.50e-01  4.91e+05	-6.3794 50.0059 0.7093	
22.016839 294.001695	7.00e-01  9.28e-01  4.01e+05	8.6253 94.4461 0.8006	
22.016839 294.001695	3.81e-01  8.60e-01  4.70e+05	17.0630 61.2787 0.5903	
22.016839 294.001695	5.83e-01  9.32e-01  4.19e+05	2.2300 87.7254 0.4292	
22.016839 294.001695	7.72e-01  8.17e-01  4.07e+05	17.7288 90.7680 0.0188	
22.016839 294.001695	8.22e-01  8.96e-01  3.88e+05	61.7902 78.2570 0.9569	
22.016839 294.001695	5.56e-01  7.61e-01  4.55e+05	-8.8168 71.2575 0.7324	
22.016839 294.001695	5.20e-01  8.92e-01  4.37e+05	-14.7306 78.7418 0.6855	
22.016839 294.001695	3.33e-01  8.81e-01  4.76e+05	8.0728 59.7444 0.5547	
22.016839 294.001695	6.27e-01  8.63e-01  4.23e+05	2.8304 86.0413 0.8164	
22.016839 294.001695	4.99e-01  7.26e-01  4.73e+05	6.9205 61.3655 0.3836	
22.016839 294.001695	5.95e-01  6.93e-01  4.60e+05	-40.3432 55.8139 0.2231	
22.016839 294.001695	5.88e-01  7.52e-01  4.50e+05	-37.5724 63.7496 0.8791	
22.016839 294.001695	5.11e-01  7.75e-01  4.61e+05	-2.7256 68.4723 0.5956	
22.016839 294.001695	4.81e-01  7.53e-01  4.72e+05	-22.4559 58.5302 0.1278	
22.016839 294.001695	6.92e-01  7.73e-01  4.27e+05	5.8956 84.1114 0.6036	
22.016839 294.001695	5.47e-01  6.29e-01  4.84e+05	20.8267 51.0444 0.0632	
22.016839 294.001695	4.87e-01  6.33e-01  4.97e+05	-2.2132 46.0745 0.8596	
22.016839 294.001695	6.54e-01  9.07e-01  4.11e+05	-9.3597 90.3205 0.3755	
22.016839 294.001695	6.93e-01  7.87e-01  4.25e+05	31.4618 79.3241 0.6029	
22.016839 294.001695	7.17e-01  8.78e-01  4.06e+05	6.3902 92.6500 0.5503	
22.016839 294.001695	5.68e-01  7.44e-01  4.56e+05	-13.6242 70.0027 0.8489	
22.016839 294.001695	3.82e-01  8.15e-01  4.79e+05	17.7202 55.3416 0.8561	
22.016839 294.001695	7.55e-01  8.96e-01  3.97e+05	10.7128 95.5353 0.4439	
22.016839 294.001695	3.10e-01  8.94e-01  4.78e+05	-8.1469 58.4799 0.3013	
22.016839 294.001695	6.13e-01  8.84e-01  4.22e+05	-3.0992 86.4707 0.7793	
22.016839 294.001695	5.61e-01  6.81e-01  4.70e+05	22.6613 59.5893 0.9197	
22.016839 294.001695	5.67e-01  9.56e-01  4.18e+05	-5.5670 88.1323 0.9470	
22.016839 294.001695	5.01e-01  6.86e-01  4.81e+05	-17.3442 54.1420 0.5924	
22.016839 294.001695	6.65e-01  8.12e-01  4.25e+05	-24.6949 81.4306 0.2897	
22.016839 294.001695	7.78e-01  8.50e-01  4.01e+05	-9.5729 94.3562 0.1772	
22.016839 294.001695	5.88e-01  8.77e-01  4.27e+05	-12.3707 83.3561 0.6646	
22.016839 294.001695	7.56e-01  8.15e-01  4.10e+05	25.3969 87.8012 0.3413	
22.016839 294.001695	5.30e-01  8.96e-01  4.34e+05	32.3925 74.5526 0.3884	
22.016839 294.001695	2.50e-01  9.39e-01  4.81e+05	21.6015 52.8502 0.8229	
22.016839 294.001695	7.42e-01  9.18e-01  3.96e+05	-0.6352 96.5862 0.9464	
22.016839 294.001695	3.93e-01  8.42e-01  4.71e+05	12.4603 61.6374 0.8780	
22.016839 294.001695	6.82e-01  8.67e-01  4.13e+05	22.6538 87.1816 0.4529	
22.016839 294.001695	4.85e-01  7.47e-01  4.72e+05	-0.1291 62.5110 0.1099	
22.016839 294.001695	4.33e-01  8.25e-01  4.66e+05	-0.9752 65.5982 0.5790	
22.016839 294.001695	6.10e-01  7.20e-01  4.52e+05	-7.7622 72.5655 0.2240	
22.016839 294.001695	6.38e-01  6.95e-01  4.52e+05	-6.1727 72.9773 0.1549	
22.016839 294.001695	4.72e-01  7.73e-01  4.69e+05	-23.7744 59.5866 0.6235	
22.016839 294.001695	4.69e-01  6.74e-01  4.91e+05	-3.3539 50.0678 0.8866	
22.016839 294.001695	6.59e-01  8.20e-01  4.25e+05	-15.2875 83.9273 0.8608	
22.016839 294.001695	6.37e-01  8.97e-01  4.16e+05	6.9208 88.7515 0.1922	
22.016839 294.001695	7.19e-01  8.74e-01  4.06e+05	-19.4705 90.6856 0.5279	
22.016839 294.001695	6.24e-01  6.43e-01  4.65e+05	-16.2766 64.6060 0.1590	
22.016839 294.001695	7.83e-01  8.60e-01  3.99e+05	24.8136 92.3986 0.4627	
22.016839 294.001695	4.98e-01  7.12e-01  4.77e+05	-1.0129 59.8529 0.1840	
22.016839 294.001695	4.04e-01  8.46e-01  4.68e+05	20.8881 61.1842 0.6889	
22.016839 294.001695	6.07e-01  7.19e-01  4.53e+05	13.7932 71.2497 0.1382	
22.016839 294.001695	5.09e-01  6.96e-01  4.78e+05	-22.4983 54.6614 0.7208	
22.016839 294.001695	6.28e-01  9.57e-01  4.07e+05	8.6575 91.9052 0.9395	
22.016839 294.001695	5.12e-01  6.55e-01  4.86e+05	14.7035 51.7294 0.2478	
22.016839 294.001695	7.10e-01  8.67e-01  4.09e+05	44.0445 80.4938 0.0572	
22.016839 294.001695	6.74e-01  8.20e-01  4.22e+05	2.4000 86.2750 0.5886	
22.016839 294.001695	4.51e-01  6.55e-01  5.00e+05	15.9132 40.3733 0.3589	
22.016839 294.001695	4.84e-01  7.23e-01  4.77e+05	13.1381 58.0329 0.4024	
22.016839 294.001695	5.22e-01  9.22e-01  4.31e+05	7.8217 82.2715 0.2422	
22.016839 294.001695	8.10e-01  9.42e-01  3.83e+05	31.7482 96.3029 0.0869	
22.016839 294.001695	5.45e-01  6.76e-01  4.74e+05	-41.5563 44.9955 0.6878	
22.016839 294.001695	5.29e-01  8.23e-01  4.48e+05	40.9439 62.9575 0.0026	
22.016839 294.001695	4.42e-01  8.36e-01  4.63e+05	11.0877 66.7866 0.7590	
22.016839 294.001695	3.98e-01  8.47e-01  4.69e+05	-23.9710 59.4736 0.3387	
22.016839 294.001695	5.25e-01  9.51e-01  4.26e+05	-15.1222 83.6490 0.8741	
22.016839 294.001695	5.90e-01  8.81e-01  4.26e+05	-36.8346 76.2226 0.7969	
22.016839 294.001695	6.05e-01  8.32e-01  4.32e+05	-8.2448 81.7256 0.8120	
22.016839 294.001695	5.22e-01  7.60e-01  4.62e+05	29.9383 61.2995 0.4794	
22.016839 294.001695	4.16e-01  9.16e-01  4.52e+05	-7.6452 72.7715 0.3757	
22.016839 294.001695	6.56e-01  7.88e-01  4.31e+05	-0.8175 82.6914 0.9531	
22.016839 294.001695	4.62e-01  8.04e-01  4.65e+05	30.5183 58.9899 0.8251	
22.016839 294.001695	6.69e-01  8.81e-01  4.13e+05	1.3752 90.0697 0.5662	
22.016839 294.001695	7.01e-01  8.91e-01  4.06e+05	-24.1663 89.5187 0.1270	
22.016839 294.001695	6.25e-01  8.60e-01  4.24e+05	-34.8347 78.2503 0.2984	
22.016839 294.001695	6.74e-01  7.43e-01  4.36e+05	-11.4402 79.7477 0.1731	
22.016839 294.001695	6.76e-01  7.54e-01  4.34e+05	34.9985 73.7074 0.1379	
22.016839 294.001695	4.86e-01  8.19e-01  4.57e+05	-47.0418 52.5881 0.0244	
22.016839 294.001695	5.44e-01  7.56e-01  4.58e+05	-2.6641 70.0104 0.4799	
22.016839 294.001695	6.35e-01  8.91e-01  4.17e+05	-49.7823 73.1790 0.7418	
22.016839 294.001695	6.13e-01  8.63e-01  4.25e+05	18.9252 82.9168 0.3903	
22.016839 294.001695	7.21e-01  8.35e-01  4.12e+05	3.7018 90.3638 0.4338	
22.016839 294.001695	5.73e-01  7.68e-01  4.50e+05	-29.9023 67.8007 0.4136	
22.016839 294.001695	6.12e-01  7.25e-01  4.51e+05	7.5802 73.2730 0.3066	
22.016839 294.001695	6.57e-01  9.04e-01  4.11e+05	3.5778 90.7624 0.9849	
22.016839 294.001695	5.89e-01  7.44e-01  4.51e+05	12.3222 72.2827 0.6928	
22.016839 294.001695	6.56e-01  8.61e-01  4.19e+05	17.5572 86.1318 0.7121	
22.016839 294.001695	7.06e-01  9.13e-01  4.02e+05	-17.2050 92.7119 0.7128	
22.016839 294.001695	7.98e-01  8.74e-01  3.94e+05	-6.4206 97.0985 0.9115	
22.016839 294.001695	6.16e-01  8.88e-01  4.21e+05	-0.2759 86.9941 0.6772	
22.016839 294.001695	6.35e-01  7.81e-01  4.36e+05	32.4012 73.7164 0.6578	
22.016839 294.001695	6.25e-01  6.94e-01  4.54e+05	19.4709 69.3031 0.7415	
22.016839 294.001695	5.09e-01  7.75e-01  4.61e+05	7.2166 67.9581 0.6400	
22.016839 294.001695	6.59e-01  7.90e-01  4.30e+05	2.7475 82.9827 0.3862	
22.016839 294.001695	6.50e-01  8.06e-01  4.29e+05	-1.4668 83.5464 0.9263	
22.016839 294.001695	4.89e-01  7.46e-01  4.71e+05	0.6721 62.9197 0.8845	
22.016839 294.001695	6.49e-01  7.79e-01  4.34e+05	14.3726 80.1477 0.0137	
22.016839 294.001695	5.29e-01  7.22e-01  4.68e+05	-17.8866 62.1608 0.0481	
22.016839 294.001695	5.78e-01  7.18e-01  4.59e+05	18.7758 67.0594 0.1585	
22.016839 294.001695	5.07e-01  8.05e-01  4.56e+05	2.1122 71.2735 0.5575	
22.016839 294.001695	6.29e-01  8.32e-01  4.28e+05	15.9150 82.4224 0.4732	
22.016839 294.001695	7.75e-01  9.33e-01  3.89e+05	3.2809 99.0999 0.0552	
22.016839 294.001695	7.58e-01  8.69e-01  4.01e+05	-40.3620 85.7191 0.5321	
22.016839 294.001695	4.46e-01  7.63e-01  4.77e+05	-4.4046 59.4112 0.3692	
22.016839 294.001695	6.58e-01  7.18e-01  4.44e+05	31.6742 70.2905 0.8902	
22.016839 294.001695	5.88e-01  9.72e-01  4.12e+05	22.8445 87.7783 0.6915	
22.016839 294.001695	6.30e-01  8.27e-01  4.29e+05	-15.4452 82.2373 0.2466	
22.016839 294.001695	5.95e-01  7.23e-01  4.54e+05	0.6887 71.8337 0.5131	
22.016839 294.001695	7.01e-01  9.51e-01  3.97e+05	20.3515 93.9797 0.0757	
22.016839 294.001695	6.73e-01  8.70e-01  4.14e+05	-14.1607 88.5383 0.3417	
22.016839 294.001695	4.84e-01  7.97e-01  4.62e+05	10.2100 67.2983 0.6948	
22.016839 294.001695	5.73e-01  8.44e-01  4.36e+05	6.4132 80.3016 0.9676	
22.016839 294.001695	6.05e-01  8.08e-01  4.37e+05	2.8503 80.1999 0.0353	
22.016839 294.001695	4.18e-01  8.55e-01  4.64e+05	12.4507 66.0229 0.5336	
22.016839 294.001695	5.77e-01  7.33e-01  4.56e+05	4.8094 70.8458 0.4694	
22.016839 294.001695	6.29e-01  7.62e-01  4.41e+05	-16.9800 76.5369 0.2934	
22.016839 294.001695	4.72e-01  8.87e-01  4.47e+05	-31.0188 68.9849 0.4899	
22.016839 294.001695	6.98e-01  7.89e-01  4.24e+05	-28.0081 81.1650 0.1607	
22.016839 294.001695	5.06e-01  8.08e-01  4.55e+05	10.0163 70.7419 0.4700	
22.016839 294.001695	6.95e-01  7.22e-01  4.36e+05	-35.6830 72.2601 0.7615	
22.016839 294.001695	6.40e-01  6.59e-01  4.58e+05	16.9186 67.9160 0.7010	
22.016839 294.001695	6.89e-01  8.20e-01  4.20e+05	10.1897 86.7873 0.2538	
22.016839 294.001695	3.96e-01  8.39e-01  4.71e+05	-24.8762 57.7630 0.6826	
22.016839 294.001695	5.69e-01  8.15e-01  4.42e+05	35.3326 69.4258 0.3485	
22.016839 294.001695	3.99e-01  8.41e-01  4.70e+05	-4.6248 63.2806 0.0969	
22.016839 294.001695	5.73e-01  9.22e-01  4.22e+05	-7.0065 86.1209 0.2803	
22.016839 294.001695	6.40e-01  7.98e-01  4.32e+05	-49.6918 65.5084 0.4093	
22.016839 294.001695	5.74e-01  8.89e-01  4.28e+05	15.8297 82.6165 0.1656	
22.016839 294.001695	6.53e-01  8.36e-01  4.23e+05	1.0890 86.0086 0.0341	
22.016839 294.001695	6.47e-01  8.35e-01  4.24e+05	30.0569 80.0902 0.7373	
22.016839 294.001695	6.28e-01  9.76e-01  4.04e+05	43.2924 82.8142 0.6144	
22.016839 294.001695	4.73e-01  7.13e-01  4.82e+05	20.7240 52.6877 0.6390	
22.016839 294.001695	3.82e-01  8.01e-01  4.83e+05	-6.4050 55.8355 0.8111	
22.016839 294.001695	6.52e-01  9.04e-01  4.12e+05	-18.0336 88.6293 0.3769	
22.016839 294.001695	6.36e-01  8.23e-01  4.28e+05	43.2813 71.8066 0.9073	
22.016839 294.001695	7.13e-01  8.04e-01  4.19e+05	-26.7317 83.7455 0.9584	
22.016839 294.001695	6.73e-01  8.23e-01  4.22e+05	-10.0403 85.9127 0.9296	
22.016839 294.001695	6.45e-01  9.46e-01  4.07e+05	41.1953 82.9759 0.7595	
22.016839 294.001695	7.02e-01  9.57e-01  3.96e+05	8.6712 96.2080 0.4849	
22.016839 294.001695	5.50e-01  8.34e-01  4.42e+05	1.0021 77.8906 0.2076	
22.016839 294.001695	5.68e-01  6.92e-01  4.66e+05	18.4005 63.1897 0.8559	
22.016839 294.001695	4.47e-01  9.15e-01  4.46e+05	-9.5719 75.3812 0.4018	
22.016839 294.001695	4.98e-01  8.56e-01  4.48e+05	-8.4538 74.7186 0.5824	
22.016839 294.001695	4.51e-01  7.63e-01  4.76e+05	-17.3775 57.7989 0.6829	
22.016839 294.001695	5.57e-01  9.51e-01  4.20e+05	24.3138 83.8611 0.9112	
22.016839 294.001695	5.74e-01  8.18e-01  4.40e+05	-29.2512 72.8917 0.4198	
22.016839 294.001695	5.87e-01  7.73e-01  4.46e+05	-39.6395 64.6265 0.8637	
22.016839 294.001695	6.61e-01  9.51e-01  4.03e+05	-39.3551 85.2745 0.8385	
22.016839 294.001695	4.64e-01  8.13e-01  4.63e+05	20.4280 64.4475 0.6305	
22.016839 294.001695	5.59e-01  8.59e-01  4.36e+05	34.3582 72.9864 0.9351	
22.016839 294.001695	4.36e-01  7.38e-01  4.85e+05	3.3916 54.8061 0.7023	
22.016839 294.001695	7.02e-01  7.55e-01  4.29e+05	-8.2837 83.2173 0.9208	
22.016839 294.001695	5.57e-01  7.52e-01  4.56e+05	-6.9650 70.6790 0.9803	
22.016839 294.001695	3.18e-01  8.86e-01  4.78e+05	6.6438 58.6225 0.2908	
22.016839 294.001695	6.29e-01  8.53e-01  4.25e+05	6.0574 85.2283 0.0916	
22.016839 294.001695	5.26e-01  8.23e-01  4.48e+05	42.8587 61.2822 0.2491	
22.016839 294.001695	5.16e-01  8.94e-01  4.37e+05	8.1364 79.5428 0.5892	
22.016839 294.001695	5.24e-01  7.49e-01  4.64e+05	8.3004 66.6614 0.0160	
22.016839 294.001695	6.23e-01  8.62e-01  4.24e+05	11.3591 84.9423 0.1173	
22.016839 294.001695	5.52e-01  7.69e-01  4.54e+05	-0.0346 72.1365 0.2833	
22.016839 294.001695	5.43e-01  8.60e-01  4.38e+05	15.5690 77.9012 0.1908	
22.016839 294.001695	7.45e-01  8.82e-01  4.01e+05	-23.2847 91.8445 0.9917	
22.016839 294.001695	7.38e-01  8.26e-01  4.11e+05	-10.3254 90.3993 0.4422	
22.016839 294.001695	6.28e-01  7.68e-01  4.40e+05	7.0236 78.5793 0.3868	
22.016839 294.001695	6.42e-01  7.44e-01  4.42e+05	-3.4983 77.9194 0.5693	
22.016839 294.001695	8.86e-01  9.27e-01  3.75e+05	64.8068 81.6489 0.1514	
22.016839 294.001695	7.28e-01  9.11e-01  3.99e+05	-30.8897 90.2823 0.7083	
22.016839 294.001695	8.37e-01  9.41e-01  3.79e+05	7.7989 102.3271 0.7942	
22.016839 294.001695	5.38e-01  7.69e-01  4.57e+05	31.0055 63.6003 0.0684	
22.016839 294.001695	4.20e-01  9.76e-01  4.40e+05	12.4194 77.9291 0.8188	
22.016839 294.001695	4.82e-01  7.92e-01  4.63e+05	9.7955 66.5920 0.2054	
22.016839 294.001695	4.52e-01  8.13e-01  4.65e+05	-4.0651 66.1968 0.9919	
22.016839 294.001695	7.40e-01  8.20e-01  4.11e+05	23.7160 87.5797 0.9883	
22.016839 294.001695	6.09e-01  6.74e-01  4.62e+05	19.6377 65.3538 0.5207	
22.016839 294.001695	5.75e-01  8.11e-01  4.41e+05	2.7491 77.9852 0.1201	
22.016839 294.001695	6.21e-01  7.73e-01  4.40e+05	15.2969 77.2653 0.8583	
22.016839 294.001695	4.84e-01  8.89e-01  4.44e+05	-10.7176 76.1981 0.1955	
22.016839 294.001695	5.06e-01  8.79e-01  4.42e+05	-19.2661 75.5713 0.1501	
22.016839 294.001695	5.82e-01  8.79e-01  4.28e+05	-27.5155 79.3168 0.6160	
22.016839 294.001695	7.77e-01  8.96e-01  3.94e+05	-17.6646 95.6748 0.2104	
22.016839 294.001695	6.73e-01  7.12e-01  4.42e+05	33.0106 70.6058 0.7637	
22.016839 294.001695	6.78e-01  8.40e-01  4.18e+05	-5.4916 87.8098 0.0211	
22.016839 294.001695	5.44e-01  8.61e-01  4.38e+05	22.9446 76.2692 0.5170	
22.016839 294.001695	5.78e-01  7.41e-01  4.54e+05	-1.8283 71.9471 0.3602	
22.016839 294.001695	2.87e-01  9.49e-01  4.71e+05	3.7009 62.9464 0.2749	
22.016839 294.001695	3.63e-01  8.66e-01  4.73e+05	-29.5232 54.7220 0.8736	
22.016839 294.001695	6.67e-01  7.81e-01  4.30e+05	5.6575 82.8120 0.7125	
22.016839 294.001695	6.09e-01  7.73e-01  4.42e+05	13.7712 76.4243 0.1334	
22.016839 294.001695	5.19e-01  7.75e-01  4.59e+05	25.4831 64.6563 0.4189	
22.016839 294.001695	4.99e-01  9.03e-01  4.39e+05	4.2040 79.2064 0.5920	
22.016839 294.001695	4.33e-01  8.99e-01  4.52e+05	14.1406 71.8418 0.5312	
22.016839 294.001695	5.10e-01  8.91e-01  4.39e+05	-3.7028 79.2312 0.8525	
22.016839 294.001695	6.70e-01  7.68e-01  4.32e+05	-17.6430 80.2801 0.3196	
22.016839 294.001695	5.36e-01  7.71e-01  4.57e+05	11.1190 69.8321 0.1001	
22.016839 294.001695	6.76e-01  7.42e-01  4.36e+05	12.0132 79.7820 0.1893	
22.016839 294.001695	6.86e-01  9.19e-01  4.04e+05	-1.6737 93.4334 0.3042	
22.016839 294.001695	7.39e-01  8.23e-01  4.11e+05	23.2349 87.8303 0.1673	
22.016839 294.001695	5.47e-01  7.95e-01  4.50e+05	-19.7781 71.4229 0.6970	
22.016839 294.001695	6.59e-01  8.49e-01  4.20e+05	20.8892 84.7800 0.9180	
22.016839 294.001695	5.08e-01  7.99e-01  4.57e+05	-1.4130 70.6716 0.8032	
22.016839 294.001695	7.71e-01  8.11e-01  4.08e+05	39.0789 83.3748 0.4144	
22.016839 294.001695	6.33e-01  9.42e-01  4.09e+05	47.0758 78.6103 0.8343	
22.016839 294.001695	5.92e-01  7.67e-01  4.46e+05	-11.6530 74.8214 0.0657	
22.016839 294.001695	6.78e-01  7.03e-01  4.42e+05	-5.9653 77.4324 0.3066	
22.016839 294.001695	4.73e-01  7.97e-01  4.64e+05	-41.3190 52.7102 0.2733	
22.016839 294.001695	5.73e-01  6.56e-01  4.73e+05	-10.1257 61.3792 0.1969	
22.016839 294.001695	5.99e-01  6.82e-01  4.62e+05	-23.9671 63.7300 0.1486	
22.016839 294.001695	6.46e-01  7.15e-01  4.46e+05	-6.3112 75.6018 0.7708	
22.016839 294.001695	6.45e-01  7.88e-01  4.33e+05	32.3552 75.1897 0.0888	
22.016839 294.001695	6.51e-01  8.84e-01  4.15e+05	20.3948 86.7949 0.0053	
