9.566198 292.878725	4.19e-01  8.80e-01  4.73e+05	-0.0000 73.7341 0.5883	
9.566198 292.878725	5.99e-01  8.80e-01  4.39e+05	40.0486 80.4595 0.6813	
9.566198 292.878725	6.96e-01  9.66e-01  4.09e+05	-29.9270 97.4601 0.1855	
9.566198 292.878725	6.96e-01  7.33e-01  4.48e+05	7.2009 85.7075 0.2840	
9.566198 292.878725	6.39e-01  7.41e-01  4.57e+05	-6.2840 81.5442 0.2491	
9.566198 292.878725	6.51e-01  8.70e-01  4.31e+05	39.3154 84.2742 0.4824	
9.566198 292.878725	7.21e-01  9.38e-01  4.09e+05	31.3413 96.8964 0.1594	
9.566198 292.878725	7.08e-01  9.03e-01  4.16e+05	-25.3347 95.6746 0.1924	
9.566198 292.878725	6.18e-01  7.69e-01  4.56e+05	-10.6911 81.6440 0.6738	
9.566198 292.878725	5.38e-01  7.63e-01  4.73e+05	-19.2645 71.3805 0.4931	
9.566198 292.878725	6.49e-01  9.32e-01  4.21e+05	17.2628 95.4677 0.8697	
9.566198 292.878725	6.48e-01  8.02e-01  4.44e+05	-8.6886 87.2314 0.9510	
9.566198 292.878725	5.74e-01  8.64e-01  4.46e+05	14.1867 85.5309 0.2750	
9.566198 292.878725	6.84e-01  7.86e-01  4.40e+05	12.0324 88.3867 0.3807	
9.566198 292.878725	7.29e-01  8.54e-01  4.21e+05	24.1798 94.0827 0.2445	
9.566198 292.878725	6.07e-01  8.31e-01  4.46e+05	2.3350 86.6758 0.1632	
9.566198 292.878725	6.62e-01  8.16e-01  4.39e+05	-31.7359 84.0222 0.1835	
9.566198 292.878725	3.82e-01  7.43e-01  5.12e+05	8.1802 48.9559 0.0357	
9.566198 292.878725	4.97e-01  7.84e-01  4.77e+05	14.4445 70.3044 0.6883	
9.566198 292.878725	6.50e-01  8.06e-01  4.43e+05	-12.0609 87.2803 0.5733	
9.566198 292.878725	4.61e-01  6.76e-01  5.09e+05	-14.4181 49.6124 0.3091	
9.566198 292.878725	5.91e-01  8.28e-01  4.50e+05	-4.9310 84.9590 0.1993	
9.566198 292.878725	5.32e-01  8.56e-01  4.55e+05	4.2720 82.3209 0.1249	
9.566198 292.878725	4.81e-01  8.16e-01  4.73e+05	21.1727 70.4567 0.0118	
9.566198 292.878725	4.51e-01  7.45e-01  4.95e+05	-22.0832 56.9661 0.4955	
9.566198 292.878725	7.04e-01  7.88e-01  4.36e+05	32.9890 84.6657 0.9051	
9.566198 292.878725	5.81e-01  8.62e-01  4.45e+05	-8.0411 86.7325 0.2096	
9.566198 292.878725	3.98e-01  9.22e-01  4.69e+05	-10.2454 75.2529 0.7250	
9.566198 292.878725	5.68e-01  6.78e-01  4.84e+05	-33.3300 58.9121 0.0941	
9.566198 292.878725	4.52e-01  9.01e-01  4.62e+05	-8.9076 78.7169 0.4835	
9.566198 292.878725	6.37e-01  9.93e-01  4.13e+05	21.8096 97.6948 0.9535	
9.566198 292.878725	5.88e-01  7.67e-01  4.62e+05	-26.3753 74.8534 0.0652	
9.566198 292.878725	6.74e-01  8.12e-01  4.37e+05	-9.8854 89.8664 0.2585	
9.566198 292.878725	6.26e-01  9.57e-01  4.21e+05	24.7257 93.9766 0.8384	
9.566198 292.878725	7.16e-01  8.57e-01  4.23e+05	-13.7302 95.5423 0.5264	
9.566198 292.878725	5.71e-01  6.55e-01  4.89e+05	-7.4147 64.7152 0.3329	
9.566198 292.878725	6.52e-01  8.95e-01  4.27e+05	0.8250 94.7883 0.8947	
9.566198 292.878725	5.49e-01  7.88e-01  4.65e+05	21.0995 74.7435 0.6414	
9.566198 292.878725	5.66e-01  7.99e-01  4.60e+05	11.1628 79.6094 0.7769	
9.566198 292.878725	7.00e-01  8.41e-01  4.28e+05	7.8252 94.0334 0.2124	
9.566198 292.878725	5.43e-01  6.69e-01  4.92e+05	-19.1275 60.4255 0.2855	
9.566198 292.878725	6.09e-01  8.51e-01  4.42e+05	5.8834 88.2551 0.7725	
9.566198 292.878725	4.06e-01  7.33e-01  5.08e+05	-7.4424 51.6634 0.8460	
9.566198 292.878725	4.54e-01  8.17e-01  4.79e+05	5.9828 70.3668 0.6759	
9.566198 292.878725	5.92e-01  6.74e-01  4.80e+05	-8.7502 69.5092 0.6251	
9.566198 292.878725	6.10e-01  8.87e-01  4.35e+05	-50.1857 76.2287 0.7536	
9.566198 292.878725	4.50e-01  6.79e-01  5.11e+05	-7.2443 49.8714 0.2133	
9.566198 292.878725	5.13e-01  7.14e-01  4.88e+05	-3.6084 65.1967 0.0707	
9.566198 292.878725	6.77e-01  7.80e-01  4.43e+05	-14.0587 87.0730 0.0873	
9.566198 292.878725	6.45e-01  9.18e-01  4.24e+05	-48.9901 82.4133 0.8266	
9.566198 292.878725	6.23e-01  8.08e-01  4.47e+05	-26.1812 82.0703 0.5970	
9.566198 292.878725	5.62e-01  6.10e-01  5.01e+05	39.7841 41.5025 0.5604	
9.566198 292.878725	7.17e-01  9.67e-01  4.05e+05	49.8944 90.3592 0.0273	
9.566198 292.878725	6.74e-01  9.34e-01  4.17e+05	28.0757 94.6597 0.4407	
9.566198 292.878725	6.59e-01  7.68e-01  4.48e+05	-34.2460 78.6587 0.2662	
9.566198 292.878725	6.51e-01  8.97e-01  4.27e+05	16.3808 93.4132 0.2107	
9.566198 292.878725	5.44e-01  7.74e-01  4.69e+05	59.3517 46.9622 0.2886	
9.566198 292.878725	5.45e-01  5.86e-01  5.10e+05	-34.6381 37.0282 0.2412	
9.566198 292.878725	7.92e-01  8.99e-01  4.04e+05	-14.4738 102.6338 0.0738	
9.566198 292.878725	4.69e-01  9.08e-01  4.57e+05	-19.7532 79.0677 0.7273	
9.566198 292.878725	5.57e-01  8.25e-01  4.56e+05	-26.9345 77.3752 0.3825	
9.566198 292.878725	7.27e-01  7.89e-01  4.32e+05	28.0321 88.2629 0.5762	
9.566198 292.878725	4.81e-01  6.77e-01  5.04e+05	-19.0291 51.9525 0.7805	
9.566198 292.878725	5.72e-01  9.40e-01  4.33e+05	-14.5359 91.1650 0.8937	
9.566198 292.878725	7.25e-01  9.46e-01  4.07e+05	14.8963 101.4734 0.3060	
9.566198 292.878725	5.34e-01  7.41e-01  4.78e+05	-4.3052 70.9117 0.0230	
9.566198 292.878725	6.33e-01  7.32e-01  4.60e+05	-31.4991 73.9202 0.5009	
9.566198 292.878725	3.61e-01  8.96e-01  4.82e+05	-8.1807 68.5273 0.9597	
9.566198 292.878725	5.78e-01  7.31e-01  4.71e+05	-9.2484 74.2975 0.4875	
9.566198 292.878725	6.02e-01  9.91e-01  4.19e+05	-14.1905 96.7501 0.1379	
9.566198 292.878725	6.13e-01  8.35e-01  4.44e+05	8.4911 87.0731 0.9991	
9.566198 292.878725	4.29e-01  7.66e-01  4.96e+05	-5.6472 60.6178 0.1398	
9.566198 292.878725	6.24e-01  8.18e-01  4.45e+05	33.8936 80.0622 0.5256	
9.566198 292.878725	5.64e-01  7.22e-01  4.76e+05	-39.0130 60.9620 0.9273	
9.566198 292.878725	5.37e-01  8.53e-01  4.55e+05	15.0681 81.2164 0.6325	
9.566198 292.878725	5.07e-01  7.44e-01  4.83e+05	22.9509 64.3914 0.2859	
9.566198 292.878725	4.59e-01  8.29e-01  4.75e+05	-8.7280 72.0359 0.3449	
9.566198 292.878725	6.00e-01  7.42e-01  4.64e+05	19.4349 75.6930 0.8336	
9.566198 292.878725	7.93e-01  9.02e-01  4.04e+05	-1.5553 103.8133 0.9713	
9.566198 292.878725	5.68e-01  7.79e-01  4.63e+05	-2.1121 78.6625 0.6074	
9.566198 292.878725	5.35e-01  8.19e-01  4.62e+05	12.8800 78.2915 0.2262	
9.566198 292.878725	6.70e-01  9.01e-01  4.23e+05	38.0342 88.5427 0.3445	
9.566198 292.878725	4.24e-01  9.02e-01  4.68e+05	18.1769 74.3737 0.7707	
9.566198 292.878725	5.71e-01  8.05e-01  4.58e+05	-24.9356 77.5245 0.6526	
9.566198 292.878725	7.35e-01  8.72e-01  4.17e+05	-2.1314 98.6298 0.6312	
9.566198 292.878725	4.68e-01  6.95e-01  5.03e+05	-3.9828 56.0106 0.9753	
9.566198 292.878725	5.63e-01  9.59e-01  4.31e+05	7.2652 92.7693 0.2048	
9.566198 292.878725	7.19e-01  8.60e-01  4.22e+05	-7.2462 96.6202 0.9622	
9.566198 292.878725	6.09e-01  8.47e-01  4.43e+05	11.8077 87.2877 0.9985	
9.566198 292.878725	6.39e-01  7.99e-01  4.46e+05	-15.9767 85.1361 0.6965	
9.566198 292.878725	5.93e-01  8.69e-01  4.42e+05	15.6624 87.1521 0.6007	
9.566198 292.878725	5.03e-01  7.47e-01  4.83e+05	0.9162 68.2390 0.7471	
9.566198 292.878725	5.77e-01  8.46e-01  4.49e+05	45.2979 72.4256 0.8836	
9.566198 292.878725	5.30e-01  6.67e-01  4.95e+05	-22.8350 56.7629 0.5420	
9.566198 292.878725	5.57e-01  8.38e-01  4.54e+05	-10.6049 82.3865 0.6080	
9.566198 292.878725	4.89e-01  8.11e-01  4.73e+05	-6.7091 73.5325 0.7472	
9.566198 292.878725	6.98e-01  8.49e-01  4.27e+05	51.3406 79.5981 0.1224	
9.566198 292.878725	5.60e-01  8.69e-01  4.48e+05	5.7202 85.7234 0.7004	
9.566198 292.878725	6.07e-01  9.02e-01  4.33e+05	-22.1972 89.4076 0.7772	
9.566198 292.878725	5.32e-01  8.02e-01  4.66e+05	-29.3517 71.5586 0.2947	
9.566198 292.878725	5.76e-01  7.98e-01  4.58e+05	-40.9767 70.0608 0.1048	
9.566198 292.878725	5.69e-01  7.88e-01  4.61e+05	47.3730 63.9993 0.3864	
9.566198 292.878725	6.49e-01  8.21e-01  4.40e+05	32.6551 82.9939 0.7303	
9.566198 292.878725	5.24e-01  7.61e-01  4.76e+05	22.6412 68.6030 0.2331	
9.566198 292.878725	5.29e-01  7.46e-01  4.78e+05	13.4799 69.7943 0.9918	
9.566198 292.878725	6.91e-01  7.71e-01  4.42e+05	-4.9653 88.4804 0.7564	
9.566198 292.878725	5.50e-01  8.73e-01  4.49e+05	3.9109 85.3363 0.1742	
9.566198 292.878725	7.14e-01  8.93e-01  4.17e+05	22.2772 96.1039 0.1873	
9.566198 292.878725	6.25e-01  7.83e-01  4.51e+05	-5.5520 84.0684 0.3484	
9.566198 292.878725	5.48e-01  7.53e-01  4.73e+05	12.6256 72.8831 0.8547	
9.566198 292.878725	6.91e-01  7.87e-01  4.39e+05	6.4378 89.6031 0.1039	
9.566198 292.878725	8.42e-01  9.14e-01  3.95e+05	23.6278 104.4924 0.1678	
9.566198 292.878725	6.62e-01  8.41e-01  4.35e+05	30.5277 86.4347 0.2001	
9.566198 292.878725	6.97e-01  9.65e-01  4.09e+05	3.5337 101.9232 0.8457	
9.566198 292.878725	6.38e-01  8.61e-01  4.35e+05	-28.1794 86.9226 0.1709	
9.566198 292.878725	7.27e-01  8.17e-01  4.27e+05	-4.2660 94.4957 0.0710	
9.566198 292.878725	5.41e-01  8.47e-01  4.55e+05	9.0006 81.9649 0.5250	
9.566198 292.878725	6.01e-01  8.10e-01  4.51e+05	-14.0491 83.2081 0.5645	
9.566198 292.878725	6.33e-01  7.27e-01  4.61e+05	-8.2568 79.4652 0.8953	
9.566198 292.878725	6.59e-01  8.15e-01  4.39e+05	8.8755 89.1490 0.8209	
9.566198 292.878725	4.95e-01  9.36e-01  4.47e+05	-1.4327 86.0741 0.4817	
9.566198 292.878725	6.61e-01  9.52e-01  4.16e+05	3.4105 98.9622 0.0222	
9.566198 292.878725	5.47e-01  7.46e-01  4.74e+05	10.6892 72.2754 0.9525	
9.566198 292.878725	4.91e-01  8.27e-01  4.69e+05	-38.1257 65.4963 0.3612	
9.566198 292.878725	5.32e-01  9.10e-01  4.45e+05	-15.8280 85.5638 0.8504	
9.566198 292.878725	5.77e-01  7.84e-01  4.61e+05	-31.2906 73.5655 0.5348	
9.566198 292.878725	4.84e-01  8.63e-01  4.63e+05	-7.8457 78.2800 0.6421	
9.566198 292.878725	4.80e-01  8.01e-01  4.77e+05	-15.4401 70.1206 0.0103	
9.566198 292.878725	5.04e-01  8.78e-01  4.56e+05	-31.4990 75.6625 0.7429	
9.566198 292.878725	5.17e-01  8.29e-01  4.64e+05	6.1900 78.3048 0.6822	
9.566198 292.878725	5.21e-01  8.28e-01  4.63e+05	-13.4785 77.7333 0.0216	
9.566198 292.878725	5.54e-01  7.15e-01  4.79e+05	19.4941 67.6099 0.6247	
9.566198 292.878725	4.46e-01  7.27e-01  5.00e+05	27.8510 50.6412 0.4005	
9.566198 292.878725	6.01e-01  8.00e-01  4.53e+05	45.6321 70.0859 0.4058	
9.566198 292.878725	7.35e-01  9.04e-01  4.12e+05	-14.5322 99.5765 0.7335	
9.566198 292.878725	4.33e-01  9.48e-01  4.57e+05	48.0519 66.1321 0.3874	
9.566198 292.878725	6.98e-01  8.76e-01  4.22e+05	14.9295 95.4308 0.7942	
9.566198 292.878725	5.62e-01  7.75e-01  4.65e+05	-36.0486 68.7847 0.5037	
9.566198 292.878725	6.28e-01  8.64e-01  4.37e+05	-37.8774 82.5480 0.4697	
9.566198 292.878725	7.05e-01  7.78e-01  4.38e+05	-9.8308 89.6021 0.6972	
9.566198 292.878725	4.96e-01  9.42e-01  4.46e+05	3.1130 86.6626 0.9364	
9.566198 292.878725	6.48e-01  6.83e-01  4.67e+05	4.7260 76.8958 0.1325	
9.566198 292.878725	6.24e-01  7.90e-01  4.50e+05	-2.4603 84.6727 0.5529	
9.566198 292.878725	6.43e-01  8.86e-01  4.30e+05	4.4660 93.3703 0.0557	
9.566198 292.878725	5.26e-01  7.15e-01  4.85e+05	12.6172 65.9340 0.9669	
9.566198 292.878725	5.80e-01  6.41e-01  4.90e+05	-22.2671 60.5626 0.8104	
9.566198 292.878725	5.37e-01  6.43e-01  4.99e+05	6.8326 58.4745 0.2592	
9.566198 292.878725	5.70e-01  8.10e-01  4.57e+05	-18.8905 79.5252 0.8090	
9.566198 292.878725	6.28e-01  8.18e-01  4.45e+05	-19.4076 85.1037 0.1847	
9.566198 292.878725	6.14e-01  9.66e-01  4.22e+05	48.4505 83.9929 0.2362	
9.566198 292.878725	7.44e-01  7.89e-01  4.29e+05	37.0176 86.2082 0.8433	
9.566198 292.878725	6.36e-01  7.11e-01  4.63e+05	-34.6178 70.5655 0.9818	
9.566198 292.878725	6.71e-01  8.71e-01  4.28e+05	-24.6366 91.2176 0.7711	
9.566198 292.878725	6.66e-01  9.04e-01  4.23e+05	31.9592 90.8631 0.1151	
9.566198 292.878725	5.26e-01  8.29e-01  4.62e+05	1.8813 79.4187 0.6891	
9.566198 292.878725	6.67e-01  7.46e-01  4.51e+05	76.9871 35.1158 0.1059	
9.566198 292.878725	6.34e-01  8.64e-01  4.35e+05	-58.0158 70.5051 0.0238	
9.566198 292.878725	3.29e-01  9.14e-01  4.85e+05	-26.7419 61.7918 0.7185	
9.566198 292.878725	5.62e-01  8.83e-01  4.45e+05	12.3109 86.3491 0.8983	
9.566198 292.878725	5.05e-01  7.41e-01  4.84e+05	-4.3317 67.6230 0.3183	
9.566198 292.878725	5.48e-01  8.91e-01  4.46e+05	0.9668 86.7594 0.7400	
9.566198 292.878725	7.56e-01  8.20e-01  4.22e+05	29.4221 92.1560 0.4094	
9.566198 292.878725	4.95e-01  9.73e-01  4.41e+05	-17.9711 87.2822 0.9632	
9.566198 292.878725	7.27e-01  8.52e-01  4.22e+05	-19.8462 94.8710 0.4297	
9.566198 292.878725	4.53e-01  7.43e-01  4.95e+05	-24.7460 55.8371 0.1449	
9.566198 292.878725	5.50e-01  8.24e-01  4.58e+05	-34.2471 73.5688 0.7015	
9.566198 292.878725	6.60e-01  9.11e-01  4.23e+05	11.3785 95.7056 0.9106	
9.566198 292.878725	5.49e-01  7.60e-01  4.71e+05	-26.7678 69.8018 0.9115	
9.566198 292.878725	5.73e-01  7.48e-01  4.68e+05	41.2751 63.9299 0.3494	
9.566198 292.878725	3.86e-01  9.46e-01  4.66e+05	-1.7998 77.0667 0.5036	
9.566198 292.878725	5.88e-01  8.75e-01  4.42e+05	-29.2334 83.7121 0.3562	
9.566198 292.878725	4.30e-01  8.57e-01  4.76e+05	-16.5950 70.4886 0.8663	
9.566198 292.878725	6.20e-01  7.84e-01  4.52e+05	5.9867 83.6228 0.8084	
9.566198 292.878725	7.52e-01  8.93e-01  4.11e+05	-50.2283 87.5889 0.7668	
9.566198 292.878725	4.38e-01  8.40e-01  4.77e+05	16.6572 69.4934 0.7224	
9.566198 292.878725	6.36e-01  8.76e-01  4.33e+05	-5.3532 92.1530 0.1979	
9.566198 292.878725	5.17e-01  9.13e-01  4.48e+05	-18.6383 83.9375 0.7524	
9.566198 292.878725	6.68e-01  8.76e-01  4.27e+05	1.6504 94.6066 0.7668	
9.566198 292.878725	5.03e-01  8.03e-01  4.72e+05	-6.6675 74.2196 0.6384	
9.566198 292.878725	3.73e-01  8.78e-01  4.83e+05	-1.8588 68.3247 0.9460	
9.566198 292.878725	5.24e-01  8.40e-01  4.60e+05	6.9413 79.9848 0.5449	
9.566198 292.878725	5.89e-01  9.24e-01  4.33e+05	-23.0475 89.4824 0.5308	
9.566198 292.878725	4.69e-01  8.74e-01  4.64e+05	22.5007 74.9436 0.6569	
9.566198 292.878725	4.85e-01  7.51e-01  4.86e+05	2.3524 66.3860 0.4574	
9.566198 292.878725	6.44e-01  9.24e-01  4.23e+05	16.8315 94.7075 0.9362	
9.566198 292.878725	5.79e-01  8.61e-01  4.46e+05	-54.5588 67.6147 0.3251	
9.566198 292.878725	6.57e-01  8.22e-01  4.39e+05	38.1866 81.4299 0.2429	
9.566198 292.878725	4.93e-01  9.46e-01  4.46e+05	-3.3059 86.7106 0.5428	
9.566198 292.878725	4.61e-01  8.40e-01  4.73e+05	9.1545 73.4259 0.9927	
9.566198 292.878725	3.13e-01  9.57e-01  4.79e+05	12.4082 69.4284 0.3400	
9.566198 292.878725	5.70e-01  6.88e-01  4.82e+05	-37.0693 58.4207 0.9112	
9.566198 292.878725	5.08e-01  8.57e-01  4.60e+05	10.9162 79.6008 0.5045	
9.566198 292.878725	4.99e-01  7.31e-01  4.88e+05	26.7663 59.9405 0.0225	
9.566198 292.878725	7.02e-01  7.67e-01  4.40e+05	-9.6879 88.5982 0.2928	
9.566198 292.878725	4.50e-01  8.43e-01  4.74e+05	-4.4295 72.9736 0.6445	
9.566198 292.878725	5.44e-01  7.92e-01  4.66e+05	6.2972 77.2946 0.2838	
9.566198 292.878725	7.83e-01  8.33e-01  4.16e+05	-27.3115 95.3634 0.8739	
9.566198 292.878725	6.25e-01  7.89e-01  4.51e+05	-11.5452 83.8401 0.2026	
9.566198 292.878725	7.17e-01  7.87e-01  4.34e+05	-5.8848 91.5562 0.3090	
9.566198 292.878725	4.82e-01  7.60e-01  4.85e+05	27.1507 61.4816 0.9935	
9.566198 292.878725	4.82e-01  9.20e-01  4.53e+05	-41.8671 72.3697 0.4283	
9.566198 292.878725	6.77e-01  8.56e-01  4.29e+05	-21.9400 91.1998 0.4112	
9.566198 292.878725	5.84e-01  7.32e-01  4.70e+05	7.4993 75.1465 0.7384	
9.566198 292.878725	7.90e-01  9.76e-01  3.93e+05	25.3229 104.6147 0.2710	
9.566198 292.878725	5.17e-01  7.42e-01  4.82e+05	-12.9509 67.9321 0.4279	
9.566198 292.878725	5.44e-01  8.70e-01  4.51e+05	38.4669 75.4375 0.0142	
9.566198 292.878725	3.78e-01  8.99e-01  4.78e+05	15.1874 69.6882 0.8702	
9.566198 292.878725	5.82e-01  9.19e-01  4.35e+05	5.0258 91.4063 0.5254	
9.566198 292.878725	5.30e-01  8.65e-01  4.54e+05	-15.6838 81.5055 0.2499	
9.566198 292.878725	6.98e-01  8.23e-01  4.31e+05	-6.9603 92.7171 0.8493	
9.566198 292.878725	5.74e-01  7.00e-01  4.78e+05	-38.7590 59.5941 0.2466	
9.566198 292.878725	4.58e-01  8.82e-01  4.65e+05	-5.0554 77.7648 0.8435	
9.566198 292.878725	6.28e-01  7.55e-01  4.56e+05	-6.4868 81.7266 0.8413	
9.566198 292.878725	7.44e-01  8.71e-01  4.16e+05	-7.0936 98.9568 0.8474	
9.566198 292.878725	4.92e-01  8.93e-01  4.56e+05	8.2151 81.7124 0.2477	
9.566198 292.878725	5.36e-01  7.48e-01  4.76e+05	12.5943 71.0518 0.6898	
9.566198 292.878725	4.97e-01  5.95e-01  5.20e+05	-7.2981 42.2019 0.3835	
9.566198 292.878725	5.63e-01  8.31e-01  4.54e+05	-62.3120 54.7810 0.5774	
9.566198 292.878725	4.45e-01  7.64e-01  4.92e+05	19.8402 59.6829 0.3456	
9.566198 292.878725	6.60e-01  9.28e-01  4.20e+05	-44.1862 86.8713 0.3600	
9.566198 292.878725	6.42e-01  8.25e-01  4.41e+05	-26.5579 84.9832 0.3919	
9.566198 292.878725	4.25e-01  8.12e-01  4.86e+05	8.9738 65.9183 0.6807	
9.566198 292.878725	6.09e-01  7.24e-01  4.66e+05	43.5470 63.7762 0.7393	
9.566198 292.878725	6.12e-01  8.11e-01  4.49e+05	-11.5309 84.7018 0.0645	
9.566198 292.878725	6.00e-01  7.99e-01  4.53e+05	24.0578 79.9081 0.3906	
9.566198 292.878725	6.04e-01  7.91e-01  4.54e+05	-16.8409 81.3314 0.9284	
9.566198 292.878725	3.74e-01  8.54e-01  4.88e+05	8.4162 64.9002 0.0953	
9.566198 292.878725	5.94e-01  8.13e-01  4.52e+05	-3.2993 84.0772 0.8261	
9.566198 292.878725	6.10e-01  8.57e-01  4.41e+05	-18.0453 87.1239 0.5296	
9.566198 292.878725	4.24e-01  8.11e-01  4.86e+05	-14.0887 64.8579 0.6465	
9.566198 292.878725	6.28e-01  8.95e-01  4.31e+05	36.7316 85.5173 0.7697	
9.566198 292.878725	5.22e-01  6.82e-01  4.93e+05	8.6705 61.5994 0.9525	
9.566198 292.878725	6.13e-01  9.63e-01  4.22e+05	17.8586 95.0219 0.8375	
9.566198 292.878725	4.81e-01  9.19e-01  4.53e+05	26.1131 79.3868 0.6825	
9.566198 292.878725	6.72e-01  7.22e-01  4.54e+05	-1.2548 82.9271 0.2786	
9.566198 292.878725	5.77e-01  7.36e-01  4.70e+05	-3.8854 75.1096 0.9483	
9.566198 292.878725	6.64e-01  8.62e-01  4.31e+05	8.7941 92.8973 0.0886	
9.566198 292.878725	5.88e-01  8.67e-01  4.43e+05	-23.3864 84.8732 0.5160	
9.566198 292.878725	6.38e-01  9.64e-01  4.18e+05	32.6753 92.8139 0.6580	
9.566198 292.878725	5.43e-01  6.85e-01  4.88e+05	-7.9607 65.0124 0.9818	
9.566198 292.878725	6.79e-01  8.71e-01  4.27e+05	25.6463 91.4327 0.9599	
9.566198 292.878725	3.66e-01  8.85e-01  4.83e+05	16.0943 66.4059 0.3067	
9.566198 292.878725	5.29e-01  8.84e-01  4.51e+05	-26.3491 80.3286 0.7377	
9.566198 292.878725	5.49e-01  7.64e-01  4.70e+05	-10.7075 74.4862 0.9811	
9.566198 292.878725	5.09e-01  9.20e-01  4.48e+05	-3.8250 85.8655 0.3614	
9.566198 292.878725	4.77e-01  7.28e-01  4.93e+05	29.0687 55.1672 0.3131	
9.566198 292.878725	6.71e-01  7.15e-01  4.56e+05	17.1348 80.4639 0.6808	
9.566198 292.878725	6.66e-01  8.78e-01  4.27e+05	-27.3981 90.5810 0.0703	
9.566198 292.878725	6.01e-01  8.95e-01  4.36e+05	-34.0228 84.5715 0.1894	
9.566198 292.878725	7.43e-01  8.49e-01  4.20e+05	-6.7120 97.5258 0.9369	
9.566198 292.878725	5.79e-01  9.17e-01  4.36e+05	-24.0674 87.9217 0.0067	
9.566198 292.878725	5.72e-01  7.96e-01  4.59e+05	-14.0606 79.3941 0.2414	
9.566198 292.878725	7.61e-01  8.99e-01  4.09e+05	42.0625 92.7957 0.9635	
9.566198 292.878725	5.07e-01  8.07e-01  4.70e+05	28.8985 69.4949 0.2668	
9.566198 292.878725	6.29e-01  7.91e-01  4.49e+05	38.2601 76.1651 0.1607	
9.566198 292.878725	6.04e-01  8.29e-01  4.47e+05	-30.3098 80.7866 0.5329	
9.566198 292.878725	6.14e-01  8.26e-01  4.46e+05	-22.6252 83.8431 0.3459	
9.566198 292.878725	3.88e-01  8.75e-01  4.81e+05	16.6122 67.6012 0.4708	
9.566198 292.878725	4.41e-01  7.14e-01  5.04e+05	-3.2221 54.8644 0.4194	
9.566198 292.878725	7.85e-01  8.62e-01  4.11e+05	-65.5327 76.9755 0.0178	
9.566198 292.878725	5.95e-01  7.16e-01  4.71e+05	-0.5075 75.0097 0.9418	
9.566198 292.878725	4.59e-01  9.46e-01  4.52e+05	23.4850 80.5545 0.9000	
9.566198 292.878725	6.33e-01  8.88e-01  4.31e+05	14.3458 91.8086 0.9109	
9.566198 292.878725	4.54e-01  6.85e-01  5.08e+05	-37.0720 36.6294 0.4669	
9.566198 292.878725	5.79e-01  8.31e-01  4.51e+05	6.8459 84.0209 0.4677	
9.566198 292.878725	4.80e-01  7.22e-01  4.94e+05	12.4704 60.7079 0.3441	
9.566198 292.878725	5.16e-01  7.83e-01  4.73e+05	11.1563 72.9108 0.0345	
9.566198 292.878725	6.25e-01  9.84e-01  4.17e+05	25.1230 95.6081 0.3138	
9.566198 292.878725	4.68e-01  7.07e-01  5.00e+05	0.8581 57.9569 0.7369	
9.566198 292.878725	4.41e-01  9.08e-01  4.63e+05	26.5948 74.2593 0.2577	
9.566198 292.878725	4.67e-01  7.18e-01  4.98e+05	21.6211 55.3354 0.6319	
9.566198 292.878725	5.30e-01  9.00e-01  4.47e+05	34.8717 78.7199 0.4525	
9.566198 292.878725	5.63e-01  8.22e-01  4.56e+05	-17.0842 80.3564 0.5558	
9.566198 292.878725	6.98e-01  8.68e-01  4.24e+05	23.0400 93.2628 0.1952	
9.566198 292.878725	4.92e-01  9.08e-01  4.53e+05	-7.1158 83.1161 0.3311	
9.566198 292.878725	7.31e-01  9.59e-01  4.04e+05	6.8253 103.3625 0.3796	
9.566198 292.878725	3.16e-01  9.12e-01  4.88e+05	-7.2999 65.0461 0.5137	
9.566198 292.878725	5.09e-01  7.63e-01  4.79e+05	32.4543 62.8080 0.0735	
9.566198 292.878725	6.18e-01  9.18e-01  4.29e+05	-0.7030 94.0085 0.6725	
9.566198 292.878725	5.87e-01  8.53e-01  4.46e+05	3.6203 86.8124 0.0022	
9.566198 292.878725	7.69e-01  9.32e-01  4.03e+05	-0.8253 104.1756 0.0788	
9.566198 292.878725	7.20e-01  9.28e-01  4.11e+05	12.3713 100.3912 0.2162	
9.566198 292.878725	4.96e-01  7.45e-01  4.85e+05	-10.3651 66.2902 0.2878	
9.566198 292.878725	4.27e-01  8.93e-01  4.69e+05	-1.4267 75.9160 0.5555	
9.566198 292.878725	5.64e-01  9.05e-01  4.40e+05	0.1707 89.1231 0.6125	
9.566198 292.878725	5.99e-01  8.48e-01  4.44e+05	-2.9493 87.3377 0.9598	
9.566198 292.878725	5.93e-01  7.27e-01  4.69e+05	-23.2795 72.3836 0.2768	
9.566198 292.878725	6.11e-01  7.71e-01  4.56e+05	31.7478 75.5586 0.2964	
9.566198 292.878725	5.17e-01  7.95e-01  4.70e+05	-24.2867 71.1282 0.8646	
9.566198 292.878725	6.72e-01  9.17e-01  4.20e+05	-31.2596 92.4586 0.7226	
9.566198 292.878725	7.72e-01  8.71e-01  4.12e+05	14.6951 99.7568 0.4826	
9.566198 292.878725	6.81e-01  9.34e-01  4.16e+05	23.8470 96.2921 0.7427	
9.566198 292.878725	6.78e-01  9.02e-01  4.22e+05	-0.9820 96.9544 0.5492	
9.566198 292.878725	5.44e-01  9.10e-01  4.43e+05	-25.4755 84.1462 0.4817	
9.566198 292.878725	4.22e-01  8.32e-01  4.82e+05	2.2560 68.6249 0.2498	
9.566198 292.878725	6.93e-01  8.29e-01  4.31e+05	-51.9980 77.2280 0.4626	
9.566198 292.878725	4.81e-01  8.87e-01  4.59e+05	-19.3136 78.2765 0.8061	
9.566198 292.878725	6.81e-01  7.35e-01  4.50e+05	-3.5238 84.7655 0.0393	
9.566198 292.878725	6.76e-01  8.16e-01  4.36e+05	-3.5917 90.8371 0.5147	
9.566198 292.878725	5.42e-01  7.72e-01  4.70e+05	6.6988 75.0045 0.5896	
9.566198 292.878725	4.92e-01  9.08e-01  4.53e+05	-25.8513 79.3715 0.3975	
9.566198 292.878725	5.94e-01  8.85e-01  4.39e+05	17.7668 88.1831 0.7326	
9.566198 292.878725	6.19e-01  7.91e-01  4.51e+05	-22.6520 81.2241 0.6352	
9.566198 292.878725	7.01e-01  9.06e-01  4.17e+05	24.5226 95.5920 0.7665	
9.566198 292.878725	7.81e-01  8.25e-01  4.17e+05	-28.7012 94.3455 0.3594	
9.566198 292.878725	4.31e-01  7.33e-01  5.02e+05	-11.8846 55.1333 0.3170	
9.566198 292.878725	6.71e-01  8.39e-01  4.33e+05	15.3298 90.8809 0.1011	
9.566198 292.878725	6.36e-01  7.00e-01  4.66e+05	27.0871 72.6646 0.5254	
9.566198 292.878725	4.32e-01  8.60e-01  4.75e+05	-41.7783 59.8243 0.6077	
9.566198 292.878725	6.71e-01  7.86e-01  4.43e+05	27.2932 83.8993 0.4265	
9.566198 292.878725	6.81e-01  7.74e-01  4.43e+05	-27.5163 83.6389 0.8686	
9.566198 292.878725	6.90e-01  7.30e-01  4.49e+05	31.8077 79.0503 0.3218	
9.566198 292.878725	5.00e-01  7.22e-01  4.89e+05	23.8678 60.1209 0.8231	
9.566198 292.878725	8.42e-01  8.69e-01  4.01e+05	9.8914 104.2512 0.3421	
9.566198 292.878725	6.45e-01  8.04e-01  4.44e+05	-10.0155 87.0352 0.5327	
9.566198 292.878725	6.35e-01  9.04e-01  4.28e+05	69.2084 63.9590 0.1217	
9.566198 292.878725	6.56e-01  9.27e-01  4.21e+05	-1.2501 97.2035 0.1916	
9.566198 292.878725	5.39e-01  9.14e-01  4.43e+05	-29.4870 82.8401 0.5653	
9.566198 292.878725	6.10e-01  7.88e-01  4.54e+05	-37.1501 74.5677 0.1286	
9.566198 292.878725	3.97e-01  9.12e-01  4.71e+05	-5.4213 74.6487 0.2173	
9.566198 292.878725	5.35e-01  7.21e-01  4.82e+05	-18.8493 66.2437 0.7364	
9.566198 292.878725	6.35e-01  7.48e-01  4.56e+05	8.9174 81.5623 0.0162	
9.566198 292.878725	8.29e-01  9.56e-01  3.91e+05	52.8573 94.8284 0.4408	
9.566198 292.878725	5.97e-01  8.97e-01  4.36e+05	-51.9420 74.7592 0.8461	
9.566198 292.878725	6.32e-01  7.19e-01  4.63e+05	3.0885 78.9078 0.4779	
9.566198 292.878725	6.53e-01  7.56e-01  4.51e+05	9.3554 83.7427 0.5274	
9.566198 292.878725	5.29e-01  8.38e-01  4.59e+05	-9.3915 79.9896 0.9732	
9.566198 292.878725	7.98e-01  9.04e-01  4.03e+05	13.5724 103.3341 0.3573	
9.566198 292.878725	5.81e-01  9.69e-01  4.26e+05	-5.0864 94.8810 0.5221	
9.566198 292.878725	5.67e-01  8.97e-01  4.41e+05	-35.5005 81.3515 0.6722	
9.566198 292.878725	5.03e-01  7.90e-01  4.74e+05	44.2990 58.1491 0.6213	
9.566198 292.878725	5.67e-01  7.04e-01  4.79e+05	7.7312 70.1854 0.3501	
9.566198 292.878725	5.69e-01  8.58e-01  4.48e+05	1.8636 85.7139 0.9103	
9.566198 292.878725	5.72e-01  8.79e-01  4.44e+05	-18.5989 85.7032 0.8894	
9.566198 292.878725	7.42e-01  8.71e-01  4.16e+05	-3.8917 98.9900 0.6318	
9.566198 292.878725	4.81e-01  9.11e-01  4.55e+05	-12.2207 81.8907 0.0979	
9.566198 292.878725	6.97e-01  8.10e-01  4.34e+05	1.5849 91.9337 0.4053	
9.566198 292.878725	4.61e-01  6.87e-01  5.06e+05	-13.6683 51.8880 0.6696	
9.566198 292.878725	6.15e-01  6.23e-01  4.86e+05	-29.7654 59.6092 0.3079	
9.566198 292.878725	6.65e-01  8.56e-01  4.31e+05	-39.2469 84.2421 0.9290	
9.566198 292.878725	5.59e-01  7.25e-01  4.76e+05	7.6030 71.7400 0.5527	
9.566198 292.878725	6.54e-01  7.73e-01  4.48e+05	16.7624 84.1184 0.5896	
9.566198 292.878725	5.68e-01  7.18e-01  4.76e+05	15.4837 70.6835 0.2598	
9.566198 292.878725	4.91e-01  6.95e-01  4.98e+05	-6.4568 59.2740 0.6640	
9.566198 292.878725	5.70e-01  7.71e-01  4.65e+05	-10.1143 77.3585 0.9413	
9.566198 292.878725	5.55e-01  8.28e-01  4.56e+05	19.7209 79.6141 0.9997	
9.566198 292.878725	5.10e-01  7.07e-01  4.91e+05	-5.5372 63.6915 0.0310	
9.566198 292.878725	6.32e-01  9.57e-01  4.20e+05	41.4653 88.3211 0.6905	
9.566198 292.878725	5.87e-01  9.00e-01  4.37e+05	18.2962 88.6198 0.2901	
9.566198 292.878725	5.26e-01  9.29e-01  4.43e+05	25.7237 84.1865 0.6162	
9.566198 292.878725	5.93e-01  8.44e-01  4.46e+05	18.9262 84.5547 0.0446	
9.566198 292.878725	4.42e-01  7.06e-01  5.06e+05	10.9091 52.6368 0.1225	
9.566198 292.878725	5.16e-01  6.83e-01  4.94e+05	-5.1488 61.3974 0.6534	
9.566198 292.878725	5.90e-01  8.47e-01  4.46e+05	-26.5069 82.4456 0.8881	
9.566198 292.878725	6.50e-01  9.17e-01  4.24e+05	28.8951 91.6961 0.8874	
9.566198 292.878725	4.81e-01  7.70e-01  4.83e+05	10.7406 67.5227 0.2744	
9.566198 292.878725	5.94e-01  9.10e-01  4.34e+05	-17.0774 90.1364 0.0421	
9.566198 292.878725	5.75e-01  9.11e-01  4.37e+05	19.2723 88.3345 0.1900	
9.566198 292.878725	4.17e-01  9.29e-01  4.63e+05	-2.8682 78.5331 0.6210	
9.566198 292.878725	5.09e-01  8.33e-01  4.64e+05	39.5477 67.3834 0.4866	
9.566198 292.878725	4.81e-01  6.00e-01  5.23e+05	-2.1039 40.3193 0.4673	
9.566198 292.878725	7.71e-01  8.83e-01  4.10e+05	17.9113 99.9402 0.8196	
9.566198 292.878725	6.94e-01  8.81e-01  4.22e+05	19.9664 94.5928 0.9184	
9.566198 292.878725	6.58e-01  9.03e-01  4.25e+05	53.5275 79.3841 0.7953	
9.566198 292.878725	6.01e-01  7.76e-01  4.58e+05	-15.4593 79.9369 0.7174	
9.566198 292.878725	5.33e-01  7.70e-01  4.72e+05	-6.8823 73.7643 0.2982	
9.566198 292.878725	5.02e-01  7.64e-01  4.80e+05	0.6274 70.1136 0.6900	
9.566198 292.878725	5.98e-01  7.65e-01  4.60e+05	12.2557 79.2087 0.0612	
9.566198 292.878725	5.98e-01  6.24e-01  4.89e+05	33.0858 55.5143 0.8743	
9.566198 292.878725	4.48e-01  7.43e-01  4.96e+05	19.4131 57.2522 0.8777	
9.566198 292.878725	4.99e-01  6.74e-01  5.00e+05	-4.2846 57.5786 0.8775	
9.566198 292.878725	6.39e-01  7.56e-01  4.54e+05	25.3826 79.0895 0.4198	
9.566198 292.878725	5.18e-01  6.51e-01  5.02e+05	23.0844 52.1011 0.8535	
9.566198 292.878725	4.41e-01  8.57e-01  4.73e+05	-19.2589 71.0710 0.8627	
9.566198 292.878725	6.01e-01  9.65e-01  4.24e+05	3.3349 95.9644 0.0802	
9.566198 292.878725	4.69e-01  8.79e-01  4.63e+05	14.7997 77.3491 0.1777	
9.566198 292.878725	5.24e-01  7.40e-01  4.80e+05	22.9065 66.0095 0.4631	
9.566198 292.878725	5.55e-01  9.14e-01  4.41e+05	9.3795 88.6061 0.7066	
9.566198 292.878725	6.75e-01  8.29e-01  4.34e+05	-5.6603 91.5372 0.7868	
9.566198 292.878725	6.24e-01  8.71e-01  4.36e+05	3.2964 91.0065 0.6898	
9.566198 292.878725	5.66e-01  8.30e-01  4.54e+05	26.6718 78.7385 0.1280	
9.566198 292.878725	5.69e-01  8.87e-01  4.43e+05	1.7381 88.1202 0.1098	
9.566198 292.878725	6.62e-01  7.18e-01  4.57e+05	-0.6383 81.7493 0.6673	
9.566198 292.878725	2.94e-01  8.99e-01  4.96e+05	-18.8000 57.6605 0.8255	
9.566198 292.878725	5.15e-01  9.02e-01  4.50e+05	27.2873 80.4142 0.9414	
9.566198 292.878725	7.21e-01  8.45e-01  4.24e+05	-32.2873 90.4805 0.9833	
9.566198 292.878725	6.98e-01  9.47e-01  4.11e+05	13.1867 100.1217 0.7153	
9.566198 292.878725	6.54e-01  8.00e-01  4.43e+05	-7.7080 87.6725 0.3007	
9.566198 292.878725	4.40e-01  7.87e-01  4.88e+05	-6.3795 64.9548 0.1125	
9.566198 292.878725	8.03e-01  9.38e-01  3.97e+05	-7.6715 106.0506 0.5916	
9.566198 292.878725	5.92e-01  6.91e-01  4.76e+05	-4.4302 71.8420 0.5277	
9.566198 292.878725	5.57e-01  7.56e-01  4.70e+05	23.8668 71.3865 0.0572	
9.566198 292.878725	5.45e-01  9.51e-01  4.36e+05	32.1915 85.2737 0.4351	
9.566198 292.878725	5.71e-01  6.34e-01  4.93e+05	23.4479 57.6925 0.7984	
9.566198 292.878725	4.09e-01  9.71e-01  4.57e+05	-3.4001 81.6812 0.9769	
9.566198 292.878725	5.27e-01  8.04e-01  4.67e+05	-38.9548 66.4774 0.8317	
9.566198 292.878725	5.45e-01  8.77e-01  4.49e+05	-19.5721 83.0806 0.4815	
9.566198 292.878725	6.68e-01  8.01e-01  4.40e+05	27.8604 84.7227 0.1516	
9.566198 292.878725	6.13e-01  7.56e-01  4.59e+05	-10.5295 80.0275 0.7720	
9.566198 292.878725	5.20e-01  9.15e-01  4.47e+05	-5.8530 86.2601 0.3098	
9.566198 292.878725	5.64e-01  7.28e-01  4.74e+05	55.1560 47.8726 0.4482	
9.566198 292.878725	5.28e-01  8.13e-01  4.65e+05	-3.2066 77.9253 0.7031	
9.566198 292.878725	4.44e-01  8.15e-01  4.81e+05	-5.5961 69.0435 0.9714	
9.566198 292.878725	4.12e-01  9.39e-01  4.63e+05	8.2417 78.5701 0.4723	
9.566198 292.878725	6.28e-01  8.31e-01  4.42e+05	3.5379 88.2805 0.5801	
9.566198 292.878725	6.27e-01  7.69e-01  4.54e+05	10.7396 82.4382 0.9229	
9.566198 292.878725	5.38e-01  7.29e-01  4.80e+05	-29.6617 63.6032 0.9388	
9.566198 292.878725	5.35e-01  9.14e-01  4.44e+05	-3.6012 87.4499 0.8632	
9.566198 292.878725	7.70e-01  8.74e-01  4.11e+05	-6.2427 100.7200 0.9395	
9.566198 292.878725	6.00e-01  6.80e-01  4.77e+05	1.4536 71.6737 0.7414	
9.566198 292.878725	6.48e-01  9.08e-01  4.25e+05	-42.8375 85.2547 0.4159	
9.566198 292.878725	6.94e-01  7.56e-01  4.44e+05	11.6053 86.8989 0.3843	
9.566198 292.878725	5.72e-01  9.11e-01  4.38e+05	-10.1725 89.5830 0.3500	
9.566198 292.878725	6.70e-01  8.58e-01  4.30e+05	-7.8861 93.0956 0.5085	
9.566198 292.878725	5.26e-01  7.70e-01  4.74e+05	10.4436 72.7372 0.7055	
9.566198 292.878725	4.45e-01  8.73e-01  4.69e+05	26.7331 70.9780 0.0870	
9.566198 292.878725	6.07e-01  8.00e-01  4.52e+05	14.1968 82.9523 0.5169	
9.566198 292.878725	7.81e-01  9.07e-01  4.05e+05	-8.1584 103.1446 0.2847	
9.566198 292.878725	3.70e-01  8.33e-01  4.94e+05	2.8055 62.0412 0.5594	
9.566198 292.878725	5.69e-01  8.13e-01  4.56e+05	-9.5482 81.3684 0.9768	
9.566198 292.878725	5.54e-01  7.24e-01  4.77e+05	-11.6067 70.4958 0.2362	
9.566198 292.878725	5.20e-01  8.18e-01  4.65e+05	-4.2946 77.5833 0.3765	
9.566198 292.878725	5.78e-01  7.10e-01  4.75e+05	14.6845 71.0554 0.8826	
9.566198 292.878725	5.13e-01  8.62e-01  4.58e+05	-9.1325 80.7798 0.7595	
9.566198 292.878725	7.70e-01  8.42e-01  4.16e+05	-19.8790 96.9412 0.4944	
9.566198 292.878725	7.65e-01  8.76e-01  4.12e+05	-3.8200 100.6930 0.2757	
9.566198 292.878725	5.29e-01  8.39e-01  4.59e+05	43.9510 67.6492 0.6096	
9.566198 292.878725	5.57e-01  9.09e-01  4.41e+05	-10.6349 88.2388 0.3534	
9.566198 292.878725	5.56e-01  8.45e-01  4.53e+05	37.4514 74.7729 0.4751	
9.566198 292.878725	6.00e-01  9.17e-01  4.32e+05	-8.0283 92.3193 0.0784	
9.566198 292.878725	4.31e-01  8.99e-01  4.67e+05	3.2586 76.9251 0.5805	
9.566198 292.878725	5.41e-01  8.79e-01  4.49e+05	49.9059 69.0674 0.9651	
9.566198 292.878725	4.43e-01  6.79e-01  5.12e+05	19.5170 45.0395 0.8614	
9.566198 292.878725	6.18e-01  9.46e-01  4.24e+05	43.2089 85.6439 0.9538	
9.566198 292.878725	5.31e-01  8.41e-01  4.58e+05	-29.4506 75.5308 0.4555	
9.566198 292.878725	5.21e-01  7.52e-01  4.78e+05	-6.0851 70.6692 0.3445	
9.566198 292.878725	6.55e-01  8.50e-01  4.34e+05	-6.4600 91.5734 0.7719	
9.566198 292.878725	6.89e-01  8.28e-01  4.32e+05	3.9233 92.6512 0.8092	
9.566198 292.878725	5.39e-01  8.64e-01  4.53e+05	-16.9700 82.0105 0.9020	
9.566198 292.878725	4.71e-01  9.43e-01  4.50e+05	-6.5375 84.4793 0.8086	
9.566198 292.878725	5.53e-01  8.08e-01  4.61e+05	0.2751 79.9755 0.0091	
9.566198 292.878725	6.25e-01  9.33e-01  4.25e+05	-15.3300 94.2727 0.9507	
9.566198 292.878725	5.60e-01  9.48e-01  4.34e+05	36.4119 84.4981 0.8189	
9.566198 292.878725	3.94e-01  9.54e-01  4.63e+05	18.5997 76.5144 0.7994	
9.566198 292.878725	3.95e-01  8.92e-01  4.76e+05	-31.0166 65.4624 0.7155	
9.566198 292.878725	5.10e-01  9.18e-01  4.48e+05	8.3116 85.4230 0.4402	
9.566198 292.878725	5.21e-01  7.92e-01  4.70e+05	1.2507 75.2891 0.9309	
9.566198 292.878725	5.60e-01  9.00e-01  4.42e+05	4.2946 88.3102 0.5955	
9.566198 292.878725	5.04e-01  8.00e-01  4.72e+05	9.8369 73.5706 0.5290	
9.566198 292.878725	5.23e-01  8.75e-01  4.54e+05	-6.6609 83.0274 0.7212	
9.566198 292.878725	5.48e-01  8.81e-01  4.48e+05	7.0647 85.6752 0.3097	
9.566198 292.878725	5.91e-01  8.86e-01  4.39e+05	-57.8254 68.6972 0.0855	
9.566198 292.878725	7.30e-01  8.34e-01  4.24e+05	27.3433 91.9221 0.6071	
9.566198 292.878725	5.25e-01  8.42e-01  4.59e+05	-4.9891 80.3673 0.9895	
9.566198 292.878725	5.73e-01  7.32e-01  4.72e+05	-7.3658 73.9919 0.4651	
9.566198 292.878725	5.89e-01  7.87e-01  4.58e+05	4.9889 81.2076 0.2206	
9.566198 292.878725	5.06e-01  6.99e-01  4.93e+05	22.5328 58.1619 0.5955	
9.566198 292.878725	7.31e-01  8.84e-01  4.16e+05	-7.3545 98.9190 0.3588	
9.566198 292.878725	6.99e-01  9.69e-01  4.08e+05	-16.0193 101.0448 0.1075	
9.566198 292.878725	5.34e-01  7.73e-01  4.71e+05	-6.6590 74.2903 0.4546	
9.566198 292.878725	4.43e-01  9.46e-01  4.55e+05	0.3419 82.5434 0.9140	
9.566198 292.878725	6.03e-01  8.31e-01  4.47e+05	32.5319 80.0521 0.9527	
9.566198 292.878725	6.49e-01  8.80e-01  4.30e+05	4.7428 93.4075 0.0131	
9.566198 292.878725	5.82e-01  6.45e-01  4.88e+05	-20.4928 61.9751 0.0298	
9.566198 292.878725	7.02e-01  8.36e-01  4.28e+05	32.4067 88.4342 0.7094	
9.566198 292.878725	8.68e-01  9.60e-01  3.85e+05	-31.1645 106.1726 0.3864	
9.566198 292.878725	6.42e-01  7.39e-01  4.57e+05	54.1116 61.3364 0.2854	
9.566198 292.878725	4.70e-01  8.08e-01  4.77e+05	-1.0353 71.4267 0.0387	
9.566198 292.878725	7.26e-01  7.92e-01  4.32e+05	14.5019 91.6140 0.9489	
9.566198 292.878725	5.26e-01  7.65e-01  4.75e+05	23.4352 68.9801 0.8800	
9.566198 292.878725	5.10e-01  8.97e-01  4.52e+05	-1.1304 84.1183 0.7569	
9.566198 292.878725	6.10e-01  8.45e-01  4.43e+05	44.0428 76.2514 0.0196	
9.566198 292.878725	5.28e-01  8.53e-01  4.57e+05	10.9824 81.1043 0.4972	
9.566198 292.878725	5.61e-01  8.13e-01  4.58e+05	7.8187 80.8350 0.5643	
9.566198 292.878725	5.80e-01  9.18e-01  4.35e+05	-12.6320 90.4403 0.7456	
9.566198 292.878725	6.34e-01  8.72e-01  4.34e+05	-3.2265 91.8224 0.2935	
9.566198 292.878725	7.37e-01  8.33e-01  4.23e+05	-0.7157 96.3253 0.2133	
9.566198 292.878725	6.83e-01  8.83e-01  4.24e+05	-16.3239 94.6540 0.1403	
9.566198 292.878725	5.27e-01  8.02e-01  4.67e+05	18.5939 74.6124 0.6416	
9.566198 292.878725	3.93e-01  7.80e-01  5.00e+05	17.7871 54.8849 0.7312	
9.566198 292.878725	7.47e-01  9.23e-01  4.07e+05	-0.4031 102.5040 0.1276	
9.566198 292.878725	5.16e-01  7.20e-01  4.86e+05	2.7199 66.3513 0.2624	
9.566198 292.878725	5.22e-01  7.92e-01  4.70e+05	11.8160 74.4233 0.1538	
9.566198 292.878725	6.12e-01  8.08e-01  4.49e+05	-33.2997 78.4777 0.9870	
9.566198 292.878725	5.39e-01  9.35e-01  4.40e+05	3.9853 89.4341 0.9456	
9.566198 292.878725	5.26e-01  6.33e-01  5.04e+05	20.3227 51.7001 0.7224	
9.566198 292.878725	5.20e-01  8.26e-01  4.64e+05	6.5235 78.2473 0.8165	
9.566198 292.878725	4.78e-01  7.82e-01  4.81e+05	5.5698 69.1318 0.9974	
9.566198 292.878725	4.85e-01  7.88e-01  4.78e+05	6.0647 70.6040 0.1163	
9.566198 292.878725	5.00e-01  8.31e-01  4.66e+05	-14.9979 75.6563 0.2345	
9.566198 292.878725	5.49e-01  8.43e-01  4.55e+05	0.3996 82.7634 0.4475	
9.566198 292.878725	4.78e-01  7.40e-01  4.90e+05	-25.0615 59.0562 0.2693	
9.566198 292.878725	6.57e-01  7.00e-01  4.61e+05	-13.5186 78.5210 0.5243	
9.566198 292.878725	5.26e-01  9.09e-01  4.47e+05	-3.8496 86.3742 0.7346	
9.566198 292.878725	6.05e-01  8.08e-01  4.51e+05	4.7866 84.5129 0.5048	
9.566198 292.878725	5.68e-01  8.17e-01  4.56e+05	-8.5455 81.7540 0.8140	
9.566198 292.878725	5.20e-01  7.45e-01  4.80e+05	-8.6687 69.4564 0.4115	
9.566198 292.878725	6.37e-01  9.04e-01  4.28e+05	45.3758 82.7216 0.9794	
9.566198 292.878725	6.65e-01  7.70e-01  4.47e+05	-39.8400 76.6963 0.9658	
9.566198 292.878725	6.78e-01  8.81e-01  4.25e+05	-2.4945 95.5531 0.2456	
9.566198 292.878725	5.24e-01  7.81e-01  4.72e+05	-14.8304 72.9770 0.8358	
9.566198 292.878725	7.16e-01  7.52e-01  4.41e+05	11.4300 88.3027 0.5344	
9.566198 292.878725	6.05e-01  8.52e-01  4.43e+05	15.3010 86.8433 0.1595	
9.566198 292.878725	7.38e-01  8.46e-01  4.21e+05	0.9826 97.1981 0.1973	
9.566198 292.878725	4.69e-01  8.56e-01  4.68e+05	29.5236 70.5162 0.6611	
9.566198 292.878725	4.85e-01  9.19e-01  4.52e+05	29.6863 78.3777 0.1869	
9.566198 292.878725	5.02e-01  8.41e-01  4.64e+05	32.2560 71.2826 0.3482	
9.566198 292.878725	5.99e-01  7.91e-01  4.55e+05	16.3120 80.9211 0.0241	
9.566198 292.878725	7.78e-01  9.16e-01  4.04e+05	14.0662 102.8465 0.9635	
9.566198 292.878725	5.54e-01  8.54e-01  4.52e+05	-13.6392 83.0940 0.5444	
9.566198 292.878725	3.98e-01  7.80e-01  4.99e+05	14.6938 56.6229 0.6405	
9.566198 292.878725	6.09e-01  7.39e-01  4.63e+05	-15.4003 77.1527 0.7771	
9.566198 292.878725	5.35e-01  9.17e-01  4.44e+05	52.2012 70.5599 0.1570	
9.566198 292.878725	5.15e-01  9.77e-01  4.36e+05	22.6657 87.9879 0.9299	
9.566198 292.878725	6.01e-01  8.15e-01  4.50e+05	32.6475 78.3022 0.1253	
9.566198 292.878725	6.44e-01  9.55e-01  4.18e+05	-15.1913 97.0273 0.0689	
9.566198 292.878725	4.65e-01  7.67e-01  4.87e+05	23.9565 61.4104 0.0588	
9.566198 292.878725	7.53e-01  9.39e-01  4.04e+05	16.0668 102.4645 0.8930	
9.566198 292.878725	4.83e-01  7.45e-01  4.88e+05	7.9611 65.0232 0.0606	
9.566198 292.878725	5.80e-01  7.30e-01  4.71e+05	-26.6935 69.9370 0.5563	
9.566198 292.878725	7.28e-01  8.69e-01  4.19e+05	6.3405 97.8763 0.2112	
9.566198 292.878725	4.78e-01  8.11e-01  4.75e+05	3.3881 72.5732 0.0846	
9.566198 292.878725	4.16e-01  8.69e-01  4.76e+05	7.9734 71.7429 0.0597	
9.566198 292.878725	7.09e-01  8.07e-01  4.32e+05	-21.6007 90.0742 0.5835	
9.566198 292.878725	7.35e-01  9.13e-01  4.11e+05	31.9224 96.0380 0.8575	
9.566198 292.878725	7.33e-01  7.46e-01  4.39e+05	-17.8193 88.1346 0.2835	
9.566198 292.878725	4.88e-01  7.04e-01  4.96e+05	3.2519 60.3887 0.9321	
9.566198 292.878725	6.62e-01  7.94e-01  4.43e+05	25.0687 84.5221 0.1065	
9.566198 292.878725	5.12e-01  7.60e-01  4.79e+05	14.1866 69.2702 0.4722	
9.566198 292.878725	4.69e-01  6.71e-01  5.08e+05	-6.4688 52.0016 0.5231	
9.566198 292.878725	8.56e-01  9.70e-01  3.85e+05	64.4966 89.8017 0.9230	
9.566198 292.878725	5.08e-01  8.38e-01  4.63e+05	16.1203 76.9324 0.5591	
9.566198 292.878725	6.49e-01  7.67e-01  4.50e+05	31.3541 78.8014 0.5785	
9.566198 292.878725	5.50e-01  8.58e-01  4.52e+05	22.0827 81.1798 0.7752	
9.566198 292.878725	7.37e-01  7.51e-01  4.37e+05	27.5782 86.2849 0.5667	
9.566198 292.878725	8.49e-01  9.11e-01  3.94e+05	21.1208 105.2292 0.0118	
9.566198 292.878725	6.88e-01  7.10e-01  4.54e+05	7.7339 82.8794 0.9162	
9.566198 292.878725	6.88e-01  9.24e-01  4.16e+05	39.6462 90.7192 0.0616	
9.566198 292.878725	5.18e-01  7.58e-01  4.78e+05	3.8172 71.1039 0.1783	
9.566198 292.878725	5.37e-01  8.18e-01  4.62e+05	5.5391 79.1542 0.0101	
9.566198 292.878725	7.44e-01  9.09e-01  4.10e+05	0.1972 101.4476 0.9039	
9.566198 292.878725	5.27e-01  7.12e-01  4.86e+05	10.8874 65.9559 0.0984	
9.566198 292.878725	4.62e-01  9.77e-01  4.46e+05	-6.1439 86.5291 0.3028	
9.566198 292.878725	6.34e-01  8.22e-01  4.43e+05	-46.7598 74.6739 0.8961	
9.566198 292.878725	6.11e-01  7.43e-01  4.62e+05	31.1134 72.9078 0.2227	
9.566198 292.878725	4.04e-01  8.06e-01  4.92e+05	-13.2769 61.6287 0.9614	
9.566198 292.878725	6.47e-01  8.47e-01  4.36e+05	-9.7323 90.4885 0.6583	
9.566198 292.878725	5.35e-01  8.34e-01  4.59e+05	22.0972 77.6604 0.6038	
9.566198 292.878725	6.47e-01  8.97e-01  4.28e+05	6.3544 94.3373 0.3539	
9.566198 292.878725	5.14e-01  8.82e-01  4.54e+05	5.6323 82.9475 0.6950	
9.566198 292.878725	5.92e-01  7.47e-01  4.65e+05	-12.9510 76.7522 0.0352	
9.566198 292.878725	4.73e-01  7.60e-01  4.87e+05	18.4277 63.4059 0.9801	
9.566198 292.878725	7.52e-01  8.33e-01  4.21e+05	-6.1463 97.0832 0.7570	
9.566198 292.878725	5.59e-01  9.26e-01  4.38e+05	29.8232 85.2459 0.9031	
9.566198 292.878725	6.50e-01  7.28e-01  4.57e+05	31.5731 75.2332 0.7938	
9.566198 292.878725	4.17e-01  8.74e-01  4.75e+05	20.5999 69.8952 0.6447	
9.566198 292.878725	5.24e-01  7.92e-01  4.70e+05	18.4217 73.2527 0.6862	
9.566198 292.878725	5.57e-01  7.84e-01  4.65e+05	-35.0911 69.7057 0.3739	
9.566198 292.878725	5.92e-01  8.62e-01  4.43e+05	-22.4159 85.0595 0.8629	
9.566198 292.878725	4.96e-01  8.93e-01  4.55e+05	-31.8619 76.0640 0.5941	
9.566198 292.878725	7.69e-01  8.30e-01  4.18e+05	30.9754 93.1732 0.1291	
9.566198 292.878725	5.26e-01  8.75e-01  4.53e+05	19.8604 81.1788 0.5207	
9.566198 292.878725	6.77e-01  8.83e-01  4.25e+05	-20.4662 93.4340 0.5364	
9.566198 292.878725	6.67e-01  8.06e-01  4.40e+05	-0.9988 89.4903 0.4796	
9.566198 292.878725	5.94e-01  8.65e-01  4.42e+05	-18.7769 86.3234 0.6920	
9.566198 292.878725	6.16e-01  8.35e-01  4.44e+05	-49.9656 72.1394 0.6086	
9.566198 292.878725	3.98e-01  9.39e-01  4.65e+05	-3.0881 77.5710 0.3657	
9.566198 292.878725	6.83e-01  8.57e-01  4.28e+05	-3.0645 94.2592 0.5248	
9.566198 292.878725	6.00e-01  8.68e-01  4.41e+05	2.2784 89.0117 0.6211	
9.566198 292.878725	6.64e-01  9.58e-01  4.15e+05	0.1449 99.5776 0.9849	
9.566198 292.878725	4.07e-01  7.37e-01  5.07e+05	17.6521 49.8692 0.9040	
9.566198 292.878725	5.10e-01  7.73e-01  4.76e+05	-5.4396 71.8215 0.0838	
9.566198 292.878725	6.24e-01  9.29e-01  4.26e+05	4.0111 95.1023 0.8830	
9.566198 292.878725	5.10e-01  8.59e-01  4.59e+05	-15.8776 79.1183 0.4667	
9.566198 292.878725	5.67e-01  7.61e-01  4.67e+05	-13.3184 75.6448 0.3918	
9.566198 292.878725	6.86e-01  8.81e-01  4.24e+05	-9.1221 95.6773 0.3514	
9.566198 292.878725	7.36e-01  9.11e-01  4.11e+05	54.8277 84.9297 0.6021	
9.566198 292.878725	5.80e-01  6.96e-01  4.78e+05	-4.1898 71.1219 0.1832	
9.566198 292.878725	5.73e-01  9.44e-01  4.32e+05	71.2400 59.3646 0.2374	
9.566198 292.878725	7.14e-01  7.44e-01  4.42e+05	13.9180 87.1519 0.1526	
9.566198 292.878725	6.06e-01  7.98e-01  4.52e+05	10.5579 83.2382 0.5599	
9.566198 292.878725	5.58e-01  8.42e-01  4.53e+05	-35.5753 75.5835 0.9208	
9.566198 292.878725	6.99e-01  8.47e-01  4.27e+05	45.3501 83.1383 0.8253	
9.566198 292.878725	6.24e-01  9.34e-01  4.25e+05	12.5887 94.6531 0.6756	
9.566198 292.878725	4.95e-01  7.17e-01  4.91e+05	7.9757 62.9097 0.8736	
9.566198 292.878725	6.17e-01  8.81e-01  4.35e+05	-15.0236 90.0600 0.4875	
9.566198 292.878725	7.34e-01  9.27e-01  4.09e+05	-66.8398 76.9778 0.1598	
9.566198 292.878725	6.51e-01  8.39e-01  4.37e+05	25.7601 87.0098 0.6379	
9.566198 292.878725	7.50e-01  9.13e-01  4.08e+05	26.5704 98.5495 0.1069	
9.566198 292.878725	5.53e-01  7.74e-01  4.67e+05	2.1136 76.6635 0.1502	
9.566198 292.878725	7.14e-01  7.64e-01  4.39e+05	-40.2618 80.3061 0.4823	
9.566198 292.878725	5.35e-01  8.40e-01  4.58e+05	32.4172 74.4508 0.8480	
9.566198 292.878725	5.03e-01  7.58e-01  4.81e+05	31.1750 62.1414 0.5715	
9.566198 292.878725	6.90e-01  8.28e-01  4.32e+05	-30.3876 87.6179 0.6449	
9.566198 292.878725	5.66e-01  7.71e-01  4.65e+05	-14.6562 76.2413 0.1193	
9.566198 292.878725	4.75e-01  7.80e-01  4.82e+05	-15.4749 67.0581 0.7535	
9.566198 292.878725	6.08e-01  9.24e-01  4.30e+05	5.4975 93.5388 0.6655	
9.566198 292.878725	5.74e-01  7.99e-01  4.58e+05	12.7380 80.1430 0.1869	
9.566198 292.878725	6.28e-01  8.67e-01  4.36e+05	5.3020 90.9234 0.0306	
9.566198 292.878725	7.38e-01  8.42e-01  4.22e+05	13.5126 96.0221 0.6144	
9.566198 292.878725	6.66e-01  7.26e-01  4.55e+05	-11.1174 82.0866 0.7535	
9.566198 292.878725	3.18e-01  8.52e-01  5.01e+05	15.4194 55.0470 0.8884	
9.566198 292.878725	5.66e-01  9.50e-01  4.32e+05	3.4283 92.5779 0.7347	
9.566198 292.878725	6.96e-01  7.38e-01  4.47e+05	-45.9116 73.1748 0.5294	
9.566198 292.878725	4.46e-01  7.86e-01  4.87e+05	-4.1459 65.8242 0.5891	
9.566198 292.878725	4.91e-01  8.44e-01  4.66e+05	-34.5138 69.4221 0.1668	
9.566198 292.878725	6.95e-01  9.15e-01  4.17e+05	-25.5525 95.5273 0.1422	
9.566198 292.878725	6.95e-01  8.76e-01  4.23e+05	-24.4002 93.2698 0.6371	
9.566198 292.878725	4.71e-01  8.25e-01  4.74e+05	11.7492 72.4253 0.9804	
9.566198 292.878725	6.08e-01  8.62e-01  4.40e+05	14.0535 88.0597 0.6772	
9.566198 292.878725	6.15e-01  7.23e-01  4.65e+05	27.8240 72.6252 0.8891	
9.566198 292.878725	5.01e-01  8.91e-01  4.55e+05	-19.8449 80.3058 0.8312	
9.566198 292.878725	4.26e-01  9.32e-01  4.61e+05	7.3174 79.4179 0.2978	
9.566198 292.878725	4.15e-01  8.94e-01  4.71e+05	9.6312 74.2105 0.9922	
9.566198 292.878725	5.74e-01  8.92e-01  4.41e+05	-15.8904 87.4833 0.6862	
9.566198 292.878725	5.36e-01  7.75e-01  4.71e+05	9.2299 74.3860 0.4352	
9.566198 292.878725	4.37e-01  8.09e-01  4.84e+05	25.3194 62.8313 0.3784	
9.566198 292.878725	6.82e-01  8.00e-01  4.38e+05	-14.5637 88.9481 0.7493	
9.566198 292.878725	5.85e-01  7.95e-01  4.57e+05	-6.1137 81.5214 0.7725	
9.566198 292.878725	5.84e-01  8.59e-01  4.45e+05	-35.4700 79.5711 0.3759	
9.566198 292.878725	8.08e-01  8.70e-01  4.06e+05	-12.2221 102.1866 0.5553	
9.566198 292.878725	6.60e-01  8.66e-01  4.31e+05	-15.6038 91.9976 0.8541	
9.566198 292.878725	5.27e-01  8.81e-01  4.51e+05	-0.9198 84.2347 0.4798	
9.566198 292.878725	6.84e-01  7.99e-01  4.38e+05	-13.6295 89.1345 0.0749	
9.566198 292.878725	5.02e-01  8.17e-01  4.69e+05	29.1717 69.9832 0.9251	
9.566198 292.878725	5.64e-01  8.53e-01  4.50e+05	-12.6802 83.9874 0.7070	
9.566198 292.878725	5.11e-01  6.70e-01  4.99e+05	10.5945 57.9521 0.2385	
9.566198 292.878725	4.69e-01  8.01e-01  4.79e+05	-34.9462 61.2906 0.4493	
9.566198 292.878725	7.63e-01  9.60e-01  3.99e+05	-37.5865 98.4568 0.1187	
9.566198 292.878725	7.60e-01  9.28e-01  4.05e+05	-28.3012 99.5189 0.6209	
9.566198 292.878725	6.17e-01  7.60e-01  4.57e+05	-36.0823 73.0518 0.7180	
9.566198 292.878725	6.67e-01  7.42e-01  4.51e+05	-1.1966 84.2829 0.2547	
9.566198 292.878725	7.86e-01  9.07e-01  4.04e+05	31.3428 98.9109 0.6554	
9.566198 292.878725	6.25e-01  7.48e-01  4.58e+05	4.2528 80.9573 0.0981	
9.566198 292.878725	6.93e-01  8.68e-01  4.25e+05	9.2965 95.2361 0.2661	
9.566198 292.878725	6.31e-01  6.97e-01  4.67e+05	26.1234 72.2177 0.1739	
9.566198 292.878725	4.12e-01  9.51e-01  4.60e+05	54.0451 59.2487 0.3947	
9.566198 292.878725	5.77e-01  7.39e-01  4.70e+05	22.1009 72.1455 0.8379	
9.566198 292.878725	6.03e-01  6.51e-01  4.82e+05	-4.9704 68.4921 0.7480	
9.566198 292.878725	7.45e-01  8.03e-01  4.27e+05	7.8253 94.4650 0.1371	
9.566198 292.878725	5.77e-01  7.76e-01  4.62e+05	27.9629 74.0932 0.2669	
9.566198 292.878725	3.83e-01  8.05e-01  4.97e+05	-22.4858 55.6434 0.2871	
9.566198 292.878725	7.14e-01  8.53e-01  4.24e+05	-0.8032 96.1205 0.8113	
9.566198 292.878725	4.97e-01  7.45e-01  4.85e+05	-2.5381 67.1123 0.3460	
9.566198 292.878725	6.77e-01  8.32e-01  4.33e+05	5.7118 91.9708 0.9626	
9.566198 292.878725	4.30e-01  9.55e-01  4.56e+05	-33.1458 75.1438 0.1287	
9.566198 292.878725	5.67e-01  8.15e-01  4.57e+05	-39.2607 71.8113 0.2902	
9.566198 292.878725	7.10e-01  8.51e-01  4.24e+05	-36.5761 88.5227 0.0469	
9.566198 292.878725	5.52e-01  9.61e-01  4.33e+05	33.1908 86.2636 0.3935	
9.566198 292.878725	7.44e-01  8.19e-01  4.24e+05	-2.4219 95.8224 0.0829	
9.566198 292.878725	7.44e-01  7.77e-01  4.31e+05	-22.1282 90.2973 0.9661	
9.566198 292.878725	6.15e-01  9.50e-01  4.24e+05	26.7845 92.1869 0.8482	
9.566198 292.878725	5.35e-01  8.67e-01  4.53e+05	11.7983 82.8565 0.3109	
9.566198 292.878725	5.99e-01  7.29e-01  4.67e+05	-23.2824 73.1491 0.4969	
9.566198 292.878725	5.49e-01  8.49e-01  4.53e+05	-14.3274 82.1240 0.4173	
9.566198 292.878725	6.71e-01  9.49e-01  4.15e+05	-41.2528 90.5006 0.0442	
9.566198 292.878725	5.07e-01  8.81e-01  4.55e+05	12.7033 81.4083 0.5469	
9.566198 292.878725	4.59e-01  7.26e-01  4.98e+05	-1.4287 59.6083 0.5390	
9.566198 292.878725	5.86e-01  7.36e-01  4.68e+05	-5.4661 75.9786 0.3201	
9.566198 292.878725	6.26e-01  8.08e-01  4.47e+05	-27.6034 81.7874 0.8888	
9.566198 292.878725	6.35e-01  7.68e-01  4.53e+05	-37.7998 74.7275 0.0187	
9.566198 292.878725	6.73e-01  8.05e-01  4.39e+05	14.4025 88.6474 0.2001	
9.566198 292.878725	7.48e-01  9.53e-01  4.03e+05	-46.2232 93.3838 0.3857	
9.566198 292.878725	5.59e-01  7.54e-01  4.70e+05	-12.0417 74.2506 0.6730	
9.566198 292.878725	6.07e-01  7.81e-01  4.55e+05	-21.7411 79.5872 0.3361	
9.566198 292.878725	4.55e-01  7.63e-01  4.90e+05	-41.9397 48.4635 0.3116	
9.566198 292.878725	4.52e-01  8.97e-01  4.63e+05	-3.3572 78.7079 0.9075	
9.566198 292.878725	5.05e-01  7.95e-01  4.73e+05	4.7005 73.6775 0.0147	
9.566198 292.878725	6.53e-01  8.84e-01  4.29e+05	25.7789 90.5073 0.5642	
9.566198 292.878725	7.60e-01  9.37e-01  4.03e+05	-38.9077 96.4331 0.4461	
9.566198 292.878725	5.98e-01  8.76e-01  4.40e+05	-24.7272 86.0491 0.0959	
9.566198 292.878725	5.76e-01  9.00e-01  4.39e+05	-2.7680 89.6448 0.7173	
9.566198 292.878725	6.08e-01  8.60e-01  4.41e+05	12.2185 88.2386 0.9923	
9.566198 292.878725	7.18e-01  8.40e-01  4.25e+05	29.1144 90.9789 0.7433	
9.566198 292.878725	7.66e-01  9.21e-01  4.05e+05	19.7182 101.5011 0.7224	
9.566198 292.878725	6.81e-01  9.39e-01  4.15e+05	9.3198 99.0305 0.2599	
9.566198 292.878725	5.26e-01  7.65e-01  4.75e+05	4.0421 72.7770 0.5109	
9.566198 292.878725	5.75e-01  9.27e-01  4.35e+05	30.6442 86.3522 0.0579	
9.566198 292.878725	5.63e-01  8.79e-01  4.45e+05	-19.2637 84.8850 0.3179	
9.566198 292.878725	5.75e-01  9.14e-01  4.37e+05	54.3737 72.5620 0.4195	
9.566198 292.878725	6.03e-01  8.45e-01  4.44e+05	8.3461 87.1320 0.8582	
9.566198 292.878725	4.90e-01  6.88e-01  4.99e+05	9.9668 57.7076 0.3671	
9.566198 292.878725	5.86e-01  9.10e-01  4.36e+05	-13.1043 90.2005 0.2167	
9.566198 292.878725	7.60e-01  7.82e-01  4.28e+05	36.8352 86.9319 0.8143	
9.566198 292.878725	6.85e-01  7.61e-01  4.45e+05	20.6731 84.8150 0.0122	
9.566198 292.878725	5.62e-01  8.08e-01  4.59e+05	0.1350 80.7996 0.3231	
9.566198 292.878725	7.08e-01  9.81e-01  4.04e+05	-9.6881 103.0762 0.5706	
9.566198 292.878725	4.63e-01  8.27e-01  4.75e+05	28.4034 66.9542 0.2674	
9.566198 292.878725	6.63e-01  8.88e-01  4.26e+05	-27.4366 91.0113 0.0642	
9.566198 292.878725	6.83e-01  7.84e-01  4.41e+05	-32.0212 83.0636 0.7759	
9.566198 292.878725	6.20e-01  8.87e-01  4.34e+05	-19.7325 89.8092 0.4382	
9.566198 292.878725	7.61e-01  8.91e-01  4.10e+05	10.2435 100.8978 0.7489	
9.566198 292.878725	4.78e-01  7.05e-01  4.98e+05	-4.7161 59.0780 0.2099	
9.566198 292.878725	5.80e-01  7.21e-01  4.73e+05	-20.1941 71.1468 0.1866	
9.566198 292.878725	5.82e-01  7.12e-01  4.74e+05	3.3635 73.1407 0.7617	
9.566198 292.878725	5.37e-01  7.84e-01  4.69e+05	-54.0477 53.4692 0.7840	
9.566198 292.878725	6.86e-01  7.74e-01  4.42e+05	36.9471 80.3726 0.2372	
9.566198 292.878725	8.87e-01  9.35e-01  3.85e+05	-52.9633 96.8664 0.4884	
9.566198 292.878725	5.20e-01  8.06e-01  4.68e+05	-27.1035 71.6170 0.0721	
9.566198 292.878725	7.09e-01  8.37e-01  4.27e+05	-14.3592 93.6090 0.8741	
9.566198 292.878725	6.44e-01  6.97e-01  4.65e+05	-21.4118 75.0608 0.2699	
9.566198 292.878725	5.88e-01  8.28e-01  4.50e+05	-23.9813 81.4461 0.7891	
9.566198 292.878725	7.32e-01  8.18e-01  4.26e+05	-8.7623 94.5739 0.4324	
9.566198 292.878725	6.45e-01  7.62e-01  4.52e+05	-32.4528 77.5827 0.3755	
9.566198 292.878725	5.08e-01  7.43e-01  4.83e+05	27.5996 62.3883 0.8346	
9.566198 292.878725	5.35e-01  8.55e-01  4.55e+05	6.9996 82.3075 0.3133	
9.566198 292.878725	6.26e-01  7.79e-01  4.52e+05	32.7646 77.2914 0.4625	
9.566198 292.878725	5.15e-01  8.90e-01  4.52e+05	-15.7492 82.4941 0.2077	
9.566198 292.878725	3.65e-01  9.25e-01  4.75e+05	11.9235 71.7956 0.0424	
9.566198 292.878725	4.69e-01  8.24e-01  4.74e+05	-2.7668 73.0809 0.2753	
9.566198 292.878725	4.72e-01  8.18e-01  4.75e+05	15.7167 71.0586 0.9517	
9.566198 292.878725	7.12e-01  8.31e-01  4.28e+05	4.0848 94.4132 0.1045	
9.566198 292.878725	6.71e-01  9.14e-01  4.21e+05	-2.0924 97.2651 0.4277	
9.566198 292.878725	6.14e-01  7.82e-01  4.54e+05	12.5754 82.1401 0.8227	
9.566198 292.878725	7.09e-01  8.36e-01  4.27e+05	49.1740 80.8562 0.7807	
9.566198 292.878725	5.56e-01  7.57e-01  4.70e+05	2.6476 75.1558 0.3658	
9.566198 292.878725	5.97e-01  6.43e-01  4.86e+05	9.1584 66.2715 0.9122	
9.566198 292.878725	6.78e-01  7.89e-01  4.41e+05	26.3129 85.0128 0.4637	
9.566198 292.878725	6.00e-01  8.44e-01  4.45e+05	-4.7641 87.0673 0.8360	
9.566198 292.878725	5.09e-01  9.66e-01  4.39e+05	30.8587 84.1336 0.4027	
9.566198 292.878725	7.81e-01  8.47e-01  4.14e+05	2.9605 99.9523 0.0619	
9.566198 292.878725	5.85e-01  8.72e-01  4.43e+05	22.1176 85.4038 0.3856	
9.566198 292.878725	6.33e-01  8.32e-01  4.41e+05	4.8328 88.7444 0.2666	
9.566198 292.878725	6.59e-01  7.52e-01  4.51e+05	-1.9152 84.3826 0.2858	
9.566198 292.878725	6.72e-01  6.85e-01  4.61e+05	25.0182 75.5964 0.0992	
9.566198 292.878725	4.65e-01  6.57e-01  5.12e+05	11.1600 47.8480 0.1660	
9.566198 292.878725	6.95e-01  7.54e-01  4.44e+05	-6.7213 87.3354 0.9317	
9.566198 292.878725	5.32e-01  8.69e-01  4.53e+05	27.6806 78.8655 0.9217	
9.566198 292.878725	5.19e-01  7.91e-01  4.71e+05	-38.7669 64.2267 0.3304	
9.566198 292.878725	5.46e-01  6.88e-01  4.87e+05	11.6043 65.1800 0.3700	
9.566198 292.878725	6.89e-01  8.89e-01  4.22e+05	15.8994 95.5771 0.8923	
9.566198 292.878725	5.07e-01  9.28e-01  4.47e+05	-36.2562 78.4389 0.2662	
9.566198 292.878725	5.75e-01  9.19e-01  4.36e+05	21.0806 88.5115 0.4887	
9.566198 292.878725	6.20e-01  7.75e-01  4.54e+05	-7.1488 82.8293 0.2273	
9.566198 292.878725	5.62e-01  6.29e-01  4.97e+05	6.8546 59.8874 0.7829	
9.566198 292.878725	3.28e-01  8.19e-01  5.07e+05	-11.6452 52.2329 0.0072	
9.566198 292.878725	4.67e-01  8.33e-01  4.73e+05	-7.4832 73.4987 0.9129	
9.566198 292.878725	5.92e-01  6.76e-01  4.80e+05	23.9365 66.0669 0.4941	
9.566198 292.878725	6.17e-01  7.56e-01  4.58e+05	9.5015 80.4875 0.9046	
9.566198 292.878725	5.55e-01  8.64e-01  4.50e+05	29.2265 79.9380 0.6336	
9.566198 292.878725	6.36e-01  7.91e-01  4.48e+05	-8.5186 85.3607 0.2506	
9.566198 292.878725	5.84e-01  7.08e-01  4.75e+05	30.9800 66.0192 0.9680	
9.566198 292.878725	5.40e-01  9.17e-01  4.43e+05	7.5287 87.8842 0.0583	
9.566198 292.878725	6.68e-01  7.13e-01  4.57e+05	15.8988 80.2496 0.1203	
9.566198 292.878725	5.96e-01  9.35e-01  4.30e+05	-17.9231 91.9882 0.8803	
9.566198 292.878725	5.70e-01  6.81e-01  4.83e+05	-9.9488 67.5222 0.0454	
9.566198 292.878725	5.88e-01  8.47e-01  4.47e+05	17.4721 84.6037 0.3947	
9.566198 292.878725	6.68e-01  9.49e-01  4.15e+05	18.0582 97.6770 0.6764	
9.566198 292.878725	5.69e-01  7.13e-01  4.77e+05	2.9142 71.7580 0.0862	
9.566198 292.878725	6.83e-01  7.58e-01  4.46e+05	-14.8290 85.6355 0.9484	
9.566198 292.878725	4.10e-01  6.94e-01  5.17e+05	2.7552 45.3500 0.5844	
9.566198 292.878725	4.85e-01  9.10e-01  4.54e+05	23.2161 79.7287 0.2460	
9.566198 292.878725	5.96e-01  8.57e-01  4.43e+05	-24.3572 84.4343 0.4115	
9.566198 292.878725	5.50e-01  6.45e-01  4.95e+05	29.7946 53.3100 0.0501	
9.566198 292.878725	5.59e-01  8.75e-01  4.47e+05	24.8353 82.7634 0.7533	
9.566198 292.878725	5.68e-01  6.56e-01  4.89e+05	-10.2650 64.1288 0.5051	
9.566198 292.878725	4.99e-01  6.31e-01  5.11e+05	11.0826 49.3407 0.2029	
9.566198 292.878725	5.61e-01  7.78e-01  4.65e+05	25.2589 73.6185 0.7987	
9.566198 292.878725	5.62e-01  8.07e-01  4.59e+05	-30.2752 74.8068 0.5012	
9.566198 292.878725	6.55e-01  8.65e-01  4.32e+05	20.4511 90.5930 0.3915	
9.566198 292.878725	7.73e-01  9.17e-01  4.04e+05	-12.6725 102.7940 0.8599	
9.566198 292.878725	6.41e-01  8.83e-01  4.31e+05	-9.2224 92.7004 0.9104	
9.566198 292.878725	5.96e-01  7.65e-01  4.61e+05	-14.7043 78.6099 0.9116	
9.566198 292.878725	4.88e-01  8.84e-01  4.58e+05	-22.2390 77.8813 0.9455	
9.566198 292.878725	4.26e-01  7.88e-01  4.91e+05	-19.0178 60.6441 0.2654	
9.566198 292.878725	3.19e-01  8.35e-01  5.05e+05	10.0061 53.7562 0.3616	
9.566198 292.878725	5.64e-01  7.42e-01  4.72e+05	7.8385 74.0957 0.5417	
9.566198 292.878725	3.56e-01  7.74e-01  5.10e+05	27.0496 42.8799 0.6612	
9.566198 292.878725	5.19e-01  8.88e-01  4.52e+05	-13.6041 83.0251 0.6449	
9.566198 292.878725	6.80e-01  7.39e-01  4.50e+05	43.1231 73.3787 0.4935	
9.566198 292.878725	5.50e-01  6.95e-01  4.84e+05	8.4843 67.0388 0.0080	
9.566198 292.878725	3.93e-01  8.61e-01  4.83e+05	6.1699 68.3328 0.1919	
9.566198 292.878725	6.01e-01  8.44e-01  4.45e+05	31.1845 81.4898 0.0056	
9.566198 292.878725	7.55e-01  8.71e-01  4.14e+05	-14.6132 98.7638 0.7908	
9.566198 292.878725	7.35e-01  8.16e-01  4.26e+05	-5.3231 94.8968 0.0143	
9.566198 292.878725	5.36e-01  8.81e-01  4.50e+05	-22.7332 81.8534 0.2372	
9.566198 292.878725	5.94e-01  8.78e-01  4.40e+05	3.0162 89.2525 0.0194	
9.566198 292.878725	6.30e-01  8.53e-01  4.38e+05	-7.4191 89.9384 0.0623	
9.566198 292.878725	4.65e-01  6.90e-01  5.05e+05	7.7342 54.3712 0.7316	
9.566198 292.878725	6.58e-01  9.24e-01  4.21e+05	-27.3356 93.1238 0.7842	
9.566198 292.878725	6.37e-01  6.80e-01  4.69e+05	32.9470 68.0454 0.5255	
9.566198 292.878725	6.69e-01  7.74e-01  4.45e+05	5.8262 86.9225 0.9134	
9.566198 292.878725	5.26e-01  8.27e-01  4.62e+05	9.0589 78.7162 0.3660	
9.566198 292.878725	6.29e-01  7.82e-01  4.51e+05	18.8987 82.3312 0.9290	
9.566198 292.878725	7.73e-01  9.19e-01  4.04e+05	-40.0651 95.6411 0.1756	
9.566198 292.878725	7.13e-01  8.58e-01  4.23e+05	-14.2598 95.3260 0.1662	
9.566198 292.878725	4.47e-01  8.26e-01  4.78e+05	29.3369 64.4960 0.8584	
9.566198 292.878725	7.93e-01  9.63e-01  3.95e+05	-47.6628 95.9334 0.1583	
9.566198 292.878725	6.09e-01  8.18e-01  4.48e+05	12.6770 84.8218 0.3031	
9.566198 292.878725	5.69e-01  9.67e-01  4.29e+05	-22.6934 91.2050 0.8708	
9.566198 292.878725	7.25e-01  8.15e-01  4.28e+05	-13.2775 93.3337 0.4606	
9.566198 292.878725	4.51e-01  7.24e-01  5.00e+05	-6.7293 57.4976 0.3065	
9.566198 292.878725	7.78e-01  8.14e-01  4.20e+05	22.6468 95.0642 0.1290	
9.566198 292.878725	5.34e-01  6.60e-01  4.96e+05	-6.5383 60.5636 0.4569	
9.566198 292.878725	5.47e-01  6.33e-01  4.99e+05	-5.2934 58.6486 0.9116	
9.566198 292.878725	6.93e-01  8.54e-01  4.27e+05	19.5167 92.7465 0.9213	
9.566198 292.878725	4.76e-01  8.99e-01  4.58e+05	-8.0665 80.8031 0.7595	
9.566198 292.878725	5.86e-01  6.71e-01  4.82e+05	5.7868 68.8479 0.5277	
9.566198 292.878725	5.34e-01  8.23e-01  4.61e+05	-13.5481 78.4710 0.3036	
9.566198 292.878725	7.36e-01  8.75e-01  4.17e+05	-20.3840 96.8077 0.2205	
9.566198 292.878725	6.44e-01  8.65e-01  4.33e+05	17.2188 90.5190 0.6794	
9.566198 292.878725	5.28e-01  8.27e-01  4.62e+05	4.8600 79.2774 0.6210	
9.566198 292.878725	7.10e-01  7.51e-01  4.42e+05	36.5031 80.6335 0.7592	
9.566198 292.878725	4.40e-01  7.79e-01  4.90e+05	-12.5820 62.9797 0.0230	
9.566198 292.878725	5.72e-01  7.98e-01  4.59e+05	10.8399 80.0898 0.8373	
9.566198 292.878725	4.82e-01  8.23e-01  4.72e+05	-5.3897 74.2628 0.6189	
9.566198 292.878725	6.62e-01  7.65e-01  4.48e+05	28.4407 80.9823 0.8956	
9.566198 292.878725	6.04e-01  8.49e-01  4.43e+05	-43.8503 76.2035 0.0011	
9.566198 292.878725	4.41e-01  6.71e-01  5.15e+05	31.9050 34.5320 0.6339	
9.566198 292.878725	6.37e-01  7.49e-01  4.56e+05	-21.2672 79.4337 0.5778	
9.566198 292.878725	5.21e-01  8.06e-01  4.67e+05	-35.6796 67.8594 0.1526	
9.566198 292.878725	3.78e-01  7.60e-01  5.09e+05	4.1967 51.8146 0.5619	
9.566198 292.878725	5.29e-01  8.72e-01  4.53e+05	40.8517 72.9146 0.8368	
9.566198 292.878725	5.70e-01  9.49e-01  4.32e+05	23.4232 89.8372 0.9550	
9.566198 292.878725	6.56e-01  7.66e-01  4.49e+05	49.4119 69.6005 0.4623	
9.566198 292.878725	4.60e-01  6.62e-01  5.12e+05	2.3427 48.9767 0.1088	
9.566198 292.878725	5.76e-01  9.06e-01  4.38e+05	-7.1407 89.8484 0.4175	
9.566198 292.878725	7.78e-01  9.39e-01  4.00e+05	7.7443 104.7510 0.9097	
9.566198 292.878725	5.99e-01  7.78e-01  4.58e+05	3.4968 81.3479 0.9396	
9.566198 292.878725	5.73e-01  8.48e-01  4.49e+05	13.5529 84.1788 0.8730	
9.566198 292.878725	5.97e-01  7.44e-01  4.64e+05	-9.2139 77.5553 0.8591	
9.566198 292.878725	4.61e-01  7.45e-01  4.93e+05	7.1374 62.0394 0.6498	
9.566198 292.878725	5.06e-01  7.07e-01  4.91e+05	17.4341 60.9921 0.6041	
9.566198 292.878725	4.78e-01  8.76e-01  4.62e+05	-6.0974 79.0124 0.6052	
9.566198 292.878725	6.29e-01  7.53e-01  4.56e+05	18.2100 79.8809 0.8792	
9.566198 292.878725	4.06e-01  7.85e-01  4.96e+05	-30.4836 52.2267 0.3328	
9.566198 292.878725	6.75e-01  8.99e-01  4.23e+05	24.0452 93.5325 0.2166	
9.566198 292.878725	6.50e-01  9.60e-01  4.17e+05	14.7641 97.7772 0.0178	
9.566198 292.878725	4.25e-01  6.97e-01  5.12e+05	8.0187 48.3816 0.5312	
9.566198 292.878725	6.05e-01  7.66e-01  4.59e+05	15.3299 79.3808 0.1454	
9.566198 292.878725	7.08e-01  8.74e-01  4.21e+05	-31.8332 91.7011 0.2473	
9.566198 292.878725	4.79e-01  7.39e-01  4.90e+05	12.3483 62.9310 0.6459	
9.566198 292.878725	6.58e-01  7.89e-01  4.44e+05	15.9563 85.9534 0.0049	
9.566198 292.878725	4.79e-01  9.03e-01  4.56e+05	9.2372 81.4347 0.6677	
9.566198 292.878725	5.18e-01  7.12e-01  4.88e+05	-11.0803 64.6358 0.9559	
9.566198 292.878725	7.73e-01  8.59e-01  4.13e+05	17.1710 98.7280 0.0442	
9.566198 292.878725	4.36e-01  8.11e-01  4.84e+05	0.5921 67.7387 0.9010	
9.566198 292.878725	7.28e-01  9.13e-01  4.12e+05	23.9451 97.8949 0.3427	
9.566198 292.878725	4.37e-01  9.34e-01  4.59e+05	14.2883 79.6699 0.5696	
9.566198 292.878725	5.07e-01  7.68e-01  4.78e+05	-6.9615 70.7114 0.1050	
9.566198 292.878725	4.33e-01  6.96e-01  5.11e+05	-3.6533 50.2148 0.3222	
9.566198 292.878725	8.34e-01  8.60e-01  4.04e+05	42.4792 94.7193 0.1706	
9.566198 292.878725	8.00e-01  9.63e-01  3.94e+05	22.3261 105.1335 0.1778	
9.566198 292.878725	5.78e-01  8.40e-01  4.50e+05	4.6696 84.8903 0.0122	
9.566198 292.878725	6.16e-01  8.03e-01  4.50e+05	39.5353 75.3850 0.0320	
9.566198 292.878725	6.83e-01  8.48e-01  4.30e+05	-1.3226 93.6826 0.3329	
9.566198 292.878725	5.42e-01  6.33e-01  5.00e+05	14.2715 56.2936 0.1559	
9.566198 292.878725	5.01e-01  8.02e-01  4.72e+05	38.0532 63.7670 0.4428	
9.566198 292.878725	5.71e-01  7.22e-01  4.74e+05	-12.6307 72.0036 0.8967	
9.566198 292.878725	7.47e-01  9.50e-01  4.03e+05	-9.3650 103.5753 0.0813	
9.566198 292.878725	5.18e-01  7.01e-01  4.90e+05	5.3788 63.9516 0.4944	
9.566198 292.878725	4.64e-01  7.44e-01  4.93e+05	25.9906 57.1172 0.9047	
9.566198 292.878725	4.67e-01  8.37e-01  4.72e+05	16.5062 72.4418 0.9550	
9.566198 292.878725	5.44e-01  8.70e-01  4.50e+05	13.2605 83.6987 0.4105	
9.566198 292.878725	5.00e-01  8.05e-01  4.72e+05	1.7407 74.4162 0.3627	
9.566198 292.878725	3.65e-01  8.63e-01  4.88e+05	-11.2224 64.4755 0.5415	
9.566198 292.878725	7.02e-01  7.74e-01  4.39e+05	-0.3258 89.6957 0.5973	
9.566198 292.878725	4.63e-01  8.74e-01  4.65e+05	-22.8526 74.1485 0.4827	
9.566198 292.878725	6.24e-01  7.03e-01  4.67e+05	28.0259 71.3769 0.7416	
9.566198 292.878725	5.51e-01  7.51e-01  4.73e+05	-33.5845 65.9406 0.0367	
9.566198 292.878725	5.63e-01  7.88e-01  4.63e+05	20.1487 76.3890 0.4556	
9.566198 292.878725	6.66e-01  6.75e-01  4.65e+05	-48.4514 61.1607 0.3506	
9.566198 292.878725	5.39e-01  5.87e-01  5.12e+05	-6.0097 49.4389 0.1874	
9.566198 292.878725	5.18e-01  7.78e-01  4.74e+05	-15.5982 71.8060 0.5114	
9.566198 292.878725	5.42e-01  8.43e-01  4.56e+05	2.9808 82.0767 0.1437	
9.566198 292.878725	4.33e-01  7.45e-01  4.99e+05	-3.3515 58.4572 0.0918	
9.566198 292.878725	7.54e-01  9.10e-01  4.08e+05	-25.5854 98.8905 0.2137	
9.566198 292.878725	5.63e-01  6.86e-01  4.84e+05	22.5714 64.1562 0.3219	
9.566198 292.878725	3.61e-01  8.98e-01  4.81e+05	-12.7566 68.1434 0.9309	
9.566198 292.878725	5.43e-01  6.45e-01  4.97e+05	11.1123 58.9295 0.2736	
9.566198 292.878725	6.80e-01  8.47e-01  4.30e+05	9.8409 92.8260 0.9852	
9.566198 292.878725	5.81e-01  9.77e-01  4.25e+05	0.3701 95.5305 0.6287	
9.566198 292.878725	6.69e-01  8.87e-01  4.25e+05	-45.3710 83.8910 0.7786	
9.566198 292.878725	5.69e-01  8.13e-01  4.57e+05	-6.3933 81.6265 0.5968	
9.566198 292.878725	3.90e-01  8.23e-01  4.92e+05	2.4790 63.3108 0.6334	
9.566198 292.878725	7.83e-01  8.57e-01  4.12e+05	61.8088 79.4752 0.7531	
9.566198 292.878725	5.47e-01  8.76e-01  4.49e+05	-8.6724 84.9557 0.1230	
9.566198 292.878725	7.26e-01  9.14e-01  4.12e+05	21.7320 98.3364 0.9572	
9.566198 292.878725	6.98e-01  8.28e-01  4.31e+05	15.9562 91.9273 0.4944	
9.566198 292.878725	6.43e-01  8.63e-01  4.34e+05	-26.5370 87.9938 0.4530	
9.566198 292.878725	4.47e-01  6.92e-01  5.08e+05	10.6009 51.0607 0.2578	
9.566198 292.878725	5.17e-01  6.85e-01  4.94e+05	-15.7887 59.9839 0.0886	
9.566198 292.878725	4.54e-01  8.79e-01  4.66e+05	-35.3020 68.7137 0.8932	
9.566198 292.878725	5.72e-01  6.84e-01  4.82e+05	-10.9619 68.0630 0.6798	
9.566198 292.878725	5.75e-01  7.85e-01  4.61e+05	-1.9324 79.8478 0.2904	
9.566198 292.878725	7.42e-01  9.47e-01  4.04e+05	8.5059 103.1703 0.6935	
9.566198 292.878725	5.83e-01  8.09e-01  4.55e+05	-12.1783 81.8545 0.6336	
9.566198 292.878725	4.68e-01  7.75e-01  4.85e+05	-25.4339 62.3381 0.7019	
9.566198 292.878725	5.50e-01  7.20e-01  4.79e+05	5.5451 70.3239 0.0152	
9.566198 292.878725	5.26e-01  6.77e-01  4.94e+05	-15.3219 60.2402 0.1600	
9.566198 292.878725	6.80e-01  7.92e-01  4.40e+05	10.7976 88.7377 0.0433	
9.566198 292.878725	4.86e-01  8.71e-01  4.61e+05	-27.6015 74.6867 0.5572	
9.566198 292.878725	8.20e-01  8.55e-01  4.07e+05	-5.8380 102.5476 0.4783	
9.566198 292.878725	4.50e-01  7.97e-01  4.84e+05	8.9483 67.2786 0.4412	
9.566198 292.878725	5.35e-01  8.40e-01  4.58e+05	1.4411 81.3137 0.4613	
9.566198 292.878725	6.32e-01  7.39e-01  4.59e+05	-31.5481 74.4680 0.5256	
9.566198 292.878725	5.83e-01  7.46e-01  4.67e+05	2.8458 76.8129 0.6537	
9.566198 292.878725	4.73e-01  7.71e-01  4.85e+05	10.9533 66.5855 0.2084	
9.566198 292.878725	5.70e-01  7.83e-01  4.62e+05	-26.6464 74.5672 0.2123	
9.566198 292.878725	6.07e-01  7.84e-01  4.55e+05	-11.5956 81.9024 0.9141	
9.566198 292.878725	6.05e-01  8.72e-01  4.39e+05	-6.9040 89.4841 0.5513	
9.566198 292.878725	5.52e-01  8.09e-01  4.61e+05	43.0604 67.4453 0.7146	
9.566198 292.878725	6.13e-01  7.31e-01  4.64e+05	43.5938 65.1704 0.9913	
9.566198 292.878725	6.01e-01  8.54e-01  4.43e+05	0.1552 88.0799 0.5829	
9.566198 292.878725	6.23e-01  8.58e-01  4.38e+05	-11.7574 89.2950 0.9000	
9.566198 292.878725	3.48e-01  7.95e-01  5.08e+05	-6.0686 52.3808 0.3302	
9.566198 292.878725	5.44e-01  7.15e-01  4.81e+05	-27.9844 63.3864 0.8886	
9.566198 292.878725	7.71e-01  8.85e-01  4.09e+05	8.5212 101.2727 0.4287	
9.566198 292.878725	6.12e-01  9.48e-01  4.25e+05	-18.2067 93.8837 0.3620	
9.566198 292.878725	5.99e-01  8.81e-01  4.39e+05	-34.7214 83.0046 0.6967	
9.566198 292.878725	7.20e-01  8.38e-01  4.25e+05	0.2701 95.5362 0.9263	
9.566198 292.878725	7.13e-01  8.55e-01  4.23e+05	9.5597 95.7593 0.3862	
9.566198 292.878725	6.78e-01  8.49e-01  4.30e+05	-17.7315 91.7189 0.5571	
9.566198 292.878725	6.18e-01  8.27e-01  4.45e+05	37.0405 79.0165 0.3886	
9.566198 292.878725	5.90e-01  8.63e-01  4.43e+05	30.4801 82.3782 0.7718	
9.566198 292.878725	4.77e-01  5.89e-01  5.27e+05	-9.3711 35.1573 0.8344	
9.566198 292.878725	7.22e-01  9.11e-01  4.13e+05	-33.3767 94.5500 0.0986	
9.566198 292.878725	4.34e-01  8.18e-01  4.83e+05	-2.9965 68.3327 0.7196	
9.566198 292.878725	6.25e-01  8.02e-01  4.48e+05	16.4344 84.1926 0.3889	
9.566198 292.878725	5.82e-01  9.52e-01  4.29e+05	-17.4669 92.2359 0.1117	
9.566198 292.878725	5.48e-01  9.45e-01  4.36e+05	15.9947 89.5853 0.1762	
9.566198 292.878725	5.00e-01  6.53e-01  5.05e+05	-30.5450 45.0942 0.3258	
9.566198 292.878725	3.81e-01  9.03e-01  4.76e+05	22.3130 68.5717 0.8960	
9.566198 292.878725	7.78e-01  9.47e-01  3.99e+05	-47.3836 94.2875 0.9790	
9.566198 292.878725	4.34e-01  8.63e-01  4.74e+05	-33.2312 65.5681 0.8649	
9.566198 292.878725	6.60e-01  8.52e-01  4.33e+05	14.6210 91.2199 0.0959	
9.566198 292.878725	6.35e-01  8.96e-01  4.30e+05	-43.6213 82.9102 0.5315	
9.566198 292.878725	5.33e-01  9.63e-01  4.36e+05	-24.4096 87.8872 0.3751	
9.566198 292.878725	7.31e-01  8.12e-01  4.28e+05	-22.5004 91.7573 0.7333	
9.566198 292.878725	5.92e-01  8.23e-01  4.50e+05	-56.0589 63.5558 0.9518	
9.566198 292.878725	4.28e-01  7.77e-01  4.93e+05	-16.2956 60.1221 0.6694	
9.566198 292.878725	7.88e-01  9.42e-01  3.98e+05	10.1024 105.2947 0.1525	
9.566198 292.878725	3.69e-01  8.67e-01  4.87e+05	-5.8924 66.0755 0.1041	
9.566198 292.878725	7.10e-01  8.72e-01  4.21e+05	37.3161 89.6743 0.2175	
9.566198 292.878725	6.36e-01  6.89e-01  4.68e+05	-15.0958 74.9338 0.2081	
9.566198 292.878725	6.87e-01  8.47e-01  4.29e+05	16.3001 92.4779 0.6969	
9.566198 292.878725	4.76e-01  6.95e-01  5.01e+05	-9.1526 56.6967 0.4957	
9.566198 292.878725	4.92e-01  8.60e-01  4.62e+05	39.8175 68.4290 0.3034	
9.566198 292.878725	3.69e-01  9.31e-01  4.73e+05	-4.7699 73.7271 0.4830	
9.566198 292.878725	6.00e-01  7.50e-01  4.63e+05	-1.3723 78.9639 0.2641	
9.566198 292.878725	4.98e-01  8.16e-01  4.70e+05	-27.1821 70.2879 0.6256	
9.566198 292.878725	4.85e-01  7.70e-01  4.82e+05	-0.2352 68.7123 0.3522	
9.566198 292.878725	6.81e-01  7.70e-01  4.44e+05	-16.0408 86.2654 0.6108	
9.566198 292.878725	7.79e-01  8.76e-01  4.10e+05	23.2180 98.8832 0.8180	
9.566198 292.878725	5.12e-01  8.47e-01  4.61e+05	14.0653 78.5422 0.7318	
9.566198 292.878725	5.75e-01  7.57e-01  4.66e+05	3.7626 77.0430 0.2097	
9.566198 292.878725	6.51e-01  9.44e-01  4.19e+05	6.0565 97.6932 0.6287	
9.566198 292.878725	5.07e-01  6.78e-01  4.98e+05	-27.8209 52.7465 0.4342	
9.566198 292.878725	6.20e-01  7.14e-01  4.66e+05	-26.9409 72.5380 0.6642	
9.566198 292.878725	5.19e-01  6.35e-01  5.05e+05	0.2427 54.7151 0.0954	
9.566198 292.878725	5.94e-01  8.60e-01  4.43e+05	-40.4410 78.1801 0.7001	
9.566198 292.878725	6.51e-01  8.14e-01  4.41e+05	-47.3200 75.2266 0.0628	
9.566198 292.878725	3.88e-01  8.69e-01  4.82e+05	11.5868 67.9908 0.7950	
9.566198 292.878725	5.42e-01  6.40e-01  4.98e+05	13.1961 57.6862 0.4137	
9.566198 292.878725	6.72e-01  9.43e-01  4.16e+05	15.0555 98.0574 0.8160	
9.566198 292.878725	5.93e-01  9.93e-01  4.21e+05	3.3800 97.2795 0.9937	
9.566198 292.878725	4.57e-01  8.23e-01  4.77e+05	-34.1650 63.0763 0.9532	
9.566198 292.878725	5.99e-01  7.47e-01  4.64e+05	19.8793 76.0103 0.1653	
9.566198 292.878725	6.33e-01  8.45e-01  4.39e+05	-25.6832 86.0438 0.5911	
9.566198 292.878725	5.70e-01  7.00e-01  4.79e+05	14.2683 69.0630 0.9067	
9.566198 292.878725	6.60e-01  9.96e-01  4.09e+05	-14.3669 100.6171 0.2939	
9.566198 292.878725	8.22e-01  8.96e-01  4.00e+05	13.1250 104.2779 0.4157	
9.566198 292.878725	3.98e-01  6.94e-01  5.20e+05	-0.8947 42.9725 0.4189	
9.566198 292.878725	5.09e-01  8.40e-01  4.63e+05	-22.8963 75.4259 0.5624	
9.566198 292.878725	6.37e-01  8.14e-01  4.44e+05	2.0789 87.7363 0.2433	
9.566198 292.878725	4.86e-01  9.63e-01  4.44e+05	36.0698 79.8509 0.8576	
9.566198 292.878725	7.63e-01  8.89e-01  4.10e+05	-0.3521 101.4254 0.1403	
9.566198 292.878725	5.37e-01  9.18e-01  4.43e+05	2.5391 87.9844 0.7304	
9.566198 292.878725	7.64e-01  8.47e-01  4.16e+05	-23.7538 96.0511 0.3033	
9.566198 292.878725	4.84e-01  9.06e-01  4.55e+05	7.8840 82.2057 0.2266	
9.566198 292.878725	6.85e-01  7.83e-01  4.41e+05	-17.9258 87.1832 0.6618	
9.566198 292.878725	6.83e-01  7.36e-01  4.50e+05	-52.9669 66.5904 0.1162	
9.566198 292.878725	5.64e-01  8.23e-01  4.56e+05	4.8401 82.2248 0.1485	
9.566198 292.878725	5.82e-01  9.38e-01  4.31e+05	-20.0570 90.7595 0.1186	
9.566198 292.878725	3.38e-01  7.90e-01  5.11e+05	-8.2543 49.5438 0.0860	
9.566198 292.878725	6.68e-01  8.40e-01  4.34e+05	-58.3294 71.2224 0.4118	
9.566198 292.878725	3.14e-01  9.04e-01  4.90e+05	-33.3929 54.7397 0.6146	
9.566198 292.878725	5.32e-01  9.69e-01  4.35e+05	6.6061 91.3021 0.9254	
9.566198 292.878725	2.93e-01  8.13e-01  5.17e+05	3.0821 45.6243 0.5724	
9.566198 292.878725	5.01e-01  7.22e-01  4.89e+05	19.0285 61.9696 0.4198	
9.566198 292.878725	6.43e-01  9.36e-01  4.22e+05	-3.8839 96.7991 0.6690	
9.566198 292.878725	4.28e-01  7.39e-01  5.02e+05	-7.0556 56.3577 0.8240	
9.566198 292.878725	7.15e-01  8.25e-01  4.28e+05	4.2499 94.1963 0.0617	
9.566198 292.878725	5.08e-01  9.41e-01  4.44e+05	25.4509 83.7942 0.4428	
9.566198 292.878725	4.63e-01  9.52e-01  4.50e+05	-39.9707 74.7669 0.2961	
9.566198 292.878725	6.39e-01  8.42e-01  4.38e+05	-19.1856 88.0114 0.8843	
9.566198 292.878725	7.78e-01  8.59e-01  4.12e+05	55.2403 84.0146 0.8008	
9.566198 292.878725	6.49e-01  7.31e-01  4.57e+05	5.2354 81.6090 0.3888	
9.566198 292.878725	5.87e-01  8.39e-01  4.48e+05	-0.1102 85.7594 0.3625	
9.566198 292.878725	6.35e-01  6.65e-01  4.73e+05	19.4880 71.2244 0.5918	
9.566198 292.878725	5.88e-01  8.09e-01  4.54e+05	18.2113 81.2067 0.8301	
9.566198 292.878725	7.73e-01  9.19e-01  4.04e+05	33.5565 98.1020 0.0905	
9.566198 292.878725	5.52e-01  7.80e-01  4.66e+05	26.2259 72.5343 0.1540	
9.566198 292.878725	6.44e-01  7.93e-01  4.46e+05	44.7371 74.1551 0.0839	
9.566198 292.878725	5.69e-01  7.61e-01  4.67e+05	8.8554 76.4743 0.6541	
9.566198 292.878725	5.05e-01  8.38e-01  4.64e+05	-51.7077 58.8216 0.0491	
9.566198 292.878725	6.73e-01  7.21e-01  4.54e+05	31.7142 76.5825 0.2950	
9.566198 292.878725	4.68e-01  7.94e-01  4.81e+05	-15.3958 67.8783 0.5187	
9.566198 292.878725	6.15e-01  7.33e-01  4.63e+05	37.6541 69.1812 0.8739	
9.566198 292.878725	4.59e-01  9.16e-01  4.58e+05	28.6689 76.0499 0.3721	
9.566198 292.878725	5.20e-01  7.61e-01  4.77e+05	14.5176 70.3009 0.0646	
