88.783600 262.745574	6.36e-01  8.04e-01  2.22e+05	-0.0000 66.6180 0.3111	
88.783600 262.745574	4.18e-01  7.84e-01  2.46e+05	-22.2198 42.0273 0.0878	
88.783600 262.745574	6.68e-01  9.15e-01  2.10e+05	46.1084 58.5876 0.3727	
88.783600 262.745574	6.05e-01  8.04e-01  2.25e+05	-13.4289 63.2283 0.9121	
88.783600 262.745574	4.49e-01  7.74e-01  2.44e+05	-22.9250 44.0888 0.7894	
88.783600 262.745574	6.83e-01  7.32e-01  2.24e+05	6.9789 64.6145 0.3820	
88.783600 262.745574	5.40e-01  8.38e-01  2.28e+05	-4.3336 62.3581 0.4033	
88.783600 262.745574	5.66e-01  8.61e-01  2.23e+05	11.4720 64.8042 0.5815	
88.783600 262.745574	5.27e-01  7.16e-01  2.41e+05	-6.7601 51.1790 0.2859	
88.783600 262.745574	5.00e-01  8.95e-01  2.26e+05	5.5456 63.4319 0.5882	
88.783600 262.745574	5.22e-01  7.00e-01  2.44e+05	6.1764 49.2512 0.3836	
88.783600 262.745574	4.36e-01  9.38e-01  2.28e+05	1.6161 62.2520 0.7513	
88.783600 262.745574	4.55e-01  8.88e-01  2.31e+05	38.7325 45.8209 0.8821	
88.783600 262.745574	4.00e-01  8.34e-01  2.42e+05	-10.9079 49.5573 0.2863	
88.783600 262.745574	5.88e-01  7.52e-01  2.31e+05	-11.5262 58.6623 0.7539	
88.783600 262.745574	5.36e-01  8.80e-01  2.24e+05	-33.5950 55.7805 0.0570	
88.783600 262.745574	4.52e-01  9.52e-01  2.25e+05	29.4288 57.1544 0.6800	
88.783600 262.745574	7.84e-01  9.58e-01  1.97e+05	15.1779 80.1462 0.6803	
88.783600 262.745574	4.61e-01  6.64e-01  2.55e+05	-7.0129 37.3789 0.8865	
88.783600 262.745574	5.92e-01  6.19e-01  2.45e+05	2.3735 48.3764 0.9334	
88.783600 262.745574	6.29e-01  7.96e-01  2.23e+05	0.3133 65.6847 0.5819	
88.783600 262.745574	3.59e-01  8.08e-01  2.50e+05	-9.7923 42.3792 0.9672	
88.783600 262.745574	3.27e-01  8.58e-01  2.48e+05	-3.5357 45.4711 0.7324	
88.783600 262.745574	5.51e-01  8.51e-01  2.25e+05	23.1968 59.8652 0.7269	
88.783600 262.745574	3.52e-01  8.25e-01  2.49e+05	-11.4119 43.2226 0.5765	
88.783600 262.745574	4.65e-01  6.83e-01  2.52e+05	-1.3294 41.1773 0.0359	
88.783600 262.745574	5.22e-01  7.24e-01  2.41e+05	3.4698 51.7509 0.5664	
88.783600 262.745574	5.87e-01  6.55e-01  2.41e+05	-6.6420 51.1297 0.3714	
88.783600 262.745574	6.89e-01  7.99e-01  2.18e+05	-11.4552 68.5359 0.5506	
88.783600 262.745574	6.86e-01  8.59e-01  2.13e+05	38.2140 61.7161 0.8976	
88.783600 262.745574	4.29e-01  9.37e-01  2.29e+05	-16.9957 59.3140 0.8978	
88.783600 262.745574	5.93e-01  8.34e-01  2.23e+05	22.6001 61.7526 0.7933	
88.783600 262.745574	3.89e-01  8.74e-01  2.39e+05	7.9180 52.8658 0.3047	
88.783600 262.745574	6.53e-01  9.76e-01  2.06e+05	-9.1542 76.1836 0.8244	
88.783600 262.745574	6.21e-01  7.27e-01  2.31e+05	-14.6015 58.5648 0.0499	
88.783600 262.745574	3.59e-01  8.51e-01  2.45e+05	-2.9822 48.2557 0.4806	
88.783600 262.745574	6.78e-01  7.25e-01  2.25e+05	-10.7161 63.3446 0.7430	
88.783600 262.745574	4.56e-01  8.97e-01  2.30e+05	38.2579 47.1351 0.3907	
88.783600 262.745574	4.70e-01  7.05e-01  2.49e+05	-14.2187 42.0556 0.9898	
88.783600 262.745574	5.96e-01  7.30e-01  2.33e+05	-26.1309 52.5737 0.7668	
88.783600 262.745574	6.94e-01  7.88e-01  2.18e+05	11.8007 68.1281 0.3918	
88.783600 262.745574	4.33e-01  7.55e-01  2.47e+05	-14.2986 43.7392 0.0155	
88.783600 262.745574	7.21e-01  9.53e-01  2.02e+05	-26.9975 74.0000 0.2851	
88.783600 262.745574	4.73e-01  8.91e-01  2.29e+05	19.6703 58.3856 0.3495	
88.783600 262.745574	3.09e-01  8.78e-01  2.48e+05	-8.7087 44.9403 0.9118	
88.783600 262.745574	4.86e-01  7.10e-01  2.46e+05	-1.1836 46.8999 0.9938	
88.783600 262.745574	4.52e-01  7.84e-01  2.42e+05	15.1970 48.6909 0.9198	
88.783600 262.745574	5.41e-01  7.47e-01  2.37e+05	33.3361 44.5692 0.7885	
88.783600 262.745574	4.76e-01  7.04e-01  2.48e+05	-18.3370 41.1378 0.7132	
88.783600 262.745574	5.75e-01  7.20e-01  2.36e+05	-33.0797 45.4658 0.1330	
88.783600 262.745574	5.16e-01  6.07e-01  2.55e+05	6.4304 37.2091 0.7131	
88.783600 262.745574	7.16e-01  8.36e-01  2.12e+05	8.9514 72.4100 0.0570	
88.783600 262.745574	5.52e-01  6.32e-01  2.48e+05	9.0947 44.6250 0.9565	
88.783600 262.745574	6.81e-01  7.96e-01  2.19e+05	-13.5088 67.5038 0.0187	
88.783600 262.745574	4.19e-01  8.17e-01  2.42e+05	-5.6187 50.6584 0.7804	
88.783600 262.745574	5.19e-01  9.37e-01  2.20e+05	-19.7495 64.6284 0.2275	
88.783600 262.745574	6.71e-01  8.71e-01  2.13e+05	-21.1435 69.2666 0.1765	
88.783600 262.745574	4.37e-01  7.29e-01  2.50e+05	5.4078 43.0731 0.6977	
88.783600 262.745574	6.35e-01  7.61e-01  2.26e+05	6.8180 63.4569 0.7367	
88.783600 262.745574	6.14e-01  9.20e-01  2.14e+05	14.8487 70.4781 0.1483	
88.783600 262.745574	6.73e-01  9.13e-01  2.09e+05	12.2822 73.6164 0.1245	
88.783600 262.745574	3.40e-01  8.71e-01  2.45e+05	-28.5044 39.2233 0.8038	
88.783600 262.745574	4.10e-01  8.45e-01  2.40e+05	-25.0815 46.4108 0.6985	
88.783600 262.745574	3.88e-01  8.58e-01  2.41e+05	8.9739 51.1661 0.3177	
88.783600 262.745574	3.20e-01  8.68e-01  2.47e+05	22.6922 40.0637 0.4786	
88.783600 262.745574	4.37e-01  8.34e-01  2.38e+05	-7.2093 53.6882 0.6747	
88.783600 262.745574	3.65e-01  7.61e-01  2.55e+05	-0.7616 38.1074 0.5346	
88.783600 262.745574	5.16e-01  8.52e-01  2.29e+05	27.6311 55.3081 0.5277	
88.783600 262.745574	5.30e-01  7.08e-01  2.42e+05	27.4243 43.2050 0.0394	
88.783600 262.745574	5.15e-01  7.70e-01  2.37e+05	8.5402 54.7486 0.4408	
88.783600 262.745574	6.00e-01  7.89e-01  2.27e+05	2.8073 63.2431 0.1807	
88.783600 262.745574	2.67e-01  9.29e-01  2.47e+05	4.3399 46.6524 0.9934	
88.783600 262.745574	4.25e-01  8.76e-01  2.35e+05	-29.1377 48.7075 0.9588	
88.783600 262.745574	6.94e-01  8.13e-01  2.16e+05	-16.7468 68.5508 0.6368	
88.783600 262.745574	6.37e-01  8.93e-01  2.14e+05	5.1309 71.6283 0.5609	
88.783600 262.745574	5.65e-01  7.04e-01  2.39e+05	11.9296 52.7166 0.4717	
88.783600 262.745574	5.48e-01  7.22e-01  2.38e+05	-7.6261 53.6212 0.3959	
88.783600 262.745574	5.36e-01  6.75e-01  2.45e+05	-15.5780 45.8010 0.9860	
88.783600 262.745574	5.84e-01  8.58e-01  2.22e+05	15.2554 64.9829 0.2656	
88.783600 262.745574	5.59e-01  8.18e-01  2.28e+05	16.9150 60.1425 0.8063	
88.783600 262.745574	5.69e-01  9.42e-01  2.16e+05	20.4732 67.7311 0.3662	
88.783600 262.745574	6.31e-01  9.81e-01  2.07e+05	6.0951 75.6843 0.7411	
88.783600 262.745574	4.60e-01  6.22e-01  2.60e+05	-7.9193 30.1420 0.9923	
88.783600 262.745574	7.09e-01  7.32e-01  2.22e+05	18.5245 64.0376 0.5049	
88.783600 262.745574	5.35e-01  7.69e-01  2.35e+05	4.5676 56.8591 0.2295	
88.783600 262.745574	5.66e-01  8.85e-01  2.21e+05	8.4769 66.7700 0.4213	
88.783600 262.745574	4.27e-01  7.71e-01  2.46e+05	18.9198 43.1441 0.7946	
88.783600 262.745574	5.59e-01  8.43e-01  2.25e+05	2.3968 64.1352 0.0934	
88.783600 262.745574	3.62e-01  9.09e-01  2.38e+05	-5.7471 53.8064 0.2515	
88.783600 262.745574	4.92e-01  8.97e-01  2.27e+05	-2.6904 63.2394 0.0291	
88.783600 262.745574	7.63e-01  8.24e-01  2.09e+05	2.7751 74.6330 0.3090	
88.783600 262.745574	6.52e-01  8.92e-01  2.13e+05	1.8620 72.5111 0.7905	
88.783600 262.745574	5.14e-01  7.16e-01  2.43e+05	11.7316 49.0233 0.9676	
88.783600 262.745574	7.54e-01  8.27e-01  2.10e+05	22.3966 70.9676 0.7198	
88.783600 262.745574	5.09e-01  7.02e-01  2.45e+05	-29.5152 38.3710 0.4159	
88.783600 262.745574	5.25e-01  6.90e-01  2.44e+05	22.4408 43.4574 0.0071	
88.783600 262.745574	4.90e-01  8.05e-01  2.36e+05	-43.4577 35.7597 0.6951	
88.783600 262.745574	6.69e-01  7.85e-01  2.21e+05	-16.0380 65.5214 0.5548	
88.783600 262.745574	4.01e-01  7.77e-01  2.49e+05	-9.0341 43.9373 0.7986	
88.783600 262.745574	3.64e-01  9.27e-01  2.36e+05	-1.9232 55.9167 0.4135	
88.783600 262.745574	3.17e-01  9.21e-01  2.42e+05	8.2596 50.4600 0.9425	
88.783600 262.745574	5.05e-01  8.99e-01  2.25e+05	-12.1667 63.1341 0.8509	
88.783600 262.745574	4.66e-01  6.38e-01  2.57e+05	13.7405 32.0049 0.8408	
88.783600 262.745574	5.05e-01  8.20e-01  2.33e+05	-16.6084 56.2222 0.3333	
88.783600 262.745574	6.18e-01  8.00e-01  2.24e+05	0.1040 65.2116 0.3546	
88.783600 262.745574	5.54e-01  7.34e-01  2.37e+05	-31.0258 46.2725 0.2019	
88.783600 262.745574	4.02e-01  7.64e-01  2.50e+05	-4.0871 43.1607 0.4601	
88.783600 262.745574	6.06e-01  7.72e-01  2.28e+05	7.0456 62.1608 0.0773	
88.783600 262.745574	3.48e-01  7.94e-01  2.53e+05	10.6192 38.9948 0.4381	
88.783600 262.745574	3.92e-01  7.35e-01  2.54e+05	5.9890 37.9004 0.8449	
88.783600 262.745574	6.42e-01  6.84e-01  2.33e+05	1.1524 58.7675 0.8610	
88.783600 262.745574	4.40e-01  9.66e-01  2.25e+05	-29.5701 57.2472 0.8039	
88.783600 262.745574	5.83e-01  8.26e-01  2.25e+05	15.8651 62.6682 0.3583	
88.783600 262.745574	5.19e-01  8.67e-01  2.27e+05	-13.0122 61.7864 0.1757	
88.783600 262.745574	3.86e-01  8.58e-01  2.41e+05	22.5650 46.5013 0.9695	
88.783600 262.745574	4.61e-01  7.26e-01  2.47e+05	12.4739 44.1997 0.2153	
88.783600 262.745574	5.13e-01  8.72e-01  2.27e+05	1.5420 63.0241 0.4961	
88.783600 262.745574	4.26e-01  9.32e-01  2.30e+05	-31.8400 52.1404 0.7984	
88.783600 262.745574	5.00e-01  7.16e-01  2.44e+05	-26.1204 41.4799 0.9223	
88.783600 262.745574	5.77e-01  7.18e-01  2.36e+05	-12.8096 54.8419 0.7478	
88.783600 262.745574	6.36e-01  8.71e-01  2.16e+05	-19.6159 67.7911 0.3714	
88.783600 262.745574	5.47e-01  8.52e-01  2.26e+05	3.6269 63.8598 0.5877	
88.783600 262.745574	5.41e-01  9.49e-01  2.17e+05	43.0811 54.6519 0.1838	
88.783600 262.745574	5.68e-01  6.47e-01  2.44e+05	3.8735 48.6704 0.4224	
88.783600 262.745574	5.41e-01  9.80e-01  2.15e+05	15.6724 69.5530 0.4186	
88.783600 262.745574	5.48e-01  8.24e-01  2.28e+05	27.7978 55.5063 0.8262	
88.783600 262.745574	5.39e-01  9.28e-01  2.19e+05	-7.6704 67.8091 0.5450	
88.783600 262.745574	4.24e-01  8.20e-01  2.41e+05	-13.7582 49.8196 0.7278	
88.783600 262.745574	6.19e-01  8.98e-01  2.15e+05	19.0039 68.4917 0.6637	
88.783600 262.745574	6.46e-01  7.34e-01  2.27e+05	3.4269 62.6403 0.0569	
88.783600 262.745574	3.77e-01  8.66e-01  2.41e+05	-12.0987 50.2583 0.9141	
88.783600 262.745574	6.79e-01  7.37e-01  2.24e+05	17.5314 62.6727 0.3540	
88.783600 262.745574	4.97e-01  9.05e-01  2.25e+05	3.6391 64.0433 0.3544	
88.783600 262.745574	4.64e-01  7.71e-01  2.42e+05	13.8471 49.0037 0.1275	
88.783600 262.745574	7.72e-01  8.40e-01  2.07e+05	-12.3024 74.9359 0.0897	
88.783600 262.745574	6.03e-01  7.56e-01  2.30e+05	12.5580 59.8727 0.1102	
88.783600 262.745574	5.70e-01  8.52e-01  2.24e+05	-11.5760 64.4051 0.5516	
88.783600 262.745574	6.05e-01  9.60e-01  2.11e+05	-31.5391 66.5383 0.8355	
88.783600 262.745574	5.28e-01  8.37e-01  2.29e+05	12.3240 60.4222 0.6246	
88.783600 262.745574	4.49e-01  9.77e-01  2.23e+05	-1.9031 65.7409 0.5988	
88.783600 262.745574	5.72e-01  8.88e-01  2.20e+05	-35.5947 57.7737 0.0688	
88.783600 262.745574	5.73e-01  9.89e-01  2.11e+05	6.4025 73.1917 0.6964	
88.783600 262.745574	5.44e-01  7.00e-01  2.41e+05	-30.3746 41.9029 0.2631	
88.783600 262.745574	4.31e-01  7.09e-01  2.53e+05	-9.7435 38.9429 0.0292	
88.783600 262.745574	5.36e-01  7.35e-01  2.38e+05	-12.1929 52.8429 0.2735	
88.783600 262.745574	6.58e-01  8.58e-01  2.15e+05	27.0178 65.7488 0.6074	
88.783600 262.745574	5.13e-01  7.66e-01  2.37e+05	-0.0593 54.9357 0.7405	
88.783600 262.745574	5.07e-01  7.75e-01  2.37e+05	6.1754 54.8449 0.0488	
88.783600 262.745574	4.08e-01  9.24e-01  2.32e+05	-9.2076 58.4938 0.6511	
88.783600 262.745574	5.60e-01  7.28e-01  2.37e+05	-17.4410 52.8766 0.6105	
88.783600 262.745574	6.75e-01  8.93e-01  2.11e+05	18.6681 71.3519 0.0782	
88.783600 262.745574	3.99e-01  8.09e-01  2.45e+05	20.7094 43.5342 0.9652	
88.783600 262.745574	2.95e-01  9.36e-01  2.43e+05	-14.0172 48.4335 0.0397	
88.783600 262.745574	5.56e-01  8.15e-01  2.28e+05	-6.6844 61.6561 0.1228	
88.783600 262.745574	4.71e-01  8.16e-01  2.37e+05	1.2418 55.5684 0.0870	
88.783600 262.745574	4.03e-01  9.08e-01  2.34e+05	0.5753 57.4700 0.8290	
88.783600 262.745574	6.17e-01  8.27e-01  2.22e+05	31.7323 58.8341 0.9595	
88.783600 262.745574	4.92e-01  7.95e-01  2.37e+05	-0.5709 55.5817 0.8670	
88.783600 262.745574	5.71e-01  6.70e-01  2.41e+05	1.7074 51.4753 0.2539	
88.783600 262.745574	4.47e-01  9.72e-01  2.24e+05	4.4265 65.0980 0.6879	
88.783600 262.745574	5.89e-01  8.03e-01  2.26e+05	18.5925 60.6916 0.6744	
88.783600 262.745574	5.94e-01  9.22e-01  2.15e+05	-29.0175 64.8699 0.9017	
88.783600 262.745574	4.58e-01  7.63e-01  2.44e+05	14.6969 47.2007 0.0657	
88.783600 262.745574	4.46e-01  7.28e-01  2.49e+05	9.7981 43.2344 0.8637	
88.783600 262.745574	8.23e-01  8.67e-01  2.01e+05	14.3042 78.1523 0.7212	
88.783600 262.745574	5.98e-01  8.15e-01  2.24e+05	-34.4981 54.9254 0.8259	
88.783600 262.745574	6.73e-01  7.97e-01  2.19e+05	1.9308 68.3678 0.0345	
88.783600 262.745574	7.60e-01  8.45e-01  2.08e+05	4.5843 75.4169 0.9392	
88.783600 262.745574	8.00e-01  8.77e-01  2.02e+05	-5.4260 78.7136 0.3568	
88.783600 262.745574	4.27e-01  9.42e-01  2.29e+05	0.0541 61.9071 0.2272	
88.783600 262.745574	5.01e-01  6.67e-01  2.50e+05	11.7652 42.0917 0.7947	
88.783600 262.745574	6.45e-01  8.04e-01  2.21e+05	14.9034 65.4553 0.8591	
88.783600 262.745574	6.16e-01  8.04e-01  2.24e+05	25.9006 60.0197 0.1053	
88.783600 262.745574	6.83e-01  8.98e-01  2.10e+05	-15.1234 72.8545 0.1186	
88.783600 262.745574	5.15e-01  8.83e-01  2.26e+05	-0.7151 63.8654 0.9418	
88.783600 262.745574	6.06e-01  7.69e-01  2.28e+05	-5.8079 62.0218 0.1401	
88.783600 262.745574	6.38e-01  7.17e-01  2.30e+05	2.8131 60.7956 0.5986	
88.783600 262.745574	6.06e-01  8.54e-01  2.20e+05	43.4594 52.0520 0.5832	
88.783600 262.745574	6.40e-01  9.16e-01  2.12e+05	4.8402 72.9789 0.3889	
88.783600 262.745574	5.99e-01  6.95e-01  2.36e+05	-13.3301 54.5094 0.7866	
88.783600 262.745574	4.64e-01  8.84e-01  2.31e+05	-21.3213 56.4488 0.6175	
88.783600 262.745574	4.47e-01  7.82e-01  2.43e+05	22.4593 44.9019 0.1187	
88.783600 262.745574	2.94e-01  8.75e-01  2.50e+05	-7.1799 43.2143 0.0292	
88.783600 262.745574	5.31e-01  9.60e-01  2.17e+05	-10.2048 68.8912 0.3201	
88.783600 262.745574	3.15e-01  8.43e-01  2.51e+05	2.3754 42.4128 0.3102	
88.783600 262.745574	5.49e-01  7.80e-01  2.32e+05	-16.9944 56.4404 0.4391	
88.783600 262.745574	3.58e-01  7.66e-01  2.55e+05	0.3601 37.9457 0.5747	
88.783600 262.745574	5.10e-01  6.59e-01  2.50e+05	16.6801 40.5437 0.1969	
88.783600 262.745574	3.41e-01  7.65e-01  2.57e+05	-1.7263 34.9965 0.6578	
88.783600 262.745574	7.10e-01  7.90e-01  2.17e+05	-26.7960 64.8269 0.7595	
88.783600 262.745574	4.60e-01  7.16e-01  2.49e+05	7.2535 44.0211 0.1705	
88.783600 262.745574	4.53e-01  9.27e-01  2.28e+05	28.4582 55.8018 0.5081	
88.783600 262.745574	5.43e-01  6.71e-01  2.45e+05	-7.6082 48.1784 0.8858	
88.783600 262.745574	6.30e-01  9.85e-01  2.07e+05	30.5046 69.6934 0.1937	
88.783600 262.745574	7.09e-01  9.28e-01  2.05e+05	-38.3812 66.8624 0.8554	
88.783600 262.745574	5.99e-01  7.64e-01  2.29e+05	-8.5401 60.8586 0.8154	
88.783600 262.745574	4.53e-01  8.24e-01  2.38e+05	10.4690 53.7319 0.9730	
88.783600 262.745574	5.20e-01  6.66e-01  2.48e+05	2.7599 45.7191 0.4448	
88.783600 262.745574	8.42e-01  9.29e-01  1.95e+05	-15.1945 81.3071 0.3867	
88.783600 262.745574	6.87e-01  7.08e-01  2.26e+05	29.1156 56.7003 0.3941	
88.783600 262.745574	5.12e-01  9.96e-01  2.16e+05	30.5875 63.6048 0.3251	
88.783600 262.745574	4.59e-01  8.62e-01  2.33e+05	9.4674 57.5727 0.1546	
88.783600 262.745574	5.62e-01  9.06e-01  2.19e+05	-19.0438 65.6045 0.0039	
88.783600 262.745574	3.91e-01  7.82e-01  2.49e+05	-1.5328 44.2654 0.9165	
88.783600 262.745574	5.62e-01  7.99e-01  2.29e+05	-7.3796 60.8494 0.3882	
88.783600 262.745574	3.54e-01  8.98e-01  2.40e+05	-0.4851 52.5016 0.7747	
88.783600 262.745574	4.57e-01  7.35e-01  2.47e+05	33.1671 32.5175 0.7782	
88.783600 262.745574	6.07e-01  6.98e-01  2.35e+05	12.1474 55.7904 0.4051	
88.783600 262.745574	5.50e-01  8.56e-01  2.25e+05	13.6905 63.0040 0.1621	
88.783600 262.745574	5.65e-01  8.97e-01  2.20e+05	-37.9248 56.3945 0.0484	
88.783600 262.745574	5.91e-01  9.11e-01  2.16e+05	14.4701 68.7439 0.9256	
88.783600 262.745574	6.63e-01  8.56e-01  2.15e+05	-34.3660 62.3846 0.6076	
88.783600 262.745574	5.16e-01  8.03e-01  2.33e+05	3.3578 58.0720 0.3549	
88.783600 262.745574	3.33e-01  8.37e-01  2.49e+05	22.4017 37.8325 0.2436	
88.783600 262.745574	6.08e-01  8.06e-01  2.24e+05	10.2359 64.1675 0.3778	
88.783600 262.745574	6.38e-01  8.92e-01  2.14e+05	14.2346 70.3441 0.2591	
88.783600 262.745574	5.48e-01  6.84e-01  2.43e+05	19.0760 46.7947 0.7884	
88.783600 262.745574	5.34e-01  7.92e-01  2.33e+05	-5.3772 58.5448 0.4178	
88.783600 262.745574	4.57e-01  8.73e-01  2.32e+05	-5.3448 58.8218 0.6153	
88.783600 262.745574	4.49e-01  8.16e-01  2.39e+05	16.6566 51.0494 0.7168	
88.783600 262.745574	3.12e-01  8.77e-01  2.47e+05	5.2779 45.8364 0.4161	
88.783600 262.745574	5.58e-01  7.64e-01  2.33e+05	-23.6958 53.3693 0.9782	
88.783600 262.745574	5.12e-01  7.88e-01  2.35e+05	-27.1600 49.7393 0.0649	
88.783600 262.745574	6.14e-01  8.77e-01  2.17e+05	17.3549 67.4491 0.5027	
88.783600 262.745574	2.54e-01  9.71e-01  2.43e+05	-9.2463 48.9577 0.6077	
88.783600 262.745574	5.95e-01  8.24e-01  2.24e+05	0.6054 65.2319 0.9079	
88.783600 262.745574	4.55e-01  7.57e-01  2.45e+05	-6.6931 48.1276 0.5347	
88.783600 262.745574	4.28e-01  7.46e-01  2.49e+05	-6.6844 43.8562 0.2928	
88.783600 262.745574	3.00e-01  7.99e-01  2.58e+05	10.6221 32.4515 0.6190	
88.783600 262.745574	7.23e-01  9.39e-01  2.03e+05	55.6304 55.0148 0.0256	
88.783600 262.745574	5.49e-01  7.91e-01  2.31e+05	-10.3252 58.8624 0.1349	
88.783600 262.745574	5.68e-01  7.71e-01  2.31e+05	-3.4572 59.6061 0.6778	
88.783600 262.745574	5.17e-01  8.68e-01  2.27e+05	25.3360 57.7030 0.3964	
88.783600 262.745574	3.69e-01  7.82e-01  2.52e+05	-2.4973 41.5173 0.2445	
88.783600 262.745574	5.68e-01  9.29e-01  2.17e+05	17.8107 67.6849 0.9521	
88.783600 262.745574	6.20e-01  8.86e-01  2.16e+05	-0.8099 70.4972 0.8344	
88.783600 262.745574	6.34e-01  9.22e-01  2.12e+05	-15.4775 71.5053 0.3408	
88.783600 262.745574	4.62e-01  8.27e-01  2.36e+05	-3.4369 55.6541 0.9866	
88.783600 262.745574	6.30e-01  9.02e-01  2.14e+05	-13.6585 70.6083 0.7195	
88.783600 262.745574	5.15e-01  6.89e-01  2.46e+05	-6.2882 47.3685 0.6738	
88.783600 262.745574	5.92e-01  7.70e-01  2.29e+05	11.4235 60.3630 0.2154	
88.783600 262.745574	5.25e-01  5.90e-01  2.56e+05	-1.8277 36.6080 0.0046	
88.783600 262.745574	4.89e-01  6.85e-01  2.49e+05	-3.9893 44.2792 0.9338	
88.783600 262.745574	5.61e-01  8.89e-01  2.21e+05	23.7235 62.8816 0.3937	
88.783600 262.745574	4.50e-01  8.85e-01  2.32e+05	-22.3253 55.0547 0.9004	
88.783600 262.745574	3.96e-01  8.30e-01  2.43e+05	2.8235 49.9008 0.7334	
88.783600 262.745574	5.08e-01  9.62e-01  2.19e+05	3.5480 68.2946 0.2531	
88.783600 262.745574	4.50e-01  7.13e-01  2.50e+05	13.0914 41.0667 0.7533	
88.783600 262.745574	5.63e-01  7.90e-01  2.30e+05	4.4364 60.6194 0.8448	
88.783600 262.745574	7.80e-01  8.62e-01  2.05e+05	-27.8200 72.1272 0.3311	
88.783600 262.745574	3.05e-01  7.58e-01  2.62e+05	-5.9078 26.8497 0.4001	
88.783600 262.745574	6.54e-01  7.26e-01  2.27e+05	-4.7276 62.5112 0.5522	
88.783600 262.745574	5.95e-01  9.35e-01  2.14e+05	31.0528 64.7447 0.2361	
88.783600 262.745574	4.70e-01  6.74e-01  2.53e+05	0.2560 40.6290 0.7189	
88.783600 262.745574	3.61e-01  8.66e-01  2.43e+05	10.7173 49.0073 0.8905	
88.783600 262.745574	5.82e-01  8.02e-01  2.27e+05	-0.9506 62.9641 0.4508	
88.783600 262.745574	4.89e-01  6.94e-01  2.48e+05	6.3548 45.0227 0.6176	
88.783600 262.745574	5.92e-01  8.10e-01  2.25e+05	-23.5572 59.6339 0.5112	
88.783600 262.745574	6.01e-01  9.30e-01  2.14e+05	-17.2365 69.7748 0.5053	
88.783600 262.745574	4.79e-01  8.36e-01  2.34e+05	-33.5482 47.1703 0.8809	
88.783600 262.745574	6.41e-01  8.64e-01  2.16e+05	0.0919 70.4325 0.1346	
88.783600 262.745574	5.39e-01  5.72e-01  2.56e+05	13.0064 33.5624 0.4227	
88.783600 262.745574	5.51e-01  6.39e-01  2.47e+05	-6.3944 45.7648 0.7046	
88.783600 262.745574	4.31e-01  8.74e-01  2.35e+05	-18.4293 54.0255 0.0077	
88.783600 262.745574	3.13e-01  8.64e-01  2.49e+05	-5.6135 44.4348 0.1277	
88.783600 262.745574	4.68e-01  8.27e-01  2.36e+05	-6.0057 55.9454 0.2472	
88.783600 262.745574	5.59e-01  7.51e-01  2.34e+05	-25.6805 51.3457 0.9387	
88.783600 262.745574	7.26e-01  8.22e-01  2.13e+05	-31.0590 65.7550 0.0445	
88.783600 262.745574	5.12e-01  7.12e-01  2.43e+05	-5.8451 49.4778 0.0724	
88.783600 262.745574	3.93e-01  8.53e-01  2.41e+05	-11.1643 50.7165 0.2581	
88.783600 262.745574	5.95e-01  7.05e-01  2.35e+05	9.7145 55.8040 0.2795	
88.783600 262.745574	5.90e-01  8.25e-01  2.24e+05	-6.6004 64.6599 0.5253	
88.783600 262.745574	6.22e-01  7.80e-01  2.25e+05	7.5936 63.7094 0.9220	
88.783600 262.745574	5.76e-01  8.44e-01  2.24e+05	-24.0210 60.7835 0.9135	
88.783600 262.745574	5.21e-01  8.28e-01  2.30e+05	32.2139 51.2080 0.5365	
88.783600 262.745574	4.95e-01  7.15e-01  2.45e+05	23.9878 42.0074 0.4758	
88.783600 262.745574	7.68e-01  7.87e-01  2.12e+05	33.6615 64.9270 0.7825	
88.783600 262.745574	6.77e-01  7.43e-01  2.24e+05	-19.1273 62.4678 0.7732	
88.783600 262.745574	5.46e-01  8.20e-01  2.29e+05	-5.9882 61.3501 0.5100	
88.783600 262.745574	5.63e-01  7.38e-01  2.35e+05	-35.7448 44.0023 0.6421	
88.783600 262.745574	4.72e-01  7.18e-01  2.47e+05	12.2815 44.4787 0.7341	
88.783600 262.745574	5.90e-01  7.53e-01  2.31e+05	-30.7643 51.5671 0.9734	
88.783600 262.745574	8.18e-01  9.36e-01  1.97e+05	-18.0750 80.0445 0.9468	
88.783600 262.745574	7.25e-01  9.58e-01  2.02e+05	1.0342 79.1540 0.5535	
88.783600 262.745574	4.38e-01  6.66e-01  2.57e+05	-1.9084 34.7923 0.9098	
88.783600 262.745574	3.79e-01  7.65e-01  2.52e+05	15.8222 37.4607 0.1138	
88.783600 262.745574	3.86e-01  9.10e-01  2.36e+05	14.5310 54.4059 0.2968	
88.783600 262.745574	6.38e-01  8.18e-01  2.20e+05	-22.6180 63.6907 0.6116	
88.783600 262.745574	5.58e-01  8.59e-01  2.24e+05	-10.7426 64.2975 0.5015	
88.783600 262.745574	6.65e-01  8.93e-01  2.12e+05	8.4099 72.7944 0.2915	
88.783600 262.745574	6.51e-01  8.67e-01  2.15e+05	13.7481 69.8034 0.8204	
88.783600 262.745574	7.19e-01  8.58e-01  2.10e+05	-0.0909 74.2056 0.2527	
88.783600 262.745574	6.68e-01  7.77e-01  2.21e+05	-15.2261 65.1364 0.5376	
88.783600 262.745574	5.09e-01  8.01e-01  2.34e+05	7.1581 57.0626 0.5472	
88.783600 262.745574	5.73e-01  7.69e-01  2.31e+05	9.7527 59.1426 0.7479	
88.783600 262.745574	6.55e-01  7.58e-01  2.24e+05	-33.7075 55.4001 0.2654	
88.783600 262.745574	5.28e-01  8.41e-01  2.29e+05	1.3911 61.9045 0.4163	
88.783600 262.745574	6.35e-01  8.74e-01  2.16e+05	-21.5100 67.2935 0.2018	
88.783600 262.745574	5.69e-01  6.71e-01  2.42e+05	-23.0085 45.8362 0.0624	
88.783600 262.745574	4.56e-01  6.66e-01  2.55e+05	-8.1630 36.7598 0.3825	
88.783600 262.745574	7.03e-01  8.99e-01  2.08e+05	-26.5362 70.6157 0.4557	
88.783600 262.745574	4.81e-01  8.14e-01  2.36e+05	-26.9866 49.3569 0.8087	
88.783600 262.745574	6.64e-01  8.23e-01  2.18e+05	17.0287 67.2888 0.0977	
88.783600 262.745574	5.86e-01  9.13e-01  2.17e+05	-8.1114 69.6148 0.2018	
88.783600 262.745574	4.65e-01  7.29e-01  2.47e+05	-11.2325 45.2832 0.0889	
88.783600 262.745574	5.94e-01  7.68e-01  2.29e+05	-9.4383 60.6657 0.7920	
88.783600 262.745574	7.09e-01  8.24e-01  2.14e+05	-11.1573 71.0866 0.9742	
88.783600 262.745574	6.28e-01  8.65e-01  2.17e+05	-2.9021 69.7368 0.3893	
88.783600 262.745574	5.40e-01  9.02e-01  2.22e+05	-2.1847 66.7288 0.0282	
88.783600 262.745574	5.00e-01  7.14e-01  2.45e+05	2.9857 48.6580 0.1942	
88.783600 262.745574	5.14e-01  9.01e-01  2.24e+05	21.4951 61.3753 0.9266	
88.783600 262.745574	6.06e-01  6.70e-01  2.38e+05	-28.2904 46.7000 0.9680	
88.783600 262.745574	5.68e-01  8.01e-01  2.28e+05	0.5649 61.9633 0.7742	
88.783600 262.745574	5.44e-01  8.76e-01  2.24e+05	11.0537 64.3773 0.9722	
88.783600 262.745574	5.42e-01  6.46e-01  2.47e+05	26.7399 37.4502 0.7264	
88.783600 262.745574	3.90e-01  8.70e-01  2.40e+05	4.8806 52.9732 0.4063	
88.783600 262.745574	5.28e-01  6.92e-01  2.44e+05	-7.8792 48.6531 0.9933	
88.783600 262.745574	4.66e-01  7.63e-01  2.43e+05	11.4109 48.9417 0.0439	
88.783600 262.745574	6.33e-01  8.39e-01  2.19e+05	23.4151 64.3991 0.0148	
88.783600 262.745574	6.92e-01  8.43e-01  2.14e+05	-28.1207 66.3365 0.8054	
88.783600 262.745574	5.59e-01  8.58e-01  2.24e+05	-9.9809 64.4245 0.8845	
88.783600 262.745574	4.59e-01  6.53e-01  2.56e+05	5.4132 35.6219 0.7604	
88.783600 262.745574	5.78e-01  8.19e-01  2.26e+05	16.5829 61.6513 0.8807	
88.783600 262.745574	3.77e-01  8.57e-01  2.42e+05	-1.5150 50.7488 0.9360	
88.783600 262.745574	4.62e-01  9.12e-01  2.28e+05	25.5931 56.8258 0.4762	
88.783600 262.745574	6.39e-01  8.53e-01  2.17e+05	-0.9991 69.7169 0.0031	
88.783600 262.745574	4.83e-01  7.48e-01  2.43e+05	2.7690 50.3766 0.6937	
88.783600 262.745574	7.35e-01  7.75e-01  2.16e+05	13.9456 69.3436 0.3716	
88.783600 262.745574	5.38e-01  7.78e-01  2.34e+05	18.6248 54.9013 0.0641	
88.783600 262.745574	6.47e-01  8.74e-01  2.15e+05	-38.4755 60.1031 0.3888	
88.783600 262.745574	4.05e-01  7.83e-01  2.47e+05	-7.7014 45.3925 0.1288	
88.783600 262.745574	5.09e-01  8.15e-01  2.33e+05	-37.4719 45.0224 0.3594	
88.783600 262.745574	4.36e-01  7.62e-01  2.46e+05	3.8738 46.9205 0.0722	
88.783600 262.745574	5.89e-01  8.31e-01  2.24e+05	-6.9599 64.9804 0.3667	
88.783600 262.745574	5.25e-01  6.61e-01  2.48e+05	4.2839 45.6455 0.8158	
88.783600 262.745574	6.01e-01  7.08e-01  2.35e+05	-17.2215 54.6963 0.3046	
88.783600 262.745574	3.92e-01  6.96e-01  2.59e+05	9.4714 30.7313 0.9448	
88.783600 262.745574	7.29e-01  8.33e-01  2.11e+05	4.5277 73.3394 0.8457	
88.783600 262.745574	7.31e-01  7.56e-01  2.18e+05	24.5360 64.9363 0.5068	
88.783600 262.745574	6.10e-01  6.94e-01  2.35e+05	7.6465 56.4280 0.4374	
88.783600 262.745574	4.28e-01  7.22e-01  2.52e+05	-12.9914 39.3413 0.9593	
88.783600 262.745574	3.96e-01  8.19e-01  2.44e+05	-9.3556 47.9715 0.5364	
88.783600 262.745574	5.48e-01  7.65e-01  2.34e+05	-12.8626 56.2757 0.7843	
88.783600 262.745574	5.66e-01  8.45e-01  2.25e+05	7.8142 64.2696 0.6642	
88.783600 262.745574	4.75e-01  7.27e-01  2.46e+05	-13.1325 45.6777 0.0065	
88.783600 262.745574	4.78e-01  9.41e-01  2.24e+05	-24.4962 60.5044 0.5179	
88.783600 262.745574	5.23e-01  8.92e-01  2.24e+05	22.5209 60.9879 0.7642	
88.783600 262.745574	5.43e-01  6.03e-01  2.52e+05	-15.1353 37.9239 0.3476	
88.783600 262.745574	5.56e-01  9.46e-01  2.16e+05	-9.6258 69.5890 0.7969	
88.783600 262.745574	5.15e-01  6.69e-01  2.48e+05	22.0112 39.7878 0.0576	
88.783600 262.745574	4.64e-01  7.68e-01  2.43e+05	-20.0802 46.4366 0.5982	
88.783600 262.745574	5.36e-01  8.16e-01  2.30e+05	-25.2630 55.1749 0.1275	
88.783600 262.745574	5.57e-01  6.70e-01  2.43e+05	1.4008 50.0588 0.2320	
88.783600 262.745574	5.37e-01  7.27e-01  2.39e+05	-8.3918 52.9422 0.8319	
88.783600 262.745574	5.10e-01  8.39e-01  2.30e+05	27.9402 53.6739 0.9052	
88.783600 262.745574	6.92e-01  9.55e-01  2.05e+05	22.9355 74.0851 0.2623	
88.783600 262.745574	7.87e-01  8.94e-01  2.02e+05	-9.7073 78.4600 0.9080	
88.783600 262.745574	6.14e-01  6.44e-01  2.40e+05	21.3705 48.5262 0.7326	
88.783600 262.745574	6.25e-01  8.65e-01  2.17e+05	17.0206 67.4285 0.7846	
88.783600 262.745574	5.43e-01  6.40e-01  2.48e+05	0.7875 45.3336 0.5290	
88.783600 262.745574	4.79e-01  8.57e-01  2.32e+05	-11.4902 58.3781 0.4705	
88.783600 262.745574	7.28e-01  8.50e-01  2.10e+05	-20.1869 71.5247 0.6779	
88.783600 262.745574	4.16e-01  7.19e-01  2.53e+05	-10.3160 38.1520 0.6901	
88.783600 262.745574	4.20e-01  9.67e-01  2.27e+05	44.2634 45.1070 0.3770	
88.783600 262.745574	6.49e-01  8.13e-01  2.20e+05	-6.4146 67.6364 0.9048	
88.783600 262.745574	5.28e-01  8.90e-01  2.24e+05	1.3644 65.1827 0.5731	
88.783600 262.745574	5.57e-01  7.37e-01  2.36e+05	-3.0621 56.0542 0.1681	
88.783600 262.745574	6.55e-01  8.58e-01  2.15e+05	-57.2007 41.8863 0.1711	
88.783600 262.745574	7.03e-01  7.29e-01  2.23e+05	-2.5460 66.0191 0.8742	
88.783600 262.745574	5.04e-01  7.74e-01  2.38e+05	-13.5034 53.1040 0.1851	
88.783600 262.745574	5.99e-01  8.66e-01  2.20e+05	0.1046 68.1222 0.1705	
88.783600 262.745574	4.02e-01  8.41e-01  2.41e+05	0.4770 51.6836 0.9483	
88.783600 262.745574	3.98e-01  6.53e-01  2.64e+05	-1.8135 24.5718 0.2992	
88.783600 262.745574	4.96e-01  7.92e-01  2.37e+05	-8.4358 55.0235 0.1462	
88.783600 262.745574	5.41e-01  8.62e-01  2.25e+05	-20.0812 61.0237 0.5900	
88.783600 262.745574	5.63e-01  7.02e-01  2.39e+05	28.2199 45.5447 0.9470	
88.783600 262.745574	5.57e-01  8.61e-01  2.24e+05	-7.5176 64.7755 0.7844	
88.783600 262.745574	6.12e-01  9.21e-01  2.14e+05	22.6532 68.2614 0.0337	
88.783600 262.745574	5.71e-01  8.19e-01  2.27e+05	-14.0573 61.7710 0.2729	
88.783600 262.745574	5.20e-01  7.08e-01  2.43e+05	-22.4974 44.8143 0.7400	
88.783600 262.745574	5.54e-01  6.58e-01  2.45e+05	-7.4980 47.9335 0.5959	
88.783600 262.745574	6.86e-01  8.62e-01  2.12e+05	0.0585 72.7545 0.6436	
88.783600 262.745574	6.13e-01  7.59e-01  2.28e+05	-16.6253 59.8165 0.0102	
88.783600 262.745574	4.03e-01  7.24e-01  2.55e+05	-1.9010 38.2946 0.1864	
88.783600 262.745574	3.82e-01  9.25e-01  2.35e+05	6.5232 56.8212 0.9601	
88.783600 262.745574	5.62e-01  7.05e-01  2.39e+05	7.0486 53.3894 0.9543	
88.783600 262.745574	6.05e-01  7.14e-01  2.33e+05	-23.8570 53.0563 0.7384	
88.783600 262.745574	4.55e-01  7.42e-01  2.46e+05	26.1927 39.0015 0.0125	
88.783600 262.745574	7.28e-01  9.27e-01  2.04e+05	-15.9776 76.2519 0.5713	
88.783600 262.745574	6.81e-01  8.30e-01  2.16e+05	-21.7095 67.3592 0.6970	
88.783600 262.745574	6.19e-01  8.39e-01  2.20e+05	-19.5023 64.8614 0.3478	
88.783600 262.745574	4.80e-01  7.42e-01  2.44e+05	-10.1645 48.5912 0.8583	
88.783600 262.745574	4.53e-01  6.93e-01  2.52e+05	7.8977 40.0462 0.1864	
88.783600 262.745574	6.42e-01  7.26e-01  2.29e+05	22.0364 57.7350 0.1594	
88.783600 262.745574	4.55e-01  8.01e-01  2.40e+05	-14.7298 50.7413 0.6931	
88.783600 262.745574	5.48e-01  7.63e-01  2.34e+05	-16.1201 55.1858 0.8800	
88.783600 262.745574	3.87e-01  8.97e-01  2.37e+05	-11.3228 54.1694 0.4487	
88.783600 262.745574	5.30e-01  9.32e-01  2.20e+05	-27.5619 62.1019 0.1921	
88.783600 262.745574	4.64e-01  9.08e-01  2.28e+05	3.3832 62.0236 0.2832	
88.783600 262.745574	5.00e-01  8.74e-01  2.28e+05	-10.1825 61.3907 0.5826	
88.783600 262.745574	7.36e-01  9.29e-01  2.03e+05	-7.6975 77.9631 0.6039	
88.783600 262.745574	5.55e-01  8.19e-01  2.28e+05	-3.7877 62.1469 0.7771	
88.783600 262.745574	5.71e-01  7.73e-01  2.31e+05	8.2060 59.5144 0.0933	
88.783600 262.745574	6.33e-01  8.33e-01  2.20e+05	21.8160 64.5982 0.5039	
88.783600 262.745574	5.09e-01  8.61e-01  2.28e+05	3.2042 61.9083 0.8810	
88.783600 262.745574	2.67e-01  8.80e-01  2.52e+05	-3.5952 40.9110 0.6335	
88.783600 262.745574	3.04e-01  7.89e-01  2.59e+05	-6.5424 32.3751 0.7685	
88.783600 262.745574	5.91e-01  7.62e-01  2.30e+05	5.6994 60.5020 0.5204	
88.783600 262.745574	4.63e-01  7.65e-01  2.43e+05	6.7322 49.7517 0.6680	
88.783600 262.745574	5.06e-01  9.01e-01  2.25e+05	-5.2243 64.3137 0.3173	
88.783600 262.745574	5.25e-01  7.28e-01  2.40e+05	22.6457 47.4372 0.5855	
88.783600 262.745574	4.18e-01  8.45e-01  2.39e+05	-25.0071 47.2301 0.0641	
88.783600 262.745574	6.23e-01  8.05e-01  2.23e+05	-7.0759 65.4758 0.9653	
88.783600 262.745574	5.76e-01  9.09e-01  2.18e+05	11.0473 68.4029 0.1105	
88.783600 262.745574	5.97e-01  6.79e-01  2.38e+05	-13.6621 52.8750 0.1414	
88.783600 262.745574	6.99e-01  8.31e-01  2.14e+05	-24.2263 67.6011 0.0077	
88.783600 262.745574	5.71e-01  8.27e-01  2.26e+05	-0.1669 63.8586 0.8191	
88.783600 262.745574	6.12e-01  9.14e-01  2.14e+05	11.9635 70.5563 0.0129	
88.783600 262.745574	4.05e-01  8.61e-01  2.39e+05	-18.4933 50.4510 0.4825	
88.783600 262.745574	4.96e-01  6.06e-01  2.58e+05	0.4306 34.4929 0.4981	
88.783600 262.745574	6.18e-01  7.55e-01  2.28e+05	23.8536 57.4557 0.0405	
88.783600 262.745574	5.41e-01  8.23e-01  2.29e+05	-7.5449 61.0764 0.0733	
88.783600 262.745574	6.00e-01  7.68e-01  2.29e+05	-33.4051 51.9680 0.4868	
88.783600 262.745574	5.31e-01  6.45e-01  2.49e+05	-30.2920 32.7877 0.8013	
88.783600 262.745574	7.19e-01  8.57e-01  2.10e+05	13.6552 72.8948 0.6164	
88.783600 262.745574	4.31e-01  7.78e-01  2.45e+05	17.3396 45.1209 0.4823	
88.783600 262.745574	6.01e-01  8.89e-01  2.17e+05	-4.5853 69.4197 0.5659	
88.783600 262.745574	2.73e-01  8.00e-01  2.61e+05	-8.6129 28.1695 0.0437	
88.783600 262.745574	7.57e-01  8.37e-01  2.09e+05	-4.1592 74.9478 0.6730	
88.783600 262.745574	5.83e-01  9.64e-01  2.13e+05	26.2387 67.8052 0.1803	
88.783600 262.745574	5.53e-01  6.86e-01  2.42e+05	-10.5829 50.1303 0.3127	
88.783600 262.745574	5.03e-01  9.52e-01  2.20e+05	-36.9595 56.5617 0.2011	
88.783600 262.745574	8.10e-01  9.16e-01  1.99e+05	-15.2530 79.4850 0.8918	
88.783600 262.745574	6.42e-01  8.00e-01  2.22e+05	-5.4864 66.5406 0.7370	
88.783600 262.745574	4.70e-01  9.20e-01  2.26e+05	-33.0564 54.0682 0.3062	
88.783600 262.745574	5.19e-01  7.99e-01  2.34e+05	0.5034 58.0702 0.5134	
88.783600 262.745574	6.43e-01  8.35e-01  2.18e+05	-12.1631 67.8464 0.3058	
88.783600 262.745574	6.98e-01  8.26e-01  2.14e+05	-0.8792 71.4705 0.2734	
88.783600 262.745574	7.13e-01  8.29e-01  2.13e+05	17.0364 70.4219 0.9235	
88.783600 262.745574	5.21e-01  9.85e-01  2.16e+05	-17.7371 68.2040 0.1537	
88.783600 262.745574	6.20e-01  6.74e-01  2.36e+05	1.4231 56.1546 0.0330	
88.783600 262.745574	8.50e-01  9.11e-01  1.96e+05	-18.6572 80.2372 0.6159	
88.783600 262.745574	6.63e-01  7.81e-01  2.22e+05	-6.6997 66.5056 0.0319	
88.783600 262.745574	6.29e-01  8.68e-01  2.17e+05	-26.3945 64.8058 0.8741	
88.783600 262.745574	5.51e-01  9.16e-01  2.19e+05	-28.3949 62.0225 0.1196	
88.783600 262.745574	7.12e-01  7.85e-01  2.17e+05	-1.5621 70.0027 0.9847	
88.783600 262.745574	6.19e-01  8.81e-01  2.17e+05	-36.3337 60.0239 0.5229	
88.783600 262.745574	3.01e-01  8.17e-01  2.56e+05	23.8846 28.1727 0.3407	
88.783600 262.745574	7.20e-01  9.58e-01  2.02e+05	7.3944 78.5887 0.8008	
88.783600 262.745574	5.83e-01  9.38e-01  2.15e+05	41.4722 58.0406 0.5301	
88.783600 262.745574	4.66e-01  8.26e-01  2.36e+05	38.5884 40.5774 0.6214	
88.783600 262.745574	4.82e-01  6.18e-01  2.58e+05	6.1886 33.7049 0.7064	
88.783600 262.745574	6.61e-01  7.87e-01  2.21e+05	-31.5598 59.2000 0.6842	
88.783600 262.745574	6.03e-01  9.86e-01  2.09e+05	34.0313 66.6658 0.1429	
88.783600 262.745574	6.01e-01  8.92e-01  2.17e+05	13.5318 68.4156 0.7313	
88.783600 262.745574	6.68e-01  9.48e-01  2.07e+05	3.2715 76.0321 0.9198	
88.783600 262.745574	4.34e-01  7.39e-01  2.49e+05	-13.8154 42.1637 0.3687	
88.783600 262.745574	6.43e-01  8.12e-01  2.20e+05	17.6634 65.2106 0.8487	
88.783600 262.745574	3.31e-01  8.47e-01  2.49e+05	-4.1078 44.5747 0.8452	
88.783600 262.745574	2.42e-01  9.12e-01  2.51e+05	-12.2383 40.1708 0.1933	
88.783600 262.745574	4.92e-01  9.10e-01  2.25e+05	19.9129 60.9921 0.5841	
88.783600 262.745574	5.68e-01  7.41e-01  2.34e+05	7.3068 56.8974 0.5593	
88.783600 262.745574	5.59e-01  8.49e-01  2.25e+05	-27.7404 58.3291 0.4241	
88.783600 262.745574	6.40e-01  7.68e-01  2.25e+05	-27.2625 58.5632 0.0154	
88.783600 262.745574	4.33e-01  8.68e-01  2.35e+05	-16.6605 54.2644 0.7362	
88.783600 262.745574	6.94e-01  7.97e-01  2.17e+05	-5.3572 69.4294 0.2426	
88.783600 262.745574	4.75e-01  8.77e-01  2.30e+05	-4.1829 60.5361 0.9563	
88.783600 262.745574	5.11e-01  7.81e-01  2.36e+05	6.2947 55.6014 0.4226	
88.783600 262.745574	5.50e-01  7.78e-01  2.33e+05	12.0363 57.6508 0.0211	
88.783600 262.745574	6.00e-01  7.03e-01  2.35e+05	-8.1703 56.2974 0.6912	
88.783600 262.745574	5.15e-01  9.01e-01  2.24e+05	-11.9723 63.9828 0.8167	
88.783600 262.745574	7.01e-01  8.78e-01  2.10e+05	-0.4975 74.3479 0.3559	
88.783600 262.745574	6.14e-01  8.73e-01  2.18e+05	24.1832 65.0777 0.4989	
88.783600 262.745574	6.95e-01  9.37e-01  2.06e+05	-10.6338 76.1563 0.2465	
88.783600 262.745574	4.30e-01  7.64e-01  2.47e+05	10.9267 45.3680 0.5166	
88.783600 262.745574	2.92e-01  8.96e-01  2.47e+05	-2.0981 45.9591 0.1351	
88.783600 262.745574	3.76e-01  8.02e-01  2.49e+05	-20.2714 39.9840 0.5407	
88.783600 262.745574	4.71e-01  8.83e-01  2.30e+05	-29.7072 53.0727 0.9376	
88.783600 262.745574	6.97e-01  9.45e-01  2.05e+05	-38.2966 67.1896 0.0464	
88.783600 262.745574	5.52e-01  8.59e-01  2.25e+05	-9.7812 63.9869 0.3764	
88.783600 262.745574	5.82e-01  7.94e-01  2.28e+05	-12.4719 61.1309 0.4653	
88.783600 262.745574	5.19e-01  9.43e-01  2.20e+05	-1.7265 67.9527 0.0656	
88.783600 262.745574	3.91e-01  8.59e-01  2.41e+05	19.0979 48.6787 0.9392	
88.783600 262.745574	6.31e-01  9.33e-01  2.11e+05	40.0531 61.7259 0.4983	
88.783600 262.745574	4.79e-01  7.59e-01  2.42e+05	-15.4369 48.7484 0.4334	
88.783600 262.745574	5.98e-01  9.24e-01  2.15e+05	27.6377 65.8002 0.4025	
88.783600 262.745574	5.15e-01  7.56e-01  2.38e+05	-6.3539 53.7724 0.9970	
88.783600 262.745574	7.48e-01  8.75e-01  2.06e+05	6.1160 76.2238 0.1958	
88.783600 262.745574	7.21e-01  8.46e-01  2.11e+05	15.5206 72.0274 0.9686	
88.783600 262.745574	5.21e-01  8.94e-01  2.24e+05	11.8952 63.9300 0.5001	
88.783600 262.745574	6.22e-01  7.49e-01  2.28e+05	33.8543 51.9999 0.6763	
88.783600 262.745574	8.74e-01  9.39e-01  1.92e+05	-23.0054 81.1623 0.9280	
88.783600 262.745574	2.79e-01  8.72e-01  2.52e+05	-25.7109 32.6813 0.2951	
88.783600 262.745574	5.20e-01  7.65e-01  2.37e+05	32.7098 44.6381 0.0671	
88.783600 262.745574	6.91e-01  8.82e-01  2.10e+05	-45.2400 58.5470 0.5669	
88.783600 262.745574	5.11e-01  6.99e-01  2.45e+05	-5.5131 48.1269 0.7413	
88.783600 262.745574	4.43e-01  7.20e-01  2.50e+05	3.1252 43.0272 0.4239	
88.783600 262.745574	5.36e-01  8.49e-01  2.27e+05	-22.2377 58.9850 0.3788	
88.783600 262.745574	5.44e-01  7.33e-01  2.38e+05	18.7149 51.4027 0.7396	
88.783600 262.745574	8.11e-01  8.68e-01  2.02e+05	15.3638 77.4874 0.0504	
88.783600 262.745574	4.19e-01  9.56e-01  2.28e+05	-9.1678 61.6409 0.3158	
88.783600 262.745574	5.76e-01  9.26e-01  2.16e+05	-7.5371 69.8900 0.3802	
88.783600 262.745574	6.01e-01  8.43e-01  2.22e+05	6.5248 66.5410 0.9215	
88.783600 262.745574	6.19e-01  7.71e-01  2.26e+05	18.4955 60.6145 0.3156	
88.783600 262.745574	5.17e-01  7.76e-01  2.36e+05	-0.3552 56.0491 0.6785	
88.783600 262.745574	5.80e-01  7.38e-01  2.34e+05	-4.4513 57.9119 0.1861	
88.783600 262.745574	6.52e-01  8.07e-01  2.20e+05	-8.1327 67.3188 0.7160	
88.783600 262.745574	5.45e-01  8.54e-01  2.26e+05	4.3540 63.8274 0.6568	
88.783600 262.745574	5.06e-01  8.19e-01  2.33e+05	-5.2871 58.4584 0.2908	
88.783600 262.745574	4.63e-01  7.34e-01  2.46e+05	4.7503 46.6435 0.7984	
88.783600 262.745574	6.76e-01  8.22e-01  2.17e+05	-4.4992 69.9353 0.5479	
88.783600 262.745574	6.64e-01  9.13e-01  2.10e+05	17.2563 72.2176 0.6704	
88.783600 262.745574	4.86e-01  9.30e-01  2.24e+05	-17.0816 62.7964 0.3281	
88.783600 262.745574	7.84e-01  9.57e-01  1.98e+05	20.7369 78.8644 0.0857	
88.783600 262.745574	4.73e-01  6.44e-01  2.56e+05	1.6029 36.7290 0.6753	
88.783600 262.745574	3.96e-01  8.94e-01  2.36e+05	13.0373 54.3346 0.0443	
88.783600 262.745574	6.58e-01  7.01e-01  2.29e+05	3.8899 61.0960 0.1276	
88.783600 262.745574	4.14e-01  9.11e-01  2.33e+05	29.0958 50.8628 0.4687	
88.783600 262.745574	4.55e-01  8.49e-01  2.35e+05	-11.8026 55.8028 0.5474	
88.783600 262.745574	7.46e-01  9.22e-01  2.03e+05	30.6703 72.2553 0.5443	
88.783600 262.745574	5.46e-01  7.74e-01  2.33e+05	4.8783 58.0306 0.0272	
88.783600 262.745574	5.34e-01  8.39e-01  2.28e+05	8.0797 61.6287 0.0125	
88.783600 262.745574	6.61e-01  8.53e-01  2.15e+05	-33.6868 62.4222 0.2211	
88.783600 262.745574	5.40e-01  8.03e-01  2.31e+05	-13.2362 58.5213 0.9655	
88.783600 262.745574	4.90e-01  7.52e-01  2.41e+05	-32.7302 39.8226 0.2964	
88.783600 262.745574	6.23e-01  8.10e-01  2.22e+05	-3.0619 66.1450 0.7806	
88.783600 262.745574	4.45e-01  8.51e-01  2.36e+05	4.4752 56.0731 0.2002	
88.783600 262.745574	7.05e-01  7.48e-01  2.21e+05	11.0895 66.5022 0.2789	
88.783600 262.745574	4.66e-01  6.76e-01  2.53e+05	-4.5368 40.1945 0.2123	
88.783600 262.745574	6.91e-01  9.46e-01  2.05e+05	26.2256 72.5094 0.1058	
88.783600 262.745574	5.92e-01  6.44e-01  2.42e+05	-4.0551 50.8067 0.6878	
88.783600 262.745574	5.13e-01  9.14e-01  2.23e+05	-5.7008 65.5525 0.2652	
88.783600 262.745574	5.85e-01  9.01e-01  2.18e+05	-6.0544 69.0757 0.0020	
88.783600 262.745574	5.14e-01  8.88e-01  2.25e+05	39.5009 50.5882 0.9067	
88.783600 262.745574	6.50e-01  7.62e-01  2.24e+05	-12.1717 63.6832 0.3020	
88.783600 262.745574	3.99e-01  7.77e-01  2.49e+05	8.6400 43.6557 0.0647	
88.783600 262.745574	7.00e-01  8.77e-01  2.10e+05	0.2534 74.1966 0.4491	
88.783600 262.745574	5.89e-01  8.63e-01  2.21e+05	15.5942 65.5158 0.3902	
88.783600 262.745574	4.66e-01  8.35e-01  2.35e+05	16.2946 54.3320 0.0382	
88.783600 262.745574	5.57e-01  8.37e-01  2.26e+05	-23.2794 59.2697 0.5461	
88.783600 262.745574	5.97e-01  7.40e-01  2.32e+05	-18.4353 56.6771 0.3247	
88.783600 262.745574	4.51e-01  9.24e-01  2.28e+05	-7.2343 61.9421 0.5409	
88.783600 262.745574	5.76e-01  7.09e-01  2.37e+05	13.4085 53.7747 0.4828	
88.783600 262.745574	4.94e-01  7.64e-01  2.40e+05	-12.6900 51.4892 0.9270	
88.783600 262.745574	4.61e-01  8.15e-01  2.38e+05	15.4851 52.3887 0.4102	
88.783600 262.745574	5.75e-01  7.31e-01  2.35e+05	11.8987 55.8927 0.8156	
88.783600 262.745574	4.82e-01  8.23e-01  2.35e+05	25.6517 50.9602 0.4812	
88.783600 262.745574	6.41e-01  6.91e-01  2.32e+05	31.3447 50.2340 0.7827	
88.783600 262.745574	5.35e-01  9.57e-01  2.17e+05	-3.7483 69.6026 0.0679	
88.783600 262.745574	5.14e-01  7.71e-01  2.37e+05	2.5972 55.3050 0.9356	
88.783600 262.745574	5.86e-01  8.15e-01  2.25e+05	29.1792 57.0798 0.2592	
88.783600 262.745574	7.23e-01  8.41e-01  2.11e+05	4.5462 73.4422 0.7699	
88.783600 262.745574	6.11e-01  8.71e-01  2.18e+05	40.9085 55.7227 0.4101	
88.783600 262.745574	7.49e-01  7.87e-01  2.14e+05	25.3939 67.4707 0.1005	
88.783600 262.745574	4.81e-01  8.49e-01  2.32e+05	-16.8460 56.5659 0.8269	
88.783600 262.745574	3.44e-01  8.27e-01  2.49e+05	18.7908 39.8688 0.7797	
88.783600 262.745574	4.12e-01  7.30e-01  2.53e+05	26.4102 30.6847 0.5737	
88.783600 262.745574	5.40e-01  8.61e-01  2.25e+05	15.2213 62.2857 0.7052	
88.783600 262.745574	4.10e-01  7.98e-01  2.45e+05	-7.8242 47.5370 0.1095	
88.783600 262.745574	5.65e-01  7.68e-01  2.32e+05	11.3763 58.1706 0.5001	
88.783600 262.745574	6.55e-01  9.60e-01  2.07e+05	21.4009 73.0051 0.6322	
88.783600 262.745574	7.32e-01  8.46e-01  2.10e+05	-24.8238 70.0523 0.2313	
88.783600 262.745574	5.82e-01  9.56e-01  2.13e+05	-15.4371 70.5876 0.4829	
88.783600 262.745574	4.85e-01  7.99e-01  2.37e+05	21.5465 50.8797 0.6106	
88.783600 262.745574	5.53e-01  8.11e-01  2.29e+05	-5.1710 61.3559 0.5357	
88.783600 262.745574	4.82e-01  8.98e-01  2.27e+05	-1.5960 62.6688 0.9132	
88.783600 262.745574	4.78e-01  8.36e-01  2.34e+05	-13.8064 56.0968 0.7122	
88.783600 262.745574	5.28e-01  9.08e-01  2.22e+05	25.8557 61.1062 0.7489	
88.783600 262.745574	5.43e-01  9.37e-01  2.18e+05	25.5567 64.0693 0.8323	
88.783600 262.745574	4.75e-01  8.88e-01  2.29e+05	16.8299 59.1411 0.7959	
88.783600 262.745574	5.15e-01  7.55e-01  2.38e+05	4.1742 53.9248 0.8790	
88.783600 262.745574	6.29e-01  8.05e-01  2.22e+05	1.2893 66.1727 0.2762	
88.783600 262.745574	5.21e-01  8.67e-01  2.27e+05	5.1063 63.0425 0.6367	
88.783600 262.745574	6.40e-01  9.50e-01  2.09e+05	-11.6714 73.9374 0.7117	
88.783600 262.745574	6.04e-01  8.01e-01  2.25e+05	9.3627 63.7220 0.3726	
88.783600 262.745574	5.52e-01  7.55e-01  2.35e+05	-32.9077 46.8424 0.4479	
88.783600 262.745574	6.16e-01  6.87e-01  2.35e+05	-18.3739 53.8612 0.2591	
88.783600 262.745574	5.27e-01  8.52e-01  2.28e+05	10.2904 61.7695 0.9047	
88.783600 262.745574	6.16e-01  8.01e-01  2.24e+05	25.7909 59.8182 0.2377	
88.783600 262.745574	5.91e-01  8.25e-01  2.24e+05	6.0517 64.7831 0.7262	
88.783600 262.745574	5.33e-01  8.10e-01  2.31e+05	5.7803 59.7709 0.6078	
88.783600 262.745574	5.09e-01  7.85e-01  2.36e+05	34.6836 44.2308 0.5813	
88.783600 262.745574	5.95e-01  8.88e-01  2.18e+05	-32.3032 61.1706 0.5338	
88.783600 262.745574	8.53e-01  9.50e-01  1.93e+05	-25.2565 80.0568 0.8737	
88.783600 262.745574	5.04e-01  6.94e-01  2.46e+05	12.1574 45.4177 0.9784	
88.783600 262.745574	4.79e-01  8.03e-01  2.37e+05	-9.5756 54.3251 0.4495	
88.783600 262.745574	4.69e-01  7.35e-01  2.46e+05	3.5081 47.6028 0.6865	
88.783600 262.745574	5.93e-01  8.57e-01  2.21e+05	-11.6575 66.2126 0.5059	
88.783600 262.745574	4.66e-01  7.88e-01  2.40e+05	8.1976 51.9720 0.9673	
88.783600 262.745574	6.44e-01  7.59e-01  2.25e+05	22.4873 60.1960 0.0840	
88.783600 262.745574	4.53e-01  8.18e-01  2.38e+05	-19.8090 50.4862 0.3727	
88.783600 262.745574	4.24e-01  7.86e-01  2.45e+05	-1.7285 48.2960 0.6472	
88.783600 262.745574	5.99e-01  8.01e-01  2.26e+05	-33.7950 54.3512 0.6807	
88.783600 262.745574	7.53e-01  9.08e-01  2.03e+05	-26.7478 73.4720 0.5662	
88.783600 262.745574	5.43e-01  8.01e-01  2.31e+05	-19.3825 56.8755 0.9945	
88.783600 262.745574	4.60e-01  8.14e-01  2.38e+05	15.5691 52.1289 0.4960	
88.783600 262.745574	4.04e-01  6.79e-01  2.60e+05	-13.2799 28.3494 0.5561	
88.783600 262.745574	4.12e-01  8.04e-01  2.44e+05	8.1771 48.3005 0.9373	
88.783600 262.745574	5.77e-01  7.63e-01  2.31e+05	-23.9731 54.8210 0.1498	
88.783600 262.745574	5.00e-01  7.85e-01  2.37e+05	12.5860 53.9064 0.0807	
88.783600 262.745574	5.94e-01  7.44e-01  2.32e+05	-14.0652 57.9318 0.0566	
88.783600 262.745574	5.44e-01  9.56e-01  2.17e+05	1.4570 70.1279 0.8948	
88.783600 262.745574	6.38e-01  8.78e-01  2.15e+05	33.6721 62.5368 0.1631	
88.783600 262.745574	6.02e-01  8.79e-01  2.18e+05	14.9314 67.4339 0.1518	
88.783600 262.745574	4.74e-01  9.23e-01  2.26e+05	-30.4117 56.1468 0.4539	
88.783600 262.745574	6.62e-01  8.91e-01  2.12e+05	39.8507 61.2005 0.2866	
88.783600 262.745574	7.11e-01  9.35e-01  2.05e+05	2.3360 77.4431 0.8562	
88.783600 262.745574	4.00e-01  8.82e-01  2.37e+05	6.9393 54.7670 0.1740	
88.783600 262.745574	5.96e-01  8.72e-01  2.19e+05	22.3654 64.5846 0.4120	
88.783600 262.745574	5.19e-01  8.04e-01  2.33e+05	-16.6075 56.0941 0.3915	
88.783600 262.745574	3.54e-01  7.62e-01  2.56e+05	-10.2201 35.3085 0.5075	
88.783600 262.745574	4.94e-01  7.47e-01  2.42e+05	-19.6235 47.5953 0.5036	
88.783600 262.745574	6.83e-01  9.25e-01  2.08e+05	15.0278 74.2697 0.6233	
88.783600 262.745574	2.53e-01  8.91e-01  2.52e+05	-18.0112 36.5250 0.9177	
88.783600 262.745574	5.02e-01  6.31e-01  2.54e+05	0.4148 39.1574 0.8383	
88.783600 262.745574	4.20e-01  9.35e-01  2.30e+05	-18.2271 58.1217 0.9129	
88.783600 262.745574	4.23e-01  8.26e-01  2.41e+05	10.0073 51.2529 0.5039	
88.783600 262.745574	5.65e-01  7.36e-01  2.35e+05	5.6001 56.4237 0.4812	
88.783600 262.745574	7.42e-01  8.27e-01  2.11e+05	6.6290 73.5459 0.2500	
88.783600 262.745574	6.81e-01  7.04e-01  2.27e+05	-23.9143 58.2855 0.0767	
88.783600 262.745574	6.27e-01  8.69e-01  2.17e+05	4.1504 69.8121 0.1776	
88.783600 262.745574	7.40e-01  8.58e-01  2.08e+05	-29.5569 69.2141 0.8460	
88.783600 262.745574	5.18e-01  6.23e-01  2.53e+05	-8.0695 39.3853 0.1506	
88.783600 262.745574	6.16e-01  7.21e-01  2.32e+05	-4.3640 59.4340 0.5461	
88.783600 262.745574	4.56e-01  7.60e-01  2.44e+05	-7.5027 48.3972 0.6004	
88.783600 262.745574	6.02e-01  8.74e-01  2.19e+05	-15.8851 66.9108 0.4615	
88.783600 262.745574	4.67e-01  8.70e-01  2.32e+05	11.4846 58.4371 0.7993	
88.783600 262.745574	4.66e-01  7.00e-01  2.50e+05	0.7497 43.4715 0.5654	
88.783600 262.745574	6.32e-01  8.45e-01  2.19e+05	-7.6997 68.4161 0.0394	
88.783600 262.745574	5.20e-01  8.84e-01  2.25e+05	-13.6711 62.8482 0.1383	
88.783600 262.745574	4.20e-01  7.36e-01  2.51e+05	2.5721 42.0961 0.8634	
88.783600 262.745574	5.36e-01  7.94e-01  2.32e+05	5.8790 58.7468 0.2824	
88.783600 262.745574	5.92e-01  8.41e-01  2.22e+05	6.7156 65.8574 0.2745	
88.783600 262.745574	4.65e-01  7.49e-01  2.44e+05	4.3386 48.5891 0.7525	
88.783600 262.745574	6.45e-01  7.68e-01  2.24e+05	-6.6421 64.5359 0.0139	
88.783600 262.745574	7.86e-01  8.93e-01  2.02e+05	-44.5194 65.2258 0.6247	
88.783600 262.745574	6.09e-01  8.77e-01  2.18e+05	15.9009 67.4854 0.8621	
88.783600 262.745574	4.80e-01  8.47e-01  2.33e+05	31.3018 49.7700 0.7289	
88.783600 262.745574	5.29e-01  7.54e-01  2.37e+05	4.7007 55.0584 0.0142	
88.783600 262.745574	4.61e-01  9.56e-01  2.24e+05	13.4006 63.7427 0.9437	
88.783600 262.745574	6.10e-01  6.46e-01  2.40e+05	-17.3690 49.8464 0.9631	
88.783600 262.745574	5.35e-01  8.82e-01  2.24e+05	37.8444 52.9909 0.6774	
88.783600 262.745574	5.87e-01  6.13e-01  2.46e+05	4.8254 47.0632 0.2964	
88.783600 262.745574	7.75e-01  8.56e-01  2.06e+05	-9.7905 76.1804 0.5298	
88.783600 262.745574	5.62e-01  7.49e-01  2.34e+05	-5.8378 57.2287 0.4360	
88.783600 262.745574	6.50e-01  7.63e-01  2.24e+05	16.2046 62.8569 0.9799	
88.783600 262.745574	4.51e-01  7.20e-01  2.49e+05	10.0672 42.8682 0.6898	
88.783600 262.745574	4.83e-01  8.87e-01  2.28e+05	9.7771 61.2246 0.8282	
88.783600 262.745574	3.29e-01  9.14e-01  2.41e+05	-16.1663 49.0816 0.7094	
88.783600 262.745574	5.09e-01  9.08e-01  2.24e+05	-16.2755 63.1033 0.6076	
88.783600 262.745574	5.25e-01  6.05e-01  2.54e+05	-22.9402 31.2146 0.7986	
88.783600 262.745574	5.04e-01  7.36e-01  2.42e+05	-30.6531 41.1972 0.3796	
88.783600 262.745574	7.76e-01  8.63e-01  2.05e+05	2.7748 77.1018 0.3268	
88.783600 262.745574	5.11e-01  7.30e-01  2.41e+05	10.8421 50.3661 0.5177	
88.783600 262.745574	6.12e-01  8.77e-01  2.17e+05	-5.9558 69.2749 0.6746	
88.783600 262.745574	6.27e-01  7.38e-01  2.29e+05	-31.0474 53.1960 0.8526	
88.783600 262.745574	4.36e-01  8.11e-01  2.41e+05	25.5960 45.2023 0.7901	
88.783600 262.745574	5.60e-01  8.70e-01  2.23e+05	27.9690 59.7320 0.3231	
88.783600 262.745574	4.54e-01  8.12e-01  2.39e+05	12.9063 52.1818 0.7045	
88.783600 262.745574	5.35e-01  7.51e-01  2.37e+05	9.9707 54.5636 0.3134	
88.783600 262.745574	4.59e-01  7.51e-01  2.45e+05	-25.5971 40.9337 0.4655	
88.783600 262.745574	4.80e-01  8.39e-01  2.33e+05	-21.2280 54.2102 0.4493	
88.783600 262.745574	5.68e-01  7.46e-01  2.34e+05	-26.5547 51.3040 0.6725	
88.783600 262.745574	6.51e-01  8.16e-01  2.19e+05	-11.6947 67.2159 0.8198	
88.783600 262.745574	5.19e-01  9.04e-01  2.23e+05	1.6079 65.4942 0.5934	
88.783600 262.745574	5.16e-01  8.32e-01  2.31e+05	1.4120 60.3417 0.2567	
88.783600 262.745574	7.94e-01  8.74e-01  2.03e+05	-0.9598 78.4785 0.7727	
88.783600 262.745574	3.99e-01  8.44e-01  2.41e+05	-26.3471 44.3937 0.2963	
88.783600 262.745574	7.86e-01  8.91e-01  2.02e+05	15.9315 77.2245 0.3288	
88.783600 262.745574	5.84e-01  7.58e-01  2.31e+05	-21.6222 55.8561 0.9884	
88.783600 262.745574	6.03e-01  9.31e-01  2.14e+05	19.8944 69.2189 0.4296	
88.783600 262.745574	6.00e-01  7.76e-01  2.28e+05	5.4257 62.1433 0.3517	
88.783600 262.745574	7.32e-01  7.50e-01  2.18e+05	-33.9640 60.2075 0.6240	
88.783600 262.745574	5.90e-01  7.18e-01  2.35e+05	-13.4360 55.6857 0.5474	
88.783600 262.745574	3.58e-01  8.21e-01  2.48e+05	11.3275 43.5792 0.3889	
88.783600 262.745574	3.97e-01  9.72e-01  2.28e+05	6.8144 61.5668 0.1179	
88.783600 262.745574	4.56e-01  7.96e-01  2.40e+05	17.3969 49.4885 0.9917	
88.783600 262.745574	4.52e-01  8.21e-01  2.38e+05	-20.2837 50.4060 0.3976	
88.783600 262.745574	4.56e-01  8.92e-01  2.31e+05	-17.5001 57.7586 0.2653	
88.783600 262.745574	5.27e-01  7.10e-01  2.42e+05	21.1757 46.4143 0.9645	
88.783600 262.745574	4.01e-01  8.12e-01  2.45e+05	7.4661 48.0815 0.0387	
88.783600 262.745574	5.40e-01  9.68e-01  2.16e+05	-1.3758 70.5926 0.5500	
88.783600 262.745574	6.55e-01  8.57e-01  2.16e+05	9.7813 70.1082 0.8908	
88.783600 262.745574	3.43e-01  8.54e-01  2.46e+05	28.6322 37.3054 0.0662	
88.783600 262.745574	5.03e-01  7.28e-01  2.43e+05	18.6543 46.8938 0.9233	
88.783600 262.745574	5.29e-01  8.73e-01  2.25e+05	9.7710 63.4162 0.2353	
88.783600 262.745574	6.11e-01  7.51e-01  2.29e+05	1.4307 61.4153 0.8874	
88.783600 262.745574	5.48e-01  6.58e-01  2.45e+05	-1.1453 47.8863 0.0473	
88.783600 262.745574	6.73e-01  7.64e-01  2.22e+05	-2.1068 66.3583 0.6868	
88.783600 262.745574	5.26e-01  8.77e-01  2.25e+05	-0.3927 64.2075 0.2860	
88.783600 262.745574	5.99e-01  8.81e-01  2.18e+05	-3.1321 68.9451 0.4589	
88.783600 262.745574	4.99e-01  8.18e-01  2.34e+05	9.9161 57.1584 0.8991	
88.783600 262.745574	6.50e-01  6.95e-01  2.31e+05	-1.4122 60.1995 0.7684	
88.783600 262.745574	5.84e-01  8.55e-01  2.22e+05	-10.7235 65.6639 0.4994	
88.783600 262.745574	5.98e-01  7.57e-01  2.30e+05	-31.6547 52.0121 0.8951	
88.783600 262.745574	5.28e-01  8.20e-01  2.31e+05	-21.3986 56.4903 0.1013	
88.783600 262.745574	7.51e-01  8.33e-01  2.09e+05	-5.8871 74.3588 0.9732	
88.783600 262.745574	6.49e-01  8.82e-01  2.14e+05	27.8870 66.2212 0.9035	
88.783600 262.745574	6.01e-01  6.79e-01  2.37e+05	-21.9839 50.4220 0.4608	
88.783600 262.745574	6.20e-01  8.27e-01  2.21e+05	-33.5180 58.0511 0.9863	
88.783600 262.745574	5.85e-01  9.16e-01  2.16e+05	34.6234 61.0761 0.2377	
88.783600 262.745574	6.04e-01  9.06e-01  2.16e+05	10.1524 69.9716 0.4650	
88.783600 262.745574	7.01e-01  9.23e-01  2.06e+05	-2.3469 76.4523 0.2382	
88.783600 262.745574	6.67e-01  9.76e-01  2.05e+05	-15.5026 75.8201 0.2725	
88.783600 262.745574	4.59e-01  9.01e-01  2.29e+05	-33.2028 51.5088 0.0798	
88.783600 262.745574	6.44e-01  7.97e-01  2.22e+05	20.9071 63.2898 0.3289	
88.783600 262.745574	5.66e-01  6.52e-01  2.44e+05	-5.8030 48.7557 0.0823	
88.783600 262.745574	5.48e-01  7.81e-01  2.32e+05	8.0086 58.4198 0.4190	
88.783600 262.745574	4.83e-01  8.72e-01  2.30e+05	22.3699 56.6730 0.7755	
88.783600 262.745574	4.94e-01  7.52e-01  2.41e+05	-11.7540 50.5374 0.7594	
88.783600 262.745574	6.74e-01  8.70e-01  2.13e+05	26.7150 67.4111 0.3913	
88.783600 262.745574	3.52e-01  8.65e-01  2.44e+05	-16.8453 46.1997 0.0667	
88.783600 262.745574	4.99e-01  8.45e-01  2.31e+05	8.4174 59.5076 0.8342	
88.783600 262.745574	4.97e-01  9.62e-01  2.20e+05	13.9668 66.3586 0.5560	
88.783600 262.745574	7.20e-01  9.46e-01  2.03e+05	36.2995 69.5247 0.7589	
88.783600 262.745574	4.04e-01  8.70e-01  2.38e+05	12.7243 52.9246 0.8261	
88.783600 262.745574	5.03e-01  8.05e-01  2.35e+05	25.7079 51.1615 0.3851	
88.783600 262.745574	7.10e-01  8.32e-01  2.13e+05	-30.4209 65.7279 0.2977	
88.783600 262.745574	3.45e-01  8.97e-01  2.42e+05	11.4222 50.2017 0.5449	
88.783600 262.745574	6.21e-01  6.34e-01  2.40e+05	13.6726 50.9743 0.7638	
88.783600 262.745574	4.26e-01  8.00e-01  2.43e+05	-14.6744 47.8146 0.3888	
88.783600 262.745574	8.53e-01  9.82e-01  1.91e+05	19.4379 82.8509 0.2212	
88.783600 262.745574	2.72e-01  8.45e-01  2.56e+05	-15.6596 33.4286 0.9356	
88.783600 262.745574	6.65e-01  8.33e-01  2.17e+05	-37.4172 59.2320 0.4632	
88.783600 262.745574	5.55e-01  8.35e-01  2.27e+05	9.2601 62.6839 0.5814	
88.783600 262.745574	5.19e-01  8.35e-01  2.30e+05	22.8272 56.4383 0.5486	
88.783600 262.745574	3.35e-01  8.54e-01  2.47e+05	-7.0937 45.4800 0.2886	
88.783600 262.745574	4.97e-01  9.11e-01  2.25e+05	-15.7225 62.6251 0.8859	
88.783600 262.745574	4.22e-01  8.33e-01  2.40e+05	-3.1116 52.6307 0.9586	
88.783600 262.745574	6.57e-01  8.57e-01  2.15e+05	-17.7035 68.6880 0.8083	
88.783600 262.745574	5.53e-01  7.90e-01  2.31e+05	-25.6622 54.2300 0.5830	
88.783600 262.745574	5.09e-01  7.81e-01  2.36e+05	-7.8692 55.2749 0.4951	
88.783600 262.745574	5.45e-01  8.97e-01  2.22e+05	-35.7817 56.3514 0.9300	
88.783600 262.745574	4.91e-01  7.13e-01  2.46e+05	5.0171 47.4498 0.4102	
88.783600 262.745574	5.35e-01  8.12e-01  2.31e+05	-0.3743 60.2998 0.1297	
88.783600 262.745574	4.17e-01  8.58e-01  2.38e+05	-29.8705 45.5861 0.4584	
88.783600 262.745574	5.95e-01  7.67e-01  2.29e+05	1.5228 61.3918 0.5468	
88.783600 262.745574	4.45e-01  9.05e-01  2.30e+05	24.5179 55.3738 0.4277	
88.783600 262.745574	6.99e-01  7.39e-01  2.22e+05	34.8967 56.5618 0.8681	
88.783600 262.745574	5.55e-01  8.06e-01  2.29e+05	-24.8978 56.0501 0.7883	
88.783600 262.745574	5.79e-01  7.99e-01  2.28e+05	-11.3198 61.4771 0.0888	
88.783600 262.745574	6.73e-01  7.99e-01  2.19e+05	44.4197 52.2797 0.0184	
88.783600 262.745574	4.51e-01  9.18e-01  2.28e+05	5.0008 61.7465 0.5271	
88.783600 262.745574	5.92e-01  8.64e-01  2.20e+05	11.8112 66.5626 0.3111	
88.783600 262.745574	5.98e-01  7.32e-01  2.32e+05	-27.7738 52.0990 0.0463	
88.783600 262.745574	6.75e-01  8.05e-01  2.18e+05	23.2319 65.0124 0.9993	
88.783600 262.745574	6.75e-01  9.56e-01  2.06e+05	37.5374 67.0263 0.4441	
88.783600 262.745574	4.81e-01  8.46e-01  2.33e+05	3.5227 58.6877 0.8092	
88.783600 262.745574	4.25e-01  7.76e-01  2.46e+05	8.0694 46.7232 0.4007	
88.783600 262.745574	4.95e-01  7.83e-01  2.38e+05	-15.7848 52.4336 0.0018	
88.783600 262.745574	4.80e-01  8.61e-01  2.31e+05	-0.4474 59.8801 0.9355	
88.783600 262.745574	4.42e-01  7.11e-01  2.51e+05	18.9364 37.2956 0.2358	
88.783600 262.745574	7.22e-01  7.53e-01  2.19e+05	1.9278 68.7019 0.1684	
88.783600 262.745574	5.74e-01  9.26e-01  2.16e+05	-32.4021 62.2676 0.3485	
88.783600 262.745574	5.44e-01  8.17e-01  2.29e+05	-34.3649 50.8119 0.6767	
88.783600 262.745574	5.45e-01  9.47e-01  2.17e+05	-14.1006 68.2794 0.3620	
88.783600 262.745574	4.39e-01  8.40e-01  2.38e+05	6.9406 54.3763 0.6613	
88.783600 262.745574	6.17e-01  7.59e-01  2.28e+05	-18.9812 59.4251 0.6235	
88.783600 262.745574	8.00e-01  9.81e-01  1.95e+05	-5.2658 82.9370 0.2049	
88.783600 262.745574	4.47e-01  7.60e-01  2.45e+05	6.3867 47.6409 0.0112	
88.783600 262.745574	6.76e-01  8.82e-01  2.12e+05	-0.9170 73.2500 0.7052	
88.783600 262.745574	7.39e-01  9.85e-01  1.99e+05	6.2894 80.6357 0.8771	
88.783600 262.745574	4.55e-01  8.48e-01  2.35e+05	-1.1160 56.9023 0.8211	
88.783600 262.745574	4.69e-01  7.36e-01  2.45e+05	5.7805 47.5094 0.6906	
88.783600 262.745574	4.48e-01  7.67e-01  2.44e+05	8.4318 48.0638 0.7009	
88.783600 262.745574	6.03e-01  8.95e-01  2.17e+05	-7.9022 69.5717 0.4425	
88.783600 262.745574	5.60e-01  9.63e-01  2.15e+05	-12.5428 70.3264 0.9328	
88.783600 262.745574	5.60e-01  6.29e-01  2.47e+05	-26.9137 37.4555 0.1210	
88.783600 262.745574	6.26e-01  8.39e-01  2.20e+05	-14.5891 66.5355 0.7931	
88.783600 262.745574	7.02e-01  9.25e-01  2.06e+05	29.2422 70.8374 0.2226	
88.783600 262.745574	5.81e-01  8.54e-01  2.22e+05	41.9581 51.3391 0.2198	
88.783600 262.745574	5.14e-01  8.62e-01  2.28e+05	-7.2189 61.9903 0.2105	
88.783600 262.745574	3.84e-01  7.92e-01  2.49e+05	-24.1364 37.5095 0.5060	
88.783600 262.745574	4.96e-01  8.86e-01  2.27e+05	-13.3974 61.4279 0.5246	
88.783600 262.745574	5.45e-01  9.07e-01  2.21e+05	-35.9698 56.9689 0.5048	
88.783600 262.745574	3.62e-01  7.43e-01  2.57e+05	-7.7657 34.1748 0.3644	
88.783600 262.745574	4.52e-01  8.71e-01  2.33e+05	-25.5645 52.6494 0.0193	
88.783600 262.745574	4.98e-01  8.34e-01  2.32e+05	10.0173 58.3256 0.0767	
88.783600 262.745574	6.35e-01  7.16e-01  2.30e+05	-15.2786 58.6758 0.1153	
88.783600 262.745574	3.11e-01  8.66e-01  2.49e+05	-21.4435 39.2874 0.7794	
88.783600 262.745574	6.42e-01  7.07e-01  2.30e+05	11.7261 59.3085 0.5224	
88.783600 262.745574	5.52e-01  6.76e-01  2.43e+05	-15.4830 47.6993 0.4175	
88.783600 262.745574	6.35e-01  7.14e-01  2.31e+05	16.4248 58.1566 0.4261	
88.783600 262.745574	6.26e-01  8.58e-01  2.18e+05	-34.8497 59.8300 0.6302	
88.783600 262.745574	5.50e-01  8.54e-01  2.25e+05	-21.9733 60.3943 0.1476	
88.783600 262.745574	5.22e-01  9.27e-01  2.21e+05	10.8225 66.3065 0.0479	
88.783600 262.745574	4.25e-01  8.35e-01  2.40e+05	5.4615 52.8846 0.2272	
88.783600 262.745574	5.70e-01  9.34e-01  2.16e+05	-25.4210 65.6126 0.6447	
88.783600 262.745574	6.83e-01  7.83e-01  2.20e+05	15.1153 66.4730 0.6124	
88.783600 262.745574	4.03e-01  9.47e-01  2.30e+05	23.7320 55.6579 0.9791	
88.783600 262.745574	5.63e-01  7.94e-01  2.30e+05	-1.6393 61.0024 0.1722	
88.783600 262.745574	5.36e-01  8.77e-01  2.24e+05	2.3351 64.8740 0.0703	
88.783600 262.745574	5.28e-01  7.88e-01  2.34e+05	31.8035 48.3905 0.9210	
88.783600 262.745574	6.67e-01  9.79e-01  2.05e+05	-5.9500 77.2682 0.7695	
88.783600 262.745574	7.13e-01  8.21e-01  2.14e+05	27.2005 66.6626 0.2736	
88.783600 262.745574	6.23e-01  8.52e-01  2.19e+05	-0.1183 68.7185 0.5244	
88.783600 262.745574	5.94e-01  9.17e-01  2.16e+05	-37.2829 60.1248 0.3711	
88.783600 262.745574	5.08e-01  9.32e-01  2.22e+05	12.9026 65.3467 0.6164	
88.783600 262.745574	5.18e-01  9.19e-01  2.22e+05	14.0408 64.9303 0.4303	
88.783600 262.745574	5.87e-01  7.10e-01  2.36e+05	-6.7747 56.0422 0.2911	
88.783600 262.745574	7.76e-01  8.65e-01  2.05e+05	0.1996 77.3009 0.8382	
88.783600 262.745574	5.21e-01  8.79e-01  2.26e+05	-9.5460 63.2662 0.6191	
88.783600 262.745574	6.45e-01  7.78e-01  2.23e+05	31.4216 57.5219 0.8466	
88.783600 262.745574	6.27e-01  8.52e-01  2.18e+05	-16.8348 66.8319 0.5643	
88.783600 262.745574	2.82e-01  9.12e-01  2.47e+05	6.5325 46.1697 0.7090	
88.783600 262.745574	6.33e-01  9.06e-01  2.13e+05	21.3242 69.0660 0.4253	
88.783600 262.745574	4.48e-01  8.89e-01  2.32e+05	19.8649 56.1934 0.1749	
88.783600 262.745574	6.51e-01  8.08e-01  2.20e+05	-15.3496 66.0512 0.4343	
88.783600 262.745574	4.46e-01  8.20e-01  2.39e+05	-10.6588 52.7010 0.0489	
88.783600 262.745574	4.14e-01  6.52e-01  2.62e+05	-5.3315 27.6078 0.9037	
88.783600 262.745574	4.64e-01  7.93e-01  2.40e+05	0.8507 52.8886 0.8758	
88.783600 262.745574	6.76e-01  7.68e-01  2.22e+05	-14.0465 65.3612 0.1626	
88.783600 262.745574	6.43e-01  8.60e-01  2.16e+05	14.8089 68.7925 0.8097	
88.783600 262.745574	5.42e-01  8.23e-01  2.29e+05	13.1521 60.1913 0.2570	
88.783600 262.745574	5.67e-01  6.57e-01  2.43e+05	-17.8863 46.4736 0.7939	
88.783600 262.745574	6.78e-01  8.46e-01  2.14e+05	35.8492 61.8273 0.6557	
88.783600 262.745574	5.32e-01  7.07e-01  2.42e+05	4.1216 51.0721 0.5197	
88.783600 262.745574	5.79e-01  7.99e-01  2.28e+05	-41.8897 46.5043 0.8762	
88.783600 262.745574	4.63e-01  7.83e-01  2.41e+05	3.8435 51.8125 0.6331	
88.783600 262.745574	6.71e-01  8.32e-01  2.16e+05	-16.9744 68.2099 0.1903	
88.783600 262.745574	5.42e-01  7.06e-01  2.41e+05	20.4932 47.9524 0.9881	
88.783600 262.745574	3.86e-01  9.41e-01  2.33e+05	-11.9949 57.5078 0.2783	
88.783600 262.745574	2.91e-01  8.20e-01  2.56e+05	7.0284 35.2711 0.9430	
88.783600 262.745574	7.80e-01  8.10e-01  2.09e+05	29.7389 68.6934 0.8928	
88.783600 262.745574	4.55e-01  8.05e-01  2.40e+05	-5.1286 52.9352 0.4068	
88.783600 262.745574	7.77e-01  9.69e-01  1.97e+05	6.3398 81.5019 0.6640	
88.783600 262.745574	3.98e-01  8.41e-01  2.42e+05	-31.4683 40.4542 0.3925	
88.783600 262.745574	5.91e-01  8.98e-01  2.17e+05	-12.3484 68.4581 0.9307	
88.783600 262.745574	4.94e-01  8.15e-01  2.34e+05	-3.9273 57.2520 0.5540	
88.783600 262.745574	2.26e-01  8.54e-01  2.60e+05	3.0108 30.5649 0.9425	
88.783600 262.745574	5.62e-01  8.88e-01  2.21e+05	-28.1635 61.0325 0.5435	
88.783600 262.745574	5.77e-01  6.96e-01  2.38e+05	-11.2748 53.2093 0.4647	
88.783600 262.745574	6.20e-01  7.68e-01  2.27e+05	-13.6908 61.7707 0.0443	
88.783600 262.745574	7.09e-01  8.17e-01  2.14e+05	-1.6700 71.5914 0.6051	
88.783600 262.745574	3.67e-01  8.89e-01  2.40e+05	16.3626 50.2574 0.6743	
88.783600 262.745574	5.27e-01  7.02e-01  2.43e+05	-19.8150 46.1482 0.4312	
88.783600 262.745574	3.39e-01  8.44e-01  2.48e+05	3.7092 45.2693 0.8895	
88.783600 262.745574	6.43e-01  8.57e-01  2.17e+05	-26.3230 65.0199 0.3903	
88.783600 262.745574	5.07e-01  6.88e-01  2.47e+05	11.6248 45.2603 0.0362	
88.783600 262.745574	6.70e-01  7.04e-01  2.28e+05	4.1014 62.1450 0.0215	
88.783600 262.745574	4.12e-01  7.94e-01  2.45e+05	1.5662 47.9090 0.3520	
88.783600 262.745574	6.44e-01  9.17e-01  2.11e+05	-0.9065 73.4312 0.3021	
88.783600 262.745574	6.17e-01  8.13e-01  2.23e+05	26.2228 60.5371 0.5343	
88.783600 262.745574	5.46e-01  9.46e-01  2.17e+05	18.1878 67.2981 0.4654	
88.783600 262.745574	6.89e-01  9.02e-01  2.09e+05	-8.2045 74.4549 0.3917	
88.783600 262.745574	4.40e-01  8.90e-01  2.32e+05	13.8173 57.3976 0.5880	
88.783600 262.745574	4.77e-01  7.13e-01  2.47e+05	3.8469 45.9730 0.9994	
88.783600 262.745574	5.97e-01  6.98e-01  2.36e+05	29.3494 47.9555 0.0652	
88.783600 262.745574	5.92e-01  8.31e-01  2.23e+05	-17.6312 63.1000 0.1773	
88.783600 262.745574	5.84e-01  7.62e-01  2.31e+05	-4.9776 60.0440 0.1400	
88.783600 262.745574	6.41e-01  8.46e-01  2.18e+05	11.0790 68.5348 0.0664	
88.783600 262.745574	3.24e-01  9.09e-01  2.42e+05	-9.0538 49.8180 0.3543	
88.783600 262.745574	6.47e-01  8.37e-01  2.18e+05	-23.8406 65.0152 0.4704	
88.783600 262.745574	6.50e-01  7.37e-01  2.27e+05	-15.1342 61.2990 0.6100	
88.783600 262.745574	5.37e-01  6.24e-01  2.51e+05	16.8449 39.3200 0.6881	
88.783600 262.745574	4.46e-01  9.33e-01  2.28e+05	-44.8413 43.6975 0.0819	
88.783600 262.745574	7.11e-01  9.68e-01  2.02e+05	-3.6439 78.8923 0.3493	
88.783600 262.745574	6.71e-01  7.79e-01  2.21e+05	-33.4570 58.3165 0.1561	
88.783600 262.745574	5.54e-01  8.84e-01  2.22e+05	36.0037 55.8986 0.7097	
88.783600 262.745574	5.23e-01  6.79e-01  2.46e+05	12.3108 45.8667 0.8634	
88.783600 262.745574	6.06e-01  7.07e-01  2.34e+05	7.2049 57.2840 0.6185	
88.783600 262.745574	6.80e-01  8.87e-01  2.11e+05	-22.4556 70.2269 0.9796	
88.783600 262.745574	6.18e-01  6.90e-01  2.34e+05	-13.1843 55.8154 0.7745	
88.783600 262.745574	4.22e-01  7.28e-01  2.52e+05	-9.0499 40.4257 0.2751	
88.783600 262.745574	5.42e-01  7.69e-01  2.34e+05	-4.1667 57.4159 0.4012	
88.783600 262.745574	6.05e-01  8.21e-01  2.23e+05	22.0715 61.9199 0.9042	
88.783600 262.745574	5.12e-01  7.47e-01  2.40e+05	-8.5204 52.4506 0.4060	
88.783600 262.745574	5.62e-01  7.44e-01  2.35e+05	3.3835 57.0486 0.0133	
88.783600 262.745574	4.43e-01  8.22e-01  2.39e+05	0.9919 53.5840 0.5015	
88.783600 262.745574	5.04e-01  6.64e-01  2.50e+05	1.2465 43.6378 0.6725	
88.783600 262.745574	6.00e-01  6.91e-01  2.36e+05	-27.9237 48.3886 0.4458	
88.783600 262.745574	3.90e-01  8.16e-01  2.45e+05	-3.0087 47.8837 0.3245	
88.783600 262.745574	6.41e-01  8.10e-01  2.21e+05	6.8284 66.9760 0.2778	
88.783600 262.745574	5.34e-01  7.49e-01  2.37e+05	-2.4291 55.1566 0.8588	
88.783600 262.745574	4.21e-01  7.82e-01  2.46e+05	17.5062 44.2810 0.3417	
88.783600 262.745574	4.47e-01  7.93e-01  2.42e+05	7.1068 50.8649 0.4248	
88.783600 262.745574	5.24e-01  6.57e-01  2.48e+05	-26.2844 36.7936 0.0727	
88.783600 262.745574	5.34e-01  8.27e-01  2.29e+05	-2.9444 61.3179 0.1837	
88.783600 262.745574	4.28e-01  7.43e-01  2.49e+05	-1.6054 43.9538 0.7469	
88.783600 262.745574	5.64e-01  8.60e-01  2.23e+05	11.9100 64.5563 0.6479	
88.783600 262.745574	6.22e-01  7.45e-01  2.29e+05	-36.9223 49.5493 0.4989	
88.783600 262.745574	6.63e-01  8.30e-01  2.17e+05	-6.1429 69.4551 0.6903	
88.783600 262.745574	6.04e-01  7.72e-01  2.28e+05	-19.3398 59.3618 0.3344	
88.783600 262.745574	4.10e-01  8.69e-01  2.38e+05	-9.8950 53.9533 0.9626	
88.783600 262.745574	6.62e-01  8.84e-01  2.13e+05	5.0036 72.5102 0.1764	
88.783600 262.745574	4.53e-01  9.50e-01  2.25e+05	23.4788 59.8305 0.8333	
88.783600 262.745574	5.82e-01  9.17e-01  2.17e+05	23.0842 66.1628 0.2367	
88.783600 262.745574	4.33e-01  8.65e-01  2.36e+05	8.1818 55.9168 0.6169	
88.783600 262.745574	5.74e-01  7.78e-01  2.30e+05	-7.1623 60.2744 0.4794	
88.783600 262.745574	4.62e-01  7.99e-01  2.39e+05	-1.7822 53.2715 0.1017	
88.783600 262.745574	4.48e-01  8.77e-01  2.33e+05	13.0334 57.1554 0.5532	
88.783600 262.745574	6.68e-01  7.95e-01  2.20e+05	11.0104 67.1124 0.0103	
88.783600 262.745574	6.50e-01  7.98e-01  2.21e+05	17.0307 64.9422 0.3459	
88.783600 262.745574	4.92e-01  7.67e-01  2.40e+05	-35.4335 39.6449 0.5132	
88.783600 262.745574	5.66e-01  6.89e-01  2.40e+05	-5.7518 52.5092 0.9302	
88.783600 262.745574	4.46e-01  7.79e-01  2.43e+05	-12.0217 48.3794 0.4487	
88.783600 262.745574	4.47e-01  7.94e-01  2.42e+05	12.3735 49.8693 0.8395	
88.783600 262.745574	3.94e-01  7.78e-01  2.49e+05	5.9749 43.6835 0.8783	
88.783600 262.745574	5.32e-01  7.28e-01  2.39e+05	-26.6578 46.1008 0.7849	
88.783600 262.745574	6.36e-01  9.34e-01  2.11e+05	-49.8641 54.5152 0.7964	
88.783600 262.745574	5.95e-01  9.43e-01  2.13e+05	-2.6434 72.1622 0.4221	
88.783600 262.745574	7.06e-01  9.62e-01  2.03e+05	-45.4044 64.0033 0.9520	
88.783600 262.745574	3.83e-01  9.05e-01  2.37e+05	5.2162 55.3858 0.1311	
88.783600 262.745574	5.49e-01  8.61e-01  2.25e+05	-9.0625 64.1108 0.5824	
88.783600 262.745574	5.41e-01  8.00e-01  2.31e+05	-10.3059 59.0146 0.2999	
88.783600 262.745574	6.34e-01  8.54e-01  2.18e+05	-2.2003 69.4359 0.8273	
88.783600 262.745574	4.71e-01  6.79e-01  2.52e+05	-11.5680 39.7990 0.8829	
88.783600 262.745574	4.74e-01  7.83e-01  2.40e+05	19.2343 49.2844 0.8643	
88.783600 262.745574	7.16e-01  7.76e-01  2.17e+05	2.2654 69.6848 0.9239	
88.783600 262.745574	3.49e-01  8.98e-01  2.41e+05	-19.3475 48.2760 0.2793	
88.783600 262.745574	5.59e-01  8.53e-01  2.24e+05	13.5174 63.3910 0.0592	
88.783600 262.745574	5.38e-01  8.01e-01  2.31e+05	7.8070 59.2011 0.6443	
88.783600 262.745574	5.47e-01  8.08e-01  2.30e+05	15.4381 58.9221 0.5260	
88.783600 262.745574	5.33e-01  7.69e-01  2.35e+05	-21.2651 52.7192 0.2507	
88.783600 262.745574	4.48e-01  7.20e-01  2.50e+05	7.3017 43.0469 0.0004	
88.783600 262.745574	5.69e-01  9.37e-01  2.16e+05	-22.7384 66.7697 0.0865	
88.783600 262.745574	7.92e-01  9.26e-01  1.99e+05	-14.9471 79.2486 0.0091	
88.783600 262.745574	6.75e-01  8.26e-01  2.16e+05	12.3047 69.0951 0.2343	
88.783600 262.745574	5.01e-01  7.92e-01  2.36e+05	-34.7478 44.0306 0.4996	
88.783600 262.745574	4.81e-01  8.36e-01  2.34e+05	-6.3174 57.7057 0.7365	
88.783600 262.745574	4.11e-01  8.88e-01  2.36e+05	2.5948 56.4728 0.8063	
88.783600 262.745574	6.53e-01  8.03e-01  2.20e+05	-41.5794 53.2768 0.0378	
88.783600 262.745574	4.78e-01  7.13e-01  2.47e+05	18.9712 42.2610 0.4168	
88.783600 262.745574	6.48e-01  7.71e-01  2.24e+05	-0.0795 65.2486 0.9544	
88.783600 262.745574	6.84e-01  8.56e-01  2.13e+05	-38.1717 61.3990 0.5131	
88.783600 262.745574	4.42e-01  8.18e-01  2.40e+05	-1.6134 53.1698 0.2861	
88.783600 262.745574	3.91e-01  8.08e-01  2.46e+05	7.8002 46.5325 0.4861	
88.783600 262.745574	6.93e-01  8.11e-01  2.16e+05	4.0510 70.2081 0.6912	
88.783600 262.745574	7.09e-01  8.01e-01  2.16e+05	-1.2554 70.7359 0.5924	
88.783600 262.745574	4.61e-01  7.57e-01  2.44e+05	-1.8150 49.1738 0.9902	
88.783600 262.745574	5.25e-01  8.03e-01  2.33e+05	-6.6709 58.5152 0.8302	
88.783600 262.745574	4.40e-01  8.04e-01  2.41e+05	-2.9467 51.6543 0.0871	
88.783600 262.745574	6.23e-01  6.93e-01  2.34e+05	14.1385 56.1366 0.3317	
88.783600 262.745574	6.34e-01  8.48e-01  2.18e+05	14.3976 67.5733 0.1987	
88.783600 262.745574	6.42e-01  8.97e-01  2.13e+05	12.5180 71.2171 0.8120	
88.783600 262.745574	6.37e-01  7.95e-01  2.23e+05	-0.0067 66.1044 0.9259	
88.783600 262.745574	5.63e-01  7.64e-01  2.33e+05	4.8991 58.6079 0.7567	
88.783600 262.745574	6.78e-01  7.07e-01  2.27e+05	-4.4754 62.8821 0.2561	
88.783600 262.745574	5.14e-01  8.87e-01  2.26e+05	5.4449 63.8380 0.9019	
88.783600 262.745574	5.09e-01  6.83e-01  2.47e+05	18.3988 42.5827 0.7948	
88.783600 262.745574	6.29e-01  8.88e-01  2.15e+05	-0.6227 71.0799 0.6411	
88.783600 262.745574	4.44e-01  9.00e-01  2.31e+05	-7.2260 59.6414 0.0646	
88.783600 262.745574	6.85e-01  8.73e-01  2.12e+05	40.4527 61.0804 0.8383	
88.783600 262.745574	6.12e-01  8.02e-01  2.24e+05	-5.3471 64.7279 0.8679	
88.783600 262.745574	6.81e-01  9.43e-01  2.06e+05	13.9732 75.2031 0.4249	
88.783600 262.745574	5.03e-01  8.18e-01  2.33e+05	-0.8743 58.3129 0.8048	
88.783600 262.745574	6.82e-01  7.26e-01  2.25e+05	1.4195 64.5734 0.6328	
88.783600 262.745574	5.95e-01  8.80e-01  2.19e+05	-21.1587 65.3512 0.1981	
88.783600 262.745574	5.36e-01  8.24e-01  2.29e+05	-15.3169 59.2854 0.5196	
88.783600 262.745574	3.88e-01  8.07e-01  2.47e+05	-21.5356 41.4862 0.3068	
88.783600 262.745574	6.39e-01  7.67e-01  2.25e+05	14.8653 62.6782 0.9692	
88.783600 262.745574	5.68e-01  8.65e-01  2.23e+05	-13.5983 64.7658 0.5804	
88.783600 262.745574	6.25e-01  8.84e-01  2.16e+05	7.7037 70.2313 0.3320	
88.783600 262.745574	3.73e-01  8.02e-01  2.49e+05	10.3672 43.3288 0.6813	
88.783600 262.745574	4.81e-01  8.26e-01  2.35e+05	-0.5810 57.1605 0.9377	
88.783600 262.745574	5.39e-01  7.32e-01  2.38e+05	4.4153 53.9941 0.5085	
88.783600 262.745574	4.47e-01  7.29e-01  2.49e+05	-3.8875 44.3626 0.9356	
88.783600 262.745574	4.76e-01  7.71e-01  2.41e+05	-7.1571 51.5374 0.4722	
88.783600 262.745574	5.85e-01  8.67e-01  2.21e+05	-19.6122 64.4582 0.4288	
88.783600 262.745574	4.66e-01  8.30e-01  2.36e+05	19.4581 52.8435 0.6738	
88.783600 262.745574	4.68e-01  9.29e-01  2.26e+05	4.5765 63.6844 0.8733	
88.783600 262.745574	7.21e-01  9.32e-01  2.04e+05	-6.2593 77.5741 0.1461	
88.783600 262.745574	5.88e-01  7.14e-01  2.35e+05	25.6793 50.6869 0.9095	
88.783600 262.745574	5.57e-01  8.16e-01  2.28e+05	6.7963 61.7894 0.7243	
88.783600 262.745574	3.48e-01  8.91e-01  2.42e+05	-37.1183 35.3042 0.2438	
88.783600 262.745574	6.77e-01  9.44e-01  2.07e+05	-20.3163 73.6053 0.7442	
88.783600 262.745574	3.55e-01  7.91e-01  2.52e+05	-4.7865 40.6190 0.6269	
88.783600 262.745574	5.77e-01  9.03e-01  2.18e+05	-5.5217 68.7709 0.4669	
88.783600 262.745574	5.75e-01  7.60e-01  2.32e+05	1.6012 59.4332 0.3558	
88.783600 262.745574	6.48e-01  8.33e-01  2.18e+05	18.8836 66.3993 0.1077	
88.783600 262.745574	5.04e-01  7.67e-01  2.38e+05	-4.9501 53.8999 0.4890	
88.783600 262.745574	4.58e-01  6.62e-01  2.55e+05	-17.9281 32.6648 0.6474	
88.783600 262.745574	5.31e-01  6.50e-01  2.48e+05	2.2539 45.1793 0.5436	
88.783600 262.745574	5.60e-01  8.21e-01  2.27e+05	2.5597 62.7018 0.3473	
88.783600 262.745574	2.82e-01  8.51e-01  2.54e+05	-13.5919 36.6544 0.8428	
88.783600 262.745574	5.29e-01  8.56e-01  2.27e+05	17.9488 60.4527 0.9792	
88.783600 262.745574	6.13e-01  9.41e-01  2.12e+05	19.6771 70.3515 0.0676	
88.783600 262.745574	6.39e-01  9.20e-01  2.11e+05	1.8283 73.3269 0.3002	
88.783600 262.745574	5.52e-01  7.91e-01  2.31e+05	7.2665 59.5927 0.8292	
88.783600 262.745574	6.39e-01  9.26e-01  2.11e+05	-21.3979 70.4789 0.6394	
88.783600 262.745574	6.49e-01  8.51e-01  2.17e+05	20.7564 67.0126 0.6965	
88.783600 262.745574	5.33e-01  9.08e-01  2.22e+05	-8.2758 66.1824 0.5207	
88.783600 262.745574	8.51e-01  9.50e-01  1.93e+05	-5.7023 83.6700 0.5968	
88.783600 262.745574	4.77e-01  7.91e-01  2.39e+05	-4.3560 53.6873 0.9367	
88.783600 262.745574	7.41e-01  9.23e-01  2.03e+05	-25.3449 74.1037 0.0733	
88.783600 262.745574	5.45e-01  8.03e-01  2.31e+05	-13.5062 58.8826 0.7017	
88.783600 262.745574	5.69e-01  8.53e-01  2.24e+05	10.0644 64.7041 0.6094	
88.783600 262.745574	4.55e-01  7.74e-01  2.43e+05	-17.6376 47.1051 0.6535	
88.783600 262.745574	4.77e-01  8.55e-01  2.32e+05	-11.8897 58.0302 0.4829	
88.783600 262.745574	5.27e-01  8.04e-01  2.32e+05	-27.6805 52.2127 0.9181	
88.783600 262.745574	5.86e-01  9.26e-01  2.16e+05	-8.7091 70.2496 0.3410	
88.783600 262.745574	6.53e-01  8.42e-01  2.17e+05	-27.0695 64.4088 0.3166	
88.783600 262.745574	6.72e-01  9.47e-01  2.07e+05	-12.5433 75.2249 0.5545	
88.783600 262.745574	4.39e-01  7.77e-01  2.44e+05	-9.5143 47.9828 0.9850	
88.783600 262.745574	4.99e-01  7.93e-01  2.36e+05	-32.5296 45.5394 0.4620	
88.783600 262.745574	5.88e-01  7.62e-01  2.30e+05	1.4447 60.5357 0.0508	
88.783600 262.745574	8.10e-01  9.51e-01  1.96e+05	39.4941 72.2807 0.3867	
88.783600 262.745574	5.96e-01  8.49e-01  2.21e+05	-28.2620 60.6490 0.0519	
88.783600 262.745574	4.44e-01  8.46e-01  2.36e+05	14.1362 54.0370 0.1001	
88.783600 262.745574	7.50e-01  9.01e-01  2.04e+05	28.4323 72.3279 0.5344	
88.783600 262.745574	5.40e-01  8.75e-01  2.24e+05	1.2955 65.0207 0.0863	
