51.342036 274.215253	5.30e-01  8.65e-01  3.30e+05	-0.0000 68.2592 0.0692	
51.342036 274.215253	4.44e-01  7.72e-01  3.57e+05	20.1647 48.4985 0.1560	
51.342036 274.215253	5.89e-01  8.17e-01  3.29e+05	-30.1812 62.0275 0.9720	
51.342036 274.215253	5.64e-01  6.91e-01  3.50e+05	7.7727 55.9929 0.0900	
51.342036 274.215253	4.93e-01  7.52e-01  3.52e+05	21.8574 51.0621 0.4126	
51.342036 274.215253	5.59e-01  8.56e-01  3.27e+05	-7.0793 69.2535 0.5222	
51.342036 274.215253	6.42e-01  7.79e-01  3.26e+05	-14.0237 68.6578 0.9185	
51.342036 274.215253	5.62e-01  8.68e-01  3.25e+05	18.8446 68.1293 0.4950	
51.342036 274.215253	6.22e-01  8.17e-01  3.24e+05	-8.8036 70.6822 0.5076	
51.342036 274.215253	6.44e-01  8.51e-01  3.17e+05	5.1905 74.6617 0.4049	
51.342036 274.215253	5.65e-01  6.36e-01  3.59e+05	6.0012 50.4368 0.0986	
51.342036 274.215253	6.89e-01  8.81e-01  3.08e+05	-20.2112 76.4662 0.2520	
51.342036 274.215253	3.90e-01  9.61e-01  3.36e+05	-18.6223 62.1401 0.4882	
51.342036 274.215253	5.91e-01  7.50e-01  3.38e+05	-8.3619 63.6087 0.6135	
51.342036 274.215253	8.72e-01  9.78e-01  2.77e+05	-29.3551 86.9463 0.1431	
51.342036 274.215253	8.17e-01  8.63e-01  2.95e+05	-8.1362 84.2298 0.6714	
51.342036 274.215253	3.91e-01  9.12e-01  3.43e+05	1.2022 60.8780 0.6813	
51.342036 274.215253	4.08e-01  9.40e-01  3.37e+05	12.0949 63.5699 0.3194	
51.342036 274.215253	6.61e-01  9.35e-01  3.04e+05	-9.3076 79.9918 0.1429	
51.342036 274.215253	5.56e-01  9.03e-01  3.21e+05	4.3363 72.4491 0.5117	
51.342036 274.215253	5.06e-01  6.37e-01  3.69e+05	6.7658 42.8680 0.3313	
51.342036 274.215253	6.79e-01  9.33e-01  3.02e+05	-3.8181 81.2655 0.8420	
51.342036 274.215253	5.28e-01  8.22e-01  3.36e+05	-14.3225 63.2327 0.4906	
51.342036 274.215253	5.61e-01  7.60e-01  3.40e+05	-13.7247 60.9998 0.8432	
51.342036 274.215253	6.69e-01  8.08e-01  3.19e+05	-11.2339 72.8517 0.9897	
51.342036 274.215253	6.30e-01  8.12e-01  3.24e+05	-15.4895 69.7926 0.1191	
51.342036 274.215253	6.60e-01  7.38e-01  3.29e+05	15.3993 66.7401 0.1971	
51.342036 274.215253	5.75e-01  8.61e-01  3.24e+05	-21.1379 67.8712 0.8906	
51.342036 274.215253	6.98e-01  9.60e-01  2.97e+05	0.1985 83.5696 0.8889	
51.342036 274.215253	5.98e-01  8.32e-01  3.25e+05	-13.2095 69.4574 0.2506	
51.342036 274.215253	6.26e-01  9.56e-01  3.06e+05	24.2258 75.9979 0.2138	
51.342036 274.215253	7.38e-01  9.02e-01  2.99e+05	-21.6749 79.8583 0.6163	
51.342036 274.215253	6.23e-01  8.49e-01  3.20e+05	-18.8898 70.9262 0.8628	
51.342036 274.215253	5.66e-01  8.70e-01  3.24e+05	15.2078 69.4518 0.7434	
51.342036 274.215253	4.61e-01  7.86e-01  3.52e+05	-1.4512 55.6913 0.7444	
51.342036 274.215253	5.85e-01  8.05e-01  3.31e+05	13.8130 66.4592 0.1131	
51.342036 274.215253	3.95e-01  8.49e-01  3.52e+05	-21.9345 50.9221 0.6177	
51.342036 274.215253	5.63e-01  8.84e-01  3.23e+05	-3.0329 71.7746 0.0448	
51.342036 274.215253	5.74e-01  7.64e-01  3.38e+05	15.1676 62.0410 0.2696	
51.342036 274.215253	5.05e-01  8.49e-01  3.36e+05	-5.4618 64.9692 0.9056	
51.342036 274.215253	6.00e-01  7.30e-01  3.39e+05	-18.9996 60.2531 0.5830	
51.342036 274.215253	6.76e-01  7.72e-01  3.23e+05	34.2523 63.1488 0.4945	
51.342036 274.215253	5.82e-01  8.29e-01  3.28e+05	-40.3722 56.4273 0.2300	
51.342036 274.215253	7.37e-01  8.85e-01  3.01e+05	16.3987 80.1706 0.0379	
51.342036 274.215253	4.13e-01  9.42e-01  3.36e+05	-15.7323 63.2652 0.7742	
51.342036 274.215253	7.65e-01  8.89e-01  2.98e+05	2.5687 83.3703 0.4911	
51.342036 274.215253	5.46e-01  8.19e-01  3.34e+05	30.7726 58.3886 0.2923	
51.342036 274.215253	7.43e-01  8.97e-01  2.99e+05	0.1737 82.7260 0.8359	
51.342036 274.215253	6.60e-01  8.66e-01  3.13e+05	36.7841 67.2852 0.7687	
51.342036 274.215253	5.07e-01  9.54e-01  3.21e+05	-26.2370 67.7860 0.9281	
51.342036 274.215253	5.41e-01  8.82e-01  3.26e+05	6.5205 69.9052 0.8394	
51.342036 274.215253	6.96e-01  8.88e-01  3.06e+05	-17.4432 77.9001 0.9945	
51.342036 274.215253	5.58e-01  8.10e-01  3.34e+05	25.2745 61.2261 0.4066	
51.342036 274.215253	5.91e-01  8.17e-01  3.28e+05	19.0266 66.4757 0.8117	
51.342036 274.215253	7.54e-01  8.40e-01  3.05e+05	-18.0661 78.3475 0.6691	
51.342036 274.215253	5.03e-01  9.25e-01  3.26e+05	-26.2337 65.4212 0.3502	
51.342036 274.215253	6.19e-01  9.03e-01  3.13e+05	15.1766 74.9101 0.8026	
51.342036 274.215253	5.15e-01  8.69e-01  3.32e+05	-8.8735 66.7879 0.1757	
51.342036 274.215253	6.03e-01  6.65e-01  3.48e+05	25.4408 51.8836 0.4662	
51.342036 274.215253	6.26e-01  9.00e-01  3.13e+05	-12.4261 75.6387 0.0039	
51.342036 274.215253	5.14e-01  6.18e-01  3.71e+05	-9.2471 40.8321 0.2365	
51.342036 274.215253	6.42e-01  7.80e-01  3.26e+05	8.4309 69.5745 0.2389	
51.342036 274.215253	6.59e-01  8.90e-01  3.10e+05	-7.4170 77.6305 0.4604	
51.342036 274.215253	8.06e-01  8.86e-01  2.94e+05	-31.0376 79.3184 0.5547	
51.342036 274.215253	5.18e-01  6.79e-01  3.60e+05	0.6385 50.2943 0.3987	
51.342036 274.215253	8.54e-01  8.93e-01  2.88e+05	27.5980 83.1639 0.1661	
51.342036 274.215253	5.62e-01  9.38e-01  3.16e+05	4.9318 74.9655 0.3789	
51.342036 274.215253	5.44e-01  8.90e-01  3.25e+05	-39.2260 59.1398 0.3906	
51.342036 274.215253	5.75e-01  9.04e-01  3.19e+05	34.3917 65.3609 0.3486	
51.342036 274.215253	6.08e-01  7.42e-01  3.36e+05	-24.1953 60.1764 0.4134	
51.342036 274.215253	6.06e-01  9.17e-01  3.13e+05	18.0168 74.3339 0.5340	
51.342036 274.215253	7.35e-01  9.03e-01  3.00e+05	-38.2359 73.2106 0.4979	
51.342036 274.215253	6.44e-01  6.77e-01  3.40e+05	17.5187 60.0036 0.2507	
51.342036 274.215253	6.95e-01  9.18e-01  3.02e+05	34.5919 73.6577 0.2999	
51.342036 274.215253	6.22e-01  8.41e-01  3.21e+05	-1.3208 72.8775 0.7783	
51.342036 274.215253	5.87e-01  7.95e-01  3.32e+05	26.4246 61.8781 0.4472	
51.342036 274.215253	7.70e-01  9.01e-01  2.96e+05	5.8530 83.9961 0.8245	
51.342036 274.215253	5.22e-01  8.23e-01  3.37e+05	-28.1121 57.9458 0.3251	
51.342036 274.215253	6.50e-01  7.86e-01  3.25e+05	5.4482 70.8199 0.5735	
51.342036 274.215253	6.19e-01  7.69e-01  3.31e+05	-26.2829 62.3991 0.0638	
51.342036 274.215253	3.18e-01  8.51e-01  3.64e+05	-8.3398 46.1338 0.1993	
51.342036 274.215253	6.01e-01  7.76e-01  3.33e+05	5.5198 66.6286 0.2951	
51.342036 274.215253	5.45e-01  7.68e-01  3.42e+05	-0.3515 61.8363 0.8109	
51.342036 274.215253	7.15e-01  7.95e-01  3.15e+05	-23.5133 71.9713 0.3507	
51.342036 274.215253	4.47e-01  7.62e-01  3.58e+05	-9.6126 50.7927 0.9061	
51.342036 274.215253	6.42e-01  7.96e-01  3.24e+05	-15.0095 69.5885 0.7607	
51.342036 274.215253	7.12e-01  8.93e-01  3.03e+05	-22.9770 77.6227 0.6122	
51.342036 274.215253	7.46e-01  8.07e-01  3.09e+05	-23.9464 74.4582 0.1252	
51.342036 274.215253	4.93e-01  7.65e-01  3.50e+05	3.4641 56.6652 0.1590	
51.342036 274.215253	6.76e-01  9.00e-01  3.07e+05	-0.2173 79.4690 0.2876	
51.342036 274.215253	4.68e-01  9.28e-01  3.30e+05	6.9371 67.9609 0.6940	
51.342036 274.215253	6.44e-01  7.10e-01  3.36e+05	38.6231 52.3915 0.5337	
51.342036 274.215253	6.33e-01  6.75e-01  3.42e+05	27.2815 55.0159 0.8887	
51.342036 274.215253	6.45e-01  8.26e-01  3.20e+05	5.5366 73.1938 0.5740	
51.342036 274.215253	6.84e-01  9.20e-01  3.03e+05	14.0582 79.6763 0.1294	
51.342036 274.215253	8.56e-01  9.47e-01  2.82e+05	5.7366 89.7360 0.0031	
51.342036 274.215253	6.37e-01  9.29e-01  3.08e+05	3.7832 78.7966 0.4113	
51.342036 274.215253	5.75e-01  7.77e-01  3.36e+05	-12.7143 63.7157 0.6693	
51.342036 274.215253	5.57e-01  8.18e-01  3.33e+05	-3.1743 66.6734 0.6549	
51.342036 274.215253	7.56e-01  8.84e-01  2.99e+05	48.7591 66.8463 0.6393	
51.342036 274.215253	7.67e-01  9.09e-01  2.95e+05	6.2873 84.1717 0.6212	
51.342036 274.215253	7.15e-01  8.77e-01  3.05e+05	33.8110 72.7928 0.5570	
51.342036 274.215253	5.93e-01  6.65e-01  3.50e+05	-14.2116 55.0176 0.3148	
51.342036 274.215253	4.82e-01  7.46e-01  3.55e+05	17.8019 50.6455 0.4186	
51.342036 274.215253	3.85e-01  8.77e-01  3.49e+05	-11.7150 55.9228 0.2374	
51.342036 274.215253	7.07e-01  8.88e-01  3.05e+05	28.8389 75.0585 0.0350	
51.342036 274.215253	6.39e-01  7.39e-01  3.32e+05	-11.0018 66.0094 0.1434	
51.342036 274.215253	6.60e-01  7.93e-01  3.22e+05	18.6085 69.7495 0.3180	
51.342036 274.215253	5.05e-01  8.48e-01  3.36e+05	-28.6501 58.3932 0.0440	
51.342036 274.215253	4.88e-01  7.53e-01  3.53e+05	-21.0482 50.9644 0.5481	
51.342036 274.215253	4.55e-01  8.79e-01  3.39e+05	30.4032 55.8393 0.7080	
51.342036 274.215253	4.41e-01  7.45e-01  3.61e+05	-26.1606 41.4682 0.2224	
51.342036 274.215253	7.10e-01  7.65e-01  3.19e+05	-3.9613 73.4640 0.6908	
51.342036 274.215253	6.81e-01  7.71e-01  3.22e+05	-10.5040 71.3485 0.0211	
51.342036 274.215253	5.83e-01  6.71e-01  3.51e+05	-10.0618 55.5381 0.2568	
51.342036 274.215253	6.05e-01  8.80e-01  3.18e+05	1.0141 74.1719 0.5015	
51.342036 274.215253	7.56e-01  8.95e-01  2.98e+05	15.7258 81.7553 0.9893	
51.342036 274.215253	6.71e-01  8.86e-01  3.09e+05	-16.8826 76.5656 0.7477	
51.342036 274.215253	4.02e-01  7.73e-01  3.63e+05	-0.2713 47.6669 0.3956	
51.342036 274.215253	6.52e-01  7.04e-01  3.35e+05	-30.7870 57.5865 0.0955	
51.342036 274.215253	4.31e-01  8.76e-01  3.43e+05	27.6237 54.7116 0.8226	
51.342036 274.215253	5.75e-01  7.81e-01  3.35e+05	11.9671 64.2369 0.6790	
51.342036 274.215253	4.07e-01  9.01e-01  3.42e+05	-30.9588 53.0210 0.3329	
51.342036 274.215253	7.01e-01  8.06e-01  3.15e+05	-12.7149 74.4683 0.0136	
51.342036 274.215253	5.39e-01  7.71e-01  3.42e+05	-7.0367 61.0856 0.1034	
51.342036 274.215253	7.31e-01  9.22e-01  2.98e+05	-40.1259 73.0405 0.5433	
51.342036 274.215253	6.63e-01  7.58e-01  3.27e+05	15.0467 68.3806 0.9337	
51.342036 274.215253	6.95e-01  9.20e-01  3.02e+05	7.1045 81.1722 0.4161	
51.342036 274.215253	4.34e-01  8.68e-01  3.43e+05	-10.0199 60.0147 0.6517	
51.342036 274.215253	6.24e-01  9.50e-01  3.07e+05	31.7631 72.6877 0.1248	
51.342036 274.215253	6.12e-01  7.80e-01  3.30e+05	26.8981 62.5228 0.0202	
51.342036 274.215253	7.11e-01  8.83e-01  3.05e+05	-29.1327 74.9415 0.9394	
51.342036 274.215253	7.68e-01  9.05e-01  2.96e+05	-41.4773 73.4282 0.5214	
51.342036 274.215253	3.74e-01  8.78e-01  3.51e+05	-3.1558 56.1752 0.0895	
51.342036 274.215253	5.12e-01  7.64e-01  3.47e+05	-24.6414 53.0559 0.4726	
51.342036 274.215253	6.85e-01  9.26e-01  3.03e+05	-16.6363 79.5391 0.9077	
51.342036 274.215253	6.73e-01  8.68e-01  3.11e+05	10.9472 76.7513 0.5215	
51.342036 274.215253	5.19e-01  9.39e-01  3.22e+05	4.3731 72.3717 0.9084	
51.342036 274.215253	4.22e-01  8.67e-01  3.45e+05	-1.8769 59.7006 0.3195	
51.342036 274.215253	6.91e-01  8.86e-01  3.07e+05	6.8174 79.1689 0.2673	
51.342036 274.215253	5.96e-01  8.09e-01  3.29e+05	-39.5817 56.4802 0.9423	
51.342036 274.215253	6.52e-01  8.59e-01  3.15e+05	5.0964 75.6392 0.4156	
51.342036 274.215253	6.18e-01  9.11e-01  3.13e+05	2.5265 76.7697 0.6187	
51.342036 274.215253	7.37e-01  8.92e-01  3.01e+05	16.6328 80.4739 0.6477	
51.342036 274.215253	7.77e-01  9.35e-01  2.91e+05	-3.6410 86.0198 0.2289	
51.342036 274.215253	6.78e-01  7.67e-01  3.23e+05	4.7238 71.5439 0.8638	
51.342036 274.215253	7.27e-01  8.08e-01  3.12e+05	0.7176 77.1847 0.2502	
51.342036 274.215253	5.63e-01  8.25e-01  3.31e+05	-7.2394 67.3442 0.5837	
51.342036 274.215253	7.86e-01  8.53e-01  2.99e+05	5.5814 82.4737 0.7365	
51.342036 274.215253	6.99e-01  9.49e-01  2.98e+05	-11.7235 82.3202 0.3221	
51.342036 274.215253	7.42e-01  9.22e-01  2.97e+05	-5.6051 83.7115 0.0680	
51.342036 274.215253	7.62e-01  8.94e-01  2.98e+05	-17.5447 81.5978 0.7966	
51.342036 274.215253	6.43e-01  9.63e-01  3.03e+05	9.4626 80.4685 0.4443	
51.342036 274.215253	4.29e-01  6.77e-01  3.75e+05	20.8203 31.5046 0.4771	
51.342036 274.215253	5.47e-01  7.90e-01  3.38e+05	4.1902 63.6424 0.7954	
51.342036 274.215253	7.59e-01  9.36e-01  2.93e+05	-1.7737 85.3079 0.1902	
51.342036 274.215253	3.98e-01  8.17e-01  3.57e+05	-7.6764 51.7921 0.7492	
51.342036 274.215253	5.80e-01  8.82e-01  3.21e+05	-27.1138 67.5315 0.4945	
51.342036 274.215253	6.76e-01  7.52e-01  3.26e+05	9.9078 69.8306 0.8422	
51.342036 274.215253	5.05e-01  8.93e-01  3.29e+05	8.9228 67.9023 0.0718	
51.342036 274.215253	6.43e-01  7.48e-01  3.31e+05	30.5270 60.6671 0.6713	
51.342036 274.215253	6.03e-01  7.36e-01  3.38e+05	-2.6394 63.8915 0.2446	
51.342036 274.215253	6.44e-01  7.92e-01  3.24e+05	17.6034 68.8387 0.2580	
51.342036 274.215253	5.74e-01  8.24e-01  3.30e+05	5.7680 68.1743 0.6956	
51.342036 274.215253	6.03e-01  8.32e-01  3.24e+05	14.7281 69.5144 0.9600	
51.342036 274.215253	8.48e-01  9.66e-01  2.81e+05	8.7345 89.9416 0.7646	
51.342036 274.215253	6.66e-01  8.49e-01  3.14e+05	12.3716 75.0251 0.0986	
51.342036 274.215253	6.62e-01  8.78e-01  3.11e+05	-20.0378 74.8163 0.0949	
51.342036 274.215253	6.86e-01  8.59e-01  3.10e+05	1.7258 77.7420 0.6797	
51.342036 274.215253	5.52e-01  8.78e-01  3.25e+05	-0.5234 70.7013 0.0465	
51.342036 274.215253	5.81e-01  8.12e-01  3.30e+05	-22.5702 64.2593 0.8464	
51.342036 274.215253	6.86e-01  9.01e-01  3.06e+05	-22.0243 76.8974 0.1324	
51.342036 274.215253	3.92e-01  7.64e-01  3.67e+05	-25.8543 37.0953 0.0693	
51.342036 274.215253	6.96e-01  8.14e-01  3.15e+05	-52.4461 54.6344 0.8097	
51.342036 274.215253	5.11e-01  9.72e-01  3.18e+05	-4.3803 73.9322 0.4771	
51.342036 274.215253	6.52e-01  9.31e-01  3.06e+05	19.4458 77.4216 0.9892	
51.342036 274.215253	4.99e-01  9.11e-01  3.28e+05	-37.1182 58.4482 0.4803	
51.342036 274.215253	6.07e-01  8.57e-01  3.21e+05	23.8125 68.8857 0.5781	
51.342036 274.215253	6.54e-01  8.97e-01  3.10e+05	0.7040 78.0644 0.0841	
51.342036 274.215253	8.29e-01  9.70e-01  2.82e+05	24.3502 86.3935 0.0708	
51.342036 274.215253	5.93e-01  7.57e-01  3.36e+05	12.2559 63.6328 0.2712	
51.342036 274.215253	6.70e-01  7.57e-01  3.26e+05	-4.4604 70.3208 0.0703	
51.342036 274.215253	7.02e-01  7.97e-01  3.16e+05	-38.1581 64.6527 0.9507	
51.342036 274.215253	6.25e-01  6.58e-01  3.46e+05	6.0767 58.7847 0.2411	
51.342036 274.215253	5.01e-01  8.63e-01  3.34e+05	2.5479 65.8771 0.0301	
51.342036 274.215253	6.96e-01  8.83e-01  3.06e+05	9.9418 78.9598 0.6441	
51.342036 274.215253	7.79e-01  9.22e-01  2.92e+05	19.1084 83.4695 0.3126	
51.342036 274.215253	5.95e-01  7.46e-01  3.38e+05	2.9993 64.0368 0.3181	
51.342036 274.215253	7.10e-01  9.87e-01  2.93e+05	-1.5071 85.3628 0.2146	
51.342036 274.215253	4.93e-01  7.52e-01  3.52e+05	-20.6816 51.4419 0.0477	
51.342036 274.215253	6.67e-01  7.85e-01  3.22e+05	-15.2506 70.5142 0.9686	
51.342036 274.215253	6.35e-01  7.03e-01  3.38e+05	25.4046 58.6066 0.4424	
51.342036 274.215253	5.61e-01  9.01e-01  3.21e+05	-12.1858 71.7401 0.5275	
51.342036 274.215253	6.86e-01  7.23e-01  3.28e+05	-0.0465 69.2318 0.9452	
51.342036 274.215253	5.85e-01  8.31e-01  3.27e+05	2.6240 69.6421 0.5924	
51.342036 274.215253	7.85e-01  8.86e-01  2.96e+05	14.9551 82.9078 0.6773	
51.342036 274.215253	5.36e-01  8.14e-01  3.36e+05	-17.3523 62.4697 0.7677	
51.342036 274.215253	7.05e-01  8.56e-01  3.09e+05	-2.5670 78.5516 0.5062	
51.342036 274.215253	4.44e-01  8.63e-01  3.43e+05	19.9634 57.9366 0.1736	
51.342036 274.215253	4.16e-01  8.55e-01  3.48e+05	-6.5767 57.7363 0.2858	
51.342036 274.215253	6.95e-01  8.48e-01  3.11e+05	-13.8401 76.4098 0.3347	
51.342036 274.215253	5.85e-01  8.66e-01  3.22e+05	-23.5365 68.0902 0.3804	
51.342036 274.215253	6.12e-01  7.38e-01  3.36e+05	-8.7604 64.2160 0.9699	
51.342036 274.215253	7.14e-01  8.23e-01  3.11e+05	-6.9927 77.0201 0.8910	
51.342036 274.215253	7.37e-01  8.04e-01  3.11e+05	-26.0988 72.9931 0.1936	
51.342036 274.215253	5.31e-01  8.09e-01  3.38e+05	11.3397 63.0736 0.8984	
51.342036 274.215253	5.30e-01  8.30e-01  3.35e+05	10.6770 64.7052 0.9606	
51.342036 274.215253	5.49e-01  8.54e-01  3.29e+05	19.2479 66.0555 0.1560	
51.342036 274.215253	7.42e-01  8.67e-01  3.03e+05	-8.0108 80.7501 0.4181	
51.342036 274.215253	7.11e-01  8.93e-01  3.04e+05	-12.6254 79.9158 0.6314	
51.342036 274.215253	7.18e-01  9.19e-01  3.00e+05	-10.1465 81.9479 0.2165	
51.342036 274.215253	4.91e-01  8.86e-01  3.32e+05	39.7197 53.8233 0.4076	
51.342036 274.215253	6.34e-01  8.96e-01  3.12e+05	11.9118 75.9961 0.4166	
51.342036 274.215253	6.77e-01  7.54e-01  3.25e+05	-23.8387 66.5844 0.6919	
51.342036 274.215253	6.60e-01  9.28e-01  3.05e+05	5.1188 79.9036 0.6434	
51.342036 274.215253	6.11e-01  6.26e-01  3.53e+05	21.9443 50.0576 0.6645	
51.342036 274.215253	8.29e-01  9.48e-01  2.85e+05	1.9238 88.8369 0.6642	
51.342036 274.215253	5.40e-01  8.15e-01  3.36e+05	-35.9309 54.4466 0.8533	
51.342036 274.215253	7.16e-01  8.48e-01  3.08e+05	16.7064 76.9783 0.5390	
51.342036 274.215253	7.56e-01  7.95e-01  3.10e+05	-4.1480 77.9201 0.5468	
51.342036 274.215253	5.92e-01  8.77e-01  3.20e+05	-11.0933 72.3272 0.9001	
51.342036 274.215253	5.24e-01  7.73e-01  3.44e+05	-5.5045 60.1003 0.9662	
51.342036 274.215253	4.75e-01  7.47e-01  3.56e+05	0.8464 53.1033 0.9144	
51.342036 274.215253	5.93e-01  7.92e-01  3.31e+05	37.4711 56.1461 0.3295	
51.342036 274.215253	5.10e-01  9.07e-01  3.27e+05	-5.3829 69.6029 0.5117	
51.342036 274.215253	6.53e-01  9.23e-01  3.07e+05	34.3935 71.5927 0.9167	
51.342036 274.215253	4.34e-01  9.48e-01  3.32e+05	-6.9476 66.8633 0.5452	
51.342036 274.215253	5.57e-01  9.52e-01  3.15e+05	1.1154 75.6753 0.7755	
51.342036 274.215253	6.52e-01  9.48e-01  3.04e+05	-10.5959 80.0020 0.5662	
51.342036 274.215253	5.80e-01  9.14e-01  3.17e+05	-9.7078 74.1964 0.1906	
51.342036 274.215253	3.57e-01  8.80e-01  3.53e+05	3.3617 54.6074 0.6957	
51.342036 274.215253	5.35e-01  7.60e-01  3.44e+05	-13.1704 58.7347 0.1200	
51.342036 274.215253	5.69e-01  8.01e-01  3.33e+05	-22.7243 62.3991 0.9530	
51.342036 274.215253	6.48e-01  9.57e-01  3.03e+05	7.2495 80.6065 0.8827	
51.342036 274.215253	4.96e-01  8.17e-01  3.42e+05	-10.1005 60.9197 0.7602	
51.342036 274.215253	5.36e-01  8.35e-01  3.33e+05	-13.4625 65.1195 0.2728	
51.342036 274.215253	8.20e-01  8.59e-01  2.95e+05	-33.1937 77.7765 0.8118	
51.342036 274.215253	6.99e-01  8.47e-01  3.10e+05	-42.3775 65.2631 0.3577	
51.342036 274.215253	8.58e-01  8.82e-01  2.88e+05	-26.3287 83.2619 0.2027	
51.342036 274.215253	6.50e-01  8.49e-01  3.16e+05	-21.6546 71.8939 0.3520	
51.342036 274.215253	7.36e-01  8.92e-01  3.01e+05	50.0947 65.0569 0.4677	
51.342036 274.215253	5.91e-01  8.57e-01  3.23e+05	17.8889 69.5693 0.5769	
51.342036 274.215253	5.71e-01  7.41e-01  3.42e+05	-15.8811 59.6340 0.1887	
51.342036 274.215253	6.83e-01  8.51e-01  3.12e+05	-47.6699 60.5842 0.0090	
51.342036 274.215253	5.90e-01  9.31e-01  3.13e+05	21.9731 73.1406 0.4411	
51.342036 274.215253	6.87e-01  7.86e-01  3.20e+05	29.9186 67.0858 0.2308	
51.342036 274.215253	6.39e-01  9.63e-01  3.04e+05	28.6112 75.5722 0.3864	
51.342036 274.215253	6.09e-01  6.39e-01  3.52e+05	-20.1211 51.9908 0.9944	
51.342036 274.215253	4.39e-01  8.67e-01  3.43e+05	8.8377 60.4923 0.3637	
51.342036 274.215253	4.72e-01  9.67e-01  3.24e+05	-8.7307 70.7416 0.8735	
51.342036 274.215253	6.77e-01  8.38e-01  3.14e+05	-38.6780 65.4796 0.5870	
51.342036 274.215253	7.39e-01  9.40e-01  2.95e+05	-5.1372 84.4299 0.4861	
51.342036 274.215253	6.25e-01  8.29e-01  3.22e+05	16.5932 70.3411 0.8056	
51.342036 274.215253	5.50e-01  8.38e-01  3.31e+05	-7.4074 67.3066 0.7196	
51.342036 274.215253	7.99e-01  9.26e-01  2.90e+05	-15.4846 85.2497 0.1591	
51.342036 274.215253	6.87e-01  8.83e-01  3.08e+05	16.2786 77.4081 0.2770	
51.342036 274.215253	6.72e-01  8.72e-01  3.11e+05	12.3332 76.6543 0.2124	
51.342036 274.215253	6.42e-01  8.25e-01  3.20e+05	-37.7253 62.6552 0.3962	
51.342036 274.215253	6.34e-01  7.29e-01  3.34e+05	11.2169 64.9233 0.7745	
51.342036 274.215253	6.04e-01  7.62e-01  3.34e+05	-16.9460 63.8788 0.1407	
51.342036 274.215253	5.47e-01  7.76e-01  3.40e+05	0.2887 62.6346 0.5708	
51.342036 274.215253	4.89e-01  8.42e-01  3.39e+05	11.7650 62.1717 0.3569	
51.342036 274.215253	5.63e-01  8.94e-01  3.22e+05	21.0909 69.3089 0.2145	
51.342036 274.215253	5.34e-01  7.59e-01  3.45e+05	0.1662 60.0440 0.8255	
51.342036 274.215253	8.32e-01  9.55e-01  2.84e+05	-30.9086 83.7605 0.9476	
51.342036 274.215253	6.66e-01  9.07e-01  3.07e+05	2.5808 79.2082 0.6513	
51.342036 274.215253	6.22e-01  7.44e-01  3.34e+05	-1.2969 66.0294 0.6001	
51.342036 274.215253	6.59e-01  7.51e-01  3.28e+05	-15.8772 67.4075 0.2411	
51.342036 274.215253	6.82e-01  9.00e-01  3.06e+05	-39.4626 69.2771 0.5642	
51.342036 274.215253	6.47e-01  8.31e-01  3.19e+05	1.9102 73.7285 0.6652	
51.342036 274.215253	5.23e-01  8.65e-01  3.31e+05	18.9150 65.0236 0.2203	
51.342036 274.215253	8.61e-01  9.77e-01  2.78e+05	-22.2367 88.5611 0.3634	
51.342036 274.215253	5.61e-01  9.46e-01  3.15e+05	0.7148 75.5261 0.0794	
51.342036 274.215253	6.44e-01  7.81e-01  3.26e+05	11.7672 69.3775 0.3978	
51.342036 274.215253	5.74e-01  8.35e-01  3.28e+05	20.5200 66.0945 0.7706	
51.342036 274.215253	5.48e-01  7.30e-01  3.47e+05	-0.9701 58.6540 0.3099	
51.342036 274.215253	6.88e-01  8.06e-01  3.17e+05	13.8556 73.4386 0.4154	
51.342036 274.215253	7.29e-01  7.34e-01  3.21e+05	10.3291 72.1072 0.3876	
51.342036 274.215253	6.81e-01  9.89e-01  2.96e+05	32.5609 77.6171 0.9646	
51.342036 274.215253	5.89e-01  8.14e-01  3.29e+05	15.5504 67.0231 0.2574	
51.342036 274.215253	5.76e-01  7.32e-01  3.43e+05	-25.2685 55.8574 0.3974	
51.342036 274.215253	5.64e-01  7.58e-01  3.40e+05	32.3652 53.6006 0.5547	
51.342036 274.215253	6.77e-01  8.15e-01  3.17e+05	6.3930 74.3805 0.2650	
51.342036 274.215253	6.99e-01  8.43e-01  3.11e+05	14.0371 76.2804 0.0051	
51.342036 274.215253	7.03e-01  7.59e-01  3.21e+05	18.8456 70.2813 0.5065	
51.342036 274.215253	6.66e-01  6.86e-01  3.36e+05	-33.1026 55.9206 0.3254	
51.342036 274.215253	7.17e-01  8.07e-01  3.13e+05	-3.5652 76.4291 0.8438	
51.342036 274.215253	6.07e-01  8.73e-01  3.19e+05	32.2385 66.4820 0.6051	
51.342036 274.215253	6.14e-01  7.56e-01  3.34e+05	12.5149 65.1473 0.2516	
51.342036 274.215253	4.95e-01  8.25e-01  3.41e+05	5.0284 62.1510 0.5934	
51.342036 274.215253	6.15e-01  7.75e-01  3.31e+05	-24.6923 63.2310 0.3899	
51.342036 274.215253	4.91e-01  8.29e-01  3.41e+05	-9.3765 61.7075 0.9972	
51.342036 274.215253	3.55e-01  9.13e-01  3.49e+05	-4.2581 57.5550 0.3892	
51.342036 274.215253	5.06e-01  7.61e-01  3.48e+05	-27.5501 50.7385 0.9790	
51.342036 274.215253	7.19e-01  8.71e-01  3.05e+05	11.8217 79.3287 0.2156	
51.342036 274.215253	6.23e-01  7.41e-01  3.34e+05	-1.9095 65.9300 0.6516	
51.342036 274.215253	4.39e-01  8.06e-01  3.52e+05	3.1439 55.3997 0.9472	
51.342036 274.215253	9.09e-01  9.77e-01  2.74e+05	25.5896 89.5160 0.6230	
51.342036 274.215253	4.95e-01  7.67e-01  3.49e+05	-11.7726 55.8927 0.7129	
51.342036 274.215253	8.03e-01  8.49e-01  2.98e+05	-17.7984 81.4071 0.3221	
51.342036 274.215253	6.27e-01  8.06e-01  3.25e+05	37.0601 60.3637 0.5822	
51.342036 274.215253	6.27e-01  6.84e-01  3.42e+05	-20.1772 58.2759 0.0137	
51.342036 274.215253	5.89e-01  8.11e-01  3.29e+05	22.7696 64.7118 0.9226	
51.342036 274.215253	6.04e-01  8.04e-01  3.28e+05	-22.5507 65.3833 0.0114	
51.342036 274.215253	5.77e-01  8.90e-01  3.20e+05	12.1213 72.1148 0.2851	
51.342036 274.215253	4.90e-01  9.49e-01  3.24e+05	16.7635 69.3251 0.0175	
51.342036 274.215253	5.95e-01  9.15e-01  3.15e+05	31.8580 68.7379 0.2619	
51.342036 274.215253	8.34e-01  9.49e-01  2.84e+05	-14.5762 87.9398 0.1305	
51.342036 274.215253	6.07e-01  8.73e-01  3.19e+05	42.4768 60.4829 0.1605	
51.342036 274.215253	6.55e-01  7.59e-01  3.27e+05	-7.4686 69.1978 0.0814	
51.342036 274.215253	4.30e-01  8.15e-01  3.52e+05	-14.7575 53.5602 0.7549	
51.342036 274.215253	5.96e-01  7.50e-01  3.37e+05	32.5746 55.7519 0.7408	
51.342036 274.215253	6.47e-01  7.54e-01  3.29e+05	-16.3272 66.6935 0.1669	
51.342036 274.215253	7.44e-01  8.36e-01  3.06e+05	40.6036 68.5615 0.8885	
51.342036 274.215253	7.32e-01  8.38e-01  3.07e+05	3.2848 79.0678 0.3010	
51.342036 274.215253	4.18e-01  8.88e-01  3.43e+05	8.4277 60.6331 0.7836	
51.342036 274.215253	6.93e-01  9.28e-01  3.02e+05	0.6742 81.7312 0.7569	
51.342036 274.215253	6.21e-01  8.08e-01  3.25e+05	3.8787 70.5102 0.0635	
51.342036 274.215253	5.79e-01  7.78e-01  3.35e+05	-7.1366 64.9743 0.7246	
51.342036 274.215253	4.77e-01  7.02e-01  3.63e+05	7.0399 47.6220 0.0897	
51.342036 274.215253	4.36e-01  8.27e-01  3.49e+05	17.6647 54.5581 0.2738	
51.342036 274.215253	6.57e-01  8.74e-01  3.12e+05	15.6222 75.3812 0.0311	
51.342036 274.215253	6.60e-01  6.73e-01  3.39e+05	-15.5373 61.5404 0.8485	
51.342036 274.215253	5.85e-01  8.27e-01  3.28e+05	-23.4608 65.3230 0.5284	
51.342036 274.215253	7.06e-01  7.99e-01  3.15e+05	10.1694 74.7365 0.0394	
51.342036 274.215253	4.94e-01  7.86e-01  3.47e+05	-26.8773 52.3851 0.8587	
51.342036 274.215253	6.35e-01  9.20e-01  3.09e+05	14.4435 76.9944 0.8424	
51.342036 274.215253	6.14e-01  8.36e-01  3.23e+05	20.9975 68.8930 0.0747	
51.342036 274.215253	5.25e-01  8.33e-01  3.35e+05	-29.8447 58.2551 0.9641	
51.342036 274.215253	5.99e-01  8.74e-01  3.20e+05	-2.9015 73.3959 0.9817	
51.342036 274.215253	5.25e-01  6.84e-01  3.58e+05	-16.3014 49.0588 0.3867	
51.342036 274.215253	6.28e-01  8.65e-01  3.17e+05	-17.5463 72.6191 0.9505	
51.342036 274.215253	6.28e-01  8.89e-01  3.14e+05	-2.7559 76.0738 0.9329	
51.342036 274.215253	6.55e-01  8.28e-01  3.18e+05	-26.4666 69.1968 0.4919	
51.342036 274.215253	5.52e-01  9.14e-01  3.21e+05	24.1703 68.8811 0.7135	
51.342036 274.215253	5.96e-01  8.04e-01  3.29e+05	12.5876 67.4240 0.9298	
51.342036 274.215253	7.45e-01  7.90e-01  3.12e+05	23.4987 73.5215 0.5105	
51.342036 274.215253	6.43e-01  8.30e-01  3.20e+05	-21.5709 70.2138 0.3651	
51.342036 274.215253	6.38e-01  8.55e-01  3.17e+05	23.3984 70.9922 0.0714	
51.342036 274.215253	5.65e-01  7.38e-01  3.43e+05	10.7918 59.9935 0.9443	
51.342036 274.215253	7.06e-01  9.01e-01  3.03e+05	-22.4572 77.8802 0.9816	
51.342036 274.215253	8.04e-01  8.39e-01  2.99e+05	9.2099 82.3626 0.0129	
51.342036 274.215253	5.81e-01  7.22e-01  3.43e+05	9.0780 60.3386 0.0684	
51.342036 274.215253	6.40e-01  8.12e-01  3.22e+05	11.6818 71.1845 0.7159	
51.342036 274.215253	6.62e-01  7.66e-01  3.25e+05	0.7872 70.5474 0.4424	
51.342036 274.215253	5.55e-01  8.59e-01  3.27e+05	53.8691 44.0081 0.3781	
51.342036 274.215253	6.60e-01  7.52e-01  3.28e+05	28.6553 63.2265 0.3464	
51.342036 274.215253	4.91e-01  7.92e-01  3.46e+05	-29.3905 51.3873 0.8463	
51.342036 274.215253	4.89e-01  8.17e-01  3.43e+05	-11.9433 60.0151 0.4567	
51.342036 274.215253	6.55e-01  8.14e-01  3.20e+05	0.9161 73.2430 0.8038	
51.342036 274.215253	7.00e-01  9.04e-01  3.03e+05	-29.8229 75.2099 0.0617	
51.342036 274.215253	5.95e-01  8.13e-01  3.28e+05	23.6578 65.0010 0.2435	
51.342036 274.215253	6.57e-01  7.45e-01  3.29e+05	40.1147 55.7439 0.9458	
51.342036 274.215253	4.92e-01  7.20e-01  3.57e+05	12.4692 50.4901 0.3887	
51.342036 274.215253	7.07e-01  9.16e-01  3.01e+05	6.7963 81.6139 0.5185	
51.342036 274.215253	5.41e-01  7.32e-01  3.48e+05	8.8210 57.5504 0.9407	
51.342036 274.215253	5.34e-01  8.09e-01  3.37e+05	10.0966 63.4701 0.9702	
51.342036 274.215253	3.56e-01  9.41e-01  3.44e+05	-13.3248 58.9606 0.7656	
51.342036 274.215253	4.80e-01  8.48e-01  3.40e+05	-1.2951 62.9889 0.8276	
51.342036 274.215253	6.50e-01  7.10e-01  3.35e+05	-12.8589 64.3433 0.3845	
51.342036 274.215253	6.12e-01  8.57e-01  3.20e+05	-13.0968 72.0423 0.5210	
51.342036 274.215253	6.28e-01  9.35e-01  3.08e+05	-30.3418 72.6769 0.9900	
51.342036 274.215253	7.08e-01  9.77e-01  2.94e+05	8.4036 84.4270 0.1058	
51.342036 274.215253	5.21e-01  8.64e-01  3.31e+05	1.3470 67.4702 0.7237	
51.342036 274.215253	3.24e-01  9.00e-01  3.55e+05	3.7651 53.1796 0.1571	
51.342036 274.215253	5.96e-01  9.51e-01  3.10e+05	-16.9418 76.0019 0.8743	
51.342036 274.215253	5.15e-01  8.17e-01  3.39e+05	2.1499 63.3013 0.3365	
51.342036 274.215253	7.12e-01  8.41e-01  3.10e+05	10.9662 77.4119 0.9188	
51.342036 274.215253	5.33e-01  6.80e-01  3.57e+05	1.4373 52.1289 0.8443	
51.342036 274.215253	6.55e-01  9.50e-01  3.03e+05	-15.7911 79.4334 0.6542	
51.342036 274.215253	5.93e-01  7.30e-01  3.40e+05	16.8344 60.3542 0.5437	
51.342036 274.215253	3.61e-01  7.91e-01  3.67e+05	1.0498 44.5658 0.8525	
51.342036 274.215253	5.76e-01  7.61e-01  3.38e+05	-3.4565 63.6753 0.1742	
51.342036 274.215253	6.23e-01  7.66e-01  3.31e+05	-27.1874 62.0570 0.0181	
51.342036 274.215253	5.52e-01  8.37e-01  3.31e+05	3.1828 67.7042 0.6378	
51.342036 274.215253	4.24e-01  8.42e-01  3.49e+05	-7.8787 56.9748 0.3537	
51.342036 274.215253	3.80e-01  8.03e-01  3.62e+05	-25.3918 41.4904 0.0589	
51.342036 274.215253	6.15e-01  7.88e-01  3.29e+05	-1.6216 68.8149 0.4359	
51.342036 274.215253	6.54e-01  9.23e-01  3.07e+05	-12.1308 78.5768 0.1213	
51.342036 274.215253	5.08e-01  7.56e-01  3.49e+05	-10.9090 56.3394 0.7428	
51.342036 274.215253	5.87e-01  7.96e-01  3.32e+05	-14.5508 65.7595 0.5006	
51.342036 274.215253	6.60e-01  8.26e-01  3.18e+05	-22.8528 70.6606 0.5598	
51.342036 274.215253	5.53e-01  7.10e-01  3.49e+05	-14.3199 55.3869 0.8319	
51.342036 274.215253	5.90e-01  7.88e-01  3.32e+05	-18.8416 64.3466 0.2104	
51.342036 274.215253	7.44e-01  9.24e-01  2.96e+05	-45.0984 70.8981 0.0938	
51.342036 274.215253	5.59e-01  9.30e-01  3.18e+05	31.2626 67.5574 0.6601	
51.342036 274.215253	4.69e-01  9.79e-01  3.23e+05	-13.2130 70.6231 0.3602	
51.342036 274.215253	5.08e-01  8.03e-01  3.42e+05	1.0670 61.6191 0.4177	
51.342036 274.215253	5.63e-01  6.71e-01  3.54e+05	12.5249 52.9422 0.4004	
51.342036 274.215253	6.05e-01  8.73e-01  3.19e+05	-10.3350 73.0446 0.5635	
51.342036 274.215253	5.06e-01  7.03e-01  3.58e+05	-13.8642 49.8225 0.6294	
51.342036 274.215253	5.76e-01  8.04e-01  3.32e+05	3.0418 67.0813 0.0288	
51.342036 274.215253	6.30e-01  8.71e-01  3.16e+05	14.2919 73.8115 0.8589	
51.342036 274.215253	7.50e-01  8.99e-01  2.98e+05	28.7677 78.0165 0.2246	
51.342036 274.215253	5.44e-01  7.94e-01  3.38e+05	-30.6509 56.0731 0.2467	
51.342036 274.215253	5.66e-01  8.82e-01  3.23e+05	-10.7301 71.0874 0.0974	
51.342036 274.215253	4.51e-01  8.37e-01  3.45e+05	19.3323 56.3885 0.5481	
51.342036 274.215253	3.40e-01  9.72e-01  3.42e+05	-6.4311 61.4071 0.6924	
51.342036 274.215253	6.21e-01  8.37e-01  3.21e+05	16.4365 70.6420 0.8295	
51.342036 274.215253	7.54e-01  9.15e-01  2.96e+05	-8.6291 83.6771 0.3386	
51.342036 274.215253	6.35e-01  8.63e-01  3.16e+05	6.4994 74.7133 0.8234	
51.342036 274.215253	6.69e-01  8.81e-01  3.10e+05	-7.0722 77.6948 0.0990	
51.342036 274.215253	5.94e-01  8.41e-01  3.25e+05	-4.3911 70.8639 0.1459	
51.342036 274.215253	6.11e-01  7.50e-01  3.35e+05	3.5793 65.5953 0.4765	
51.342036 274.215253	5.40e-01  9.19e-01  3.21e+05	0.9981 72.6142 0.9089	
51.342036 274.215253	5.44e-01  7.64e-01  3.42e+05	1.9642 61.3509 0.9887	
51.342036 274.215253	4.83e-01  6.54e-01  3.70e+05	-17.8665 38.5326 0.8388	
51.342036 274.215253	6.23e-01  6.93e-01  3.41e+05	16.6736 59.8274 0.6252	
51.342036 274.215253	6.82e-01  7.91e-01  3.20e+05	-25.4341 68.9312 0.8338	
51.342036 274.215253	6.07e-01  8.74e-01  3.19e+05	26.0045 69.1984 0.1729	
51.342036 274.215253	6.74e-01  8.75e-01  3.10e+05	17.4048 75.9996 0.4253	
51.342036 274.215253	4.85e-01  7.00e-01  3.62e+05	-21.7929 43.8129 0.1565	
51.342036 274.215253	7.03e-01  8.31e-01  3.12e+05	-5.9122 76.8704 0.4561	
51.342036 274.215253	4.46e-01  8.70e-01  3.41e+05	-5.4862 61.8061 0.9479	
51.342036 274.215253	5.19e-01  7.46e-01  3.49e+05	8.3372 56.8477 0.2216	
51.342036 274.215253	4.97e-01  7.05e-01  3.59e+05	-5.6420 50.5584 0.1286	
51.342036 274.215253	5.53e-01  6.50e-01  3.59e+05	-0.4080 51.0444 0.0258	
51.342036 274.215253	6.22e-01  9.47e-01  3.08e+05	-9.0062 78.5530 0.0695	
51.342036 274.215253	4.79e-01  6.95e-01  3.64e+05	3.9335 47.3683 0.6693	
51.342036 274.215253	6.20e-01  9.67e-01  3.06e+05	-8.5572 79.5284 0.9859	
51.342036 274.215253	6.34e-01  8.59e-01  3.17e+05	21.9359 71.4444 0.7913	
51.342036 274.215253	5.58e-01  9.30e-01  3.18e+05	-21.0816 71.3545 0.0601	
51.342036 274.215253	5.92e-01  7.61e-01  3.36e+05	-16.4445 62.9970 0.2652	
51.342036 274.215253	6.03e-01  7.75e-01  3.32e+05	-16.6560 64.8773 0.0046	
51.342036 274.215253	4.29e-01  9.79e-01  3.28e+05	-10.9325 68.2452 0.9298	
51.342036 274.215253	7.67e-01  8.45e-01  3.03e+05	10.2167 80.6930 0.8495	
51.342036 274.215253	5.56e-01  8.27e-01  3.32e+05	24.1737 62.8693 0.1982	
51.342036 274.215253	6.46e-01  7.81e-01  3.26e+05	-32.5110 62.5447 0.9997	
51.342036 274.215253	5.67e-01  7.51e-01  3.41e+05	-18.2599 59.4641 0.7842	
51.342036 274.215253	6.81e-01  7.01e-01  3.32e+05	20.0644 64.2196 0.1520	
51.342036 274.215253	6.48e-01  7.54e-01  3.29e+05	28.2951 62.5986 0.1169	
51.342036 274.215253	5.25e-01  9.71e-01  3.17e+05	12.3855 73.8748 0.9573	
51.342036 274.215253	5.18e-01  8.29e-01  3.37e+05	0.6348 64.6434 0.0816	
51.342036 274.215253	6.06e-01  9.56e-01  3.08e+05	-11.9377 77.7950 0.7741	
51.342036 274.215253	5.69e-01  7.48e-01  3.41e+05	16.5962 59.9188 0.0621	
51.342036 274.215253	5.24e-01  7.67e-01  3.45e+05	-16.1759 57.7277 0.2002	
51.342036 274.215253	5.40e-01  8.79e-01  3.27e+05	23.6850 65.7438 0.4257	
51.342036 274.215253	4.96e-01  7.46e-01  3.53e+05	-11.0974 54.0329 0.8442	
51.342036 274.215253	8.36e-01  9.31e-01  2.86e+05	-39.7254 79.0683 0.4932	
51.342036 274.215253	5.71e-01  9.08e-01  3.19e+05	-24.6050 69.6142 0.7240	
51.342036 274.215253	7.37e-01  8.62e-01  3.04e+05	40.1484 69.9603 0.8212	
51.342036 274.215253	7.15e-01  9.06e-01  3.02e+05	-7.5153 81.4353 0.8383	
51.342036 274.215253	7.82e-01  8.42e-01  3.01e+05	-12.8950 80.9495 0.2210	
51.342036 274.215253	6.47e-01  9.29e-01  3.07e+05	10.4112 78.7568 0.2706	
51.342036 274.215253	6.19e-01  9.13e-01  3.12e+05	37.7026 67.1249 0.6335	
51.342036 274.215253	6.02e-01  7.35e-01  3.38e+05	-15.3249 61.9984 0.7323	
51.342036 274.215253	6.08e-01  9.88e-01  3.04e+05	1.6940 80.4526 0.4403	
51.342036 274.215253	5.75e-01  7.35e-01  3.42e+05	-0.3812 61.5227 0.2115	
51.342036 274.215253	5.93e-01  6.59e-01  3.51e+05	13.3019 54.6554 0.7043	
51.342036 274.215253	6.87e-01  9.06e-01  3.05e+05	45.3177 66.3310 0.2135	
51.342036 274.215253	6.38e-01  7.69e-01  3.28e+05	-6.2789 68.7566 0.0292	
51.342036 274.215253	4.96e-01  6.89e-01  3.62e+05	16.7363 45.9880 0.8613	
51.342036 274.215253	6.52e-01  9.06e-01  3.09e+05	14.6288 77.1062 0.3322	
51.342036 274.215253	6.10e-01  7.98e-01  3.28e+05	4.5527 69.0310 0.6366	
51.342036 274.215253	4.45e-01  8.34e-01  3.47e+05	29.0724 51.0825 0.1890	
51.342036 274.215253	8.57e-01  8.96e-01  2.87e+05	-30.6885 82.3332 0.9769	
51.342036 274.215253	7.54e-01  9.41e-01  2.93e+05	-8.0603 84.9323 0.8803	
51.342036 274.215253	6.92e-01  8.04e-01  3.17e+05	21.1583 71.8198 0.7742	
51.342036 274.215253	6.43e-01  8.61e-01  3.16e+05	8.3632 74.9182 0.3461	
51.342036 274.215253	7.08e-01  7.45e-01  3.22e+05	15.3188 70.5653 0.8953	
51.342036 274.215253	4.28e-01  7.87e-01  3.57e+05	7.0525 51.8000 0.4275	
51.342036 274.215253	4.91e-01  8.40e-01  3.39e+05	-33.1374 53.9564 0.2508	
51.342036 274.215253	4.28e-01  7.37e-01  3.65e+05	-3.9545 46.1381 0.4577	
51.342036 274.215253	5.64e-01  7.29e-01  3.45e+05	6.9618 59.6817 0.3006	
51.342036 274.215253	7.38e-01  9.58e-01  2.93e+05	28.7511 80.3683 0.6299	
51.342036 274.215253	5.77e-01  7.72e-01  3.36e+05	-2.5998 64.7274 0.4606	
51.342036 274.215253	5.46e-01  7.41e-01  3.46e+05	-9.6980 58.7324 0.5844	
51.342036 274.215253	5.69e-01  8.40e-01  3.28e+05	17.1417 67.0382 0.3516	
51.342036 274.215253	5.43e-01  9.11e-01  3.22e+05	-3.0728 72.1721 0.7001	
51.342036 274.215253	5.80e-01  7.68e-01  3.36e+05	29.7141 57.5015 0.6846	
51.342036 274.215253	6.49e-01  8.25e-01  3.19e+05	8.2002 73.0881 0.7382	
51.342036 274.215253	4.51e-01  8.01e-01  3.51e+05	-9.8014 55.2535 0.4903	
51.342036 274.215253	5.93e-01  9.35e-01  3.13e+05	-9.3772 76.2220 0.1952	
51.342036 274.215253	6.63e-01  8.01e-01  3.21e+05	-4.9676 72.7218 0.8162	
51.342036 274.215253	5.39e-01  8.40e-01  3.32e+05	9.0662 66.4563 0.6217	
51.342036 274.215253	4.77e-01  8.95e-01  3.33e+05	9.6298 65.8202 0.9924	
51.342036 274.215253	5.09e-01  8.14e-01  3.40e+05	-22.7543 58.4093 0.7583	
51.342036 274.215253	6.48e-01  7.88e-01  3.24e+05	-15.5409 69.3727 0.0421	
51.342036 274.215253	4.78e-01  7.33e-01  3.57e+05	19.5480 48.1203 0.9566	
51.342036 274.215253	7.47e-01  9.18e-01  2.97e+05	15.7992 82.4302 0.9447	
51.342036 274.215253	7.85e-01  9.53e-01  2.89e+05	-29.6918 82.0184 0.1423	
51.342036 274.215253	5.41e-01  9.36e-01  3.19e+05	31.0688 66.8499 0.3409	
51.342036 274.215253	3.77e-01  9.03e-01  3.47e+05	14.4106 57.1296 0.9137	
51.342036 274.215253	7.22e-01  7.74e-01  3.17e+05	-31.9754 67.7067 0.8230	
51.342036 274.215253	6.73e-01  8.31e-01  3.16e+05	-10.7997 74.5908 0.9303	
51.342036 274.215253	5.35e-01  7.76e-01  3.42e+05	27.6710 55.0374 0.4860	
51.342036 274.215253	6.06e-01  7.75e-01  3.32e+05	21.5387 63.6867 0.7706	
51.342036 274.215253	6.53e-01  9.11e-01  3.08e+05	5.6602 78.5532 0.7024	
51.342036 274.215253	5.22e-01  6.76e-01  3.60e+05	23.5727 44.4751 0.7123	
51.342036 274.215253	6.77e-01  7.93e-01  3.20e+05	-6.9058 72.9415 0.6641	
51.342036 274.215253	5.52e-01  7.86e-01  3.38e+05	-8.2098 63.3290 0.6645	
51.342036 274.215253	5.16e-01  9.12e-01  3.25e+05	-35.9280 60.7168 0.5609	
51.342036 274.215253	4.61e-01  7.96e-01  3.50e+05	32.8249 46.1980 0.3814	
51.342036 274.215253	6.05e-01  7.20e-01  3.40e+05	-0.9734 62.8239 0.6366	
51.342036 274.215253	5.08e-01  9.21e-01  3.25e+05	7.8113 70.2156 0.5039	
51.342036 274.215253	4.67e-01  8.56e-01  3.40e+05	24.0611 57.8350 0.2677	
51.342036 274.215253	7.48e-01  8.03e-01  3.10e+05	-18.4249 75.8751 0.3899	
51.342036 274.215253	7.01e-01  7.99e-01  3.16e+05	-4.9187 74.9637 0.3143	
51.342036 274.215253	5.42e-01  7.80e-01  3.40e+05	31.9947 53.7288 0.1621	
51.342036 274.215253	4.85e-01  7.48e-01  3.54e+05	12.1922 52.9364 0.5138	
51.342036 274.215253	6.26e-01  7.46e-01  3.33e+05	16.4269 64.4399 0.8947	
51.342036 274.215253	5.25e-01  8.40e-01  3.34e+05	-19.2814 63.1161 0.7077	
51.342036 274.215253	5.11e-01  9.11e-01  3.26e+05	18.8044 67.5326 0.3097	
51.342036 274.215253	7.15e-01  8.74e-01  3.05e+05	-4.3066 80.0488 0.3515	
51.342036 274.215253	5.86e-01  9.07e-01  3.17e+05	17.6754 72.5620 0.0069	
51.342036 274.215253	7.23e-01  9.03e-01  3.01e+05	-18.6152 79.8729 0.9232	
51.342036 274.215253	4.35e-01  9.38e-01  3.33e+05	8.8820 66.0007 0.6892	
51.342036 274.215253	5.07e-01  8.47e-01  3.36e+05	-3.6870 65.0153 0.8407	
51.342036 274.215253	8.55e-01  9.16e-01  2.85e+05	-35.3642 81.2549 0.1185	
51.342036 274.215253	5.26e-01  7.36e-01  3.49e+05	-13.7418 55.4453 0.2130	
51.342036 274.215253	7.25e-01  8.70e-01  3.05e+05	4.2528 80.3401 0.1976	
51.342036 274.215253	5.27e-01  8.92e-01  3.27e+05	12.5977 68.7288 0.6059	
51.342036 274.215253	6.52e-01  8.41e-01  3.17e+05	-20.5124 71.8122 0.8363	
51.342036 274.215253	4.72e-01  9.15e-01  3.31e+05	-8.9181 67.0384 0.0905	
51.342036 274.215253	6.62e-01  9.13e-01  3.07e+05	-29.2740 73.8018 0.9286	
51.342036 274.215253	5.27e-01  8.19e-01  3.37e+05	-18.3725 61.7728 0.9787	
51.342036 274.215253	7.35e-01  8.11e-01  3.10e+05	-25.1436 73.6557 0.0736	
51.342036 274.215253	4.89e-01  8.36e-01  3.40e+05	25.0632 57.5558 0.2422	
51.342036 274.215253	6.43e-01  8.78e-01  3.13e+05	-12.5065 75.3509 0.0448	
51.342036 274.215253	6.46e-01  9.80e-01  3.01e+05	-14.0970 80.8163 0.8773	
51.342036 274.215253	5.40e-01  7.68e-01  3.42e+05	-25.1119 56.0679 0.0686	
51.342036 274.215253	6.16e-01  8.32e-01  3.23e+05	-9.0733 71.2770 0.2591	
51.342036 274.215253	5.69e-01  7.25e-01  3.45e+05	18.6342 57.1575 0.1506	
51.342036 274.215253	3.06e-01  8.87e-01  3.60e+05	6.3052 49.3908 0.0561	
51.342036 274.215253	5.64e-01  7.27e-01  3.45e+05	-1.0227 59.8217 0.6666	
51.342036 274.215253	6.09e-01  7.92e-01  3.29e+05	-17.4372 66.4322 0.2771	
51.342036 274.215253	5.85e-01  8.71e-01  3.22e+05	41.5957 59.2631 0.6587	
51.342036 274.215253	7.02e-01  8.95e-01  3.04e+05	-23.5328 77.0451 0.6413	
51.342036 274.215253	5.45e-01  7.59e-01  3.43e+05	-0.7556 61.0859 0.7416	
51.342036 274.215253	5.83e-01  6.15e-01  3.60e+05	-15.1521 48.0593 0.2359	
51.342036 274.215253	5.53e-01  8.95e-01  3.23e+05	5.6361 71.6101 0.7270	
51.342036 274.215253	7.25e-01  7.65e-01  3.17e+05	-24.7042 70.3317 0.9860	
51.342036 274.215253	6.15e-01  8.74e-01  3.18e+05	-13.9142 73.1494 0.8684	
51.342036 274.215253	6.26e-01  9.41e-01  3.08e+05	9.7001 78.3576 0.2437	
51.342036 274.215253	5.62e-01  7.37e-01  3.44e+05	22.9053 56.0548 0.5224	
51.342036 274.215253	5.40e-01  6.82e-01  3.56e+05	30.1131 43.8162 0.3338	
51.342036 274.215253	5.09e-01  8.82e-01  3.31e+05	-24.1391 63.4376 0.1760	
51.342036 274.215253	5.80e-01  8.11e-01  3.30e+05	14.4487 66.4340 0.8732	
51.342036 274.215253	6.95e-01  8.07e-01  3.16e+05	9.2318 74.6980 0.9889	
51.342036 274.215253	4.10e-01  8.89e-01  3.44e+05	-18.0991 57.8083 0.7526	
51.342036 274.215253	6.29e-01  8.14e-01  3.23e+05	-2.2983 71.5034 0.3842	
51.342036 274.215253	4.70e-01  7.51e-01  3.56e+05	-17.0635 50.2184 0.5191	
51.342036 274.215253	6.89e-01  7.90e-01  3.19e+05	-3.7070 73.7479 0.5823	
51.342036 274.215253	4.40e-01  8.79e-01  3.41e+05	-2.1064 62.2764 0.6168	
51.342036 274.215253	7.15e-01  9.12e-01  3.01e+05	19.6813 79.6805 0.7898	
51.342036 274.215253	7.71e-01  9.16e-01  2.94e+05	20.8059 82.3483 0.7719	
51.342036 274.215253	8.73e-01  9.25e-01  2.82e+05	-35.8369 82.2376 0.7226	
51.342036 274.215253	6.75e-01  7.82e-01  3.22e+05	-11.6774 71.5591 0.8589	
51.342036 274.215253	5.37e-01  8.81e-01  3.27e+05	-20.2278 66.8654 0.4744	
51.342036 274.215253	5.61e-01  6.64e-01  3.55e+05	2.2675 53.3905 0.6913	
51.342036 274.215253	6.09e-01  8.47e-01  3.22e+05	-5.3005 72.1504 0.8350	
51.342036 274.215253	6.94e-01  8.95e-01  3.05e+05	34.4264 72.3471 0.0213	
51.342036 274.215253	7.01e-01  7.98e-01  3.16e+05	-31.2892 68.2489 0.3839	
51.342036 274.215253	8.16e-01  9.53e-01  2.85e+05	9.3851 88.0731 0.0456	
51.342036 274.215253	6.49e-01  7.69e-01  3.27e+05	40.3561 57.0258 0.4696	
51.342036 274.215253	5.48e-01  7.69e-01  3.41e+05	7.8120 61.6632 0.7491	
51.342036 274.215253	5.93e-01  9.90e-01  3.06e+05	-5.5538 79.6402 0.8199	
51.342036 274.215253	4.94e-01  7.99e-01  3.45e+05	-5.0029 59.9084 0.9244	
51.342036 274.215253	4.29e-01  7.90e-01  3.56e+05	-1.1374 52.7759 0.8491	
51.342036 274.215253	7.99e-01  8.37e-01  3.00e+05	14.7004 81.1989 0.0923	
51.342036 274.215253	5.78e-01  7.18e-01  3.44e+05	-12.4909 58.9894 0.1391	
51.342036 274.215253	7.82e-01  8.64e-01  2.99e+05	36.5282 74.5059 0.2525	
51.342036 274.215253	7.68e-01  8.97e-01  2.97e+05	-4.8675 83.7783 0.7109	
51.342036 274.215253	4.30e-01  8.40e-01  3.48e+05	8.4582 57.3367 0.6479	
51.342036 274.215253	6.80e-01  9.09e-01  3.05e+05	3.7686 80.0439 0.4138	
51.342036 274.215253	5.01e-01  6.64e-01  3.65e+05	20.4759 41.6526 0.1325	
51.342036 274.215253	6.91e-01  8.95e-01  3.06e+05	-1.7237 79.9896 0.7104	
51.342036 274.215253	5.53e-01  7.10e-01  3.49e+05	-21.7149 53.0375 0.6743	
51.342036 274.215253	6.58e-01  8.54e-01  3.15e+05	-18.0473 73.6639 0.6113	
51.342036 274.215253	5.22e-01  8.20e-01  3.37e+05	2.7009 64.1584 0.1435	
51.342036 274.215253	7.10e-01  8.07e-01  3.14e+05	29.3190 70.2443 0.8313	
51.342036 274.215253	6.24e-01  9.76e-01  3.04e+05	47.3150 65.3724 0.5638	
51.342036 274.215253	6.30e-01  8.01e-01  3.25e+05	4.0285 70.6533 0.9464	
51.342036 274.215253	3.87e-01  7.45e-01  3.71e+05	-23.4480 34.7042 0.4885	
51.342036 274.215253	6.22e-01  7.29e-01  3.36e+05	24.2892 60.2558 0.4428	
51.342036 274.215253	5.46e-01  8.06e-01  3.36e+05	8.9248 64.3521 0.5529	
51.342036 274.215253	6.01e-01  7.47e-01  3.37e+05	16.9800 62.3537 0.6941	
51.342036 274.215253	6.43e-01  7.67e-01  3.28e+05	-26.8439 63.8673 0.6228	
51.342036 274.215253	6.15e-01  6.63e-01  3.47e+05	-1.7410 58.6761 0.7671	
51.342036 274.215253	6.72e-01  9.40e-01  3.03e+05	26.0680 77.0291 0.3830	
51.342036 274.215253	5.49e-01  8.18e-01  3.34e+05	-19.9925 63.0945 0.1475	
51.342036 274.215253	6.08e-01  7.41e-01  3.37e+05	11.2442 63.6972 0.2293	
51.342036 274.215253	6.50e-01  8.71e-01  3.13e+05	3.1677 76.3141 0.9579	
51.342036 274.215253	5.97e-01  8.04e-01  3.29e+05	10.8881 67.8483 0.0756	
51.342036 274.215253	4.42e-01  7.32e-01  3.64e+05	-3.2002 47.4175 0.3807	
51.342036 274.215253	7.45e-01  8.64e-01  3.03e+05	29.3391 75.6937 0.7263	
51.342036 274.215253	6.25e-01  6.60e-01  3.46e+05	-11.8162 58.1171 0.8885	
51.342036 274.215253	5.64e-01  7.53e-01  3.41e+05	17.5001 59.5994 0.2946	
51.342036 274.215253	6.37e-01  8.32e-01  3.20e+05	16.4112 71.3675 0.4682	
51.342036 274.215253	5.33e-01  8.63e-01  3.30e+05	-1.6468 68.3102 0.3303	
51.342036 274.215253	3.63e-01  9.42e-01  3.43e+05	14.7894 59.3630 0.7502	
51.342036 274.215253	6.15e-01  8.30e-01  3.23e+05	20.8853 68.6099 0.8198	
51.342036 274.215253	6.08e-01  7.25e-01  3.39e+05	-0.2136 63.4994 0.7246	
51.342036 274.215253	7.08e-01  8.41e-01  3.10e+05	7.2013 77.6255 0.7615	
51.342036 274.215253	5.63e-01  8.77e-01  3.24e+05	-40.6457 58.6065 0.1608	
51.342036 274.215253	6.22e-01  8.06e-01  3.25e+05	35.1503 61.1534 0.5905	
51.342036 274.215253	3.65e-01  8.03e-01  3.64e+05	10.6903 45.5473 0.4251	
51.342036 274.215253	8.42e-01  9.14e-01  2.87e+05	42.9260 76.7776 0.5305	
51.342036 274.215253	6.22e-01  7.19e-01  3.38e+05	-22.2660 60.1382 0.0204	
51.342036 274.215253	4.01e-01  8.42e-01  3.52e+05	-14.3195 53.4334 0.5606	
51.342036 274.215253	7.16e-01  7.97e-01  3.14e+05	18.5278 73.6089 0.4425	
51.342036 274.215253	6.81e-01  8.78e-01  3.09e+05	11.7644 77.6647 0.7482	
51.342036 274.215253	5.38e-01  8.83e-01  3.26e+05	1.6846 70.0739 0.8936	
51.342036 274.215253	7.38e-01  8.57e-01  3.05e+05	-29.7143 74.7245 0.8083	
51.342036 274.215253	6.30e-01  8.05e-01  3.24e+05	9.9952 70.3451 0.8018	
51.342036 274.215253	6.21e-01  7.16e-01  3.38e+05	-22.3444 59.7620 0.1785	
51.342036 274.215253	6.55e-01  7.85e-01  3.24e+05	-45.5423 54.9233 0.3082	
51.342036 274.215253	4.79e-01  8.12e-01  3.45e+05	26.3747 53.7477 0.9219	
51.342036 274.215253	3.82e-01  9.21e-01  3.43e+05	-16.7072 58.5772 0.8198	
51.342036 274.215253	6.23e-01  9.14e-01  3.11e+05	-11.9642 76.3901 0.5654	
51.342036 274.215253	6.00e-01  7.98e-01  3.30e+05	15.6996 66.6373 0.6873	
51.342036 274.215253	6.00e-01  7.80e-01  3.32e+05	28.0174 61.0076 0.2328	
51.342036 274.215253	4.20e-01  8.16e-01  3.53e+05	-27.0359 47.4338 0.3562	
51.342036 274.215253	7.27e-01  8.35e-01  3.08e+05	15.0823 77.2204 0.7812	
51.342036 274.215253	5.12e-01  8.61e-01  3.33e+05	13.1258 65.3572 0.4552	
51.342036 274.215253	6.29e-01  8.65e-01  3.17e+05	-6.8877 74.4974 0.4265	
51.342036 274.215253	5.37e-01  9.40e-01  3.19e+05	5.6370 73.5353 0.7512	
51.342036 274.215253	7.42e-01  9.22e-01  2.97e+05	1.1737 83.8851 0.2630	
51.342036 274.215253	4.83e-01  7.35e-01  3.56e+05	12.1175 51.1898 0.1364	
51.342036 274.215253	5.88e-01  8.41e-01  3.25e+05	-10.1310 69.8715 0.0644	
51.342036 274.215253	5.15e-01  7.55e-01  3.48e+05	-22.1543 53.6249 0.1686	
51.342036 274.215253	5.40e-01  8.14e-01  3.36e+05	4.8340 64.9602 0.7261	
51.342036 274.215253	6.59e-01  9.76e-01  3.00e+05	-22.4976 79.3599 0.1053	
51.342036 274.215253	5.27e-01  8.18e-01  3.37e+05	-5.3147 64.2201 0.1519	
51.342036 274.215253	5.66e-01  7.32e-01  3.44e+05	-2.7082 60.4673 0.0704	
51.342036 274.215253	4.93e-01  7.89e-01  3.46e+05	-11.0851 57.9987 0.6623	
51.342036 274.215253	6.87e-01  8.85e-01  3.07e+05	27.0545 74.4737 0.5498	
51.342036 274.215253	5.55e-01  8.16e-01  3.33e+05	13.6340 65.0526 0.3604	
51.342036 274.215253	4.75e-01  8.14e-01  3.45e+05	9.0785 58.9667 0.2725	
51.342036 274.215253	4.92e-01  8.38e-01  3.39e+05	23.8345 58.5341 0.7237	
51.342036 274.215253	6.76e-01  9.19e-01  3.05e+05	6.2092 80.1858 0.0928	
51.342036 274.215253	7.83e-01  8.22e-01  3.03e+05	-42.4936 68.8772 0.6790	
51.342036 274.215253	4.91e-01  8.39e-01  3.39e+05	-7.3625 62.7939 0.1302	
51.342036 274.215253	7.41e-01  8.21e-01  3.08e+05	-17.1156 76.7989 0.0772	
51.342036 274.215253	6.40e-01  7.47e-01  3.31e+05	6.5464 67.3000 0.8233	
51.342036 274.215253	6.28e-01  6.99e-01  3.40e+05	-0.4233 62.9920 0.4928	
51.342036 274.215253	6.33e-01  8.89e-01  3.13e+05	-43.8694 62.5832 0.5589	
51.342036 274.215253	5.92e-01  9.31e-01  3.13e+05	-6.2598 76.2557 0.5982	
51.342036 274.215253	5.55e-01  8.35e-01  3.31e+05	-35.3979 57.8400 0.0513	
51.342036 274.215253	5.60e-01  8.32e-01  3.30e+05	17.3170 65.7265 0.0374	
51.342036 274.215253	4.05e-01  8.00e-01  3.58e+05	17.3954 48.2934 0.6365	
51.342036 274.215253	6.12e-01  6.59e-01  3.48e+05	-7.5427 57.5915 0.8011	
51.342036 274.215253	5.07e-01  7.75e-01  3.46e+05	-8.8610 58.3621 0.2242	
51.342036 274.215253	5.39e-01  8.34e-01  3.33e+05	17.7996 64.1582 0.4961	
51.342036 274.215253	5.90e-01  7.66e-01  3.35e+05	20.7804 61.8971 0.6571	
51.342036 274.215253	7.97e-01  8.72e-01  2.96e+05	-11.9813 83.2285 0.9645	
51.342036 274.215253	5.63e-01  9.46e-01  3.15e+05	38.2385 65.3007 0.5183	
51.342036 274.215253	4.79e-01  7.97e-01  3.47e+05	28.4317 51.2115 0.9703	
51.342036 274.215253	6.43e-01  7.57e-01  3.29e+05	-36.0422 58.3654 0.9275	
51.342036 274.215253	4.91e-01  8.75e-01  3.34e+05	-17.4664 63.7530 0.4678	
51.342036 274.215253	6.23e-01  8.74e-01  3.17e+05	-29.8102 68.7503 0.7633	
51.342036 274.215253	2.88e-01  8.89e-01  3.63e+05	10.8531 46.7420 0.7539	
51.342036 274.215253	5.58e-01  9.30e-01  3.18e+05	6.3203 74.1413 0.8892	
51.342036 274.215253	5.97e-01  8.26e-01  3.26e+05	-11.8515 69.2257 0.4132	
51.342036 274.215253	6.79e-01  8.39e-01  3.14e+05	27.4789 71.1092 0.2769	
51.342036 274.215253	6.69e-01  8.58e-01  3.13e+05	-0.3549 76.6994 0.2111	
51.342036 274.215253	6.67e-01  8.24e-01  3.17e+05	45.5204 59.1436 0.1566	
51.342036 274.215253	6.94e-01  8.14e-01  3.15e+05	1.9431 75.5590 0.5705	
51.342036 274.215253	6.41e-01  9.33e-01  3.07e+05	15.5016 77.7878 0.4972	
51.342036 274.215253	6.65e-01  8.08e-01  3.20e+05	-8.9111 72.9358 0.9369	
51.342036 274.215253	5.60e-01  8.18e-01  3.32e+05	-21.2938 63.4848 0.3418	
51.342036 274.215253	6.83e-01  8.95e-01  3.06e+05	-15.5131 78.0567 0.4308	
51.342036 274.215253	4.52e-01  7.19e-01  3.64e+05	14.3704 44.9095 0.7243	
51.342036 274.215253	6.46e-01  9.29e-01  3.07e+05	-1.0409 79.4041 0.6143	
51.342036 274.215253	4.14e-01  8.32e-01  3.52e+05	17.9087 52.6183 0.1683	
51.342036 274.215253	6.31e-01  8.16e-01  3.23e+05	-13.1816 70.5706 0.6618	
51.342036 274.215253	5.26e-01  7.86e-01  3.42e+05	-3.8983 61.5586 0.0792	
51.342036 274.215253	5.15e-01  7.09e-01  3.55e+05	9.0531 52.4683 0.6911	
51.342036 274.215253	5.26e-01  8.20e-01  3.37e+05	-2.3697 64.4431 0.0412	
51.342036 274.215253	7.28e-01  7.47e-01  3.19e+05	5.3024 73.4000 0.6822	
51.342036 274.215253	5.98e-01  8.35e-01  3.25e+05	12.8412 69.7041 0.9770	
51.342036 274.215253	5.70e-01  6.75e-01  3.52e+05	5.4388 55.1835 0.4187	
51.342036 274.215253	6.44e-01  9.19e-01  3.08e+05	32.1980 71.8667 0.6440	
51.342036 274.215253	8.47e-01  8.77e-01  2.90e+05	19.3368 84.4197 0.6810	
51.342036 274.215253	5.98e-01  8.13e-01  3.28e+05	12.8628 68.1839 0.0040	
51.342036 274.215253	7.70e-01  9.07e-01  2.95e+05	-1.7054 84.4997 0.2545	
51.342036 274.215253	5.92e-01  8.11e-01  3.29e+05	1.4355 68.7871 0.6918	
51.342036 274.215253	6.07e-01  7.30e-01  3.38e+05	23.9311 59.1641 0.5417	
51.342036 274.215253	5.42e-01  8.24e-01  3.34e+05	12.2267 64.8737 0.5555	
51.342036 274.215253	7.51e-01  8.91e-01  2.99e+05	13.3409 81.7425 0.7951	
51.342036 274.215253	6.14e-01  8.97e-01  3.15e+05	-26.3682 71.0756 0.2267	
51.342036 274.215253	5.07e-01  8.46e-01  3.36e+05	-11.3558 64.1229 0.9679	
51.342036 274.215253	7.02e-01  7.80e-01  3.18e+05	-6.0534 73.7931 0.9029	
51.342036 274.215253	7.13e-01  7.68e-01  3.19e+05	-39.3633 62.5770 0.9470	
51.342036 274.215253	7.04e-01  8.97e-01  3.04e+05	10.5818 80.0864 0.0511	
51.342036 274.215253	5.34e-01  8.25e-01  3.35e+05	13.3978 64.1874 0.9278	
51.342036 274.215253	6.39e-01  8.96e-01  3.12e+05	13.7390 75.9532 0.3216	
51.342036 274.215253	5.77e-01  8.60e-01  3.24e+05	33.4012 62.7874 0.3448	
51.342036 274.215253	6.14e-01  8.56e-01  3.20e+05	-3.1403 73.2531 0.8209	
51.342036 274.215253	7.37e-01  7.75e-01  3.15e+05	-37.7606 65.7928 0.4706	
51.342036 274.215253	6.38e-01  8.01e-01  3.24e+05	-30.8695 64.2517 0.4724	
51.342036 274.215253	7.10e-01  9.11e-01  3.01e+05	30.5156 75.8812 0.5707	
51.342036 274.215253	4.52e-01  8.02e-01  3.51e+05	-17.7080 53.5512 0.9299	
51.342036 274.215253	6.61e-01  7.62e-01  3.26e+05	-1.8050 70.1841 0.1796	
51.342036 274.215253	4.94e-01  7.03e-01  3.60e+05	-1.1841 50.3005 0.7285	
51.342036 274.215253	5.60e-01  9.17e-01  3.19e+05	-9.3196 73.1500 0.3111	
51.342036 274.215253	4.92e-01  6.36e-01  3.71e+05	22.0900 34.8035 0.4300	
51.342036 274.215253	5.25e-01  8.48e-01  3.33e+05	35.3131 56.4908 0.6840	
51.342036 274.215253	7.20e-01  8.82e-01  3.04e+05	11.1240 80.0074 0.7834	
51.342036 274.215253	5.79e-01  7.26e-01  3.43e+05	0.2237 61.1605 0.4153	
51.342036 274.215253	5.19e-01  8.27e-01  3.37e+05	12.8724 63.2897 0.5713	
51.342036 274.215253	7.15e-01  8.42e-01  3.09e+05	-7.8831 78.0535 0.8239	
51.342036 274.215253	7.06e-01  8.69e-01  3.07e+05	4.2333 79.2788 0.9884	
51.342036 274.215253	6.48e-01  8.76e-01  3.13e+05	17.5785 74.5111 0.4341	
51.342036 274.215253	5.82e-01  9.46e-01  3.13e+05	-5.9229 76.5330 0.9359	
51.342036 274.215253	6.01e-01  9.12e-01  3.14e+05	-10.5181 75.2072 0.4818	
51.342036 274.215253	5.42e-01  8.36e-01  3.32e+05	-5.5222 66.7208 0.5682	
51.342036 274.215253	6.84e-01  7.94e-01  3.19e+05	21.7548 70.5316 0.1606	
51.342036 274.215253	5.01e-01  9.20e-01  3.26e+05	-28.4854 64.0374 0.4835	
51.342036 274.215253	7.23e-01  7.48e-01  3.20e+05	-6.1984 73.0695 0.3081	
51.342036 274.215253	4.77e-01  9.55e-01  3.25e+05	8.1967 70.3130 0.0718	
51.342036 274.215253	4.45e-01  8.47e-01  3.45e+05	-21.9001 55.8244 0.1144	
51.342036 274.215253	5.09e-01  8.35e-01  3.37e+05	-24.1642 59.6346 0.0968	
51.342036 274.215253	7.96e-01  9.18e-01  2.91e+05	-6.1051 85.9838 0.6106	
51.342036 274.215253	5.25e-01  8.11e-01  3.38e+05	6.0891 63.4417 0.2315	
51.342036 274.215253	5.36e-01  7.77e-01  3.42e+05	-8.8747 61.1187 0.1378	
51.342036 274.215253	6.28e-01  9.79e-01  3.03e+05	34.3783 73.3890 0.9776	
51.342036 274.215253	5.27e-01  8.13e-01  3.38e+05	9.8832 63.2985 0.7627	
51.342036 274.215253	6.83e-01  9.41e-01  3.01e+05	39.2708 71.8780 0.5860	
51.342036 274.215253	4.60e-01  8.20e-01  3.47e+05	-2.7907 58.8244 0.5298	
51.342036 274.215253	5.94e-01  7.67e-01  3.35e+05	-18.0618 63.1689 0.9557	
51.342036 274.215253	6.63e-01  8.55e-01  3.14e+05	-25.0384 71.9473 0.6778	
51.342036 274.215253	4.93e-01  6.84e-01  3.63e+05	12.0193 46.3543 0.7320	
51.342036 274.215253	5.77e-01  8.78e-01  3.22e+05	3.1109 72.2408 0.1194	
51.342036 274.215253	4.22e-01  7.51e-01  3.64e+05	-3.6159 47.3112 0.9722	
51.342036 274.215253	5.81e-01  8.90e-01  3.20e+05	-8.2167 72.8328 0.0239	
51.342036 274.215253	5.37e-01  9.03e-01  3.24e+05	-12.1351 70.3218 0.7237	
51.342036 274.215253	5.46e-01  6.23e-01  3.64e+05	-22.3778 41.2072 0.4680	
51.342036 274.215253	5.75e-01  7.22e-01  3.44e+05	-15.6733 58.2622 0.6343	
51.342036 274.215253	5.40e-01  8.08e-01  3.36e+05	2.2784 64.6913 0.3184	
51.342036 274.215253	6.94e-01  7.44e-01  3.24e+05	20.0670 68.2907 0.2963	
51.342036 274.215253	6.09e-01  9.76e-01  3.06e+05	26.4128 75.4532 0.4006	
51.342036 274.215253	7.45e-01  8.82e-01  3.01e+05	37.6467 72.9443 0.7322	
51.342036 274.215253	5.22e-01  8.73e-01  3.30e+05	-28.7601 61.8164 0.4980	
51.342036 274.215253	7.17e-01  8.03e-01  3.14e+05	-5.9532 76.1016 0.9859	
51.342036 274.215253	5.29e-01  8.59e-01  3.31e+05	-7.5309 67.3682 0.2804	
51.342036 274.215253	6.50e-01  7.92e-01  3.24e+05	-12.2169 70.3770 0.6204	
51.342036 274.215253	7.89e-01  8.47e-01  3.00e+05	42.0058 71.0565 0.7448	
51.342036 274.215253	6.94e-01  8.92e-01  3.06e+05	-3.5906 79.9140 0.8737	
51.342036 274.215253	6.39e-01  6.77e-01  3.41e+05	40.6485 46.9151 0.0250	
51.342036 274.215253	7.06e-01  7.94e-01  3.16e+05	-4.6242 74.9644 0.8580	
51.342036 274.215253	5.98e-01  8.62e-01  3.21e+05	24.5455 68.3271 0.7663	
51.342036 274.215253	6.55e-01  7.01e-01  3.35e+05	12.7830 64.0641 0.0218	
51.342036 274.215253	5.99e-01  8.03e-01  3.29e+05	-22.4843 64.9299 0.2900	
51.342036 274.215253	5.52e-01  8.09e-01  3.35e+05	18.8666 62.9036 0.8217	
51.342036 274.215253	4.79e-01  7.28e-01  3.58e+05	19.5949 47.5825 0.5414	
51.342036 274.215253	5.81e-01  7.42e-01  3.40e+05	11.9356 61.5138 0.8781	
51.342036 274.215253	6.15e-01  9.36e-01  3.10e+05	-4.1804 77.9549 0.2456	
51.342036 274.215253	4.58e-01  8.75e-01  3.39e+05	3.9152 63.3882 0.4027	
51.342036 274.215253	5.28e-01  6.67e-01  3.60e+05	-0.9697 50.0689 0.6630	
51.342036 274.215253	6.73e-01  7.88e-01  3.21e+05	26.4716 67.7525 0.3768	
51.342036 274.215253	7.07e-01  7.83e-01  3.17e+05	-11.7627 73.6166 0.3344	
51.342036 274.215253	6.01e-01  9.69e-01  3.08e+05	17.0792 77.2388 0.4283	
51.342036 274.215253	4.51e-01  8.34e-01  3.46e+05	5.9402 59.0623 0.1031	
51.342036 274.215253	6.85e-01  7.68e-01  3.22e+05	0.5349 72.2340 0.6043	
51.342036 274.215253	6.00e-01  9.10e-01  3.15e+05	28.5434 70.1301 0.2448	
51.342036 274.215253	5.76e-01  7.35e-01  3.42e+05	24.5820 56.5111 0.1345	
51.342036 274.215253	5.18e-01  7.60e-01  3.47e+05	-0.5917 58.7544 0.1169	
51.342036 274.215253	6.02e-01  8.78e-01  3.19e+05	-46.2021 57.6982 0.1089	
51.342036 274.215253	3.86e-01  8.53e-01  3.53e+05	2.5588 54.8911 0.8946	
51.342036 274.215253	7.01e-01  7.59e-01  3.21e+05	-15.3415 71.0211 0.2162	
51.342036 274.215253	5.63e-01  7.45e-01  3.42e+05	-14.9020 59.5980 0.5616	
51.342036 274.215253	6.10e-01  8.89e-01  3.16e+05	9.7767 74.4214 0.4492	
51.342036 274.215253	5.49e-01  9.60e-01  3.15e+05	-13.4931 74.4811 0.8962	
51.342036 274.215253	6.57e-01  7.75e-01  3.25e+05	2.8998 70.7725 0.9719	
51.342036 274.215253	5.04e-01  6.58e-01  3.66e+05	6.6764 45.4918 0.9595	
51.342036 274.215253	5.48e-01  7.13e-01  3.50e+05	-4.2595 56.9375 0.1676	
51.342036 274.215253	4.14e-01  8.75e-01  3.45e+05	-5.1177 59.4957 0.5286	
51.342036 274.215253	6.18e-01  8.23e-01  3.24e+05	-9.6520 70.7566 0.9782	
51.342036 274.215253	6.08e-01  8.82e-01  3.17e+05	-19.7039 71.8967 0.2882	
51.342036 274.215253	5.24e-01  9.26e-01  3.23e+05	11.4344 71.0944 0.9134	
51.342036 274.215253	4.91e-01  8.11e-01  3.43e+05	0.7355 60.8120 0.9844	
51.342036 274.215253	7.37e-01  8.98e-01  3.00e+05	13.3523 81.3964 0.5529	
51.342036 274.215253	6.45e-01  8.36e-01  3.19e+05	-3.7716 73.8731 0.5193	
51.342036 274.215253	6.23e-01  9.66e-01  3.05e+05	15.6203 78.5850 0.6137	
51.342036 274.215253	6.20e-01  8.83e-01  3.16e+05	-16.4916 73.5006 0.5511	
51.342036 274.215253	6.22e-01  8.53e-01  3.19e+05	22.5489 70.1155 0.1180	
51.342036 274.215253	5.89e-01  6.96e-01  3.46e+05	-14.5617 57.5511 0.9281	
51.342036 274.215253	6.34e-01  8.49e-01  3.18e+05	5.8436 73.8812 0.3235	
51.342036 274.215253	5.97e-01  6.58e-01  3.51e+05	-11.8768 55.1784 0.8660	
51.342036 274.215253	5.47e-01  9.37e-01  3.18e+05	-2.5202 74.1138 0.6205	
51.342036 274.215253	7.58e-01  8.09e-01  3.08e+05	0.7809 78.9267 0.4424	
51.342036 274.215253	6.25e-01  7.53e-01  3.32e+05	-5.7843 66.7820 0.5218	
51.342036 274.215253	4.73e-01  7.09e-01  3.62e+05	28.7378 39.0397 0.5700	
51.342036 274.215253	6.42e-01  8.65e-01  3.15e+05	18.5447 73.2472 0.5872	
51.342036 274.215253	7.06e-01  9.39e-01  2.99e+05	28.9938 77.6957 0.9187	
51.342036 274.215253	5.79e-01  8.00e-01  3.32e+05	6.1106 66.7488 0.9579	
51.342036 274.215253	6.20e-01  8.49e-01  3.20e+05	-6.2669 72.9939 0.5649	
51.342036 274.215253	5.27e-01  6.40e-01  3.65e+05	11.0072 45.3737 0.8630	
51.342036 274.215253	5.81e-01  8.49e-01  3.25e+05	9.2524 70.0677 0.0784	
51.342036 274.215253	6.19e-01  7.65e-01  3.31e+05	0.0782 67.4306 0.6318	
51.342036 274.215253	5.43e-01  8.07e-01  3.36e+05	-14.9674 63.0594 0.2425	
51.342036 274.215253	6.13e-01  6.85e-01  3.44e+05	12.7183 59.1214 0.0550	
51.342036 274.215253	6.42e-01  7.39e-01  3.32e+05	-36.8258 56.2225 0.5803	
51.342036 274.215253	7.66e-01  8.30e-01  3.04e+05	10.3798 79.8264 0.5524	
51.342036 274.215253	7.93e-01  8.42e-01  3.00e+05	-0.0948 82.4725 0.2545	
51.342036 274.215253	7.00e-01  9.52e-01  2.98e+05	-4.7975 83.1742 0.0148	
51.342036 274.215253	6.90e-01  8.51e-01  3.11e+05	-10.4932 76.8040 0.5788	
51.342036 274.215253	5.10e-01  9.22e-01  3.25e+05	14.5749 69.2354 0.2794	
51.342036 274.215253	6.19e-01  9.48e-01  3.08e+05	-8.5978 78.4658 0.2493	
51.342036 274.215253	5.37e-01  9.41e-01  3.19e+05	23.4137 69.9933 0.6726	
51.342036 274.215253	6.06e-01  8.18e-01  3.26e+05	31.2491 62.8955 0.0830	
51.342036 274.215253	5.44e-01  9.44e-01  3.18e+05	-4.0753 74.2753 0.8272	
51.342036 274.215253	5.59e-01  9.12e-01  3.20e+05	15.8854 71.5600 0.4158	
51.342036 274.215253	4.89e-01  7.32e-01  3.56e+05	6.5978 52.5989 0.7788	
51.342036 274.215253	6.12e-01  7.56e-01  3.34e+05	-1.8474 66.1743 0.5234	
51.342036 274.215253	6.23e-01  9.65e-01  3.05e+05	7.3922 79.7131 0.4783	
51.342036 274.215253	7.38e-01  7.82e-01  3.14e+05	41.7814 63.8812 0.3286	
51.342036 274.215253	6.12e-01  7.14e-01  3.40e+05	10.4282 61.9595 0.1369	
51.342036 274.215253	6.49e-01  7.81e-01  3.25e+05	-21.5586 67.3136 0.2814	
51.342036 274.215253	4.60e-01  9.01e-01  3.35e+05	29.4362 58.7575 0.1257	
51.342036 274.215253	5.65e-01  9.35e-01  3.16e+05	-36.3339 65.7578 0.3482	
51.342036 274.215253	5.68e-01  7.81e-01  3.36e+05	-12.0901 63.6543 0.3718	
51.342036 274.215253	5.65e-01  7.98e-01  3.34e+05	-15.3012 64.0946 0.7360	
51.342036 274.215253	5.58e-01  8.01e-01  3.35e+05	6.5534 65.1479 0.8229	
51.342036 274.215253	5.16e-01  9.04e-01  3.27e+05	-7.6926 69.5525 0.2261	
51.342036 274.215253	6.67e-01  8.41e-01  3.15e+05	-7.9670 75.2023 0.5270	
51.342036 274.215253	5.56e-01  6.81e-01  3.53e+05	9.9174 53.8545 0.4833	
51.342036 274.215253	5.24e-01  7.67e-01  3.45e+05	-12.1884 58.6162 0.6776	
51.342036 274.215253	5.56e-01  8.36e-01  3.30e+05	2.2713 67.9887 0.0510	
51.342036 274.215253	6.66e-01  7.59e-01  3.26e+05	6.0968 70.0213 0.3826	
51.342036 274.215253	6.62e-01  8.70e-01  3.12e+05	-7.6244 76.6239 0.2823	
51.342036 274.215253	5.59e-01  8.67e-01  3.26e+05	-25.7606 65.5436 0.7898	
51.342036 274.215253	8.18e-01  9.03e-01  2.90e+05	-15.2263 85.1347 0.5269	
51.342036 274.215253	5.18e-01  7.96e-01  3.42e+05	-16.7794 59.5767 0.3649	
51.342036 274.215253	4.02e-01  8.99e-01  3.43e+05	7.4365 60.3338 0.5183	
51.342036 274.215253	5.01e-01  9.29e-01  3.25e+05	-22.5121 67.0040 0.0530	
51.342036 274.215253	6.36e-01  7.79e-01  3.27e+05	-15.2618 67.9604 0.4756	
51.342036 274.215253	6.06e-01  8.25e-01  3.25e+05	23.0271 66.9233 0.4000	
51.342036 274.215253	6.34e-01  8.38e-01  3.20e+05	3.3385 73.3403 0.0090	
51.342036 274.215253	7.06e-01  8.51e-01  3.09e+05	-15.6479 76.8445 0.1267	
51.342036 274.215253	6.88e-01  8.36e-01  3.13e+05	-19.5224 73.9846 0.7574	
51.342036 274.215253	6.10e-01  8.64e-01  3.19e+05	-15.8886 71.7840 0.6723	
51.342036 274.215253	5.08e-01  7.71e-01  3.47e+05	0.5260 58.7398 0.1784	
51.342036 274.215253	6.45e-01  8.30e-01  3.19e+05	-10.7491 72.8244 0.2811	
51.342036 274.215253	6.65e-01  7.62e-01  3.26e+05	4.1085 70.3674 0.1728	
51.342036 274.215253	6.09e-01  7.93e-01  3.29e+05	20.9925 65.4015 0.7322	
51.342036 274.215253	7.85e-01  8.78e-01  2.97e+05	4.4613 83.7423 0.9961	
51.342036 274.215253	5.82e-01  8.05e-01  3.31e+05	-7.8459 67.2191 0.2894	
51.342036 274.215253	5.13e-01  8.13e-01  3.40e+05	7.8843 62.3922 0.3586	
51.342036 274.215253	6.75e-01  8.62e-01  3.11e+05	17.0414 75.4226 0.6588	
51.342036 274.215253	7.36e-01  9.62e-01  2.93e+05	-11.8977 84.6200 0.4314	
51.342036 274.215253	6.81e-01  8.54e-01  3.12e+05	3.8087 77.0871 0.8829	
51.342036 274.215253	6.86e-01  7.96e-01  3.18e+05	-29.0589 68.1308 0.3212	
51.342036 274.215253	7.39e-01  8.58e-01  3.04e+05	-11.2565 79.7501 0.0179	
51.342036 274.215253	3.94e-01  7.85e-01  3.63e+05	-7.6128 47.5013 0.1491	
51.342036 274.215253	6.16e-01  7.15e-01  3.39e+05	-10.0749 62.5200 0.9354	
51.342036 274.215253	3.63e-01  8.17e-01  3.63e+05	-9.5781 47.2711 0.3948	
51.342036 274.215253	7.78e-01  8.83e-01  2.97e+05	-29.7701 78.2478 0.2017	
51.342036 274.215253	5.26e-01  6.62e-01  3.61e+05	-23.2985 43.4037 0.3013	
51.342036 274.215253	6.09e-01  8.57e-01  3.21e+05	21.7014 69.7078 0.5008	
51.342036 274.215253	5.98e-01  7.44e-01  3.37e+05	1.3170 64.1661 0.0980	
51.342036 274.215253	4.70e-01  8.54e-01  3.40e+05	0.6525 62.7650 0.4100	
51.342036 274.215253	7.23e-01  8.84e-01  3.03e+05	-22.4117 77.9133 0.0228	
51.342036 274.215253	6.62e-01  7.87e-01  3.23e+05	19.1540 69.3610 0.1095	
51.342036 274.215253	4.73e-01  9.65e-01  3.24e+05	-19.1565 68.6167 0.1729	
51.342036 274.215253	5.76e-01  6.61e-01  3.53e+05	2.9279 54.5261 0.8329	
51.342036 274.215253	4.52e-01  7.66e-01  3.56e+05	-5.0154 52.4360 0.3794	
51.342036 274.215253	4.98e-01  8.22e-01  3.41e+05	-0.4865 62.4421 0.7957	
51.342036 274.215253	6.94e-01  8.38e-01  3.12e+05	-8.6297 76.5466 0.7069	
51.342036 274.215253	5.72e-01  9.66e-01  3.11e+05	-30.6813 70.9863 0.7242	
51.342036 274.215253	6.54e-01  7.40e-01  3.30e+05	-16.4627 66.1366 0.2946	
51.342036 274.215253	4.57e-01  7.81e-01  3.53e+05	0.0116 54.8361 0.1996	
51.342036 274.215253	5.88e-01  8.95e-01  3.18e+05	-9.1566 73.5401 0.7019	
51.342036 274.215253	7.09e-01  7.76e-01  3.18e+05	-14.7071 72.7900 0.9815	
51.342036 274.215253	5.19e-01  8.32e-01  3.36e+05	-11.4626 63.9156 0.8730	
51.342036 274.215253	6.19e-01  7.34e-01  3.36e+05	-8.1325 64.5825 0.6525	
51.342036 274.215253	4.64e-01  8.81e-01  3.37e+05	11.4422 63.4204 0.9937	
51.342036 274.215253	4.69e-01  8.70e-01  3.38e+05	-7.1022 63.5544 0.8413	
51.342036 274.215253	4.80e-01  7.75e-01  3.50e+05	-6.7308 56.1493 0.3349	
51.342036 274.215253	5.31e-01  9.43e-01  3.19e+05	-15.6754 71.8486 0.0028	
51.342036 274.215253	6.28e-01  7.68e-01  3.30e+05	-12.8918 67.1079 0.6026	
51.342036 274.215253	5.10e-01  8.98e-01  3.28e+05	0.9603 69.1396 0.3582	
51.342036 274.215253	5.16e-01  7.82e-01  3.44e+05	5.8725 60.2119 0.9943	
51.342036 274.215253	6.46e-01  9.08e-01  3.09e+05	35.4495 69.7938 0.1021	
51.342036 274.215253	6.45e-01  9.05e-01  3.10e+05	-13.5068 76.8545 0.2095	
51.342036 274.215253	5.70e-01  8.81e-01  3.22e+05	-5.2345 71.8741 0.5484	
51.342036 274.215253	6.14e-01  7.89e-01  3.29e+05	-16.7221 66.7955 0.8742	
51.342036 274.215253	5.73e-01  8.22e-01  3.30e+05	24.9570 63.4775 0.7603	
51.342036 274.215253	6.84e-01  8.92e-01  3.07e+05	6.3099 79.1900 0.1785	
51.342036 274.215253	5.15e-01  6.80e-01  3.60e+05	5.1560 49.7485 0.7473	
51.342036 274.215253	7.89e-01  8.88e-01  2.95e+05	6.0118 84.2753 0.9102	
51.342036 274.215253	6.49e-01  8.07e-01  3.22e+05	31.6033 65.1187 0.6440	
51.342036 274.215253	6.17e-01  9.26e-01  3.11e+05	5.2205 77.4302 0.0529	
51.342036 274.215253	6.20e-01  8.20e-01  3.24e+05	-19.0346 68.7568 0.2207	
51.342036 274.215253	7.66e-01  8.54e-01  3.02e+05	0.9036 81.7167 0.9279	
51.342036 274.215253	5.05e-01  7.69e-01  3.47e+05	6.5606 57.9768 0.3270	
51.342036 274.215253	4.28e-01  8.50e-01  3.47e+05	1.9219 58.6084 0.5079	
51.342036 274.215253	7.03e-01  8.22e-01  3.13e+05	-27.6832 71.4213 0.2875	
51.342036 274.215253	5.43e-01  9.48e-01  3.17e+05	29.8121 68.3411 0.9131	
51.342036 274.215253	5.79e-01  7.04e-01  3.46e+05	11.7934 57.9043 0.8933	
51.342036 274.215253	5.43e-01  8.22e-01  3.34e+05	20.6640 62.6872 0.5708	
51.342036 274.215253	6.29e-01  8.84e-01  3.14e+05	-37.9512 65.7339 0.3057	
51.342036 274.215253	6.04e-01  8.78e-01  3.19e+05	-7.7631 73.5779 0.2682	
51.342036 274.215253	7.42e-01  8.85e-01  3.01e+05	9.4778 81.5133 0.0841	
51.342036 274.215253	4.59e-01  8.67e-01  3.40e+05	17.1273 60.4876 0.5676	
51.342036 274.215253	6.93e-01  8.66e-01  3.09e+05	-1.1664 78.5240 0.6267	
51.342036 274.215253	5.43e-01  8.32e-01  3.33e+05	-8.6681 66.1547 0.9608	
51.342036 274.215253	6.89e-01  8.63e-01  3.10e+05	24.4608 74.1986 0.5423	
51.342036 274.215253	8.00e-01  9.31e-01  2.89e+05	-21.3288 84.2795 0.3251	
51.342036 274.215253	5.10e-01  8.48e-01  3.35e+05	5.5309 65.2443 0.4329	
51.342036 274.215253	7.23e-01  8.93e-01  3.02e+05	-28.6632 76.3189 0.5002	
51.342036 274.215253	7.27e-01  7.91e-01  3.14e+05	3.1161 76.1456 0.0351	
51.342036 274.215253	7.20e-01  9.11e-01  3.00e+05	-3.5806 82.1770 0.8468	
51.342036 274.215253	7.56e-01  8.37e-01  3.05e+05	15.3763 78.8888 0.0017	
51.342036 274.215253	5.80e-01  6.77e-01  3.50e+05	21.7956 52.3973 0.3984	
51.342036 274.215253	5.75e-01  7.98e-01  3.33e+05	33.0624 57.8378 0.4696	
51.342036 274.215253	6.87e-01  9.46e-01  3.00e+05	-4.1789 82.2818 0.6374	
51.342036 274.215253	8.66e-01  8.89e-01  2.87e+05	13.6390 86.8863 0.7498	
51.342036 274.215253	6.48e-01  9.43e-01  3.05e+05	26.3842 75.7678 0.1988	
51.342036 274.215253	6.07e-01  7.80e-01  3.31e+05	-11.8648 66.5851 0.6160	
51.342036 274.215253	6.30e-01  7.83e-01  3.27e+05	5.8274 69.3044 0.1964	
51.342036 274.215253	6.02e-01  7.79e-01  3.32e+05	15.5908 65.3365 0.7084	
51.342036 274.215253	4.63e-01  8.12e-01  3.47e+05	19.6900 55.0052 0.1503	
51.342036 274.215253	6.05e-01  9.02e-01  3.15e+05	6.3265 75.2845 0.1137	
51.342036 274.215253	4.83e-01  8.84e-01  3.34e+05	13.5223 64.7545 0.6580	
51.342036 274.215253	5.79e-01  7.14e-01  3.45e+05	-7.2679 59.6507 0.1512	
51.342036 274.215253	5.19e-01  7.24e-01  3.52e+05	-29.6718 46.6596 0.2710	
51.342036 274.215253	6.34e-01  8.52e-01  3.18e+05	-26.5827 69.3961 0.9032	
51.342036 274.215253	5.49e-01  7.48e-01  3.44e+05	2.7032 60.4133 0.5464	
51.342036 274.215253	6.12e-01  6.74e-01  3.46e+05	-25.3716 53.7118 0.3886	
51.342036 274.215253	5.46e-01  8.67e-01  3.28e+05	31.4254 61.9854 0.5230	
51.342036 274.215253	4.71e-01  8.20e-01  3.45e+05	3.3648 59.7932 0.6032	
51.342036 274.215253	6.51e-01  8.28e-01  3.19e+05	-16.4263 72.0484 0.3044	
51.342036 274.215253	7.35e-01  8.66e-01  3.04e+05	14.3916 79.4407 0.2644	
51.342036 274.215253	6.31e-01  7.37e-01  3.34e+05	9.7690 65.5031 0.7526	
51.342036 274.215253	6.20e-01  7.71e-01  3.31e+05	2.2250 67.8836 0.5745	
51.342036 274.215253	5.70e-01  7.38e-01  3.42e+05	8.7990 60.7711 0.6269	
51.342036 274.215253	4.20e-01  8.12e-01  3.54e+05	-11.6423 52.9057 0.1326	
51.342036 274.215253	7.59e-01  8.30e-01  3.05e+05	-26.1942 75.6855 0.9453	
51.342036 274.215253	5.39e-01  6.75e-01  3.57e+05	19.7206 48.2928 0.9839	
51.342036 274.215253	4.56e-01  7.70e-01  3.55e+05	17.6327 50.5714 0.3555	
51.342036 274.215253	5.84e-01  6.83e-01  3.49e+05	3.0214 57.5787 0.0404	
51.342036 274.215253	7.17e-01  7.73e-01  3.17e+05	26.8224 69.5710 0.6420	
51.342036 274.215253	6.31e-01  7.52e-01  3.32e+05	-33.2322 58.5405 0.8408	
51.342036 274.215253	6.82e-01  9.34e-01  3.02e+05	7.5572 81.1620 0.0229	
51.342036 274.215253	6.84e-01  8.46e-01  3.12e+05	-8.3971 76.4473 0.2115	
51.342036 274.215253	5.83e-01  8.33e-01  3.27e+05	-16.3927 67.7673 0.8574	
51.342036 274.215253	5.11e-01  9.10e-01  3.26e+05	33.3155 61.6448 0.5668	
51.342036 274.215253	7.15e-01  8.76e-01  3.05e+05	20.1660 77.6504 0.3051	
51.342036 274.215253	6.02e-01  8.46e-01  3.23e+05	-3.7066 71.7944 0.9789	
51.342036 274.215253	6.33e-01  8.42e-01  3.19e+05	18.2008 71.3465 0.7477	
51.342036 274.215253	5.06e-01  7.78e-01  3.46e+05	14.2158 57.5057 0.7844	
51.342036 274.215253	7.95e-01  9.98e-01  2.83e+05	25.8550 85.6991 0.6637	
51.342036 274.215253	4.99e-01  7.64e-01  3.49e+05	21.2410 53.1444 0.7531	
51.342036 274.215253	6.79e-01  7.97e-01  3.19e+05	15.4579 72.0645 0.7565	
51.342036 274.215253	6.13e-01  7.22e-01  3.38e+05	31.6717 55.1676 0.7050	
51.342036 274.215253	5.45e-01  7.80e-01  3.40e+05	9.7634 61.9870 0.0374	
51.342036 274.215253	6.53e-01  7.61e-01  3.27e+05	45.6697 52.4854 0.1180	
51.342036 274.215253	5.90e-01  9.39e-01  3.13e+05	-25.0850 72.5776 0.9826	
51.342036 274.215253	7.04e-01  8.93e-01  3.04e+05	-0.7298 80.5182 0.2132	
51.342036 274.215253	4.42e-01  8.22e-01  3.49e+05	-2.0219 57.3474 0.5357	
51.342036 274.215253	5.33e-01  7.77e-01  3.42e+05	-20.8646 57.8704 0.3852	
51.342036 274.215253	6.20e-01  7.45e-01  3.34e+05	0.5842 65.9706 0.3427	
51.342036 274.215253	4.98e-01  7.09e-01  3.58e+05	0.9085 51.4206 0.1475	
51.342036 274.215253	7.27e-01  9.64e-01  2.94e+05	-31.7544 79.0047 0.9148	
51.342036 274.215253	5.51e-01  6.78e-01  3.55e+05	18.3808 50.6425 0.2730	
51.342036 274.215253	4.97e-01  7.44e-01  3.53e+05	-8.5881 54.3843 0.9884	
51.342036 274.215253	5.68e-01  8.90e-01  3.21e+05	30.2131 65.9704 0.1760	
51.342036 274.215253	4.40e-01  9.27e-01  3.34e+05	6.9597 65.7919 0.8725	
51.342036 274.215253	7.11e-01  8.81e-01  3.05e+05	16.6026 78.5237 0.2870	
51.342036 274.215253	4.98e-01  9.63e-01  3.21e+05	-6.5353 72.4393 0.6236	
51.342036 274.215253	5.86e-01  9.20e-01  3.15e+05	6.2833 75.2267 0.6931	
51.342036 274.215253	7.27e-01  9.52e-01  2.95e+05	-3.6785 84.4743 0.8124	
51.342036 274.215253	7.30e-01  9.80e-01  2.92e+05	10.0005 85.4060 0.6054	
51.342036 274.215253	5.49e-01  8.30e-01  3.32e+05	-15.5886 65.1941 0.2522	
51.342036 274.215253	4.85e-01  7.57e-01  3.53e+05	-16.4794 52.6139 0.3688	
51.342036 274.215253	6.41e-01  8.24e-01  3.21e+05	-8.7517 72.4596 0.4631	
51.342036 274.215253	6.32e-01  8.73e-01  3.15e+05	-46.8230 59.1570 0.2082	
51.342036 274.215253	7.20e-01  8.62e-01  3.06e+05	-8.9382 79.2566 0.3837	
51.342036 274.215253	6.55e-01  7.37e-01  3.30e+05	-15.4771 66.1997 0.6411	
51.342036 274.215253	5.16e-01  7.47e-01  3.49e+05	-24.4356 51.7736 0.3843	
51.342036 274.215253	4.52e-01  9.38e-01  3.31e+05	4.8630 67.6987 0.7912	
51.342036 274.215253	6.11e-01  7.72e-01  3.32e+05	-24.0660 62.9512 0.7879	
51.342036 274.215253	8.93e-01  9.24e-01  2.81e+05	4.8925 90.3250 0.5553	
51.342036 274.215253	6.10e-01  8.11e-01  3.26e+05	28.0737 64.1635 0.3014	
51.342036 274.215253	7.25e-01  9.20e-01  2.99e+05	-3.9769 82.8825 0.3668	
51.342036 274.215253	6.25e-01  8.49e-01  3.19e+05	22.4838 69.9989 0.4458	
51.342036 274.215253	6.74e-01  7.85e-01  3.21e+05	17.4490 70.4531 0.7831	
51.342036 274.215253	5.86e-01  8.90e-01  3.19e+05	14.7207 72.2229 0.2135	
51.342036 274.215253	4.59e-01  8.46e-01  3.43e+05	-9.3528 60.4111 0.9970	
51.342036 274.215253	6.23e-01  7.19e-01  3.37e+05	-11.2933 63.1908 0.2201	
51.342036 274.215253	6.85e-01  8.68e-01  3.10e+05	-23.8512 74.4287 0.6942	
51.342036 274.215253	5.74e-01  7.87e-01  3.35e+05	-12.3197 64.5702 0.4792	
51.342036 274.215253	5.26e-01  8.71e-01  3.30e+05	8.6764 67.8403 0.7011	
51.342036 274.215253	5.74e-01  7.95e-01  3.34e+05	-7.4427 65.8526 0.7264	
51.342036 274.215253	4.77e-01  7.34e-01  3.57e+05	4.8240 51.6794 0.0102	
51.342036 274.215253	5.49e-01  9.17e-01  3.21e+05	32.3004 65.4552 0.9192	
51.342036 274.215253	5.94e-01  8.85e-01  3.19e+05	-34.1357 65.4357 0.3125	
51.342036 274.215253	5.40e-01  6.67e-01  3.58e+05	-5.0518 51.1839 0.4289	
51.342036 274.215253	6.05e-01  7.48e-01  3.36e+05	26.0156 59.6520 0.6455	
51.342036 274.215253	6.18e-01  8.11e-01  3.25e+05	-11.2455 69.6816 0.2402	
51.342036 274.215253	5.28e-01  7.41e-01  3.48e+05	-20.3244 54.1620 0.2971	
51.342036 274.215253	5.95e-01  6.98e-01  3.45e+05	-1.0139 59.9865 0.4318	
51.342036 274.215253	6.54e-01  8.83e-01  3.12e+05	-34.0237 69.3899 0.2569	
51.342036 274.215253	7.85e-01  8.79e-01  2.97e+05	33.7633 76.7846 0.4309	
51.342036 274.215253	5.96e-01  7.84e-01  3.32e+05	19.8009 64.1485 0.2767	
51.342036 274.215253	7.05e-01  8.64e-01  3.08e+05	-4.1512 78.9234 0.6153	
51.342036 274.215253	7.63e-01  9.49e-01  2.91e+05	-14.4008 84.8662 0.6262	
51.342036 274.215253	4.27e-01  7.29e-01  3.66e+05	-13.8142 43.1131 0.1744	
51.342036 274.215253	6.38e-01  9.23e-01  3.09e+05	2.1379 78.6107 0.3559	
