37.563875 279.310422	5.33e-01  7.70e-01  2.74e+05	-0.0000 56.4975 0.8652	
37.563875 279.310422	3.96e-01  7.89e-01  2.89e+05	-7.5335 44.7306 0.5256	
37.563875 279.310422	3.90e-01  8.63e-01  2.80e+05	11.5614 50.8978 0.5385	
37.563875 279.310422	6.53e-01  7.68e-01  2.61e+05	-8.1024 64.4479 0.1884	
37.563875 279.310422	5.66e-01  8.14e-01  2.65e+05	-12.1156 61.0974 0.5704	
37.563875 279.310422	5.28e-01  7.44e-01  2.78e+05	12.0441 52.5351 0.8313	
37.563875 279.310422	6.65e-01  8.92e-01  2.47e+05	0.7708 72.6958 0.7130	
37.563875 279.310422	5.03e-01  6.46e-01  2.93e+05	13.4664 38.8542 0.3899	
37.563875 279.310422	5.27e-01  8.13e-01  2.70e+05	-7.2274 58.9133 0.0547	
37.563875 279.310422	6.62e-01  8.72e-01  2.49e+05	-17.7963 69.2716 0.9475	
37.563875 279.310422	6.67e-01  7.85e-01  2.57e+05	-8.5565 66.3364 0.8675	
37.563875 279.310422	5.04e-01  8.28e-01  2.71e+05	22.2698 54.4131 0.3608	
37.563875 279.310422	4.00e-01  7.02e-01  3.00e+05	5.2408 33.8829 0.6755	
37.563875 279.310422	4.28e-01  8.74e-01  2.74e+05	2.3261 56.3872 0.4758	
37.563875 279.310422	4.13e-01  9.26e-01  2.70e+05	-25.7143 53.4242 0.2856	
37.563875 279.310422	4.21e-01  7.95e-01  2.85e+05	-20.8612 43.9298 0.5392	
37.563875 279.310422	5.14e-01  7.31e-01  2.81e+05	7.0185 51.0047 0.9281	
37.563875 279.310422	5.38e-01  7.76e-01  2.73e+05	19.8887 53.8534 0.9535	
37.563875 279.310422	5.18e-01  7.83e-01  2.74e+05	-18.0124 53.3669 0.4061	
37.563875 279.310422	4.14e-01  7.92e-01  2.86e+05	8.5357 46.8259 0.3352	
37.563875 279.310422	4.54e-01  9.31e-01  2.65e+05	-5.2678 62.3828 0.8556	
37.563875 279.310422	3.40e-01  7.95e-01  2.95e+05	6.3457 38.7861 0.5792	
37.563875 279.310422	5.00e-01  6.55e-01  2.93e+05	5.2370 41.4717 0.0673	
37.563875 279.310422	3.20e-01  9.38e-01  2.79e+05	-17.9821 49.5299 0.7896	
37.563875 279.310422	5.28e-01  7.23e-01  2.80e+05	34.6421 38.7835 0.3562	
37.563875 279.310422	5.98e-01  7.91e-01  2.64e+05	-14.5659 61.1545 0.6168	
37.563875 279.310422	5.31e-01  8.03e-01  2.70e+05	-5.3982 58.7090 0.2212	
37.563875 279.310422	6.08e-01  8.67e-01  2.55e+05	-39.3170 55.8114 0.7502	
37.563875 279.310422	4.43e-01  6.78e-01  2.97e+05	9.0862 36.0899 0.2090	
37.563875 279.310422	7.50e-01  9.05e-01  2.38e+05	16.1332 75.6666 0.2770	
37.563875 279.310422	4.36e-01  7.98e-01  2.82e+05	13.8530 48.4938 0.0507	
37.563875 279.310422	5.00e-01  9.04e-01  2.63e+05	-10.7935 62.9001 0.9248	
37.563875 279.310422	3.48e-01  8.95e-01  2.81e+05	-8.2281 50.6174 0.9152	
37.563875 279.310422	4.68e-01  9.15e-01  2.65e+05	-13.9752 60.9065 0.9213	
37.563875 279.310422	5.70e-01  8.09e-01  2.65e+05	13.4174 60.7318 0.9822	
37.563875 279.310422	5.15e-01  6.17e-01  2.96e+05	-0.7423 38.7214 0.4475	
37.563875 279.310422	4.65e-01  9.07e-01  2.66e+05	17.4386 59.1983 0.2041	
37.563875 279.310422	6.50e-01  8.14e-01  2.56e+05	-4.8318 67.4202 0.0442	
37.563875 279.310422	6.22e-01  6.72e-01  2.75e+05	3.9537 55.6290 0.8910	
37.563875 279.310422	6.17e-01  9.30e-01  2.48e+05	-11.3013 71.3262 0.7512	
37.563875 279.310422	4.29e-01  8.58e-01  2.76e+05	17.5103 52.2994 0.6056	
37.563875 279.310422	5.60e-01  7.62e-01  2.72e+05	3.6940 57.8700 0.9880	
37.563875 279.310422	6.26e-01  6.49e-01  2.77e+05	10.4626 53.1313 0.1850	
37.563875 279.310422	4.18e-01  9.55e-01  2.66e+05	5.0648 61.5506 0.3411	
37.563875 279.310422	5.39e-01  7.78e-01  2.72e+05	-12.5255 56.3073 0.2659	
37.563875 279.310422	4.65e-01  9.23e-01  2.64e+05	18.5743 59.9723 0.5174	
37.563875 279.310422	8.42e-01  9.29e-01  2.28e+05	-0.3292 82.1667 0.3104	
37.563875 279.310422	3.66e-01  9.02e-01  2.78e+05	-14.6883 51.4820 0.5685	
37.563875 279.310422	5.10e-01  7.29e-01  2.82e+05	-3.0295 50.8554 0.4414	
37.563875 279.310422	4.94e-01  8.72e-01  2.67e+05	-10.3125 60.3831 0.9136	
37.563875 279.310422	3.77e-01  7.87e-01  2.92e+05	4.1892 42.6875 0.8401	
37.563875 279.310422	6.17e-01  7.02e-01  2.72e+05	-31.8221 48.2000 0.2617	
37.563875 279.310422	3.13e-01  8.37e-01  2.93e+05	8.1975 40.3472 0.0292	
37.563875 279.310422	4.40e-01  7.04e-01  2.94e+05	5.0970 40.0572 0.8885	
37.563875 279.310422	4.75e-01  6.42e-01  2.98e+05	17.0397 32.4143 0.6010	
37.563875 279.310422	4.13e-01  7.99e-01  2.85e+05	-8.1889 47.6017 0.7123	
37.563875 279.310422	5.54e-01  8.29e-01  2.65e+05	-5.5312 62.1777 0.2028	
37.563875 279.310422	5.35e-01  7.69e-01  2.74e+05	4.4364 56.4278 0.0083	
37.563875 279.310422	4.75e-01  8.95e-01  2.66e+05	8.3353 60.9833 0.7250	
37.563875 279.310422	5.55e-01  9.24e-01  2.55e+05	24.6584 63.8699 0.2948	
37.563875 279.310422	6.19e-01  8.60e-01  2.55e+05	-7.2294 68.0870 0.1838	
37.563875 279.310422	4.50e-01  7.76e-01  2.83e+05	-4.3158 49.4530 0.2698	
37.563875 279.310422	4.76e-01  8.75e-01  2.68e+05	26.1912 54.1928 0.8255	
37.563875 279.310422	3.76e-01  8.41e-01  2.85e+05	16.8078 45.7859 0.6335	
37.563875 279.310422	5.11e-01  8.84e-01  2.63e+05	12.1235 62.1053 0.4480	
37.563875 279.310422	6.63e-01  7.10e-01  2.66e+05	8.9779 61.0788 0.4004	
37.563875 279.310422	6.71e-01  7.81e-01  2.57e+05	-34.6267 57.1644 0.9955	
37.563875 279.310422	5.14e-01  7.17e-01  2.83e+05	-2.4711 50.1045 0.5800	
37.563875 279.310422	5.87e-01  7.85e-01  2.66e+05	-4.1009 61.5336 0.1555	
37.563875 279.310422	3.82e-01  7.65e-01  2.94e+05	12.4112 38.9241 0.6788	
37.563875 279.310422	6.38e-01  7.22e-01  2.67e+05	3.4444 60.7951 0.7758	
37.563875 279.310422	3.82e-01  7.40e-01  2.97e+05	17.3169 33.1412 0.7131	
37.563875 279.310422	5.97e-01  9.37e-01  2.49e+05	29.0745 65.3218 0.0438	
37.563875 279.310422	5.44e-01  8.14e-01  2.68e+05	-8.6330 60.0643 0.4646	
37.563875 279.310422	5.81e-01  7.99e-01  2.65e+05	-2.2909 62.2067 0.8593	
37.563875 279.310422	5.51e-01  8.74e-01  2.60e+05	9.9585 64.4644 0.5379	
37.563875 279.310422	6.31e-01  7.51e-01  2.65e+05	11.7414 61.2498 0.9934	
37.563875 279.310422	4.10e-01  8.66e-01  2.77e+05	-9.3776 53.4692 0.8777	
37.563875 279.310422	5.59e-01  6.58e-01  2.85e+05	-12.5969 47.1252 0.2330	
37.563875 279.310422	6.79e-01  8.59e-01  2.49e+05	-15.5635 69.9980 0.2203	
37.563875 279.310422	6.09e-01  7.80e-01  2.64e+05	16.5916 60.6106 0.0503	
37.563875 279.310422	5.70e-01  8.08e-01  2.65e+05	-7.3729 61.6612 0.2859	
37.563875 279.310422	4.81e-01  8.19e-01  2.74e+05	20.8402 52.2397 0.1925	
37.563875 279.310422	6.17e-01  7.29e-01  2.69e+05	-2.3547 59.7866 0.3976	
37.563875 279.310422	5.75e-01  7.41e-01  2.72e+05	26.0629 51.3410 0.6596	
37.563875 279.310422	5.56e-01  8.38e-01  2.64e+05	-15.9998 61.1571 0.5997	
37.563875 279.310422	5.64e-01  6.73e-01  2.82e+05	2.6085 50.5645 0.2137	
37.563875 279.310422	5.11e-01  7.69e-01  2.77e+05	23.3159 49.3671 0.1533	
37.563875 279.310422	3.66e-01  7.37e-01  3.00e+05	8.5955 33.4678 0.2980	
37.563875 279.310422	5.32e-01  6.67e-01  2.87e+05	25.6248 39.2229 0.4020	
37.563875 279.310422	3.61e-01  8.77e-01  2.82e+05	-0.7987 50.7416 0.3263	
37.563875 279.310422	2.07e-01  9.05e-01  2.99e+05	-7.8189 35.0305 0.9636	
37.563875 279.310422	4.19e-01  8.57e-01  2.77e+05	-7.6961 53.6882 0.9821	
37.563875 279.310422	3.69e-01  8.68e-01  2.82e+05	-13.4198 48.9038 0.4879	
37.563875 279.310422	6.67e-01  8.09e-01  2.55e+05	10.9447 67.3796 0.4606	
37.563875 279.310422	5.68e-01  8.71e-01  2.59e+05	-36.1579 55.2806 0.0501	
37.563875 279.310422	6.45e-01  7.61e-01  2.62e+05	10.4702 63.0858 0.9641	
37.563875 279.310422	6.35e-01  6.86e-01  2.72e+05	5.8816 57.5570 0.9168	
37.563875 279.310422	3.64e-01  7.92e-01  2.93e+05	-0.2525 41.9444 0.4967	
37.563875 279.310422	7.33e-01  7.72e-01  2.52e+05	21.7551 66.4630 0.7941	
37.563875 279.310422	6.55e-01  8.16e-01  2.55e+05	14.4918 66.3995 0.2988	
37.563875 279.310422	4.90e-01  8.39e-01  2.71e+05	-17.3278 55.9640 0.9724	
37.563875 279.310422	5.95e-01  8.45e-01  2.59e+05	8.8265 65.5495 0.7253	
37.563875 279.310422	6.22e-01  7.86e-01  2.62e+05	7.8404 63.6319 0.1851	
37.563875 279.310422	6.13e-01  9.39e-01  2.47e+05	-11.1438 71.6311 0.9400	
37.563875 279.310422	5.68e-01  6.95e-01  2.79e+05	3.6052 52.9327 0.7318	
37.563875 279.310422	5.89e-01  7.84e-01  2.66e+05	13.5078 60.2507 0.1629	
37.563875 279.310422	5.40e-01  9.17e-01  2.57e+05	-25.6982 62.0909 0.7993	
37.563875 279.310422	6.40e-01  6.57e-01  2.75e+05	-8.0819 55.4763 0.8712	
37.563875 279.310422	6.70e-01  8.29e-01  2.52e+05	10.7251 68.7774 0.6662	
37.563875 279.310422	4.20e-01  8.14e-01  2.82e+05	-8.7043 49.6634 0.6236	
37.563875 279.310422	3.36e-01  8.68e-01  2.86e+05	-19.7026 43.0618 0.0498	
37.563875 279.310422	5.79e-01  8.98e-01  2.55e+05	-37.2824 57.2715 0.8462	
37.563875 279.310422	4.74e-01  7.47e-01  2.84e+05	-26.2559 41.5136 0.0505	
37.563875 279.310422	5.60e-01  8.50e-01  2.62e+05	-13.7028 62.8162 0.0265	
37.563875 279.310422	7.69e-01  8.49e-01  2.41e+05	26.5321 70.8653 0.6955	
37.563875 279.310422	7.97e-01  8.75e-01  2.36e+05	28.0159 72.9216 0.6308	
37.563875 279.310422	5.89e-01  9.06e-01  2.53e+05	0.4010 69.3472 0.2492	
37.563875 279.310422	3.57e-01  7.52e-01  2.99e+05	-19.8451 29.3419 0.1074	
37.563875 279.310422	6.58e-01  7.99e-01  2.57e+05	5.9775 66.9062 0.5480	
37.563875 279.310422	5.19e-01  8.00e-01  2.72e+05	-3.4373 57.6590 0.9089	
37.563875 279.310422	7.73e-01  9.03e-01  2.36e+05	5.4194 78.1360 0.7194	
37.563875 279.310422	4.22e-01  7.48e-01  2.91e+05	-1.8302 43.6485 0.0518	
37.563875 279.310422	5.14e-01  8.56e-01  2.66e+05	-4.7210 61.3265 0.0278	
37.563875 279.310422	6.78e-01  9.01e-01  2.45e+05	45.9956 57.7380 0.6821	
37.563875 279.310422	6.51e-01  9.55e-01  2.42e+05	5.6396 74.8843 0.6127	
37.563875 279.310422	5.10e-01  9.00e-01  2.62e+05	0.7374 64.2464 0.6539	
37.563875 279.310422	4.41e-01  7.87e-01  2.83e+05	13.6286 47.9467 0.7388	
37.563875 279.310422	4.76e-01  8.96e-01  2.66e+05	-27.1905 55.3961 0.5496	
37.563875 279.310422	2.99e-01  8.27e-01  2.97e+05	4.3563 37.6698 0.8070	
37.563875 279.310422	4.75e-01  9.51e-01  2.60e+05	-9.6791 64.5448 0.4086	
37.563875 279.310422	4.49e-01  8.98e-01  2.69e+05	30.4492 51.5048 0.3825	
37.563875 279.310422	6.02e-01  6.45e-01  2.81e+05	-14.8818 49.4564 0.0426	
37.563875 279.310422	3.47e-01  8.07e-01  2.93e+05	-0.3131 41.5788 0.8497	
37.563875 279.310422	6.00e-01  8.84e-01  2.54e+05	15.4981 67.0198 0.8502	
37.563875 279.310422	4.29e-01  7.18e-01  2.94e+05	-17.1132 36.9781 0.5364	
37.563875 279.310422	4.85e-01  7.40e-01  2.84e+05	9.3045 48.6740 0.1228	
37.563875 279.310422	5.92e-01  7.02e-01  2.75e+05	0.1783 55.8110 0.8496	
37.563875 279.310422	4.61e-01  8.86e-01  2.69e+05	-17.6936 57.2458 0.3378	
37.563875 279.310422	4.93e-01  6.78e-01  2.91e+05	11.0060 42.3016 0.8055	
37.563875 279.310422	6.97e-01  7.78e-01  2.55e+05	-16.1919 66.2976 0.6122	
37.563875 279.310422	4.52e-01  7.31e-01  2.89e+05	1.1532 45.1299 0.2928	
37.563875 279.310422	3.62e-01  8.72e-01  2.82e+05	21.3323 45.7403 0.5131	
37.563875 279.310422	4.91e-01  7.59e-01  2.80e+05	1.5473 51.9401 0.7048	
37.563875 279.310422	4.69e-01  8.28e-01  2.75e+05	-32.4905 45.5533 0.6111	
37.563875 279.310422	6.38e-01  7.82e-01  2.61e+05	-5.7823 64.6456 0.5575	
37.563875 279.310422	3.84e-01  9.12e-01  2.75e+05	36.4512 42.4500 0.9194	
37.563875 279.310422	5.29e-01  6.08e-01  2.95e+05	-1.4148 39.4750 0.4497	
37.563875 279.310422	5.27e-01  8.19e-01  2.69e+05	-25.3610 54.1734 0.7961	
37.563875 279.310422	4.57e-01  8.22e-01  2.77e+05	12.3278 53.1097 0.7400	
37.563875 279.310422	6.05e-01  6.97e-01  2.74e+05	-43.9181 35.3696 0.3617	
37.563875 279.310422	6.68e-01  8.17e-01  2.54e+05	4.4203 68.6877 0.8968	
37.563875 279.310422	5.69e-01  9.36e-01  2.52e+05	-14.9348 68.2926 0.3246	
37.563875 279.310422	6.30e-01  8.89e-01  2.50e+05	-27.2164 65.2820 0.3200	
37.563875 279.310422	5.17e-01  8.50e-01  2.67e+05	-18.7726 58.4097 0.8151	
37.563875 279.310422	4.78e-01  8.59e-01  2.70e+05	-14.6338 57.3443 0.8586	
37.563875 279.310422	4.86e-01  8.97e-01  2.65e+05	13.4573 60.9735 0.7497	
37.563875 279.310422	6.86e-01  8.16e-01  2.52e+05	4.2194 69.6468 0.2884	
37.563875 279.310422	5.23e-01  8.39e-01  2.67e+05	-3.3723 60.8650 0.5559	
37.563875 279.310422	3.66e-01  7.79e-01  2.94e+05	14.2692 37.9179 0.3341	
37.563875 279.310422	6.43e-01  8.48e-01  2.53e+05	3.9544 69.0526 0.6653	
37.563875 279.310422	5.91e-01  8.85e-01  2.55e+05	28.6381 62.0327 0.5897	
37.563875 279.310422	5.59e-01  7.91e-01  2.68e+05	-17.0587 57.6585 0.1116	
37.563875 279.310422	4.87e-01  7.46e-01  2.83e+05	-17.3078 47.2030 0.1616	
37.563875 279.310422	6.36e-01  9.15e-01  2.47e+05	14.6845 70.8824 0.4860	
37.563875 279.310422	3.58e-01  9.62e-01  2.72e+05	-13.5906 56.1771 0.0303	
37.563875 279.310422	4.88e-01  8.40e-01  2.71e+05	-8.0097 57.9221 0.6972	
37.563875 279.310422	6.62e-01  7.57e-01  2.61e+05	-4.7688 64.6622 0.3217	
37.563875 279.310422	5.31e-01  9.04e-01  2.59e+05	11.3632 64.8183 0.3955	
37.563875 279.310422	4.88e-01  7.97e-01  2.76e+05	20.4226 51.0504 0.6584	
37.563875 279.310422	4.69e-01  7.90e-01  2.79e+05	-4.2996 52.5807 0.5848	
37.563875 279.310422	6.04e-01  6.93e-01  2.75e+05	-30.8239 46.8168 0.2454	
37.563875 279.310422	5.19e-01  7.25e-01  2.81e+05	16.6747 48.5946 0.2480	
37.563875 279.310422	6.27e-01  8.83e-01  2.51e+05	23.8482 66.0285 0.7255	
37.563875 279.310422	6.28e-01  6.64e-01  2.75e+05	29.0637 47.3225 0.9921	
37.563875 279.310422	4.02e-01  8.71e-01  2.78e+05	-15.7495 51.5909 0.5473	
37.563875 279.310422	6.01e-01  9.96e-01  2.43e+05	11.5170 73.8118 0.5319	
37.563875 279.310422	7.65e-01  8.41e-01  2.42e+05	-32.3411 67.7760 0.0357	
37.563875 279.310422	3.85e-01  8.27e-01  2.85e+05	-10.0994 47.0633 0.1320	
37.563875 279.310422	6.72e-01  8.77e-01  2.48e+05	5.7389 72.0482 0.9213	
37.563875 279.310422	6.50e-01  7.29e-01  2.65e+05	-11.2832 61.1926 0.2603	
37.563875 279.310422	5.95e-01  8.82e-01  2.55e+05	-2.1517 68.3627 0.6759	
37.563875 279.310422	5.35e-01  9.30e-01  2.56e+05	38.4263 55.7197 0.6205	
37.563875 279.310422	4.23e-01  7.65e-01  2.88e+05	1.3901 45.6559 0.6558	
37.563875 279.310422	4.66e-01  8.66e-01  2.71e+05	19.2252 55.5525 0.2717	
37.563875 279.310422	3.55e-01  6.82e-01  3.10e+05	2.9421 20.9348 0.6233	
37.563875 279.310422	5.39e-01  8.11e-01  2.69e+05	-6.3113 59.7494 0.8050	
37.563875 279.310422	4.62e-01  8.95e-01  2.68e+05	13.1326 59.1796 0.3976	
37.563875 279.310422	4.29e-01  9.09e-01  2.70e+05	0.4158 59.2509 0.7562	
37.563875 279.310422	6.93e-01  8.37e-01  2.49e+05	12.5188 70.1585 0.0443	
37.563875 279.310422	5.78e-01  8.81e-01  2.57e+05	-5.6253 67.0335 0.5804	
37.563875 279.310422	5.11e-01  6.49e-01  2.92e+05	-15.8030 39.3094 0.2899	
37.563875 279.310422	3.23e-01  8.97e-01  2.84e+05	-15.3297 46.5871 0.6731	
37.563875 279.310422	4.62e-01  9.57e-01  2.61e+05	12.7151 63.5394 0.9033	
37.563875 279.310422	3.91e-01  7.93e-01  2.89e+05	-8.9228 44.3572 0.6320	
37.563875 279.310422	3.51e-01  8.83e-01  2.82e+05	-13.9612 48.4533 0.7748	
37.563875 279.310422	5.74e-01  8.99e-01  2.55e+05	-8.8365 67.5841 0.0967	
37.563875 279.310422	4.73e-01  8.64e-01  2.70e+05	-11.7106 58.0041 0.6324	
37.563875 279.310422	6.24e-01  7.66e-01  2.64e+05	4.8566 62.7566 0.8758	
37.563875 279.310422	3.95e-01  8.72e-01  2.78e+05	-17.4301 50.5368 0.8873	
37.563875 279.310422	6.62e-01  7.81e-01  2.58e+05	23.9908 61.7933 0.1503	
37.563875 279.310422	5.70e-01  8.17e-01  2.64e+05	8.9659 62.0694 0.9588	
37.563875 279.310422	4.16e-01  8.24e-01  2.82e+05	-9.1217 50.2145 0.2230	
37.563875 279.310422	4.86e-01  6.35e-01  2.97e+05	-2.1299 37.1143 0.9665	
37.563875 279.310422	5.66e-01  8.29e-01  2.63e+05	10.4523 62.3745 0.8420	
37.563875 279.310422	5.65e-01  9.08e-01  2.55e+05	24.0714 63.7467 0.2834	
37.563875 279.310422	6.01e-01  8.31e-01  2.59e+05	24.8945 60.7544 0.2946	
37.563875 279.310422	4.97e-01  8.24e-01  2.72e+05	6.5402 57.5555 0.6924	
37.563875 279.310422	6.63e-01  8.22e-01  2.54e+05	-7.8307 68.3667 0.5965	
37.563875 279.310422	3.26e-01  7.96e-01  2.97e+05	1.1082 37.3138 0.6380	
37.563875 279.310422	4.57e-01  9.78e-01  2.59e+05	14.4268 64.2498 0.5661	
37.563875 279.310422	5.71e-01  8.38e-01  2.62e+05	-7.1731 63.7845 0.0401	
37.563875 279.310422	6.53e-01  8.28e-01  2.54e+05	-0.4939 68.6157 0.2520	
37.563875 279.310422	4.99e-01  6.72e-01  2.91e+05	4.7468 43.4991 0.7332	
37.563875 279.310422	4.61e-01  8.90e-01  2.68e+05	-14.4055 58.4580 0.2726	
37.563875 279.310422	5.90e-01  8.49e-01  2.59e+05	-15.3263 64.2766 0.7569	
37.563875 279.310422	5.95e-01  7.06e-01  2.74e+05	-3.1250 56.2628 0.2816	
37.563875 279.310422	5.10e-01  6.78e-01  2.88e+05	23.4778 39.1657 0.1372	
37.563875 279.310422	4.54e-01  7.60e-01  2.85e+05	16.9664 45.3605 0.8107	
37.563875 279.310422	3.74e-01  8.40e-01  2.85e+05	10.7658 47.1859 0.0463	
37.563875 279.310422	6.10e-01  7.93e-01  2.63e+05	-3.2875 63.6486 0.5817	
37.563875 279.310422	6.49e-01  7.06e-01  2.68e+05	14.1702 58.7927 0.4096	
37.563875 279.310422	3.95e-01  9.44e-01  2.70e+05	-0.0599 59.3112 0.5067	
37.563875 279.310422	5.18e-01  8.91e-01  2.62e+05	30.9793 56.2358 0.2144	
37.563875 279.310422	6.21e-01  8.58e-01  2.55e+05	-12.7875 67.2538 0.5980	
37.563875 279.310422	5.69e-01  7.54e-01  2.72e+05	3.4856 57.9623 0.4846	
37.563875 279.310422	4.84e-01  9.52e-01  2.59e+05	-8.5531 65.3438 0.3101	
37.563875 279.310422	5.38e-01  6.37e-01  2.90e+05	-14.7181 41.6493 0.6636	
37.563875 279.310422	4.03e-01  8.15e-01  2.84e+05	11.7664 47.4595 0.4857	
37.563875 279.310422	6.68e-01  8.59e-01  2.50e+05	-13.8553 69.7922 0.0453	
37.563875 279.310422	4.47e-01  8.15e-01  2.79e+05	-6.0064 52.7443 0.9163	
37.563875 279.310422	5.27e-01  5.50e-01  3.04e+05	-16.5617 24.8753 0.9726	
37.563875 279.310422	4.65e-01  8.32e-01  2.75e+05	-13.3766 54.4136 0.7588	
37.563875 279.310422	6.48e-01  8.02e-01  2.58e+05	-0.7444 66.7379 0.6932	
37.563875 279.310422	6.77e-01  8.71e-01  2.48e+05	-5.3518 72.0724 0.3845	
37.563875 279.310422	4.13e-01  9.27e-01  2.70e+05	-3.7905 59.2334 0.8382	
37.563875 279.310422	4.99e-01  6.67e-01  2.91e+05	-14.2035 40.7022 0.5157	
37.563875 279.310422	5.68e-01  8.77e-01  2.58e+05	-4.2862 66.2803 0.6535	
37.563875 279.310422	3.91e-01  8.81e-01  2.78e+05	16.9842 51.1425 0.2491	
37.563875 279.310422	5.33e-01  7.98e-01  2.71e+05	-3.1043 58.6351 0.9028	
37.563875 279.310422	4.97e-01  9.74e-01  2.55e+05	24.9781 63.2589 0.6371	
37.563875 279.310422	4.06e-01  8.74e-01  2.77e+05	-9.0598 53.8443 0.5123	
37.563875 279.310422	6.37e-01  7.74e-01  2.62e+05	14.9866 62.5415 0.4429	
37.563875 279.310422	6.90e-01  7.29e-01  2.61e+05	-27.9881 58.4534 0.8824	
37.563875 279.310422	4.47e-01  7.83e-01  2.83e+05	-19.0676 46.2453 0.4691	
37.563875 279.310422	5.08e-01  8.14e-01  2.72e+05	27.6699 50.9116 0.7271	
37.563875 279.310422	6.18e-01  6.85e-01  2.74e+05	-7.5609 55.9553 0.1693	
37.563875 279.310422	6.75e-01  9.41e-01  2.41e+05	-1.9523 75.5389 0.3789	
37.563875 279.310422	5.17e-01  6.98e-01  2.85e+05	9.6354 47.5572 0.0525	
37.563875 279.310422	4.27e-01  7.72e-01  2.87e+05	12.4047 45.2115 0.7614	
37.563875 279.310422	4.24e-01  7.26e-01  2.93e+05	4.4207 40.9342 0.6475	
37.563875 279.310422	4.62e-01  7.66e-01  2.83e+05	-15.4230 47.3806 0.3426	
37.563875 279.310422	3.46e-01  8.39e-01  2.89e+05	-19.7949 40.7480 0.9587	
37.563875 279.310422	3.91e-01  8.67e-01  2.79e+05	29.1166 43.8757 0.0949	
37.563875 279.310422	5.13e-01  6.79e-01  2.88e+05	12.3954 44.4393 0.3328	
37.563875 279.310422	4.96e-01  6.97e-01  2.88e+05	-6.3735 45.8048 0.8456	
37.563875 279.310422	5.04e-01  8.69e-01  2.66e+05	34.3494 51.3642 0.7446	
37.563875 279.310422	6.94e-01  8.40e-01  2.49e+05	-7.3756 71.1441 0.0524	
37.563875 279.310422	4.93e-01  9.21e-01  2.61e+05	18.0598 61.9441 0.4433	
37.563875 279.310422	4.79e-01  8.45e-01  2.71e+05	8.5894 57.5321 0.7235	
37.563875 279.310422	6.61e-01  7.42e-01  2.63e+05	22.0062 59.8839 0.8644	
37.563875 279.310422	4.08e-01  7.99e-01  2.86e+05	5.3966 47.3480 0.8573	
37.563875 279.310422	6.28e-01  9.35e-01  2.46e+05	17.8226 70.7756 0.6260	
37.563875 279.310422	4.73e-01  7.43e-01  2.85e+05	-13.2900 46.7650 0.6323	
37.563875 279.310422	6.65e-01  7.16e-01  2.65e+05	-1.3844 62.2929 0.5350	
37.563875 279.310422	5.06e-01  7.59e-01  2.78e+05	-4.5709 53.1343 0.3489	
37.563875 279.310422	7.50e-01  9.08e-01  2.37e+05	-33.1984 70.0225 0.2613	
37.563875 279.310422	5.97e-01  9.70e-01  2.46e+05	-9.1012 72.6641 0.4686	
37.563875 279.310422	6.31e-01  7.60e-01  2.64e+05	-19.4489 59.8981 0.5977	
37.563875 279.310422	3.93e-01  7.74e-01  2.91e+05	6.4956 42.8377 0.3356	
37.563875 279.310422	5.83e-01  7.62e-01  2.69e+05	-10.5124 58.8244 0.2146	
37.563875 279.310422	6.17e-01  7.78e-01  2.63e+05	9.1411 62.5782 0.5352	
37.563875 279.310422	5.42e-01  6.89e-01  2.83e+05	-20.8468 45.5941 0.1896	
37.563875 279.310422	5.13e-01  8.24e-01  2.70e+05	25.0975 53.5358 0.5761	
37.563875 279.310422	6.21e-01  7.74e-01  2.63e+05	19.8400 60.0532 0.5595	
37.563875 279.310422	6.00e-01  9.82e-01  2.44e+05	0.9465 73.9678 0.3624	
37.563875 279.310422	5.06e-01  6.61e-01  2.91e+05	18.5264 39.0464 0.1738	
37.563875 279.310422	3.46e-01  9.01e-01  2.81e+05	18.4908 48.1959 0.5717	
37.563875 279.310422	6.62e-01  9.08e-01  2.45e+05	-0.3908 73.3630 0.1828	
37.563875 279.310422	4.39e-01  8.76e-01  2.73e+05	-1.7712 57.3871 0.1076	
37.563875 279.310422	5.69e-01  6.40e-01  2.86e+05	-13.4506 46.0185 0.7757	
37.563875 279.310422	5.89e-01  9.54e-01  2.48e+05	13.3551 70.7388 0.8631	
37.563875 279.310422	4.83e-01  7.58e-01  2.82e+05	19.6874 47.1450 0.8101	
37.563875 279.310422	6.08e-01  7.32e-01  2.70e+05	-11.4973 58.3211 0.3076	
37.563875 279.310422	5.06e-01  6.16e-01  2.97e+05	10.3725 35.8773 0.4706	
37.563875 279.310422	5.18e-01  7.40e-01  2.79e+05	20.0834 48.7119 0.8389	
37.563875 279.310422	5.53e-01  6.57e-01  2.85e+05	-5.8271 47.6963 0.7739	
37.563875 279.310422	5.67e-01  7.45e-01  2.73e+05	-13.7509 55.5136 0.9230	
37.563875 279.310422	6.47e-01  8.88e-01  2.49e+05	-12.4996 70.4658 0.2965	
37.563875 279.310422	5.43e-01  9.10e-01  2.57e+05	-16.0860 64.9423 0.5860	
37.563875 279.310422	4.84e-01  8.01e-01  2.76e+05	-2.2532 54.9833 0.8172	
37.563875 279.310422	7.63e-01  9.38e-01  2.34e+05	23.2006 75.8989 0.3250	
37.563875 279.310422	5.11e-01  9.18e-01  2.60e+05	-26.5544 59.8505 0.8616	
37.563875 279.310422	4.86e-01  6.70e-01  2.93e+05	3.2966 41.7964 0.2174	
37.563875 279.310422	4.86e-01  9.30e-01  2.61e+05	-25.5570 59.3240 0.2464	
37.563875 279.310422	6.56e-01  7.15e-01  2.66e+05	-4.0782 61.4748 0.2394	
37.563875 279.310422	6.01e-01  9.57e-01  2.47e+05	15.1781 71.1859 0.7549	
37.563875 279.310422	5.09e-01  6.64e-01  2.90e+05	-12.5717 42.1628 0.3366	
37.563875 279.310422	6.00e-01  7.83e-01  2.65e+05	-11.6795 61.3215 0.1741	
37.563875 279.310422	6.48e-01  8.50e-01  2.53e+05	11.1074 68.6449 0.0041	
37.563875 279.310422	3.57e-01  8.45e-01  2.87e+05	9.9447 46.0993 0.8645	
37.563875 279.310422	5.52e-01  8.23e-01  2.66e+05	1.8788 61.9015 0.8345	
37.563875 279.310422	5.02e-01  7.00e-01  2.87e+05	9.9346 46.1043 0.8044	
37.563875 279.310422	5.28e-01  8.91e-01  2.61e+05	25.7117 59.4982 0.9531	
37.563875 279.310422	2.41e-01  7.96e-01  3.10e+05	-4.8647 20.2756 0.1278	
37.563875 279.310422	7.37e-01  8.80e-01  2.41e+05	8.4683 75.1488 0.5362	
37.563875 279.310422	5.75e-01  9.45e-01  2.50e+05	-8.9718 70.1941 0.5721	
37.563875 279.310422	5.57e-01  6.95e-01  2.80e+05	-16.7054 49.3037 0.1802	
37.563875 279.310422	4.18e-01  8.80e-01  2.74e+05	7.4630 55.6685 0.2135	
37.563875 279.310422	3.19e-01  8.48e-01  2.91e+05	18.2714 39.1649 0.8205	
37.563875 279.310422	5.43e-01  6.34e-01  2.90e+05	10.5355 43.0885 0.5928	
37.563875 279.310422	6.76e-01  8.22e-01  2.53e+05	16.7433 67.5074 0.7053	
37.563875 279.310422	5.57e-01  7.70e-01  2.71e+05	8.2445 57.7927 0.8321	
37.563875 279.310422	6.97e-01  8.87e-01  2.44e+05	-8.8502 73.5169 0.3578	
37.563875 279.310422	4.16e-01  7.88e-01  2.86e+05	-30.4978 36.2093 0.5033	
37.563875 279.310422	3.84e-01  6.94e-01  3.04e+05	12.4760 27.3819 0.4681	
37.563875 279.310422	6.08e-01  7.93e-01  2.63e+05	-9.5991 62.9512 0.2983	
37.563875 279.310422	6.06e-01  7.76e-01  2.65e+05	-16.3431 60.2486 0.8267	
37.563875 279.310422	5.45e-01  7.59e-01  2.74e+05	-2.2903 56.4780 0.1560	
37.563875 279.310422	5.10e-01  8.04e-01  2.73e+05	-26.3359 50.9945 0.1209	
37.563875 279.310422	6.52e-01  8.09e-01  2.56e+05	-20.9949 64.0661 0.3882	
37.563875 279.310422	5.06e-01  6.11e-01  2.98e+05	7.9788 35.7407 0.7925	
37.563875 279.310422	7.06e-01  9.30e-01  2.39e+05	-37.8330 66.5124 0.3637	
37.563875 279.310422	4.42e-01  6.70e-01  2.99e+05	12.2367 33.6986 0.8564	
37.563875 279.310422	6.71e-01  8.09e-01  2.54e+05	-16.4758 66.5171 0.0718	
37.563875 279.310422	6.39e-01  9.41e-01  2.45e+05	-10.0733 73.1695 0.0283	
37.563875 279.310422	5.98e-01  8.64e-01  2.56e+05	23.7733 63.1599 0.4143	
37.563875 279.310422	5.24e-01  7.38e-01  2.79e+05	15.4183 50.7219 0.6216	
37.563875 279.310422	5.15e-01  7.79e-01  2.75e+05	-7.4337 55.2347 0.4730	
37.563875 279.310422	7.22e-01  8.53e-01  2.45e+05	19.2119 71.0543 0.8501	
37.563875 279.310422	5.66e-01  7.11e-01  2.77e+05	-6.4035 53.9927 0.7949	
37.563875 279.310422	6.10e-01  7.19e-01  2.71e+05	-12.0885 57.2570 0.9328	
37.563875 279.310422	5.36e-01  8.13e-01  2.69e+05	-8.3970 59.4579 0.0231	
37.563875 279.310422	7.54e-01  8.91e-01  2.38e+05	-18.0478 74.8143 0.8117	
37.563875 279.310422	4.92e-01  7.36e-01  2.83e+05	15.6506 47.2653 0.0674	
37.563875 279.310422	4.99e-01  8.33e-01  2.71e+05	11.5693 57.6111 0.9811	
37.563875 279.310422	6.14e-01  7.02e-01  2.72e+05	19.6630 54.0513 0.7848	
37.563875 279.310422	6.41e-01  8.51e-01  2.53e+05	39.4280 56.8502 0.9549	
37.563875 279.310422	6.23e-01  7.41e-01  2.67e+05	7.9265 60.6571 0.4613	
37.563875 279.310422	3.04e-01  9.34e-01  2.82e+05	-27.6324 42.5458 0.2971	
37.563875 279.310422	4.70e-01  8.39e-01  2.73e+05	16.5388 54.5265 0.9728	
37.563875 279.310422	3.26e-01  9.36e-01  2.79e+05	-1.9324 52.9837 0.4357	
37.563875 279.310422	4.01e-01  7.32e-01  2.96e+05	-9.8851 37.6909 0.4073	
37.563875 279.310422	6.15e-01  8.34e-01  2.58e+05	-21.2521 63.2024 0.8462	
37.563875 279.310422	5.51e-01  7.60e-01  2.73e+05	7.0471 56.7265 0.6473	
37.563875 279.310422	6.42e-01  7.08e-01  2.68e+05	13.1944 58.6791 0.8583	
37.563875 279.310422	5.52e-01  7.57e-01  2.73e+05	9.6618 56.1202 0.9398	
37.563875 279.310422	2.66e-01  8.35e-01  3.00e+05	24.4963 23.8054 0.0546	
37.563875 279.310422	5.09e-01  6.77e-01  2.89e+05	-6.2592 45.0259 0.2937	
37.563875 279.310422	5.84e-01  7.30e-01  2.73e+05	32.1836 47.5031 0.4670	
37.563875 279.310422	4.60e-01  8.31e-01  2.75e+05	12.6881 54.0174 0.8865	
37.563875 279.310422	5.55e-01  7.47e-01  2.74e+05	12.4747 55.0458 0.7977	
37.563875 279.310422	6.90e-01  8.91e-01  2.44e+05	3.7968 73.8195 0.3059	
37.563875 279.310422	3.95e-01  8.93e-01  2.76e+05	9.1955 54.4975 0.6103	
37.563875 279.310422	5.86e-01  7.10e-01  2.75e+05	2.5872 55.8718 0.1102	
37.563875 279.310422	4.63e-01  7.05e-01  2.91e+05	33.0531 27.9729 0.9067	
37.563875 279.310422	4.49e-01  7.70e-01  2.84e+05	-7.5243 48.3192 0.4284	
37.563875 279.310422	6.70e-01  7.30e-01  2.63e+05	4.9984 63.4199 0.1975	
37.563875 279.310422	3.83e-01  9.12e-01  2.75e+05	-2.4079 55.7935 0.6815	
37.563875 279.310422	4.94e-01  8.43e-01  2.70e+05	4.5721 58.9940 0.7268	
37.563875 279.310422	5.04e-01  7.30e-01  2.82e+05	-3.9376 50.2970 0.6096	
37.563875 279.310422	3.17e-01  8.90e-01  2.86e+05	11.7948 46.1677 0.5308	
37.563875 279.310422	4.00e-01  8.82e-01  2.77e+05	-16.5938 52.1242 0.3356	
37.563875 279.310422	5.56e-01  9.40e-01  2.53e+05	-14.2165 67.9558 0.3517	
37.563875 279.310422	5.61e-01  9.24e-01  2.54e+05	-21.7622 65.2446 0.6573	
37.563875 279.310422	5.04e-01  8.33e-01  2.70e+05	32.7689 49.2491 0.1807	
37.563875 279.310422	4.61e-01  7.78e-01  2.82e+05	-7.8004 50.2812 0.8691	
37.563875 279.310422	5.15e-01  8.38e-01  2.68e+05	2.3176 60.2778 0.0119	
37.563875 279.310422	7.06e-01  7.72e-01  2.55e+05	27.8326 62.4833 0.1943	
37.563875 279.310422	7.61e-01  9.64e-01  2.31e+05	18.5493 78.2181 0.6184	
37.563875 279.310422	5.12e-01  7.76e-01  2.76e+05	8.6459 54.5839 0.1926	
37.563875 279.310422	6.07e-01  6.67e-01  2.77e+05	10.1349 53.1184 0.7440	
37.563875 279.310422	7.56e-01  8.61e-01  2.41e+05	-14.2998 74.2796 0.1935	
37.563875 279.310422	4.19e-01  8.07e-01  2.83e+05	19.7931 45.5068 0.7200	
37.563875 279.310422	7.35e-01  8.84e-01  2.41e+05	13.5412 74.5208 0.8625	
37.563875 279.310422	5.24e-01  8.13e-01  2.70e+05	-17.6408 56.4999 0.2720	
37.563875 279.310422	5.60e-01  7.23e-01  2.76e+05	-1.3909 54.8805 0.4424	
37.563875 279.310422	3.79e-01  7.80e-01  2.92e+05	5.2918 41.9373 0.1163	
37.563875 279.310422	3.70e-01  8.16e-01  2.89e+05	27.3303 36.2153 0.0204	
37.563875 279.310422	5.71e-01  8.29e-01  2.63e+05	6.9954 63.2098 0.4717	
37.563875 279.310422	4.55e-01  9.70e-01  2.60e+05	9.7398 64.5353 0.7192	
37.563875 279.310422	6.37e-01  8.23e-01  2.56e+05	-3.3935 67.2609 0.3953	
37.563875 279.310422	5.03e-01  7.83e-01  2.76e+05	20.1363 51.3082 0.0448	
37.563875 279.310422	5.29e-01  8.64e-01  2.64e+05	12.1913 61.9476 0.3885	
37.563875 279.310422	7.20e-01  7.70e-01  2.53e+05	-31.6115 61.4188 0.3639	
37.563875 279.310422	5.08e-01  7.09e-01  2.85e+05	12.5078 47.0635 0.8594	
37.563875 279.310422	5.15e-01  8.10e-01  2.71e+05	-15.0678 56.2343 0.5855	
37.563875 279.310422	4.79e-01  8.29e-01  2.73e+05	19.1135 53.5718 0.9123	
37.563875 279.310422	5.30e-01  7.39e-01  2.78e+05	19.9097 49.7954 0.0187	
37.563875 279.310422	6.89e-01  8.00e-01  2.53e+05	-13.0662 67.7986 0.7302	
37.563875 279.310422	6.47e-01  7.71e-01  2.61e+05	-31.3538 56.6569 0.0304	
37.563875 279.310422	4.27e-01  9.17e-01  2.69e+05	-8.4322 59.0895 0.6933	
37.563875 279.310422	5.23e-01  6.23e-01  2.94e+05	14.7141 37.8126 0.4851	
37.563875 279.310422	5.42e-01  7.43e-01  2.76e+05	34.3997 42.9063 0.5888	
37.563875 279.310422	6.83e-01  9.91e-01  2.36e+05	-11.0711 77.3951 0.0798	
37.563875 279.310422	6.06e-01  7.27e-01  2.70e+05	-22.1196 54.5739 0.7754	
37.563875 279.310422	7.18e-01  9.55e-01  2.36e+05	-17.7934 76.1042 0.6022	
37.563875 279.310422	4.88e-01  7.43e-01  2.83e+05	1.6558 50.1682 0.9920	
37.563875 279.310422	4.43e-01  9.14e-01  2.68e+05	-4.9843 60.3993 0.3181	
37.563875 279.310422	5.39e-01  9.34e-01  2.55e+05	-21.3728 64.6573 0.0474	
37.563875 279.310422	6.69e-01  9.11e-01  2.45e+05	-28.4969 68.1266 0.5552	
37.563875 279.310422	4.32e-01  8.47e-01  2.77e+05	10.3023 53.5594 0.9347	
37.563875 279.310422	4.98e-01  9.04e-01  2.63e+05	-29.0755 56.7627 0.7652	
37.563875 279.310422	4.93e-01  8.87e-01  2.65e+05	13.9348 60.6732 0.1741	
37.563875 279.310422	5.99e-01  7.91e-01  2.64e+05	-2.3768 62.9154 0.9641	
37.563875 279.310422	5.36e-01  7.51e-01  2.76e+05	26.0296 48.6636 0.1608	
37.563875 279.310422	3.55e-01  8.88e-01  2.81e+05	3.0326 51.2108 0.7031	
37.563875 279.310422	4.70e-01  9.25e-01  2.63e+05	11.7219 62.1486 0.8888	
37.563875 279.310422	5.38e-01  7.05e-01  2.81e+05	-0.4736 51.2335 0.4291	
37.563875 279.310422	5.40e-01  7.98e-01  2.70e+05	-9.8645 58.3342 0.8332	
37.563875 279.310422	5.79e-01  9.47e-01  2.50e+05	4.3932 70.9482 0.7556	
37.563875 279.310422	5.82e-01  7.83e-01  2.67e+05	1.8334 61.1122 0.5992	
37.563875 279.310422	4.13e-01  8.01e-01  2.85e+05	14.9932 46.0562 0.5050	
37.563875 279.310422	4.11e-01  8.01e-01  2.85e+05	-9.5402 47.3164 0.1817	
37.563875 279.310422	4.09e-01  8.08e-01  2.85e+05	1.8284 48.7559 0.5387	
37.563875 279.310422	5.67e-01  7.51e-01  2.72e+05	-25.4539 51.7554 0.6756	
37.563875 279.310422	5.63e-01  7.39e-01  2.74e+05	-17.6535 53.5156 0.3746	
37.563875 279.310422	3.34e-01  8.22e-01  2.93e+05	3.0014 41.7670 0.0455	
37.563875 279.310422	6.17e-01  8.87e-01  2.52e+05	-20.4193 66.8453 0.6836	
37.563875 279.310422	6.43e-01  6.71e-01  2.73e+05	-40.9492 40.1630 0.0179	
37.563875 279.310422	4.99e-01  6.97e-01  2.87e+05	-7.9661 45.8060 0.5297	
37.563875 279.310422	5.09e-01  9.14e-01  2.60e+05	26.6671 59.3342 0.9006	
37.563875 279.310422	6.05e-01  8.64e-01  2.55e+05	-24.7587 63.2503 0.5345	
37.563875 279.310422	3.75e-01  9.13e-01  2.76e+05	9.6586 54.3657 0.6092	
37.563875 279.310422	5.64e-01  7.70e-01  2.70e+05	7.2862 58.4806 0.8323	
37.563875 279.310422	4.80e-01  7.99e-01  2.77e+05	25.9749 47.8506 0.6929	
37.563875 279.310422	5.75e-01  8.72e-01  2.58e+05	26.2142 61.2079 0.8112	
37.563875 279.310422	6.98e-01  9.72e-01  2.36e+05	26.6536 73.3337 0.7694	
37.563875 279.310422	4.32e-01  8.82e-01  2.73e+05	21.3627 53.2739 0.4779	
37.563875 279.310422	6.00e-01  9.04e-01  2.52e+05	-33.2211 61.4814 0.0287	
37.563875 279.310422	4.65e-01  6.18e-01  3.03e+05	2.8061 30.9440 0.6957	
37.563875 279.310422	4.39e-01  8.86e-01  2.71e+05	-5.6316 57.9535 0.7755	
37.563875 279.310422	5.81e-01  6.21e-01  2.87e+05	-21.3408 42.0342 0.3917	
37.563875 279.310422	5.87e-01  8.85e-01  2.55e+05	20.2482 64.9917 0.4699	
37.563875 279.310422	5.20e-01  8.33e-01  2.68e+05	-0.9648 60.3586 0.8669	
37.563875 279.310422	4.15e-01  8.13e-01  2.83e+05	-17.2756 46.6841 0.0525	
37.563875 279.310422	4.51e-01  7.68e-01  2.84e+05	6.4630 48.4626 0.1492	
37.563875 279.310422	4.71e-01  8.37e-01  2.73e+05	-12.1172 55.6164 0.7322	
37.563875 279.310422	3.24e-01  8.22e-01  2.94e+05	0.6468 40.6046 0.2375	
37.563875 279.310422	4.72e-01  8.70e-01  2.69e+05	-0.6062 59.4941 0.7189	
37.563875 279.310422	5.26e-01  5.93e-01  2.98e+05	14.1611 34.1277 0.4856	
37.563875 279.310422	5.35e-01  8.32e-01  2.66e+05	13.3106 59.9248 0.2600	
37.563875 279.310422	6.46e-01  7.18e-01  2.67e+05	1.8505 61.0986 0.7890	
37.563875 279.310422	6.55e-01  7.06e-01  2.67e+05	-25.6429 55.2060 0.4734	
37.563875 279.310422	3.66e-01  7.46e-01  2.99e+05	-4.1142 35.6444 0.6121	
37.563875 279.310422	7.32e-01  8.53e-01  2.44e+05	17.6619 71.9626 0.9625	
37.563875 279.310422	3.91e-01  8.08e-01  2.87e+05	-6.3433 46.3858 0.7956	
37.563875 279.310422	5.32e-01  9.08e-01  2.59e+05	7.2266 65.7687 0.3609	
37.563875 279.310422	2.40e-01  8.75e-01  2.98e+05	6.2235 35.8381 0.6988	
37.563875 279.310422	6.39e-01  7.93e-01  2.59e+05	10.6904 64.7761 0.2006	
37.563875 279.310422	4.21e-01  9.07e-01  2.71e+05	1.4375 58.4202 0.0284	
37.563875 279.310422	4.75e-01  8.68e-01  2.69e+05	-13.8834 57.9757 0.9880	
37.563875 279.310422	5.65e-01  7.85e-01  2.68e+05	-7.7866 59.6561 0.9324	
37.563875 279.310422	5.28e-01  8.04e-01  2.71e+05	-17.6851 56.0445 0.4360	
37.563875 279.310422	3.82e-01  8.45e-01  2.83e+05	14.4798 47.5598 0.1911	
37.563875 279.310422	6.09e-01  8.00e-01  2.62e+05	25.2014 59.0401 0.3279	
37.563875 279.310422	6.70e-01  7.14e-01  2.65e+05	-4.6190 62.3866 0.8705	
37.563875 279.310422	3.86e-01  7.59e-01  2.94e+05	-3.5575 40.3435 0.0670	
37.563875 279.310422	3.60e-01  9.16e-01  2.77e+05	-18.6412 50.9222 0.0651	
37.563875 279.310422	7.00e-01  7.63e-01  2.56e+05	-16.3460 65.5428 0.8794	
37.563875 279.310422	4.58e-01  7.23e-01  2.89e+05	-3.0927 44.6738 0.7290	
37.563875 279.310422	5.99e-01  8.80e-01  2.55e+05	2.2234 68.4280 0.6265	
37.563875 279.310422	4.89e-01  7.39e-01  2.83e+05	-25.1072 43.0058 0.8631	
37.563875 279.310422	6.22e-01  8.70e-01  2.53e+05	-16.4124 67.2502 0.8164	
37.563875 279.310422	5.18e-01  7.91e-01  2.73e+05	-3.2999 56.9060 0.3486	
37.563875 279.310422	2.81e-01  8.33e-01  2.98e+05	2.7970 36.1216 0.2359	
37.563875 279.310422	6.68e-01  7.70e-01  2.59e+05	-17.3264 63.6886 0.2620	
37.563875 279.310422	7.65e-01  9.83e-01  2.30e+05	10.8250 80.5191 0.3727	
37.563875 279.310422	6.52e-01  7.47e-01  2.63e+05	-4.8840 63.2870 0.6161	
37.563875 279.310422	8.89e-01  9.76e-01  2.20e+05	-2.3016 85.5595 0.2031	
37.563875 279.310422	3.98e-01  8.90e-01  2.76e+05	-26.1034 48.7088 0.6332	
37.563875 279.310422	5.00e-01  9.61e-01  2.56e+05	3.0923 67.3574 0.1031	
37.563875 279.310422	5.54e-01  7.16e-01  2.78e+05	25.0674 47.5389 0.3682	
37.563875 279.310422	6.97e-01  9.26e-01  2.41e+05	-11.9313 74.9471 0.6420	
37.563875 279.310422	2.46e-01  8.98e-01  2.94e+05	-2.5706 40.1922 0.1453	
37.563875 279.310422	6.25e-01  6.90e-01  2.73e+05	-31.1527 48.2817 0.7647	
37.563875 279.310422	5.92e-01  8.38e-01  2.60e+05	24.5662 60.7388 0.1452	
37.563875 279.310422	4.56e-01  8.28e-01  2.76e+05	10.9914 53.8462 0.5965	
37.563875 279.310422	5.84e-01  8.08e-01  2.64e+05	23.2893 58.5731 0.5295	
37.563875 279.310422	4.68e-01  8.94e-01  2.67e+05	18.4362 58.1452 0.3222	
37.563875 279.310422	5.49e-01  9.86e-01  2.49e+05	-36.0556 61.8111 0.7857	
37.563875 279.310422	3.40e-01  8.99e-01  2.82e+05	0.9015 50.9467 0.0868	
37.563875 279.310422	7.43e-01  8.49e-01  2.43e+05	25.1431 70.0556 0.3221	
37.563875 279.310422	6.69e-01  9.34e-01  2.42e+05	23.0550 71.3433 0.2838	
37.563875 279.310422	5.31e-01  7.00e-01  2.83e+05	0.4875 50.0805 0.6200	
37.563875 279.310422	4.39e-01  7.57e-01  2.87e+05	-21.4297 41.2938 0.7440	
37.563875 279.310422	5.59e-01  8.37e-01  2.63e+05	9.8132 62.5702 0.9932	
37.563875 279.310422	5.35e-01  8.06e-01  2.69e+05	3.4093 59.3684 0.3346	
37.563875 279.310422	5.50e-01  8.71e-01  2.61e+05	-13.2754 63.5800 0.0769	
37.563875 279.310422	4.76e-01  7.73e-01  2.81e+05	27.5166 43.9218 0.7175	
37.563875 279.310422	5.41e-01  8.10e-01  2.68e+05	-24.0106 55.2120 0.1680	
37.563875 279.310422	5.91e-01  7.07e-01  2.75e+05	-6.4949 55.7078 0.0865	
37.563875 279.310422	5.57e-01  8.92e-01  2.58e+05	0.8441 66.6945 0.2263	
37.563875 279.310422	4.97e-01  7.58e-01  2.80e+05	29.0484 43.5813 0.0136	
37.563875 279.310422	5.78e-01  6.34e-01  2.85e+05	-22.2915 42.8077 0.3864	
37.563875 279.310422	3.71e-01  8.56e-01  2.83e+05	6.0748 49.3574 0.7947	
37.563875 279.310422	4.52e-01  9.82e-01  2.59e+05	-11.9996 64.6755 0.5822	
37.563875 279.310422	6.45e-01  7.88e-01  2.59e+05	-10.8793 64.7611 0.4534	
37.563875 279.310422	4.71e-01  8.09e-01  2.77e+05	7.9493 54.0175 0.3744	
37.563875 279.310422	4.84e-01  7.49e-01  2.83e+05	3.7037 50.1422 0.3252	
37.563875 279.310422	4.95e-01  7.05e-01  2.87e+05	-13.2086 45.1061 0.9879	
37.563875 279.310422	5.80e-01  9.74e-01  2.47e+05	-21.0737 69.4347 0.4393	
37.563875 279.310422	5.57e-01  9.89e-01  2.48e+05	-9.3230 71.5257 0.6260	
37.563875 279.310422	5.58e-01  8.75e-01  2.59e+05	-25.9052 60.3725 0.7174	
37.563875 279.310422	5.00e-01  8.70e-01  2.66e+05	-31.9852 52.6548 0.1950	
37.563875 279.310422	5.58e-01  7.94e-01  2.68e+05	3.4622 60.1587 0.1332	
37.563875 279.310422	5.76e-01  8.82e-01  2.57e+05	-11.1763 66.3092 0.5155	
37.563875 279.310422	4.79e-01  9.05e-01  2.65e+05	-21.3403 58.7950 0.4118	
37.563875 279.310422	4.71e-01  7.67e-01  2.82e+05	-2.3740 50.6922 0.8509	
37.563875 279.310422	5.60e-01  9.12e-01  2.55e+05	14.5437 66.4791 0.4385	
37.563875 279.310422	7.10e-01  9.54e-01  2.37e+05	24.5062 73.8000 0.6409	
37.563875 279.310422	5.27e-01  6.33e-01  2.92e+05	-16.9683 38.9128 0.3121	
37.563875 279.310422	6.51e-01  9.30e-01  2.44e+05	-17.1752 71.8586 0.0116	
37.563875 279.310422	4.82e-01  8.16e-01  2.75e+05	-20.5633 52.2088 0.8235	
37.563875 279.310422	4.15e-01  7.66e-01  2.89e+05	13.6876 42.7388 0.5276	
37.563875 279.310422	6.26e-01  8.79e-01  2.52e+05	-4.2472 69.8088 0.7495	
37.563875 279.310422	5.22e-01  8.51e-01  2.66e+05	-2.6141 61.6957 0.5262	
37.563875 279.310422	5.12e-01  8.31e-01  2.69e+05	-29.5362 51.7942 0.3316	
37.563875 279.310422	4.47e-01  8.34e-01  2.77e+05	-15.4845 52.4558 0.6343	
37.563875 279.310422	6.46e-01  8.54e-01  2.52e+05	-2.2888 69.6138 0.9425	
37.563875 279.310422	6.87e-01  8.03e-01  2.53e+05	20.2955 66.0557 0.5274	
37.563875 279.310422	3.42e-01  7.31e-01  3.04e+05	0.7875 29.1011 0.7497	
37.563875 279.310422	3.18e-01  8.34e-01  2.93e+05	10.0618 40.1178 0.4700	
37.563875 279.310422	4.40e-01  8.47e-01  2.76e+05	2.2568 55.0719 0.6231	
37.563875 279.310422	4.03e-01  8.78e-01  2.77e+05	-21.2108 50.3802 0.0739	
37.563875 279.310422	3.70e-01  7.78e-01  2.94e+05	-1.0607 40.9010 0.6953	
37.563875 279.310422	3.17e-01  7.89e-01  3.00e+05	-10.2752 33.4851 0.5342	
37.563875 279.310422	5.54e-01  9.18e-01  2.55e+05	-23.0200 64.0411 0.6228	
37.563875 279.310422	4.87e-01  7.78e-01  2.79e+05	12.6651 51.7836 0.8159	
37.563875 279.310422	3.05e-01  8.49e-01  2.93e+05	11.2970 40.0854 0.0588	
37.563875 279.310422	6.46e-01  8.61e-01  2.52e+05	12.6046 68.8702 0.2824	
37.563875 279.310422	4.70e-01  6.96e-01  2.91e+05	-12.3608 41.3379 0.1548	
37.563875 279.310422	4.78e-01  7.68e-01  2.81e+05	10.3183 50.5135 0.4533	
37.563875 279.310422	5.00e-01  6.11e-01  2.99e+05	5.1445 35.3584 0.4785	
37.563875 279.310422	6.46e-01  7.99e-01  2.58e+05	2.9387 66.4115 0.8944	
37.563875 279.310422	4.70e-01  7.79e-01  2.80e+05	1.3461 51.8382 0.8635	
37.563875 279.310422	5.93e-01  6.40e-01  2.83e+05	-16.8900 47.4239 0.7674	
37.563875 279.310422	5.20e-01  7.46e-01  2.78e+05	-7.5676 52.8210 0.9830	
37.563875 279.310422	6.67e-01  7.10e-01  2.65e+05	-9.2440 61.3682 0.0531	
37.563875 279.310422	4.85e-01  6.48e-01  2.96e+05	-21.5199 32.3664 0.3407	
37.563875 279.310422	6.03e-01  9.31e-01  2.49e+05	25.8917 66.6660 0.6034	
37.563875 279.310422	7.31e-01  8.38e-01  2.46e+05	2.6977 73.2880 0.3543	
37.563875 279.310422	2.21e-01  9.78e-01  2.87e+05	-6.1431 46.4567 0.0914	
37.563875 279.310422	5.09e-01  9.46e-01  2.57e+05	1.8835 67.0642 0.3252	
37.563875 279.310422	5.54e-01  9.74e-01  2.50e+05	37.3236 60.6251 0.2994	
37.563875 279.310422	6.40e-01  7.72e-01  2.62e+05	31.3386 56.1718 0.0940	
37.563875 279.310422	3.08e-01  8.36e-01  2.94e+05	-3.0148 40.2425 0.1481	
37.563875 279.310422	5.19e-01  7.25e-01  2.81e+05	-4.3942 51.1968 0.5771	
37.563875 279.310422	4.63e-01  7.70e-01  2.83e+05	-14.5148 48.1987 0.9578	
37.563875 279.310422	5.76e-01  8.70e-01  2.58e+05	28.1192 60.3092 0.2865	
37.563875 279.310422	6.62e-01  8.62e-01  2.50e+05	3.7510 70.8886 0.2138	
37.563875 279.310422	1.57e-01  9.41e-01  3.01e+05	-9.6517 32.2212 0.8727	
37.563875 279.310422	7.98e-01  8.37e-01  2.39e+05	7.6490 76.0869 0.4692	
37.563875 279.310422	5.28e-01  7.46e-01  2.77e+05	-2.4181 53.9918 0.7553	
37.563875 279.310422	5.75e-01  9.55e-01  2.49e+05	15.6810 69.5734 0.0697	
37.563875 279.310422	6.20e-01  8.81e-01  2.52e+05	-8.2902 69.2361 0.4710	
37.563875 279.310422	5.12e-01  9.80e-01  2.53e+05	-4.2540 69.0852 0.6865	
37.563875 279.310422	4.63e-01  8.36e-01  2.74e+05	-18.0299 53.1643 0.6672	
37.563875 279.310422	5.59e-01  7.06e-01  2.79e+05	-7.5760 52.7499 0.5669	
37.563875 279.310422	7.60e-01  9.28e-01  2.35e+05	-1.4148 78.7977 0.6021	
37.563875 279.310422	7.05e-01  9.31e-01  2.39e+05	-2.3039 76.4886 0.6038	
37.563875 279.310422	6.37e-01  8.24e-01  2.56e+05	-1.1127 67.4289 0.6381	
37.563875 279.310422	7.67e-01  9.94e-01  2.28e+05	-45.6974 67.8330 0.7448	
37.563875 279.310422	7.36e-01  8.19e-01  2.47e+05	-1.5200 72.6002 0.7122	
37.563875 279.310422	3.13e-01  9.67e-01  2.77e+05	7.2951 54.1319 0.6617	
37.563875 279.310422	3.31e-01  7.99e-01  2.96e+05	-3.2880 38.3454 0.6934	
37.563875 279.310422	5.38e-01  8.90e-01  2.60e+05	18.1366 62.8216 0.7269	
37.563875 279.310422	2.92e-01  8.51e-01  2.94e+05	1.2528 40.2597 0.0514	
37.563875 279.310422	5.54e-01  7.30e-01  2.76e+05	-2.9727 54.8465 0.2374	
37.563875 279.310422	5.71e-01  8.13e-01  2.65e+05	4.4365 62.3129 0.4700	
37.563875 279.310422	4.92e-01  7.58e-01  2.80e+05	7.2001 51.4261 0.8840	
37.563875 279.310422	4.42e-01  7.69e-01  2.85e+05	11.2144 46.7411 0.0239	
37.563875 279.310422	5.41e-01  6.96e-01  2.82e+05	8.9767 49.9223 0.2606	
37.563875 279.310422	7.41e-01  8.58e-01  2.43e+05	-17.5751 72.7210 0.6450	
37.563875 279.310422	2.87e-01  8.53e-01  2.95e+05	-9.4535 38.6922 0.1009	
37.563875 279.310422	5.89e-01  9.17e-01  2.52e+05	15.9085 68.1653 0.4963	
37.563875 279.310422	6.08e-01  9.02e-01  2.51e+05	-3.6051 70.1221 0.8138	
37.563875 279.310422	5.47e-01  7.13e-01  2.79e+05	1.7168 52.8397 0.9154	
37.563875 279.310422	4.81e-01  8.58e-01  2.70e+05	-14.9755 57.3516 0.8554	
37.563875 279.310422	4.84e-01  9.10e-01  2.64e+05	-31.6540 54.7150 0.1939	
37.563875 279.310422	5.70e-01  8.16e-01  2.64e+05	-5.7949 62.3629 0.6617	
37.563875 279.310422	6.36e-01  7.34e-01  2.66e+05	-2.2814 61.5694 0.1608	
37.563875 279.310422	4.64e-01  9.27e-01  2.64e+05	-5.6503 62.7645 0.2404	
37.563875 279.310422	6.11e-01  8.98e-01  2.51e+05	-27.6363 64.4954 0.2285	
37.563875 279.310422	5.46e-01  7.28e-01  2.77e+05	-15.2640 51.8723 0.0516	
37.563875 279.310422	5.87e-01  6.83e-01  2.78e+05	-25.4412 47.4022 0.6694	
37.563875 279.310422	4.73e-01  7.97e-01  2.78e+05	11.1669 52.5666 0.0946	
37.563875 279.310422	5.66e-01  7.39e-01  2.74e+05	5.5194 56.4384 0.1260	
37.563875 279.310422	1.91e-01  8.86e-01  3.04e+05	-2.9181 29.8889 0.2830	
37.563875 279.310422	3.91e-01  8.09e-01  2.87e+05	11.2377 45.5073 0.6573	
37.563875 279.310422	3.30e-01  8.54e-01  2.89e+05	10.2875 44.0502 0.6352	
37.563875 279.310422	4.91e-01  9.16e-01  2.62e+05	23.9103 59.4344 0.5276	
37.563875 279.310422	5.60e-01  7.53e-01  2.73e+05	-4.6800 57.1317 0.7920	
37.563875 279.310422	7.17e-01  8.06e-01  2.50e+05	17.3739 68.7341 0.8205	
37.563875 279.310422	5.82e-01  6.49e-01  2.83e+05	2.2701 50.0416 0.8369	
37.563875 279.310422	8.03e-01  8.47e-01  2.38e+05	4.7660 77.0189 0.2641	
37.563875 279.310422	5.56e-01  8.27e-01  2.65e+05	-6.2857 62.1381 0.1417	
37.563875 279.310422	5.72e-01  7.96e-01  2.66e+05	-25.7544 55.7225 0.2750	
37.563875 279.310422	4.84e-01  7.71e-01  2.80e+05	14.6468 50.2795 0.5422	
37.563875 279.310422	4.00e-01  8.07e-01  2.86e+05	-12.8719 46.0133 0.6421	
37.563875 279.310422	6.50e-01  8.14e-01  2.56e+05	-16.7520 65.4885 0.1731	
37.563875 279.310422	5.53e-01  8.34e-01  2.64e+05	-34.0280 52.6500 0.5872	
37.563875 279.310422	5.09e-01  8.87e-01  2.63e+05	-17.4175 60.9313 0.2896	
37.563875 279.310422	4.45e-01  7.66e-01  2.85e+05	2.4680 47.9665 0.3811	
37.563875 279.310422	5.08e-01  7.30e-01  2.82e+05	1.0339 50.7645 0.7462	
37.563875 279.310422	5.49e-01  7.51e-01  2.74e+05	-15.1215 54.2348 0.6016	
37.563875 279.310422	5.54e-01  8.03e-01  2.68e+05	7.9339 60.1249 0.0964	
37.563875 279.310422	4.44e-01  7.14e-01  2.92e+05	2.6674 42.1679 0.0771	
37.563875 279.310422	5.95e-01  8.98e-01  2.53e+05	-17.1072 67.1610 0.0617	
37.563875 279.310422	4.32e-01  9.41e-01  2.66e+05	11.4624 60.6364 0.4783	
37.563875 279.310422	3.73e-01  7.95e-01  2.91e+05	17.3820 39.7080 0.6850	
37.563875 279.310422	5.14e-01  7.73e-01  2.76e+05	12.7063 53.7121 0.0333	
37.563875 279.310422	5.26e-01  7.98e-01  2.71e+05	-1.9574 58.1296 0.1782	
37.563875 279.310422	6.82e-01  8.37e-01  2.50e+05	-27.1099 65.2983 0.4588	
37.563875 279.310422	5.19e-01  8.53e-01  2.66e+05	10.3417 60.7939 0.4896	
37.563875 279.310422	6.37e-01  8.57e-01  2.53e+05	-18.0396 66.9716 0.0489	
37.563875 279.310422	5.10e-01  6.84e-01  2.88e+05	7.0735 45.7064 0.1753	
37.563875 279.310422	4.90e-01  8.50e-01  2.70e+05	-25.4746 53.6126 0.1786	
37.563875 279.310422	5.69e-01  7.81e-01  2.68e+05	-7.9863 59.6256 0.3488	
37.563875 279.310422	6.91e-01  8.05e-01  2.53e+05	-4.2935 69.3103 0.4884	
37.563875 279.310422	6.21e-01  8.57e-01  2.55e+05	-8.4455 67.9017 0.9275	
37.563875 279.310422	4.44e-01  8.83e-01  2.71e+05	17.9983 55.5687 0.0576	
37.563875 279.310422	4.10e-01  8.52e-01  2.79e+05	-11.0251 51.8316 0.6898	
37.563875 279.310422	4.56e-01  8.44e-01  2.74e+05	-10.1256 55.3343 0.8864	
37.563875 279.310422	6.24e-01  8.05e-01  2.60e+05	12.4431 64.2504 0.8671	
37.563875 279.310422	3.55e-01  7.76e-01  2.96e+05	11.2564 37.0347 0.0349	
37.563875 279.310422	5.55e-01  9.80e-01  2.49e+05	-21.4594 68.2919 0.4717	
37.563875 279.310422	4.80e-01  7.64e-01  2.81e+05	24.7909 45.0334 0.7692	
37.563875 279.310422	5.83e-01  8.12e-01  2.63e+05	2.8698 63.1953 0.8434	
37.563875 279.310422	3.79e-01  7.99e-01  2.90e+05	-3.1032 44.4929 0.9977	
37.563875 279.310422	7.77e-01  9.71e-01  2.30e+05	1.7719 81.2464 0.3773	
37.563875 279.310422	6.38e-01  7.32e-01  2.66e+05	-18.1204 58.8599 0.1636	
37.563875 279.310422	7.31e-01  8.34e-01  2.46e+05	-12.8937 71.9794 0.4097	
37.563875 279.310422	5.00e-01  7.93e-01  2.75e+05	16.6755 53.0687 0.1282	
37.563875 279.310422	5.08e-01  6.92e-01  2.87e+05	12.4154 45.2778 0.5803	
37.563875 279.310422	6.23e-01  6.44e-01  2.78e+05	-3.4055 53.3394 0.9774	
37.563875 279.310422	5.34e-01  8.75e-01  2.62e+05	9.2248 63.5045 0.7499	
37.563875 279.310422	4.45e-01  8.52e-01  2.75e+05	0.6364 56.0213 0.9054	
37.563875 279.310422	4.90e-01  9.64e-01  2.57e+05	22.0952 63.2459 0.8915	
37.563875 279.310422	3.94e-01  8.35e-01  2.83e+05	2.2775 49.8754 0.2423	
37.563875 279.310422	5.62e-01  8.12e-01  2.66e+05	3.5143 61.7860 0.7577	
37.563875 279.310422	4.82e-01  8.17e-01  2.75e+05	22.1470 51.5555 0.7319	
37.563875 279.310422	5.04e-01  6.04e-01  2.99e+05	-4.0702 34.9214 0.1400	
37.563875 279.310422	4.90e-01  7.51e-01  2.82e+05	-34.5821 37.5999 0.0137	
37.563875 279.310422	3.97e-01  9.65e-01  2.67e+05	29.1376 53.5899 0.6859	
37.563875 279.310422	6.24e-01  8.22e-01  2.58e+05	31.3715 58.6496 0.9145	
37.563875 279.310422	6.15e-01  8.17e-01  2.60e+05	-36.0376 54.8106 0.5812	
37.563875 279.310422	5.49e-01  8.18e-01  2.67e+05	-7.7868 60.8615 0.7535	
37.563875 279.310422	6.31e-01  8.40e-01  2.55e+05	15.9531 66.1431 0.5129	
37.563875 279.310422	5.16e-01  7.78e-01  2.75e+05	24.6116 50.0054 0.6784	
37.563875 279.310422	3.83e-01  8.44e-01  2.83e+05	8.3615 49.0263 0.7130	
37.563875 279.310422	5.42e-01  9.16e-01  2.57e+05	4.3742 67.1176 0.7871	
37.563875 279.310422	6.36e-01  8.28e-01  2.56e+05	-28.2939 61.3565 0.8459	
37.563875 279.310422	4.78e-01  9.60e-01  2.59e+05	11.5772 64.9610 0.1850	
37.563875 279.310422	7.13e-01  7.54e-01  2.56e+05	31.9238 59.8306 0.3881	
37.563875 279.310422	5.26e-01  7.05e-01  2.83e+05	-1.2811 50.1556 0.2076	
37.563875 279.310422	5.12e-01  7.78e-01  2.75e+05	-16.6214 52.9134 0.7027	
37.563875 279.310422	6.11e-01  9.34e-01  2.48e+05	4.4186 71.9340 0.2063	
37.563875 279.310422	5.20e-01  9.68e-01  2.54e+05	-5.6447 68.7190 0.3771	
37.563875 279.310422	7.29e-01  8.30e-01  2.47e+05	6.4594 72.4781 0.9788	
37.563875 279.310422	4.99e-01  7.97e-01  2.75e+05	-2.9172 55.8945 0.5315	
37.563875 279.310422	6.40e-01  8.56e-01  2.53e+05	12.6298 68.3052 0.5408	
37.563875 279.310422	4.97e-01  7.62e-01  2.79e+05	26.0604 45.8693 0.1002	
37.563875 279.310422	7.26e-01  7.37e-01  2.56e+05	33.3062 58.7433 0.6577	
37.563875 279.310422	3.70e-01  8.61e-01  2.83e+05	-25.6861 42.9576 0.7950	
37.563875 279.310422	3.64e-01  9.13e-01  2.77e+05	25.0888 48.1330 0.8162	
37.563875 279.310422	6.10e-01  8.42e-01  2.57e+05	4.7408 66.6921 0.2222	
37.563875 279.310422	6.77e-01  7.36e-01  2.61e+05	12.8161 63.2173 0.2015	
37.563875 279.310422	4.55e-01  6.92e-01  2.94e+05	-7.9442 40.0033 0.1985	
37.563875 279.310422	5.64e-01  8.46e-01  2.62e+05	-14.7100 62.5434 0.1389	
37.563875 279.310422	3.88e-01  8.25e-01  2.85e+05	12.2530 46.7954 0.9985	
37.563875 279.310422	4.22e-01  8.05e-01  2.83e+05	1.6182 49.6782 0.3797	
37.563875 279.310422	4.20e-01  8.60e-01  2.77e+05	24.8325 48.6784 0.4225	
37.563875 279.310422	4.32e-01  8.59e-01  2.75e+05	15.5837 53.2327 0.9819	
37.563875 279.310422	5.87e-01  6.80e-01  2.78e+05	-0.5054 53.4772 0.3166	
37.563875 279.310422	6.04e-01  8.15e-01  2.61e+05	-0.5222 64.8228 0.3255	
37.563875 279.310422	5.81e-01  8.35e-01  2.61e+05	-18.3972 61.9456 0.3067	
37.563875 279.310422	5.14e-01  9.34e-01  2.58e+05	-9.5501 65.9581 0.0707	
37.563875 279.310422	2.81e-01  9.01e-01  2.89e+05	5.4037 44.5679 0.4633	
37.563875 279.310422	5.56e-01  8.42e-01  2.63e+05	0.8161 63.4453 0.3953	
37.563875 279.310422	6.82e-01  7.56e-01  2.59e+05	10.5613 65.1643 0.6065	
37.563875 279.310422	4.91e-01  7.76e-01  2.78e+05	36.1405 39.3939 0.9304	
37.563875 279.310422	7.44e-01  8.68e-01  2.42e+05	-2.2748 75.3670 0.9846	
37.563875 279.310422	5.38e-01  6.37e-01  2.90e+05	-20.2134 39.3256 0.2829	
37.563875 279.310422	3.81e-01  8.92e-01  2.77e+05	8.2547 53.4151 0.0821	
37.563875 279.310422	4.22e-01  9.81e-01  2.63e+05	8.8736 63.1786 0.5345	
37.563875 279.310422	4.61e-01  6.71e-01  2.96e+05	4.5047 38.5484 0.3078	
37.563875 279.310422	6.42e-01  8.07e-01  2.58e+05	-35.1184 56.7067 0.8198	
37.563875 279.310422	5.00e-01  8.36e-01  2.70e+05	-19.2914 55.8322 0.9676	
37.563875 279.310422	5.02e-01  7.70e-01  2.78e+05	8.5569 53.2177 0.7413	
37.563875 279.310422	6.41e-01  7.43e-01  2.65e+05	-31.1091 54.1871 0.0083	
37.563875 279.310422	5.13e-01  9.43e-01  2.57e+05	-1.4334 67.1365 0.3779	
37.563875 279.310422	6.47e-01  7.38e-01  2.65e+05	12.6502 61.2923 0.7362	
37.563875 279.310422	4.28e-01  9.12e-01  2.70e+05	6.5441 59.0504 0.8517	
37.563875 279.310422	7.14e-01  8.92e-01  2.42e+05	24.0591 71.1257 0.9073	
37.563875 279.310422	6.66e-01  7.27e-01  2.64e+05	-6.8187 62.7247 0.1512	
37.563875 279.310422	5.52e-01  8.56e-01  2.62e+05	-9.4137 63.3964 0.0141	
37.563875 279.310422	6.15e-01  8.29e-01  2.58e+05	18.1164 63.8777 0.4371	
37.563875 279.310422	6.70e-01  7.82e-01  2.57e+05	-10.6217 65.9865 0.5109	
37.563875 279.310422	7.24e-01  9.12e-01  2.39e+05	33.2291 68.9488 0.4810	
37.563875 279.310422	7.25e-01  9.15e-01  2.39e+05	36.6682 67.3498 0.2045	
37.563875 279.310422	8.31e-01  9.44e-01  2.27e+05	-24.6664 78.5185 0.5665	
37.563875 279.310422	5.26e-01  8.73e-01  2.63e+05	-11.7426 62.4195 0.3347	
37.563875 279.310422	4.96e-01  6.84e-01  2.89e+05	-10.6971 43.4599 0.4704	
37.563875 279.310422	4.64e-01  8.14e-01  2.77e+05	-5.1347 54.1481 0.9993	
37.563875 279.310422	5.22e-01  7.99e-01  2.72e+05	-1.9883 57.8651 0.4382	
37.563875 279.310422	6.03e-01  7.65e-01  2.66e+05	4.9771 61.1884 0.2531	
37.563875 279.310422	5.46e-01  8.16e-01  2.67e+05	17.7731 58.3281 0.2874	
37.563875 279.310422	6.75e-01  7.36e-01  2.62e+05	2.6690 64.2280 0.4988	
37.563875 279.310422	4.85e-01  6.78e-01  2.92e+05	-12.6147 40.7826 0.2780	
37.563875 279.310422	6.00e-01  8.18e-01  2.61e+05	-5.9870 64.4777 0.8828	
37.563875 279.310422	6.55e-01  8.17e-01  2.55e+05	-9.2945 67.4237 0.2536	
37.563875 279.310422	4.18e-01  7.31e-01  2.94e+05	6.3086 40.4756 0.4932	
37.563875 279.310422	4.44e-01  7.78e-01  2.84e+05	-11.5791 47.7920 0.1186	
37.563875 279.310422	5.29e-01  7.59e-01  2.76e+05	25.9961 48.8046 0.6459	
37.563875 279.310422	5.93e-01  9.90e-01  2.44e+05	0.6119 73.9871 0.1631	
37.563875 279.310422	7.81e-01  8.03e-01  2.44e+05	15.2063 72.4732 0.5916	
37.563875 279.310422	3.69e-01  8.54e-01  2.84e+05	11.9279 47.7991 0.6441	
37.563875 279.310422	4.74e-01  8.09e-01  2.76e+05	8.1679 54.2245 0.2853	
37.563875 279.310422	4.59e-01  8.84e-01  2.69e+05	14.9673 57.6847 0.4486	
37.563875 279.310422	7.51e-01  8.40e-01  2.44e+05	17.5810 72.2576 0.0891	
37.563875 279.310422	5.45e-01  9.32e-01  2.55e+05	-9.4893 67.6991 0.4354	
37.563875 279.310422	4.81e-01  7.47e-01  2.83e+05	0.5751 49.8277 0.8474	
37.563875 279.310422	5.22e-01  7.62e-01  2.76e+05	-2.7649 54.8372 0.5659	
37.563875 279.310422	2.99e-01  9.13e-01  2.85e+05	11.4246 46.8580 0.7467	
37.563875 279.310422	6.83e-01  8.24e-01  2.52e+05	0.4665 70.0262 0.8650	
37.563875 279.310422	4.61e-01  8.02e-01  2.79e+05	-4.8446 52.9050 0.8508	
37.563875 279.310422	6.58e-01  8.48e-01  2.52e+05	20.4745 66.8916 0.4334	
37.563875 279.310422	6.78e-01  8.66e-01  2.48e+05	12.5065 70.9714 0.1471	
37.563875 279.310422	5.83e-01  6.84e-01  2.78e+05	-0.7922 53.4438 0.8721	
37.563875 279.310422	5.66e-01  8.35e-01  2.63e+05	6.2032 63.3609 0.5761	
37.563875 279.310422	3.86e-01  8.47e-01  2.82e+05	-3.0689 50.2647 0.4431	
37.563875 279.310422	3.29e-01  8.95e-01  2.84e+05	12.0418 47.9536 0.5586	
37.563875 279.310422	6.02e-01  9.47e-01  2.47e+05	-14.9829 70.7720 0.0310	
37.563875 279.310422	5.37e-01  6.39e-01  2.90e+05	19.3167 39.9647 0.0028	
37.563875 279.310422	4.21e-01  7.07e-01  2.96e+05	-3.0794 38.1414 0.7635	
37.563875 279.310422	5.71e-01  8.14e-01  2.65e+05	20.5134 59.1393 0.8709	
37.563875 279.310422	6.00e-01  8.19e-01  2.61e+05	13.9611 63.3208 0.2594	
37.563875 279.310422	5.11e-01  8.43e-01  2.68e+05	-20.5614 56.7900 0.6781	
37.563875 279.310422	5.54e-01  8.18e-01  2.66e+05	7.2769 61.2796 0.8373	
37.563875 279.310422	5.33e-01  9.19e-01  2.57e+05	16.3274 64.8487 0.2505	
37.563875 279.310422	7.09e-01  9.21e-01  2.40e+05	-10.9947 75.4249 0.4791	
37.563875 279.310422	4.09e-01  7.87e-01  2.87e+05	0.6523 46.4396 0.8626	
37.563875 279.310422	5.71e-01  7.69e-01  2.70e+05	0.5881 59.3716 0.6507	
37.563875 279.310422	6.32e-01  8.12e-01  2.58e+05	14.0042 64.8777 0.1502	
37.563875 279.310422	5.67e-01  7.05e-01  2.78e+05	-9.5693 53.0305 0.6456	
37.563875 279.310422	4.05e-01  9.36e-01  2.70e+05	-1.4507 59.4260 0.7305	
37.563875 279.310422	3.46e-01  8.88e-01  2.82e+05	-9.5274 49.5566 0.0714	
37.563875 279.310422	5.74e-01  9.01e-01  2.55e+05	-7.5681 67.8016 0.5542	
37.563875 279.310422	5.44e-01  7.31e-01  2.77e+05	7.1480 53.6025 0.4767	
37.563875 279.310422	4.86e-01  7.51e-01  2.82e+05	-3.4239 50.5200 0.6122	
37.563875 279.310422	3.53e-01  8.53e-01  2.86e+05	14.8484 45.1774 0.6685	
37.563875 279.310422	4.73e-01  8.39e-01  2.73e+05	-13.6925 55.5571 0.4025	
37.563875 279.310422	5.57e-01  6.12e-01  2.91e+05	17.9132 39.6161 0.0215	
37.563875 279.310422	6.70e-01  8.27e-01  2.53e+05	-4.8572 69.3431 0.2896	
37.563875 279.310422	6.23e-01  9.73e-01  2.43e+05	-25.5228 70.1272 0.5545	
37.563875 279.310422	5.34e-01  8.17e-01  2.68e+05	10.0870 59.3760 0.3750	
37.563875 279.310422	4.34e-01  6.60e-01  3.01e+05	7.2015 32.3136 0.4705	
37.563875 279.310422	6.38e-01  8.91e-01  2.49e+05	6.8253 70.9513 0.4663	
37.563875 279.310422	5.51e-01  8.90e-01  2.58e+05	-23.5744 61.8618 0.4098	
37.563875 279.310422	5.18e-01  9.50e-01  2.56e+05	11.9395 66.7974 0.0409	
37.563875 279.310422	4.88e-01  7.18e-01  2.86e+05	-20.4447 43.0324 0.2268	
37.563875 279.310422	6.65e-01  6.77e-01  2.69e+05	-5.6213 59.2971 0.5191	
37.563875 279.310422	5.00e-01  8.24e-01  2.71e+05	-1.5653 58.1286 0.4113	
37.563875 279.310422	6.38e-01  9.03e-01  2.48e+05	30.0306 65.3009 0.6226	
37.563875 279.310422	5.89e-01  9.16e-01  2.52e+05	21.2303 66.6360 0.1265	
37.563875 279.310422	7.28e-01  9.21e-01  2.38e+05	9.1117 76.5731 0.4744	
37.563875 279.310422	4.81e-01  7.65e-01  2.81e+05	21.5588 46.8858 0.8410	
37.563875 279.310422	5.27e-01  7.38e-01  2.79e+05	-15.2457 51.0095 0.8972	
37.563875 279.310422	4.63e-01  8.96e-01  2.67e+05	2.1942 60.7146 0.6338	
37.563875 279.310422	3.67e-01  8.74e-01  2.82e+05	-3.3917 50.9826 0.9824	
37.563875 279.310422	6.32e-01  7.92e-01  2.60e+05	18.1417 62.5336 0.5364	
37.563875 279.310422	4.44e-01  8.09e-01  2.80e+05	-17.7164 49.0849 0.6569	
37.563875 279.310422	5.85e-01  8.92e-01  2.55e+05	35.2596 58.5747 0.2308	
37.563875 279.310422	6.75e-01  7.93e-01  2.56e+05	-5.8878 67.5741 0.3617	
37.563875 279.310422	5.73e-01  8.78e-01  2.57e+05	7.5330 66.4208 0.4573	
37.563875 279.310422	6.10e-01  8.88e-01  2.52e+05	-24.6700 65.0801 0.5149	
37.563875 279.310422	4.06e-01  8.15e-01  2.84e+05	-0.0988 49.1652 0.1215	
37.563875 279.310422	4.63e-01  7.04e-01  2.91e+05	8.4404 42.4859 0.2040	
37.563875 279.310422	3.47e-01  8.97e-01  2.81e+05	10.4870 50.2570 0.9622	
37.563875 279.310422	4.38e-01  8.58e-01  2.75e+05	-5.1867 55.6738 0.6374	
37.563875 279.310422	4.76e-01  7.39e-01  2.85e+05	-4.9818 48.3173 0.6722	
37.563875 279.310422	5.57e-01  8.39e-01  2.63e+05	3.4872 63.2858 0.1111	
37.563875 279.310422	5.84e-01  9.20e-01  2.52e+05	9.6992 69.2479 0.5591	
37.563875 279.310422	4.81e-01  8.82e-01  2.67e+05	12.4174 59.7761 0.2433	
37.563875 279.310422	2.54e-01  8.20e-01  3.04e+05	1.7725 29.1863 0.1595	
37.563875 279.310422	5.40e-01  6.87e-01  2.83e+05	-17.0547 46.6886 0.9382	
37.563875 279.310422	3.58e-01  9.08e-01  2.78e+05	2.1553 53.3308 0.2264	
37.563875 279.310422	6.53e-01  9.68e-01  2.41e+05	-1.2162 75.8237 0.8490	
37.563875 279.310422	3.62e-01  7.15e-01  3.04e+05	12.1137 27.5473 0.9732	
37.563875 279.310422	6.06e-01  7.30e-01  2.70e+05	-0.4315 59.1198 0.9812	
37.563875 279.310422	4.45e-01  8.09e-01  2.80e+05	2.0587 52.2206 0.2509	
37.563875 279.310422	5.58e-01  6.06e-01  2.91e+05	-15.6775 40.0082 0.3012	
37.563875 279.310422	6.11e-01  6.50e-01  2.79e+05	-34.2010 40.4617 0.7815	
37.563875 279.310422	3.29e-01  8.08e-01  2.95e+05	27.6795 28.1437 0.5294	
37.563875 279.310422	3.71e-01  7.74e-01  2.94e+05	-12.5502 38.4933 0.7434	
37.563875 279.310422	4.53e-01  9.08e-01  2.67e+05	14.6383 59.1155 0.2115	
37.563875 279.310422	4.88e-01  9.55e-01  2.58e+05	-4.2756 66.2073 0.9381	
37.563875 279.310422	4.65e-01  8.96e-01  2.67e+05	-1.4413 60.8689 0.8654	
37.563875 279.310422	3.05e-01  9.22e-01  2.83e+05	5.3177 49.4771 0.7467	
37.563875 279.310422	2.57e-01  8.17e-01  3.04e+05	0.9659 29.5010 0.1994	
37.563875 279.310422	5.81e-01  8.17e-01  2.63e+05	-12.9980 62.0781 0.4190	
37.563875 279.310422	4.96e-01  9.09e-01  2.62e+05	-15.9477 61.9267 0.5002	
37.563875 279.310422	5.89e-01  7.90e-01  2.65e+05	26.5561 56.2111 0.0335	
37.563875 279.310422	7.31e-01  8.91e-01  2.41e+05	-5.5855 75.6761 0.8318	
37.563875 279.310422	3.95e-01  8.49e-01  2.81e+05	-3.4004 51.2548 0.3790	
37.563875 279.310422	5.86e-01  7.45e-01  2.71e+05	10.1598 57.8574 0.6569	
37.563875 279.310422	6.60e-01  8.68e-01  2.50e+05	-33.8385 62.6508 0.3452	
37.563875 279.310422	5.91e-01  7.82e-01  2.66e+05	12.3767 60.5009 0.3573	
37.563875 279.310422	4.89e-01  8.25e-01  2.73e+05	18.2874 54.3851 0.9452	
37.563875 279.310422	4.93e-01  9.57e-01  2.58e+05	-4.1749 66.6203 0.0967	
37.563875 279.310422	4.60e-01  7.45e-01  2.86e+05	14.5281 45.1579 0.0041	
37.563875 279.310422	4.67e-01  7.00e-01  2.91e+05	1.0993 43.3138 0.2985	
37.563875 279.310422	4.54e-01  6.77e-01  2.96e+05	-16.1532 35.1691 0.0709	
37.563875 279.310422	1.96e-01  8.88e-01  3.03e+05	-0.6671 31.2365 0.2460	
37.563875 279.310422	5.06e-01  8.81e-01  2.64e+05	-12.4172 61.4659 0.8857	
37.563875 279.310422	6.68e-01  8.90e-01  2.47e+05	11.0276 71.9302 0.4261	
37.563875 279.310422	4.09e-01  6.41e-01  3.08e+05	4.8577 23.7338 0.8947	
37.563875 279.310422	5.05e-01  6.88e-01  2.88e+05	13.2798 44.1744 0.8142	
37.563875 279.310422	3.90e-01  8.51e-01  2.81e+05	9.3503 50.2460 0.4130	
37.563875 279.310422	4.78e-01  7.69e-01  2.81e+05	-2.7825 51.5485 0.1289	
37.563875 279.310422	4.38e-01  7.71e-01  2.86e+05	20.1804 43.4766 0.0552	
37.563875 279.310422	5.98e-01  6.60e-01  2.79e+05	-1.0805 52.6527 0.4792	
37.563875 279.310422	6.29e-01  7.20e-01  2.69e+05	-9.7010 59.2342 0.1354	
37.563875 279.310422	5.01e-01  9.68e-01  2.55e+05	32.8669 59.4456 0.4182	
37.563875 279.310422	4.82e-01  9.60e-01  2.58e+05	2.5347 66.2351 0.2000	
37.563875 279.310422	4.99e-01  7.39e-01  2.82e+05	-21.8482 45.8929 0.6520	
37.563875 279.310422	4.41e-01  9.28e-01  2.66e+05	-16.6928 59.1812 0.8871	
37.563875 279.310422	7.92e-01  9.53e-01  2.30e+05	35.4792 72.9512 0.2195	
37.563875 279.310422	6.89e-01  8.91e-01  2.44e+05	-12.6501 72.7884 0.9688	
37.563875 279.310422	6.50e-01  7.38e-01  2.64e+05	-27.3041 56.5098 0.2185	
37.563875 279.310422	6.59e-01  7.41e-01  2.63e+05	-12.7136 62.3096 0.6497	
37.563875 279.310422	5.83e-01  8.18e-01  2.63e+05	-0.9004 63.6505 0.6946	
37.563875 279.310422	3.60e-01  7.73e-01  2.96e+05	-5.8646 38.4294 0.2523	
37.563875 279.310422	3.35e-01  8.06e-01  2.95e+05	4.5814 39.6148 0.2693	
37.563875 279.310422	4.63e-01  8.25e-01  2.76e+05	25.3510 49.0736 0.0935	
37.563875 279.310422	6.23e-01  7.30e-01  2.68e+05	-24.6248 55.1428 0.6179	
37.563875 279.310422	4.48e-01  8.14e-01  2.79e+05	2.7016 52.9376 0.0424	
37.563875 279.310422	5.46e-01  7.90e-01  2.70e+05	3.2989 59.0200 0.9862	
37.563875 279.310422	3.98e-01  8.88e-01  2.76e+05	11.2931 53.9437 0.2571	
37.563875 279.310422	5.90e-01  7.96e-01  2.64e+05	-11.7627 61.5112 0.0269	
37.563875 279.310422	5.98e-01  9.21e-01  2.50e+05	36.5611 60.5255 0.1533	
37.563875 279.310422	4.33e-01  8.23e-01  2.80e+05	-4.7711 52.2362 0.1544	
37.563875 279.310422	6.09e-01  9.25e-01  2.49e+05	-23.7338 67.4468 0.0489	
37.563875 279.310422	5.88e-01  8.79e-01  2.56e+05	19.8849 64.7928 0.7280	
37.563875 279.310422	4.60e-01  9.41e-01  2.63e+05	-14.8731 61.9232 0.7686	
37.563875 279.310422	4.93e-01  8.04e-01  2.75e+05	-11.0687 54.9152 0.0645	
37.563875 279.310422	5.27e-01  7.48e-01  2.77e+05	10.4234 53.1636 0.8332	
37.563875 279.310422	3.65e-01  7.71e-01  2.95e+05	-9.9767 37.9993 0.3168	
37.563875 279.310422	4.79e-01  9.50e-01  2.60e+05	-15.3288 63.6343 0.9844	
37.563875 279.310422	6.16e-01  7.22e-01  2.70e+05	-17.3854 56.6145 0.3372	
37.563875 279.310422	6.24e-01  6.92e-01  2.72e+05	-17.7568 54.7657 0.0670	
37.563875 279.310422	5.04e-01  6.99e-01  2.86e+05	-11.8888 45.7498 0.9568	
37.563875 279.310422	4.98e-01  7.65e-01  2.79e+05	-3.9154 52.8998 0.0128	
37.563875 279.310422	6.15e-01  9.07e-01  2.50e+05	-3.8493 70.7269 0.3373	
37.563875 279.310422	6.87e-01  7.41e-01  2.60e+05	-22.6880 61.3423 0.2174	
37.563875 279.310422	4.27e-01  8.03e-01  2.83e+05	-13.2868 48.1557 0.2229	
37.563875 279.310422	5.33e-01  6.56e-01  2.88e+05	3.5072 45.6305 0.2800	
37.563875 279.310422	3.54e-01  9.29e-01  2.76e+05	7.8464 54.2736 0.6750	
37.563875 279.310422	6.01e-01  9.51e-01  2.47e+05	-22.2925 68.8913 0.9092	
37.563875 279.310422	6.36e-01  9.69e-01  2.42e+05	-13.4585 73.8598 0.2096	
37.563875 279.310422	6.36e-01  9.27e-01  2.46e+05	19.7018 70.3030 0.9989	
37.563875 279.310422	5.03e-01  7.84e-01  2.76e+05	-18.2255 52.0162 0.9670	
37.563875 279.310422	5.36e-01  6.56e-01  2.88e+05	8.1800 45.3366 0.6354	
37.563875 279.310422	5.14e-01  8.14e-01  2.71e+05	17.4665 55.7244 0.5488	
37.563875 279.310422	4.56e-01  7.77e-01  2.83e+05	-15.1163 47.9674 0.6570	
37.563875 279.310422	5.66e-01  7.42e-01  2.73e+05	11.8659 55.6020 0.7488	
37.563875 279.310422	5.05e-01  7.72e-01  2.77e+05	28.2922 46.3964 0.1246	
37.563875 279.310422	6.00e-01  6.72e-01  2.78e+05	-10.6966 52.8748 0.5651	
37.563875 279.310422	6.15e-01  8.32e-01  2.58e+05	3.4301 66.5112 0.3312	
37.563875 279.310422	6.15e-01  7.88e-01  2.62e+05	-15.4072 61.9651 0.9378	
37.563875 279.310422	4.84e-01  6.51e-01  2.96e+05	1.3929 39.1097 0.9198	
37.563875 279.310422	3.57e-01  8.10e-01  2.91e+05	-18.7652 39.0391 0.4760	
37.563875 279.310422	5.76e-01  8.71e-01  2.58e+05	-23.7455 62.1776 0.4431	
37.563875 279.310422	4.77e-01  7.06e-01  2.89e+05	7.3549 44.4886 0.4350	
37.563875 279.310422	6.73e-01  8.81e-01  2.47e+05	-39.1575 61.1057 0.8417	
37.563875 279.310422	4.92e-01  7.82e-01  2.77e+05	-17.4898 51.1334 0.8771	
37.563875 279.310422	4.26e-01  8.96e-01  2.72e+05	-14.8945 56.0229 0.2537	
37.563875 279.310422	6.74e-01  9.48e-01  2.41e+05	26.8641 70.9723 0.2390	
37.563875 279.310422	5.59e-01  7.70e-01  2.71e+05	28.7280 50.9527 0.9626	
37.563875 279.310422	5.23e-01  7.51e-01  2.77e+05	21.0468 49.8080 0.2125	
37.563875 279.310422	5.25e-01  7.73e-01  2.75e+05	-10.6596 55.0183 0.8985	
37.563875 279.310422	3.28e-01  9.59e-01  2.76e+05	11.6078 53.9620 0.8481	
37.563875 279.310422	6.01e-01  7.17e-01  2.72e+05	1.5492 57.7057 0.9893	
37.563875 279.310422	5.42e-01  7.91e-01  2.70e+05	-2.9180 58.7678 0.4521	
37.563875 279.310422	5.03e-01  7.31e-01  2.82e+05	24.5643 43.9960 0.6912	
37.563875 279.310422	3.90e-01  8.23e-01  2.85e+05	0.0609 48.3604 0.6915	
37.563875 279.310422	5.22e-01  9.34e-01  2.57e+05	6.6406 66.8048 0.1931	
37.563875 279.310422	5.60e-01  8.98e-01  2.57e+05	2.5714 67.1582 0.5383	
37.563875 279.310422	4.12e-01  7.34e-01  2.94e+05	-13.8097 38.2353 0.2781	
37.563875 279.310422	6.56e-01  9.50e-01  2.42e+05	-2.3898 75.0796 0.1172	
37.563875 279.310422	6.24e-01  8.88e-01  2.51e+05	-23.0466 66.4270 0.3855	
37.563875 279.310422	6.22e-01  9.29e-01  2.47e+05	-3.8446 72.2692 0.6122	
37.563875 279.310422	5.21e-01  7.04e-01  2.84e+05	-1.6789 49.5499 0.1929	
37.563875 279.310422	3.93e-01  8.28e-01  2.84e+05	-18.2058 45.6430 0.6072	
37.563875 279.310422	6.07e-01  9.16e-01  2.50e+05	12.9741 69.7515 0.2204	
37.563875 279.310422	4.97e-01  7.76e-01  2.78e+05	-7.4261 53.4677 0.2292	
37.563875 279.310422	4.99e-01  9.52e-01  2.57e+05	31.5921 58.8613 0.6439	
37.563875 279.310422	5.32e-01  6.85e-01  2.85e+05	2.7915 48.6860 0.8899	
37.563875 279.310422	5.00e-01  7.76e-01  2.77e+05	-14.5041 52.2766 0.8360	
37.563875 279.310422	5.86e-01  9.00e-01  2.54e+05	-24.6840 64.3252 0.1246	
37.563875 279.310422	7.69e-01  9.37e-01  2.33e+05	-9.2191 79.0293 0.8660	
37.563875 279.310422	7.88e-01  9.48e-01  2.31e+05	-11.0018 80.0200 0.3621	
37.563875 279.310422	5.75e-01  7.45e-01  2.72e+05	3.9887 57.6714 0.5923	
37.563875 279.310422	4.25e-01  7.63e-01  2.88e+05	-14.4076 43.2963 0.2391	
37.563875 279.310422	4.16e-01  8.84e-01  2.74e+05	22.5615 51.5051 0.2691	
37.563875 279.310422	4.14e-01  7.69e-01  2.89e+05	-1.7188 45.0774 0.1739	
37.563875 279.310422	5.33e-01  8.17e-01  2.69e+05	-39.2916 45.4446 0.4286	
37.563875 279.310422	2.81e-01  8.92e-01  2.90e+05	11.5649 42.4838 0.8338	
37.563875 279.310422	5.64e-01  7.98e-01  2.67e+05	19.6623 57.7817 0.3478	
37.563875 279.310422	7.04e-01  8.36e-01  2.48e+05	1.9462 71.8042 0.2866	
37.563875 279.310422	4.64e-01  9.51e-01  2.61e+05	-8.6238 63.9863 0.2930	
37.563875 279.310422	7.16e-01  8.13e-01  2.50e+05	-23.4816 67.2283 0.7687	
37.563875 279.310422	5.12e-01  7.84e-01  2.75e+05	-31.2458 46.4326 0.0321	
37.563875 279.310422	4.40e-01  7.66e-01  2.86e+05	-3.0108 47.5961 0.7495	
37.563875 279.310422	4.40e-01  8.61e-01  2.74e+05	-11.3623 55.2180 0.1675	
37.563875 279.310422	5.19e-01  9.50e-01  2.56e+05	-13.1015 66.6171 0.9608	
37.563875 279.310422	5.26e-01  8.20e-01  2.69e+05	-8.9068 59.0871 0.6318	
37.563875 279.310422	7.90e-01  9.08e-01  2.34e+05	-37.5876 69.7145 0.7555	
37.563875 279.310422	2.90e-01  9.02e-01  2.88e+05	-11.2467 44.7084 0.3220	
37.563875 279.310422	4.72e-01  6.38e-01  2.99e+05	-14.5514 32.5376 0.6634	
37.563875 279.310422	4.73e-01  8.63e-01  2.70e+05	1.7928 58.9957 0.0477	
37.563875 279.310422	4.95e-01  8.59e-01  2.68e+05	-21.8105 56.3389 0.1964	
37.563875 279.310422	4.80e-01  9.11e-01  2.64e+05	5.6903 62.6749 0.1935	
37.563875 279.310422	5.08e-01  7.79e-01  2.76e+05	1.9592 55.1016 0.9090	
37.563875 279.310422	6.01e-01  6.80e-01  2.77e+05	-5.9947 54.3897 0.8321	
37.563875 279.310422	3.67e-01  7.93e-01  2.92e+05	-1.8731 42.4070 0.2720	
37.563875 279.310422	5.31e-01  9.14e-01  2.58e+05	-34.0759 57.0811 0.2010	
37.563875 279.310422	6.59e-01  8.79e-01  2.49e+05	-18.9527 69.1744 0.1333	
37.563875 279.310422	6.04e-01  8.88e-01  2.53e+05	-4.5283 69.0607 0.5960	
37.563875 279.310422	4.78e-01  7.90e-01  2.78e+05	-20.2117 49.6072 0.4709	
37.563875 279.310422	6.23e-01  8.48e-01  2.55e+05	7.4182 67.6261 0.1900	
37.563875 279.310422	5.25e-01  7.28e-01  2.80e+05	-7.2591 51.6911 0.1640	
37.563875 279.310422	5.12e-01  8.25e-01  2.70e+05	5.9533 58.8804 0.7960	
37.563875 279.310422	6.82e-01  9.22e-01  2.42e+05	11.7588 74.0961 0.3175	
37.563875 279.310422	5.63e-01  8.93e-01  2.57e+05	-2.5857 67.1275 0.8898	
37.563875 279.310422	5.50e-01  8.44e-01  2.64e+05	11.0061 62.2305 0.9258	
37.563875 279.310422	6.40e-01  9.53e-01  2.43e+05	-5.9278 74.2701 0.7569	
37.563875 279.310422	5.63e-01  7.15e-01  2.77e+05	-17.7645 51.4425 0.6375	
37.563875 279.310422	5.85e-01  8.93e-01  2.55e+05	8.3310 67.8793 0.3011	
37.563875 279.310422	4.88e-01  8.98e-01  2.64e+05	-7.8700 62.1508 0.8468	
37.563875 279.310422	4.82e-01  7.26e-01  2.86e+05	1.1412 47.7866 0.8160	
37.563875 279.310422	6.50e-01  8.45e-01  2.53e+05	4.0649 69.2724 0.4090	
37.563875 279.310422	5.15e-01  6.83e-01  2.87e+05	0.9275 46.8110 0.2182	
37.563875 279.310422	6.02e-01  7.42e-01  2.69e+05	34.4986 48.6645 0.7620	
37.563875 279.310422	6.05e-01  7.57e-01  2.67e+05	10.1157 60.1343 0.3454	
37.563875 279.310422	6.82e-01  7.82e-01  2.56e+05	2.8839 67.5509 0.9362	
37.563875 279.310422	6.22e-01  6.91e-01  2.73e+05	-21.5561 53.1513 0.3677	
37.563875 279.310422	3.46e-01  8.46e-01  2.88e+05	28.5051 36.2593 0.8247	
37.563875 279.310422	6.67e-01  8.74e-01  2.48e+05	-22.0223 68.4276 0.7492	
37.563875 279.310422	5.11e-01  7.85e-01  2.75e+05	8.5641 55.3032 0.0845	
37.563875 279.310422	6.26e-01  9.07e-01  2.49e+05	8.7476 70.9354 0.2303	
37.563875 279.310422	7.63e-01  9.11e-01  2.36e+05	-3.7572 78.0969 0.3566	
37.563875 279.310422	5.25e-01  7.39e-01  2.79e+05	26.4012 46.2097 0.0929	
37.563875 279.310422	5.21e-01  8.36e-01  2.68e+05	16.6473 58.2568 0.7829	
37.563875 279.310422	8.48e-01  9.35e-01  2.27e+05	-36.0533 74.3677 0.4829	
37.563875 279.310422	6.74e-01  9.08e-01  2.44e+05	-15.8200 72.2482 0.6150	
37.563875 279.310422	5.39e-01  7.32e-01  2.78e+05	2.6503 53.7546 0.2364	
37.563875 279.310422	7.41e-01  7.69e-01  2.51e+05	20.7799 67.0505 0.3274	
37.563875 279.310422	6.16e-01  7.95e-01  2.62e+05	-0.2289 64.3228 0.9588	
37.563875 279.310422	4.14e-01  8.57e-01  2.78e+05	-16.7008 51.2317 0.7833	
37.563875 279.310422	5.03e-01  8.95e-01  2.63e+05	-17.6874 60.9838 0.3563	
37.563875 279.310422	3.08e-01  8.34e-01  2.95e+05	-16.3142 36.6493 0.2217	
37.563875 279.310422	4.23e-01  7.38e-01  2.92e+05	-14.7215 39.9269 0.9024	
37.563875 279.310422	7.20e-01  9.22e-01  2.39e+05	11.4201 75.9042 0.7889	
37.563875 279.310422	4.53e-01  8.92e-01  2.69e+05	-49.8182 32.9329 0.5489	
37.563875 279.310422	7.94e-01  9.71e-01  2.28e+05	-9.1536 81.4046 0.6343	
37.563875 279.310422	5.29e-01  7.88e-01  2.72e+05	18.8097 54.4345 0.7358	
37.563875 279.310422	5.81e-01  8.03e-01  2.65e+05	-3.4292 62.4170 0.6878	
37.563875 279.310422	4.31e-01  8.37e-01  2.78e+05	-4.1820 53.3600 0.8338	
37.563875 279.310422	4.07e-01  8.71e-01  2.77e+05	-18.2757 51.2859 0.6691	
37.563875 279.310422	5.89e-01  9.35e-01  2.50e+05	-26.9019 65.6587 0.1695	
37.563875 279.310422	6.85e-01  8.05e-01  2.53e+05	14.9245 67.4846 0.9106	
37.563875 279.310422	4.65e-01  7.49e-01  2.85e+05	30.1422 37.8582 0.9633	
37.563875 279.310422	5.80e-01  7.01e-01  2.77e+05	-4.3936 54.4499 0.1120	
37.563875 279.310422	5.07e-01  5.96e-01  3.00e+05	-4.7848 34.0179 0.5976	
37.563875 279.310422	4.43e-01  8.83e-01  2.71e+05	-0.3305 58.2600 0.7543	
37.563875 279.310422	4.30e-01  8.19e-01  2.81e+05	-2.3613 51.7456 0.3531	
37.563875 279.310422	7.20e-01  8.63e-01  2.44e+05	-8.2788 73.5350 0.2309	
37.563875 279.310422	6.79e-01  6.99e-01  2.65e+05	-1.1527 62.0921 0.1552	
37.563875 279.310422	5.16e-01  6.42e-01  2.92e+05	-20.7352 36.6078 0.9786	
37.563875 279.310422	5.00e-01  8.12e-01  2.73e+05	1.5713 57.1701 0.0009	
37.563875 279.310422	4.68e-01  7.64e-01  2.83e+05	-0.2320 50.2195 0.0917	
37.563875 279.310422	4.93e-01  8.10e-01  2.74e+05	-8.1603 55.8995 0.0101	
37.563875 279.310422	6.47e-01  7.09e-01  2.68e+05	27.6586 53.8259 0.1521	
37.563875 279.310422	5.47e-01  7.92e-01  2.70e+05	15.4305 57.2443 0.2506	
37.563875 279.310422	6.59e-01  8.14e-01  2.55e+05	-18.8525 65.4873 0.9749	
37.563875 279.310422	3.81e-01  8.77e-01  2.79e+05	1.4691 52.6959 0.0714	
37.563875 279.310422	5.62e-01  6.95e-01  2.80e+05	-21.4998 47.9391 0.1447	
37.563875 279.310422	6.53e-01  8.00e-01  2.57e+05	-8.4310 66.3698 0.3963	
37.563875 279.310422	5.32e-01  8.68e-01  2.63e+05	-0.0040 63.5702 0.8843	
37.563875 279.310422	3.36e-01  7.01e-01  3.10e+05	-8.5940 19.1443 0.6024	
37.563875 279.310422	5.15e-01  6.01e-01  2.98e+05	-8.4092 35.4597 0.2454	
37.563875 279.310422	6.21e-01  8.78e-01  2.52e+05	11.8619 68.6171 0.0869	
37.563875 279.310422	6.97e-01  8.20e-01  2.51e+05	-15.9474 68.7933 0.3515	
37.563875 279.310422	5.51e-01  7.09e-01  2.79e+05	-12.0015 51.4559 0.9037	
37.563875 279.310422	3.08e-01  7.71e-01  3.03e+05	13.2134 27.3826 0.1094	
37.563875 279.310422	5.81e-01  8.16e-01  2.63e+05	-35.6421 52.4248 0.6017	
37.563875 279.310422	5.60e-01  7.85e-01  2.69e+05	10.0914 58.9174 0.6451	
37.563875 279.310422	4.79e-01  7.18e-01  2.87e+05	15.7465 43.9582 0.8807	
37.563875 279.310422	4.65e-01  8.41e-01  2.74e+05	1.5784 56.7211 0.7146	
