47.719644 295.150300	4.65e-01  7.37e-01  2.65e+05	0.0000 49.3031 0.2670	
47.719644 295.150300	6.07e-01  8.53e-01  2.37e+05	-4.0636 70.2856 0.8360	
47.719644 295.150300	4.87e-01  8.18e-01  2.53e+05	-16.4542 56.9654 0.6637	
47.719644 295.150300	4.87e-01  9.36e-01  2.41e+05	19.6749 65.1568 0.9042	
47.719644 295.150300	5.42e-01  6.58e-01  2.65e+05	-20.3441 44.7857 0.1783	
47.719644 295.150300	6.01e-01  7.34e-01  2.50e+05	8.6720 61.0501 0.0261	
47.719644 295.150300	3.86e-01  8.03e-01  2.66e+05	-4.4770 47.6054 0.8209	
47.719644 295.150300	6.42e-01  9.88e-01  2.22e+05	40.8329 68.4759 0.3572	
47.719644 295.150300	3.99e-01  8.49e-01  2.59e+05	10.6723 53.0252 0.0206	
47.719644 295.150300	5.63e-01  7.44e-01  2.53e+05	-11.2862 58.3297 0.1091	
47.719644 295.150300	4.59e-01  9.21e-01  2.45e+05	29.2201 58.1638 0.2518	
47.719644 295.150300	5.74e-01  7.61e-01  2.50e+05	-16.9070 59.2522 0.0154	
47.719644 295.150300	7.93e-01  8.62e-01  2.20e+05	18.0650 78.8090 0.6771	
47.719644 295.150300	4.21e-01  7.07e-01  2.74e+05	1.7090 39.9198 0.4286	
47.719644 295.150300	3.85e-01  6.91e-01  2.81e+05	-17.0891 26.2040 0.0568	
47.719644 295.150300	6.15e-01  7.33e-01  2.48e+05	34.4021 52.3718 0.0668	
47.719644 295.150300	5.95e-01  7.61e-01  2.48e+05	0.6506 63.2506 0.7498	
47.719644 295.150300	5.25e-01  8.24e-01  2.48e+05	-11.6895 61.6486 0.9550	
47.719644 295.150300	7.01e-01  8.50e-01  2.29e+05	-9.7199 75.0366 0.0018	
47.719644 295.150300	8.04e-01  9.23e-01  2.14e+05	13.5501 82.9564 0.3770	
47.719644 295.150300	6.07e-01  6.50e-01  2.58e+05	-3.2963 54.8652 0.8968	
47.719644 295.150300	6.75e-01  8.65e-01  2.30e+05	15.7729 73.3922 0.5466	
47.719644 295.150300	7.13e-01  9.38e-01  2.20e+05	53.7009 60.2509 0.4583	
47.719644 295.150300	7.27e-01  8.55e-01  2.26e+05	34.1486 69.3111 0.5360	
47.719644 295.150300	6.19e-01  6.92e-01  2.52e+05	-9.8323 58.9412 0.5134	
47.719644 295.150300	7.26e-01  7.86e-01  2.32e+05	-17.5662 71.4179 0.7639	
47.719644 295.150300	4.82e-01  7.89e-01  2.57e+05	-11.8451 55.0027 0.0961	
47.719644 295.150300	3.81e-01  9.36e-01  2.52e+05	-4.4157 60.1037 0.5346	
47.719644 295.150300	4.81e-01  8.60e-01  2.49e+05	-16.1135 60.0009 0.5876	
47.719644 295.150300	7.04e-01  7.87e-01  2.34e+05	-8.6912 71.7343 0.4439	
47.719644 295.150300	7.03e-01  8.14e-01  2.32e+05	-49.0870 55.0844 0.2045	
47.719644 295.150300	4.72e-01  8.79e-01  2.48e+05	14.2182 61.2934 0.4824	
47.719644 295.150300	4.19e-01  8.23e-01  2.60e+05	-16.7993 50.8238 0.5592	
47.719644 295.150300	5.20e-01  8.94e-01  2.42e+05	-28.2153 61.2642 0.9674	
47.719644 295.150300	7.47e-01  8.61e-01  2.24e+05	-0.6012 78.6283 0.0444	
47.719644 295.150300	3.71e-01  7.73e-01  2.72e+05	-1.0699 42.2264 0.0040	
47.719644 295.150300	6.15e-01  7.61e-01  2.46e+05	-18.7934 61.9163 0.6122	
47.719644 295.150300	7.07e-01  9.30e-01  2.21e+05	6.0677 79.8183 0.1780	
47.719644 295.150300	5.09e-01  7.29e-01  2.61e+05	2.7601 52.9720 0.9583	
47.719644 295.150300	4.48e-01  7.93e-01  2.60e+05	9.1341 52.6646 0.8096	
47.719644 295.150300	5.76e-01  8.43e-01  2.41e+05	-17.6710 65.4605 0.5061	
47.719644 295.150300	4.83e-01  8.48e-01  2.50e+05	42.2386 44.5030 0.6181	
47.719644 295.150300	4.06e-01  8.94e-01  2.54e+05	17.2999 56.1855 0.5089	
47.719644 295.150300	4.39e-01  7.68e-01  2.64e+05	10.5207 48.7848 0.7025	
47.719644 295.150300	5.04e-01  9.47e-01  2.38e+05	-15.9782 68.0019 0.4051	
47.719644 295.150300	5.35e-01  7.97e-01  2.50e+05	-29.6816 53.8350 0.4711	
47.719644 295.150300	5.44e-01  8.22e-01  2.47e+05	-0.0297 64.0137 0.4748	
47.719644 295.150300	6.26e-01  8.52e-01  2.35e+05	2.9495 71.5045 0.0870	
47.719644 295.150300	3.69e-01  8.48e-01  2.63e+05	-0.1800 50.9512 0.3202	
47.719644 295.150300	5.29e-01  7.48e-01  2.56e+05	4.5190 56.5817 0.2928	
47.719644 295.150300	7.07e-01  9.21e-01  2.22e+05	-20.7714 76.8309 0.6244	
47.719644 295.150300	5.82e-01  8.36e-01  2.41e+05	9.9864 66.9545 0.3326	
47.719644 295.150300	5.77e-01  8.53e-01  2.40e+05	22.9885 64.5118 0.7201	
47.719644 295.150300	6.76e-01  7.31e-01  2.42e+05	28.0259 60.7884 0.5949	
47.719644 295.150300	7.41e-01  8.12e-01  2.28e+05	-21.3530 72.7118 0.1287	
47.719644 295.150300	3.46e-01  8.95e-01  2.60e+05	8.0494 52.7108 0.6867	
47.719644 295.150300	5.50e-01  7.77e-01  2.51e+05	-1.1213 61.0606 0.6266	
47.719644 295.150300	5.28e-01  7.96e-01  2.51e+05	-0.5232 60.7202 0.9702	
47.719644 295.150300	6.60e-01  8.53e-01  2.32e+05	1.2889 73.5896 0.2364	
47.719644 295.150300	5.63e-01  7.57e-01  2.51e+05	-0.9830 60.4681 0.9357	
47.719644 295.150300	6.50e-01  9.31e-01  2.26e+05	16.3509 75.4876 0.5487	
47.719644 295.150300	3.96e-01  7.74e-01  2.69e+05	-6.4783 45.1074 0.7631	
47.719644 295.150300	6.57e-01  9.44e-01  2.24e+05	49.0432 61.0268 0.5512	
47.719644 295.150300	3.12e-01  9.77e-01  2.55e+05	3.1184 57.7850 0.0369	
47.719644 295.150300	6.02e-01  8.76e-01  2.35e+05	-25.0258 67.0237 0.2808	
47.719644 295.150300	6.51e-01  8.05e-01  2.37e+05	-17.4897 67.9257 0.4193	
47.719644 295.150300	5.21e-01  6.79e-01  2.65e+05	-13.8145 47.1630 0.5014	
47.719644 295.150300	5.17e-01  6.42e-01  2.70e+05	-17.8025 40.5356 0.7550	
47.719644 295.150300	7.45e-01  8.62e-01  2.24e+05	32.3284 71.5846 0.3451	
47.719644 295.150300	4.49e-01  9.49e-01  2.43e+05	10.8190 65.4052 0.4638	
47.719644 295.150300	7.64e-01  8.89e-01  2.20e+05	-11.5994 79.9280 0.3776	
47.719644 295.150300	5.60e-01  6.42e-01  2.65e+05	-13.6423 47.4893 0.8527	
47.719644 295.150300	3.73e-01  8.24e-01  2.66e+05	0.1207 48.6974 0.5339	
47.719644 295.150300	6.10e-01  6.99e-01  2.53e+05	-17.7072 56.8071 0.1831	
47.719644 295.150300	6.53e-01  7.01e-01  2.48e+05	8.3593 62.5987 0.4402	
47.719644 295.150300	4.71e-01  7.31e-01  2.65e+05	-34.4355 35.4006 0.5411	
47.719644 295.150300	5.61e-01  9.06e-01  2.36e+05	-8.1483 70.3743 0.7250	
47.719644 295.150300	5.14e-01  8.70e-01  2.45e+05	5.1718 65.2043 0.4973	
47.719644 295.150300	5.29e-01  9.72e-01  2.33e+05	-55.0570 47.7453 0.9096	
47.719644 295.150300	5.25e-01  7.59e-01  2.55e+05	13.5000 55.7961 0.2385	
47.719644 295.150300	4.97e-01  8.21e-01  2.52e+05	41.2632 43.9745 0.2895	
47.719644 295.150300	5.70e-01  7.58e-01  2.51e+05	7.7441 60.6356 0.2429	
47.719644 295.150300	5.56e-01  8.52e-01  2.42e+05	31.4774 59.1974 0.8215	
47.719644 295.150300	6.05e-01  6.87e-01  2.55e+05	-3.3675 57.9769 0.3074	
47.719644 295.150300	6.07e-01  9.73e-01  2.26e+05	0.1223 77.2080 0.9136	
47.719644 295.150300	5.18e-01  8.69e-01  2.44e+05	-2.4573 65.5656 0.3832	
47.719644 295.150300	3.62e-01  7.56e-01  2.75e+05	1.2062 38.4820 0.0318	
47.719644 295.150300	4.27e-01  8.72e-01  2.54e+05	19.6828 55.3287 0.6456	
47.719644 295.150300	4.48e-01  7.99e-01  2.60e+05	-29.3750 45.2486 0.8175	
47.719644 295.150300	4.39e-01  7.94e-01  2.61e+05	0.4960 52.6406 0.6080	
47.719644 295.150300	6.84e-01  7.87e-01  2.36e+05	-57.8934 41.2478 0.1148	
47.719644 295.150300	4.18e-01  8.02e-01  2.63e+05	6.7164 50.7949 0.1476	
47.719644 295.150300	5.96e-01  8.06e-01  2.43e+05	6.0600 66.3290 0.1025	
47.719644 295.150300	5.49e-01  6.09e-01  2.70e+05	23.1649 37.4759 0.0622	
47.719644 295.150300	4.11e-01  7.81e-01  2.66e+05	-8.2173 47.5036 0.1543	
47.719644 295.150300	5.25e-01  8.65e-01  2.44e+05	-33.7594 56.3963 0.1560	
47.719644 295.150300	4.80e-01  8.81e-01  2.47e+05	3.7549 63.5400 0.1311	
47.719644 295.150300	6.11e-01  6.96e-01  2.53e+05	3.7640 59.3154 0.2933	
47.719644 295.150300	5.58e-01  7.47e-01  2.53e+05	2.1488 59.1924 0.2305	
47.719644 295.150300	4.82e-01  8.00e-01  2.56e+05	-26.8489 50.5602 0.3541	
47.719644 295.150300	4.39e-01  8.73e-01  2.52e+05	22.5404 55.4435 0.2538	
47.719644 295.150300	5.54e-01  6.87e-01  2.60e+05	-14.6371 51.3835 0.8011	
47.719644 295.150300	5.14e-01  7.52e-01  2.57e+05	-13.2092 54.2633 0.5577	
47.719644 295.150300	4.53e-01  7.55e-01  2.64e+05	1.3592 49.9446 0.5504	
47.719644 295.150300	6.97e-01  7.72e-01  2.36e+05	25.3881 66.2395 0.8374	
47.719644 295.150300	6.71e-01  7.40e-01  2.42e+05	-14.4464 65.6706 0.8395	
47.719644 295.150300	4.71e-01  8.06e-01  2.56e+05	-15.6066 54.6498 0.6609	
47.719644 295.150300	8.39e-01  9.28e-01  2.11e+05	4.2125 85.6273 0.6308	
47.719644 295.150300	5.96e-01  8.36e-01  2.40e+05	8.2569 68.1349 0.6322	
47.719644 295.150300	6.45e-01  8.32e-01  2.35e+05	-13.8848 70.0700 0.0624	
47.719644 295.150300	5.06e-01  7.59e-01  2.57e+05	13.1150 54.1257 0.4278	
47.719644 295.150300	5.44e-01  6.64e-01  2.64e+05	-8.3564 49.2690 0.3734	
47.719644 295.150300	5.76e-01  8.42e-01  2.41e+05	-6.2568 67.3886 0.7565	
47.719644 295.150300	4.33e-01  7.45e-01  2.68e+05	12.4951 44.7958 0.3721	
47.719644 295.150300	5.63e-01  6.98e-01  2.58e+05	39.9888 38.2066 0.6972	
47.719644 295.150300	4.10e-01  9.10e-01  2.51e+05	0.6931 60.4853 0.0788	
47.719644 295.150300	5.27e-01  6.76e-01  2.65e+05	4.0715 49.2594 0.0371	
47.719644 295.150300	4.38e-01  8.97e-01  2.50e+05	2.4442 61.6557 0.7147	
47.719644 295.150300	7.19e-01  8.09e-01  2.31e+05	34.4787 65.9185 0.1388	
47.719644 295.150300	7.44e-01  8.36e-01  2.26e+05	12.8806 76.0918 0.9323	
47.719644 295.150300	4.73e-01  8.28e-01  2.53e+05	-17.0311 56.3771 0.5810	
47.719644 295.150300	5.19e-01  8.98e-01  2.41e+05	22.1542 63.8374 0.5333	
47.719644 295.150300	6.57e-01  8.52e-01  2.32e+05	27.7388 67.9040 0.5999	
47.719644 295.150300	6.28e-01  7.18e-01  2.49e+05	12.3329 61.2738 0.9785	
47.719644 295.150300	2.64e-01  8.90e-01  2.71e+05	6.1941 43.0449 0.5738	
47.719644 295.150300	1.81e-01  9.10e-01  2.79e+05	12.1594 31.8831 0.1490	
47.719644 295.150300	3.14e-01  9.49e-01  2.58e+05	-5.8051 55.1780 0.6694	
47.719644 295.150300	5.57e-01  7.52e-01  2.53e+05	-27.0704 53.0460 0.7972	
47.719644 295.150300	4.50e-01  7.81e-01  2.61e+05	1.4516 52.3495 0.6577	
47.719644 295.150300	5.82e-01  7.86e-01  2.46e+05	39.6375 50.4828 0.3241	
47.719644 295.150300	4.86e-01  7.33e-01  2.63e+05	-4.3686 50.9080 0.8478	
47.719644 295.150300	6.00e-01  7.09e-01  2.53e+05	-16.5592 57.2260 0.4842	
47.719644 295.150300	3.66e-01  7.57e-01  2.75e+05	6.9130 38.6177 0.8283	
47.719644 295.150300	6.78e-01  8.31e-01  2.33e+05	-10.8106 72.4779 0.0448	
47.719644 295.150300	4.75e-01  6.30e-01  2.77e+05	-2.8886 36.3636 0.7525	
47.719644 295.150300	5.46e-01  7.62e-01  2.53e+05	13.4622 57.9637 0.0728	
47.719644 295.150300	7.00e-01  8.85e-01  2.26e+05	-31.9384 70.5913 0.1510	
47.719644 295.150300	4.37e-01  8.98e-01  2.50e+05	41.2926 45.7617 0.5376	
47.719644 295.150300	4.00e-01  8.05e-01  2.64e+05	11.1368 48.3935 0.7708	
47.719644 295.150300	4.92e-01  5.89e-01  2.80e+05	-3.2480 31.9365 0.1129	
47.719644 295.150300	4.33e-01  8.47e-01  2.56e+05	20.2453 53.3379 0.8774	
47.719644 295.150300	7.22e-01  7.50e-01  2.36e+05	-4.5968 70.9897 0.0347	
47.719644 295.150300	7.48e-01  8.13e-01  2.28e+05	2.7093 76.1703 0.3607	
47.719644 295.150300	5.99e-01  7.53e-01  2.48e+05	6.1270 62.7330 0.3574	
47.719644 295.150300	5.25e-01  8.92e-01  2.41e+05	36.6721 56.7735 0.2290	
47.719644 295.150300	6.96e-01  7.88e-01  2.35e+05	-31.7904 64.4508 0.4147	
47.719644 295.150300	5.28e-01  7.38e-01  2.57e+05	-8.9961 55.0805 0.2915	
47.719644 295.150300	5.10e-01  8.19e-01  2.50e+05	-13.0886 59.8324 0.4619	
47.719644 295.150300	6.89e-01  7.34e-01  2.41e+05	18.0238 65.5693 0.8913	
47.719644 295.150300	5.42e-01  8.79e-01  2.41e+05	24.9114 63.2137 0.3743	
47.719644 295.150300	4.15e-01  7.43e-01  2.70e+05	29.1804 33.0602 0.0058	
47.719644 295.150300	6.05e-01  8.10e-01  2.42e+05	-16.4624 65.4527 0.5999	
47.719644 295.150300	7.62e-01  9.43e-01  2.16e+05	14.0433 81.9393 0.9980	
47.719644 295.150300	6.32e-01  7.61e-01  2.44e+05	35.4432 55.6486 0.2189	
47.719644 295.150300	5.64e-01  7.01e-01  2.57e+05	-6.6494 55.2927 0.6904	
47.719644 295.150300	5.58e-01  6.81e-01  2.61e+05	-18.2235 49.9428 0.4271	
47.719644 295.150300	6.67e-01  7.96e-01  2.37e+05	1.7222 70.5434 0.0898	
47.719644 295.150300	4.59e-01  9.76e-01  2.40e+05	-6.9670 68.4485 0.9115	
47.719644 295.150300	5.63e-01  7.63e-01  2.51e+05	-34.1569 50.4166 0.1380	
47.719644 295.150300	6.45e-01  8.23e-01  2.36e+05	-12.1795 69.8971 0.9530	
47.719644 295.150300	5.83e-01  8.04e-01  2.44e+05	15.0123 63.7752 0.0964	
47.719644 295.150300	4.04e-01  9.14e-01  2.52e+05	14.8397 58.5001 0.0765	
47.719644 295.150300	5.71e-01  7.68e-01  2.49e+05	25.4820 56.5126 0.1836	
47.719644 295.150300	3.92e-01  7.57e-01  2.71e+05	1.7825 42.8874 0.7842	
47.719644 295.150300	5.76e-01  7.54e-01  2.50e+05	-33.7505 51.1539 0.3589	
47.719644 295.150300	5.94e-01  7.44e-01  2.49e+05	-46.4797 40.8654 0.8851	
47.719644 295.150300	5.09e-01  8.22e-01  2.50e+05	-23.5654 56.6579 0.3790	
47.719644 295.150300	4.53e-01  8.62e-01  2.52e+05	-10.5160 59.0592 0.3274	
47.719644 295.150300	5.99e-01  8.67e-01  2.37e+05	6.9208 70.4399 0.2133	
47.719644 295.150300	6.49e-01  7.90e-01  2.39e+05	-21.8689 65.5319 0.5054	
47.719644 295.150300	6.51e-01  7.14e-01  2.47e+05	-18.4976 61.2636 0.1029	
47.719644 295.150300	5.88e-01  8.07e-01  2.43e+05	-16.7511 63.9776 0.2887	
47.719644 295.150300	5.93e-01  7.53e-01  2.49e+05	-0.1638 62.5107 0.1464	
47.719644 295.150300	5.98e-01  8.51e-01  2.38e+05	-10.6639 68.9127 0.7484	
47.719644 295.150300	5.47e-01  9.30e-01  2.35e+05	35.5860 61.9391 0.1891	
47.719644 295.150300	5.87e-01  9.45e-01  2.30e+05	16.4177 72.7938 0.0944	
47.719644 295.150300	5.11e-01  8.38e-01  2.48e+05	1.2549 62.7781 0.6128	
47.719644 295.150300	4.38e-01  8.03e-01  2.60e+05	7.0501 52.9088 0.8748	
47.719644 295.150300	5.21e-01  8.71e-01  2.44e+05	3.2053 65.8462 0.5115	
47.719644 295.150300	5.30e-01  6.54e-01  2.67e+05	-9.8772 46.2135 0.1130	
47.719644 295.150300	6.23e-01  9.27e-01  2.29e+05	-2.0670 75.6206 0.3423	
47.719644 295.150300	4.45e-01  7.18e-01  2.70e+05	-28.0618 34.7225 0.1670	
47.719644 295.150300	4.51e-01  9.01e-01  2.48e+05	14.9735 61.1952 0.4069	
47.719644 295.150300	7.14e-01  7.77e-01  2.34e+05	23.5758 68.3300 0.3451	
47.719644 295.150300	6.09e-01  8.00e-01  2.42e+05	8.0949 66.5671 0.6270	
47.719644 295.150300	2.89e-01  7.70e-01  2.83e+05	-2.8264 27.4884 0.5461	
47.719644 295.150300	5.77e-01  7.42e-01  2.51e+05	22.2523 56.1406 0.2264	
47.719644 295.150300	5.15e-01  9.08e-01  2.41e+05	-13.8546 66.6203 0.5060	
47.719644 295.150300	5.79e-01  7.78e-01  2.47e+05	-12.9520 62.0869 0.4962	
47.719644 295.150300	5.46e-01  7.08e-01  2.59e+05	6.3149 54.2623 0.6047	
47.719644 295.150300	4.97e-01  7.62e-01  2.58e+05	-16.6452 52.5489 0.7813	
47.719644 295.150300	4.03e-01  7.74e-01  2.68e+05	14.4359 44.0788 0.0750	
47.719644 295.150300	6.24e-01  8.58e-01  2.35e+05	-5.1987 71.5530 0.2161	
47.719644 295.150300	5.84e-01  7.30e-01  2.52e+05	-20.7363 56.2065 0.6180	
47.719644 295.150300	4.76e-01  8.40e-01  2.52e+05	7.7898 59.6190 0.4935	
47.719644 295.150300	8.06e-01  9.10e-01  2.15e+05	9.2898 83.0630 0.4620	
47.719644 295.150300	4.99e-01  8.61e-01  2.47e+05	-13.2337 62.2387 0.8183	
47.719644 295.150300	7.77e-01  8.44e-01  2.23e+05	-8.8558 78.7508 0.4303	
47.719644 295.150300	5.33e-01  8.96e-01  2.40e+05	-15.0698 66.6983 0.9616	
47.719644 295.150300	6.55e-01  8.11e-01  2.36e+05	-25.6149 65.9895 0.0401	
47.719644 295.150300	5.56e-01  7.78e-01  2.50e+05	-7.2058 61.1817 0.0246	
47.719644 295.150300	6.06e-01  8.91e-01  2.34e+05	25.9734 67.8260 0.2370	
47.719644 295.150300	5.88e-01  8.86e-01  2.36e+05	-34.7181 62.2111 0.7298	
47.719644 295.150300	5.62e-01  7.43e-01  2.53e+05	26.9249 52.7636 0.1825	
47.719644 295.150300	5.46e-01  7.76e-01  2.51e+05	14.6027 58.8645 0.6691	
47.719644 295.150300	6.59e-01  8.48e-01  2.33e+05	31.5973 66.1115 0.9435	
47.719644 295.150300	3.65e-01  8.76e-01  2.60e+05	9.1284 52.5851 0.0581	
47.719644 295.150300	5.04e-01  9.11e-01  2.41e+05	-27.3019 61.7367 0.8102	
47.719644 295.150300	4.68e-01  7.05e-01  2.68e+05	-12.5043 44.1603 0.9937	
47.719644 295.150300	6.14e-01  8.67e-01  2.35e+05	-22.2829 68.1227 0.2345	
47.719644 295.150300	4.42e-01  6.93e-01  2.73e+05	16.4843 37.4115 0.1241	
47.719644 295.150300	5.94e-01  7.06e-01  2.54e+05	28.8464 51.2518 0.9660	
47.719644 295.150300	4.31e-01  9.50e-01  2.45e+05	1.1426 65.0600 0.1855	
47.719644 295.150300	5.55e-01  7.98e-01  2.48e+05	22.6401 58.8392 0.4056	
47.719644 295.150300	6.34e-01  8.38e-01  2.36e+05	-15.9852 69.3087 0.9238	
47.719644 295.150300	6.91e-01  9.03e-01  2.25e+05	-29.4588 72.1040 0.2262	
47.719644 295.150300	3.66e-01  8.85e-01  2.59e+05	-14.2507 52.4108 0.3731	
47.719644 295.150300	5.03e-01  8.86e-01  2.44e+05	-25.6797 60.4510 0.5055	
47.719644 295.150300	6.02e-01  8.22e-01  2.41e+05	-21.3611 64.6284 0.6663	
47.719644 295.150300	4.86e-01  8.69e-01  2.48e+05	18.3877 60.5086 0.8751	
47.719644 295.150300	5.56e-01  7.11e-01  2.57e+05	-12.3960 54.4640 0.0528	
47.719644 295.150300	5.87e-01  8.63e-01  2.38e+05	-16.6456 67.7945 0.6937	
47.719644 295.150300	3.51e-01  8.17e-01  2.69e+05	-2.8057 45.2177 0.9819	
47.719644 295.150300	5.86e-01  7.02e-01  2.55e+05	24.1664 52.4810 0.4173	
47.719644 295.150300	5.61e-01  7.00e-01  2.58e+05	17.7860 52.4517 0.1731	
47.719644 295.150300	6.36e-01  8.04e-01  2.39e+05	35.8833 59.1194 0.6004	
47.719644 295.150300	5.38e-01  7.36e-01  2.57e+05	15.3563 54.3310 0.0295	
47.719644 295.150300	5.20e-01  7.89e-01  2.53e+05	-22.8683 55.0087 0.2042	
47.719644 295.150300	4.98e-01  7.69e-01  2.57e+05	1.8503 55.8025 0.6107	
47.719644 295.150300	6.23e-01  8.02e-01  2.41e+05	28.8047 61.7336 0.7329	
47.719644 295.150300	5.95e-01  7.20e-01  2.52e+05	-0.5337 60.0295 0.9768	
47.719644 295.150300	5.21e-01  9.06e-01  2.40e+05	13.1294 67.0285 0.0963	
47.719644 295.150300	6.01e-01  7.41e-01  2.49e+05	-8.3562 61.6140 0.4502	
47.719644 295.150300	3.98e-01  8.49e-01  2.60e+05	-11.5344 52.7010 0.3908	
47.719644 295.150300	6.15e-01  8.34e-01  2.38e+05	-3.4316 69.6166 0.6414	
47.719644 295.150300	6.29e-01  8.42e-01  2.36e+05	-11.6783 70.0735 0.8846	
47.719644 295.150300	5.84e-01  8.61e-01  2.38e+05	-41.9309 55.4078 0.2643	
47.719644 295.150300	4.82e-01  9.71e-01  2.38e+05	-27.2892 64.4401 0.1457	
47.719644 295.150300	5.24e-01  8.66e-01  2.44e+05	-9.5150 65.1090 0.9008	
47.719644 295.150300	7.87e-01  8.24e-01  2.23e+05	18.3286 76.6279 0.8600	
47.719644 295.150300	4.23e-01  9.57e-01  2.45e+05	-24.1620 60.3976 0.5914	
47.719644 295.150300	6.24e-01  6.94e-01  2.52e+05	2.4933 60.2570 0.6164	
47.719644 295.150300	5.53e-01  9.33e-01  2.35e+05	27.7387 66.4303 0.9310	
47.719644 295.150300	6.09e-01  8.44e-01  2.38e+05	-4.0792 69.8197 0.2638	
47.719644 295.150300	5.92e-01  7.13e-01  2.53e+05	39.0333 44.5418 0.6909	
47.719644 295.150300	6.16e-01  8.99e-01  2.32e+05	-10.6550 72.9049 0.7584	
47.719644 295.150300	4.12e-01  7.08e-01  2.75e+05	-9.7225 37.4325 0.7880	
47.719644 295.150300	7.25e-01  9.01e-01  2.22e+05	14.9390 78.0847 0.3232	
47.719644 295.150300	6.65e-01  7.68e-01  2.40e+05	6.6055 68.3643 0.2542	
47.719644 295.150300	4.77e-01  7.87e-01  2.58e+05	-10.4193 54.6068 0.7991	
47.719644 295.150300	4.89e-01  7.82e-01  2.57e+05	2.8691 56.1265 0.2151	
47.719644 295.150300	3.02e-01  7.71e-01  2.81e+05	-23.3585 19.4068 0.5298	
47.719644 295.150300	5.90e-01  8.07e-01  2.43e+05	-4.9449 66.0735 0.1846	
47.719644 295.150300	7.03e-01  8.30e-01  2.30e+05	0.7651 74.6333 0.1682	
47.719644 295.150300	4.03e-01  8.01e-01  2.65e+05	-14.9635 47.1967 0.0304	
47.719644 295.150300	5.12e-01  8.08e-01  2.51e+05	14.3056 58.7306 0.1375	
47.719644 295.150300	5.83e-01  8.73e-01  2.37e+05	-41.2228 56.7916 0.2790	
47.719644 295.150300	5.37e-01  6.75e-01  2.64e+05	-14.9136 48.0767 0.5684	
47.719644 295.150300	6.94e-01  8.34e-01  2.31e+05	-54.7768 50.3865 0.5120	
47.719644 295.150300	5.86e-01  9.04e-01  2.34e+05	-4.0588 72.0733 0.8301	
47.719644 295.150300	5.58e-01  8.31e-01  2.44e+05	12.8365 64.4676 0.7796	
47.719644 295.150300	7.46e-01  7.75e-01  2.31e+05	41.3477 61.4169 0.2194	
47.719644 295.150300	5.24e-01  7.40e-01  2.58e+05	0.3865 55.6471 0.0066	
47.719644 295.150300	7.21e-01  8.11e-01  2.30e+05	10.5726 73.8466 0.1506	
47.719644 295.150300	7.48e-01  9.48e-01  2.16e+05	-6.2658 82.5002 0.0144	
47.719644 295.150300	5.11e-01  8.32e-01  2.49e+05	24.1456 57.4467 0.4146	
47.719644 295.150300	6.50e-01  7.25e-01  2.46e+05	-7.2102 64.3387 0.2601	
47.719644 295.150300	7.08e-01  8.59e-01  2.27e+05	26.9802 71.6139 0.9189	
47.719644 295.150300	3.97e-01  9.26e-01  2.51e+05	-2.0166 60.6734 0.8124	
47.719644 295.150300	5.45e-01  8.94e-01  2.39e+05	-23.0045 65.1494 0.0088	
47.719644 295.150300	5.41e-01  8.24e-01  2.47e+05	-38.9955 50.6971 0.4284	
47.719644 295.150300	6.06e-01  8.73e-01  2.35e+05	33.8082 63.0485 0.2930	
47.719644 295.150300	6.98e-01  8.33e-01  2.30e+05	38.5760 63.8046 0.1872	
47.719644 295.150300	6.62e-01  8.33e-01  2.34e+05	4.9935 72.3572 0.9315	
47.719644 295.150300	5.08e-01  6.98e-01  2.64e+05	-20.1212 45.5333 0.3530	
47.719644 295.150300	4.95e-01  7.59e-01  2.59e+05	-10.4423 53.6546 0.9948	
47.719644 295.150300	5.65e-01  8.82e-01  2.38e+05	-13.9040 68.2189 0.3859	
47.719644 295.150300	4.88e-01  8.37e-01  2.51e+05	29.8964 52.9787 0.3768	
47.719644 295.150300	3.15e-01  8.44e-01  2.70e+05	-9.4780 43.0469 0.1219	
47.719644 295.150300	6.21e-01  6.57e-01  2.56e+05	-9.8886 56.0255 0.9657	
47.719644 295.150300	5.21e-01  8.19e-01  2.49e+05	21.6541 58.1619 0.5098	
47.719644 295.150300	5.21e-01  8.19e-01  2.49e+05	-14.7656 60.2488 0.6673	
47.719644 295.150300	8.38e-01  8.54e-01  2.17e+05	20.9894 79.8549 0.9303	
47.719644 295.150300	7.06e-01  8.92e-01  2.25e+05	-33.4011 70.5687 0.1812	
47.719644 295.150300	3.43e-01  8.80e-01  2.62e+05	2.9787 51.4860 0.3758	
47.719644 295.150300	4.52e-01  7.48e-01  2.65e+05	13.7467 47.1395 0.8926	
47.719644 295.150300	4.75e-01  7.33e-01  2.64e+05	0.8220 49.9614 0.2357	
47.719644 295.150300	7.37e-01  9.20e-01  2.19e+05	-5.9260 80.7602 0.8087	
47.719644 295.150300	6.69e-01  8.18e-01  2.35e+05	-0.4808 72.0402 0.3836	
47.719644 295.150300	6.53e-01  8.37e-01  2.34e+05	-14.3701 70.7710 0.4807	
47.719644 295.150300	5.48e-01  7.11e-01  2.58e+05	10.3598 54.1299 0.1114	
47.719644 295.150300	5.60e-01  7.13e-01  2.57e+05	-2.0566 56.4073 0.6012	
47.719644 295.150300	5.18e-01  8.28e-01  2.49e+05	-22.9373 58.1273 0.7258	
47.719644 295.150300	3.51e-01  9.33e-01  2.55e+05	32.0010 47.7351 0.7000	
47.719644 295.150300	2.93e-01  8.38e-01  2.74e+05	-2.3475 40.3634 0.4651	
47.719644 295.150300	5.92e-01  8.54e-01  2.38e+05	-13.4776 68.2098 0.1278	
47.719644 295.150300	5.02e-01  6.74e-01  2.68e+05	-8.7347 45.5056 0.0686	
47.719644 295.150300	6.00e-01  8.26e-01  2.40e+05	0.7884 68.2152 0.4711	
47.719644 295.150300	4.67e-01  7.71e-01  2.61e+05	18.2167 49.8559 0.1116	
47.719644 295.150300	5.33e-01  7.84e-01  2.52e+05	-41.1046 43.9638 0.7068	
47.719644 295.150300	3.97e-01  7.60e-01  2.70e+05	21.9400 38.0109 0.3543	
47.719644 295.150300	6.20e-01  7.11e-01  2.50e+05	10.7546 60.4177 0.6275	
47.719644 295.150300	4.93e-01  9.05e-01  2.43e+05	-3.6037 66.2327 0.8034	
47.719644 295.150300	7.00e-01  7.96e-01  2.34e+05	-24.5604 68.2712 0.6211	
47.719644 295.150300	4.69e-01  8.35e-01  2.53e+05	-18.1187 56.2756 0.3254	
47.719644 295.150300	4.17e-01  9.23e-01  2.49e+05	17.2202 59.6010 0.9341	
47.719644 295.150300	5.48e-01  8.80e-01  2.40e+05	11.4080 67.3703 0.7633	
47.719644 295.150300	6.33e-01  7.67e-01  2.43e+05	-6.1884 66.1920 0.3366	
47.719644 295.150300	5.85e-01  7.31e-01  2.52e+05	-43.4211 41.6168 0.3484	
47.719644 295.150300	4.94e-01  9.18e-01  2.42e+05	-7.3276 66.8669 0.7500	
47.719644 295.150300	5.05e-01  8.33e-01  2.49e+05	14.4290 60.2238 0.6503	
47.719644 295.150300	5.20e-01  8.12e-01  2.50e+05	24.4644 56.3813 0.2685	
47.719644 295.150300	4.26e-01  8.89e-01  2.52e+05	-0.4381 60.0910 0.4598	
47.719644 295.150300	4.17e-01  8.64e-01  2.56e+05	12.9206 55.7309 0.8942	
47.719644 295.150300	5.84e-01  8.33e-01  2.41e+05	18.0330 65.1770 0.6860	
47.719644 295.150300	4.79e-01  7.92e-01  2.57e+05	-19.8270 52.6826 0.3209	
47.719644 295.150300	4.89e-01  7.70e-01  2.58e+05	5.5052 54.8350 0.9589	
47.719644 295.150300	6.96e-01  8.51e-01  2.29e+05	-1.8852 75.4359 0.0652	
47.719644 295.150300	6.41e-01  8.42e-01  2.35e+05	32.4514 64.0113 0.3440	
47.719644 295.150300	5.76e-01  8.19e-01  2.44e+05	-3.8863 66.0099 0.4860	
47.719644 295.150300	5.70e-01  7.46e-01  2.52e+05	24.8970 54.7726 0.5061	
47.719644 295.150300	6.83e-01  7.51e-01  2.40e+05	-16.4194 66.7800 0.9057	
47.719644 295.150300	5.24e-01  7.34e-01  2.58e+05	-12.7821 53.5610 0.2203	
47.719644 295.150300	4.89e-01  7.48e-01  2.61e+05	25.8727 46.1933 0.0397	
47.719644 295.150300	5.88e-01  7.77e-01  2.47e+05	12.8604 62.6420 0.9641	
47.719644 295.150300	6.30e-01  8.03e-01  2.40e+05	7.6523 68.2548 0.7935	
47.719644 295.150300	6.37e-01  8.60e-01  2.34e+05	20.9371 69.5378 0.1552	
47.719644 295.150300	3.93e-01  8.65e-01  2.58e+05	-21.0540 50.8398 0.8208	
47.719644 295.150300	5.21e-01  7.26e-01  2.60e+05	24.0111 48.3873 0.4537	
47.719644 295.150300	5.30e-01  8.20e-01  2.48e+05	-18.8337 59.9734 0.3536	
47.719644 295.150300	5.43e-01  8.76e-01  2.41e+05	-33.7325 58.7497 0.8899	
47.719644 295.150300	4.92e-01  8.17e-01  2.53e+05	-12.4262 58.2265 0.6382	
47.719644 295.150300	5.51e-01  6.22e-01  2.68e+05	-20.5291 41.1126 0.1527	
47.719644 295.150300	5.36e-01  7.30e-01  2.57e+05	-13.5850 54.0631 0.6338	
47.719644 295.150300	4.73e-01  6.79e-01  2.71e+05	11.2474 41.7715 0.1065	
47.719644 295.150300	6.95e-01  8.16e-01  2.32e+05	-23.1632 69.6894 0.8792	
47.719644 295.150300	6.55e-01  8.02e-01  2.37e+05	29.4172 63.7825 0.0542	
47.719644 295.150300	5.22e-01  6.55e-01  2.68e+05	-28.3070 36.8467 0.4983	
47.719644 295.150300	5.57e-01  8.34e-01  2.44e+05	-30.9823 58.1504 0.0744	
47.719644 295.150300	6.47e-01  7.19e-01  2.47e+05	3.5521 63.8678 0.5452	
47.719644 295.150300	5.14e-01  7.46e-01  2.58e+05	3.3489 55.1123 0.1068	
47.719644 295.150300	5.47e-01  9.23e-01  2.36e+05	30.7081 64.0836 0.4621	
47.719644 295.150300	6.25e-01  7.16e-01  2.49e+05	-0.1223 62.0696 0.4578	
47.719644 295.150300	4.53e-01  7.05e-01  2.70e+05	-28.1004 33.9652 0.0557	
47.719644 295.150300	4.99e-01  7.37e-01  2.61e+05	-10.9648 51.7552 0.1967	
47.719644 295.150300	6.49e-01  8.57e-01  2.33e+05	10.8839 72.3260 0.9070	
47.719644 295.150300	5.16e-01  6.91e-01  2.64e+05	-10.3026 48.7989 0.6343	
47.719644 295.150300	4.02e-01  7.72e-01  2.68e+05	-3.4799 45.9338 0.3061	
47.719644 295.150300	5.81e-01  7.90e-01  2.46e+05	-29.4434 57.3104 0.3933	
47.719644 295.150300	6.03e-01  7.59e-01  2.47e+05	35.7079 52.8008 0.8536	
47.719644 295.150300	4.42e-01  7.60e-01  2.65e+05	18.1897 45.8657 0.3075	
47.719644 295.150300	6.23e-01  8.25e-01  2.38e+05	-20.9504 66.4603 0.2716	
47.719644 295.150300	7.09e-01  8.29e-01  2.30e+05	12.4326 73.9335 0.8276	
47.719644 295.150300	5.34e-01  8.72e-01  2.42e+05	0.8091 66.8614 0.2760	
47.719644 295.150300	6.84e-01  7.30e-01  2.42e+05	-4.6702 67.2892 0.0913	
47.719644 295.150300	4.97e-01  8.11e-01  2.53e+05	6.9229 59.0767 0.4279	
47.719644 295.150300	5.80e-01  8.84e-01  2.37e+05	-1.4864 70.6411 0.3009	
47.719644 295.150300	5.97e-01  7.63e-01  2.47e+05	-22.0270 59.6600 0.3222	
47.719644 295.150300	4.59e-01  9.44e-01  2.43e+05	-48.8222 45.3588 0.4477	
47.719644 295.150300	4.48e-01  8.93e-01  2.49e+05	-8.9902 61.4999 0.3026	
47.719644 295.150300	4.34e-01  7.11e-01  2.72e+05	-24.8639 34.2776 0.6291	
47.719644 295.150300	5.40e-01  8.20e-01  2.47e+05	-6.0124 63.2604 0.9020	
47.719644 295.150300	8.07e-01  9.54e-01  2.11e+05	-55.6400 64.8519 0.2420	
47.719644 295.150300	6.68e-01  9.30e-01  2.24e+05	20.2448 75.4476 0.8469	
47.719644 295.150300	6.11e-01  7.17e-01  2.51e+05	-24.2041 56.0998 0.7389	
47.719644 295.150300	5.85e-01  7.65e-01  2.48e+05	-9.1139 62.1302 0.6140	
47.719644 295.150300	5.09e-01  8.61e-01  2.46e+05	20.1402 61.0789 0.9302	
47.719644 295.150300	5.71e-01  6.88e-01  2.58e+05	9.8876 54.1880 0.0279	
47.719644 295.150300	3.85e-01  8.72e-01  2.58e+05	7.5905 54.3814 0.0987	
47.719644 295.150300	6.30e-01  9.25e-01  2.28e+05	-15.2258 74.3456 0.6585	
47.719644 295.150300	4.50e-01  8.38e-01  2.55e+05	-20.4880 53.9974 0.2790	
47.719644 295.150300	5.70e-01  6.99e-01  2.57e+05	37.2891 41.8624 0.3295	
47.719644 295.150300	7.77e-01  8.99e-01  2.18e+05	-18.2536 79.7627 0.2002	
47.719644 295.150300	3.85e-01  8.53e-01  2.61e+05	5.3040 52.8408 0.5982	
47.719644 295.150300	5.67e-01  8.82e-01  2.38e+05	4.0515 69.6176 0.6728	
47.719644 295.150300	3.44e-01  9.39e-01  2.56e+05	13.6942 55.6031 0.0270	
47.719644 295.150300	6.14e-01  7.48e-01  2.47e+05	-5.1367 63.5483 0.4714	
47.719644 295.150300	5.64e-01  8.58e-01  2.41e+05	4.2245 67.8135 0.8304	
47.719644 295.150300	5.21e-01  6.96e-01  2.63e+05	-18.1498 47.6195 0.1049	
47.719644 295.150300	5.42e-01  8.86e-01  2.40e+05	4.1038 68.2348 0.3398	
47.719644 295.150300	5.37e-01  7.72e-01  2.53e+05	-16.2457 57.3249 0.8485	
47.719644 295.150300	7.85e-01  8.59e-01  2.21e+05	8.4463 79.8919 0.2406	
47.719644 295.150300	5.72e-01  8.27e-01  2.43e+05	-45.5727 48.2889 0.8977	
47.719644 295.150300	6.14e-01  7.03e-01  2.52e+05	22.7461 55.7703 0.0801	
47.719644 295.150300	5.48e-01  7.23e-01  2.57e+05	13.8803 54.5218 0.6573	
47.719644 295.150300	6.40e-01  8.42e-01  2.35e+05	7.3854 71.3495 0.4312	
47.719644 295.150300	5.62e-01  8.95e-01  2.37e+05	-38.1581 58.9933 0.2173	
47.719644 295.150300	4.66e-01  8.35e-01  2.53e+05	-5.9077 58.6271 0.5344	
47.719644 295.150300	4.25e-01  9.49e-01  2.46e+05	35.7268 53.8523 0.9873	
47.719644 295.150300	6.68e-01  8.70e-01  2.30e+05	-29.6480 68.8683 0.5176	
47.719644 295.150300	5.66e-01  7.77e-01  2.49e+05	-19.6293 59.1429 0.5402	
47.719644 295.150300	7.07e-01  8.01e-01  2.33e+05	4.4957 73.1499 0.2138	
47.719644 295.150300	5.53e-01  8.92e-01  2.39e+05	1.4913 69.4296 0.0616	
47.719644 295.150300	5.72e-01  8.85e-01  2.37e+05	-25.9276 65.2514 0.4717	
47.719644 295.150300	6.39e-01  7.64e-01  2.43e+05	-7.7893 66.2142 0.0074	
47.719644 295.150300	7.04e-01  7.94e-01  2.33e+05	-23.6875 68.7178 0.5426	
47.719644 295.150300	6.54e-01  8.63e-01  2.32e+05	40.9006 61.4340 0.5585	
47.719644 295.150300	5.14e-01  9.03e-01  2.41e+05	40.8921 53.8030 0.2355	
47.719644 295.150300	6.11e-01  8.23e-01  2.40e+05	0.6928 68.7234 0.9379	
47.719644 295.150300	4.56e-01  7.51e-01  2.64e+05	-9.6353 48.9463 0.2766	
47.719644 295.150300	7.48e-01  8.74e-01  2.22e+05	24.4867 75.4359 0.0650	
47.719644 295.150300	4.42e-01  8.16e-01  2.58e+05	-12.3243 53.6844 0.9210	
47.719644 295.150300	6.70e-01  7.69e-01  2.39e+05	-31.5392 61.4303 0.3838	
47.719644 295.150300	7.56e-01  7.74e-01  2.31e+05	21.7102 71.2977 0.4558	
47.719644 295.150300	4.44e-01  7.29e-01  2.68e+05	-18.7994 41.8472 0.3449	
47.719644 295.150300	5.47e-01  7.25e-01  2.57e+05	17.9525 53.4520 0.1630	
47.719644 295.150300	4.78e-01  8.88e-01  2.46e+05	30.3349 56.4310 0.3687	
47.719644 295.150300	8.04e-01  8.81e-01  2.17e+05	32.3433 75.6113 0.8899	
47.719644 295.150300	3.71e-01  9.52e-01  2.51e+05	-41.1076 44.5838 0.3176	
47.719644 295.150300	4.94e-01  7.76e-01  2.57e+05	5.6621 55.8576 0.8015	
47.719644 295.150300	5.52e-01  8.59e-01  2.42e+05	-2.9700 67.1822 0.3687	
47.719644 295.150300	6.78e-01  6.87e-01  2.47e+05	-30.6625 56.1588 0.3920	
47.719644 295.150300	5.34e-01  7.43e-01  2.56e+05	12.2220 55.4596 0.4168	
47.719644 295.150300	6.34e-01  8.94e-01  2.31e+05	-5.8828 74.1966 0.6687	
47.719644 295.150300	5.02e-01  7.64e-01  2.57e+05	13.2897 54.1308 0.3217	
47.719644 295.150300	6.25e-01  8.87e-01  2.32e+05	48.2779 55.3915 0.1137	
47.719644 295.150300	4.97e-01  8.53e-01  2.48e+05	17.8315 60.2574 0.1912	
47.719644 295.150300	5.70e-01  7.24e-01  2.54e+05	5.8421 58.0048 0.1702	
47.719644 295.150300	4.66e-01  8.08e-01  2.56e+05	14.8682 54.5609 0.0153	
47.719644 295.150300	6.97e-01  8.06e-01  2.33e+05	-11.3897 72.1245 0.9895	
47.719644 295.150300	3.65e-01  8.22e-01  2.67e+05	-30.0006 36.9405 0.7865	
47.719644 295.150300	5.22e-01  7.89e-01  2.52e+05	7.3611 59.2655 0.5413	
47.719644 295.150300	6.32e-01  7.04e-01  2.50e+05	-1.0367 61.8105 0.0827	
47.719644 295.150300	7.34e-01  8.15e-01  2.29e+05	20.7098 72.6510 0.6583	
47.719644 295.150300	5.82e-01  6.49e-01  2.61e+05	-10.0220 51.4618 0.3901	
47.719644 295.150300	7.36e-01  8.24e-01  2.28e+05	-19.5840 73.5886 0.0890	
47.719644 295.150300	4.23e-01  8.05e-01  2.62e+05	13.5959 50.2957 0.7596	
47.719644 295.150300	6.70e-01  8.46e-01  2.32e+05	2.0994 73.6916 0.6800	
47.719644 295.150300	6.40e-01  9.07e-01  2.29e+05	-26.4157 70.6874 0.4616	
47.719644 295.150300	5.28e-01  7.16e-01  2.60e+05	1.0981 53.6443 0.6875	
47.719644 295.150300	3.89e-01  9.62e-01  2.48e+05	-23.6139 58.3359 0.4674	
47.719644 295.150300	7.14e-01  9.21e-01  2.21e+05	37.1261 70.7442 0.0948	
47.719644 295.150300	5.35e-01  8.73e-01  2.42e+05	-24.4083 62.4304 0.1371	
47.719644 295.150300	5.73e-01  8.31e-01  2.43e+05	-16.5182 64.7204 0.8085	
47.719644 295.150300	4.37e-01  7.67e-01  2.65e+05	-7.3707 48.9907 0.2376	
47.719644 295.150300	5.42e-01  6.93e-01  2.61e+05	-16.4382 50.2443 0.2768	
47.719644 295.150300	4.06e-01  6.99e-01  2.77e+05	4.0332 36.2710 0.8403	
47.719644 295.150300	4.33e-01  8.59e-01  2.54e+05	9.6811 57.3229 0.1928	
47.719644 295.150300	4.30e-01  8.25e-01  2.59e+05	-16.0664 52.2907 0.8974	
47.719644 295.150300	7.23e-01  8.85e-01  2.24e+05	42.3410 66.2327 0.9316	
47.719644 295.150300	5.18e-01  7.02e-01  2.63e+05	-14.1579 49.2408 0.6005	
47.719644 295.150300	4.29e-01  7.83e-01  2.64e+05	29.8017 40.6811 0.4222	
47.719644 295.150300	3.87e-01  7.40e-01  2.74e+05	6.6508 39.2258 0.8974	
47.719644 295.150300	6.62e-01  7.28e-01  2.44e+05	-20.5097 62.4625 0.5728	
47.719644 295.150300	4.99e-01  8.23e-01  2.51e+05	-36.4637 48.4104 0.7125	
47.719644 295.150300	5.65e-01  7.43e-01  2.53e+05	5.8259 59.1554 0.1442	
47.719644 295.150300	4.95e-01  6.23e-01  2.75e+05	-0.0396 38.4889 0.4749	
47.719644 295.150300	5.39e-01  8.09e-01  2.48e+05	-28.3923 55.9234 0.8337	
47.719644 295.150300	7.76e-01  9.12e-01  2.17e+05	13.4171 81.2867 0.0283	
47.719644 295.150300	6.50e-01  8.95e-01  2.29e+05	-12.3340 74.3703 0.8956	
47.719644 295.150300	2.65e-01  8.68e-01  2.73e+05	-3.1076 40.4629 0.3634	
47.719644 295.150300	4.58e-01  9.08e-01  2.47e+05	0.2722 64.0183 0.2952	
47.719644 295.150300	3.87e-01  8.77e-01  2.58e+05	14.4177 53.6777 0.4995	
47.719644 295.150300	5.78e-01  6.91e-01  2.57e+05	3.7886 55.9659 0.3143	
47.719644 295.150300	6.83e-01  7.79e-01  2.37e+05	13.7334 69.1778 0.0779	
47.719644 295.150300	7.31e-01  7.78e-01  2.32e+05	-6.3369 73.0605 0.1891	
47.719644 295.150300	5.14e-01  9.13e-01  2.40e+05	25.2626 63.4631 0.7429	
47.719644 295.150300	3.52e-01  9.25e-01  2.56e+05	-3.0659 56.7165 0.0678	
47.719644 295.150300	5.98e-01  8.90e-01  2.34e+05	-33.2286 63.9920 0.2059	
47.719644 295.150300	4.16e-01  8.73e-01  2.55e+05	-25.1418 52.0904 0.8527	
47.719644 295.150300	5.36e-01  8.46e-01  2.45e+05	20.3215 61.9414 0.7204	
47.719644 295.150300	4.72e-01  9.11e-01  2.45e+05	-9.0552 64.5775 0.5118	
47.719644 295.150300	7.12e-01  9.31e-01  2.21e+05	-0.3674 80.2923 0.6456	
47.719644 295.150300	4.25e-01  9.49e-01  2.46e+05	-27.3327 58.5511 0.5764	
47.719644 295.150300	4.16e-01  7.21e-01  2.73e+05	-5.0614 40.9159 0.6865	
47.719644 295.150300	4.81e-01  8.63e-01  2.49e+05	37.6441 49.7861 0.2921	
47.719644 295.150300	6.41e-01  6.91e-01  2.50e+05	17.1417 59.0090 0.6470	
47.719644 295.150300	4.24e-01  9.16e-01  2.49e+05	-7.4459 61.6070 0.1449	
47.719644 295.150300	4.34e-01  9.20e-01  2.48e+05	17.4759 60.7042 0.5696	
47.719644 295.150300	5.03e-01  8.90e-01  2.44e+05	-6.7755 65.6547 0.5174	
47.719644 295.150300	3.31e-01  9.77e-01  2.53e+05	3.5040 59.3956 0.3460	
47.719644 295.150300	5.71e-01  8.60e-01  2.40e+05	16.1635 66.6460 0.0895	
47.719644 295.150300	5.33e-01  9.11e-01  2.39e+05	16.7990 67.3090 0.7441	
47.719644 295.150300	7.36e-01  8.67e-01  2.24e+05	-8.0380 77.9507 0.0799	
47.719644 295.150300	7.96e-01  9.03e-01  2.16e+05	-4.0497 82.7593 0.4145	
47.719644 295.150300	6.13e-01  9.54e-01  2.27e+05	-8.1264 76.1155 0.9869	
47.719644 295.150300	4.24e-01  8.69e-01  2.54e+05	-21.6034 54.0025 0.7957	
47.719644 295.150300	6.76e-01  9.51e-01  2.22e+05	1.5000 79.5505 0.8399	
47.719644 295.150300	4.77e-01  7.60e-01  2.61e+05	-4.8858 52.7778 0.6768	
47.719644 295.150300	6.31e-01  9.15e-01  2.29e+05	20.7614 72.5098 0.2038	
47.719644 295.150300	4.04e-01  7.42e-01  2.72e+05	14.0355 40.1522 0.7578	
47.719644 295.150300	5.75e-01  9.46e-01  2.31e+05	-3.3643 73.9482 0.4880	
47.719644 295.150300	4.17e-01  9.30e-01  2.48e+05	18.0259 59.9831 0.5263	
47.719644 295.150300	3.89e-01  7.83e-01  2.69e+05	14.4250 43.4537 0.6058	
47.719644 295.150300	3.90e-01  8.25e-01  2.63e+05	12.8839 48.9969 0.1198	
47.719644 295.150300	4.42e-01  8.24e-01  2.57e+05	-31.9627 45.6596 0.6174	
47.719644 295.150300	5.76e-01  8.73e-01  2.38e+05	-34.0703 60.7930 0.2407	
47.719644 295.150300	6.33e-01  7.81e-01  2.42e+05	4.7727 67.2457 0.9372	
47.719644 295.150300	4.27e-01  7.29e-01  2.71e+05	-22.9594 37.2824 0.1708	
47.719644 295.150300	5.59e-01  7.62e-01  2.51e+05	17.0505 58.0792 0.4904	
47.719644 295.150300	6.28e-01  7.19e-01  2.49e+05	-33.9089 52.6104 0.5218	
47.719644 295.150300	6.66e-01  6.90e-01  2.48e+05	-0.7094 63.2409 0.9652	
47.719644 295.150300	3.01e-01  8.07e-01  2.77e+05	-13.0512 34.4725 0.7356	
47.719644 295.150300	5.24e-01  8.83e-01  2.42e+05	10.8721 66.1066 0.4346	
47.719644 295.150300	6.02e-01  7.11e-01  2.52e+05	39.2476 45.1651 0.3943	
47.719644 295.150300	3.93e-01  7.95e-01  2.67e+05	-7.2762 47.1404 0.8184	
47.719644 295.150300	5.59e-01  7.33e-01  2.54e+05	4.4157 57.9389 0.4916	
47.719644 295.150300	3.18e-01  9.28e-01  2.60e+05	5.8250 53.5084 0.5756	
47.719644 295.150300	4.37e-01  7.36e-01  2.68e+05	-11.2362 44.5997 0.3364	
47.719644 295.150300	5.85e-01  7.12e-01  2.54e+05	-24.6612 53.1176 0.5413	
47.719644 295.150300	6.25e-01  7.90e-01  2.41e+05	31.3190 59.8099 0.8209	
47.719644 295.150300	5.68e-01  6.00e-01  2.69e+05	-26.9980 36.4424 0.7504	
47.719644 295.150300	3.88e-01  8.48e-01  2.61e+05	11.8461 51.4758 0.3006	
47.719644 295.150300	3.36e-01  8.62e-01  2.65e+05	-8.8499 48.0515 0.3109	
47.719644 295.150300	5.20e-01  8.54e-01  2.46e+05	-20.9969 61.0744 0.2881	
47.719644 295.150300	2.97e-01  8.12e-01  2.77e+05	-1.5785 36.9805 0.3574	
47.719644 295.150300	6.53e-01  7.11e-01  2.47e+05	32.9274 54.7884 0.5012	
47.719644 295.150300	4.18e-01  7.27e-01  2.72e+05	22.7226 35.7412 0.6300	
47.719644 295.150300	3.57e-01  9.61e-01  2.52e+05	8.1944 59.7119 0.8900	
47.719644 295.150300	5.72e-01  7.02e-01  2.56e+05	-15.0258 54.5251 0.3742	
47.719644 295.150300	4.05e-01  7.83e-01  2.67e+05	-16.2794 44.8817 0.2492	
47.719644 295.150300	3.19e-01  8.38e-01  2.70e+05	-22.6557 37.6366 0.8651	
47.719644 295.150300	5.00e-01  8.46e-01  2.49e+05	2.8086 62.4715 0.7690	
47.719644 295.150300	6.79e-01  8.22e-01  2.33e+05	-42.5684 59.1494 0.2627	
47.719644 295.150300	7.73e-01  8.21e-01  2.25e+05	-11.4254 77.0395 0.5740	
47.719644 295.150300	5.99e-01  9.07e-01  2.33e+05	17.4858 71.0661 0.4332	
47.719644 295.150300	5.01e-01  6.47e-01  2.72e+05	12.4835 40.8757 0.9730	
47.719644 295.150300	5.08e-01  8.68e-01  2.45e+05	-15.4112 62.9210 0.8696	
47.719644 295.150300	5.38e-01  8.99e-01  2.39e+05	-8.4520 68.4283 0.6557	
47.719644 295.150300	6.13e-01  9.78e-01  2.25e+05	5.1023 77.6214 0.2631	
47.719644 295.150300	7.12e-01  8.65e-01  2.26e+05	17.8854 74.9275 0.1627	
47.719644 295.150300	4.55e-01  6.82e-01  2.73e+05	9.2594 40.1327 0.3523	
47.719644 295.150300	4.66e-01  7.37e-01  2.65e+05	19.9778 45.2039 0.8689	
47.719644 295.150300	5.38e-01  7.91e-01  2.50e+05	22.0355 57.0923 0.9994	
47.719644 295.150300	5.28e-01  8.92e-01  2.41e+05	6.5592 67.5071 0.5556	
47.719644 295.150300	5.67e-01  6.73e-01  2.60e+05	34.8009 40.3299 0.2992	
47.719644 295.150300	6.60e-01  7.94e-01  2.38e+05	-13.7399 68.6868 0.2908	
47.719644 295.150300	3.56e-01  9.32e-01  2.55e+05	30.9680 48.7182 0.6780	
47.719644 295.150300	4.18e-01  7.86e-01  2.65e+05	-7.5779 48.9275 0.3963	
47.719644 295.150300	7.34e-01  8.64e-01  2.24e+05	7.9787 77.7254 0.1334	
47.719644 295.150300	3.21e-01  7.78e-01  2.78e+05	-1.7563 35.3992 0.3672	
47.719644 295.150300	6.88e-01  7.51e-01  2.39e+05	14.2463 67.5765 0.2106	
47.719644 295.150300	4.72e-01  9.10e-01  2.45e+05	-0.1206 65.2172 0.2451	
47.719644 295.150300	6.86e-01  8.09e-01  2.34e+05	4.9904 72.3329 0.3181	
47.719644 295.150300	4.50e-01  7.90e-01  2.60e+05	-16.9979 50.5728 0.0085	
47.719644 295.150300	6.06e-01  9.19e-01  2.31e+05	62.1407 40.5618 0.8648	
47.719644 295.150300	4.31e-01  8.63e-01  2.54e+05	15.9331 56.1021 0.5156	
47.719644 295.150300	4.31e-01  9.67e-01  2.43e+05	-7.6058 65.9178 0.8748	
47.719644 295.150300	7.68e-01  9.21e-01  2.17e+05	61.0550 55.3176 0.1405	
47.719644 295.150300	5.73e-01  8.45e-01  2.41e+05	-25.5366 62.7206 0.7624	
47.719644 295.150300	5.26e-01  8.97e-01  2.41e+05	-8.0967 67.5362 0.1817	
47.719644 295.150300	3.91e-01  8.34e-01  2.62e+05	-22.2248 46.7567 0.0431	
47.719644 295.150300	5.43e-01  5.62e-01  2.77e+05	-13.8747 33.5207 0.1355	
47.719644 295.150300	6.86e-01  7.57e-01  2.39e+05	33.0103 61.0095 0.1722	
47.719644 295.150300	2.25e-01  8.81e-01  2.77e+05	8.3057 35.6341 0.3102	
47.719644 295.150300	4.99e-01  7.99e-01  2.54e+05	-18.1447 55.7493 0.9777	
47.719644 295.150300	3.96e-01  9.55e-01  2.48e+05	20.9131 59.3582 0.1831	
47.719644 295.150300	6.58e-01  7.79e-01  2.39e+05	-33.8820 60.0406 0.7644	
47.719644 295.150300	6.26e-01  8.31e-01  2.37e+05	9.6556 69.5993 0.9788	
47.719644 295.150300	3.88e-01  7.58e-01  2.72e+05	-10.0593 41.2213 0.0900	
47.719644 295.150300	5.19e-01  8.01e-01  2.51e+05	-7.2967 60.0627 0.8016	
47.719644 295.150300	5.60e-01  7.64e-01  2.51e+05	9.6375 60.0417 0.3931	
47.719644 295.150300	5.93e-01  9.82e-01  2.26e+05	-14.5750 75.5748 0.8842	
47.719644 295.150300	6.74e-01  8.82e-01  2.28e+05	2.6824 75.8780 0.7462	
47.719644 295.150300	5.60e-01  8.24e-01  2.45e+05	-18.3900 62.6553 0.2270	
47.719644 295.150300	6.35e-01  7.45e-01  2.45e+05	-20.2132 61.8559 0.0414	
47.719644 295.150300	5.84e-01  7.89e-01  2.46e+05	-19.4438 61.5589 0.6205	
47.719644 295.150300	6.82e-01  7.19e-01  2.43e+05	1.2190 66.5372 0.4718	
47.719644 295.150300	3.94e-01  7.74e-01  2.69e+05	-8.2929 44.5144 0.3546	
47.719644 295.150300	4.39e-01  9.04e-01  2.49e+05	-5.3318 62.0755 0.7271	
47.719644 295.150300	7.41e-01  9.13e-01  2.20e+05	13.9102 79.6145 0.8416	
47.719644 295.150300	5.24e-01  8.34e-01  2.47e+05	4.9564 63.2439 0.1677	
47.719644 295.150300	6.49e-01  7.59e-01  2.42e+05	-20.0258 63.9109 0.6176	
47.719644 295.150300	6.44e-01  7.54e-01  2.43e+05	7.3241 65.8761 0.6346	
47.719644 295.150300	4.83e-01  6.95e-01  2.68e+05	19.2613 42.3320 0.4673	
47.719644 295.150300	4.70e-01  7.46e-01  2.63e+05	17.6727 47.5796 0.1733	
47.719644 295.150300	4.85e-01  9.52e-01  2.39e+05	3.3387 68.8971 0.0684	
47.719644 295.150300	5.83e-01  8.78e-01  2.37e+05	-9.3810 69.8388 0.0082	
47.719644 295.150300	4.52e-01  7.72e-01  2.62e+05	5.7882 51.3028 0.8598	
47.719644 295.150300	5.54e-01  9.39e-01  2.34e+05	-3.3753 72.2999 0.7819	
47.719644 295.150300	5.03e-01  7.52e-01  2.59e+05	-9.5351 53.8830 0.3705	
47.719644 295.150300	5.22e-01  6.91e-01  2.64e+05	4.2201 50.2672 0.5658	
47.719644 295.150300	3.67e-01  8.32e-01  2.65e+05	2.6806 48.8158 0.2931	
47.719644 295.150300	6.41e-01  8.26e-01  2.36e+05	7.6306 70.4126 0.8664	
47.719644 295.150300	6.65e-01  8.89e-01  2.28e+05	-37.3884 65.9817 0.3068	
47.719644 295.150300	4.23e-01  8.08e-01  2.61e+05	0.5656 52.3629 0.9828	
47.719644 295.150300	4.31e-01  9.17e-01  2.48e+05	-12.8510 61.3168 0.9990	
47.719644 295.150300	4.74e-01  7.17e-01  2.66e+05	-12.0337 46.5145 0.0842	
47.719644 295.150300	5.76e-01  6.45e-01  2.63e+05	-20.4563 47.1284 0.3764	
47.719644 295.150300	5.06e-01  8.45e-01  2.48e+05	13.9907 61.3427 0.8700	
47.719644 295.150300	4.52e-01  8.33e-01  2.55e+05	35.1865 45.4399 0.0220	
47.719644 295.150300	7.28e-01  9.33e-01  2.19e+05	-6.5042 80.8679 0.5500	
47.719644 295.150300	4.12e-01  7.72e-01  2.67e+05	14.5211 44.9902 0.6116	
47.719644 295.150300	6.38e-01  8.55e-01  2.34e+05	-11.8994 71.4224 0.8216	
47.719644 295.150300	5.76e-01  7.10e-01  2.55e+05	0.3341 57.6234 0.7526	
47.719644 295.150300	5.50e-01  8.11e-01  2.47e+05	-3.3003 63.5662 0.3203	
47.719644 295.150300	4.45e-01  9.40e-01  2.45e+05	-14.8937 63.7060 0.7331	
47.719644 295.150300	5.42e-01  8.17e-01  2.47e+05	26.9065 57.4688 0.0694	
47.719644 295.150300	6.96e-01  8.74e-01  2.27e+05	-0.3694 76.6322 0.2641	
47.719644 295.150300	7.41e-01  9.42e-01  2.17e+05	28.3310 77.1054 0.7656	
47.719644 295.150300	5.30e-01  8.77e-01  2.42e+05	26.0130 61.7556 0.9788	
47.719644 295.150300	4.73e-01  7.84e-01  2.58e+05	4.1826 54.7857 0.5989	
47.719644 295.150300	3.83e-01  9.74e-01  2.47e+05	29.6581 55.9798 0.3467	
47.719644 295.150300	6.66e-01  7.33e-01  2.43e+05	24.5035 61.7281 0.7501	
47.719644 295.150300	5.70e-01  6.36e-01  2.64e+05	-8.5784 48.9982 0.0389	
47.719644 295.150300	7.44e-01  7.57e-01  2.33e+05	-11.6726 71.9260 0.0226	
47.719644 295.150300	3.38e-01  7.78e-01  2.76e+05	-5.9349 37.6486 0.0498	
47.719644 295.150300	3.40e-01  8.93e-01  2.61e+05	-8.0283 52.0160 0.4172	
47.719644 295.150300	5.20e-01  8.63e-01  2.45e+05	-4.5225 65.0856 0.5956	
47.719644 295.150300	4.95e-01  9.21e-01  2.41e+05	28.2403 61.3933 0.4770	
47.719644 295.150300	5.18e-01  7.99e-01  2.52e+05	-1.6682 60.1831 0.3462	
47.719644 295.150300	7.79e-01  8.52e-01  2.22e+05	-0.4657 79.7532 0.4186	
47.719644 295.150300	5.06e-01  8.47e-01  2.48e+05	-18.2991 60.2966 0.1184	
47.719644 295.150300	4.18e-01  7.31e-01  2.71e+05	-4.8377 42.6107 0.2224	
47.719644 295.150300	4.71e-01  8.57e-01  2.51e+05	11.2358 60.0016 0.2431	
47.719644 295.150300	4.50e-01  6.25e-01  2.81e+05	2.6395 30.9854 0.9337	
47.719644 295.150300	4.86e-01  8.77e-01  2.47e+05	4.8277 63.6434 0.8836	
47.719644 295.150300	5.38e-01  8.60e-01  2.43e+05	-4.5661 66.1690 0.1397	
47.719644 295.150300	5.56e-01  8.66e-01  2.41e+05	-31.0835 60.4418 0.2241	
47.719644 295.150300	4.81e-01  7.81e-01  2.58e+05	29.5852 46.8796 0.9145	
47.719644 295.150300	4.63e-01  7.39e-01  2.65e+05	15.6258 46.8553 0.8713	
47.719644 295.150300	7.00e-01  8.64e-01  2.27e+05	-3.7353 76.2639 0.6019	
47.719644 295.150300	4.98e-01  9.14e-01  2.42e+05	-34.5870 57.7200 0.4085	
47.719644 295.150300	2.63e-01  8.88e-01  2.71e+05	0.5668 43.1483 0.4110	
47.719644 295.150300	4.41e-01  9.29e-01  2.46e+05	-22.7229 60.1887 0.0301	
47.719644 295.150300	7.57e-01  8.86e-01  2.21e+05	-3.3322 80.2620 0.3702	
47.719644 295.150300	5.50e-01  9.20e-01  2.36e+05	14.7316 69.4289 0.5725	
47.719644 295.150300	6.93e-01  7.77e-01  2.36e+05	15.5341 69.2975 0.6838	
47.719644 295.150300	7.35e-01  9.55e-01  2.17e+05	-20.4322 79.8777 0.1501	
47.719644 295.150300	4.58e-01  7.08e-01  2.69e+05	2.2511 45.0650 0.9278	
47.719644 295.150300	7.22e-01  9.27e-01  2.20e+05	-31.5000 74.1892 0.1976	
47.719644 295.150300	5.83e-01  7.81e-01  2.47e+05	-2.0550 63.7922 0.9972	
47.719644 295.150300	4.51e-01  9.19e-01  2.46e+05	4.7240 64.1858 0.9383	
47.719644 295.150300	5.28e-01  7.99e-01  2.51e+05	7.7449 60.5317 0.3190	
47.719644 295.150300	4.82e-01  8.50e-01  2.50e+05	8.4757 60.8969 0.2313	
47.719644 295.150300	5.10e-01  9.16e-01  2.40e+05	-7.4706 67.8200 0.3640	
47.719644 295.150300	8.35e-01  8.58e-01  2.17e+05	30.7751 76.6252 0.8354	
47.719644 295.150300	5.23e-01  7.77e-01  2.54e+05	9.5317 58.0365 0.4797	
47.719644 295.150300	4.01e-01  8.13e-01  2.63e+05	15.8433 48.1308 0.2766	
47.719644 295.150300	7.16e-01  7.47e-01  2.37e+05	7.5444 70.1579 0.1476	
47.719644 295.150300	4.73e-01  6.84e-01  2.70e+05	17.2034 40.3426 0.7690	
47.719644 295.150300	6.58e-01  8.26e-01  2.35e+05	17.8466 69.5973 0.4042	
47.719644 295.150300	5.58e-01  8.45e-01  2.43e+05	12.8016 65.3861 0.4688	
47.719644 295.150300	5.15e-01  8.78e-01  2.44e+05	2.0798 65.9278 0.7998	
47.719644 295.150300	5.92e-01  7.92e-01  2.45e+05	0.0734 65.3673 0.3017	
47.719644 295.150300	6.99e-01  9.57e-01  2.20e+05	11.5807 80.1144 0.8789	
47.719644 295.150300	6.05e-01  9.48e-01  2.28e+05	-13.6328 74.5383 0.4519	
47.719644 295.150300	4.64e-01  7.50e-01  2.63e+05	21.3322 45.8809 0.5263	
47.719644 295.150300	4.99e-01  7.91e-01  2.55e+05	-9.9045 57.0122 0.5696	
47.719644 295.150300	5.27e-01  8.58e-01  2.45e+05	-1.2767 65.4143 0.2363	
47.719644 295.150300	4.50e-01  7.96e-01  2.60e+05	17.6884 50.8432 0.3031	
47.719644 295.150300	6.25e-01  7.86e-01  2.42e+05	-7.3753 66.7985 0.3859	
47.719644 295.150300	7.37e-01  8.77e-01  2.23e+05	11.7523 78.0283 0.5456	
47.719644 295.150300	4.52e-01  9.03e-01  2.48e+05	-16.7210 60.9998 0.7930	
47.719644 295.150300	5.70e-01  9.78e-01  2.29e+05	-22.0030 72.2333 0.8701	
47.719644 295.150300	5.53e-01  8.54e-01  2.42e+05	10.2716 66.1201 0.0561	
47.719644 295.150300	5.63e-01  7.10e-01  2.57e+05	-24.0614 51.0198 0.8266	
47.719644 295.150300	5.61e-01  7.50e-01  2.52e+05	25.0652 54.2197 0.0793	
47.719644 295.150300	4.08e-01  9.20e-01  2.51e+05	-4.4885 60.9074 0.7839	
47.719644 295.150300	6.24e-01  7.18e-01  2.49e+05	-8.9888 61.5588 0.2129	
47.719644 295.150300	6.01e-01  6.40e-01  2.60e+05	23.5243 47.9275 0.5257	
47.719644 295.150300	5.62e-01  8.37e-01  2.43e+05	2.3289 66.3309 0.9110	
47.719644 295.150300	4.07e-01  7.18e-01  2.74e+05	3.5524 39.3464 0.4891	
47.719644 295.150300	4.68e-01  7.07e-01  2.68e+05	16.8638 43.0016 0.0656	
47.719644 295.150300	4.47e-01  7.23e-01  2.69e+05	-6.3250 45.1697 0.1334	
47.719644 295.150300	5.75e-01  7.67e-01  2.49e+05	22.3840 58.0877 0.3695	
47.719644 295.150300	6.77e-01  8.96e-01  2.27e+05	7.2919 76.4643 0.4878	
47.719644 295.150300	6.84e-01  8.44e-01  2.31e+05	-36.4952 64.8351 0.6216	
47.719644 295.150300	4.44e-01  8.36e-01  2.56e+05	-25.3680 51.1766 0.3904	
47.719644 295.150300	5.60e-01  8.52e-01  2.42e+05	31.2896 59.5898 0.7562	
47.719644 295.150300	6.23e-01  7.62e-01  2.45e+05	13.4572 63.9535 0.3722	
47.719644 295.150300	6.47e-01  7.79e-01  2.40e+05	-13.2644 66.9120 0.9648	
47.719644 295.150300	3.12e-01  7.72e-01  2.80e+05	6.9839 31.9235 0.1996	
47.719644 295.150300	4.48e-01  6.97e-01  2.72e+05	-18.9735 37.7014 0.0825	
47.719644 295.150300	5.06e-01  9.65e-01  2.36e+05	22.0615 67.5684 0.9068	
47.719644 295.150300	4.60e-01  7.78e-01  2.61e+05	-0.0790 53.0906 0.2464	
47.719644 295.150300	4.65e-01  6.36e-01  2.78e+05	-10.7468 34.0650 0.0010	
47.719644 295.150300	4.86e-01  6.72e-01  2.70e+05	-28.8307 33.3029 0.7049	
47.719644 295.150300	5.04e-01  7.54e-01  2.58e+05	14.8769 52.9294 0.8425	
47.719644 295.150300	4.68e-01  8.63e-01  2.50e+05	-4.4822 61.2066 0.7359	
47.719644 295.150300	5.79e-01  8.34e-01  2.42e+05	15.9371 65.5070 0.0862	
47.719644 295.150300	5.68e-01  8.44e-01  2.42e+05	-4.8582 67.0843 0.4711	
47.719644 295.150300	7.13e-01  8.94e-01  2.24e+05	10.4102 77.8390 0.7142	
47.719644 295.150300	6.13e-01  7.84e-01  2.43e+05	17.1431 64.0352 0.7673	
47.719644 295.150300	4.78e-01  8.46e-01  2.51e+05	-0.4214 60.8050 0.8650	
47.719644 295.150300	5.11e-01  6.43e-01  2.71e+05	-4.3878 43.2942 0.5626	
47.719644 295.150300	6.11e-01  6.52e-01  2.58e+05	-15.7089 53.2542 0.4965	
47.719644 295.150300	5.26e-01  8.37e-01  2.47e+05	-7.5717 63.3883 0.9512	
47.719644 295.150300	6.41e-01  9.38e-01  2.26e+05	-9.2496 76.6133 0.7459	
47.719644 295.150300	4.08e-01  7.35e-01  2.72e+05	-26.2855 32.8243 0.4314	
47.719644 295.150300	4.96e-01  8.81e-01  2.45e+05	-24.2613 60.1431 0.4915	
47.719644 295.150300	7.03e-01  7.54e-01  2.37e+05	23.0019 66.3757 0.4752	
47.719644 295.150300	5.66e-01  6.69e-01  2.61e+05	21.9652 48.0029 0.3642	
47.719644 295.150300	4.89e-01  9.20e-01  2.42e+05	37.5836 55.5350 0.9456	
47.719644 295.150300	5.93e-01  8.32e-01  2.40e+05	-2.9261 68.1205 0.8661	
47.719644 295.150300	6.27e-01  6.91e-01  2.52e+05	27.9439 53.3688 0.1590	
47.719644 295.150300	3.92e-01  9.05e-01  2.54e+05	2.9979 58.4566 0.7932	
47.719644 295.150300	5.68e-01  8.66e-01  2.40e+05	-8.3692 68.2427 0.6876	
47.719644 295.150300	6.62e-01  8.20e-01  2.35e+05	21.7822 68.3623 0.5730	
47.719644 295.150300	3.76e-01  7.05e-01  2.80e+05	6.8423 31.4209 0.8923	
47.719644 295.150300	3.40e-01  9.10e-01  2.59e+05	-14.6318 52.2688 0.0592	
47.719644 295.150300	5.03e-01  9.06e-01  2.42e+05	13.5438 65.7388 0.2190	
47.719644 295.150300	4.27e-01  7.32e-01  2.70e+05	14.9776 41.4518 0.1426	
47.719644 295.150300	4.48e-01  7.25e-01  2.68e+05	13.4774 43.9958 0.2738	
47.719644 295.150300	5.19e-01  7.27e-01  2.60e+05	13.6543 52.1651 0.6968	
47.719644 295.150300	3.85e-01  8.75e-01  2.58e+05	-0.6504 55.2407 0.2264	
47.719644 295.150300	4.58e-01  8.69e-01  2.51e+05	-11.6582 59.8861 0.6622	
47.719644 295.150300	3.07e-01  8.62e-01  2.69e+05	-11.2087 43.9437 0.4473	
47.719644 295.150300	3.60e-01  7.04e-01  2.83e+05	-9.2076 27.1666 0.5968	
47.719644 295.150300	5.51e-01  6.91e-01  2.60e+05	-3.7075 53.3017 0.5690	
47.719644 295.150300	5.31e-01  8.60e-01  2.44e+05	16.1722 63.8835 0.9426	
47.719644 295.150300	5.49e-01  7.42e-01  2.55e+05	-4.7841 57.8452 0.8684	
47.719644 295.150300	6.14e-01  8.36e-01  2.38e+05	8.8639 69.1696 0.0747	
47.719644 295.150300	7.43e-01  9.29e-01  2.18e+05	6.9423 81.3485 0.6983	
47.719644 295.150300	6.27e-01  9.31e-01  2.28e+05	-18.8018 73.7276 0.8722	
47.719644 295.150300	6.27e-01  8.67e-01  2.34e+05	4.0507 72.3854 0.8661	
47.719644 295.150300	4.82e-01  7.84e-01  2.57e+05	-22.3078 51.1660 0.1004	
47.719644 295.150300	5.42e-01  6.44e-01  2.67e+05	-21.5295 42.3888 0.9695	
47.719644 295.150300	6.65e-01  8.38e-01  2.33e+05	-37.7056 62.4759 0.2337	
47.719644 295.150300	6.24e-01  7.12e-01  2.50e+05	28.7765 54.6561 0.3743	
47.719644 295.150300	5.44e-01  9.09e-01  2.38e+05	14.1196 68.5124 0.4420	
47.719644 295.150300	4.72e-01  8.61e-01  2.50e+05	-8.5835 60.8609 0.2339	
47.719644 295.150300	5.37e-01  7.45e-01  2.55e+05	31.1184 48.1126 0.5284	
47.719644 295.150300	5.12e-01  7.34e-01  2.60e+05	1.9885 53.8046 0.2285	
47.719644 295.150300	4.15e-01  9.67e-01  2.45e+05	20.2444 61.9878 0.5319	
47.719644 295.150300	6.93e-01  7.52e-01  2.38e+05	18.6993 66.9295 0.5987	
47.719644 295.150300	6.68e-01  6.93e-01  2.47e+05	7.1117 63.2864 0.8506	
47.719644 295.150300	5.85e-01  7.67e-01  2.48e+05	29.5059 55.7045 0.8469	
47.719644 295.150300	7.76e-01  8.76e-01  2.20e+05	0.6154 80.7247 0.1960	
47.719644 295.150300	7.43e-01  9.14e-01  2.20e+05	-22.5980 77.7418 0.8539	
47.719644 295.150300	5.97e-01  8.38e-01  2.40e+05	-14.4859 67.2451 0.4922	
47.719644 295.150300	6.91e-01  8.04e-01  2.34e+05	-18.2624 70.1728 0.0929	
47.719644 295.150300	5.57e-01  7.11e-01  2.57e+05	27.0170 49.0636 0.3011	
47.719644 295.150300	6.61e-01  7.06e-01  2.46e+05	21.8371 60.2877 0.1023	
47.719644 295.150300	7.20e-01  8.49e-01  2.27e+05	5.6241 76.3903 0.4484	
47.719644 295.150300	6.09e-01  8.32e-01  2.39e+05	35.6601 59.2598 0.4273	
47.719644 295.150300	3.83e-01  7.84e-01  2.69e+05	16.6957 42.0322 0.8003	
47.719644 295.150300	5.28e-01  7.60e-01  2.55e+05	2.7291 57.6858 0.4055	
47.719644 295.150300	5.43e-01  8.42e-01  2.45e+05	29.9108 58.2040 0.9212	
47.719644 295.150300	3.76e-01  9.49e-01  2.51e+05	-5.6659 60.5531 0.9430	
47.719644 295.150300	5.67e-01  7.44e-01  2.52e+05	5.7328 59.3956 0.4439	
47.719644 295.150300	5.82e-01  7.38e-01  2.51e+05	-11.1027 59.4463 0.6568	
47.719644 295.150300	6.07e-01  8.82e-01  2.34e+05	-6.8301 71.8768 0.9346	
47.719644 295.150300	6.78e-01  7.68e-01  2.38e+05	-18.0774 67.1170 0.1632	
47.719644 295.150300	5.27e-01  8.62e-01  2.44e+05	6.5274 65.3132 0.3279	
47.719644 295.150300	6.90e-01  7.85e-01  2.36e+05	23.7886 67.2411 0.9784	
47.719644 295.150300	4.18e-01  8.45e-01  2.58e+05	3.2156 55.4794 0.0550	
47.719644 295.150300	4.68e-01  7.54e-01  2.63e+05	4.0883 51.2671 0.6520	
47.719644 295.150300	6.46e-01  7.12e-01  2.47e+05	-24.3039 58.5439 0.7628	
47.719644 295.150300	5.05e-01  8.89e-01  2.44e+05	-7.1475 65.6906 0.3313	
47.719644 295.150300	6.88e-01  8.51e-01  2.30e+05	20.1368 72.2588 0.0870	
47.719644 295.150300	4.46e-01  8.50e-01  2.54e+05	10.5331 57.4455 0.0448	
47.719644 295.150300	4.96e-01  7.54e-01  2.59e+05	-23.0777 49.1152 0.1203	
47.719644 295.150300	5.30e-01  8.31e-01  2.47e+05	4.0929 63.5447 0.0305	
47.719644 295.150300	4.84e-01  8.22e-01  2.53e+05	17.0732 56.7736 0.2014	
47.719644 295.150300	4.56e-01  9.18e-01  2.46e+05	7.6055 64.1696 0.1727	
47.719644 295.150300	4.85e-01  8.92e-01  2.45e+05	31.6434 56.6335 0.7478	
47.719644 295.150300	7.41e-01  7.63e-01  2.33e+05	-11.2157 72.1847 0.1760	
47.719644 295.150300	5.67e-01  8.90e-01  2.37e+05	7.5462 69.7997 0.3872	
47.719644 295.150300	5.44e-01  7.74e-01  2.52e+05	-17.2108 57.8072 0.0436	
47.719644 295.150300	5.35e-01  8.31e-01  2.47e+05	-22.3365 59.9818 0.0923	
47.719644 295.150300	4.73e-01  9.13e-01  2.44e+05	1.8359 65.5000 0.9601	
47.719644 295.150300	5.89e-01  7.22e-01  2.52e+05	-2.2710 59.7146 0.9987	
47.719644 295.150300	3.71e-01  7.66e-01  2.73e+05	-7.6731 40.4197 0.5301	
47.719644 295.150300	5.08e-01  8.59e-01  2.46e+05	2.0970 64.0856 0.2019	
47.719644 295.150300	6.39e-01  7.70e-01  2.42e+05	2.5203 67.0760 0.4280	
47.719644 295.150300	5.36e-01  8.64e-01  2.43e+05	-1.6326 66.4521 0.5628	
47.719644 295.150300	5.15e-01  6.26e-01  2.72e+05	-17.1798 38.0835 0.2612	
47.719644 295.150300	6.62e-01  7.83e-01  2.39e+05	8.3498 68.9754 0.0914	
47.719644 295.150300	5.01e-01  8.48e-01  2.48e+05	-9.1432 62.1163 0.2018	
47.719644 295.150300	6.01e-01  8.31e-01  2.40e+05	16.7649 66.4970 0.6732	
47.719644 295.150300	5.52e-01  6.09e-01  2.70e+05	0.4809 44.5567 0.2641	
47.719644 295.150300	5.61e-01  9.06e-01  2.36e+05	7.5435 70.4521 0.6469	
47.719644 295.150300	6.17e-01  8.10e-01  2.40e+05	9.2078 67.6520 0.0001	
47.719644 295.150300	8.07e-01  9.05e-01  2.15e+05	-18.7571 81.2998 0.6560	
47.719644 295.150300	7.15e-01  8.91e-01  2.24e+05	-11.7654 77.6308 0.9881	
47.719644 295.150300	6.93e-01  7.91e-01  2.35e+05	-42.3642 58.0343 0.5983	
47.719644 295.150300	5.60e-01  7.83e-01  2.49e+05	-13.9443 60.6640 0.9865	
47.719644 295.150300	5.37e-01  8.77e-01  2.42e+05	0.6537 67.4395 0.1365	
47.719644 295.150300	5.43e-01  8.16e-01  2.47e+05	12.6732 62.2800 0.3418	
47.719644 295.150300	5.07e-01  8.21e-01  2.51e+05	-28.8862 53.8721 0.4814	
47.719644 295.150300	4.40e-01  7.64e-01  2.65e+05	-20.4155 45.1410 0.9721	
47.719644 295.150300	6.53e-01  9.16e-01  2.27e+05	-12.0441 75.6504 0.0597	
47.719644 295.150300	3.70e-01  7.56e-01  2.74e+05	2.0533 39.5080 0.0122	
47.719644 295.150300	5.15e-01  7.60e-01  2.56e+05	-4.8387 56.3791 0.7771	
47.719644 295.150300	5.87e-01  7.09e-01  2.54e+05	9.4013 57.6724 0.4268	
47.719644 295.150300	6.56e-01  9.13e-01  2.27e+05	4.1810 76.5082 0.0988	
47.719644 295.150300	6.33e-01  7.94e-01  2.40e+05	-10.7146 67.4447 0.0284	
47.719644 295.150300	5.59e-01  8.63e-01  2.41e+05	30.0750 60.9177 0.5838	
47.719644 295.150300	4.01e-01  7.37e-01  2.73e+05	7.7429 40.6356 0.8817	
47.719644 295.150300	5.89e-01  9.16e-01  2.33e+05	23.3635 69.2550 0.2031	
47.719644 295.150300	3.39e-01  9.28e-01  2.57e+05	18.6562 52.6141 0.2904	
47.719644 295.150300	4.97e-01  6.25e-01  2.75e+05	-11.8321 37.1966 0.1287	
47.719644 295.150300	6.59e-01  8.64e-01  2.31e+05	33.3820 66.1909 0.6776	
47.719644 295.150300	5.21e-01  8.56e-01  2.45e+05	6.0153 64.5490 0.2085	
47.719644 295.150300	6.90e-01  7.47e-01  2.39e+05	11.4849 67.9826 0.3756	
47.719644 295.150300	5.26e-01  7.31e-01  2.58e+05	-15.5144 52.6935 0.4149	
47.719644 295.150300	4.75e-01  8.41e-01  2.52e+05	10.3900 59.1990 0.4869	
47.719644 295.150300	3.29e-01  8.98e-01  2.62e+05	11.9971 50.5656 0.8956	
47.719644 295.150300	3.81e-01  8.47e-01  2.62e+05	13.8129 50.1518 0.6053	
47.719644 295.150300	5.34e-01  6.99e-01  2.61e+05	-7.6278 52.0434 0.2232	
47.719644 295.150300	6.99e-01  7.87e-01  2.35e+05	6.8339 71.6234 0.2499	
47.719644 295.150300	6.80e-01  9.13e-01  2.25e+05	6.8965 77.5557 0.0407	
47.719644 295.150300	5.10e-01  6.89e-01  2.65e+05	-18.5031 45.3731 0.1653	
47.719644 295.150300	4.59e-01  6.84e-01  2.72e+05	-20.1461 36.9797 0.4694	
47.719644 295.150300	7.61e-01  8.76e-01  2.21e+05	-13.8506 78.8287 0.0968	
47.719644 295.150300	3.93e-01  7.88e-01  2.67e+05	-31.9478 34.2525 0.8732	
47.719644 295.150300	4.75e-01  8.30e-01  2.53e+05	-10.2242 58.3284 0.0562	
47.719644 295.150300	5.33e-01  7.44e-01  2.56e+05	-16.6928 54.3556 0.1675	
47.719644 295.150300	5.30e-01  8.64e-01  2.44e+05	-12.8240 64.7827 0.3283	
47.719644 295.150300	5.77e-01  8.52e-01  2.40e+05	6.9291 68.0941 0.3605	
47.719644 295.150300	4.69e-01  7.38e-01  2.64e+05	27.9437 41.3532 0.3045	
47.719644 295.150300	5.31e-01  8.21e-01  2.48e+05	16.6884 60.6768 0.3434	
47.719644 295.150300	5.99e-01  7.95e-01  2.44e+05	-17.9719 63.6179 0.2001	
47.719644 295.150300	4.14e-01  8.54e-01  2.57e+05	-19.9954 52.1911 0.3732	
47.719644 295.150300	3.50e-01  9.02e-01  2.59e+05	10.6373 53.3481 0.8837	
47.719644 295.150300	6.72e-01  8.54e-01  2.31e+05	27.1321 69.1690 0.4143	
47.719644 295.150300	4.08e-01  8.71e-01  2.56e+05	-43.4115 36.9045 0.9299	
47.719644 295.150300	5.85e-01  7.40e-01  2.51e+05	-28.2970 53.9179 0.0915	
47.719644 295.150300	6.21e-01  8.14e-01  2.39e+05	9.1277 68.2283 0.0219	
47.719644 295.150300	5.46e-01  8.56e-01  2.43e+05	11.5400 65.6118 0.0967	
47.719644 295.150300	5.42e-01  7.16e-01  2.58e+05	27.7519 47.5312 0.2865	
47.719644 295.150300	4.72e-01  8.45e-01  2.52e+05	4.8492 60.0336 0.6746	
47.719644 295.150300	5.21e-01  6.89e-01  2.64e+05	2.2682 50.2257 0.3342	
47.719644 295.150300	6.10e-01  7.42e-01  2.48e+05	-19.5621 59.9389 0.4554	
47.719644 295.150300	3.19e-01  8.66e-01  2.67e+05	-33.3802 33.5952 0.5827	
47.719644 295.150300	6.99e-01  9.56e-01  2.20e+05	15.4549 79.3775 0.3802	
47.719644 295.150300	6.21e-01  7.53e-01  2.46e+05	-3.3909 64.5150 0.5348	
47.719644 295.150300	5.94e-01  8.44e-01  2.39e+05	14.4585 67.4695 0.8144	
47.719644 295.150300	5.22e-01  7.22e-01  2.60e+05	-15.8056 51.3277 0.6365	
47.719644 295.150300	4.94e-01  8.48e-01  2.49e+05	-5.4036 61.9474 0.0301	
47.719644 295.150300	2.82e-01  9.72e-01  2.59e+05	45.8091 29.8562 0.6797	
47.719644 295.150300	6.45e-01  8.76e-01  2.31e+05	-10.2124 73.3120 0.5373	
47.719644 295.150300	5.43e-01  7.59e-01  2.53e+05	-17.2051 56.4033 0.7376	
47.719644 295.150300	5.86e-01  8.44e-01  2.40e+05	-19.1136 65.8134 0.3498	
47.719644 295.150300	6.23e-01  9.20e-01  2.29e+05	23.7253 71.4359 0.6453	
47.719644 295.150300	6.24e-01  9.62e-01  2.26e+05	23.8482 73.7610 0.0445	
47.719644 295.150300	3.09e-01  9.00e-01  2.64e+05	12.6707 48.4890 0.1471	
47.719644 295.150300	5.81e-01  6.57e-01  2.61e+05	-4.5418 52.8655 0.3371	
47.719644 295.150300	7.52e-01  8.74e-01  2.22e+05	4.0278 79.3894 0.6978	
47.719644 295.150300	6.65e-01  9.90e-01  2.20e+05	-48.8423 64.4319 0.9633	
47.719644 295.150300	4.60e-01  5.94e-01  2.84e+05	-7.9948 25.1326 0.9086	
47.719644 295.150300	4.57e-01  9.36e-01  2.44e+05	27.7108 59.9127 0.9046	
47.719644 295.150300	7.78e-01  7.93e-01  2.27e+05	0.5862 76.7332 0.8886	
47.719644 295.150300	6.11e-01  8.58e-01  2.36e+05	-33.8779 62.2964 0.7229	
47.719644 295.150300	4.37e-01  7.54e-01  2.66e+05	0.8604 48.0973 0.3199	
47.719644 295.150300	3.48e-01  9.21e-01  2.57e+05	-3.0362 55.9919 0.3913	
47.719644 295.150300	4.37e-01  9.82e-01  2.41e+05	43.4307 52.0559 0.2897	
47.719644 295.150300	5.65e-01  7.17e-01  2.56e+05	12.3898 55.8852 0.0137	
47.719644 295.150300	3.22e-01  9.11e-01  2.61e+05	-22.3492 47.7116 0.6149	
47.719644 295.150300	5.20e-01  8.61e-01  2.45e+05	-0.5815 65.0697 0.9745	
47.719644 295.150300	3.80e-01  7.87e-01  2.69e+05	20.2498 40.3863 0.8637	
47.719644 295.150300	6.81e-01  7.60e-01  2.39e+05	28.4590 63.0297 0.0058	
47.719644 295.150300	3.99e-01  8.81e-01  2.56e+05	1.0021 57.0245 0.7518	
47.719644 295.150300	5.41e-01  8.25e-01  2.46e+05	5.2277 63.8288 0.9600	
47.719644 295.150300	5.58e-01  6.80e-01  2.61e+05	-10.9587 52.0077 0.0041	
47.719644 295.150300	6.81e-01  9.11e-01  2.25e+05	2.3298 77.7669 0.8481	
47.719644 295.150300	4.92e-01  7.98e-01  2.55e+05	-5.5970 57.6404 0.3993	
47.719644 295.150300	5.95e-01  8.07e-01  2.43e+05	4.9110 66.3691 0.1080	
47.719644 295.150300	5.78e-01  8.19e-01  2.43e+05	-5.5749 66.0009 0.9013	
47.719644 295.150300	7.26e-01  9.53e-01  2.18e+05	28.6826 76.7786 0.9993	
47.719644 295.150300	4.24e-01  8.03e-01  2.62e+05	-3.2046 51.8294 0.0719	
47.719644 295.150300	5.52e-01  7.43e-01  2.54e+05	3.8361 58.1924 0.5326	
47.719644 295.150300	4.62e-01  8.69e-01  2.50e+05	1.5906 61.3450 0.6459	
47.719644 295.150300	4.28e-01  7.33e-01  2.70e+05	13.7446 42.2781 0.6661	
47.719644 295.150300	5.85e-01  6.56e-01  2.60e+05	-10.8245 52.2360 0.5817	
47.719644 295.150300	6.61e-01  8.55e-01  2.32e+05	-10.7617 72.9523 0.7398	
47.719644 295.150300	6.57e-01  7.34e-01  2.44e+05	10.9873 64.9533 0.0415	
47.719644 295.150300	5.68e-01  5.86e-01  2.71e+05	-20.9629 38.1563 0.0697	
47.719644 295.150300	4.91e-01  8.10e-01  2.53e+05	16.7312 56.4703 0.6203	
47.719644 295.150300	5.65e-01  8.68e-01  2.40e+05	-15.5021 66.9177 0.3602	
47.719644 295.150300	4.08e-01  7.29e-01  2.73e+05	-1.3558 41.2487 0.1559	
47.719644 295.150300	6.05e-01  9.62e-01  2.27e+05	-13.5259 75.3538 0.4360	
47.719644 295.150300	4.77e-01  8.02e-01  2.56e+05	9.2295 56.1705 0.0591	
47.719644 295.150300	8.42e-01  8.64e-01  2.16e+05	-9.1845 82.6214 0.9552	
47.719644 295.150300	5.97e-01  8.56e-01  2.38e+05	5.9343 69.7438 0.3162	
47.719644 295.150300	7.63e-01  9.80e-01  2.13e+05	-17.3147 82.9508 0.8595	
47.719644 295.150300	6.37e-01  8.34e-01  2.36e+05	2.3657 71.0372 0.6931	
47.719644 295.150300	5.63e-01  8.48e-01  2.42e+05	24.6534 62.5490 0.7728	
47.719644 295.150300	4.98e-01  8.20e-01  2.52e+05	12.6613 58.9170 0.5567	
47.719644 295.150300	5.83e-01  8.46e-01  2.40e+05	19.7840 65.4560 0.8221	
47.719644 295.150300	4.17e-01  7.11e-01  2.74e+05	-4.4857 39.6707 0.8559	
47.719644 295.150300	5.04e-01  8.75e-01  2.45e+05	-16.8505 62.7006 0.4498	
47.719644 295.150300	5.95e-01  8.03e-01  2.43e+05	-24.7107 61.5360 0.0657	
47.719644 295.150300	4.71e-01  7.63e-01  2.61e+05	-14.9281 50.4985 0.0138	
47.719644 295.150300	4.69e-01  7.73e-01  2.60e+05	9.7775 52.6373 0.7395	
47.719644 295.150300	5.07e-01  7.76e-01  2.56e+05	-5.8963 56.9567 0.7834	
47.719644 295.150300	6.83e-01  7.30e-01  2.42e+05	-2.9269 67.2544 0.6375	
47.719644 295.150300	4.97e-01  9.40e-01  2.39e+05	-9.3611 68.3136 0.5239	
47.719644 295.150300	6.68e-01  8.30e-01  2.34e+05	-16.6787 70.7362 0.9438	
47.719644 295.150300	5.40e-01  8.12e-01  2.48e+05	11.5000 61.8884 0.9962	
47.719644 295.150300	5.09e-01  7.21e-01  2.62e+05	12.9478 50.6326 0.1220	
47.719644 295.150300	3.92e-01  9.09e-01  2.53e+05	0.8740 58.9375 0.9726	
47.719644 295.150300	4.59e-01  6.95e-01  2.71e+05	-7.4237 42.8054 0.6372	
47.719644 295.150300	4.17e-01  7.76e-01  2.66e+05	4.8719 48.0806 0.6040	
47.719644 295.150300	5.14e-01  9.36e-01  2.38e+05	14.1977 68.2771 0.9850	
47.719644 295.150300	6.49e-01  8.15e-01  2.37e+05	-13.6792 69.2687 0.7930	
47.719644 295.150300	5.15e-01  8.93e-01  2.42e+05	12.7895 65.8067 0.5015	
47.719644 295.150300	2.89e-01  8.03e-01  2.79e+05	-25.2694 23.0602 0.4104	
47.719644 295.150300	4.72e-01  7.72e-01  2.60e+05	-22.2587 48.8377 0.0688	
47.719644 295.150300	6.52e-01  8.70e-01  2.31e+05	-0.7514 74.0652 0.7481	
47.719644 295.150300	5.01e-01  7.97e-01  2.54e+05	-25.7799 52.6871 0.7945	
47.719644 295.150300	6.83e-01  7.47e-01  2.40e+05	7.4425 68.0724 0.0506	
47.719644 295.150300	4.68e-01  7.81e-01  2.59e+05	9.6477 53.2823 0.9205	
47.719644 295.150300	4.40e-01  7.25e-01  2.69e+05	-10.9907 43.6006 0.6146	
47.719644 295.150300	3.67e-01  7.87e-01  2.71e+05	-14.7344 40.9705 0.0896	
47.719644 295.150300	3.93e-01  7.31e-01  2.75e+05	9.8175 38.0319 0.0844	
47.719644 295.150300	3.77e-01  9.04e-01  2.56e+05	0.1338 57.1228 0.6387	
47.719644 295.150300	4.43e-01  9.30e-01  2.46e+05	16.5397 62.4110 0.3521	
47.719644 295.150300	5.28e-01  8.80e-01  2.42e+05	-0.9930 67.0008 0.4232	
47.719644 295.150300	5.10e-01  6.89e-01  2.65e+05	-14.8076 46.7358 0.5836	
47.719644 295.150300	5.79e-01  7.25e-01  2.53e+05	-15.4206 57.0777 0.7643	
47.719644 295.150300	5.47e-01  8.57e-01  2.43e+05	0.2475 66.7802 0.0240	
47.719644 295.150300	5.75e-01  7.56e-01  2.50e+05	-4.6718 61.2268 0.2497	
47.719644 295.150300	6.56e-01  9.05e-01  2.28e+05	-13.3376 75.0067 0.1973	
47.719644 295.150300	4.96e-01  7.75e-01  2.57e+05	25.4507 50.2472 0.4299	
47.719644 295.150300	5.52e-01  8.36e-01  2.44e+05	-26.4320 60.0925 0.3821	
47.719644 295.150300	6.90e-01  9.44e-01  2.21e+05	-18.6989 77.6476 0.5759	
47.719644 295.150300	5.28e-01  9.54e-01  2.35e+05	12.1539 70.6965 0.4013	
47.719644 295.150300	2.85e-01  9.38e-01  2.62e+05	10.1077 50.6077 0.9287	
47.719644 295.150300	4.54e-01  7.10e-01  2.70e+05	1.7601 44.7586 0.1016	
47.719644 295.150300	4.27e-01  7.28e-01  2.71e+05	7.4045 43.0587 0.5941	
47.719644 295.150300	6.16e-01  8.25e-01  2.39e+05	-4.5155 69.0106 0.2378	
47.719644 295.150300	5.42e-01  6.66e-01  2.64e+05	2.3569 49.9711 0.9725	
47.719644 295.150300	4.96e-01  8.06e-01  2.53e+05	7.7941 58.4574 0.1221	
47.719644 295.150300	4.13e-01  9.01e-01  2.52e+05	-25.1610 54.4550 0.0283	
47.719644 295.150300	6.13e-01  9.29e-01  2.29e+05	50.2041 55.9599 0.7897	
47.719644 295.150300	6.43e-01  9.67e-01  2.23e+05	-41.6391 66.7690 0.3046	
47.719644 295.150300	5.98e-01  7.45e-01  2.49e+05	-20.7475 58.7128 0.7641	
47.719644 295.150300	5.25e-01  6.34e-01  2.70e+05	20.9228 39.0278 0.7439	
47.719644 295.150300	5.40e-01  7.02e-01  2.60e+05	3.7525 53.3129 0.5857	
47.719644 295.150300	4.99e-01  6.17e-01  2.76e+05	13.1266 35.8205 0.5591	
47.719644 295.150300	8.08e-01  9.03e-01  2.15e+05	35.1364 75.6272 0.4506	
47.719644 295.150300	4.87e-01  7.61e-01  2.59e+05	26.6047 47.1686 0.4717	
47.719644 295.150300	4.64e-01  7.69e-01  2.61e+05	12.4367 51.1574 0.7460	
47.719644 295.150300	4.83e-01  9.12e-01  2.44e+05	11.9000 65.0135 0.1817	
47.719644 295.150300	4.22e-01  8.74e-01  2.54e+05	12.0516 57.1572 0.4982	
47.719644 295.150300	5.68e-01  7.79e-01  2.48e+05	-11.7804 61.5092 0.6923	
47.719644 295.150300	2.88e-01  8.26e-01  2.76e+05	-7.8867 36.9510 0.2263	
47.719644 295.150300	4.65e-01  7.97e-01  2.58e+05	-9.0360 54.7443 0.9865	
47.719644 295.150300	5.40e-01  9.11e-01  2.38e+05	-15.8423 68.0062 0.0573	
47.719644 295.150300	6.78e-01  7.68e-01  2.38e+05	-28.9500 63.2149 0.6339	
47.719644 295.150300	7.16e-01  7.65e-01  2.35e+05	-0.9634 71.6387 0.1859	
47.719644 295.150300	6.04e-01  8.61e-01  2.37e+05	25.7402 65.8608 0.9550	
47.719644 295.150300	7.58e-01  8.78e-01  2.21e+05	-23.7556 76.3955 0.5533	
47.719644 295.150300	6.86e-01  9.07e-01  2.25e+05	-17.7174 75.8395 0.8949	
47.719644 295.150300	6.03e-01  8.42e-01  2.38e+05	19.5905 66.6745 0.8030	
47.719644 295.150300	6.00e-01  8.14e-01  2.42e+05	-9.3678 66.7585 0.6072	
47.719644 295.150300	6.75e-01  8.83e-01  2.28e+05	29.3652 70.1367 0.4305	
47.719644 295.150300	5.10e-01  7.90e-01  2.54e+05	-5.4660 58.5151 0.5261	
47.719644 295.150300	2.81e-01  8.12e-01  2.79e+05	9.1346 32.9186 0.3311	
47.719644 295.150300	5.45e-01  7.62e-01  2.53e+05	-20.7981 55.6800 0.6430	
47.719644 295.150300	4.72e-01  6.77e-01  2.71e+05	13.5479 40.6835 0.1217	
47.719644 295.150300	5.14e-01  8.38e-01  2.48e+05	6.4490 62.7230 0.8761	
47.719644 295.150300	4.32e-01  8.35e-01  2.57e+05	-8.0646 55.2635 0.4794	
47.719644 295.150300	5.18e-01  7.78e-01  2.54e+05	25.9143 52.4538 0.4957	
47.719644 295.150300	4.67e-01  7.33e-01  2.65e+05	-0.7269 49.0389 0.9168	
47.719644 295.150300	5.76e-01  9.07e-01  2.35e+05	2.9053 71.7809 0.4631	
47.719644 295.150300	5.73e-01  7.48e-01  2.51e+05	31.6909 51.5771 0.5548	
47.719644 295.150300	6.15e-01  8.32e-01  2.38e+05	-8.5690 69.0047 0.7879	
47.719644 295.150300	5.72e-01  5.81e-01  2.71e+05	-0.8928 43.4149 0.2168	
47.719644 295.150300	8.03e-01  9.13e-01  2.15e+05	6.3354 83.3857 0.3705	
47.719644 295.150300	6.45e-01  8.34e-01  2.35e+05	-18.5207 69.0976 0.8236	
47.719644 295.150300	5.49e-01  8.87e-01  2.39e+05	5.6919 68.6608 0.6730	
47.719644 295.150300	4.30e-01  8.74e-01  2.53e+05	18.1619 56.3135 0.5194	
47.719644 295.150300	4.99e-01  7.24e-01  2.62e+05	-5.9257 51.2267 0.0380	
47.719644 295.150300	4.19e-01  9.69e-01  2.44e+05	-33.4661 56.4847 0.9524	
47.719644 295.150300	4.20e-01  6.94e-01  2.76e+05	4.3318 37.5645 0.4008	
47.719644 295.150300	4.87e-01  8.38e-01  2.51e+05	-3.7312 60.7900 0.9886	
47.719644 295.150300	6.60e-01  8.61e-01  2.31e+05	-26.9539 68.9287 0.9373	
47.719644 295.150300	5.88e-01  7.37e-01  2.51e+05	-4.0101 60.7326 0.8225	
47.719644 295.150300	6.88e-01  8.12e-01  2.33e+05	-5.0912 72.6255 0.4251	
47.719644 295.150300	5.12e-01  7.82e-01  2.54e+05	-5.3553 58.0336 0.6401	
47.719644 295.150300	6.46e-01  7.67e-01  2.42e+05	11.1543 66.4288 0.9100	
47.719644 295.150300	6.30e-01  8.46e-01  2.36e+05	15.3685 69.7011 0.0054	
47.719644 295.150300	4.81e-01  8.41e-01  2.51e+05	-39.3291 46.1499 0.3345	
47.719644 295.150300	3.00e-01  9.29e-01  2.62e+05	21.2923 47.5991 0.0314	
47.719644 295.150300	3.95e-01  7.44e-01  2.73e+05	-14.5202 38.8492 0.5593	
47.719644 295.150300	5.05e-01  9.17e-01  2.41e+05	-1.4625 67.9622 0.8956	
47.719644 295.150300	5.55e-01  8.00e-01  2.48e+05	7.9044 62.7336 0.3332	
47.719644 295.150300	5.99e-01  6.54e-01  2.59e+05	30.9352 44.9598 0.8994	
47.719644 295.150300	4.38e-01  7.23e-01  2.70e+05	-0.6915 44.4171 0.2669	
47.719644 295.150300	4.95e-01  8.21e-01  2.52e+05	25.5994 54.3906 0.0540	
47.719644 295.150300	6.25e-01  9.38e-01  2.28e+05	18.9140 73.9314 0.2199	
47.719644 295.150300	5.54e-01  8.98e-01  2.38e+05	-5.4453 69.7317 0.3597	
47.719644 295.150300	5.24e-01  9.19e-01  2.39e+05	41.7317 55.3607 0.1251	
47.719644 295.150300	7.13e-01  8.04e-01  2.32e+05	7.0605 73.4515 0.8100	
47.719644 295.150300	4.32e-01  7.71e-01  2.65e+05	19.7762 45.2716 0.0893	
47.719644 295.150300	7.86e-01  8.57e-01  2.21e+05	41.3381 68.8416 0.9331	
47.719644 295.150300	6.31e-01  9.08e-01  2.30e+05	-12.4337 73.9703 0.5539	
47.719644 295.150300	4.94e-01  8.04e-01  2.54e+05	6.9380 58.2175 0.1312	
47.719644 295.150300	4.65e-01  8.77e-01  2.49e+05	-2.5129 62.1637 0.1586	
47.719644 295.150300	4.92e-01  7.69e-01  2.58e+05	8.1792 54.7667 0.0699	
47.719644 295.150300	5.64e-01  7.31e-01  2.54e+05	19.4813 55.0770 0.3316	
47.719644 295.150300	4.13e-01  8.65e-01  2.56e+05	-16.6671 54.3498 0.7665	
47.719644 295.150300	7.96e-01  9.00e-01  2.16e+05	28.6720 77.6163 0.5092	
47.719644 295.150300	4.36e-01  8.51e-01  2.55e+05	9.1000 57.0068 0.9166	
47.719644 295.150300	6.49e-01  7.96e-01  2.39e+05	-11.3385 68.5525 0.6874	
47.719644 295.150300	4.93e-01  8.83e-01  2.46e+05	-17.4364 62.3503 0.3027	
47.719644 295.150300	6.92e-01  7.54e-01  2.38e+05	12.7201 68.3753 0.8245	
47.719644 295.150300	6.25e-01  6.91e-01  2.52e+05	-11.8948 58.9467 0.6255	
47.719644 295.150300	6.71e-01  7.57e-01  2.40e+05	-12.5824 67.1486 0.5271	
47.719644 295.150300	5.00e-01  6.84e-01  2.67e+05	15.0897 44.8358 0.9105	
47.719644 295.150300	5.58e-01  9.03e-01  2.37e+05	-12.4098 69.3636 0.9048	
47.719644 295.150300	4.57e-01  8.69e-01  2.51e+05	-7.1914 60.5670 0.8077	
47.719644 295.150300	4.61e-01  7.99e-01  2.58e+05	5.7958 54.8505 0.3131	
47.719644 295.150300	4.54e-01  8.62e-01  2.52e+05	-22.2076 55.8226 0.4745	
47.719644 295.150300	5.25e-01  9.90e-01  2.32e+05	26.5401 68.6939 0.3625	
47.719644 295.150300	5.11e-01  7.44e-01  2.59e+05	18.1139 51.6742 0.9137	
47.719644 295.150300	4.29e-01  8.47e-01  2.56e+05	3.1703 56.6600 0.2390	
47.719644 295.150300	5.13e-01  8.64e-01  2.45e+05	-4.2488 64.7506 0.8371	
