13.453624 149.402142	7.87e+04  9.61e+04  1.35e+05	80.06 1.42	0.5014 -0.3242 -0.8593	
13.453624 149.402142	8.75e+04  9.66e+04  1.26e+05	 64.78 -21.54	 0.2286 0.2395 0.8197	
13.453624 149.402142	7.33e+04  1.08e+05  1.29e+05	 83.53 -16.54	 -0.9205 -0.3194 -0.0555	
13.453624 149.402142	8.27e+04  1.06e+05  1.21e+05	 87.29 37.15	 0.4333 -0.3020 0.1879	
13.453624 149.402142	8.56e+04  1.08e+05  1.17e+05	 60.70 -29.00	 -0.0592 -0.7045 0.2240	
13.453624 149.402142	8.14e+04  9.78e+04  1.31e+05	 81.69 14.37	 -0.7885 0.7657 -0.9870	
13.453624 149.402142	6.06e+04  1.20e+05  1.29e+05	 27.90 -7.63	 -0.7498 0.7802 -0.4318	
13.453624 149.402142	6.68e+04  1.08e+05  1.36e+05	 71.05 -26.63	 -0.4241 -0.1447 -0.7121	
13.453624 149.402142	7.96e+04  8.68e+04  1.44e+05	 66.79 2.23	 -0.7164 -0.7257 0.9262	
13.453624 149.402142	9.22e+04  9.98e+04  1.18e+05	 81.32 32.68	 -0.5477 -0.3332 0.6003	
13.453624 149.402142	7.70e+04  9.86e+04  1.34e+05	 50.96 -26.41	 -0.0889 -0.5563 -0.7778	
13.453624 149.402142	8.01e+04  1.07e+05  1.23e+05	 64.61 -16.49	 0.0777 -0.0618 0.8930	
13.453624 149.402142	6.93e+04  9.56e+04  1.45e+05	 40.54 -1.54	 -0.7371 0.7237 -0.9962	
13.453624 149.402142	7.59e+04  1.01e+05  1.33e+05	 85.39 9.38	 0.2505 -0.6934 -0.7670	
13.453624 149.402142	6.20e+04  1.20e+05  1.28e+05	 81.79 -26.84	 -0.7685 -0.7103 0.8077	
13.453624 149.402142	7.49e+04  9.59e+04  1.39e+05	 45.12 -12.25	 -0.7170 0.4758 -0.8985	
13.453624 149.402142	4.52e+04  1.19e+05  1.46e+05	 45.82 5.57	 -0.0598 -0.3512 0.9219	
13.453624 149.402142	6.32e+04  1.14e+05  1.33e+05	 58.54 -2.37	 -0.4225 0.0846 0.8160	
13.453624 149.402142	7.84e+04  1.01e+05  1.31e+05	 67.26 -11.65	 0.1130 0.2956 0.9767	
13.453624 149.402142	8.25e+04  1.01e+05  1.27e+05	 78.24 13.55	 0.5428 0.2523 0.0708	
13.453624 149.402142	7.26e+04  1.10e+05  1.28e+05	 87.39 -11.25	 0.5837 0.8350 0.5105	
13.453624 149.402142	6.58e+04  1.06e+05  1.39e+05	 44.88 10.57	 0.3354 0.6308 0.9370	
13.453624 149.402142	5.17e+04  1.20e+05  1.38e+05	 34.80 22.41	 -0.6780 -0.7743 0.9581	
13.453624 149.402142	6.64e+04  1.11e+05  1.32e+05	 55.59 -31.24	 -0.5759 -0.3174 0.9239	
13.453624 149.402142	5.57e+04  1.18e+05  1.36e+05	 74.97 11.46	 0.3320 -0.7657 -0.5643	
13.453624 149.402142	5.93e+04  1.18e+05  1.33e+05	 80.69 -30.30	 -0.9291 0.5442 -0.4670	
13.453624 149.402142	8.75e+04  9.75e+04  1.25e+05	 38.90 35.24	 -0.5449 -0.7142 0.9756	
13.453624 149.402142	7.80e+04  8.75e+04  1.45e+05	 60.89 -1.72	 0.4296 0.1880 0.9582	
13.453624 149.402142	5.15e+04  1.10e+05  1.48e+05	 53.74 -12.82	 -0.7577 -0.7864 0.7611	
13.453624 149.402142	6.20e+04  1.09e+05  1.40e+05	 63.63 23.92	 0.2347 -0.3025 0.8490	
13.453624 149.402142	5.33e+04  1.22e+05  1.35e+05	 55.03 9.22	 0.0915 -0.3515 0.6010	
13.453624 149.402142	3.65e+04  1.28e+05  1.46e+05	 52.83 -9.47	 0.5204 -0.6016 -0.9913	
13.453624 149.402142	6.59e+04  9.58e+04  1.48e+05	 42.10 -0.30	 -0.4877 -0.6438 0.9566	
13.453624 149.402142	6.64e+04  1.04e+05  1.39e+05	 53.78 17.67	 0.2257 0.7949 0.7649	
13.453624 149.402142	7.89e+04  1.05e+05  1.27e+05	 62.13 -3.64	 -0.7337 -0.3902 -0.3009	
13.453624 149.402142	7.93e+04  9.60e+04  1.35e+05	 51.07 20.71	 -0.2885 0.1949 0.8608	
13.453624 149.402142	6.92e+04  1.18e+05  1.22e+05	 72.47 -17.66	 0.2750 0.4593 0.9799	
13.453624 149.402142	6.90e+04  9.63e+04  1.45e+05	 57.60 -7.22	 -0.5842 -0.6754 0.9858	
13.453624 149.402142	9.27e+04  9.90e+04  1.18e+05	 67.99 -36.50	 0.5843 -0.0467 0.7314	
13.453624 149.402142	5.53e+04  1.06e+05  1.48e+05	 25.42 11.77	 -0.2238 0.2752 -0.9983	
13.453624 149.402142	6.21e+04  1.14e+05  1.34e+05	 46.28 0.14	 -0.5565 0.1235 0.7102	
13.453624 149.402142	6.77e+04  1.13e+05  1.29e+05	 49.17 -14.60	 0.1474 0.5958 0.8806	
13.453624 149.402142	6.00e+04  1.14e+05  1.36e+05	 66.20 53.94	 -0.8269 -0.8403 0.9676	
13.453624 149.402142	7.94e+04  1.03e+05  1.28e+05	 71.40 20.30	 -0.1273 0.1369 0.7659	
13.453624 149.402142	5.90e+04  1.17e+05  1.34e+05	 48.40 -3.83	 -0.7437 0.7095 -0.9796	
13.453624 149.402142	6.61e+04  1.17e+05  1.28e+05	 62.78 -18.74	 -0.1536 -0.2109 0.9868	
13.453624 149.402142	8.57e+04  9.55e+04  1.29e+05	 70.52 -16.84	 -0.5534 -0.7155 0.9738	
13.453624 149.402142	7.61e+04  9.05e+04  1.43e+05	 32.96 -23.99	 -0.5483 0.5167 -0.9919	
13.453624 149.402142	5.94e+04  1.14e+05  1.36e+05	 87.82 18.20	 -0.0383 -0.0303 0.9628	
13.453624 149.402142	6.65e+04  1.17e+05  1.26e+05	 57.34 44.98	 -0.9058 0.9371 -0.7057	
13.453624 149.402142	6.01e+04  1.17e+05  1.33e+05	 86.92 -16.88	 -0.7274 -0.3748 -0.0686	
13.453624 149.402142	9.10e+04  1.01e+05  1.18e+05	 45.02 16.42	 0.2313 -0.0026 0.9678	
13.453624 149.402142	6.03e+04  1.19e+05  1.31e+05	 46.91 15.84	 -0.3556 -0.1395 0.2633	
13.453624 149.402142	7.21e+04  1.16e+05  1.22e+05	 70.42 8.92	 -0.4381 -0.9052 0.4809	
13.453624 149.402142	8.16e+04  1.08e+05  1.21e+05	 75.88 13.52	 0.0238 0.3177 0.7235	
13.453624 149.402142	6.25e+04  1.19e+05  1.28e+05	 69.58 7.05	 -0.8613 -0.8543 0.9723	
13.453624 149.402142	5.63e+04  1.10e+05  1.44e+05	 55.43 12.81	 0.0191 0.1157 0.9948	
13.453624 149.402142	8.15e+04  1.07e+05  1.22e+05	 35.89 -23.06	 0.3394 -0.5067 -0.6673	
13.453624 149.402142	8.54e+04  9.77e+04  1.27e+05	 73.79 18.65	 0.1760 0.6275 0.6925	
13.453624 149.402142	6.31e+04  1.13e+05  1.34e+05	 60.48 -29.33	 0.2374 0.4066 0.9830	
13.453624 149.402142	5.40e+04  1.17e+05  1.39e+05	 66.83 -12.80	 0.3023 0.3876 0.9247	
13.453624 149.402142	9.22e+04  9.45e+04  1.23e+05	 67.94 -13.33	 0.2871 -0.3892 -0.9701	
13.453624 149.402142	6.17e+04  1.06e+05  1.43e+05	 35.92 -13.68	 -0.5528 -0.5273 0.9991	
13.453624 149.402142	4.82e+04  1.11e+05  1.51e+05	 24.30 -7.98	 0.4003 0.3544 0.9971	
13.453624 149.402142	8.24e+04  1.08e+05  1.19e+05	 86.84 2.42	 -0.5213 0.0954 0.7976	
13.453624 149.402142	6.55e+04  1.08e+05  1.37e+05	 71.35 -10.26	 0.2612 0.3899 0.9330	
13.453624 149.402142	5.90e+04  1.10e+05  1.41e+05	 41.23 0.92	 -0.5974 0.7293 -0.9599	
13.453624 149.402142	5.88e+04  1.04e+05  1.47e+05	 30.33 -14.14	 -0.7533 0.6282 -0.9849	
13.453624 149.402142	5.14e+04  1.11e+05  1.47e+05	 41.47 -6.05	 0.1411 -0.6204 0.5106	
13.453624 149.402142	6.64e+04  9.70e+04  1.47e+05	 78.22 4.62	 -0.1738 -0.1882 -0.8625	
13.453624 149.402142	9.06e+04  1.08e+05  1.12e+05	 96.48 -11.86	 0.2559 0.2631 -0.6488	
13.453624 149.402142	5.55e+04  1.11e+05  1.44e+05	 41.36 5.66	 -0.4793 -0.4204 0.9902	
13.453624 149.402142	7.92e+04  9.60e+04  1.35e+05	 51.72 13.80	 0.4297 0.8300 0.8599	
13.453624 149.402142	7.23e+04  1.09e+05  1.29e+05	 53.03 -20.29	 0.2479 -0.3665 -0.6794	
13.453624 149.402142	6.19e+04  1.14e+05  1.34e+05	 46.74 12.28	 -0.1893 0.0379 0.8394	
13.453624 149.402142	5.38e+04  1.23e+05  1.34e+05	 60.08 4.14	 0.2116 0.7151 0.5990	
13.453624 149.402142	7.64e+04  1.09e+05  1.25e+05	 86.50 -20.22	 -0.7034 -0.5928 0.6364	
13.453624 149.402142	5.73e+04  1.16e+05  1.37e+05	 61.05 -7.41	 -0.3058 0.3255 0.7617	
13.453624 149.402142	6.54e+04  1.02e+05  1.43e+05	 93.93 -2.51	 0.0425 0.4481 0.9024	
13.453624 149.402142	8.42e+04  9.61e+04  1.30e+05	 102.04 26.48	 0.5460 0.1232 0.3154	
13.453624 149.402142	8.79e+04  9.94e+04  1.23e+05	 68.76 -21.11	 0.2171 -0.1286 0.7481	
13.453624 149.402142	7.25e+04  1.14e+05  1.24e+05	 66.98 -8.71	 -0.9636 0.8746 -0.8460	
13.453624 149.402142	6.98e+04  1.06e+05  1.34e+05	 77.18 22.63	 0.4167 -0.7832 -0.5942	
13.453624 149.402142	6.31e+04  1.05e+05  1.42e+05	 53.65 -12.30	 -0.9371 -0.8727 0.9830	
13.453624 149.402142	7.15e+04  1.04e+05  1.35e+05	 34.57 0.43	 0.5236 0.3843 0.9532	
13.453624 149.402142	8.00e+04  1.14e+05  1.16e+05	 48.17 -21.51	 0.4258 -0.5913 -0.9301	
13.453624 149.402142	7.24e+04  1.07e+05  1.30e+05	 72.17 -18.01	 -0.9790 -0.9919 0.9506	
13.453624 149.402142	8.72e+04  9.84e+04  1.24e+05	 72.33 -4.63	 0.5597 0.4644 0.9079	
13.453624 149.402142	6.43e+04  1.04e+05  1.41e+05	 16.49 18.46	 -0.9597 0.7380 -0.8335	
13.453624 149.402142	5.78e+04  1.06e+05  1.46e+05	 49.22 3.95	 -0.3730 -0.4845 0.9921	
13.453624 149.402142	5.54e+04  1.14e+05  1.41e+05	 70.56 6.75	 0.5775 -0.7004 -0.9827	
13.453624 149.402142	5.86e+04  1.03e+05  1.49e+05	 36.62 25.76	 -0.3221 0.2918 -0.9420	
13.453624 149.402142	7.45e+04  9.98e+04  1.36e+05	 76.36 7.87	 -0.6842 -0.9897 0.5733	
13.453624 149.402142	6.94e+04  1.01e+05  1.39e+05	 53.35 -7.02	 -0.3370 -0.2912 0.7432	
13.453624 149.402142	4.36e+04  1.27e+05  1.39e+05	 48.48 34.48	 -0.8612 0.2166 -0.6157	
13.453624 149.402142	7.98e+04  1.05e+05  1.25e+05	 67.71 28.52	 0.5427 0.6041 0.9959	
13.453624 149.402142	7.58e+04  1.06e+05  1.28e+05	 53.55 -47.42	 0.1627 -0.3525 0.8128	
13.453624 149.402142	6.69e+04  1.14e+05  1.29e+05	 47.02 -8.50	 -0.9422 -0.9248 0.7842	
13.453624 149.402142	8.82e+04  1.04e+05  1.18e+05	 53.42 -2.84	 0.0280 -0.2421 0.9554	
13.453624 149.402142	5.30e+04  1.11e+05  1.46e+05	 59.58 28.35	 0.2703 0.6072 0.8174	
13.453624 149.402142	6.95e+04  9.78e+04  1.43e+05	 40.86 24.87	 -0.3949 -0.3945 0.9537	
13.453624 149.402142	5.21e+04  1.17e+05  1.41e+05	 59.37 23.79	 0.5832 -0.5618 -0.9942	
13.453624 149.402142	6.45e+04  1.15e+05  1.30e+05	 83.30 -2.43	 0.1579 -0.8028 0.4428	
13.453624 149.402142	6.78e+04  9.78e+04  1.44e+05	 58.14 -1.92	 -0.3977 -0.3748 0.8590	
13.453624 149.402142	7.91e+04  1.10e+05  1.21e+05	 58.11 2.61	 0.4850 -0.4704 0.5250	
13.453624 149.402142	6.69e+04  1.03e+05  1.41e+05	 63.41 25.17	 -0.9502 0.6688 -0.7550	
13.453624 149.402142	7.80e+04  9.52e+04  1.37e+05	 46.35 5.75	 -0.7581 -0.3605 0.8638	
13.453624 149.402142	6.68e+04  1.08e+05  1.35e+05	 66.25 13.72	 -0.9600 -0.9684 0.8820	
13.453624 149.402142	5.50e+04  1.16e+05  1.39e+05	 71.51 0.49	 0.0037 -0.2561 -0.9647	
13.453624 149.402142	4.94e+04  1.26e+05  1.35e+05	 73.92 -22.76	 0.0912 -0.6555 0.6802	
13.453624 149.402142	8.26e+04  1.10e+05  1.17e+05	 91.65 8.35	 -0.4922 0.4663 0.5323	
13.453624 149.402142	6.77e+04  1.12e+05  1.31e+05	 57.36 1.17	 0.2444 0.0781 0.9840	
13.453624 149.402142	7.69e+04  1.01e+05  1.32e+05	 55.00 0.87	 0.3694 0.1929 0.9391	
13.453624 149.402142	4.74e+04  1.18e+05  1.45e+05	 46.08 -5.99	 0.2015 -0.1376 -0.9976	
13.453624 149.402142	7.89e+04  9.32e+04  1.38e+05	 69.30 23.49	 0.4938 0.7898 0.9203	
13.453624 149.402142	6.53e+04  1.03e+05  1.41e+05	 53.09 29.03	 0.2397 -0.6066 -0.8332	
13.453624 149.402142	5.74e+04  1.11e+05  1.42e+05	 64.90 -6.44	 -0.9236 0.9648 -0.9858	
13.453624 149.402142	7.32e+04  1.10e+05  1.27e+05	 49.39 -21.04	 0.0274 0.4834 -0.6863	
13.453624 149.402142	7.71e+04  1.05e+05  1.28e+05	 65.27 -35.39	 0.1327 -0.1186 0.9584	
13.453624 149.402142	4.52e+04  1.28e+05  1.37e+05	 56.69 7.62	 0.1700 0.2552 0.9956	
13.453624 149.402142	5.61e+04  1.24e+05  1.30e+05	 63.42 7.18	 0.1453 0.2721 0.8743	
13.453624 149.402142	7.57e+04  1.05e+05  1.29e+05	 83.41 26.92	 -0.5235 -0.8952 0.4016	
13.453624 149.402142	7.09e+04  9.66e+04  1.43e+05	 28.39 4.51	 -0.5237 -0.5626 0.9725	
13.453624 149.402142	7.77e+04  9.45e+04  1.38e+05	 51.40 2.14	 -0.4675 0.6388 -0.9350	
13.453624 149.402142	6.49e+04  1.09e+05  1.36e+05	 82.60 35.30	 -0.4143 -0.9170 0.7320	
13.453624 149.402142	6.36e+04  1.14e+05  1.33e+05	 67.29 50.06	 -0.2626 -0.4089 0.7585	
13.453624 149.402142	7.60e+04  9.11e+04  1.43e+05	 63.60 -18.63	 -0.8629 0.7218 -0.8750	
13.453624 149.402142	5.13e+04  1.14e+05  1.44e+05	 53.96 -1.01	 0.5020 0.6231 0.9787	
13.453624 149.402142	7.14e+04  1.13e+05  1.26e+05	 40.59 25.25	 -0.2891 -0.5556 0.9074	
13.453624 149.402142	3.90e+04  1.26e+05  1.45e+05	 54.75 -19.40	 0.0526 0.1600 0.6811	
13.453624 149.402142	8.67e+04  1.07e+05  1.17e+05	 89.11 -5.41	 0.1262 0.1088 -0.3601	
13.453624 149.402142	8.38e+04  9.32e+04  1.33e+05	 64.81 -12.99	 -0.6692 -0.9477 0.8409	
13.453624 149.402142	7.96e+04  1.06e+05  1.25e+05	 48.70 3.78	 -0.5973 -0.2622 0.5896	
13.453624 149.402142	7.58e+04  9.95e+04  1.35e+05	 50.62 -22.16	 -0.0441 -0.2603 0.9521	
13.453624 149.402142	6.33e+04  1.03e+05  1.44e+05	 53.90 2.48	 -0.9359 0.9400 -0.9884	
13.453624 149.402142	4.93e+04  1.13e+05  1.47e+05	 31.72 18.65	 0.2616 -0.0205 -0.9668	
13.453624 149.402142	4.03e+04  1.24e+05  1.45e+05	 36.09 0.77	 0.0903 0.3817 0.9488	
13.453624 149.402142	5.06e+04  1.22e+05  1.37e+05	 59.38 -5.89	 -0.3943 -0.5916 0.9683	
13.453624 149.402142	5.21e+04  1.19e+05  1.39e+05	 47.82 -5.14	 -0.4300 -0.2632 0.9642	
13.453624 149.402142	6.26e+04  1.09e+05  1.38e+05	 75.09 23.58	 -0.3981 -0.1827 0.9661	
13.453624 149.402142	8.07e+04  1.13e+05  1.17e+05	 33.82 28.77	 -0.5124 0.7101 -0.9147	
13.453624 149.402142	6.27e+04  1.08e+05  1.39e+05	 36.12 -16.47	 -0.3393 0.0548 0.9182	
13.453624 149.402142	4.78e+04  1.22e+05  1.41e+05	 44.81 7.27	 0.3110 -0.6198 -0.9372	
13.453624 149.402142	6.28e+04  1.15e+05  1.32e+05	 61.93 7.02	 0.4064 -0.8919 -0.6602	
13.453624 149.402142	5.77e+04  1.12e+05  1.41e+05	 52.18 2.79	 -0.8205 -0.9238 0.9726	
13.453624 149.402142	7.85e+04  9.97e+04  1.32e+05	 51.51 -6.75	 0.1189 0.0704 0.9949	
13.453624 149.402142	8.75e+04  1.04e+05  1.19e+05	 64.54 -13.81	 -0.8476 0.6038 -0.2994	
13.453624 149.402142	6.78e+04  1.12e+05  1.30e+05	 62.55 -12.72	 -0.7322 -0.8795 0.9654	
13.453624 149.402142	6.77e+04  1.10e+05  1.33e+05	 69.75 9.27	 0.5027 -0.6580 -0.8726	
13.453624 149.402142	7.64e+04  1.01e+05  1.33e+05	 62.79 -26.64	 0.1767 -0.1678 -0.4722	
13.453624 149.402142	7.39e+04  1.11e+05  1.25e+05	 74.23 -11.34	 -0.7862 -0.0652 0.4257	
13.453624 149.402142	6.34e+04  1.16e+05  1.31e+05	 38.24 -4.39	 -0.6597 -0.5035 0.7928	
13.453624 149.402142	6.38e+04  1.05e+05  1.41e+05	 50.14 -7.03	 -0.0346 -0.4592 0.9009	
13.453624 149.402142	6.27e+04  9.56e+04  1.52e+05	 29.06 15.68	 -0.4496 -0.6532 0.9659	
13.453624 149.402142	8.64e+04  1.07e+05  1.17e+05	 68.61 9.92	 -0.3321 0.1102 0.5883	
13.453624 149.402142	6.73e+04  1.10e+05  1.33e+05	 79.29 13.59	 0.3403 -0.0366 -0.9508	
13.453624 149.402142	6.81e+04  1.11e+05  1.31e+05	 54.19 15.94	 -0.2096 -0.3864 0.9351	
13.453624 149.402142	6.34e+04  1.10e+05  1.37e+05	 81.17 -3.97	 -0.6143 -0.5812 0.9291	
13.453624 149.402142	6.50e+04  1.11e+05  1.34e+05	 63.00 -0.23	 0.1664 -0.2781 0.7968	
13.453624 149.402142	5.09e+04  1.14e+05  1.45e+05	 91.35 -23.75	 -0.0794 -0.8619 -0.4263	
13.453624 149.402142	8.24e+04  1.03e+05  1.24e+05	 43.20 23.42	 0.1627 -0.1268 -0.7055	
13.453624 149.402142	8.90e+04  9.13e+04  1.30e+05	 73.02 -28.14	 -0.8026 -0.3999 0.4015	
13.453624 149.402142	7.79e+04  8.57e+04  1.46e+05	 41.65 -37.33	 0.3494 -0.5686 -0.8797	
13.453624 149.402142	7.46e+04  1.06e+05  1.30e+05	 56.27 -38.84	 -0.6146 0.5065 -0.9912	
13.453624 149.402142	8.67e+04  9.51e+04  1.28e+05	 38.01 -6.52	 -0.0651 0.0478 -0.9282	
13.453624 149.402142	6.24e+04  1.21e+05  1.27e+05	 27.78 7.66	 -0.8613 -0.7449 0.9606	
13.453624 149.402142	7.21e+04  1.12e+05  1.26e+05	 41.07 17.38	 -0.0681 -0.1091 -0.9553	
13.453624 149.402142	9.51e+04  1.07e+05  1.08e+05	 78.39 -9.01	 -0.2092 0.5125 -0.9457	
13.453624 149.402142	7.48e+04  1.10e+05  1.25e+05	 21.04 -10.11	 0.5729 0.6857 0.9890	
13.453624 149.402142	7.13e+04  9.32e+04  1.46e+05	 35.22 -18.31	 0.3019 -0.2799 -0.9978	
13.453624 149.402142	8.40e+04  1.01e+05  1.25e+05	 65.87 -1.98	 -0.5192 0.7593 -0.3645	
13.453624 149.402142	6.50e+04  1.17e+05  1.28e+05	 39.82 -21.17	 -0.0176 0.1646 0.6397	
13.453624 149.402142	7.22e+04  1.03e+05  1.35e+05	 71.72 5.12	 -0.0222 -0.2039 -0.9572	
13.453624 149.402142	5.41e+04  1.18e+05  1.38e+05	 35.30 -9.04	 0.2658 0.2570 0.9995	
13.453624 149.402142	7.16e+04  9.88e+04  1.40e+05	 92.81 10.08	 0.1776 -0.7929 -0.7298	
13.453624 149.402142	7.84e+04  1.07e+05  1.24e+05	 80.39 0.93	 -0.6286 0.0514 0.4776	
13.453624 149.402142	3.85e+04  1.21e+05  1.50e+05	 45.02 5.96	 -0.6165 0.6835 -0.9871	
13.453624 149.402142	5.61e+04  1.20e+05  1.34e+05	 51.21 -14.91	 0.0372 0.2048 -0.9692	
13.453624 149.402142	7.90e+04  1.09e+05  1.22e+05	 84.64 14.78	 -0.4645 -0.5569 0.9289	
13.453624 149.402142	6.24e+04  1.06e+05  1.42e+05	 60.40 7.13	 0.3299 0.1738 0.9853	
13.453624 149.402142	4.75e+04  1.19e+05  1.43e+05	 47.24 -8.29	 0.3490 0.3780 0.9989	
13.453624 149.402142	6.91e+04  9.91e+04  1.42e+05	 43.39 -15.38	 0.5113 -0.3464 0.5663	
13.453624 149.402142	4.91e+04  1.15e+05  1.46e+05	 36.60 28.48	 -0.9401 -0.8402 0.9679	
13.453624 149.402142	6.48e+04  1.07e+05  1.38e+05	 56.20 -16.64	 -0.6358 -0.4203 0.9441	
13.453624 149.402142	7.01e+04  1.09e+05  1.31e+05	 83.91 -11.30	 -0.7106 -0.3623 0.6262	
13.453624 149.402142	4.01e+04  1.22e+05  1.48e+05	 33.41 3.45	 -0.1770 -0.0601 0.9857	
13.453624 149.402142	5.14e+04  1.13e+05  1.45e+05	 56.62 -9.70	 -0.5905 0.1247 -0.6372	
13.453624 149.402142	6.88e+04  1.00e+05  1.41e+05	 70.80 -26.58	 0.5769 0.8826 0.8883	
13.453624 149.402142	8.19e+04  9.00e+04  1.38e+05	 65.64 24.19	 -0.3856 -0.7337 0.8995	
13.453624 149.402142	4.02e+04  1.22e+05  1.48e+05	 30.21 19.37	 -0.7853 0.7446 -0.9885	
13.453624 149.402142	7.91e+04  1.15e+05  1.16e+05	 92.23 72.86	 0.2747 -0.3141 -0.4352	
13.453624 149.402142	7.34e+04  9.07e+04  1.46e+05	 37.95 19.06	 0.1280 0.2679 0.9548	
13.453624 149.402142	6.96e+04  1.02e+05  1.38e+05	 30.91 -3.47	 -0.8121 0.9792 -0.8975	
13.453624 149.402142	8.28e+04  9.83e+04  1.29e+05	 54.88 -30.63	 -0.5422 0.6005 -0.9604	
13.453624 149.402142	5.43e+04  1.17e+05  1.39e+05	 46.22 -9.27	 0.1276 0.3575 0.9713	
13.453624 149.402142	4.01e+04  1.22e+05  1.48e+05	 45.49 -2.67	 0.9845 -0.9900 -0.9964	
13.453624 149.402142	8.23e+04  9.88e+04  1.29e+05	 91.00 -1.42	 0.5465 0.2643 0.5318	
13.453624 149.402142	8.22e+04  9.79e+04  1.30e+05	 70.11 31.21	 0.0831 0.2228 0.9787	
13.453624 149.402142	7.94e+04  1.13e+05  1.17e+05	 66.74 -6.22	 -0.5241 -0.2478 0.6016	
13.453624 149.402142	8.23e+04  1.06e+05  1.22e+05	 41.99 19.10	 -0.9805 -0.9502 0.9028	
13.453624 149.402142	7.12e+04  1.11e+05  1.28e+05	 77.59 18.10	 -0.9223 -0.9415 0.9231	
13.453624 149.402142	7.39e+04  1.10e+05  1.26e+05	 78.95 -10.87	 0.1654 -0.6509 0.3154	
13.453624 149.402142	6.50e+04  1.14e+05  1.31e+05	 73.42 71.26	 -0.1676 0.2083 0.6816	
13.453624 149.402142	6.86e+04  9.82e+04  1.43e+05	 42.47 14.18	 -0.9666 0.9995 -0.9706	
13.453624 149.402142	4.59e+04  1.20e+05  1.44e+05	 39.42 12.02	 0.0244 0.0866 0.9880	
13.453624 149.402142	7.86e+04  1.05e+05  1.26e+05	 47.01 -16.94	 -0.9218 0.7384 -0.6179	
13.453624 149.402142	4.76e+04  1.26e+05  1.37e+05	 45.28 -11.78	 -0.3956 -0.4911 0.1428	
13.453624 149.402142	8.28e+04  8.88e+04  1.38e+05	 45.12 5.98	 -0.1003 -0.2912 0.9810	
13.453624 149.402142	6.76e+04  1.03e+05  1.40e+05	 86.01 35.41	 0.1983 -0.4058 -0.8995	
13.453624 149.402142	7.38e+04  1.07e+05  1.30e+05	 75.83 14.88	 0.4637 -0.8003 -0.7836	
13.453624 149.402142	7.38e+04  1.09e+05  1.27e+05	 73.36 54.84	 0.3118 0.4117 -0.0341	
13.453624 149.402142	7.69e+04  9.17e+04  1.42e+05	 51.92 -9.65	 -0.4654 -0.6423 0.9761	
13.453624 149.402142	5.10e+04  1.18e+05  1.41e+05	 62.46 -27.05	 -0.7935 -0.1932 -0.4001	
13.453624 149.402142	8.41e+04  9.84e+04  1.28e+05	 44.79 23.13	 -0.7131 0.9553 -0.7443	
13.453624 149.402142	6.49e+04  9.93e+04  1.46e+05	 35.24 -16.24	 -0.9547 0.9387 -0.9898	
13.453624 149.402142	7.74e+04  1.05e+05  1.28e+05	 80.46 -18.59	 0.0174 -0.9920 -0.0263	
13.453624 149.402142	6.41e+04  1.20e+05  1.26e+05	 42.16 15.92	 0.2497 0.9258 0.3724	
13.453624 149.402142	7.49e+04  1.05e+05  1.31e+05	 59.74 8.28	 0.5713 -0.6462 -0.9712	
13.453624 149.402142	4.61e+04  1.29e+05  1.35e+05	 63.07 -0.87	 0.3114 -0.4666 -0.9322	
13.453624 149.402142	5.65e+04  1.16e+05  1.38e+05	 47.64 12.20	 0.0361 0.2692 0.9335	
13.453624 149.402142	7.29e+04  1.06e+05  1.31e+05	 38.48 30.93	 -0.8319 -0.0836 -0.1905	
13.453624 149.402142	7.38e+04  1.00e+05  1.36e+05	 75.01 13.04	 0.2270 -0.6339 -0.8327	
13.453624 149.402142	5.18e+04  1.13e+05  1.45e+05	 40.37 -5.56	 0.1923 0.2565 0.9893	
13.453624 149.402142	6.70e+04  1.01e+05  1.42e+05	 47.87 -8.37	 -0.5092 0.1549 -0.9279	
13.453624 149.402142	9.06e+04  1.03e+05  1.16e+05	 83.40 26.21	 -0.5830 -0.8075 0.8483	
13.453624 149.402142	8.32e+04  1.05e+05  1.22e+05	 65.41 -22.33	 -0.8801 -0.8621 0.9991	
13.453624 149.402142	6.23e+04  1.09e+05  1.38e+05	 59.03 27.01	 -0.8025 0.5704 -0.9391	
13.453624 149.402142	6.43e+04  1.19e+05  1.26e+05	 71.34 4.18	 -0.2730 -0.5459 0.8397	
13.453624 149.402142	8.59e+04  9.70e+04  1.27e+05	 45.93 13.32	 -0.0519 0.4380 -0.7335	
13.453624 149.402142	7.37e+04  9.95e+04  1.37e+05	 38.40 -25.38	 -0.8042 0.8537 -0.9948	
13.453624 149.402142	7.97e+04  1.02e+05  1.28e+05	 91.40 -12.98	 -0.0585 0.8805 0.1837	
13.453624 149.402142	8.72e+04  1.06e+05  1.17e+05	 60.87 -7.51	 0.4355 0.2714 0.9018	
13.453624 149.402142	7.67e+04  1.11e+05  1.22e+05	 83.37 -2.26	 -0.4658 0.2333 0.2139	
13.453624 149.402142	3.12e+04  1.29e+05  1.50e+05	 45.39 -3.16	 0.6922 -0.4573 -0.9365	
13.453624 149.402142	6.64e+04  1.04e+05  1.39e+05	 87.42 -10.26	 -0.8661 -0.6596 0.7852	
13.453624 149.402142	5.66e+04  1.12e+05  1.42e+05	 91.37 -21.50	 -0.9455 -0.8978 0.8101	
13.453624 149.402142	6.10e+04  1.12e+05  1.37e+05	 55.57 15.63	 0.5121 -0.7377 -0.9465	
13.453624 149.402142	8.26e+04  1.04e+05  1.23e+05	 67.99 -5.67	 -0.9058 -0.8698 0.9947	
13.453624 149.402142	5.65e+04  1.11e+05  1.43e+05	 55.72 29.24	 -0.8924 0.9238 -0.9623	
13.453624 149.402142	6.93e+04  9.56e+04  1.45e+05	 48.84 -18.09	 -0.1839 -0.5186 0.9058	
13.453624 149.402142	5.51e+04  1.21e+05  1.34e+05	 43.90 36.83	 -0.0857 -0.0076 0.9969	
13.453624 149.402142	6.98e+04  1.03e+05  1.37e+05	 96.12 15.27	 -0.3463 -0.4352 0.8562	
13.453624 149.402142	7.46e+04  1.09e+05  1.27e+05	 55.84 16.23	 -0.3537 -0.8688 0.3259	
13.453624 149.402142	5.21e+04  1.17e+05  1.41e+05	 39.93 7.29	 -0.8169 -0.8254 0.9901	
13.453624 149.402142	7.15e+04  1.09e+05  1.30e+05	 47.98 21.76	 -0.6804 0.2929 -0.0018	
13.453624 149.402142	4.69e+04  1.22e+05  1.41e+05	 67.60 17.93	 -0.9731 -0.1435 0.0391	
13.453624 149.402142	7.10e+04  1.09e+05  1.30e+05	 33.22 -17.07	 -0.1208 0.1711 -0.9951	
13.453624 149.402142	7.38e+04  1.02e+05  1.34e+05	 65.55 -10.04	 0.3952 0.5743 0.9778	
13.453624 149.402142	6.44e+04  1.20e+05  1.25e+05	 62.13 5.94	 -0.2505 0.2180 0.8821	
13.453624 149.402142	8.45e+04  9.85e+04  1.27e+05	 62.63 23.91	 0.4104 0.6755 -0.3905	
13.453624 149.402142	7.27e+04  1.05e+05  1.32e+05	 51.50 -10.88	 0.2708 -0.2861 -0.9960	
13.453624 149.402142	7.52e+04  8.81e+04  1.47e+05	 43.84 -1.51	 0.5682 0.6475 0.9287	
13.453624 149.402142	7.70e+04  1.12e+05  1.21e+05	 94.43 1.43	 -0.5672 -0.9001 0.5872	
13.453624 149.402142	6.84e+04  1.05e+05  1.36e+05	 83.84 5.69	 0.1430 -0.4008 -0.9631	
13.453624 149.402142	8.53e+04  1.05e+05  1.20e+05	 53.91 -2.57	 -0.9745 0.7502 -0.7139	
13.453624 149.402142	6.80e+04  1.12e+05  1.30e+05	 55.03 -8.68	 -0.7531 0.8575 -0.9843	
13.453624 149.402142	8.39e+04  1.04e+05  1.22e+05	 50.59 15.71	 0.5263 0.8527 0.8817	
13.453624 149.402142	4.41e+04  1.19e+05  1.47e+05	 50.20 -16.30	 0.5726 0.6172 0.9791	
13.453624 149.402142	6.98e+04  1.03e+05  1.37e+05	 74.90 -18.29	 -0.0329 -0.1241 -0.9474	
13.453624 149.402142	7.93e+04  9.28e+04  1.38e+05	 68.65 21.67	 -0.7699 0.4327 -0.8982	
13.453624 149.402142	5.85e+04  1.12e+05  1.40e+05	 57.58 -6.80	 0.0216 -0.0714 -0.9882	
13.453624 149.402142	7.28e+04  9.37e+04  1.44e+05	 44.10 13.82	 -0.3470 -0.3764 0.9686	
13.453624 149.402142	5.07e+04  1.24e+05  1.36e+05	 25.63 0.36	 -0.3801 -0.2904 0.9652	
13.453624 149.402142	6.74e+04  9.95e+04  1.43e+05	 68.96 2.32	 0.1539 -0.3205 -0.8801	
13.453624 149.402142	5.31e+04  1.11e+05  1.46e+05	 33.60 6.00	 0.5027 -0.5478 -0.9903	
13.453624 149.402142	4.97e+04  1.20e+05  1.40e+05	 53.94 -18.94	 -0.1721 0.0994 -0.9959	
13.453624 149.402142	7.67e+04  1.12e+05  1.21e+05	 95.09 -9.99	 0.5154 -0.8780 -0.5590	
13.453624 149.402142	9.22e+04  1.00e+05  1.17e+05	 66.19 -8.79	 0.4895 -0.4941 -0.3098	
13.453624 149.402142	5.87e+04  1.21e+05  1.30e+05	 82.67 5.75	 0.1042 0.5226 0.9014	
13.453624 149.402142	5.19e+04  1.18e+05  1.40e+05	 60.60 -31.90	 0.0834 0.3948 0.9382	
13.453624 149.402142	6.88e+04  1.05e+05  1.36e+05	 54.25 -14.64	 0.3601 0.2509 0.9882	
13.453624 149.402142	8.29e+04  1.07e+05  1.20e+05	 58.02 17.60	 -0.6782 0.6712 -0.6038	
13.453624 149.402142	7.00e+04  9.57e+04  1.44e+05	 46.54 -1.02	 -0.5954 -0.4042 0.9596	
13.453624 149.402142	8.20e+04  8.77e+04  1.40e+05	 59.18 -11.95	 -0.5063 -0.4309 0.9190	
13.453624 149.402142	6.25e+04  1.12e+05  1.35e+05	 77.25 20.57	 0.4027 0.5371 0.6962	
13.453624 149.402142	7.07e+04  9.86e+04  1.41e+05	 39.96 24.04	 0.2246 -0.3807 -0.8937	
13.453624 149.402142	6.96e+04  1.13e+05  1.28e+05	 65.36 5.23	 -0.8436 -0.8663 0.8716	
13.453624 149.402142	6.97e+04  9.40e+04  1.46e+05	 47.89 -33.35	 0.3764 -0.4885 -0.9847	
13.453624 149.402142	4.72e+04  1.26e+05  1.37e+05	 68.99 -2.52	 -0.6617 -0.9856 0.7070	
13.453624 149.402142	7.26e+04  1.07e+05  1.30e+05	 38.11 -10.54	 -0.0795 0.1950 -0.9789	
13.453624 149.402142	7.32e+04  8.76e+04  1.49e+05	 32.53 10.10	 -0.2288 -0.3368 0.9833	
13.453624 149.402142	7.42e+04  1.06e+05  1.30e+05	 49.13 -14.50	 -0.7462 -0.2013 -0.3828	
13.453624 149.402142	3.19e+04  1.29e+05  1.50e+05	 18.00 -15.82	 0.3464 -0.5909 -0.8883	
13.453624 149.402142	8.78e+04  1.06e+05  1.17e+05	 57.18 -8.66	 0.5478 0.1417 0.5196	
13.453624 149.402142	8.65e+04  1.08e+05  1.15e+05	 72.99 21.69	 -0.4300 -0.1530 0.6479	
13.453624 149.402142	4.30e+04  1.24e+05  1.44e+05	 88.58 -42.62	 -0.8380 0.1408 -0.5799	
13.453624 149.402142	7.10e+04  9.78e+04  1.41e+05	 48.94 -13.15	 -0.7813 -0.9119 0.9684	
13.453624 149.402142	5.97e+04  1.02e+05  1.48e+05	 45.51 -6.71	 -0.6634 0.6528 -0.9901	
13.453624 149.402142	6.05e+04  1.08e+05  1.42e+05	 46.01 -24.90	 0.3339 -0.4163 -0.9869	
13.453624 149.402142	7.43e+04  1.01e+05  1.35e+05	 61.02 33.24	 0.2795 -0.5174 -0.8395	
13.453624 149.402142	7.67e+04  9.75e+04  1.36e+05	 56.50 -13.55	 0.1706 0.6997 -0.4685	
13.453624 149.402142	6.66e+04  1.13e+05  1.30e+05	 58.64 -14.30	 -0.1186 0.0021 0.8361	
13.453624 149.402142	7.72e+04  1.06e+05  1.27e+05	 88.25 -4.48	 -0.9141 -0.6340 0.3691	
13.453624 149.402142	5.16e+04  1.28e+05  1.31e+05	 69.33 20.37	 -0.8897 -0.7421 0.4537	
13.453624 149.402142	7.55e+04  1.08e+05  1.27e+05	 76.33 8.32	 -0.7796 -0.7338 0.9931	
13.453624 149.402142	5.76e+04  1.17e+05  1.36e+05	 73.46 2.20	 -0.0811 0.1512 0.9696	
13.453624 149.402142	7.28e+04  1.09e+05  1.29e+05	 52.50 56.64	 0.3866 -0.5762 -0.9273	
13.453624 149.402142	7.25e+04  1.00e+05  1.37e+05	 59.13 -37.89	 -0.8754 -0.8249 0.4682	
13.453624 149.402142	6.07e+04  1.14e+05  1.36e+05	 38.19 13.94	 0.0929 0.2718 0.9833	
13.453624 149.402142	6.02e+04  1.10e+05  1.40e+05	 71.83 8.00	 -0.9740 -0.7692 0.8447	
13.453624 149.402142	5.38e+04  1.19e+05  1.38e+05	 40.06 -15.04	 -0.7893 -0.8338 0.7364	
13.453624 149.402142	6.95e+04  1.04e+05  1.36e+05	 51.05 -21.32	 -0.5992 -0.5185 0.8808	
13.453624 149.402142	4.49e+04  1.20e+05  1.45e+05	 47.53 -16.78	 -0.7371 -0.7144 0.9950	
13.453624 149.402142	8.22e+04  1.06e+05  1.22e+05	 75.99 -13.25	 -0.8444 -0.8393 0.9963	
13.453624 149.402142	8.63e+04  9.34e+04  1.30e+05	 47.19 17.79	 0.0694 -0.2540 -0.9803	
13.453624 149.402142	7.17e+04  1.08e+05  1.30e+05	 52.16 -51.85	 0.3324 0.6315 0.6999	
13.453624 149.402142	7.18e+04  1.04e+05  1.35e+05	 55.83 5.10	 -0.7218 0.6922 -0.9615	
13.453624 149.402142	5.77e+04  1.18e+05  1.35e+05	 64.07 -12.01	 0.5755 -0.8026 -0.8645	
13.453624 149.402142	4.72e+04  1.15e+05  1.48e+05	 38.31 -13.53	 -0.0284 0.0506 0.9898	
13.453624 149.402142	4.70e+04  1.24e+05  1.39e+05	 54.11 -16.26	 -0.7565 0.6176 -0.8023	
13.453624 149.402142	5.70e+04  1.13e+05  1.40e+05	 60.72 7.24	 0.4218 -0.3569 -0.9193	
13.453624 149.402142	7.11e+04  1.01e+05  1.38e+05	 65.27 -1.07	 0.0662 -0.4205 -0.9037	
13.453624 149.402142	7.78e+04  1.03e+05  1.29e+05	 88.34 -4.04	 0.5859 0.5442 0.8512	
13.453624 149.402142	7.33e+04  1.04e+05  1.32e+05	 96.09 6.09	 -0.0995 0.0153 0.9585	
13.453624 149.402142	7.23e+04  1.05e+05  1.33e+05	 72.59 12.77	 0.2922 -0.2592 -0.9988	
13.453624 149.402142	7.82e+04  9.32e+04  1.39e+05	 78.64 18.92	 -0.8852 0.9974 -0.8733	
13.453624 149.402142	5.74e+04  1.15e+05  1.38e+05	 57.77 -21.09	 -0.5897 -0.3300 0.8846	
13.453624 149.402142	4.96e+04  1.15e+05  1.46e+05	 57.01 4.06	 -0.6406 -0.9848 0.6776	
13.453624 149.402142	4.06e+04  1.24e+05  1.45e+05	 49.86 0.58	 0.4820 -0.9605 -0.6813	
13.453624 149.402142	8.23e+04  9.61e+04  1.32e+05	 31.29 34.56	 0.4307 -0.1573 -0.8632	
13.453624 149.402142	7.39e+04  1.05e+05  1.31e+05	 70.64 7.52	 -0.6753 -0.7543 0.9675	
13.453624 149.402142	8.31e+04  1.02e+05  1.25e+05	 48.35 8.12	 -0.8885 0.8978 -0.6784	
13.453624 149.402142	6.60e+04  1.15e+05  1.29e+05	 59.13 -4.28	 -0.0989 -0.5722 0.4346	
13.453624 149.402142	7.67e+04  1.05e+05  1.29e+05	 46.02 -31.09	 -0.8576 -0.9157 0.9711	
13.453624 149.402142	8.66e+04  1.11e+05  1.13e+05	 46.81 18.71	 -0.1723 0.3405 -0.3303	
13.453624 149.402142	7.58e+04  1.16e+05  1.19e+05	 87.53 51.47	 0.0863 0.1916 0.4092	
13.453624 149.402142	7.13e+04  9.79e+04  1.41e+05	 57.36 5.79	 0.1793 -0.0479 0.9273	
13.453624 149.402142	6.25e+04  1.14e+05  1.33e+05	 76.50 -11.43	 -0.5505 -0.5191 0.8885	
13.453624 149.402142	7.70e+04  9.18e+04  1.41e+05	 68.51 9.77	 -0.9549 0.9931 -0.9648	
13.453624 149.402142	7.40e+04  9.08e+04  1.45e+05	 54.46 12.85	 -0.8683 0.8172 -0.9892	
13.453624 149.402142	6.33e+04  9.99e+04  1.47e+05	 44.07 -10.44	 -0.5922 -0.6850 0.9919	
13.453624 149.402142	9.23e+04  9.49e+04  1.23e+05	 87.01 3.89	 0.3332 0.1160 -0.7637	
13.453624 149.402142	6.11e+04  1.08e+05  1.41e+05	 71.22 -7.96	 -0.9691 0.8787 -0.8918	
13.453624 149.402142	6.92e+04  1.15e+05  1.26e+05	 47.61 52.84	 -0.5999 -0.4355 -0.0513	
13.453624 149.402142	6.30e+04  1.16e+05  1.31e+05	 44.81 0.36	 -0.1821 -0.1109 0.9834	
13.453624 149.402142	8.34e+04  9.89e+04  1.28e+05	 88.75 27.61	 0.5009 -0.4286 -0.7224	
13.453624 149.402142	6.58e+04  1.10e+05  1.34e+05	 68.93 7.97	 -0.8171 -0.9233 0.7903	
13.453624 149.402142	7.19e+04  1.06e+05  1.32e+05	 46.71 7.15	 -0.9295 -0.5769 0.7684	
13.453624 149.402142	4.87e+04  1.13e+05  1.48e+05	 38.73 -12.76	 0.5858 0.1496 0.8693	
13.453624 149.402142	7.58e+04  1.08e+05  1.26e+05	 40.04 -23.18	 -0.9220 -0.9795 0.9517	
13.453624 149.402142	4.42e+04  1.24e+05  1.42e+05	 55.43 -15.13	 0.2640 -0.5828 -0.9149	
13.453624 149.402142	6.14e+04  1.05e+05  1.44e+05	 57.37 13.35	 -0.6171 0.1790 -0.8751	
13.453624 149.402142	6.50e+04  1.14e+05  1.31e+05	 62.14 12.03	 -0.7197 -0.7136 0.9827	
13.453624 149.402142	7.81e+04  1.06e+05  1.26e+05	 76.52 35.30	 -0.1305 -0.5655 -0.7262	
13.453624 149.402142	7.60e+04  8.72e+04  1.47e+05	 57.64 -0.38	 -0.8051 -0.4225 0.5642	
13.453624 149.402142	7.41e+04  9.57e+04  1.40e+05	 64.46 -22.33	 0.4763 0.2600 0.9729	
13.453624 149.402142	6.81e+04  1.01e+05  1.41e+05	 88.45 -38.08	 -0.5311 -0.0537 -0.5112	
13.453624 149.402142	6.10e+04  1.13e+05  1.36e+05	 55.60 6.14	 -0.2905 -0.9928 0.3216	
13.453624 149.402142	6.84e+04  1.15e+05  1.27e+05	 78.38 -4.25	 -0.0580 -0.1504 0.9900	
13.453624 149.402142	6.72e+04  1.08e+05  1.34e+05	 51.30 -26.11	 0.1514 0.2909 0.8807	
13.453624 149.402142	6.60e+04  1.12e+05  1.32e+05	 66.34 -26.46	 -0.6844 -0.2940 0.8898	
13.453624 149.402142	7.17e+04  9.58e+04  1.43e+05	 58.44 0.97	 -0.8955 -0.8588 0.9893	
13.453624 149.402142	6.82e+04  1.04e+05  1.38e+05	 59.19 -27.75	 0.1797 -0.3334 -0.9490	
13.453624 149.402142	6.77e+04  1.14e+05  1.28e+05	 74.99 -5.99	 -0.6593 -0.0991 -0.4080	
13.453624 149.402142	4.70e+04  1.16e+05  1.47e+05	 57.65 -12.03	 0.2725 0.5442 0.9538	
13.453624 149.402142	6.69e+04  1.11e+05  1.32e+05	 64.09 -0.39	 -0.1384 -0.0893 0.9842	
13.453624 149.402142	6.52e+04  1.12e+05  1.33e+05	 70.74 -7.08	 0.4998 -0.1647 0.7186	
13.453624 149.402142	6.46e+04  1.07e+05  1.38e+05	 37.65 9.26	 0.3756 0.4309 0.9910	
13.453624 149.402142	5.78e+04  1.16e+05  1.36e+05	 38.11 21.93	 -0.8836 -0.8603 0.9339	
13.453624 149.402142	7.83e+04  1.14e+05  1.17e+05	 25.60 -27.04	 -0.9802 0.5346 -0.3710	
13.453624 149.402142	7.19e+04  1.03e+05  1.36e+05	 62.11 15.42	 0.0174 -0.0867 -0.8899	
13.453624 149.402142	7.24e+04  1.00e+05  1.38e+05	 62.46 -5.87	 -0.7365 -0.8302 0.9271	
13.453624 149.402142	9.23e+04  9.91e+04  1.19e+05	 54.16 -21.98	 -0.1410 0.2199 -0.9944	
13.453624 149.402142	4.88e+04  1.21e+05  1.40e+05	 57.11 3.83	 0.5689 -0.6269 -0.9954	
13.453624 149.402142	5.15e+04  1.16e+05  1.42e+05	 45.56 -12.02	 0.4422 0.3722 0.9828	
13.453624 149.402142	7.57e+04  9.89e+04  1.35e+05	 49.72 3.28	 -0.9134 0.9588 -0.9626	
13.453624 149.402142	6.01e+04  1.08e+05  1.42e+05	 64.64 -11.03	 -0.9778 -0.9934 0.9831	
13.453624 149.402142	8.30e+04  9.32e+04  1.34e+05	 34.83 10.32	 -0.3459 0.3132 -0.9770	
13.453624 149.402142	7.08e+04  1.06e+05  1.33e+05	 71.33 -23.07	 -0.3918 -0.0653 0.8925	
13.453624 149.402142	6.06e+04  1.18e+05  1.32e+05	 33.53 -13.02	 -0.6166 -0.5450 0.9961	
13.453624 149.402142	8.55e+04  9.01e+04  1.35e+05	 18.33 24.86	 -0.8616 -0.8790 0.9994	
13.453624 149.402142	8.17e+04  1.06e+05  1.23e+05	 77.96 15.40	 -0.0434 -0.0510 0.9602	
13.453624 149.402142	5.00e+04  1.15e+05  1.45e+05	 33.56 -22.81	 0.5791 -0.2724 0.2160	
13.453624 149.402142	8.04e+04  9.90e+04  1.31e+05	 68.81 -5.58	 0.5749 -0.6651 -0.9124	
13.453624 149.402142	5.98e+04  1.12e+05  1.39e+05	 52.69 1.98	 -0.4372 -0.4351 0.9809	
13.453624 149.402142	6.37e+04  1.07e+05  1.39e+05	 49.20 2.00	 0.1014 -0.2103 -0.9245	
13.453624 149.402142	7.33e+04  1.09e+05  1.28e+05	 71.92 33.77	 0.2865 0.1622 0.9629	
13.453624 149.402142	7.78e+04  1.02e+05  1.30e+05	 53.26 -37.64	 -0.7425 -0.5938 0.9466	
13.453624 149.402142	8.46e+04  1.07e+05  1.18e+05	 90.78 6.06	 0.5675 -0.9035 -0.2066	
13.453624 149.402142	7.10e+04  1.14e+05  1.25e+05	 57.92 4.95	 -0.8770 0.8812 -0.8579	
13.453624 149.402142	5.81e+04  1.09e+05  1.43e+05	 37.93 23.57	 0.0803 -0.3230 0.8964	
13.453624 149.402142	5.85e+04  1.17e+05  1.35e+05	 62.66 8.79	 -0.8452 -0.6774 0.9049	
13.453624 149.402142	6.96e+04  1.03e+05  1.38e+05	 49.07 -5.93	 0.5439 -0.3857 -0.7669	
13.453624 149.402142	8.31e+04  9.71e+04  1.30e+05	 62.48 -2.68	 0.3842 -0.1195 0.8068	
13.453624 149.402142	7.67e+04  1.14e+05  1.19e+05	 82.74 8.81	 -0.8982 0.7655 -0.7908	
13.453624 149.402142	6.55e+04  1.17e+05  1.28e+05	 73.25 -5.05	 -0.2591 -0.6148 0.3675	
13.453624 149.402142	4.42e+04  1.27e+05  1.39e+05	 58.81 9.52	 -0.1877 -0.1302 -0.8324	
13.453624 149.402142	6.95e+04  9.55e+04  1.45e+05	 53.37 20.38	 -0.7317 0.8998 -0.9553	
13.453624 149.402142	4.89e+04  1.15e+05  1.46e+05	 72.00 2.37	 0.5630 -0.8303 -0.9274	
13.453624 149.402142	7.46e+04  9.50e+04  1.40e+05	 26.96 -16.31	 -0.7534 0.5480 -0.9581	
13.453624 149.402142	6.59e+04  9.60e+04  1.48e+05	 73.97 -19.40	 -0.9794 0.7277 -0.6276	
13.453624 149.402142	6.67e+04  1.16e+05  1.27e+05	 54.13 16.73	 -0.9757 -0.9908 0.9647	
13.453624 149.402142	5.77e+04  1.13e+05  1.39e+05	 70.30 0.20	 -0.7485 0.7153 -0.9173	
13.453624 149.402142	6.23e+04  1.14e+05  1.34e+05	 67.31 41.44	 0.0973 0.2182 -0.8550	
13.453624 149.402142	7.26e+04  1.03e+05  1.35e+05	 65.40 -13.17	 -0.4928 -0.7177 0.9474	
13.453624 149.402142	6.60e+04  1.09e+05  1.35e+05	 43.42 18.72	 0.2987 -0.0645 0.8946	
13.453624 149.402142	7.77e+04  9.66e+04  1.36e+05	 57.12 -2.06	 0.3201 0.3140 0.9832	
13.453624 149.402142	5.90e+04  1.07e+05  1.44e+05	 43.97 1.46	 0.1795 0.2995 0.9919	
13.453624 149.402142	5.56e+04  1.19e+05  1.35e+05	 83.15 4.09	 -0.8316 -0.8710 0.7883	
13.453624 149.402142	4.23e+04  1.21e+05  1.47e+05	 34.40 -6.15	 -0.5573 -0.3896 0.9493	
13.453624 149.402142	6.61e+04  1.12e+05  1.32e+05	 46.46 26.04	 -0.9304 -0.9890 0.9706	
13.453624 149.402142	6.78e+04  1.08e+05  1.34e+05	 68.35 4.35	 0.2488 -0.4372 0.6021	
13.453624 149.402142	6.06e+04  1.19e+05  1.30e+05	 68.65 -16.17	 0.1083 -0.0590 -0.9636	
13.453624 149.402142	7.90e+04  8.41e+04  1.47e+05	 39.48 16.80	 0.3950 0.3873 0.9997	
13.453624 149.402142	7.03e+04  1.17e+05  1.23e+05	 63.00 18.73	 -0.5289 -0.7922 0.8468	
13.453624 149.402142	8.59e+04  1.02e+05  1.23e+05	 72.04 -13.57	 0.3859 -0.0135 0.1233	
13.453624 149.402142	6.41e+04  1.09e+05  1.37e+05	 59.07 5.13	 -0.7031 -0.0891 -0.6435	
13.453624 149.402142	8.34e+04  9.61e+04  1.31e+05	 67.99 21.99	 0.0610 -0.4334 0.8492	
13.453624 149.402142	7.28e+04  1.10e+05  1.27e+05	 86.89 -30.73	 0.4523 0.6514 0.8943	
13.453624 149.402142	9.09e+04  9.21e+04  1.27e+05	 67.32 28.55	 -0.7137 -0.6896 0.9138	
13.453624 149.402142	7.82e+04  1.06e+05  1.26e+05	 40.55 -13.94	 -0.0949 -0.3534 -0.6263	
13.453624 149.402142	8.23e+04  1.00e+05  1.28e+05	 88.49 14.16	 -0.3588 -0.0621 0.8918	
13.453624 149.402142	8.02e+04  9.86e+04  1.31e+05	 65.34 9.09	 0.1847 -0.2302 -0.9948	
13.453624 149.402142	5.14e+04  1.28e+05  1.30e+05	 25.89 -26.64	 0.2186 0.5030 -0.5277	
13.453624 149.402142	8.00e+04  1.02e+05  1.28e+05	 46.62 -18.25	 0.1225 -0.1710 0.9533	
13.453624 149.402142	8.06e+04  1.01e+05  1.28e+05	 74.94 10.07	 0.2896 -0.5005 -0.6351	
13.453624 149.402142	7.23e+04  1.03e+05  1.35e+05	 60.22 62.39	 -0.0051 -0.3830 -0.8318	
13.453624 149.402142	6.68e+04  1.07e+05  1.36e+05	 77.11 -3.27	 -0.9604 -0.9255 0.7879	
13.453624 149.402142	5.95e+04  1.07e+05  1.44e+05	 43.45 12.74	 -0.4116 0.7589 -0.9031	
13.453624 149.402142	6.95e+04  1.08e+05  1.33e+05	 62.77 -17.71	 -0.8661 -0.4678 0.7324	
13.453624 149.402142	4.46e+04  1.18e+05  1.48e+05	 44.95 -2.99	 -0.9061 -0.8524 0.9822	
13.453624 149.402142	6.90e+04  9.73e+04  1.44e+05	 47.36 -2.28	 -0.5162 -0.5136 0.9429	
13.453624 149.402142	8.38e+04  1.01e+05  1.25e+05	 68.93 3.78	 0.4764 0.6345 0.9280	
13.453624 149.402142	8.30e+04  9.01e+04  1.37e+05	 67.35 6.83	 0.5802 0.8822 0.8914	
13.453624 149.402142	6.89e+04  1.09e+05  1.33e+05	 55.46 21.20	 -0.7677 0.2060 -0.7814	
13.453624 149.402142	5.56e+04  1.03e+05  1.52e+05	 61.29 5.70	 -0.0257 -0.4099 -0.7993	
13.453624 149.402142	7.58e+04  9.66e+04  1.38e+05	 54.75 8.88	 -0.9512 -0.9426 0.9878	
13.453624 149.402142	6.91e+04  1.03e+05  1.38e+05	 48.99 -37.19	 0.4758 0.7859 0.8624	
13.453624 149.402142	6.64e+04  1.08e+05  1.36e+05	 67.33 -11.38	 0.5531 0.2509 0.9246	
13.453624 149.402142	7.26e+04  9.64e+04  1.41e+05	 58.10 -40.09	 -0.1951 0.3651 -0.9423	
13.453624 149.402142	7.56e+04  9.31e+04  1.41e+05	 64.04 35.32	 0.4542 0.4643 0.9683	
13.453624 149.402142	6.75e+04  1.09e+05  1.33e+05	 71.73 1.79	 0.4813 -0.7325 -0.7136	
13.453624 149.402142	8.92e+04  9.28e+04  1.28e+05	 49.85 -10.43	 0.0260 -0.0681 -0.9991	
13.453624 149.402142	6.04e+04  1.11e+05  1.39e+05	 48.95 -10.13	 0.5406 -0.7706 -0.7837	
13.453624 149.402142	6.77e+04  1.16e+05  1.26e+05	 80.97 -21.84	 0.5768 -0.9018 -0.8694	
13.453624 149.402142	5.99e+04  1.09e+05  1.41e+05	 58.43 53.45	 0.1352 -0.8535 -0.6311	
13.453624 149.402142	7.12e+04  9.83e+04  1.41e+05	 59.38 56.74	 -0.9712 0.8183 -0.6715	
13.453624 149.402142	6.72e+04  1.09e+05  1.34e+05	 83.70 -4.54	 0.2352 0.4567 0.9073	
13.453624 149.402142	5.13e+04  1.12e+05  1.47e+05	 52.92 17.60	 -0.5908 0.5401 -0.9981	
13.453624 149.402142	8.26e+04  1.01e+05  1.26e+05	 74.87 -8.02	 -0.4486 -0.6305 0.7951	
13.453624 149.402142	9.48e+04  9.85e+04  1.17e+05	 72.24 -44.95	 -0.7900 0.4160 0.2173	
13.453624 149.402142	8.94e+04  1.04e+05  1.17e+05	 71.00 -3.77	 -0.7964 -0.5767 0.8771	
13.453624 149.402142	6.91e+04  1.04e+05  1.37e+05	 81.13 -6.73	 -0.7752 -0.9698 0.7054	
13.453624 149.402142	7.90e+04  1.13e+05  1.18e+05	 87.00 -11.68	 0.3334 0.8532 -0.2059	
13.453624 149.402142	7.52e+04  1.06e+05  1.29e+05	 46.01 14.47	 -0.6881 -0.0540 0.7615	
13.453624 149.402142	8.17e+04  1.06e+05  1.23e+05	 44.26 15.73	 -0.7636 0.8412 -0.2947	
13.453624 149.402142	6.69e+04  1.11e+05  1.32e+05	 71.83 -11.66	 -0.1453 0.0434 -0.8780	
13.453624 149.402142	6.65e+04  9.64e+04  1.47e+05	 46.49 -7.72	 0.0450 0.2930 -0.9096	
13.453624 149.402142	5.12e+04  1.13e+05  1.46e+05	 47.94 -4.78	 -0.6668 -0.1843 0.8493	
13.453624 149.402142	5.87e+04  1.08e+05  1.43e+05	 43.61 -39.32	 -0.0669 0.2682 -0.9552	
13.453624 149.402142	5.74e+04  1.13e+05  1.40e+05	 56.55 25.60	 0.0094 0.0646 0.9187	
13.453624 149.402142	7.72e+04  9.81e+04  1.35e+05	 63.70 22.11	 0.4247 0.0371 0.9029	
13.453624 149.402142	6.46e+04  1.18e+05  1.27e+05	 62.60 1.06	 0.5283 0.4112 0.5745	
13.453624 149.402142	6.07e+04  1.07e+05  1.43e+05	 39.88 -24.36	 0.2455 -0.0437 -0.9783	
13.453624 149.402142	7.91e+04  1.00e+05  1.31e+05	 44.78 -0.57	 0.5818 0.8474 0.9232	
13.453624 149.402142	4.63e+04  1.26e+05  1.38e+05	 57.47 5.31	 -0.4686 0.7740 -0.4132	
13.453624 149.402142	6.48e+04  1.11e+05  1.34e+05	 70.26 -26.29	 0.5515 0.3256 0.9669	
13.453624 149.402142	5.88e+04  1.21e+05  1.30e+05	 63.53 -24.21	 0.0563 -0.0087 0.8610	
13.453624 149.402142	7.34e+04  1.15e+05  1.22e+05	 44.79 -8.87	 0.3953 0.0744 0.6962	
13.453624 149.402142	6.43e+04  1.05e+05  1.41e+05	 35.80 32.00	 0.1452 -0.2301 -0.9950	
13.453624 149.402142	6.42e+04  1.10e+05  1.36e+05	 58.26 24.19	 0.1208 -0.1415 0.8927	
13.453624 149.402142	6.57e+04  1.02e+05  1.42e+05	 39.94 -11.39	 0.1226 0.0106 0.9813	
13.453624 149.402142	6.12e+04  1.11e+05  1.38e+05	 58.21 2.52	 0.5277 0.6294 0.9568	
13.453624 149.402142	4.99e+04  1.29e+05  1.31e+05	 57.10 -33.55	 0.0266 0.2929 -0.4047	
13.453624 149.402142	7.74e+04  1.04e+05  1.28e+05	 66.80 -20.72	 0.5000 -0.9242 -0.7093	
13.453624 149.402142	7.45e+04  9.18e+04  1.44e+05	 49.10 -38.65	 0.2015 0.6022 0.9001	
13.453624 149.402142	8.35e+04  1.07e+05  1.20e+05	 81.26 50.30	 -0.7711 0.2548 -0.7275	
13.453624 149.402142	7.71e+04  1.07e+05  1.26e+05	 38.93 -10.26	 -0.6264 -0.8360 0.9315	
13.453624 149.402142	7.31e+04  1.09e+05  1.28e+05	 46.57 4.54	 -0.0202 -0.4502 -0.8778	
13.453624 149.402142	8.57e+04  9.37e+04  1.31e+05	 75.52 -15.27	 -0.1034 -0.0212 -0.7840	
13.453624 149.402142	6.24e+04  9.70e+04  1.51e+05	 41.11 -3.36	 0.3697 -0.3403 -0.9995	
13.453624 149.402142	6.41e+04  1.19e+05  1.27e+05	 83.64 12.21	 -0.7431 -0.5669 0.9696	
13.453624 149.402142	8.65e+04  9.83e+04  1.25e+05	 69.10 2.80	 -0.9444 0.5440 -0.7607	
13.453624 149.402142	8.63e+04  9.46e+04  1.29e+05	 64.10 -12.41	 -0.1541 -0.5709 -0.6839	
13.453624 149.402142	4.90e+04  1.21e+05  1.40e+05	 52.40 -2.22	 -0.9018 0.6919 -0.5684	
13.453624 149.402142	6.61e+04  1.15e+05  1.29e+05	 75.76 -31.14	 0.1718 -0.1642 -0.4853	
13.453624 149.402142	7.54e+04  1.00e+05  1.35e+05	 55.51 24.95	 0.4060 -0.4973 -0.5472	
13.453624 149.402142	5.15e+04  1.16e+05  1.43e+05	 49.59 -17.04	 -0.3652 0.0511 0.8392	
13.453624 149.402142	8.72e+04  9.34e+04  1.30e+05	 82.60 -4.55	 -0.2063 0.5683 0.6707	
13.453624 149.402142	7.19e+04  1.06e+05  1.32e+05	 69.51 -21.45	 -0.7545 0.2139 -0.8024	
13.453624 149.402142	5.26e+04  1.17e+05  1.40e+05	 64.34 -21.36	 0.3644 -0.5793 -0.9228	
13.453624 149.402142	5.60e+04  1.17e+05  1.37e+05	 47.58 20.00	 0.4507 0.5701 0.7952	
13.453624 149.402142	6.23e+04  1.20e+05  1.28e+05	 53.91 -18.76	 0.2789 -0.6578 -0.8994	
13.453624 149.402142	9.12e+04  1.02e+05  1.17e+05	 55.92 -59.17	 0.4745 -0.3021 0.3803	
13.453624 149.402142	7.16e+04  1.04e+05  1.34e+05	 80.68 -32.94	 -0.7981 -0.9468 0.8644	
13.453624 149.402142	7.33e+04  9.99e+04  1.37e+05	 69.43 -23.39	 -0.7533 0.8760 -0.4067	
13.453624 149.402142	5.49e+04  1.14e+05  1.42e+05	 61.69 -18.42	 -0.5264 0.7754 -0.8639	
13.453624 149.402142	6.79e+04  1.00e+05  1.42e+05	 43.05 -24.30	 -0.0797 0.0115 0.9956	
13.453624 149.402142	5.60e+04  1.16e+05  1.38e+05	 43.83 6.69	 -0.1270 -0.3306 0.9430	
13.453624 149.402142	6.92e+04  1.08e+05  1.33e+05	 63.49 -2.06	 -0.3177 0.2605 -0.9681	
13.453624 149.402142	6.23e+04  1.17e+05  1.31e+05	 39.54 30.83	 -0.1237 -0.3424 0.9666	
13.453624 149.402142	7.40e+04  9.86e+04  1.38e+05	 55.42 7.66	 -0.4565 -0.3535 0.9832	
13.453624 149.402142	7.90e+04  9.60e+04  1.35e+05	 64.35 6.73	 0.3203 -0.4069 -0.9313	
13.453624 149.402142	6.05e+04  1.22e+05  1.28e+05	 63.99 0.32	 -0.7245 -0.4397 0.9190	
13.453624 149.402142	7.01e+04  1.11e+05  1.29e+05	 50.17 0.55	 0.1601 -0.5930 0.4675	
13.453624 149.402142	6.60e+04  1.14e+05  1.30e+05	 63.78 -15.66	 0.1291 -0.5809 0.6697	
13.453624 149.402142	6.72e+04  1.11e+05  1.32e+05	 56.59 -4.33	 0.3293 0.6750 0.8997	
13.453624 149.402142	7.31e+04  1.05e+05  1.32e+05	 70.11 -13.40	 -0.7195 -0.7547 0.8646	
13.453624 149.402142	8.24e+04  1.06e+05  1.22e+05	 83.11 -4.30	 -0.4851 0.4701 -0.9998	
13.453624 149.402142	5.24e+04  1.08e+05  1.50e+05	 36.23 -21.60	 0.1680 -0.4182 0.8093	
13.453624 149.402142	5.63e+04  1.18e+05  1.36e+05	 49.64 -10.92	 0.2453 -0.2766 -0.9991	
13.453624 149.402142	8.03e+04  9.23e+04  1.37e+05	 73.98 -47.92	 0.3192 -0.4768 -0.5230	
13.453624 149.402142	6.19e+04  1.15e+05  1.33e+05	 46.39 17.85	 -0.7618 -0.4202 0.9057	
13.453624 149.402142	6.48e+04  9.69e+04  1.48e+05	 40.42 11.19	 -0.5017 0.3628 -0.9867	
13.453624 149.402142	8.40e+04  1.04e+05  1.22e+05	 65.03 29.31	 -0.1127 0.1866 0.9453	
13.453624 149.402142	8.03e+04  9.29e+04  1.37e+05	 54.10 -2.24	 0.3298 -0.5109 -0.9248	
13.453624 149.402142	6.91e+04  1.00e+05  1.40e+05	 68.20 1.71	 -0.1333 -0.2508 0.9920	
13.453624 149.402142	6.20e+04  1.12e+05  1.36e+05	 60.31 -15.30	 0.1613 -0.8338 0.3993	
13.453624 149.402142	6.45e+04  1.04e+05  1.41e+05	 26.73 6.99	 0.4464 -0.4862 -0.1485	
13.453624 149.402142	6.45e+04  1.03e+05  1.43e+05	 60.87 4.10	 0.2354 -0.2033 -0.9959	
13.453624 149.402142	6.29e+04  1.12e+05  1.36e+05	 58.42 2.33	 0.1977 0.4934 -0.7549	
13.453624 149.402142	7.39e+04  1.01e+05  1.35e+05	 54.34 5.51	 0.2426 0.0614 0.9308	
13.453624 149.402142	3.35e+04  1.34e+05  1.43e+05	 51.17 14.70	 -0.9596 0.7457 -0.7044	
13.453624 149.402142	7.94e+04  9.47e+04  1.36e+05	 73.80 3.36	 -0.1800 -0.6803 0.6278	
13.453624 149.402142	5.18e+04  1.26e+05  1.32e+05	 92.39 0.33	 0.5472 0.4408 0.5643	
13.453624 149.402142	7.32e+04  1.03e+05  1.34e+05	 63.87 28.91	 -0.4544 -0.4735 0.9132	
13.453624 149.402142	7.32e+04  1.01e+05  1.36e+05	 68.85 -28.42	 -0.3128 0.5069 0.6381	
13.453624 149.402142	7.90e+04  8.30e+04  1.48e+05	 56.04 14.39	 -0.8396 -0.8351 0.9869	
13.453624 149.402142	7.79e+04  1.02e+05  1.30e+05	 56.16 7.85	 -0.7936 0.3314 -0.8128	
13.453624 149.402142	3.99e+04  1.29e+05  1.41e+05	 39.21 -15.15	 -0.8123 0.6901 -0.6044	
13.453624 149.402142	6.99e+04  9.61e+04  1.44e+05	 38.94 -20.18	 0.1870 -0.0318 0.9758	
13.453624 149.402142	7.79e+04  1.04e+05  1.28e+05	 69.93 -0.66	 0.5853 -0.5278 -0.3984	
13.453624 149.402142	7.05e+04  9.82e+04  1.41e+05	 62.95 15.24	 -0.3252 0.0009 0.8275	
13.453624 149.402142	7.33e+04  9.93e+04  1.38e+05	 38.14 4.09	 -0.6652 0.7196 -0.9797	
13.453624 149.402142	4.75e+04  1.26e+05  1.37e+05	 54.00 9.54	 0.0024 -0.7412 0.6679	
13.453624 149.402142	8.09e+04  8.87e+04  1.41e+05	 39.63 -14.29	 0.2353 -0.3310 -0.9402	
13.453624 149.402142	7.06e+04  1.02e+05  1.37e+05	 34.86 -30.21	 -0.7109 -0.4663 0.9388	
13.453624 149.402142	7.74e+04  1.06e+05  1.27e+05	 69.23 -4.04	 0.3248 0.6786 0.2915	
13.453624 149.402142	6.00e+04  1.07e+05  1.43e+05	 58.46 -17.78	 -0.9217 -0.7586 0.9516	
13.453624 149.402142	3.88e+04  1.19e+05  1.52e+05	 54.24 2.91	 0.3971 -0.4509 -0.9155	
13.453624 149.402142	5.83e+04  1.23e+05  1.28e+05	 75.24 14.52	 0.2716 0.3162 -0.0818	
13.453624 149.402142	6.36e+04  1.17e+05  1.29e+05	 51.73 -40.77	 -0.8146 -0.9529 0.8234	
13.453624 149.402142	7.10e+04  9.62e+04  1.43e+05	 61.56 -18.37	 0.2542 -0.2085 -0.9988	
13.453624 149.402142	6.61e+04  1.04e+05  1.40e+05	 65.78 -45.08	 0.1414 -0.4347 -0.3175	
13.453624 149.402142	8.46e+04  9.89e+04  1.27e+05	 37.25 -47.41	 -0.7409 -0.9298 0.4418	
13.453624 149.402142	6.16e+04  9.79e+04  1.51e+05	 30.19 12.60	 -0.8350 -0.8418 0.9936	
13.453624 149.402142	5.90e+04  1.23e+05  1.28e+05	 45.05 -2.31	 -0.7751 -0.8513 0.9215	
13.453624 149.402142	5.77e+04  1.24e+05  1.28e+05	 71.90 -11.59	 -0.9704 0.6868 -0.4963	
13.453624 149.402142	7.93e+04  1.09e+05  1.21e+05	 17.51 -8.36	 -0.6114 -0.5659 0.6455	
13.453624 149.402142	6.94e+04  1.02e+05  1.38e+05	 65.86 -25.24	 -0.9300 -0.6079 0.8235	
13.453624 149.402142	5.37e+04  1.15e+05  1.42e+05	 47.44 -29.33	 -0.9502 0.7927 -0.9432	
13.453624 149.402142	6.37e+04  1.14e+05  1.32e+05	 63.10 21.18	 0.0974 -0.6114 -0.4327	
13.453624 149.402142	8.69e+04  1.04e+05  1.19e+05	 56.50 -7.82	 0.0792 -0.4670 -0.2464	
13.453624 149.402142	8.32e+04  1.10e+05  1.17e+05	 65.06 13.00	 0.0539 -0.9585 0.1892	
13.453624 149.402142	3.99e+04  1.19e+05  1.51e+05	 93.65 8.28	 -0.8806 0.8919 -0.5768	
13.453624 149.402142	5.27e+04  1.14e+05  1.43e+05	 36.60 -19.95	 -0.4670 -0.3927 0.9947	
13.453624 149.402142	4.93e+04  1.27e+05  1.34e+05	 34.21 -9.56	 -0.8800 -0.8540 0.9760	
13.453624 149.402142	4.96e+04  1.26e+05  1.34e+05	 60.47 -4.61	 -0.6962 0.6737 -0.9093	
13.453624 149.402142	6.47e+04  9.48e+04  1.51e+05	 58.08 -17.04	 -0.6454 -0.5214 0.8740	
13.453624 149.402142	7.24e+04  1.13e+05  1.24e+05	 77.63 -5.54	 -0.5685 -0.0644 0.7996	
13.453624 149.402142	8.46e+04  9.75e+04  1.28e+05	 75.64 4.83	 -0.9502 0.6887 -0.8800	
13.453624 149.402142	6.67e+04  1.02e+05  1.41e+05	 10.63 6.88	 0.4697 -0.4550 -0.9950	
13.453624 149.402142	7.57e+04  1.02e+05  1.32e+05	 47.28 -3.10	 -0.7080 0.3557 -0.5209	
13.453624 149.402142	7.57e+04  9.77e+04  1.37e+05	 60.96 -15.95	 -0.7278 -0.9558 0.7849	
13.453624 149.402142	7.56e+04  9.45e+04  1.40e+05	 71.86 35.44	 0.5400 0.9097 0.8171	
13.453624 149.402142	5.96e+04  1.17e+05  1.33e+05	 45.87 -1.36	 0.0849 -0.2318 0.9418	
13.453624 149.402142	4.69e+04  1.16e+05  1.47e+05	 49.94 4.12	 0.3226 0.1803 0.9773	
13.453624 149.402142	6.67e+04  1.09e+05  1.34e+05	 37.77 28.21	 -0.7567 0.3069 -0.8396	
13.453624 149.402142	6.38e+04  1.06e+05  1.41e+05	 34.63 20.30	 -0.1189 0.0326 -0.9588	
13.453624 149.402142	7.35e+04  1.03e+05  1.33e+05	 70.49 12.03	 0.1104 -0.0014 0.9683	
13.453624 149.402142	4.84e+04  1.18e+05  1.43e+05	 58.39 -13.16	 -0.6032 -0.8179 0.5230	
13.453624 149.402142	7.19e+04  1.17e+05  1.22e+05	 72.16 -18.27	 -0.2023 -0.2603 0.9853	
13.453624 149.402142	8.00e+04  1.03e+05  1.27e+05	 79.48 -22.22	 0.0408 0.3068 -0.9367	
13.453624 149.402142	7.39e+04  1.16e+05  1.20e+05	 77.77 25.62	 -0.4415 0.1185 -0.9181	
13.453624 149.402142	6.51e+04  1.06e+05  1.39e+05	 36.54 -31.86	 -0.9092 -0.8799 0.9244	
13.453624 149.402142	6.43e+04  1.10e+05  1.36e+05	 23.51 1.44	 -0.9500 -0.9844 0.9879	
13.453624 149.402142	7.75e+04  9.67e+04  1.36e+05	 93.52 7.76	 -0.5751 -0.2564 0.8205	
13.453624 149.402142	8.77e+04  9.95e+04  1.23e+05	 80.49 -44.57	 0.1281 0.7608 0.7401	
13.453624 149.402142	7.88e+04  9.54e+04  1.36e+05	 76.07 32.90	 -0.9711 0.2370 -0.3224	
13.453624 149.402142	5.82e+04  1.20e+05  1.32e+05	 42.50 39.33	 0.3042 0.0592 0.9662	
13.453624 149.402142	5.01e+04  1.12e+05  1.48e+05	 44.34 -11.37	 -0.5418 0.3900 -0.9618	
13.453624 149.402142	5.63e+04  1.10e+05  1.43e+05	 41.07 15.82	 0.2932 -0.5446 -0.9614	
13.453624 149.402142	4.58e+04  1.22e+05  1.43e+05	 44.46 -4.52	 0.2984 -0.3722 -0.9892	
13.453624 149.402142	5.63e+04  1.11e+05  1.43e+05	 46.39 -2.32	 -0.3121 -0.0359 0.9133	
13.453624 149.402142	7.61e+04  1.12e+05  1.22e+05	 86.80 -2.42	 0.1713 -0.2968 0.3819	
13.453624 149.402142	7.44e+04  1.06e+05  1.29e+05	 60.01 -21.99	 0.2592 -0.3315 0.3089	
13.453624 149.402142	6.01e+04  1.18e+05  1.32e+05	 55.83 -0.51	 -0.8514 -0.9828 0.8147	
13.453624 149.402142	5.05e+04  1.17e+05  1.43e+05	 38.53 -14.29	 -0.9796 0.1208 0.0527	
13.453624 149.402142	5.08e+04  1.22e+05  1.37e+05	 85.36 10.17	 -0.4005 0.5629 0.4997	
13.453624 149.402142	7.00e+04  9.58e+04  1.44e+05	 54.92 -0.37	 -0.9323 -0.9495 0.9983	
13.453624 149.402142	6.68e+04  1.04e+05  1.39e+05	 43.78 9.14	 0.1951 0.0930 0.8627	
13.453624 149.402142	6.35e+04  1.07e+05  1.40e+05	 45.55 -2.56	 0.5597 0.0501 0.8473	
13.453624 149.402142	8.41e+04  9.46e+04  1.31e+05	 89.07 -8.45	 -0.3619 -0.6145 -0.3966	
13.453624 149.402142	5.33e+04  1.15e+05  1.41e+05	 26.72 -12.50	 -0.6627 -0.7060 0.9940	
13.453624 149.402142	5.94e+04  1.15e+05  1.36e+05	 52.92 -21.83	 -0.8409 -0.2342 0.3888	
13.453624 149.402142	5.89e+04  1.10e+05  1.41e+05	 79.03 -5.43	 0.4488 0.7941 0.8951	
13.453624 149.402142	8.41e+04  1.05e+05  1.21e+05	 67.14 -5.62	 0.1495 -0.2447 0.9221	
13.453624 149.402142	7.46e+04  9.15e+04  1.44e+05	 59.40 14.89	 -0.9058 0.8370 -0.9838	
13.453624 149.402142	8.91e+04  1.07e+05  1.14e+05	 45.81 -26.73	 0.1656 -0.0810 0.8766	
13.453624 149.402142	5.15e+04  1.08e+05  1.50e+05	 23.05 -0.38	 0.3668 0.0234 0.9315	
13.453624 149.402142	7.98e+04  1.01e+05  1.29e+05	 54.70 -22.62	 0.2941 0.4382 0.9742	
13.453624 149.402142	7.14e+04  9.88e+04  1.40e+05	 50.62 -21.78	 -0.3217 -0.1174 0.8720	
13.453624 149.402142	7.94e+04  9.68e+04  1.34e+05	 55.93 -10.56	 0.1966 -0.5381 -0.8901	
13.453624 149.402142	6.98e+04  1.10e+05  1.31e+05	 60.39 3.22	 -0.1698 -0.2068 -0.9129	
13.453624 149.402142	6.80e+04  1.08e+05  1.35e+05	 47.50 15.94	 -0.5927 -0.7385 0.9789	
13.453624 149.402142	8.70e+04  1.05e+05  1.18e+05	 65.95 -46.40	 -0.6861 -0.7718 0.7566	
13.453624 149.402142	6.51e+04  1.15e+05  1.30e+05	 51.63 9.35	 -0.0805 0.4668 0.7832	
13.453624 149.402142	9.13e+04  9.86e+04  1.20e+05	 75.42 29.89	 0.0257 -0.4199 0.4102	
13.453624 149.402142	6.17e+04  1.05e+05  1.43e+05	 27.15 8.67	 -0.8874 -0.8730 0.9783	
13.453624 149.402142	6.38e+04  1.01e+05  1.45e+05	 60.03 6.61	 0.5611 -0.7619 -0.8346	
13.453624 149.402142	6.85e+04  1.13e+05  1.29e+05	 56.52 0.39	 0.1524 -0.3907 0.4433	
13.453624 149.402142	8.77e+04  9.73e+04  1.25e+05	 65.63 -14.92	 0.4593 0.2346 0.5345	
13.453624 149.402142	6.20e+04  1.16e+05  1.32e+05	 55.70 25.01	 0.2704 -0.1490 -0.9866	
13.453624 149.402142	6.54e+04  1.17e+05  1.28e+05	 69.60 -7.03	 0.2896 0.4016 0.9752	
13.453624 149.402142	7.44e+04  1.09e+05  1.27e+05	 65.51 32.92	 -0.8890 -0.9445 0.9367	
13.453624 149.402142	8.57e+04  9.65e+04  1.28e+05	 76.69 8.70	 -0.8148 0.9697 -0.9075	
13.453624 149.402142	5.85e+04  1.11e+05  1.40e+05	 47.49 -25.56	 -0.9713 -0.8034 0.8279	
13.453624 149.402142	7.75e+04  9.21e+04  1.41e+05	 41.32 -35.62	 0.3389 -0.3997 -0.9238	
13.453624 149.402142	5.47e+04  1.23e+05  1.33e+05	 40.04 23.28	 -0.2736 -0.2779 0.9989	
13.453624 149.402142	6.16e+04  1.14e+05  1.35e+05	 57.06 1.66	 0.3131 0.2465 0.9036	
13.453624 149.402142	5.65e+04  1.12e+05  1.41e+05	 40.49 14.51	 -0.4740 -0.6706 0.9696	
13.453624 149.402142	6.38e+04  9.87e+04  1.48e+05	 44.69 -14.05	 0.9148 -0.9145 -0.9921	
13.453624 149.402142	7.07e+04  1.12e+05  1.27e+05	 59.66 -11.39	 -0.2629 -0.1810 -0.8686	
13.453624 149.402142	7.02e+04  1.02e+05  1.38e+05	 70.55 19.80	 0.3653 0.6535 0.8621	
13.453624 149.402142	6.03e+04  1.15e+05  1.34e+05	 85.18 -8.24	 0.2156 0.4158 0.9672	
13.453624 149.402142	8.06e+04  9.42e+04  1.35e+05	 45.89 24.78	 -0.5607 -0.6571 0.9155	
13.453624 149.402142	4.71e+04  1.31e+05  1.32e+05	 41.27 -2.35	 -0.2755 0.2418 0.0751	
13.453624 149.402142	6.25e+04  1.01e+05  1.47e+05	 54.60 19.43	 0.5706 0.7063 0.8805	
13.453624 149.402142	4.91e+04  1.25e+05  1.36e+05	 51.28 0.66	 -0.8777 -0.8552 0.9811	
13.453624 149.402142	4.16e+04  1.22e+05  1.46e+05	 32.51 -12.51	 -0.7773 -0.8213 0.9340	
13.453624 149.402142	6.23e+04  1.14e+05  1.33e+05	 99.47 6.99	 -0.1656 -0.0307 -0.9129	
13.453624 149.402142	6.07e+04  1.12e+05  1.37e+05	 81.78 3.92	 -0.8903 0.8704 -0.9347	
13.453624 149.402142	6.81e+04  1.14e+05  1.28e+05	 45.73 -9.28	 0.1671 -0.2639 -0.6062	
13.453624 149.402142	6.30e+04  1.14e+05  1.34e+05	 82.08 25.73	 -0.6713 0.8528 -0.7833	
13.453624 149.402142	5.73e+04  1.20e+05  1.32e+05	 55.91 -25.89	 0.1994 0.0399 0.9436	
13.453624 149.402142	7.65e+04  9.85e+04  1.35e+05	 54.15 17.87	 -0.6418 0.8767 -0.9224	
13.453624 149.402142	8.70e+04  1.00e+05  1.23e+05	 92.91 3.00	 0.5801 -0.8912 -0.2622	
13.453624 149.402142	7.47e+04  9.82e+04  1.37e+05	 49.24 0.15	 -0.9788 0.9205 -0.9766	
13.453624 149.402142	5.76e+04  1.08e+05  1.45e+05	 46.31 -10.47	 -0.2762 0.1363 -0.9800	
13.453624 149.402142	4.99e+04  1.21e+05  1.39e+05	 36.90 12.34	 -0.5094 0.9294 -0.5582	
13.453624 149.402142	8.84e+04  9.07e+04  1.31e+05	 72.66 -2.13	 -0.5517 -0.0359 -0.7296	
13.453624 149.402142	6.29e+04  1.03e+05  1.44e+05	 41.49 7.54	 -0.6416 -0.8567 0.8950	
13.453624 149.402142	6.97e+04  1.14e+05  1.26e+05	 68.06 1.29	 -0.2828 0.2549 0.5427	
13.453624 149.402142	6.56e+04  1.07e+05  1.37e+05	 62.70 7.02	 -0.9732 -0.7908 0.6878	
13.453624 149.402142	7.94e+04  1.05e+05  1.25e+05	 56.79 4.70	 -0.4388 0.3526 0.6785	
13.453624 149.402142	7.65e+04  1.02e+05  1.31e+05	 58.77 36.44	 0.3024 0.5659 0.8078	
13.453624 149.402142	6.55e+04  9.85e+04  1.46e+05	 40.81 0.24	 -0.2180 -0.2083 0.9242	
13.453624 149.402142	6.38e+04  1.17e+05  1.30e+05	 72.53 24.97	 -0.4075 -0.2384 0.9807	
13.453624 149.402142	6.84e+04  9.32e+04  1.49e+05	 37.63 -3.78	 -0.4078 0.3578 -0.9895	
13.453624 149.402142	6.78e+04  9.37e+04  1.49e+05	 43.89 -13.00	 0.1599 0.2196 0.9466	
13.453624 149.402142	6.31e+04  1.08e+05  1.39e+05	 60.48 -0.37	 -0.8620 -0.7159 0.9338	
13.453624 149.402142	6.97e+04  1.03e+05  1.37e+05	 78.29 12.01	 0.4224 -0.5693 -0.9805	
13.453624 149.402142	8.21e+04  1.03e+05  1.25e+05	 72.15 0.27	 -0.7495 -0.3557 0.6637	
13.453624 149.402142	7.23e+04  1.11e+05  1.27e+05	 79.15 10.58	 0.1497 -0.7360 0.1367	
13.453624 149.402142	8.05e+04  9.77e+04  1.32e+05	 58.96 -3.99	 -0.4144 0.1528 -0.9568	
13.453624 149.402142	7.84e+04  1.13e+05  1.19e+05	 56.23 -22.29	 0.0134 -0.4231 0.8634	
13.453624 149.402142	8.19e+04  8.75e+04  1.41e+05	 43.10 -2.21	 -0.0634 -0.0159 0.9699	
13.453624 149.402142	5.06e+04  1.20e+05  1.40e+05	 53.41 32.49	 -0.7804 -0.6791 0.9819	
13.453624 149.402142	7.37e+04  9.34e+04  1.43e+05	 41.10 9.78	 -0.6536 -0.5648 0.9922	
13.453624 149.402142	8.37e+04  8.91e+04  1.37e+05	 52.86 32.08	 0.5192 -0.3416 -0.9553	
13.453624 149.402142	7.52e+04  9.96e+04  1.35e+05	 56.71 -16.67	 0.0694 -0.4046 0.8819	
13.453624 149.402142	7.08e+04  1.08e+05  1.31e+05	 66.98 36.63	 0.1244 0.4955 -0.0610	
13.453624 149.402142	7.88e+04  9.28e+04  1.39e+05	 83.61 -4.83	 0.5806 -0.8494 -0.8372	
13.453624 149.402142	6.57e+04  1.13e+05  1.32e+05	 51.01 50.37	 -0.2807 0.5918 0.0926	
13.453624 149.402142	4.48e+04  1.20e+05  1.45e+05	 29.72 -11.58	 -0.3166 -0.0865 0.9635	
13.453624 149.402142	7.64e+04  9.89e+04  1.35e+05	 73.95 -11.08	 -0.2480 0.3842 -0.8291	
13.453624 149.402142	7.10e+04  1.01e+05  1.38e+05	 58.83 2.26	 0.5495 -0.3960 -0.9551	
13.453624 149.402142	5.58e+04  1.13e+05  1.42e+05	 72.22 44.92	 0.3287 -0.0444 -0.5269	
13.453624 149.402142	6.63e+04  1.04e+05  1.40e+05	 51.77 27.44	 0.0016 -0.2581 0.9456	
13.453624 149.402142	5.58e+04  1.12e+05  1.43e+05	 34.07 26.42	 -0.5562 -0.3789 0.8992	
13.453624 149.402142	7.34e+04  1.12e+05  1.25e+05	 80.29 -9.00	 -0.6490 -0.0123 -0.2131	
13.453624 149.402142	6.07e+04  1.04e+05  1.45e+05	 44.62 -14.08	 0.1771 0.2987 0.9584	
13.453624 149.402142	7.00e+04  9.01e+04  1.50e+05	 24.17 -17.00	 -0.4932 -0.2373 0.9607	
13.453624 149.402142	6.14e+04  1.23e+05  1.26e+05	 101.94 -0.56	 -0.0574 -0.9457 0.3559	
13.453624 149.402142	7.50e+04  9.69e+04  1.38e+05	 31.85 -7.50	 0.0553 0.6208 -0.6297	
13.453624 149.402142	6.68e+04  1.15e+05  1.29e+05	 50.65 23.98	 -0.8952 -0.7371 0.9078	
13.453624 149.402142	7.67e+04  9.65e+04  1.37e+05	 73.96 13.20	 0.4954 -0.2468 -0.9162	
13.453624 149.402142	7.79e+04  1.10e+05  1.22e+05	 79.28 4.18	 0.1869 0.4159 0.9091	
13.453624 149.402142	8.04e+04  9.23e+04  1.37e+05	 56.62 0.86	 0.0802 -0.2584 0.9388	
13.453624 149.402142	6.88e+04  9.94e+04  1.42e+05	 66.74 16.34	 -0.9793 0.9363 -0.9135	
13.453624 149.402142	5.60e+04  1.13e+05  1.41e+05	 54.52 -23.51	 0.2373 -0.2516 0.8499	
13.453624 149.402142	6.84e+04  1.06e+05  1.36e+05	 61.14 -25.51	 0.5800 -0.8884 -0.7296	
13.453624 149.402142	7.11e+04  9.36e+04  1.45e+05	 42.81 -21.24	 0.4930 0.4970 0.9993	
13.453624 149.402142	7.45e+04  1.03e+05  1.33e+05	 44.73 31.10	 0.1812 -0.2495 -0.9926	
13.453624 149.402142	6.52e+04  1.07e+05  1.38e+05	 34.35 12.15	 0.5506 0.6483 0.9373	
13.453624 149.402142	4.90e+04  1.16e+05  1.45e+05	 48.85 16.60	 0.4435 0.3014 0.9857	
13.453624 149.402142	6.84e+04  1.09e+05  1.33e+05	 50.55 -8.01	 -0.5260 -0.4832 0.9965	
13.453624 149.402142	4.71e+04  1.21e+05  1.42e+05	 63.32 12.87	 -0.5804 0.5989 -0.9949	
13.453624 149.402142	6.33e+04  1.09e+05  1.38e+05	 48.38 -17.44	 -0.3263 -0.3814 0.8889	
13.453624 149.402142	5.56e+04  1.14e+05  1.40e+05	 41.19 12.15	 -0.4548 -0.5581 0.9665	
13.453624 149.402142	7.28e+04  1.12e+05  1.25e+05	 71.51 -40.54	 0.0341 -0.9709 0.0322	
13.453624 149.402142	6.89e+04  9.36e+04  1.48e+05	 32.06 -0.83	 -0.6334 0.6474 -0.9887	
13.453624 149.402142	6.00e+04  1.20e+05  1.30e+05	 62.79 0.75	 0.2352 0.1992 0.9993	
13.453624 149.402142	8.52e+04  9.29e+04  1.32e+05	 46.72 4.44	 0.2025 -0.1217 -0.9943	
13.453624 149.402142	5.16e+04  1.24e+05  1.35e+05	 73.66 17.63	 -0.7558 0.9838 -0.6793	
13.453624 149.402142	6.76e+04  1.02e+05  1.41e+05	 88.50 -18.55	 -0.9771 -0.9039 0.8887	
13.453624 149.402142	5.67e+04  1.07e+05  1.47e+05	 67.52 -38.66	 -0.7037 0.6604 -0.8168	
13.453624 149.402142	4.93e+04  1.24e+05  1.37e+05	 49.23 10.49	 -0.8926 -0.8482 0.6023	
13.453624 149.402142	7.97e+04  1.00e+05  1.30e+05	 55.08 -10.76	 0.5812 0.1182 0.6802	
13.453624 149.402142	7.03e+04  1.07e+05  1.33e+05	 65.83 -0.11	 0.3981 0.2506 0.9586	
13.453624 149.402142	8.22e+04  1.06e+05  1.22e+05	 91.86 11.04	 0.0507 0.0291 -0.6563	
13.453624 149.402142	9.41e+04  9.81e+04  1.18e+05	 71.42 9.34	 0.5613 0.6211 0.9635	
13.453624 149.402142	6.47e+04  1.07e+05  1.38e+05	 53.00 10.85	 -0.1953 -0.3997 0.9749	
13.453624 149.402142	8.11e+04  1.05e+05  1.24e+05	 71.72 6.63	 0.1690 0.4396 0.7791	
13.453624 149.402142	7.76e+04  9.91e+04  1.33e+05	 48.68 -14.21	 -0.7700 0.5214 -0.5940	
13.453624 149.402142	6.79e+04  1.14e+05  1.28e+05	 53.33 20.92	 0.0960 -0.5186 -0.8891	
13.453624 149.402142	5.75e+04  1.21e+05  1.32e+05	 55.98 -10.37	 -0.8596 -0.9017 0.9814	
13.453624 149.402142	7.32e+04  1.03e+05  1.33e+05	 73.06 -11.37	 0.3048 -0.5034 -0.8029	
13.453624 149.402142	8.73e+04  1.06e+05  1.17e+05	 76.08 -10.74	 -0.6144 0.6675 -0.9976	
13.453624 149.402142	6.78e+04  1.10e+05  1.32e+05	 35.44 -20.21	 -0.7657 -0.5821 -0.0757	
13.453624 149.402142	8.38e+04  9.85e+04  1.28e+05	 62.94 -16.06	 0.4603 0.3729 0.9681	
13.453624 149.402142	6.93e+04  1.06e+05  1.35e+05	 61.36 11.30	 -0.8878 -0.9237 0.9402	
13.453624 149.402142	7.22e+04  1.06e+05  1.32e+05	 30.44 -13.81	 -0.5963 -0.3964 0.6970	
13.453624 149.402142	7.16e+04  1.11e+05  1.28e+05	 57.90 -14.05	 -0.3080 -0.7635 0.3348	
13.453624 149.402142	6.91e+04  1.13e+05  1.28e+05	 48.34 -38.14	 -0.5176 -0.6650 0.9637	
13.453624 149.402142	5.96e+04  1.07e+05  1.43e+05	 83.27 -20.88	 -0.2517 0.2670 -0.9264	
13.453624 149.402142	6.72e+04  1.15e+05  1.28e+05	 81.38 -9.04	 -0.5939 0.4985 -0.9660	
13.453624 149.402142	6.69e+04  1.10e+05  1.33e+05	 70.81 -8.73	 -0.1607 -0.1688 0.9953	
13.453624 149.402142	4.95e+04  1.24e+05  1.37e+05	 54.90 -28.86	 0.2915 0.1176 0.1613	
13.453624 149.402142	7.15e+04  1.11e+05  1.27e+05	 85.00 6.15	 -0.8396 0.7036 -0.8973	
13.453624 149.402142	4.54e+04  1.27e+05  1.38e+05	 35.23 -20.15	 0.3457 0.3909 0.9371	
13.453624 149.402142	9.03e+04  1.04e+05  1.15e+05	 82.61 -6.37	 -0.5147 -0.0652 0.8441	
13.453624 149.402142	5.37e+04  1.10e+05  1.46e+05	 51.82 17.11	 -0.9790 -0.9997 0.9825	
13.453624 149.402142	7.16e+04  9.46e+04  1.44e+05	 58.22 -29.90	 -0.4524 -0.4242 0.9810	
13.453624 149.402142	7.11e+04  9.00e+04  1.49e+05	 36.93 19.64	 -0.0677 0.1472 0.9769	
13.453624 149.402142	5.53e+04  1.15e+05  1.40e+05	 54.61 -27.30	 -0.8433 -0.8891 0.9957	
13.453624 149.402142	7.76e+04  1.12e+05  1.20e+05	 52.74 15.46	 -0.8123 -0.0652 0.1720	
13.453624 149.402142	7.86e+04  1.06e+05  1.26e+05	 89.70 -25.49	 -0.8368 -0.4261 0.7614	
13.453624 149.402142	7.88e+04  9.99e+04  1.31e+05	 72.34 -16.31	 -0.9425 -0.7791 0.5485	
13.453624 149.402142	8.21e+04  9.50e+04  1.33e+05	 38.85 -41.36	 -0.1771 -0.0447 0.9819	
13.453624 149.402142	5.16e+04  1.20e+05  1.39e+05	 55.83 -2.78	 0.5594 -0.5801 -0.9997	
13.453624 149.402142	5.75e+04  1.14e+05  1.39e+05	 60.51 28.96	 -0.2960 -0.1795 0.7669	
13.453624 149.402142	5.25e+04  1.20e+05  1.38e+05	 57.44 27.63	 -0.9454 -0.8465 0.9727	
13.453624 149.402142	6.28e+04  1.03e+05  1.45e+05	 54.12 8.29	 -0.4933 0.5675 -0.9962	
13.453624 149.402142	7.05e+04  1.02e+05  1.37e+05	 72.13 21.82	 -0.6422 -0.3710 0.9223	
13.453624 149.402142	6.26e+04  1.16e+05  1.32e+05	 45.10 16.44	 0.3648 -0.0437 0.8962	
13.453624 149.402142	8.65e+04  9.73e+04  1.26e+05	 80.33 40.05	 0.5817 -0.4395 -0.8411	
13.453624 149.402142	7.10e+04  1.07e+05  1.32e+05	 60.05 7.64	 -0.4992 -0.4564 0.9905	
13.453624 149.402142	8.16e+04  9.11e+04  1.37e+05	 50.99 -20.06	 -0.3449 -0.3765 0.8658	
13.453624 149.402142	6.19e+04  1.08e+05  1.40e+05	 41.72 -3.45	 -0.2873 0.5129 -0.9681	
13.453624 149.402142	6.54e+04  1.00e+05  1.44e+05	 74.97 -14.45	 0.2800 -0.5634 -0.8677	
13.453624 149.402142	7.84e+04  9.21e+04  1.40e+05	 58.57 -13.99	 -0.7974 -0.6039 0.7918	
13.453624 149.402142	4.67e+04  1.18e+05  1.46e+05	 48.26 24.23	 -0.0894 -0.0087 -0.9938	
13.453624 149.402142	6.18e+04  9.75e+04  1.51e+05	 36.39 -0.88	 -0.2301 0.2689 -0.9983	
13.453624 149.402142	6.45e+04  1.00e+05  1.45e+05	 40.66 -5.37	 -0.8483 -0.7973 0.9871	
13.453624 149.402142	5.44e+04  1.16e+05  1.39e+05	 64.02 18.02	 0.5535 -0.5545 -0.9903	
13.453624 149.402142	7.48e+04  1.10e+05  1.26e+05	 60.16 -26.84	 -0.2164 -0.4396 -0.5576	
13.453624 149.402142	6.79e+04  1.11e+05  1.31e+05	 59.59 -28.85	 -0.6585 -0.0732 -0.6274	
13.453624 149.402142	7.36e+04  1.12e+05  1.25e+05	 46.06 17.99	 -0.5888 -0.5152 0.9549	
13.453624 149.402142	3.07e+04  1.28e+05  1.52e+05	 30.45 -13.08	 -0.2725 -0.1879 0.9853	
13.453624 149.402142	7.20e+04  9.77e+04  1.40e+05	 37.26 21.06	 -0.3836 0.1112 -0.9593	
13.453624 149.402142	8.51e+04  1.01e+05  1.24e+05	 68.81 5.63	 0.4962 -0.8810 -0.8478	
13.453624 149.402142	7.22e+04  1.10e+05  1.28e+05	 22.26 13.43	 0.1299 0.2128 0.9661	
13.453624 149.402142	4.57e+04  1.16e+05  1.49e+05	 38.01 -10.27	 0.3608 -0.4720 -0.9920	
13.453624 149.402142	8.09e+04  9.36e+04  1.36e+05	 63.82 25.87	 -0.5070 0.3840 -0.8410	
13.453624 149.402142	5.84e+04  1.16e+05  1.36e+05	 33.42 -26.71	 0.2184 -0.2932 0.6686	
13.453624 149.402142	6.18e+04  1.11e+05  1.37e+05	 50.02 -5.16	 0.4391 -0.7963 -0.7470	
13.453624 149.402142	6.86e+04  1.07e+05  1.35e+05	 34.26 -8.17	 -0.7369 -0.1955 0.8071	
13.453624 149.402142	6.64e+04  1.07e+05  1.37e+05	 52.76 27.49	 0.4388 0.3684 0.1144	
13.453624 149.402142	4.69e+04  1.20e+05  1.43e+05	 57.45 8.27	 0.1713 0.1094 0.9707	
13.453624 149.402142	6.48e+04  1.12e+05  1.34e+05	 63.79 16.93	 -0.3657 0.3027 -0.9608	
13.453624 149.402142	4.95e+04  1.25e+05  1.35e+05	 50.23 -16.51	 0.2193 0.1460 0.4758	
13.453624 149.402142	5.07e+04  1.19e+05  1.40e+05	 47.56 24.93	 0.5854 -0.7204 -0.9613	
13.453624 149.402142	6.91e+04  1.05e+05  1.36e+05	 52.43 -7.80	 -0.8081 -0.7387 0.9717	
13.453624 149.402142	7.37e+04  9.85e+04  1.38e+05	 50.60 -10.35	 -0.2529 0.1957 -0.9785	
13.453624 149.402142	6.14e+04  1.18e+05  1.30e+05	 54.55 -16.35	 -0.2880 -0.2084 0.9524	
13.453624 149.402142	7.17e+04  1.04e+05  1.35e+05	 46.08 -10.75	 0.4499 -0.5310 -0.9940	
13.453624 149.402142	6.10e+04  1.10e+05  1.39e+05	 31.63 -3.60	 -0.4771 -0.2307 0.9486	
13.453624 149.402142	6.18e+04  1.15e+05  1.33e+05	 55.28 -11.06	 0.1686 0.2084 0.9968	
13.453624 149.402142	6.23e+04  1.14e+05  1.34e+05	 69.64 16.68	 -0.6962 -0.0826 0.7460	
13.453624 149.402142	6.52e+04  1.00e+05  1.45e+05	 50.02 -14.42	 -0.5488 -0.5678 0.9892	
13.453624 149.402142	4.70e+04  1.19e+05  1.44e+05	 53.05 13.99	 -0.8449 0.5316 -0.8647	
13.453624 149.402142	7.66e+04  1.12e+05  1.21e+05	 69.78 14.37	 -0.7854 -0.0668 0.3908	
13.453624 149.402142	6.52e+04  1.04e+05  1.41e+05	 63.23 23.74	 -0.8707 0.9648 -0.9251	
13.453624 149.402142	5.87e+04  1.13e+05  1.39e+05	 38.91 -15.46	 -0.5906 -0.6988 0.8516	
13.453624 149.402142	6.05e+04  1.04e+05  1.45e+05	 73.38 6.93	 -0.9735 -0.9717 0.9016	
13.453624 149.402142	5.56e+04  1.26e+05  1.29e+05	 42.88 15.18	 0.4080 -0.1446 0.8428	
13.453624 149.402142	6.81e+04  1.00e+05  1.42e+05	 27.86 -19.73	 -0.7889 -0.7988 0.9815	
13.453624 149.402142	6.85e+04  1.07e+05  1.35e+05	 72.20 -27.91	 -0.1610 -0.4983 -0.7689	
13.453624 149.402142	7.10e+04  9.23e+04  1.47e+05	 45.15 2.94	 -0.8394 -0.6156 0.9331	
13.453624 149.402142	6.12e+04  1.12e+05  1.37e+05	 45.18 -35.88	 0.1173 -0.7852 -0.6486	
13.453624 149.402142	7.66e+04  9.00e+04  1.44e+05	 51.49 -8.87	 -0.9765 0.9628 -0.9975	
13.453624 149.402142	4.91e+04  1.25e+05  1.36e+05	 47.12 -25.11	 0.3867 0.5045 0.6738	
13.453624 149.402142	8.66e+04  1.09e+05  1.15e+05	 52.04 10.97	 0.0250 0.4669 0.7305	
13.453624 149.402142	4.53e+04  1.25e+05  1.40e+05	 50.86 -4.66	 0.4018 -0.1462 0.7965	
13.453624 149.402142	7.50e+04  1.02e+05  1.33e+05	 82.36 -13.18	 0.2292 0.4888 0.9497	
13.453624 149.402142	7.56e+04  1.03e+05  1.31e+05	 68.56 -30.76	 0.4462 -0.1602 0.8052	
13.453624 149.402142	7.81e+04  1.08e+05  1.24e+05	 55.81 8.90	 -0.4821 -0.1714 0.9451	
13.453624 149.402142	7.23e+04  1.06e+05  1.31e+05	 64.48 -16.92	 -0.7533 -0.8684 0.8342	
13.453624 149.402142	6.44e+04  1.07e+05  1.39e+05	 60.94 -16.34	 0.3059 0.3442 0.9931	
13.453624 149.402142	8.05e+04  1.11e+05  1.19e+05	 88.47 -17.30	 0.3770 0.8154 0.8368	
13.453624 149.402142	7.37e+04  9.30e+04  1.43e+05	 48.30 1.78	 -0.8158 0.8840 -0.9914	
13.453624 149.402142	8.14e+04  9.83e+04  1.30e+05	 48.77 18.18	 0.3008 0.0656 -0.9106	
13.453624 149.402142	3.82e+04  1.23e+05  1.49e+05	 20.60 14.58	 -0.8957 0.9015 -0.9877	
13.453624 149.402142	5.23e+04  1.15e+05  1.43e+05	 59.96 -32.24	 -0.6339 -0.4687 0.9790	
13.453624 149.402142	6.38e+04  1.09e+05  1.37e+05	 62.74 -5.71	 -0.8280 -0.9818 0.7069	
13.453624 149.402142	7.51e+04  1.10e+05  1.25e+05	 69.21 -1.66	 -0.5453 -0.0073 0.7299	
13.453624 149.402142	5.93e+04  1.16e+05  1.35e+05	 47.82 -31.96	 -0.5818 -0.5705 0.9667	
13.453624 149.402142	3.62e+04  1.31e+05  1.43e+05	 39.50 -14.77	 -0.8690 0.4535 -0.5917	
13.453624 149.402142	5.75e+04  1.04e+05  1.48e+05	 37.70 17.25	 0.2485 -0.4191 -0.9692	
13.453624 149.402142	7.92e+04  9.66e+04  1.34e+05	 63.52 31.62	 -0.4726 -0.1101 0.7723	
13.453624 149.402142	6.01e+04  1.15e+05  1.35e+05	 63.44 1.80	 -0.7801 -0.6122 0.9723	
13.453624 149.402142	7.86e+04  1.09e+05  1.23e+05	 77.57 -7.76	 0.1780 -0.0744 -0.9943	
13.453624 149.402142	7.09e+04  1.17e+05  1.22e+05	 83.26 14.38	 -0.4626 0.6556 0.3615	
13.453624 149.402142	8.09e+04  1.03e+05  1.26e+05	 74.12 4.36	 -0.7806 0.7579 -0.9982	
13.453624 149.402142	5.00e+04  1.22e+05  1.38e+05	 61.69 -3.23	 -0.7605 -0.8349 0.9244	
13.453624 149.402142	6.94e+04  1.02e+05  1.39e+05	 39.63 -15.31	 -0.0878 -0.0456 -0.9541	
13.453624 149.402142	6.95e+04  1.12e+05  1.29e+05	 71.10 17.19	 -0.1713 0.1860 -0.9998	
13.453624 149.402142	7.45e+04  9.75e+04  1.38e+05	 69.09 -2.07	 -0.6513 -0.5871 0.9504	
13.453624 149.402142	8.56e+04  1.09e+05  1.15e+05	 96.44 -12.53	 0.4390 -0.4840 -0.9676	
13.453624 149.402142	5.57e+04  1.21e+05  1.34e+05	 44.34 0.80	 -0.8870 -0.3638 0.3212	
13.453624 149.402142	7.36e+04  1.11e+05  1.25e+05	 39.88 -26.42	 -0.4615 0.3663 -0.9515	
13.453624 149.402142	5.80e+04  1.08e+05  1.44e+05	 39.73 -34.93	 -0.5180 -0.1076 -0.7848	
13.453624 149.402142	5.80e+04  1.19e+05  1.33e+05	 56.92 -9.01	 -0.5919 -0.5777 0.9629	
13.453624 149.402142	7.69e+04  8.83e+04  1.45e+05	 47.62 8.87	 -0.1687 -0.1714 0.9959	
13.453624 149.402142	8.42e+04  1.10e+05  1.16e+05	 65.21 -18.62	 -0.7871 -0.3402 0.8418	
13.453624 149.402142	6.92e+04  1.03e+05  1.38e+05	 69.96 20.66	 0.5520 -0.8685 -0.5789	
13.453624 149.402142	5.95e+04  1.07e+05  1.43e+05	 65.82 38.45	 0.1944 -0.7648 -0.6761	
13.453624 149.402142	8.66e+04  9.04e+04  1.33e+05	 57.63 19.57	 -0.9377 -0.8466 0.8528	
13.453624 149.402142	5.82e+04  1.23e+05  1.29e+05	 80.40 -9.66	 -0.8319 -0.9740 0.8611	
13.453624 149.402142	6.75e+04  1.09e+05  1.33e+05	 75.01 -0.73	 -0.2296 -0.3220 -0.8090	
13.453624 149.402142	5.49e+04  1.24e+05  1.31e+05	 49.99 20.60	 0.3344 -0.1454 -0.7138	
13.453624 149.402142	5.59e+04  1.18e+05  1.36e+05	 58.94 28.46	 -0.2585 0.4170 -0.9617	
13.453624 149.402142	8.05e+04  9.19e+04  1.38e+05	 44.30 8.43	 0.0101 0.1480 0.8807	
13.453624 149.402142	5.12e+04  1.10e+05  1.49e+05	 63.08 -2.94	 0.3060 -0.2994 -0.9625	
13.453624 149.402142	6.97e+04  1.09e+05  1.32e+05	 69.48 -52.74	 -0.6270 -0.6341 0.8707	
13.453624 149.402142	6.23e+04  1.00e+05  1.48e+05	 53.48 14.77	 0.4653 0.5462 0.9844	
13.453624 149.402142	7.20e+04  1.00e+05  1.38e+05	 41.59 -23.79	 0.1367 -0.2738 -0.9762	
13.453624 149.402142	6.94e+04  1.13e+05  1.28e+05	 56.47 -21.49	 0.5100 -0.7064 0.2197	
13.453624 149.402142	7.68e+04  8.98e+04  1.44e+05	 48.25 2.63	 -0.9085 0.9934 -0.8747	
13.453624 149.402142	7.45e+04  1.00e+05  1.35e+05	 65.67 0.55	 -0.5740 -0.1818 0.8671	
13.453624 149.402142	6.19e+04  1.15e+05  1.33e+05	 70.54 18.07	 0.5818 -0.7558 -0.8707	
13.453624 149.402142	8.59e+04  1.06e+05  1.18e+05	 48.38 -1.63	 -0.4542 0.4836 -0.9941	
13.453624 149.402142	7.12e+04  1.07e+05  1.32e+05	 50.80 18.82	 -0.6020 -0.1205 0.8643	
13.453624 149.402142	5.43e+04  1.10e+05  1.46e+05	 49.03 -6.24	 -0.1263 -0.1724 0.9967	
13.453624 149.402142	5.68e+04  1.14e+05  1.39e+05	 58.81 -7.86	 -0.8297 -0.7662 0.8759	
13.453624 149.402142	8.81e+04  1.06e+05  1.16e+05	 42.22 0.79	 -0.7621 -0.3653 0.1306	
13.453624 149.402142	6.74e+04  1.15e+05  1.28e+05	 72.05 11.38	 -0.6827 0.6984 -0.8633	
13.453624 149.402142	6.23e+04  1.19e+05  1.28e+05	 43.27 25.11	 -0.8875 -0.8659 0.8441	
13.453624 149.402142	4.17e+04  1.18e+05  1.51e+05	 66.35 12.92	 -0.6215 -0.8240 0.9559	
13.453624 149.402142	6.83e+04  1.06e+05  1.35e+05	 60.62 -11.64	 0.0446 -0.0864 0.9396	
13.453624 149.402142	6.82e+04  1.14e+05  1.28e+05	 57.24 -14.29	 -0.1053 -0.0180 0.8942	
13.453624 149.402142	7.24e+04  9.08e+04  1.47e+05	 36.61 23.94	 0.0783 -0.0803 0.9717	
13.453624 149.402142	7.01e+04  1.02e+05  1.38e+05	 65.14 35.25	 0.5039 -0.4094 -0.9934	
13.453624 149.402142	5.60e+04  1.21e+05  1.33e+05	 53.30 5.44	 -0.2530 -0.5609 0.8845	
13.453624 149.402142	7.76e+04  9.63e+04  1.36e+05	 82.25 37.32	 -0.3032 -0.0604 0.3599	
13.453624 149.402142	7.24e+04  9.96e+04  1.38e+05	 54.53 12.85	 0.4662 -0.2365 -0.9603	
13.453624 149.402142	7.30e+04  1.17e+05  1.21e+05	 54.32 18.21	 -0.7999 0.6006 -0.9440	
13.453624 149.402142	6.34e+04  1.11e+05  1.36e+05	 46.82 -59.48	 -0.5529 -0.5236 -0.2484	
13.453624 149.402142	6.28e+04  1.11e+05  1.37e+05	 46.46 22.15	 -0.5836 0.0589 -0.8409	
13.453624 149.402142	6.10e+04  1.14e+05  1.35e+05	 40.51 16.74	 -0.8124 -0.5281 0.9208	
13.453624 149.402142	5.32e+04  1.24e+05  1.33e+05	 32.63 0.67	 -0.4110 -0.1040 -0.1436	
13.453624 149.402142	7.41e+04  9.45e+04  1.41e+05	 74.13 8.04	 -0.8549 -0.8970 0.8871	
13.453624 149.402142	5.49e+04  1.18e+05  1.38e+05	 21.58 -33.56	 0.1156 -0.0024 -0.8061	
13.453624 149.402142	5.47e+04  1.09e+05  1.46e+05	 36.30 0.01	 -0.5988 -0.6829 0.9893	
13.453624 149.402142	6.64e+04  1.16e+05  1.28e+05	 20.63 -13.35	 -0.7052 -0.7329 0.9169	
13.453624 149.402142	6.65e+04  1.03e+05  1.41e+05	 44.38 -1.13	 -0.8971 -0.7072 0.9468	
13.453624 149.402142	7.69e+04  1.02e+05  1.31e+05	 83.86 0.72	 -0.6391 0.6255 -0.8850	
13.453624 149.402142	5.14e+04  1.15e+05  1.44e+05	 56.58 16.50	 0.3316 0.5192 0.4141	
13.453624 149.402142	7.56e+04  8.83e+04  1.46e+05	 44.67 -11.41	 -0.2286 0.0858 -0.9559	
13.453624 149.402142	8.04e+04  1.04e+05  1.26e+05	 68.41 12.06	 -0.8985 0.0986 0.2378	
13.453624 149.402142	7.79e+04  1.00e+05  1.32e+05	 67.24 -11.75	 -0.9772 0.7140 -0.5510	
13.453624 149.402142	6.76e+04  1.19e+05  1.23e+05	 83.02 23.09	 0.3267 -0.6798 -0.8767	
13.453624 149.402142	5.95e+04  1.06e+05  1.45e+05	 23.05 -13.76	 -0.2612 0.1042 0.9325	
13.453624 149.402142	4.19e+04  1.28e+05  1.41e+05	 41.82 -10.63	 -0.8537 -0.9894 0.9167	
13.453624 149.402142	7.25e+04  1.01e+05  1.37e+05	 70.67 -49.16	 -0.9021 -0.8042 0.5575	
13.453624 149.402142	4.21e+04  1.23e+05  1.45e+05	 37.42 -2.99	 0.2326 0.6477 0.8892	
13.453624 149.402142	4.65e+04  1.25e+05  1.38e+05	 67.34 -32.77	 -0.9586 -0.9941 0.9653	
13.453624 149.402142	8.29e+04  1.03e+05  1.24e+05	 62.28 -23.58	 -0.3928 -0.7973 0.7672	
13.453624 149.402142	5.74e+04  1.12e+05  1.41e+05	 42.03 -12.09	 0.3161 0.1928 0.9772	
13.453624 149.402142	6.47e+04  1.09e+05  1.37e+05	 79.26 21.65	 0.2074 -0.0636 -0.7314	
13.453624 149.402142	6.43e+04  1.09e+05  1.36e+05	 21.91 23.07	 -0.4534 -0.6186 0.8315	
13.453624 149.402142	7.97e+04  9.71e+04  1.33e+05	 49.20 16.61	 0.5833 -0.6995 -0.9766	
13.453624 149.402142	4.58e+04  1.18e+05  1.46e+05	 53.60 5.42	 -0.4523 -0.3596 0.9880	
13.453624 149.402142	8.09e+04  1.04e+05  1.25e+05	 57.06 -31.47	 -0.6183 -0.5678 0.7349	
13.453624 149.402142	6.95e+04  1.12e+05  1.28e+05	 85.30 -40.68	 -0.8941 -0.1893 -0.2311	
13.453624 149.402142	4.92e+04  1.27e+05  1.34e+05	 35.43 0.99	 -0.9454 -0.4913 0.6144	
13.453624 149.402142	7.36e+04  1.02e+05  1.35e+05	 55.81 -1.21	 -0.8853 -0.8686 0.9801	
13.453624 149.402142	6.84e+04  1.07e+05  1.34e+05	 59.94 1.72	 -0.9190 -0.4496 0.7434	
13.453624 149.402142	6.75e+04  1.06e+05  1.36e+05	 92.60 11.87	 -0.3490 0.2077 -0.8867	
13.453624 149.402142	5.95e+04  1.14e+05  1.36e+05	 60.38 8.85	 -0.7893 -0.8749 0.9713	
13.453624 149.402142	5.96e+04  1.24e+05  1.27e+05	 66.65 46.63	 -0.9769 0.5691 -0.4171	
13.453624 149.402142	4.25e+04  1.25e+05  1.43e+05	 49.89 -1.18	 0.2377 -0.0645 -0.9228	
13.453624 149.402142	8.08e+04  9.83e+04  1.31e+05	 64.18 -19.43	 0.1923 -0.2542 -0.9923	
13.453624 149.402142	7.01e+04  9.88e+04  1.41e+05	 52.38 24.30	 -0.1800 0.1382 0.9432	
13.453624 149.402142	7.12e+04  9.89e+04  1.40e+05	 46.34 -11.75	 -0.1975 -0.0775 0.9798	
13.453624 149.402142	8.64e+04  9.67e+04  1.27e+05	 82.73 -18.43	 -0.8634 0.9079 -0.9653	
13.453624 149.402142	6.09e+04  9.91e+04  1.50e+05	 40.53 16.13	 -0.1322 0.3282 -0.9769	
13.453624 149.402142	7.75e+04  1.02e+05  1.31e+05	 77.26 2.56	 0.2932 0.6021 0.9111	
13.453624 149.402142	5.58e+04  1.20e+05  1.35e+05	 55.64 -0.68	 0.0143 0.0339 0.9897	
13.453624 149.402142	8.41e+04  1.00e+05  1.26e+05	 76.67 -4.83	 -0.4010 0.3466 -0.9963	
13.453624 149.402142	7.96e+04  1.11e+05  1.19e+05	 52.63 -4.29	 -0.5529 -0.8823 0.8243	
13.453624 149.402142	8.41e+04  1.04e+05  1.22e+05	 59.41 11.75	 -0.7232 -0.3036 0.8100	
13.453624 149.402142	5.54e+04  1.17e+05  1.37e+05	 36.39 23.05	 -0.2940 0.2364 -0.9807	
13.453624 149.402142	8.22e+04  1.08e+05  1.19e+05	 71.15 -29.64	 0.2665 -0.0019 0.7360	
13.453624 149.402142	6.70e+04  9.67e+04  1.46e+05	 34.42 -4.36	 -0.5805 -0.1529 -0.5941	
13.453624 149.402142	5.77e+04  1.07e+05  1.45e+05	 53.94 -21.89	 -0.2989 -0.2685 0.9198	
13.453624 149.402142	8.02e+04  8.97e+04  1.40e+05	 22.10 18.93	 0.0311 0.2079 0.9822	
13.453624 149.402142	6.28e+04  1.19e+05  1.28e+05	 73.72 -34.75	 -0.8476 0.6813 -0.9651	
13.453624 149.402142	8.14e+04  9.18e+04  1.37e+05	 51.15 -23.31	 -0.3754 0.5823 -0.9584	
13.453624 149.402142	5.48e+04  1.18e+05  1.37e+05	 100.67 -0.23	 -0.0857 -0.7683 -0.5139	
13.453624 149.402142	8.48e+04  1.06e+05  1.19e+05	 40.96 -9.99	 -0.8341 -0.9700 0.9406	
13.453624 149.402142	5.34e+04  1.19e+05  1.37e+05	 57.07 -13.57	 -0.0458 -0.2809 0.9023	
13.453624 149.402142	5.94e+04  1.09e+05  1.42e+05	 52.96 4.85	 0.4980 0.3575 0.9845	
13.453624 149.402142	4.95e+04  1.20e+05  1.41e+05	 47.66 27.24	 -0.9786 -0.9698 0.9608	
13.453624 149.402142	6.72e+04  1.07e+05  1.36e+05	 62.23 -2.03	 -0.8640 -0.6050 0.8899	
13.453624 149.402142	7.66e+04  9.55e+04  1.38e+05	 52.89 14.52	 -0.6800 -0.0175 0.7439	
13.453624 149.402142	4.62e+04  1.30e+05  1.34e+05	 68.35 -5.94	 -0.8948 -0.0974 0.5280	
13.453624 149.402142	6.84e+04  1.02e+05  1.40e+05	 46.42 30.01	 0.0838 -0.0742 -0.8837	
13.453624 149.402142	5.70e+04  1.21e+05  1.32e+05	 46.57 -31.89	 -0.0690 0.2227 -0.9834	
13.453624 149.402142	7.01e+04  9.62e+04  1.44e+05	 53.92 -13.78	 0.1191 -0.0069 0.9481	
13.453624 149.402142	7.67e+04  1.12e+05  1.22e+05	 60.97 27.77	 -0.8154 -0.6733 0.4554	
13.453624 149.402142	7.15e+04  9.87e+04  1.40e+05	 61.23 -20.27	 0.3718 0.1923 0.9811	
13.453624 149.402142	7.89e+04  9.63e+04  1.35e+05	 75.08 -30.29	 0.1408 0.6282 0.8585	
13.453624 149.402142	4.65e+04  1.17e+05  1.47e+05	 21.00 -6.28	 0.0999 0.5830 0.7575	
13.453624 149.402142	6.99e+04  9.73e+04  1.43e+05	 75.12 10.53	 0.3334 -0.3617 -0.8524	
13.453624 149.402142	7.57e+04  1.08e+05  1.27e+05	 52.30 17.11	 -0.5650 -0.7476 0.8792	
13.453624 149.402142	5.51e+04  1.19e+05  1.36e+05	 70.46 2.45	 -0.4458 0.8035 -0.8336	
13.453624 149.402142	5.23e+04  1.26e+05  1.32e+05	 67.41 -6.01	 -0.7121 -0.7799 0.9158	
13.453624 149.402142	5.30e+04  1.23e+05  1.35e+05	 34.04 11.37	 -0.9749 0.0365 0.1804	
13.453624 149.402142	7.88e+04  1.14e+05  1.17e+05	 31.82 2.71	 -0.9460 -0.4604 0.6513	
13.453624 149.402142	7.42e+04  1.13e+05  1.23e+05	 28.16 33.73	 0.0495 -0.3280 -0.8951	
13.453624 149.402142	6.64e+04  1.02e+05  1.42e+05	 89.26 22.86	 0.2125 -0.4445 -0.9440	
13.453624 149.402142	8.19e+04  1.07e+05  1.21e+05	 76.42 1.92	 -0.9177 0.0021 0.2941	
13.453624 149.402142	5.79e+04  1.16e+05  1.36e+05	 61.83 -2.50	 -0.5962 -0.7109 0.9845	
13.453624 149.402142	6.24e+04  1.06e+05  1.42e+05	 80.56 22.43	 0.4099 -0.7736 -0.8407	
13.453624 149.402142	4.64e+04  1.19e+05  1.44e+05	 53.74 -16.17	 0.4176 -0.4467 -0.9993	
13.453624 149.402142	7.89e+04  9.40e+04  1.37e+05	 61.10 28.14	 -0.5717 -0.4061 0.8498	
13.453624 149.402142	4.17e+04  1.21e+05  1.47e+05	 57.91 9.80	 0.5069 -0.6927 -0.9154	
13.453624 149.402142	7.88e+04  9.22e+04  1.39e+05	 53.04 31.81	 -0.0723 0.3157 -0.8577	
13.453624 149.402142	6.10e+04  1.13e+05  1.36e+05	 49.84 -20.95	 -0.5890 -0.4989 0.9504	
13.453624 149.402142	7.88e+04  1.06e+05  1.25e+05	 57.45 -4.45	 -0.4817 -0.2855 0.9239	
13.453624 149.402142	6.10e+04  1.21e+05  1.28e+05	 43.97 -6.17	 0.4856 -0.6396 -0.9813	
13.453624 149.402142	7.81e+04  1.02e+05  1.30e+05	 49.06 -9.94	 -0.7934 0.6492 -0.9317	
13.453624 149.402142	4.27e+04  1.17e+05  1.50e+05	 18.65 14.54	 0.4918 -0.5278 -0.9441	
13.453624 149.402142	6.94e+04  1.01e+05  1.39e+05	 67.95 -14.76	 0.6402 -0.7329 -0.9841	
13.453624 149.402142	6.47e+04  1.01e+05  1.44e+05	 53.28 -19.08	 0.1601 -0.1951 -0.9979	
13.453624 149.402142	8.68e+04  1.10e+05  1.13e+05	 48.04 23.22	 0.1507 0.4513 0.9092	
13.453624 149.402142	7.27e+04  9.59e+04  1.42e+05	 63.99 12.92	 -0.9589 -0.9750 0.9151	
13.453624 149.402142	6.89e+04  1.11e+05  1.30e+05	 63.96 19.96	 -0.9539 -0.9130 0.8943	
13.453624 149.402142	5.64e+04  1.11e+05  1.43e+05	 61.40 -27.84	 0.0586 -0.0782 0.8850	
13.453624 149.402142	7.54e+04  1.07e+05  1.27e+05	 51.14 34.76	 -0.9765 -0.6553 0.7319	
13.453624 149.402142	8.91e+04  9.84e+04  1.23e+05	 74.13 3.28	 -0.8978 -0.6847 0.4513	
13.453624 149.402142	4.53e+04  1.23e+05  1.42e+05	 46.30 -5.84	 -0.9035 -0.5773 0.8386	
13.453624 149.402142	6.78e+04  1.09e+05  1.34e+05	 68.61 -17.50	 0.0636 0.4172 0.9271	
13.453624 149.402142	4.74e+04  1.22e+05  1.41e+05	 47.93 32.76	 -0.9757 0.7158 -0.5599	
13.453624 149.402142	6.86e+04  1.15e+05  1.26e+05	 72.73 -6.47	 -0.5534 0.3141 -0.8264	
13.453624 149.402142	7.22e+04  1.07e+05  1.31e+05	 48.99 -33.93	 0.1464 0.1763 0.9884	
13.453624 149.402142	8.08e+04  9.86e+04  1.31e+05	 51.00 24.78	 0.2748 0.1039 0.8040	
13.453624 149.402142	7.77e+04  9.90e+04  1.33e+05	 72.60 -1.46	 0.1785 0.6032 0.0325	
13.453624 149.402142	8.08e+04  9.36e+04  1.36e+05	 48.41 -1.78	 -0.9227 0.9600 -0.7794	
13.453624 149.402142	8.06e+04  9.41e+04  1.35e+05	 67.17 -15.38	 -0.4518 0.1792 0.7880	
13.453624 149.402142	8.15e+04  9.40e+04  1.35e+05	 59.53 -0.76	 -0.0845 -0.7245 0.4859	
13.453624 149.402142	5.66e+04  1.18e+05  1.36e+05	 37.68 -10.23	 -0.8843 -0.0877 0.2956	
13.453624 149.402142	6.46e+04  1.19e+05  1.26e+05	 74.30 -33.31	 -0.9239 -0.9148 0.9012	
13.453624 149.402142	5.24e+04  1.17e+05  1.41e+05	 65.61 21.80	 0.5850 -0.8437 -0.9268	
13.453624 149.402142	5.56e+04  1.14e+05  1.40e+05	 53.31 -18.05	 -0.6299 -0.5386 0.9089	
13.453624 149.402142	7.30e+04  1.05e+05  1.32e+05	 59.65 13.85	 -0.8216 -0.6803 0.9481	
13.453624 149.402142	5.42e+04  1.16e+05  1.40e+05	 46.08 -16.89	 -0.2279 -0.5332 0.9350	
13.453624 149.402142	5.38e+04  1.14e+05  1.42e+05	 65.80 -19.54	 0.4734 0.4109 0.9471	
13.453624 149.402142	8.10e+04  9.19e+04  1.37e+05	 55.90 7.02	 -0.5204 0.0934 -0.7600	
13.453624 149.402142	3.36e+04  1.31e+05  1.45e+05	 24.46 -20.99	 -0.2475 0.2362 -0.9987	
13.453624 149.402142	6.25e+04  1.04e+05  1.44e+05	 41.54 -0.84	 -0.4834 -0.2262 0.9580	
13.453624 149.402142	8.30e+04  1.07e+05  1.20e+05	 73.46 18.42	 -0.1113 -0.0049 0.8240	
13.453624 149.402142	6.66e+04  1.09e+05  1.35e+05	 50.34 33.07	 0.0108 -0.0259 -0.9989	
13.453624 149.402142	6.96e+04  1.13e+05  1.27e+05	 62.30 2.53	 -0.7839 0.0699 0.5404	
13.453624 149.402142	6.35e+04  9.91e+04  1.48e+05	 30.81 -14.25	 -0.7710 0.7875 -0.9691	
13.453624 149.402142	6.16e+04  1.06e+05  1.42e+05	 46.07 -6.84	 0.4558 0.3386 0.9918	
13.453624 149.402142	6.11e+04  1.18e+05  1.31e+05	 52.86 -39.97	 0.1130 -0.9572 -0.3375	
13.453624 149.402142	8.46e+04  1.03e+05  1.23e+05	 87.76 -50.22	 0.4685 -0.7553 -0.9215	
13.453624 149.402142	5.85e+04  1.05e+05  1.47e+05	 34.30 -10.62	 -0.1200 -0.2433 0.9513	
13.453624 149.402142	4.81e+04  1.28e+05  1.34e+05	 55.22 -4.11	 0.1725 0.8631 0.6217	
13.453624 149.402142	5.31e+04  1.14e+05  1.43e+05	 54.85 -14.47	 -0.4078 -0.0751 0.9001	
13.453624 149.402142	9.10e+04  9.72e+04  1.22e+05	 66.58 40.36	 0.2825 -0.5863 -0.8929	
13.453624 149.402142	6.18e+04  1.09e+05  1.39e+05	 52.53 11.66	 -0.9707 -0.9006 0.9596	
13.453624 149.402142	6.53e+04  1.09e+05  1.36e+05	 73.74 -0.85	 -0.8170 -0.9174 0.9519	
13.453624 149.402142	6.75e+04  1.13e+05  1.29e+05	 27.75 10.44	 0.0751 -0.0815 0.9818	
13.453624 149.402142	8.45e+04  9.71e+04  1.29e+05	 66.24 -40.71	 -0.8699 0.7280 -0.9710	
13.453624 149.402142	6.57e+04  1.04e+05  1.40e+05	 32.20 18.24	 -0.8987 -0.7852 0.9558	
13.453624 149.402142	6.33e+04  1.07e+05  1.40e+05	 59.92 7.27	 -0.4496 0.2444 -0.9501	
13.453624 149.402142	7.46e+04  9.63e+04  1.39e+05	 78.48 2.32	 0.2508 -0.2361 -0.9446	
13.453624 149.402142	4.90e+04  1.18e+05  1.44e+05	 44.26 19.53	 -0.7187 -0.6489 0.8815	
13.453624 149.402142	6.73e+04  1.13e+05  1.30e+05	 60.14 2.43	 0.1222 0.2450 0.9912	
13.453624 149.402142	7.66e+04  8.56e+04  1.48e+05	 81.11 -19.47	 -0.2800 -0.2833 -0.7261	
13.453624 149.402142	5.80e+04  1.23e+05  1.30e+05	 59.81 -25.75	 0.1757 0.2120 -0.3348	
13.453624 149.402142	4.55e+04  1.22e+05  1.43e+05	 17.90 12.52	 -0.5282 -0.5822 0.9801	
13.453624 149.402142	4.58e+04  1.21e+05  1.44e+05	 63.90 -6.12	 0.2228 0.5024 0.9095	
13.453624 149.402142	6.08e+04  1.07e+05  1.42e+05	 55.23 -3.80	 -0.7129 -0.8682 0.9669	
13.453624 149.402142	7.28e+04  1.16e+05  1.21e+05	 59.37 27.63	 0.3915 -0.8259 -0.6961	
13.453624 149.402142	6.83e+04  1.01e+05  1.41e+05	 42.66 -10.27	 0.3305 0.1956 0.9842	
13.453624 149.402142	5.12e+04  1.27e+05  1.32e+05	 54.37 -1.58	 0.5554 0.5294 0.9853	
13.453624 149.402142	9.64e+04  1.04e+05  1.10e+05	 87.54 26.06	 0.2213 0.6561 0.8592	
13.453624 149.402142	7.24e+04  1.16e+05  1.22e+05	 70.40 -17.23	 0.0540 -0.1772 0.9583	
13.453624 149.402142	7.64e+04  9.76e+04  1.36e+05	 55.81 -9.52	 -0.7088 0.3755 -0.8766	
13.453624 149.402142	4.30e+04  1.24e+05  1.43e+05	 25.39 -5.97	 -0.6978 0.7018 -0.9998	
13.453624 149.402142	7.68e+04  1.08e+05  1.25e+05	 74.24 1.74	 -0.6268 -0.1243 0.7530	
13.453624 149.402142	5.23e+04  1.14e+05  1.44e+05	 47.35 -31.01	 -0.2125 -0.4692 0.6186	
13.453624 149.402142	8.19e+04  1.03e+05  1.25e+05	 73.44 -2.03	 -0.0909 -0.3993 -0.7900	
13.453624 149.402142	4.88e+04  1.19e+05  1.42e+05	 42.21 -5.16	 -0.7721 -0.9730 0.8895	
13.453624 149.402142	6.90e+04  1.10e+05  1.31e+05	 49.53 15.16	 -0.2938 0.1270 -0.9768	
13.453624 149.402142	6.80e+04  1.15e+05  1.27e+05	 71.21 1.19	 0.5856 0.4189 0.8704	
13.453624 149.402142	7.13e+04  9.55e+04  1.43e+05	 48.30 -0.52	 -0.4720 0.5574 -0.9948	
13.453624 149.402142	6.64e+04  9.36e+04  1.50e+05	 34.83 -12.64	 -0.4991 0.6680 -0.9636	
13.453624 149.402142	5.97e+04  1.14e+05  1.36e+05	 64.42 6.10	 -0.5548 -0.6598 0.6355	
13.453624 149.402142	8.53e+04  9.35e+04  1.31e+05	 57.16 -15.71	 -0.0178 0.0398 0.9835	
13.453624 149.402142	4.95e+04  1.19e+05  1.41e+05	 58.14 -2.94	 -0.9238 -0.9369 0.9727	
13.453624 149.402142	5.21e+04  1.21e+05  1.37e+05	 66.26 -35.93	 0.1027 0.7335 0.7497	
13.453624 149.402142	6.41e+04  1.11e+05  1.35e+05	 54.81 -8.53	 -0.0026 0.3392 -0.9064	
13.453624 149.402142	8.11e+04  1.11e+05  1.17e+05	 83.23 11.61	 -0.3070 0.7514 -0.6623	
13.453624 149.402142	6.26e+04  1.12e+05  1.36e+05	 63.11 -28.79	 -0.3374 -0.1615 0.1926	
13.453624 149.402142	7.94e+04  1.00e+05  1.30e+05	 58.83 2.13	 -0.8420 -0.3858 0.6071	
