13.884548 286.286253	6.05e-01  8.96e-01  4.40e+05	0.0000 85.7236 0.0847	
13.884548 286.286253	6.28e-01  9.53e-01  4.26e+05	25.7428 87.1606 0.1924	
13.884548 286.286253	7.27e-01  8.79e-01  4.22e+05	-10.6552 91.6649 0.2938	
13.884548 286.286253	6.39e-01  7.57e-01  4.59e+05	-7.5186 77.4509 0.9596	
13.884548 286.286253	5.52e-01  8.56e-01  4.57e+05	10.4958 78.0969 0.3325	
13.884548 286.286253	7.61e-01  7.93e-01  4.30e+05	-17.7324 87.4383 0.0767	
13.884548 286.286253	6.24e-01  8.97e-01  4.36e+05	42.4655 76.0368 0.7404	
13.884548 286.286253	5.34e-01  8.84e-01  4.55e+05	48.2727 63.2834 0.9826	
13.884548 286.286253	5.94e-01  9.30e-01  4.36e+05	13.4159 86.1999 0.2317	
13.884548 286.286253	6.52e-01  8.59e-01  4.38e+05	-13.5347 85.2537 0.1359	
13.884548 286.286253	5.83e-01  9.02e-01  4.43e+05	4.5831 84.4512 0.7520	
13.884548 286.286253	7.09e-01  8.97e-01  4.22e+05	36.2256 84.9133 0.2570	
13.884548 286.286253	4.64e-01  7.46e-01  4.98e+05	22.1612 54.7477 0.7393	
13.884548 286.286253	7.92e-01  9.68e-01  3.98e+05	-8.4789 100.0966 0.4074	
13.884548 286.286253	5.22e-01  7.13e-01  4.92e+05	10.2331 61.2041 0.1003	
13.884548 286.286253	6.38e-01  8.40e-01  4.44e+05	-32.6984 77.4238 0.4063	
13.884548 286.286253	7.22e-01  8.79e-01  4.23e+05	3.2496 92.0252 0.2760	
13.884548 286.286253	6.06e-01  7.40e-01  4.69e+05	-3.9032 73.4713 0.7872	
13.884548 286.286253	5.73e-01  9.62e-01  4.34e+05	-24.0384 84.6320 0.2482	
13.884548 286.286253	5.57e-01  8.48e-01  4.57e+05	-34.4982 70.6109 0.0805	
13.884548 286.286253	5.60e-01  8.04e-01  4.65e+05	-14.2803 73.7704 0.7378	
13.884548 286.286253	5.19e-01  9.80e-01  4.40e+05	49.2838 69.9309 0.7625	
13.884548 286.286253	6.91e-01  9.19e-01  4.21e+05	-7.7885 92.1992 0.0149	
13.884548 286.286253	6.34e-01  9.66e-01  4.23e+05	8.9654 91.5021 0.4592	
13.884548 286.286253	6.59e-01  7.88e-01  4.49e+05	-7.4215 81.4689 0.1771	
13.884548 286.286253	6.79e-01  8.92e-01  4.28e+05	-18.2257 88.4225 0.0291	
13.884548 286.286253	6.25e-01  9.97e-01  4.19e+05	-5.5005 93.0615 0.7629	
13.884548 286.286253	6.39e-01  8.63e-01  4.40e+05	-14.0670 84.5431 0.6388	
13.884548 286.286253	6.51e-01  8.56e-01  4.39e+05	-39.1119 76.7269 0.3226	
13.884548 286.286253	7.40e-01  8.43e-01  4.26e+05	-18.9506 88.9741 0.7519	
13.884548 286.286253	4.80e-01  8.71e-01  4.68e+05	-21.7005 70.6715 0.8505	
13.884548 286.286253	4.84e-01  8.71e-01  4.67e+05	-13.6965 73.0119 0.9956	
13.884548 286.286253	7.32e-01  8.65e-01  4.23e+05	8.7428 91.3944 0.7849	
13.884548 286.286253	6.59e-01  8.41e-01  4.40e+05	-10.0101 85.0587 0.3009	
13.884548 286.286253	5.43e-01  9.16e-01  4.47e+05	-22.8396 79.5260 0.8204	
13.884548 286.286253	4.49e-01  7.80e-01  4.93e+05	-15.2608 59.4065 0.2776	
13.884548 286.286253	6.40e-01  8.84e-01  4.36e+05	-3.3296 87.1892 0.7083	
13.884548 286.286253	5.75e-01  8.97e-01  4.45e+05	-5.2730 83.4835 0.1519	
13.884548 286.286253	7.83e-01  9.58e-01  4.01e+05	10.7711 98.9833 0.0706	
13.884548 286.286253	5.02e-01  9.39e-01  4.51e+05	-25.9024 77.1070 0.3166	
13.884548 286.286253	6.65e-01  8.34e-01  4.40e+05	-4.2432 85.4577 0.0398	
13.884548 286.286253	5.61e-01  7.78e-01  4.70e+05	-22.8719 69.1668 0.0020	
13.884548 286.286253	5.65e-01  7.67e-01  4.71e+05	12.0496 71.2598 0.8746	
13.884548 286.286253	7.71e-01  8.91e-01  4.13e+05	-28.4795 91.1585 0.3982	
13.884548 286.286253	6.32e-01  9.82e-01  4.21e+05	17.6641 91.1274 0.3774	
13.884548 286.286253	6.21e-01  8.29e-01  4.49e+05	22.9831 78.8261 0.6847	
13.884548 286.286253	2.94e-01  9.71e-01  4.85e+05	0.1012 65.5448 0.3152	
13.884548 286.286253	5.07e-01  7.76e-01  4.82e+05	22.5268 63.6001 0.9407	
13.884548 286.286253	8.34e-01  9.42e-01  3.96e+05	16.6970 99.8600 0.1070	
13.884548 286.286253	5.49e-01  7.70e-01  4.74e+05	9.3102 70.4138 0.6642	
13.884548 286.286253	5.77e-01  9.10e-01  4.42e+05	-5.6937 84.5728 0.7608	
13.884548 286.286253	7.42e-01  8.59e-01  4.23e+05	-30.2805 86.8646 0.9991	
13.884548 286.286253	6.30e-01  8.76e-01  4.39e+05	38.2398 77.1116 0.0629	
13.884548 286.286253	6.89e-01  7.39e-01  4.53e+05	24.9452 76.3895 0.2783	
13.884548 286.286253	5.24e-01  8.68e-01  4.60e+05	20.2222 74.7495 0.4213	
13.884548 286.286253	5.48e-01  7.62e-01  4.76e+05	-3.0048 70.0616 0.7528	
13.884548 286.286253	6.65e-01  9.19e-01  4.26e+05	38.1919 82.6193 0.4615	
13.884548 286.286253	7.43e-01  8.90e-01  4.18e+05	-33.5054 87.6678 0.2119	
13.884548 286.286253	5.92e-01  8.62e-01  4.48e+05	22.1249 79.2962 0.4872	
13.884548 286.286253	5.23e-01  9.63e-01  4.42e+05	-4.7025 84.5008 0.4071	
13.884548 286.286253	4.67e-01  8.38e-01  4.77e+05	-7.1708 69.2856 0.6670	
13.884548 286.286253	5.57e-01  8.52e-01  4.57e+05	-19.5146 76.4258 0.5952	
13.884548 286.286253	6.13e-01  6.72e-01  4.81e+05	-9.1678 66.9901 0.9808	
13.884548 286.286253	6.10e-01  8.55e-01  4.46e+05	1.3538 83.0970 0.6252	
13.884548 286.286253	6.59e-01  8.16e-01  4.44e+05	-8.9181 83.3675 0.9967	
13.884548 286.286253	5.36e-01  7.99e-01  4.71e+05	16.1261 70.7574 0.3268	
13.884548 286.286253	4.49e-01  9.16e-01  4.65e+05	-6.3936 74.9090 0.0854	
13.884548 286.286253	6.59e-01  8.51e-01  4.38e+05	22.2757 83.3598 0.6280	
13.884548 286.286253	5.67e-01  7.52e-01  4.74e+05	-12.2114 69.9506 0.1367	
13.884548 286.286253	4.62e-01  8.14e-01  4.83e+05	-2.3518 66.6088 0.9587	
13.884548 286.286253	5.43e-01  9.57e-01  4.40e+05	-0.7905 85.6507 0.4727	
13.884548 286.286253	4.31e-01  7.01e-01  5.16e+05	0.5178 47.6653 0.6264	
13.884548 286.286253	6.77e-01  8.77e-01  4.31e+05	21.8502 86.4414 0.8294	
13.884548 286.286253	6.92e-01  8.05e-01  4.40e+05	23.1148 82.2455 0.2368	
13.884548 286.286253	5.81e-01  7.91e-01  4.63e+05	-11.5992 75.0006 0.1248	
13.884548 286.286253	6.48e-01  9.55e-01  4.22e+05	-36.3224 84.6986 0.2486	
13.884548 286.286253	5.02e-01  9.17e-01  4.55e+05	-7.6651 79.3421 0.1015	
13.884548 286.286253	6.19e-01  9.24e-01  4.32e+05	-8.0733 88.1238 0.5510	
13.884548 286.286253	6.63e-01  8.37e-01  4.40e+05	11.2174 84.9150 0.1829	
13.884548 286.286253	7.37e-01  7.85e-01  4.36e+05	15.9594 85.6324 0.7462	
13.884548 286.286253	5.55e-01  7.98e-01  4.67e+05	16.6622 72.2323 0.0841	
13.884548 286.286253	6.06e-01  8.39e-01  4.50e+05	-43.7140 69.0088 0.9899	
13.884548 286.286253	5.22e-01  8.82e-01  4.57e+05	-15.6161 76.9531 0.8235	
13.884548 286.286253	5.84e-01  9.35e-01  4.37e+05	-14.6306 85.6501 0.1644	
13.884548 286.286253	6.74e-01  7.30e-01  4.57e+05	-4.4148 78.4014 0.9920	
13.884548 286.286253	5.67e-01  8.26e-01  4.60e+05	16.9537 75.7262 0.0273	
13.884548 286.286253	6.19e-01  7.28e-01  4.69e+05	-13.9200 72.3054 0.6921	
13.884548 286.286253	6.29e-01  7.14e-01  4.69e+05	18.4856 70.8927 0.8899	
13.884548 286.286253	6.06e-01  6.71e-01  4.83e+05	-8.7173 66.1438 0.5809	
13.884548 286.286253	7.54e-01  8.62e-01  4.20e+05	-9.0154 92.4714 0.2750	
13.884548 286.286253	4.08e-01  8.44e-01  4.88e+05	-38.1611 51.4882 0.0584	
13.884548 286.286253	6.42e-01  8.76e-01  4.37e+05	-8.3255 86.4290 0.9012	
13.884548 286.286253	6.91e-01  8.07e-01  4.40e+05	-37.0559 77.0340 0.1555	
13.884548 286.286253	5.67e-01  7.09e-01  4.83e+05	-22.5903 62.7294 0.9392	
13.884548 286.286253	4.59e-01  7.58e-01  4.96e+05	-9.0264 59.2169 0.2084	
13.884548 286.286253	4.55e-01  8.19e-01  4.84e+05	-13.1799 65.1182 0.9589	
13.884548 286.286253	7.60e-01  9.33e-01  4.08e+05	52.9957 81.4044 0.6284	
13.884548 286.286253	7.49e-01  8.80e-01  4.18e+05	-25.1451 90.1903 0.7986	
13.884548 286.286253	6.75e-01  7.94e-01  4.45e+05	26.8944 78.9958 0.1707	
13.884548 286.286253	7.03e-01  8.63e-01  4.29e+05	16.7459 88.3450 0.4238	
13.884548 286.286253	7.44e-01  8.63e-01  4.22e+05	33.0788 86.2720 0.5300	
13.884548 286.286253	5.23e-01  8.30e-01  4.67e+05	3.2124 74.0325 0.3820	
13.884548 286.286253	7.98e-01  8.91e-01  4.09e+05	30.2236 92.0878 0.0484	
13.884548 286.286253	5.24e-01  8.26e-01  4.68e+05	44.1016 59.3568 0.3155	
13.884548 286.286253	6.77e-01  7.06e-01  4.61e+05	2.5875 76.7412 0.8050	
13.884548 286.286253	4.41e-01  7.88e-01  4.93e+05	7.5924 60.9637 0.8155	
13.884548 286.286253	7.29e-01  8.56e-01  4.25e+05	27.4055 86.8609 0.9538	
13.884548 286.286253	8.45e-01  8.78e-01  4.04e+05	30.8462 93.6865 0.7792	
13.884548 286.286253	7.52e-01  8.77e-01  4.18e+05	13.0692 92.7152 0.2173	
13.884548 286.286253	4.45e-01  7.69e-01  4.97e+05	-28.5047 52.2363 0.7418	
13.884548 286.286253	6.98e-01  7.73e-01  4.45e+05	-6.1219 83.3430 0.7362	
13.884548 286.286253	7.17e-01  8.30e-01  4.32e+05	28.7321 83.9034 0.9574	
13.884548 286.286253	5.91e-01  9.68e-01  4.30e+05	10.3623 88.8803 0.8265	
13.884548 286.286253	6.03e-01  8.16e-01  4.55e+05	18.2840 77.5557 0.3076	
13.884548 286.286253	5.34e-01  6.62e-01  5.01e+05	-5.5588 56.9619 0.7101	
13.884548 286.286253	5.01e-01  9.54e-01  4.48e+05	-29.1142 77.0957 0.0139	
13.884548 286.286253	6.82e-01  9.70e-01  4.15e+05	-26.6843 91.1107 0.8983	
13.884548 286.286253	6.93e-01  8.05e-01  4.40e+05	4.8141 85.3434 0.4878	
13.884548 286.286253	6.46e-01  8.56e-01  4.40e+05	5.9895 85.5509 0.0587	
13.884548 286.286253	6.06e-01  8.06e-01  4.56e+05	6.2732 78.8831 0.8946	
13.884548 286.286253	5.39e-01  6.65e-01  4.99e+05	-2.0272 58.2598 0.0721	
13.884548 286.286253	7.55e-01  8.78e-01  4.18e+05	16.3211 92.4830 0.9928	
13.884548 286.286253	6.33e-01  7.99e-01  4.52e+05	2.7470 80.6399 0.1316	
13.884548 286.286253	7.87e-01  8.65e-01  4.15e+05	-11.0481 94.2743 0.1854	
13.884548 286.286253	6.75e-01  9.11e-01  4.25e+05	36.6034 83.4606 0.4764	
13.884548 286.286253	5.65e-01  7.38e-01  4.77e+05	16.9599 67.3789 0.4386	
13.884548 286.286253	7.47e-01  8.96e-01  4.16e+05	-31.9673 88.8548 0.0256	
13.884548 286.286253	4.42e-01  9.11e-01  4.67e+05	22.5057 70.6781 0.5376	
13.884548 286.286253	4.60e-01  7.48e-01  4.98e+05	10.5795 57.7668 0.8959	
13.884548 286.286253	6.26e-01  7.36e-01  4.66e+05	20.8494 71.9937 0.4350	
13.884548 286.286253	6.07e-01  8.31e-01  4.51e+05	-16.0544 79.5752 0.9421	
13.884548 286.286253	6.25e-01  9.53e-01  4.27e+05	-12.1075 89.8546 0.4653	
13.884548 286.286253	6.86e-01  8.48e-01  4.34e+05	-8.0766 87.4864 0.6262	
13.884548 286.286253	6.33e-01  7.29e-01  4.66e+05	-25.2044 70.6003 0.6698	
13.884548 286.286253	7.40e-01  9.11e-01  4.15e+05	-14.8345 93.7562 0.3641	
13.884548 286.286253	5.31e-01  7.41e-01  4.84e+05	14.1325 64.7410 0.6984	
13.884548 286.286253	6.80e-01  7.37e-01  4.55e+05	-4.7832 79.3890 0.1767	
13.884548 286.286253	5.96e-01  8.84e-01  4.43e+05	-1.8696 84.2027 0.5866	
13.884548 286.286253	6.84e-01  8.24e-01  4.39e+05	2.5065 86.0856 0.7785	
13.884548 286.286253	6.65e-01  8.95e-01  4.29e+05	7.2895 89.2859 0.6368	
13.884548 286.286253	4.78e-01  8.75e-01  4.67e+05	-12.6364 73.1354 0.5200	
13.884548 286.286253	6.32e-01  7.37e-01  4.64e+05	-0.1154 75.5942 0.6081	
13.884548 286.286253	6.03e-01  8.38e-01  4.50e+05	14.1723 80.1617 0.3133	
13.884548 286.286253	7.39e-01  8.56e-01  4.24e+05	30.2040 86.5573 0.3658	
13.884548 286.286253	7.26e-01  9.31e-01  4.14e+05	24.8504 91.8697 0.3558	
13.884548 286.286253	6.07e-01  8.21e-01  4.53e+05	-15.8713 78.8069 0.1641	
13.884548 286.286253	6.20e-01  7.88e-01  4.57e+05	-18.5938 76.5504 0.3825	
13.884548 286.286253	6.24e-01  9.49e-01  4.27e+05	21.7002 87.6962 0.6934	
13.884548 286.286253	6.46e-01  7.66e-01  4.56e+05	18.5533 76.8841 0.4063	
13.884548 286.286253	4.64e-01  9.52e-01  4.55e+05	-7.3398 79.0912 0.5551	
13.884548 286.286253	5.14e-01  7.54e-01  4.85e+05	5.0307 65.6466 0.4089	
13.884548 286.286253	7.43e-01  9.28e-01  4.12e+05	-13.2657 95.0718 0.1340	
13.884548 286.286253	5.23e-01  6.84e-01  4.98e+05	3.0301 58.4538 0.4802	
13.884548 286.286253	5.89e-01  8.86e-01  4.44e+05	-26.8635 79.5007 0.7341	
13.884548 286.286253	5.32e-01  7.45e-01  4.83e+05	21.4699 63.2137 0.6354	
13.884548 286.286253	5.66e-01  7.30e-01  4.79e+05	19.6741 65.8617 0.1560	
13.884548 286.286253	5.43e-01  9.28e-01  4.45e+05	21.3379 80.7792 0.4253	
13.884548 286.286253	5.31e-01  8.15e-01  4.69e+05	-7.1958 73.2065 0.2043	
13.884548 286.286253	5.06e-01  9.32e-01  4.51e+05	17.6698 79.1799 0.6482	
13.884548 286.286253	6.70e-01  8.94e-01  4.29e+05	16.9092 88.1643 0.4027	
13.884548 286.286253	5.58e-01  7.68e-01  4.73e+05	-28.8810 65.5920 0.8174	
13.884548 286.286253	5.93e-01  8.23e-01  4.55e+05	-3.7467 79.3804 0.0414	
13.884548 286.286253	5.36e-01  7.97e-01  4.71e+05	14.9553 70.7853 0.1937	
13.884548 286.286253	5.72e-01  9.02e-01  4.45e+05	-19.4208 81.5039 0.2424	
13.884548 286.286253	5.92e-01  9.87e-01  4.26e+05	0.5906 90.7326 0.9386	
13.884548 286.286253	7.14e-01  9.41e-01  4.14e+05	5.2990 94.9086 0.4785	
13.884548 286.286253	5.15e-01  6.65e-01  5.04e+05	2.8322 54.9265 0.5981	
13.884548 286.286253	6.61e-01  8.09e-01  4.45e+05	16.8133 81.7846 0.7349	
13.884548 286.286253	5.68e-01  9.52e-01  4.36e+05	-24.8243 83.3658 0.4644	
13.884548 286.286253	5.75e-01  8.31e-01  4.57e+05	5.2312 78.4415 0.5991	
13.884548 286.286253	6.20e-01  9.78e-01  4.23e+05	23.6222 88.7208 0.4294	
13.884548 286.286253	6.33e-01  7.42e-01  4.63e+05	-33.1032 68.4232 0.9239	
13.884548 286.286253	7.57e-01  9.12e-01  4.12e+05	-32.1350 90.3031 0.7709	
13.884548 286.286253	5.16e-01  7.94e-01  4.76e+05	1.0612 70.1824 0.1040	
13.884548 286.286253	6.85e-01  7.22e-01  4.57e+05	-31.2022 72.3538 0.0467	
13.884548 286.286253	6.82e-01  8.90e-01  4.28e+05	28.0439 85.8082 0.1889	
13.884548 286.286253	7.07e-01  8.70e-01  4.27e+05	16.9738 89.0214 0.3359	
13.884548 286.286253	5.20e-01  7.89e-01  4.76e+05	-19.7339 67.1942 0.2627	
13.884548 286.286253	4.33e-01  6.92e-01  5.17e+05	4.3855 46.2538 0.4038	
13.884548 286.286253	4.61e-01  9.12e-01  4.63e+05	3.5294 75.7879 0.9963	
13.884548 286.286253	5.17e-01  7.40e-01  4.87e+05	-4.7501 64.5260 0.8326	
13.884548 286.286253	6.93e-01  8.10e-01  4.39e+05	-14.9158 84.5272 0.7523	
13.884548 286.286253	5.26e-01  9.08e-01  4.52e+05	-16.5130 79.1394 0.5783	
13.884548 286.286253	6.68e-01  8.49e-01  4.37e+05	-27.5198 82.2953 0.1083	
13.884548 286.286253	6.91e-01  8.62e-01  4.31e+05	-5.8303 88.9295 0.3835	
13.884548 286.286253	6.72e-01  9.06e-01  4.27e+05	9.3297 90.1759 0.9813	
13.884548 286.286253	5.69e-01  9.32e-01  4.40e+05	36.1464 77.6399 0.3133	
13.884548 286.286253	7.38e-01  9.44e-01  4.10e+05	17.4134 94.9659 0.3387	
13.884548 286.286253	4.45e-01  9.07e-01  4.67e+05	6.0841 73.8496 0.0634	
13.884548 286.286253	6.69e-01  7.66e-01  4.51e+05	19.3042 78.6379 0.0260	
13.884548 286.286253	6.79e-01  8.36e-01  4.37e+05	22.4175 83.6447 0.4444	
13.884548 286.286253	6.03e-01  8.39e-01  4.50e+05	11.6804 80.6042 0.4250	
13.884548 286.286253	6.74e-01  7.11e-01  4.61e+05	-38.5714 66.5634 0.9391	
13.884548 286.286253	6.10e-01  9.06e-01  4.37e+05	31.5698 80.7199 0.3225	
13.884548 286.286253	7.58e-01  8.66e-01  4.19e+05	33.9290 86.9597 0.5857	
13.884548 286.286253	7.27e-01  7.55e-01  4.43e+05	16.8870 82.7188 0.5317	
13.884548 286.286253	8.71e-01  9.74e-01  3.87e+05	61.6204 84.2021 0.3887	
13.884548 286.286253	6.37e-01  8.47e-01  4.43e+05	36.2374 76.3289 0.7286	
13.884548 286.286253	6.21e-01  8.13e-01  4.52e+05	-6.1501 80.6188 0.8250	
13.884548 286.286253	6.02e-01  8.44e-01  4.50e+05	-11.1661 80.9817 0.6757	
13.884548 286.286253	6.83e-01  7.49e-01  4.52e+05	-18.4697 78.5445 0.8244	
13.884548 286.286253	8.07e-01  9.90e-01  3.93e+05	20.6447 100.0824 0.3786	
13.884548 286.286253	6.88e-01  9.25e-01  4.21e+05	15.7543 91.3506 0.3906	
13.884548 286.286253	6.34e-01  7.46e-01  4.62e+05	1.5153 76.5115 0.1752	
13.884548 286.286253	4.61e-01  7.51e-01  4.97e+05	11.9536 58.0084 0.9119	
13.884548 286.286253	5.88e-01  7.33e-01  4.74e+05	-0.7583 71.1239 0.4052	
13.884548 286.286253	4.22e-01  8.46e-01  4.85e+05	28.0847 59.5203 0.5054	
13.884548 286.286253	6.56e-01  7.40e-01  4.59e+05	32.4479 70.7980 0.0551	
13.884548 286.286253	4.86e-01  8.05e-01  4.80e+05	5.3791 67.9436 0.8053	
13.884548 286.286253	5.97e-01  7.26e-01  4.74e+05	21.4243 68.0143 0.6909	
13.884548 286.286253	6.67e-01  8.52e-01  4.37e+05	53.4606 68.5176 0.7482	
13.884548 286.286253	5.43e-01  8.95e-01  4.51e+05	-33.2245 74.0137 0.0666	
13.884548 286.286253	6.81e-01  8.34e-01  4.37e+05	9.4507 86.1390 0.4391	
13.884548 286.286253	6.80e-01  8.30e-01  4.38e+05	-5.7385 86.1088 0.1324	
13.884548 286.286253	7.20e-01  9.92e-01  4.06e+05	-17.5302 96.5115 0.0426	
13.884548 286.286253	4.25e-01  9.64e-01  4.60e+05	-10.8796 76.5053 0.4717	
13.884548 286.286253	5.61e-01  8.88e-01  4.49e+05	-19.7284 79.5197 0.9564	
13.884548 286.286253	5.00e-01  9.07e-01  4.57e+05	-3.8267 78.6209 0.5420	
13.884548 286.286253	5.11e-01  7.18e-01  4.93e+05	-16.1663 59.1529 0.8108	
13.884548 286.286253	5.13e-01  8.75e-01  4.60e+05	15.1537 75.6736 0.0565	
13.884548 286.286253	5.23e-01  8.28e-01  4.68e+05	14.3930 72.5955 0.1603	
13.884548 286.286253	6.32e-01  8.03e-01  4.52e+05	-22.5847 77.7235 0.9276	
13.884548 286.286253	8.45e-01  8.66e-01  4.06e+05	21.7861 95.6020 0.4916	
13.884548 286.286253	5.49e-01  8.59e-01  4.57e+05	27.2338 73.9578 0.9015	
13.884548 286.286253	7.79e-01  8.50e-01  4.18e+05	-10.6778 93.0580 0.1664	
13.884548 286.286253	7.18e-01  9.71e-01  4.09e+05	-25.8212 93.4139 0.3437	
13.884548 286.286253	6.84e-01  8.84e-01  4.28e+05	-21.7660 87.3373 0.5413	
13.884548 286.286253	5.30e-01  8.11e-01  4.70e+05	18.5779 70.6544 0.6610	
13.884548 286.286253	6.94e-01  8.42e-01  4.34e+05	27.1111 83.7305 0.6621	
13.884548 286.286253	6.10e-01  8.36e-01  4.50e+05	12.6932 80.7853 0.9670	
13.884548 286.286253	5.67e-01  8.79e-01  4.50e+05	18.7455 79.5591 0.3043	
13.884548 286.286253	7.35e-01  8.83e-01  4.20e+05	37.4968 85.1621 0.7502	
13.884548 286.286253	6.24e-01  8.43e-01  4.46e+05	22.0677 80.2663 0.9951	
13.884548 286.286253	6.28e-01  9.22e-01  4.31e+05	26.4905 84.8708 0.3643	
13.884548 286.286253	6.28e-01  8.11e-01  4.51e+05	16.9435 79.4700 0.9652	
13.884548 286.286253	5.08e-01  8.85e-01  4.60e+05	-20.3243 74.8514 0.2730	
13.884548 286.286253	6.99e-01  8.61e-01  4.29e+05	-4.9505 89.4318 0.3443	
13.884548 286.286253	6.81e-01  8.64e-01  4.32e+05	21.9215 85.8371 0.4797	
13.884548 286.286253	7.38e-01  8.15e-01  4.31e+05	-21.8190 86.3520 0.6923	
13.884548 286.286253	6.78e-01  8.12e-01  4.42e+05	-0.6318 84.9505 0.7632	
13.884548 286.286253	6.24e-01  9.02e-01  4.35e+05	3.8589 87.3219 0.4689	
13.884548 286.286253	7.60e-01  9.42e-01  4.07e+05	32.3199 92.0811 0.6550	
13.884548 286.286253	5.28e-01  8.66e-01  4.59e+05	-15.0266 76.2606 0.1522	
13.884548 286.286253	6.52e-01  8.12e-01  4.46e+05	-9.6797 82.5285 0.4734	
13.884548 286.286253	4.48e-01  8.02e-01  4.89e+05	23.9940 59.1179 0.4528	
13.884548 286.286253	7.93e-01  9.48e-01  4.01e+05	21.4556 97.1813 0.7512	
13.884548 286.286253	6.64e-01  8.54e-01  4.37e+05	25.0414 83.1682 0.7229	
13.884548 286.286253	5.74e-01  9.35e-01  4.38e+05	15.4037 84.8929 0.4629	
13.884548 286.286253	6.16e-01  9.67e-01  4.26e+05	-2.6878 90.9347 0.7592	
13.884548 286.286253	5.94e-01  7.99e-01  4.60e+05	28.9784 71.9621 0.5957	
13.884548 286.286253	6.58e-01  8.04e-01  4.47e+05	2.3351 82.8884 0.6375	
13.884548 286.286253	5.65e-01  7.36e-01  4.78e+05	-6.1962 68.9894 0.1061	
13.884548 286.286253	7.70e-01  8.55e-01  4.19e+05	-2.5924 93.4048 0.4534	
13.884548 286.286253	6.66e-01  8.83e-01  4.31e+05	-2.4950 88.8336 0.0488	
13.884548 286.286253	7.48e-01  8.73e-01  4.19e+05	-12.1687 92.4263 0.5600	
13.884548 286.286253	6.46e-01  9.76e-01  4.19e+05	-29.1930 88.5717 0.7328	
13.884548 286.286253	6.75e-01  8.64e-01  4.33e+05	7.8080 87.8447 0.0323	
13.884548 286.286253	6.95e-01  8.98e-01  4.24e+05	-16.1598 90.1188 0.5328	
13.884548 286.286253	5.41e-01  7.64e-01  4.77e+05	24.6659 65.1513 0.1048	
13.884548 286.286253	7.74e-01  7.96e-01  4.28e+05	-21.3522 87.6320 0.6765	
13.884548 286.286253	5.35e-01  9.15e-01  4.49e+05	19.0709 79.8147 0.9647	
13.884548 286.286253	5.90e-01  7.71e-01  4.66e+05	3.1785 74.8301 0.8617	
13.884548 286.286253	6.74e-01  8.54e-01  4.35e+05	13.7743 86.4246 0.9726	
13.884548 286.286253	5.59e-01  8.11e-01  4.64e+05	-30.0663 69.3903 0.1125	
13.884548 286.286253	6.83e-01  7.47e-01  4.53e+05	-23.2133 77.1280 0.2708	
13.884548 286.286253	7.78e-01  9.91e-01  3.97e+05	-1.3381 100.8820 0.6235	
13.884548 286.286253	6.16e-01  9.05e-01  4.36e+05	-2.3273 87.0150 0.6277	
13.884548 286.286253	6.74e-01  8.82e-01  4.30e+05	-40.2127 79.7570 0.9878	
13.884548 286.286253	5.98e-01  8.67e-01  4.46e+05	17.7265 81.2149 0.2176	
13.884548 286.286253	7.59e-01  9.09e-01  4.12e+05	2.8627 95.7671 0.5774	
13.884548 286.286253	7.36e-01  8.42e-01  4.27e+05	10.4767 90.0450 0.5733	
13.884548 286.286253	5.87e-01  9.40e-01  4.35e+05	-13.6903 86.3434 0.0474	
13.884548 286.286253	5.90e-01  7.99e-01  4.60e+05	-35.1627 68.8318 0.9726	
13.884548 286.286253	7.00e-01  8.55e-01  4.30e+05	1.7288 89.2099 0.8777	
13.884548 286.286253	6.72e-01  8.97e-01  4.28e+05	-12.1389 89.2515 0.9634	
13.884548 286.286253	4.02e-01  8.31e-01  4.92e+05	-0.3704 61.8903 0.1391	
13.884548 286.286253	7.14e-01  9.26e-01  4.17e+05	-10.4042 93.6761 0.1470	
13.884548 286.286253	5.01e-01  9.17e-01  4.55e+05	19.7022 77.1414 0.4302	
13.884548 286.286253	7.01e-01  7.63e-01  4.46e+05	16.7566 81.3676 0.4152	
13.884548 286.286253	5.47e-01  8.50e-01  4.59e+05	-10.1341 77.2639 0.2166	
13.884548 286.286253	6.74e-01  8.62e-01  4.34e+05	40.3184 78.2687 0.4551	
13.884548 286.286253	5.77e-01  8.52e-01  4.53e+05	-30.3307 74.5654 0.4787	
13.884548 286.286253	5.71e-01  8.54e-01  4.53e+05	-11.4033 79.3946 0.1108	
13.884548 286.286253	6.25e-01  9.22e-01  4.32e+05	-5.4545 88.6015 0.9192	
13.884548 286.286253	7.48e-01  8.21e-01  4.28e+05	42.9932 79.2018 0.5939	
13.884548 286.286253	4.85e-01  9.52e-01  4.51e+05	34.3071 73.4877 0.0828	
13.884548 286.286253	4.97e-01  8.74e-01  4.64e+05	30.0521 69.4643 0.8053	
13.884548 286.286253	5.66e-01  8.63e-01  4.53e+05	-2.8586 80.4267 0.1899	
13.884548 286.286253	5.53e-01  9.11e-01  4.46e+05	-12.4618 82.1346 0.1849	
13.884548 286.286253	4.82e-01  9.50e-01  4.52e+05	-34.0914 73.1538 0.3913	
13.884548 286.286253	5.42e-01  8.95e-01  4.51e+05	15.8689 79.5097 0.1120	
13.884548 286.286253	5.35e-01  8.56e-01  4.60e+05	20.8231 74.5591 0.9830	
13.884548 286.286253	5.18e-01  8.21e-01  4.70e+05	-6.6668 72.6099 0.6274	
13.884548 286.286253	8.04e-01  9.36e-01  4.01e+05	20.8924 97.2619 0.7982	
13.884548 286.286253	6.19e-01  7.82e-01  4.58e+05	-6.0947 78.0722 0.4820	
13.884548 286.286253	7.14e-01  7.39e-01  4.48e+05	-16.1885 80.6215 0.1304	
13.884548 286.286253	5.64e-01  7.86e-01  4.68e+05	7.0319 73.5169 0.0722	
13.884548 286.286253	5.29e-01  9.03e-01  4.52e+05	2.5169 80.6201 0.6300	
13.884548 286.286253	6.91e-01  7.75e-01  4.46e+05	7.6661 82.8873 0.8051	
13.884548 286.286253	5.50e-01  9.15e-01  4.46e+05	26.0227 78.9490 0.4502	
13.884548 286.286253	6.98e-01  8.41e-01  4.33e+05	21.9937 85.4882 0.3654	
13.884548 286.286253	5.92e-01  7.79e-01  4.64e+05	-15.2580 74.2121 0.4978	
13.884548 286.286253	6.30e-01  9.62e-01  4.24e+05	-29.4633 86.5971 0.4028	
13.884548 286.286253	5.87e-01  6.80e-01  4.85e+05	15.0700 63.9796 0.4351	
13.884548 286.286253	7.45e-01  9.27e-01  4.11e+05	25.6293 92.5509 0.6131	
13.884548 286.286253	5.04e-01  8.58e-01  4.66e+05	10.2978 74.2148 0.2658	
13.884548 286.286253	5.60e-01  8.07e-01  4.65e+05	5.3847 75.1987 0.2605	
13.884548 286.286253	6.00e-01  8.89e-01  4.42e+05	-25.3539 81.0033 0.7403	
13.884548 286.286253	7.72e-01  8.34e-01  4.22e+05	45.2510 80.4571 0.6946	
13.884548 286.286253	5.69e-01  8.16e-01  4.61e+05	31.3701 70.2135 0.3470	
13.884548 286.286253	7.29e-01  7.87e-01  4.37e+05	-1.5558 86.7031 0.7866	
13.884548 286.286253	6.82e-01  8.79e-01  4.29e+05	-1.6523 89.6317 0.9987	
13.884548 286.286253	4.67e-01  8.64e-01  4.72e+05	-19.7246 69.4710 0.0343	
13.884548 286.286253	6.74e-01  9.00e-01  4.27e+05	21.6257 87.7575 0.3903	
13.884548 286.286253	6.05e-01  8.48e-01  4.48e+05	-19.8492 79.8362 0.4903	
13.884548 286.286253	6.37e-01  7.10e-01  4.69e+05	6.5025 73.2795 0.7302	
13.884548 286.286253	6.33e-01  8.47e-01  4.43e+05	-22.6899 81.0892 0.0515	
13.884548 286.286253	7.13e-01  8.71e-01  4.26e+05	26.5163 87.0954 0.8638	
13.884548 286.286253	4.40e-01  9.53e-01  4.60e+05	-31.8354 70.7521 0.4709	
13.884548 286.286253	6.04e-01  8.51e-01  4.48e+05	-12.5204 81.4605 0.8215	
13.884548 286.286253	6.09e-01  8.77e-01  4.42e+05	11.9604 83.8264 0.2311	
13.884548 286.286253	7.25e-01  8.57e-01  4.26e+05	-8.7923 90.4745 0.0133	
13.884548 286.286253	7.83e-01  8.34e-01  4.20e+05	3.9090 92.8490 0.2196	
13.884548 286.286253	5.83e-01  8.37e-01  4.54e+05	15.0044 78.3599 0.2910	
13.884548 286.286253	6.81e-01  8.17e-01  4.40e+05	-16.9600 83.8087 0.7707	
13.884548 286.286253	7.04e-01  8.35e-01  4.33e+05	-8.0332 87.8566 0.8647	
13.884548 286.286253	6.01e-01  7.42e-01  4.69e+05	-27.5120 67.9017 0.9458	
13.884548 286.286253	5.67e-01  7.02e-01  4.85e+05	-10.1903 65.1275 0.8719	
13.884548 286.286253	5.08e-01  7.94e-01  4.78e+05	21.5414 65.9064 0.3549	
13.884548 286.286253	5.21e-01  8.32e-01  4.67e+05	-17.7395 72.0030 0.9658	
13.884548 286.286253	5.75e-01  8.51e-01  4.53e+05	43.0516 67.6643 0.7661	
13.884548 286.286253	5.89e-01  8.59e-01  4.49e+05	-43.9091 69.1352 0.2845	
13.884548 286.286253	7.06e-01  7.22e-01  4.53e+05	-6.0589 80.1176 0.0303	
13.884548 286.286253	6.11e-01  6.73e-01  4.81e+05	-14.2999 65.9889 0.7914	
13.884548 286.286253	6.41e-01  9.01e-01  4.33e+05	17.8543 86.5538 0.4014	
13.884548 286.286253	6.84e-01  9.64e-01  4.15e+05	-2.0647 94.6535 0.6272	
13.884548 286.286253	6.95e-01  7.56e-01  4.49e+05	0.0405 82.1891 0.8638	
13.884548 286.286253	6.53e-01  7.64e-01  4.55e+05	22.5373 76.2249 0.0475	
13.884548 286.286253	4.50e-01  8.71e-01  4.74e+05	8.2145 70.7325 0.7263	
13.884548 286.286253	7.32e-01  8.08e-01  4.33e+05	-7.8110 87.8962 0.3029	
13.884548 286.286253	6.04e-01  7.19e-01  4.74e+05	2.1388 71.3042 0.7905	
13.884548 286.286253	6.91e-01  6.92e-01  4.61e+05	-9.8390 76.1145 0.4053	
13.884548 286.286253	5.32e-01  9.04e-01  4.51e+05	28.6905 75.7607 0.0306	
13.884548 286.286253	7.26e-01  7.40e-01  4.46e+05	-12.3518 82.3391 0.9399	
13.884548 286.286253	6.19e-01  9.19e-01  4.33e+05	15.9594 86.6743 0.3944	
13.884548 286.286253	5.27e-01  6.90e-01  4.96e+05	-6.5080 59.5343 0.6987	
13.884548 286.286253	5.47e-01  8.18e-01  4.65e+05	-7.5788 74.8437 0.7408	
13.884548 286.286253	7.16e-01  7.58e-01  4.44e+05	11.1839 83.0801 0.0648	
13.884548 286.286253	4.65e-01  8.39e-01  4.77e+05	4.9426 69.3489 0.3461	
13.884548 286.286253	5.54e-01  7.75e-01  4.72e+05	-30.4171 65.2622 0.9687	
13.884548 286.286253	6.89e-01  7.51e-01  4.51e+05	-22.3335 78.1746 0.7627	
13.884548 286.286253	6.04e-01  9.02e-01  4.39e+05	-14.7740 84.8069 0.8190	
13.884548 286.286253	7.24e-01  9.59e-01  4.10e+05	-21.5144 94.1833 0.7103	
13.884548 286.286253	5.02e-01  7.58e-01  4.86e+05	-0.6455 65.0244 0.0622	
13.884548 286.286253	6.95e-01  7.67e-01  4.47e+05	13.8545 81.8339 0.1846	
13.884548 286.286253	6.47e-01  7.46e-01  4.60e+05	-13.6336 76.3584 0.8866	
13.884548 286.286253	4.32e-01  7.04e-01  5.15e+05	7.2159 47.6259 0.1369	
13.884548 286.286253	6.08e-01  6.81e-01  4.80e+05	29.4829 61.3587 0.5370	
13.884548 286.286253	5.21e-01  7.80e-01  4.78e+05	7.0123 68.8454 0.7348	
13.884548 286.286253	6.85e-01  7.26e-01  4.56e+05	-11.6236 78.1389 0.6354	
13.884548 286.286253	6.65e-01  9.49e-01  4.21e+05	-15.4351 91.4947 0.0651	
13.884548 286.286253	8.00e-01  8.85e-01  4.10e+05	4.6437 96.5766 0.6276	
13.884548 286.286253	6.68e-01  9.30e-01  4.23e+05	6.9843 91.6163 0.1243	
13.884548 286.286253	7.05e-01  7.41e-01  4.49e+05	24.8727 77.9247 0.3162	
13.884548 286.286253	7.49e-01  8.80e-01  4.18e+05	23.5687 90.6329 0.8294	
13.884548 286.286253	6.81e-01  9.23e-01  4.22e+05	-9.1177 91.7414 0.8513	
13.884548 286.286253	4.59e-01  7.30e-01  5.02e+05	4.1406 56.1257 0.6854	
13.884548 286.286253	6.16e-01  8.44e-01  4.47e+05	36.0805 74.5352 0.2839	
13.884548 286.286253	5.28e-01  9.25e-01  4.48e+05	-6.7651 82.0088 0.1323	
13.884548 286.286253	6.40e-01  9.37e-01  4.27e+05	29.1761 85.7783 0.6714	
13.884548 286.286253	5.48e-01  7.91e-01  4.70e+05	7.4186 72.5586 0.5071	
13.884548 286.286253	6.20e-01  8.74e-01  4.41e+05	-31.3822 79.2369 0.2387	
13.884548 286.286253	5.40e-01  8.50e-01  4.60e+05	10.5245 76.5498 0.6702	
13.884548 286.286253	5.21e-01  7.59e-01  4.82e+05	-22.3605 63.2246 0.1027	
13.884548 286.286253	5.64e-01  7.47e-01  4.76e+05	34.2585 61.3102 0.1754	
13.884548 286.286253	3.70e-01  8.36e-01  4.98e+05	-21.1858 54.5913 0.6161	
13.884548 286.286253	7.45e-01  8.93e-01  4.17e+05	26.2117 90.3848 0.5364	
13.884548 286.286253	4.02e-01  8.60e-01  4.86e+05	16.3040 63.0698 0.9504	
13.884548 286.286253	7.30e-01  9.18e-01  4.15e+05	-4.1996 94.6425 0.5353	
13.884548 286.286253	5.59e-01  8.75e-01  4.52e+05	-8.7580 80.3917 0.4977	
13.884548 286.286253	7.20e-01  9.46e-01  4.13e+05	-14.9409 94.5065 0.0361	
13.884548 286.286253	6.78e-01  8.85e-01  4.29e+05	-26.5039 85.7608 0.3205	
13.884548 286.286253	5.00e-01  8.23e-01  4.73e+05	9.5071 70.8287 0.7159	
13.884548 286.286253	4.78e-01  8.97e-01  4.63e+05	5.3925 75.9545 0.0628	
13.884548 286.286253	4.38e-01  9.24e-01  4.65e+05	10.8335 74.2169 0.0218	
13.884548 286.286253	8.36e-01  8.98e-01  4.02e+05	-16.6255 97.8037 0.3924	
13.884548 286.286253	6.91e-01  7.87e-01  4.44e+05	3.2359 83.9901 0.4382	
13.884548 286.286253	4.90e-01  9.49e-01  4.51e+05	-18.0914 79.2166 0.3602	
13.884548 286.286253	6.28e-01  8.08e-01  4.51e+05	-18.8819 78.7666 0.6851	
13.884548 286.286253	4.40e-01  7.69e-01  4.98e+05	24.2773 53.6187 0.3360	
13.884548 286.286253	6.42e-01  7.86e-01  4.53e+05	12.8717 79.3034 0.8695	
13.884548 286.286253	6.55e-01  6.87e-01  4.70e+05	-0.5904 73.1526 0.1549	
13.884548 286.286253	4.87e-01  8.54e-01  4.70e+05	20.2696 70.2641 0.0836	
13.884548 286.286253	6.34e-01  9.25e-01  4.30e+05	-11.1725 88.7600 0.7994	
13.884548 286.286253	9.35e-01  9.59e-01  3.80e+05	-20.9744 104.3531 0.6151	
13.884548 286.286253	4.78e-01  9.26e-01  4.57e+05	-19.1426 76.1500 0.3651	
13.884548 286.286253	5.94e-01  9.54e-01  4.32e+05	-18.6686 86.8112 0.6109	
13.884548 286.286253	8.23e-01  9.09e-01  4.03e+05	-6.0980 98.9077 0.3174	
13.884548 286.286253	4.99e-01  8.72e-01  4.64e+05	14.6681 74.2576 0.2175	
13.884548 286.286253	6.86e-01  8.77e-01  4.29e+05	24.9728 86.2035 0.0754	
13.884548 286.286253	7.55e-01  8.11e-01  4.29e+05	-6.4085 89.6991 0.1814	
13.884548 286.286253	5.65e-01  9.37e-01  4.40e+05	-6.7305 85.4941 0.2650	
13.884548 286.286253	6.18e-01  8.07e-01  4.54e+05	-9.2332 79.5610 0.3969	
13.884548 286.286253	7.85e-01  8.49e-01  4.17e+05	-11.1032 93.2986 0.2319	
13.884548 286.286253	6.62e-01  8.27e-01  4.42e+05	-2.5673 84.8305 0.2098	
13.884548 286.286253	6.76e-01  7.62e-01  4.51e+05	13.7062 79.9226 0.1133	
13.884548 286.286253	5.50e-01  7.49e-01  4.78e+05	-14.6320 67.5379 0.9199	
13.884548 286.286253	6.11e-01  9.16e-01  4.35e+05	16.4463 85.8478 0.3271	
13.884548 286.286253	6.18e-01  8.30e-01  4.49e+05	-2.3693 81.8854 0.2899	
13.884548 286.286253	6.89e-01  9.33e-01  4.19e+05	-12.3705 92.4592 0.8213	
13.884548 286.286253	5.49e-01  9.14e-01  4.46e+05	35.2337 75.1523 0.6227	
13.884548 286.286253	6.97e-01  9.05e-01  4.23e+05	-38.5887 83.5987 0.5400	
13.884548 286.286253	6.77e-01  8.60e-01  4.33e+05	11.3328 87.3561 0.4343	
13.884548 286.286253	5.19e-01  9.19e-01  4.51e+05	-12.0632 80.2891 0.2910	
13.884548 286.286253	6.13e-01  6.92e-01  4.77e+05	-25.3511 64.8883 0.8844	
13.884548 286.286253	6.60e-01  7.71e-01  4.52e+05	-0.0215 80.6398 0.3618	
13.884548 286.286253	5.13e-01  8.42e-01  4.67e+05	-11.5673 73.4037 0.7459	
13.884548 286.286253	5.90e-01  7.92e-01  4.62e+05	-17.3292 74.6731 0.5661	
13.884548 286.286253	6.61e-01  8.25e-01  4.42e+05	17.2307 82.9103 0.7249	
13.884548 286.286253	4.75e-01  7.42e-01  4.96e+05	4.7573 59.7732 0.4380	
13.884548 286.286253	5.28e-01  9.01e-01  4.53e+05	4.5882 80.3267 0.4507	
13.884548 286.286253	5.63e-01  9.18e-01  4.43e+05	3.7110 84.2320 0.9216	
13.884548 286.286253	6.04e-01  8.27e-01  4.52e+05	3.2105 80.5671 0.4970	
13.884548 286.286253	6.17e-01  7.39e-01  4.67e+05	0.1290 74.3752 0.2093	
13.884548 286.286253	5.45e-01  8.82e-01  4.53e+05	-8.9432 79.8196 0.9054	
13.884548 286.286253	7.25e-01  9.53e-01  4.11e+05	29.4094 91.7424 0.7027	
13.884548 286.286253	5.21e-01  7.13e-01  4.92e+05	11.4077 61.0003 0.9367	
13.884548 286.286253	6.73e-01  9.05e-01  4.27e+05	8.5741 90.2615 0.0904	
13.884548 286.286253	6.51e-01  8.82e-01  4.34e+05	-27.8573 83.2714 0.9882	
13.884548 286.286253	4.36e-01  7.81e-01  4.96e+05	20.2141 56.4152 0.5241	
13.884548 286.286253	6.16e-01  7.64e-01  4.62e+05	16.4327 74.6886 0.6446	
13.884548 286.286253	7.82e-01  8.54e-01  4.17e+05	-41.0807 84.6497 0.0144	
13.884548 286.286253	6.88e-01  8.60e-01  4.31e+05	-14.6053 87.6230 0.8392	
13.884548 286.286253	5.64e-01  9.63e-01  4.35e+05	-12.2454 86.5462 0.6280	
13.884548 286.286253	6.40e-01  9.01e-01  4.33e+05	-7.8360 87.9624 0.3077	
13.884548 286.286253	5.90e-01  7.62e-01  4.68e+05	-46.0893 57.9650 0.1223	
13.884548 286.286253	6.60e-01  8.43e-01  4.39e+05	13.9025 84.6985 0.0473	
13.884548 286.286253	6.13e-01  8.18e-01  4.52e+05	35.0923 72.5964 0.1871	
13.884548 286.286253	5.26e-01  7.88e-01  4.75e+05	-17.4354 68.3112 0.0980	
13.884548 286.286253	7.08e-01  8.22e-01  4.35e+05	-7.0300 87.3785 0.8723	
13.884548 286.286253	5.65e-01  8.87e-01  4.48e+05	5.2837 82.0473 0.8757	
13.884548 286.286253	5.71e-01  9.43e-01  4.37e+05	36.0968 78.7016 0.2979	
13.884548 286.286253	7.67e-01  8.31e-01  4.23e+05	-6.6247 91.6444 0.4801	
13.884548 286.286253	6.80e-01  8.40e-01  4.36e+05	11.3809 86.2246 0.7864	
13.884548 286.286253	7.16e-01  8.18e-01  4.34e+05	25.8859 84.0048 0.3716	
13.884548 286.286253	8.07e-01  9.61e-01  3.97e+05	-53.9701 85.1809 0.5194	
13.884548 286.286253	8.03e-01  8.81e-01  4.10e+05	18.4789 94.8699 0.9822	
13.884548 286.286253	5.84e-01  8.31e-01  4.55e+05	-0.3766 79.3939 0.3088	
13.884548 286.286253	6.17e-01  9.16e-01  4.34e+05	14.6094 86.5960 0.5242	
13.884548 286.286253	5.21e-01  8.21e-01  4.70e+05	-21.6559 69.8587 0.1773	
13.884548 286.286253	6.00e-01  7.21e-01  4.74e+05	-32.9433 63.1379 0.9198	
13.884548 286.286253	8.04e-01  8.34e-01  4.17e+05	50.5088 79.4598 0.8074	
13.884548 286.286253	6.26e-01  8.57e-01  4.43e+05	15.5067 83.0024 0.5885	
13.884548 286.286253	6.93e-01  8.80e-01  4.27e+05	-45.9796 77.7389 0.3265	
13.884548 286.286253	7.67e-01  8.33e-01  4.23e+05	22.7061 89.1076 0.6047	
13.884548 286.286253	6.20e-01  7.77e-01  4.59e+05	3.4490 77.8206 0.6261	
13.884548 286.286253	6.27e-01  9.32e-01  4.30e+05	11.3298 88.7423 0.1668	
13.884548 286.286253	7.34e-01  9.50e-01  4.10e+05	-9.6738 96.1883 0.3872	
13.884548 286.286253	7.37e-01  8.38e-01  4.27e+05	-7.9201 90.1185 0.1947	
13.884548 286.286253	5.65e-01  8.71e-01  4.52e+05	-29.3762 75.4216 0.0096	
13.884548 286.286253	7.18e-01  9.24e-01  4.16e+05	14.6470 93.2345 0.9418	
13.884548 286.286253	5.85e-01  7.65e-01  4.68e+05	-7.1895 73.4924 0.6591	
13.884548 286.286253	6.22e-01  7.10e-01  4.71e+05	-9.6523 71.6375 0.6287	
13.884548 286.286253	6.35e-01  8.03e-01  4.51e+05	1.9687 81.0987 0.5075	
13.884548 286.286253	6.35e-01  8.94e-01  4.35e+05	-61.7904 61.9511 0.6056	
13.884548 286.286253	7.74e-01  9.21e-01  4.08e+05	18.0988 95.5542 0.7256	
13.884548 286.286253	6.06e-01  7.85e-01  4.60e+05	-29.0790 71.6931 0.5502	
13.884548 286.286253	6.46e-01  8.60e-01  4.39e+05	-3.3689 85.9970 0.7716	
13.884548 286.286253	7.11e-01  9.93e-01  4.07e+05	-11.2723 97.0094 0.0944	
13.884548 286.286253	5.45e-01  6.78e-01  4.95e+05	19.3818 57.5020 0.6252	
13.884548 286.286253	6.70e-01  7.76e-01  4.50e+05	-10.1122 81.1382 0.2286	
13.884548 286.286253	4.84e-01  7.88e-01  4.84e+05	-19.8244 63.2650 0.2958	
13.884548 286.286253	4.53e-01  8.52e-01  4.77e+05	29.3597 63.2051 0.3001	
13.884548 286.286253	5.70e-01  8.29e-01  4.58e+05	16.0716 76.3703 0.1819	
13.884548 286.286253	4.69e-01  8.82e-01  4.68e+05	-20.6368 70.9981 0.7756	
13.884548 286.286253	6.72e-01  8.03e-01  4.44e+05	21.1796 81.1600 0.9610	
13.884548 286.286253	7.39e-01  8.72e-01  4.21e+05	5.6826 92.4546 0.7986	
13.884548 286.286253	6.77e-01  7.12e-01  4.60e+05	-1.3355 77.2134 0.7610	
13.884548 286.286253	6.76e-01  7.80e-01  4.48e+05	23.0213 79.2379 0.1144	
13.884548 286.286253	6.15e-01  7.15e-01  4.72e+05	-36.8135 61.9664 0.7512	
13.884548 286.286253	6.79e-01  8.27e-01  4.39e+05	5.5896 85.8580 0.5180	
13.884548 286.286253	8.85e-01  9.78e-01  3.84e+05	22.3103 102.6992 0.0879	
13.884548 286.286253	5.80e-01  7.50e-01  4.72e+05	8.0708 71.6156 0.7043	
13.884548 286.286253	5.17e-01  7.28e-01  4.90e+05	17.1567 60.8695 0.9931	
13.884548 286.286253	5.45e-01  8.47e-01  4.60e+05	-14.7589 76.1165 0.9794	
13.884548 286.286253	5.38e-01  7.79e-01  4.75e+05	-8.7498 70.2919 0.1086	
13.884548 286.286253	5.52e-01  8.39e-01  4.60e+05	32.2827 70.3684 0.9616	
13.884548 286.286253	5.55e-01  8.20e-01  4.63e+05	12.2164 75.1123 0.0580	
13.884548 286.286253	7.72e-01  9.52e-01  4.04e+05	-33.5664 92.8313 0.4280	
13.884548 286.286253	6.28e-01  8.81e-01  4.38e+05	-27.7090 81.6890 0.1984	
13.884548 286.286253	7.34e-01  8.32e-01  4.29e+05	29.7168 84.8509 0.0314	
13.884548 286.286253	6.36e-01  9.88e-01  4.19e+05	-6.4710 93.1738 0.1962	
13.884548 286.286253	7.23e-01  7.30e-01  4.48e+05	-10.3935 81.6484 0.6183	
13.884548 286.286253	6.29e-01  9.11e-01  4.33e+05	4.9449 88.0908 0.4423	
13.884548 286.286253	5.95e-01  8.35e-01  4.52e+05	-26.2697 76.1672 0.4791	
13.884548 286.286253	6.54e-01  8.58e-01  4.38e+05	-1.4468 86.4025 0.2921	
13.884548 286.286253	6.31e-01  8.53e-01  4.43e+05	-54.8572 64.2850 0.3858	
13.884548 286.286253	6.03e-01  7.94e-01  4.59e+05	19.7973 75.4209 0.2763	
13.884548 286.286253	5.11e-01  8.88e-01  4.58e+05	1.1036 78.0575 0.7729	
13.884548 286.286253	6.02e-01  8.39e-01  4.51e+05	18.3443 79.2833 0.0142	
13.884548 286.286253	5.95e-01  7.83e-01  4.62e+05	-25.3390 72.0316 0.8499	
13.884548 286.286253	6.43e-01  9.31e-01  4.27e+05	23.0536 87.4281 0.6169	
13.884548 286.286253	5.18e-01  8.92e-01  4.56e+05	-13.5644 77.7748 0.9851	
13.884548 286.286253	4.40e-01  8.71e-01  4.76e+05	-1.6404 70.2009 0.4926	
13.884548 286.286253	6.45e-01  7.93e-01  4.51e+05	-13.7538 79.9781 0.3127	
13.884548 286.286253	5.55e-01  8.66e-01  4.54e+05	-4.0174 79.7087 0.8936	
13.884548 286.286253	6.60e-01  8.29e-01  4.42e+05	-35.1290 77.2643 0.9291	
13.884548 286.286253	8.07e-01  9.02e-01  4.06e+05	-47.3070 85.7335 0.0351	
13.884548 286.286253	5.61e-01  7.87e-01  4.68e+05	-14.2620 72.3005 0.4887	
13.884548 286.286253	5.12e-01  8.06e-01  4.74e+05	-5.4426 70.7028 0.5901	
13.884548 286.286253	8.11e-01  8.75e-01  4.09e+05	-30.1689 91.9543 0.8321	
13.884548 286.286253	7.34e-01  7.61e-01  4.41e+05	-28.6981 80.2428 0.2889	
13.884548 286.286253	7.17e-01  9.01e-01  4.20e+05	-4.0057 92.8983 0.7882	
13.884548 286.286253	7.37e-01  8.51e-01  4.25e+05	-22.4791 88.4213 0.5269	
13.884548 286.286253	6.03e-01  7.59e-01  4.65e+05	38.1442 64.6133 0.0731	
13.884548 286.286253	5.44e-01  8.33e-01  4.63e+05	-31.5932 69.4036 0.1612	
13.884548 286.286253	4.76e-01  7.13e-01  5.02e+05	-12.5222 54.8056 0.6442	
13.884548 286.286253	4.69e-01  7.26e-01  5.01e+05	-5.8573 56.6983 0.4285	
13.884548 286.286253	7.60e-01  8.53e-01  4.21e+05	-44.3558 81.4304 0.4190	
13.884548 286.286253	7.69e-01  8.83e-01  4.15e+05	-45.5853 83.2457 0.7275	
13.884548 286.286253	5.79e-01  8.32e-01  4.56e+05	-35.0359 70.8633 0.5415	
13.884548 286.286253	4.99e-01  8.47e-01  4.69e+05	-20.7169 70.5704 0.7706	
13.884548 286.286253	5.90e-01  8.09e-01  4.58e+05	-5.8884 77.8931 0.9792	
13.884548 286.286253	4.78e-01  9.18e-01  4.59e+05	0.5489 77.7932 0.6778	
13.884548 286.286253	6.40e-01  7.24e-01  4.65e+05	-33.2112 67.3995 0.2362	
13.884548 286.286253	4.83e-01  9.25e-01  4.57e+05	-1.4028 78.7954 0.8996	
13.884548 286.286253	5.29e-01  7.58e-01  4.81e+05	11.9716 66.7710 0.4469	
13.884548 286.286253	4.85e-01  6.98e-01  5.04e+05	-20.8483 51.4057 0.3464	
13.884548 286.286253	6.61e-01  8.99e-01  4.30e+05	22.7852 86.5992 0.0699	
13.884548 286.286253	7.27e-01  7.78e-01  4.39e+05	13.3312 84.9402 0.3719	
13.884548 286.286253	5.56e-01  7.69e-01  4.73e+05	-32.2336 63.8652 0.4185	
13.884548 286.286253	5.51e-01  7.88e-01  4.70e+05	-22.3629 69.3847 0.5511	
13.884548 286.286253	6.62e-01  9.17e-01  4.26e+05	-41.3911 80.7178 0.3812	
13.884548 286.286253	6.23e-01  8.24e-01  4.49e+05	14.5104 80.5193 0.5917	
13.884548 286.286253	7.08e-01  7.39e-01  4.49e+05	-49.1975 65.4458 0.2463	
13.884548 286.286253	6.28e-01  7.78e-01  4.57e+05	6.5345 78.4039 0.3846	
13.884548 286.286253	6.88e-01  8.41e-01  4.35e+05	30.0096 82.2644 0.2611	
13.884548 286.286253	7.16e-01  8.44e-01  4.30e+05	-36.5834 81.7344 0.6559	
13.884548 286.286253	6.72e-01  9.26e-01  4.23e+05	-15.2050 90.5879 0.1448	
13.884548 286.286253	6.70e-01  8.91e-01  4.29e+05	15.0693 88.3485 0.9445	
13.884548 286.286253	7.06e-01  7.51e-01  4.48e+05	-4.8489 82.4052 0.2872	
13.884548 286.286253	5.81e-01  8.26e-01  4.57e+05	-14.6535 77.2764 0.7430	
13.884548 286.286253	6.25e-01  8.84e-01  4.38e+05	-36.6620 78.0688 0.2057	
13.884548 286.286253	7.21e-01  8.75e-01  4.24e+05	-10.6852 91.1439 0.1260	
13.884548 286.286253	6.26e-01  8.42e-01  4.46e+05	3.7242 83.3174 0.1993	
13.884548 286.286253	7.18e-01  9.36e-01  4.14e+05	15.6104 93.7339 0.9427	
13.884548 286.286253	4.61e-01  8.52e-01  4.75e+05	17.4468 68.2359 0.4023	
13.884548 286.286253	7.74e-01  9.81e-01  3.99e+05	-5.6914 100.0428 0.8628	
13.884548 286.286253	6.19e-01  8.60e-01  4.44e+05	-30.8360 78.3188 0.2421	
13.884548 286.286253	7.73e-01  8.92e-01  4.13e+05	-15.0462 94.4226 0.5037	
13.884548 286.286253	4.51e-01  8.70e-01  4.74e+05	20.2839 68.2370 0.8719	
13.884548 286.286253	6.32e-01  8.38e-01  4.45e+05	34.5029 76.0069 0.2401	
13.884548 286.286253	5.99e-01  8.26e-01  4.54e+05	9.4236 79.5621 0.2170	
13.884548 286.286253	5.62e-01  7.72e-01  4.71e+05	-7.4659 72.0459 0.3622	
13.884548 286.286253	5.89e-01  8.53e-01  4.50e+05	1.7320 81.4661 0.4520	
13.884548 286.286253	4.58e-01  8.37e-01  4.79e+05	12.3529 67.5586 0.2470	
13.884548 286.286253	8.29e-01  9.27e-01  3.99e+05	23.4570 97.5129 0.9811	
13.884548 286.286253	6.11e-01  8.87e-01  4.40e+05	-2.2513 85.5181 0.4872	
13.884548 286.286253	5.77e-01  7.35e-01  4.76e+05	-12.9634 69.0636 0.7434	
13.884548 286.286253	7.02e-01  7.82e-01  4.43e+05	0.9650 84.4803 0.9654	
13.884548 286.286253	7.21e-01  9.30e-01  4.15e+05	68.0349 66.1474 0.7586	
13.884548 286.286253	6.36e-01  7.57e-01  4.60e+05	17.8298 75.4687 0.0218	
13.884548 286.286253	5.87e-01  8.55e-01  4.50e+05	-8.6418 81.0443 0.9723	
13.884548 286.286253	6.32e-01  9.24e-01  4.30e+05	8.1369 88.9379 0.4876	
13.884548 286.286253	6.20e-01  8.71e-01  4.41e+05	-3.3097 84.9415 0.8659	
13.884548 286.286253	5.09e-01  7.29e-01  4.91e+05	20.8492 58.9090 0.6541	
13.884548 286.286253	7.35e-01  8.01e-01  4.34e+05	-12.2847 87.1554 0.5149	
13.884548 286.286253	6.29e-01  8.20e-01  4.49e+05	-21.4826 79.1671 0.7759	
13.884548 286.286253	5.55e-01  9.23e-01  4.44e+05	-19.2426 81.8545 0.2986	
13.884548 286.286253	6.66e-01  8.10e-01  4.44e+05	2.9216 83.8639 0.8041	
13.884548 286.286253	7.70e-01  9.41e-01  4.06e+05	41.7172 88.7431 0.4966	
13.884548 286.286253	7.71e-01  9.00e-01  4.12e+05	33.5732 89.9142 0.6783	
13.884548 286.286253	5.75e-01  6.47e-01  4.95e+05	21.6312 56.6013 0.9753	
13.884548 286.286253	6.06e-01  7.20e-01  4.73e+05	21.2232 68.3843 0.6937	
13.884548 286.286253	5.19e-01  8.72e-01  4.60e+05	4.4121 77.3046 0.1926	
13.884548 286.286253	6.51e-01  8.28e-01  4.44e+05	-4.9913 83.9720 0.6463	
13.884548 286.286253	6.48e-01  8.14e-01  4.47e+05	32.0943 76.4679 0.2010	
13.884548 286.286253	5.18e-01  9.11e-01  4.53e+05	-18.7781 78.2530 0.8227	
13.884548 286.286253	7.98e-01  9.52e-01  4.00e+05	34.9221 93.6903 0.0018	
13.884548 286.286253	6.18e-01  7.78e-01  4.59e+05	34.7499 69.7205 0.7934	
13.884548 286.286253	6.01e-01  8.21e-01  4.54e+05	-3.6563 79.7912 0.5393	
13.884548 286.286253	6.39e-01  8.20e-01  4.47e+05	-0.6352 82.7313 0.5929	
13.884548 286.286253	5.41e-01  6.76e-01  4.96e+05	4.4524 59.6893 0.7033	
13.884548 286.286253	7.21e-01  7.31e-01  4.48e+05	-17.1085 80.4385 0.5776	
13.884548 286.286253	8.23e-01  8.79e-01  4.07e+05	-21.6819 95.1480 0.7153	
13.884548 286.286253	6.28e-01  8.01e-01  4.53e+05	-11.4555 79.6642 0.9953	
13.884548 286.286253	5.50e-01  7.19e-01  4.85e+05	-4.9700 65.7840 0.6680	
13.884548 286.286253	5.86e-01  7.06e-01  4.80e+05	-5.6562 68.1207 0.7629	
13.884548 286.286253	5.66e-01  9.48e-01  4.37e+05	27.2989 82.1689 0.3510	
13.884548 286.286253	4.82e-01  8.04e-01  4.81e+05	-5.9135 67.4676 0.5284	
13.884548 286.286253	6.22e-01  8.36e-01  4.47e+05	50.3797 65.4757 0.5395	
13.884548 286.286253	5.83e-01  7.44e-01  4.73e+05	29.9555 65.2339 0.8180	
13.884548 286.286253	6.01e-01  7.59e-01  4.66e+05	28.3685 69.2190 0.5025	
13.884548 286.286253	5.65e-01  8.53e-01  4.55e+05	-26.4250 75.0942 0.9373	
13.884548 286.286253	5.27e-01  8.27e-01  4.67e+05	-1.4368 74.2836 0.4413	
13.884548 286.286253	6.84e-01  7.01e-01  4.61e+05	25.9445 72.3575 0.2517	
13.884548 286.286253	7.06e-01  7.86e-01  4.41e+05	-4.9565 84.9370 0.6216	
13.884548 286.286253	6.67e-01  8.50e-01  4.37e+05	32.3096 80.5905 0.5722	
13.884548 286.286253	6.40e-01  8.53e-01  4.41e+05	-0.2580 85.1408 0.7791	
13.884548 286.286253	4.66e-01  7.88e-01  4.88e+05	14.2596 62.6546 0.5032	
13.884548 286.286253	5.62e-01  9.14e-01  4.44e+05	-11.1555 83.1345 0.7634	
13.884548 286.286253	7.07e-01  7.42e-01  4.49e+05	-5.2431 81.8099 0.5668	
13.884548 286.286253	7.21e-01  9.16e-01  4.17e+05	23.4254 91.1505 0.4604	
13.884548 286.286253	8.67e-01  9.66e-01  3.88e+05	28.0036 99.9574 0.5991	
13.884548 286.286253	7.19e-01  9.63e-01  4.10e+05	34.7725 90.0210 0.8022	
13.884548 286.286253	5.31e-01  7.75e-01  4.77e+05	-18.2862 67.3199 0.3190	
13.884548 286.286253	6.87e-01  9.18e-01  4.22e+05	35.4977 85.2067 0.4380	
13.884548 286.286253	5.39e-01  7.83e-01  4.74e+05	28.1349 65.4697 0.9217	
13.884548 286.286253	6.46e-01  7.17e-01  4.65e+05	-2.1631 74.9976 0.6371	
13.884548 286.286253	6.52e-01  8.27e-01  4.44e+05	-19.1939 81.8882 0.2907	
13.884548 286.286253	6.16e-01  7.49e-01  4.65e+05	-39.1196 64.3035 0.9803	
13.884548 286.286253	6.38e-01  8.83e-01  4.36e+05	6.8030 86.8022 0.4983	
13.884548 286.286253	7.11e-01  8.06e-01  4.37e+05	-22.0870 83.9168 0.3431	
13.884548 286.286253	6.47e-01  9.15e-01  4.29e+05	-28.2632 85.1551 0.5673	
13.884548 286.286253	5.48e-01  7.89e-01  4.71e+05	-41.1661 59.9260 0.5786	
13.884548 286.286253	6.15e-01  8.77e-01  4.41e+05	26.8636 80.6601 0.6541	
13.884548 286.286253	6.98e-01  8.55e-01  4.31e+05	13.5421 88.1150 0.6117	
13.884548 286.286253	8.48e-01  9.95e-01  3.87e+05	-9.4151 103.8462 0.6520	
13.884548 286.286253	7.00e-01  8.77e-01  4.27e+05	-32.1576 84.7515 0.3771	
13.884548 286.286253	5.54e-01  8.00e-01  4.67e+05	5.2428 74.0656 0.5716	
13.884548 286.286253	5.46e-01  9.18e-01  4.46e+05	-7.5385 82.7282 0.2469	
13.884548 286.286253	6.70e-01  7.47e-01  4.55e+05	1.5194 79.5269 0.6590	
13.884548 286.286253	6.76e-01  8.88e-01  4.29e+05	-20.5987 87.4108 0.9392	
13.884548 286.286253	7.35e-01  7.63e-01  4.40e+05	36.8784 77.1648 0.0671	
13.884548 286.286253	6.28e-01  7.12e-01  4.70e+05	49.2251 53.8944 0.0827	
13.884548 286.286253	7.39e-01  8.24e-01  4.29e+05	50.8756 73.8951 0.3955	
13.884548 286.286253	7.67e-01  8.11e-01  4.27e+05	12.5099 89.7621 0.1629	
13.884548 286.286253	7.27e-01  8.27e-01  4.30e+05	23.7905 85.9647 0.9828	
13.884548 286.286253	5.69e-01  8.94e-01  4.46e+05	-2.7228 83.0196 0.9411	
13.884548 286.286253	6.90e-01  9.08e-01  4.23e+05	3.8326 91.7804 0.8983	
13.884548 286.286253	5.87e-01  8.39e-01  4.53e+05	9.4346 79.6324 0.9421	
13.884548 286.286253	6.44e-01  8.80e-01  4.36e+05	-46.3098 73.8799 0.1891	
13.884548 286.286253	6.33e-01  8.41e-01  4.45e+05	13.1657 82.7038 0.2979	
13.884548 286.286253	3.34e-01  8.10e-01  5.13e+05	-31.0086 38.7590 0.1288	
13.884548 286.286253	7.40e-01  7.99e-01  4.33e+05	30.9089 82.6484 0.0090	
13.884548 286.286253	4.60e-01  8.88e-01  4.68e+05	-12.0357 72.7277 0.1390	
13.884548 286.286253	6.50e-01  8.98e-01  4.32e+05	32.7438 82.5123 0.0121	
13.884548 286.286253	6.39e-01  9.00e-01  4.33e+05	29.8300 83.0404 0.0132	
13.884548 286.286253	4.99e-01  7.52e-01  4.88e+05	-5.6632 63.6972 0.5675	
13.884548 286.286253	5.11e-01  8.69e-01  4.62e+05	12.3319 75.4932 0.9037	
13.884548 286.286253	7.05e-01  7.99e-01  4.39e+05	0.0094 85.8735 0.1580	
13.884548 286.286253	6.18e-01  8.79e-01  4.40e+05	2.1725 85.3872 0.2583	
13.884548 286.286253	5.40e-01  7.47e-01  4.81e+05	11.6362 66.7296 0.1310	
13.884548 286.286253	7.34e-01  8.38e-01  4.27e+05	37.6138 82.1132 0.7258	
13.884548 286.286253	6.03e-01  8.66e-01  4.45e+05	2.0768 83.3893 0.1038	
13.884548 286.286253	5.66e-01  8.68e-01  4.52e+05	9.4614 80.2902 0.8500	
13.884548 286.286253	5.61e-01  8.19e-01  4.62e+05	-5.6724 76.3242 0.5146	
13.884548 286.286253	5.81e-01  7.85e-01  4.65e+05	-19.3438 72.8235 0.7103	
13.884548 286.286253	4.94e-01  8.55e-01  4.68e+05	-44.7382 58.7057 0.7646	
13.884548 286.286253	7.71e-01  9.27e-01  4.08e+05	8.8355 96.9739 0.1125	
13.884548 286.286253	5.05e-01  8.53e-01  4.66e+05	-2.6010 74.5287 0.8791	
13.884548 286.286253	6.65e-01  8.54e-01  4.37e+05	43.4521 75.2794 0.5508	
13.884548 286.286253	5.11e-01  7.42e-01  4.88e+05	16.6457 62.0091 0.2217	
13.884548 286.286253	4.84e-01  8.15e-01  4.78e+05	-18.9944 66.4420 0.0331	
13.884548 286.286253	6.57e-01  8.80e-01  4.33e+05	0.0171 88.0804 0.9414	
13.884548 286.286253	7.62e-01  9.08e-01  4.12e+05	-18.7394 94.0822 0.5421	
13.884548 286.286253	6.52e-01  7.28e-01  4.62e+05	-2.2002 76.4749 0.2671	
13.884548 286.286253	6.04e-01  7.50e-01  4.67e+05	8.8477 73.7504 0.2347	
13.884548 286.286253	6.08e-01  9.43e-01  4.31e+05	-11.2346 88.2649 0.2857	
13.884548 286.286253	6.57e-01  9.04e-01  4.29e+05	12.6863 88.6973 0.5895	
13.884548 286.286253	6.30e-01  8.27e-01  4.48e+05	-21.8732 79.6047 0.5975	
13.884548 286.286253	5.31e-01  7.34e-01  4.85e+05	-4.7653 65.3278 0.5187	
13.884548 286.286253	6.87e-01  9.13e-01  4.23e+05	-1.0390 91.9299 0.6174	
13.884548 286.286253	7.47e-01  9.00e-01  4.15e+05	38.6880 86.4029 0.4921	
13.884548 286.286253	5.84e-01  7.07e-01  4.80e+05	16.7756 66.1326 0.7890	
13.884548 286.286253	6.41e-01  7.75e-01  4.55e+05	20.7601 76.7258 0.6808	
13.884548 286.286253	4.47e-01  7.90e-01  4.91e+05	2.0301 62.3294 0.5007	
13.884548 286.286253	4.56e-01  8.49e-01  4.77e+05	2.0778 69.6190 0.2457	
13.884548 286.286253	5.90e-01  8.20e-01  4.56e+05	-40.9382 67.5082 0.6427	
13.884548 286.286253	6.92e-01  7.25e-01  4.55e+05	-5.3239 79.3397 0.3275	
13.884548 286.286253	7.01e-01  8.75e-01  4.27e+05	-27.1014 86.3956 0.0384	
13.884548 286.286253	5.76e-01  6.49e-01  4.94e+05	-7.1026 60.5621 0.8894	
13.884548 286.286253	5.08e-01  7.40e-01  4.89e+05	7.4699 63.1459 0.7162	
13.884548 286.286253	5.95e-01  7.96e-01  4.60e+05	12.9499 76.3308 0.5327	
13.884548 286.286253	5.94e-01  8.17e-01  4.56e+05	-10.6483 78.3315 0.6336	
13.884548 286.286253	6.16e-01  8.77e-01  4.41e+05	-7.6203 84.8235 0.9857	
13.884548 286.286253	7.24e-01  9.20e-01  4.16e+05	-1.4989 94.4650 0.2669	
13.884548 286.286253	6.24e-01  9.08e-01  4.34e+05	4.2684 87.6284 0.3140	
13.884548 286.286253	4.68e-01  9.48e-01  4.55e+05	-4.1711 79.2996 0.1903	
13.884548 286.286253	6.43e-01  8.53e-01  4.40e+05	10.4793 84.7528 0.1716	
13.884548 286.286253	6.65e-01  9.45e-01  4.21e+05	26.6041 88.6485 0.5314	
13.884548 286.286253	5.72e-01  9.56e-01  4.35e+05	-9.0491 87.0695 0.4965	
13.884548 286.286253	6.49e-01  8.02e-01  4.49e+05	-2.3809 82.1000 0.0026	
13.884548 286.286253	7.71e-01  9.43e-01  4.05e+05	-28.1833 94.0806 0.2712	
13.884548 286.286253	7.41e-01  9.17e-01  4.14e+05	-47.7088 82.4795 0.1360	
13.884548 286.286253	5.18e-01  7.86e-01  4.77e+05	-5.4068 69.2943 0.1502	
13.884548 286.286253	6.99e-01  8.32e-01  4.34e+05	27.8549 83.1481 0.4998	
13.884548 286.286253	6.24e-01  8.98e-01  4.36e+05	0.0245 87.0516 0.3495	
13.884548 286.286253	6.95e-01  9.35e-01  4.18e+05	11.6055 93.0000 0.4257	
13.884548 286.286253	5.81e-01  7.07e-01  4.81e+05	9.5332 67.2883 0.6878	
13.884548 286.286253	6.21e-01  7.18e-01  4.70e+05	39.3699 61.4090 0.6661	
13.884548 286.286253	5.72e-01  7.71e-01  4.69e+05	6.7594 72.9694 0.5885	
13.884548 286.286253	7.27e-01  8.55e-01  4.26e+05	9.4992 90.3874 0.7320	
13.884548 286.286253	4.00e-01  7.77e-01  5.05e+05	-8.6085 53.8616 0.2869	
13.884548 286.286253	4.16e-01  7.52e-01  5.07e+05	-27.3306 45.7446 0.9663	
13.884548 286.286253	5.55e-01  7.66e-01  4.74e+05	7.3259 70.8656 0.5988	
13.884548 286.286253	5.73e-01  8.47e-01  4.54e+05	-6.2285 79.5036 0.8499	
13.884548 286.286253	6.02e-01  8.56e-01  4.47e+05	-41.6710 71.3583 0.0947	
13.884548 286.286253	6.35e-01  8.95e-01  4.35e+05	-6.3448 87.4028 0.4622	
13.884548 286.286253	7.47e-01  9.25e-01  4.12e+05	17.5073 94.3907 0.5382	
13.884548 286.286253	6.64e-01  8.22e-01  4.42e+05	-5.1010 84.5088 0.9368	
13.884548 286.286253	7.89e-01  8.17e-01  4.22e+05	-2.1134 92.3081 0.9873	
13.884548 286.286253	7.06e-01  8.68e-01  4.27e+05	18.2799 88.5644 0.9734	
13.884548 286.286253	5.26e-01  8.59e-01  4.61e+05	22.5229 73.5464 0.1806	
13.884548 286.286253	6.14e-01  8.25e-01  4.51e+05	28.7447 75.9409 0.1955	
13.884548 286.286253	6.53e-01  7.24e-01  4.63e+05	-14.8847 74.7383 0.0356	
13.884548 286.286253	6.72e-01  8.54e-01  4.35e+05	38.5637 78.3735 0.6386	
13.884548 286.286253	5.57e-01  7.65e-01  4.74e+05	2.2551 71.2186 0.4235	
13.884548 286.286253	7.43e-01  8.82e-01  4.19e+05	-30.8861 88.1835 0.9300	
13.884548 286.286253	6.27e-01  8.90e-01  4.37e+05	-4.6262 86.6544 0.1162	
13.884548 286.286253	5.52e-01  8.27e-01  4.62e+05	-20.2391 73.6591 0.0972	
13.884548 286.286253	6.16e-01  7.88e-01  4.58e+05	12.4180 77.4573 0.0852	
13.884548 286.286253	6.96e-01  7.60e-01  4.48e+05	-3.5728 82.3921 0.1316	
13.884548 286.286253	6.63e-01  8.84e-01  4.32e+05	-2.2373 88.6456 0.2563	
13.884548 286.286253	5.26e-01  9.01e-01  4.53e+05	-16.4012 78.6803 0.7503	
13.884548 286.286253	5.12e-01  7.18e-01  4.93e+05	16.3352 59.1703 0.4160	
13.884548 286.286253	8.29e-01  9.78e-01  3.92e+05	-4.1753 102.5776 0.1971	
13.884548 286.286253	7.17e-01  8.30e-01  4.32e+05	0.5220 88.7038 0.0742	
13.884548 286.286253	6.33e-01  8.09e-01  4.50e+05	49.9470 64.3017 0.1425	
13.884548 286.286253	4.42e-01  7.50e-01  5.02e+05	-14.9846 54.7149 0.0531	
13.884548 286.286253	6.21e-01  8.51e-01  4.45e+05	19.9280 81.2333 0.2773	
13.884548 286.286253	5.92e-01  8.70e-01  4.47e+05	25.4749 78.9273 0.9213	
13.884548 286.286253	5.94e-01  9.25e-01  4.37e+05	-31.8654 80.8115 0.9967	
13.884548 286.286253	5.58e-01  7.20e-01  4.83e+05	-4.5764 66.7761 0.5892	
13.884548 286.286253	6.09e-01  7.21e-01  4.72e+05	-4.8569 71.8359 0.3955	
13.884548 286.286253	5.41e-01  8.06e-01  4.69e+05	16.0433 71.8677 0.9152	
13.884548 286.286253	5.45e-01  8.73e-01  4.55e+05	-1.5238 79.5816 0.4614	
13.884548 286.286253	6.29e-01  8.30e-01  4.47e+05	-10.1228 82.1150 0.0489	
13.884548 286.286253	7.14e-01  8.27e-01  4.33e+05	-4.9529 88.1623 0.8913	
13.884548 286.286253	4.86e-01  8.29e-01  4.75e+05	-28.4491 64.6082 0.2171	
13.884548 286.286253	5.88e-01  7.72e-01  4.66e+05	3.4076 74.7211 0.2971	
13.884548 286.286253	4.96e-01  8.41e-01  4.71e+05	10.7713 71.8805 0.7989	
13.884548 286.286253	5.74e-01  9.40e-01  4.37e+05	-26.7310 82.3703 0.9799	
13.884548 286.286253	6.96e-01  8.03e-01  4.40e+05	1.6672 85.5763 0.5535	
13.884548 286.286253	5.60e-01  7.48e-01  4.77e+05	-27.2891 64.3479 0.2724	
13.884548 286.286253	6.36e-01  8.87e-01  4.36e+05	23.9485 83.8457 0.5805	
13.884548 286.286253	6.65e-01  8.98e-01  4.29e+05	35.7773 82.3060 0.8728	
13.884548 286.286253	6.17e-01  8.83e-01  4.40e+05	-20.7923 83.0459 0.2876	
13.884548 286.286253	7.20e-01  7.94e-01  4.37e+05	12.6501 85.6857 0.0529	
13.884548 286.286253	6.14e-01  7.38e-01  4.68e+05	-12.9243 72.8773 0.2720	
13.884548 286.286253	5.71e-01  8.73e-01  4.50e+05	28.8035 76.4090 0.5845	
13.884548 286.286253	7.11e-01  9.31e-01  4.16e+05	44.5958 83.1738 0.6795	
13.884548 286.286253	7.25e-01  9.42e-01  4.12e+05	-20.4118 93.5201 0.2302	
13.884548 286.286253	5.56e-01  7.43e-01  4.78e+05	-22.3707 65.2808 0.1106	
13.884548 286.286253	5.20e-01  7.85e-01  4.77e+05	-14.8788 68.0823 0.5445	
13.884548 286.286253	7.71e-01  8.71e-01  4.16e+05	11.5541 93.6512 0.7080	
13.884548 286.286253	6.56e-01  7.62e-01  4.55e+05	-23.6092 76.0592 0.9916	
13.884548 286.286253	6.05e-01  6.42e-01  4.89e+05	-11.6498 62.4586 0.9530	
13.884548 286.286253	6.91e-01  7.52e-01  4.50e+05	23.2918 78.1259 0.1078	
13.884548 286.286253	5.99e-01  8.29e-01  4.53e+05	17.9609 78.2939 0.4985	
13.884548 286.286253	5.89e-01  8.07e-01  4.59e+05	-18.5594 75.5609 0.3987	
13.884548 286.286253	5.51e-01  7.55e-01  4.77e+05	-10.3125 68.9963 0.2133	
13.884548 286.286253	5.84e-01  8.08e-01  4.60e+05	-11.3514 76.7142 0.6206	
13.884548 286.286253	5.09e-01  6.91e-01  5.00e+05	-11.9675 56.4688 0.6307	
13.884548 286.286253	6.72e-01  9.26e-01  4.23e+05	-11.5400 91.1448 0.6014	
13.884548 286.286253	6.85e-01  7.62e-01  4.49e+05	2.1307 81.8176 0.9104	
13.884548 286.286253	6.58e-01  8.40e-01  4.40e+05	-8.1645 85.1013 0.3353	
13.884548 286.286253	5.90e-01  7.92e-01  4.62e+05	22.1896 73.3751 0.7143	
13.884548 286.286253	4.54e-01  8.56e-01  4.76e+05	38.9209 58.4243 0.4635	
13.884548 286.286253	6.46e-01  8.68e-01  4.37e+05	11.7754 85.8133 0.9085	
13.884548 286.286253	8.27e-01  9.24e-01  4.00e+05	10.1714 99.5136 0.1061	
13.884548 286.286253	7.34e-01  9.12e-01  4.16e+05	15.6788 93.2554 0.0489	
13.884548 286.286253	4.04e-01  8.56e-01  4.87e+05	-13.5035 63.4514 0.4436	
13.884548 286.286253	6.45e-01  8.78e-01  4.36e+05	-31.8872 81.1300 0.4778	
13.884548 286.286253	5.95e-01  8.76e-01  4.45e+05	28.5511 78.5582 0.6776	
13.884548 286.286253	4.73e-01  8.98e-01  4.64e+05	2.4065 75.7498 0.0985	
13.884548 286.286253	4.85e-01  7.07e-01  5.02e+05	-12.8154 55.2672 0.0855	
13.884548 286.286253	6.52e-01  9.36e-01  4.25e+05	-39.1099 82.4931 0.7210	
13.884548 286.286253	3.98e-01  7.71e-01  5.07e+05	-15.0593 51.1842 0.3225	
13.884548 286.286253	5.10e-01  7.84e-01  4.79e+05	12.3014 67.4176 0.7306	
13.884548 286.286253	5.97e-01  7.87e-01  4.61e+05	-18.6797 74.5465 0.7810	
13.884548 286.286253	3.51e-01  7.75e-01  5.17e+05	-16.8212 43.3585 0.7202	
13.884548 286.286253	5.94e-01  7.49e-01  4.69e+05	-0.2339 73.2004 0.0735	
13.884548 286.286253	6.04e-01  7.62e-01  4.65e+05	-20.6079 72.4338 0.4356	
13.884548 286.286253	7.29e-01  9.60e-01  4.09e+05	21.3239 94.5375 0.6310	
13.884548 286.286253	5.83e-01  8.47e-01  4.53e+05	-11.2790 79.7431 0.2605	
13.884548 286.286253	5.38e-01  9.54e-01  4.41e+05	31.7144 78.9055 0.3047	
13.884548 286.286253	6.45e-01  7.71e-01  4.55e+05	13.9643 78.1599 0.8105	
13.884548 286.286253	7.05e-01  7.30e-01  4.52e+05	-24.0188 77.2530 0.5171	
13.884548 286.286253	6.80e-01  6.97e-01  4.63e+05	-36.4347 66.9800 0.4118	
13.884548 286.286253	6.65e-01  8.32e-01  4.41e+05	-49.1632 69.7717 0.6877	
13.884548 286.286253	7.19e-01  7.83e-01  4.39e+05	-43.0115 74.2080 0.3628	
13.884548 286.286253	5.13e-01  7.52e-01  4.86e+05	4.2568 65.3254 0.1699	
13.884548 286.286253	6.98e-01  9.25e-01  4.19e+05	-23.1951 90.3925 0.1418	
13.884548 286.286253	6.68e-01  8.38e-01  4.39e+05	-8.3139 85.6268 0.6668	
13.884548 286.286253	7.45e-01  9.59e-01  4.07e+05	21.4459 95.3158 0.2746	
13.884548 286.286253	5.14e-01  8.82e-01  4.59e+05	-0.1935 77.8248 0.3552	
13.884548 286.286253	6.70e-01  9.53e-01  4.19e+05	1.7437 93.2683 0.8654	
13.884548 286.286253	7.24e-01  8.97e-01  4.20e+05	-10.6343 92.5891 0.7425	
13.884548 286.286253	5.56e-01  7.32e-01  4.81e+05	23.2822 63.7729 0.5806	
13.884548 286.286253	5.92e-01  7.65e-01  4.67e+05	-23.0286 70.8538 0.5459	
13.884548 286.286253	5.70e-01  8.34e-01  4.57e+05	-19.5069 76.0330 0.4127	
13.884548 286.286253	5.39e-01  9.13e-01  4.48e+05	-7.7310 81.8671 0.0516	
13.884548 286.286253	7.72e-01  9.08e-01  4.10e+05	-14.1913 95.3876 0.2853	
13.884548 286.286253	6.63e-01  7.74e-01  4.51e+05	-17.3118 79.2335 0.4176	
13.884548 286.286253	7.06e-01  9.07e-01  4.21e+05	29.2036 87.9994 0.5137	
13.884548 286.286253	6.56e-01  8.48e-01  4.39e+05	-15.1362 84.6005 0.0083	
13.884548 286.286253	7.18e-01  9.40e-01  4.14e+05	-18.1275 93.4755 0.6204	
13.884548 286.286253	7.09e-01  8.48e-01  4.30e+05	-18.3059 87.4502 0.4424	
13.884548 286.286253	5.08e-01  7.74e-01  4.82e+05	-47.5255 47.6581 0.3032	
13.884548 286.286253	6.71e-01  9.30e-01  4.23e+05	-3.9413 91.9340 0.3259	
13.884548 286.286253	4.63e-01  8.36e-01  4.78e+05	32.0381 61.1462 0.5691	
13.884548 286.286253	5.80e-01  7.69e-01  4.68e+05	-33.3641 65.7792 0.8298	
13.884548 286.286253	7.49e-01  9.18e-01  4.12e+05	27.4101 91.7242 0.4968	
13.884548 286.286253	4.59e-01  8.91e-01  4.68e+05	-15.3208 72.3081 0.4759	
13.884548 286.286253	5.75e-01  8.04e-01  4.62e+05	-10.5540 75.6695 0.5791	
13.884548 286.286253	7.39e-01  8.37e-01  4.27e+05	25.2067 86.9148 0.8328	
13.884548 286.286253	7.34e-01  8.63e-01  4.24e+05	51.4838 75.9588 0.5027	
13.884548 286.286253	5.36e-01  8.67e-01  4.58e+05	-18.0429 76.3482 0.2060	
13.884548 286.286253	5.55e-01  8.50e-01  4.57e+05	20.8587 75.7941 0.9782	
13.884548 286.286253	5.83e-01  7.98e-01  4.62e+05	-29.4915 70.6299 0.9188	
13.884548 286.286253	5.88e-01  9.36e-01  4.36e+05	29.3314 82.1984 0.0425	
13.884548 286.286253	5.17e-01  7.00e-01  4.96e+05	17.1675 57.4168 0.4507	
13.884548 286.286253	5.18e-01  7.49e-01  4.85e+05	24.7844 60.8883 0.6496	
13.884548 286.286253	7.86e-01  9.18e-01  4.07e+05	-26.8798 93.9548 0.5525	
13.884548 286.286253	5.10e-01  9.47e-01  4.48e+05	4.1844 82.4490 0.9131	
13.884548 286.286253	5.27e-01  8.08e-01  4.71e+05	-27.6812 67.0471 0.1642	
13.884548 286.286253	6.50e-01  8.97e-01  4.32e+05	-20.2315 86.3726 0.9704	
13.884548 286.286253	5.74e-01  9.38e-01  4.38e+05	-7.5031 86.0806 0.3730	
13.884548 286.286253	5.06e-01  7.69e-01  4.83e+05	-12.4919 65.3546 0.0436	
13.884548 286.286253	4.67e-01  8.30e-01  4.79e+05	10.1125 68.0992 0.0742	
13.884548 286.286253	7.05e-01  8.56e-01  4.29e+05	-14.9338 88.3643 0.3656	
13.884548 286.286253	6.44e-01  7.58e-01  4.58e+05	-21.4393 75.3074 0.0939	
13.884548 286.286253	5.53e-01  8.31e-01  4.61e+05	-9.4143 76.2262 0.1825	
13.884548 286.286253	6.69e-01  7.97e-01  4.46e+05	24.5656 79.4675 0.1585	
13.884548 286.286253	5.48e-01  8.41e-01  4.60e+05	33.5352 69.5765 0.6085	
13.884548 286.286253	5.42e-01  9.81e-01  4.36e+05	8.7894 86.7535 0.2108	
13.884548 286.286253	5.64e-01  7.81e-01  4.69e+05	16.8298 71.4979 0.4043	
13.884548 286.286253	6.06e-01  9.10e-01  4.37e+05	-12.0415 85.8309 0.4149	
13.884548 286.286253	5.78e-01  7.23e-01  4.78e+05	-26.0464 64.1901 0.6003	
13.884548 286.286253	7.07e-01  8.97e-01  4.22e+05	12.9272 91.3121 0.1014	
13.884548 286.286253	6.15e-01  8.09e-01  4.54e+05	2.9447 79.9768 0.5483	
13.884548 286.286253	7.31e-01  7.69e-01  4.40e+05	25.2457 81.8134 0.0162	
13.884548 286.286253	6.61e-01  7.97e-01  4.47e+05	24.5826 78.8620 0.7950	
13.884548 286.286253	6.75e-01  8.71e-01  4.32e+05	-5.9249 88.4861 0.8494	
13.884548 286.286253	7.71e-01  9.07e-01  4.11e+05	38.0849 88.5149 0.9310	
13.884548 286.286253	5.92e-01  7.79e-01  4.64e+05	6.1355 75.5045 0.6117	
13.884548 286.286253	8.39e-01  9.36e-01  3.96e+05	28.2958 97.1789 0.9562	
13.884548 286.286253	5.95e-01  8.06e-01  4.58e+05	35.6192 69.6274 0.7266	
13.884548 286.286253	5.46e-01  9.26e-01  4.45e+05	11.8965 82.7873 0.1516	
13.884548 286.286253	4.58e-01  9.49e-01  4.57e+05	-15.8534 77.0836 0.3215	
13.884548 286.286253	6.40e-01  8.79e-01  4.37e+05	44.7045 74.4813 0.3570	
13.884548 286.286253	5.09e-01  9.61e-01  4.45e+05	5.3014 83.3254 0.3607	
13.884548 286.286253	5.08e-01  7.35e-01  4.90e+05	28.1617 56.4552 0.3836	
13.884548 286.286253	4.57e-01  8.80e-01  4.71e+05	7.2964 72.2965 0.3274	
13.884548 286.286253	7.04e-01  8.98e-01  4.23e+05	6.7565 91.8494 0.8273	
13.884548 286.286253	6.69e-01  8.23e-01  4.41e+05	-10.9354 84.3364 0.7277	
13.884548 286.286253	5.77e-01  8.42e-01  4.55e+05	9.8826 79.0436 0.4443	
13.884548 286.286253	5.79e-01  8.60e-01  4.51e+05	-38.3187 71.6618 0.2410	
13.884548 286.286253	7.09e-01  8.08e-01  4.37e+05	12.9503 85.8606 0.1823	
13.884548 286.286253	6.68e-01  7.30e-01  4.59e+05	33.0265 70.6573 0.1591	
13.884548 286.286253	6.43e-01  8.64e-01  4.39e+05	22.5782 83.0978 0.6836	
13.884548 286.286253	5.87e-01  7.59e-01  4.69e+05	31.1771 66.5621 0.4397	
13.884548 286.286253	5.56e-01  6.26e-01  5.04e+05	-15.3672 53.1925 0.8172	
13.884548 286.286253	5.60e-01  8.65e-01  4.53e+05	24.6236 76.2908 0.5530	
13.884548 286.286253	4.03e-01  8.20e-01  4.95e+05	20.2582 57.1901 0.5057	
13.884548 286.286253	7.01e-01  8.60e-01  4.29e+05	-13.0748 88.6523 0.8934	
13.884548 286.286253	6.47e-01  8.78e-01  4.36e+05	-15.1414 85.9328 0.7803	
13.884548 286.286253	6.29e-01  7.61e-01  4.60e+05	43.3802 64.0091 0.0412	
13.884548 286.286253	6.70e-01  7.83e-01  4.48e+05	-3.1189 82.2826 0.4103	
13.884548 286.286253	5.50e-01  7.94e-01  4.69e+05	-21.4046 70.2097 0.7446	
13.884548 286.286253	7.61e-01  8.58e-01  4.20e+05	-32.9447 87.0365 0.4502	
13.884548 286.286253	4.77e-01  7.13e-01  5.02e+05	8.7158 55.7031 0.5868	
13.884548 286.286253	7.24e-01  8.22e-01  4.32e+05	-0.0231 88.6124 0.6130	
13.884548 286.286253	6.66e-01  8.47e-01  4.38e+05	-14.0395 85.3204 0.7637	
13.884548 286.286253	5.87e-01  8.58e-01  4.50e+05	-1.1927 81.7148 0.5612	
13.884548 286.286253	7.93e-01  8.17e-01  4.21e+05	25.2236 89.0656 0.9136	
13.884548 286.286253	5.41e-01  7.11e-01  4.88e+05	-10.3720 63.2059 0.7754	
13.884548 286.286253	5.88e-01  8.80e-01  4.46e+05	21.1895 80.6083 0.6621	
13.884548 286.286253	5.18e-01  9.55e-01  4.45e+05	-15.6354 82.2529 0.0461	
13.884548 286.286253	5.62e-01  8.32e-01  4.59e+05	20.2137 74.9590 0.0589	
13.884548 286.286253	6.10e-01  8.39e-01  4.49e+05	-6.5903 81.6731 0.9580	
13.884548 286.286253	6.46e-01  9.35e-01  4.26e+05	24.6913 87.3740 0.8439	
13.884548 286.286253	7.27e-01  9.29e-01  4.14e+05	-24.8702 91.8645 0.5043	
13.884548 286.286253	7.37e-01  9.49e-01  4.09e+05	-19.1545 94.8778 0.2306	
13.884548 286.286253	7.00e-01  9.42e-01  4.16e+05	29.3780 89.7351 0.2901	
13.884548 286.286253	7.84e-01  8.69e-01  4.14e+05	1.9062 94.9763 0.8650	
13.884548 286.286253	4.72e-01  6.93e-01  5.08e+05	2.2068 52.8611 0.2606	
13.884548 286.286253	5.63e-01  8.02e-01  4.65e+05	-9.0300 74.7150 0.3989	
13.884548 286.286253	5.22e-01  8.30e-01  4.67e+05	1.9767 74.0621 0.9826	
13.884548 286.286253	5.06e-01  8.16e-01  4.74e+05	-12.4667 70.2076 0.5139	
13.884548 286.286253	6.45e-01  7.46e-01  4.60e+05	-3.6751 77.3199 0.3204	
13.884548 286.286253	7.73e-01  8.42e-01  4.20e+05	-22.1292 90.2128 0.7466	
13.884548 286.286253	6.27e-01  7.56e-01  4.62e+05	3.3661 76.6582 0.4335	
13.884548 286.286253	5.92e-01  8.52e-01  4.50e+05	22.1548 78.5902 0.6072	
13.884548 286.286253	6.15e-01  7.17e-01  4.72e+05	-2.3436 72.1935 0.2929	
13.884548 286.286253	7.71e-01  8.49e-01  4.20e+05	-42.0948 83.0857 0.7129	
13.884548 286.286253	6.28e-01  9.55e-01  4.26e+05	-21.3317 88.4134 0.5144	
13.884548 286.286253	6.86e-01  8.66e-01  4.31e+05	-1.0855 89.0329 0.4517	
13.884548 286.286253	7.16e-01  9.16e-01  4.18e+05	-7.1762 93.5324 0.2164	
13.884548 286.286253	6.65e-01  7.76e-01  4.50e+05	36.8209 72.6172 0.1160	
13.884548 286.286253	5.98e-01  8.85e-01  4.43e+05	9.4694 83.9065 0.8595	
13.884548 286.286253	6.87e-01  8.16e-01  4.39e+05	46.7445 71.9936 0.4524	
13.884548 286.286253	6.65e-01  8.99e-01  4.29e+05	0.0697 89.8331 0.2263	
13.884548 286.286253	6.54e-01  9.64e-01  4.20e+05	10.0391 92.4927 0.8418	
13.884548 286.286253	6.77e-01  7.42e-01  4.55e+05	-17.0471 77.7939 0.9742	
13.884548 286.286253	5.97e-01  8.61e-01  4.47e+05	21.6106 79.7877 0.0604	
13.884548 286.286253	5.41e-01  7.84e-01  4.73e+05	-10.3969 70.8069 0.7573	
13.884548 286.286253	7.75e-01  8.01e-01  4.27e+05	2.3120 90.4852 0.8225	
13.884548 286.286253	6.19e-01  7.92e-01  4.56e+05	1.9716 78.9945 0.9114	
13.884548 286.286253	6.21e-01  7.39e-01  4.66e+05	4.7626 74.6635 0.1065	
13.884548 286.286253	6.70e-01  8.13e-01  4.43e+05	37.9783 75.4290 0.8030	
13.884548 286.286253	6.33e-01  8.08e-01  4.50e+05	-24.6705 77.5557 0.6860	
13.884548 286.286253	7.87e-01  9.69e-01  3.99e+05	-6.6213 100.0389 0.1252	
13.884548 286.286253	7.37e-01  9.86e-01  4.04e+05	31.3377 93.5225 0.4615	
13.884548 286.286253	3.72e-01  7.76e-01  5.12e+05	1.6485 50.1585 0.2016	
13.884548 286.286253	8.37e-01  8.87e-01  4.04e+05	11.8234 97.9643 0.5738	
13.884548 286.286253	6.86e-01  7.96e-01  4.43e+05	-26.1181 80.2525 0.4212	
13.884548 286.286253	6.57e-01  7.72e-01  4.53e+05	1.1009 80.4514 0.1898	
13.884548 286.286253	7.67e-01  8.19e-01  4.25e+05	15.5955 89.8162 0.9219	
13.884548 286.286253	5.14e-01  8.52e-01  4.65e+05	55.1353 51.2056 0.5813	
13.884548 286.286253	7.56e-01  8.86e-01  4.16e+05	35.8851 87.2824 0.3989	
13.884548 286.286253	7.57e-01  8.82e-01  4.17e+05	5.9206 94.0360 0.6432	
13.884548 286.286253	7.22e-01  7.84e-01  4.39e+05	5.5747 85.7965 0.3125	
13.884548 286.286253	4.83e-01  8.00e-01  4.82e+05	20.5093 64.2244 0.5535	
13.884548 286.286253	5.62e-01  7.65e-01  4.73e+05	29.5816 65.3693 0.9595	
13.884548 286.286253	6.63e-01  8.18e-01  4.43e+05	-10.9320 83.6038 0.2156	
13.884548 286.286253	6.35e-01  6.82e-01  4.75e+05	1.1052 70.7578 0.6745	
13.884548 286.286253	6.72e-01  8.62e-01  4.34e+05	-25.8842 83.9616 0.1820	
13.884548 286.286253	6.47e-01  8.86e-01  4.34e+05	20.4940 85.4310 0.4901	
13.884548 286.286253	7.52e-01  9.14e-01  4.12e+05	3.3438 95.6376 0.8337	
13.884548 286.286253	7.11e-01  8.73e-01  4.26e+05	8.9528 90.5968 0.4063	
13.884548 286.286253	7.11e-01  8.15e-01  4.35e+05	-23.8064 84.0258 0.4156	
13.884548 286.286253	7.65e-01  8.70e-01  4.17e+05	-14.3059 92.8934 0.7492	
13.884548 286.286253	5.31e-01  8.29e-01  4.66e+05	10.6096 74.0545 0.1042	
13.884548 286.286253	6.59e-01  6.81e-01  4.70e+05	-29.7168 66.6518 0.5566	
13.884548 286.286253	5.98e-01  8.53e-01  4.49e+05	19.7041 79.6861 0.6210	
13.884548 286.286253	7.10e-01  9.08e-01  4.20e+05	18.7601 91.1068 0.1600	
13.884548 286.286253	7.38e-01  9.32e-01  4.12e+05	25.8662 92.3284 0.1544	
13.884548 286.286253	6.63e-01  8.84e-01  4.32e+05	-35.0213 81.5277 0.9183	
13.884548 286.286253	6.51e-01  7.14e-01  4.65e+05	-0.8337 75.1848 0.0634	
13.884548 286.286253	7.68e-01  8.94e-01  4.13e+05	-25.2395 92.0786 0.8796	
13.884548 286.286253	6.05e-01  7.76e-01  4.62e+05	45.5116 61.6099 0.5950	
13.884548 286.286253	5.09e-01  6.62e-01  5.07e+05	21.2443 49.2203 0.5630	
13.884548 286.286253	6.36e-01  8.22e-01  4.47e+05	-22.0495 79.6077 0.2525	
13.884548 286.286253	4.98e-01  8.00e-01  4.78e+05	-11.6822 68.0163 0.1353	
13.884548 286.286253	5.27e-01  9.21e-01  4.49e+05	-9.3506 81.3575 0.6711	
13.884548 286.286253	6.81e-01  8.89e-01  4.28e+05	-1.2497 90.1677 0.1686	
13.884548 286.286253	5.68e-01  9.63e-01  4.35e+05	11.2623 86.9589 0.4866	
13.884548 286.286253	6.60e-01  9.26e-01  4.25e+05	15.7885 89.7331 0.7177	
13.884548 286.286253	6.14e-01  8.80e-01  4.41e+05	36.4272 77.0113 0.3263	
13.884548 286.286253	5.73e-01  8.36e-01  4.56e+05	-3.8219 78.8417 0.1785	
13.884548 286.286253	4.87e-01  7.55e-01  4.90e+05	0.0157 62.9254 0.6733	
13.884548 286.286253	7.19e-01  8.99e-01  4.20e+05	9.5718 92.4993 0.4363	
13.884548 286.286253	6.92e-01  8.70e-01  4.29e+05	-41.7217 79.4031 0.5442	
13.884548 286.286253	5.24e-01  6.84e-01  4.98e+05	4.9972 58.5759 0.3469	
13.884548 286.286253	6.11e-01  8.26e-01  4.51e+05	0.0811 81.0343 0.9270	
13.884548 286.286253	7.47e-01  8.83e-01  4.18e+05	-6.2033 93.4639 0.7595	
13.884548 286.286253	5.81e-01  8.85e-01  4.46e+05	23.2128 79.9204 0.7659	
13.884548 286.286253	5.80e-01  8.08e-01  4.60e+05	-6.3899 76.9596 0.4600	
13.884548 286.286253	7.89e-01  9.32e-01  4.04e+05	30.7918 93.6309 0.8955	
13.884548 286.286253	6.69e-01  8.45e-01  4.38e+05	23.2262 83.3571 0.3830	
13.884548 286.286253	6.17e-01  7.59e-01  4.63e+05	19.4816 73.5957 0.6564	
13.884548 286.286253	6.10e-01  9.02e-01  4.38e+05	8.4051 86.0396 0.3703	
13.884548 286.286253	4.57e-01  9.40e-01  4.59e+05	16.2222 76.2555 0.9385	
13.884548 286.286253	5.90e-01  9.15e-01  4.39e+05	-8.5672 85.5305 0.6221	
13.884548 286.286253	6.88e-01  8.72e-01  4.29e+05	11.2673 88.8618 0.3785	
13.884548 286.286253	5.57e-01  8.49e-01  4.57e+05	-4.8893 78.4982 0.1284	
13.884548 286.286253	5.99e-01  9.02e-01  4.40e+05	1.2975 85.7027 0.0562	
13.884548 286.286253	6.97e-01  8.15e-01  4.38e+05	28.8729 81.4478 0.9676	
13.884548 286.286253	6.69e-01  8.54e-01  4.36e+05	-6.0175 86.9691 0.5698	
13.884548 286.286253	5.93e-01  8.21e-01  4.55e+05	-0.5981 79.3544 0.2233	
13.884548 286.286253	5.71e-01  8.22e-01  4.60e+05	-23.3769 73.9488 0.5521	
13.884548 286.286253	5.97e-01  9.35e-01  4.34e+05	36.8235 79.6997 0.3637	
13.884548 286.286253	9.35e-01  9.57e-01  3.80e+05	14.7440 105.3126 0.3308	
13.884548 286.286253	5.99e-01  8.05e-01  4.57e+05	13.5038 77.3192 0.7347	
13.884548 286.286253	5.99e-01  8.41e-01  4.51e+05	-36.2003 72.7650 0.0415	
13.884548 286.286253	6.86e-01  7.64e-01  4.49e+05	17.5114 80.1561 0.5544	
13.884548 286.286253	4.67e-01  7.00e-01  5.07e+05	4.0710 53.0340 0.1590	
13.884548 286.286253	6.70e-01  8.03e-01  4.45e+05	0.1279 83.7555 0.8254	
13.884548 286.286253	8.71e-01  9.14e-01  3.95e+05	22.9627 99.0083 0.8518	
13.884548 286.286253	7.29e-01  9.05e-01  4.18e+05	-9.1178 93.4791 0.1534	
13.884548 286.286253	4.59e-01  9.56e-01  4.56e+05	-12.3686 78.3325 0.8226	
13.884548 286.286253	7.64e-01  8.50e-01  4.21e+05	32.8492 86.7604 0.5045	
13.884548 286.286253	6.26e-01  9.92e-01  4.20e+05	18.8965 91.0886 0.2259	
13.884548 286.286253	8.43e-01  8.58e-01  4.07e+05	2.6466 97.4793 0.8693	
13.884548 286.286253	6.42e-01  8.77e-01  4.37e+05	-12.4619 86.0239 0.4937	
13.884548 286.286253	6.08e-01  8.54e-01  4.47e+05	-2.7661 82.8681 0.1520	
13.884548 286.286253	5.32e-01  8.95e-01  4.53e+05	-34.7300 72.4099 0.5212	
13.884548 286.286253	7.08e-01  8.31e-01  4.33e+05	-12.9803 87.2844 0.8123	
13.884548 286.286253	6.77e-01  8.93e-01  4.28e+05	-0.5391 90.1385 0.8504	
13.884548 286.286253	7.18e-01  8.16e-01  4.34e+05	-11.6214 87.0999 0.5634	
13.884548 286.286253	8.03e-01  9.05e-01  4.06e+05	-21.1574 95.5790 0.5621	
13.884548 286.286253	5.47e-01  8.52e-01  4.58e+05	28.9569 72.5442 0.8992	
13.884548 286.286253	6.82e-01  9.47e-01  4.18e+05	-59.2935 72.4538 0.0480	
13.884548 286.286253	5.68e-01  7.51e-01  4.74e+05	37.3094 60.4149 0.7430	
13.884548 286.286253	6.53e-01  8.87e-01  4.33e+05	29.9861 83.0211 0.7640	
13.884548 286.286253	6.37e-01  8.17e-01  4.48e+05	-44.6339 69.1380 0.5092	
13.884548 286.286253	7.11e-01  8.39e-01  4.31e+05	14.2597 87.7601 0.7803	
13.884548 286.286253	7.44e-01  9.33e-01  4.11e+05	-22.4020 93.6614 0.2510	
13.884548 286.286253	5.26e-01  9.13e-01  4.51e+05	17.1702 79.3935 0.4336	
13.884548 286.286253	7.28e-01  7.99e-01  4.35e+05	30.2126 82.0465 0.0770	
13.884548 286.286253	6.51e-01  8.67e-01  4.37e+05	-5.2983 86.6347 0.8451	
13.884548 286.286253	6.91e-01  9.23e-01  4.21e+05	1.4386 92.7966 0.3009	
13.884548 286.286253	6.88e-01  9.17e-01  4.22e+05	29.7059 87.3729 0.4679	
13.884548 286.286253	5.01e-01  7.74e-01  4.83e+05	8.3909 66.0348 0.6124	
13.884548 286.286253	6.61e-01  7.28e-01  4.60e+05	-17.4709 75.2876 0.7021	
13.884548 286.286253	5.75e-01  7.78e-01  4.67e+05	6.5728 73.8668 0.0450	
13.884548 286.286253	5.64e-01  8.02e-01  4.65e+05	-0.5103 75.3214 0.7705	
13.884548 286.286253	5.62e-01  8.91e-01  4.48e+05	12.9441 81.2527 0.3003	
13.884548 286.286253	4.91e-01  7.69e-01  4.87e+05	14.0759 63.3397 0.8549	
