0.511229 277.380786	4.65e-01  7.26e-01  2.03e+05	0.0000 40.1875 0.5945	
0.511229 277.380786	4.12e-01  8.05e-01  2.01e+05	7.7951 41.8588 0.4285	
0.511229 277.380786	3.78e-01  9.62e-01  1.90e+05	-7.4363 51.3571 0.5469	
0.511229 277.380786	5.09e-01  7.95e-01  1.93e+05	-2.0453 49.4157 0.7591	
0.511229 277.380786	4.52e-01  8.97e-01  1.89e+05	-16.9044 49.6990 0.3033	
0.511229 277.380786	5.03e-01  7.85e-01  1.94e+05	9.0383 47.4976 0.4742	
0.511229 277.380786	4.67e-01  8.23e-01  1.94e+05	29.1694 38.6902 0.2808	
0.511229 277.380786	5.71e-01  8.94e-01  1.80e+05	-9.8825 58.3036 0.6748	
0.511229 277.380786	3.35e-01  8.03e-01  2.08e+05	11.0180 32.7863 0.4096	
0.511229 277.380786	4.92e-01  7.72e-01  1.96e+05	-18.4185 42.7194 0.0027	
0.511229 277.380786	3.01e-01  8.84e-01  2.04e+05	19.1999 34.6299 0.0762	
0.511229 277.380786	4.01e-01  8.75e-01  1.95e+05	-12.6203 45.6778 0.1346	
0.511229 277.380786	5.82e-01  7.48e-01  1.91e+05	5.2046 50.9624 0.4548	
0.511229 277.380786	4.68e-01  8.97e-01  1.88e+05	-6.1729 53.1153 0.1850	
0.511229 277.380786	4.79e-01  6.56e-01  2.08e+05	1.6276 34.2863 0.0546	
0.511229 277.380786	7.82e-01  8.84e-01  1.67e+05	9.1690 67.4474 0.1342	
0.511229 277.380786	4.55e-01  8.95e-01  1.89e+05	6.8704 52.0398 0.0794	
0.511229 277.380786	6.54e-01  7.04e-01  1.89e+05	-18.8290 49.5805 0.3954	
0.511229 277.380786	4.14e-01  9.61e-01  1.87e+05	31.7863 43.8307 0.7352	
0.511229 277.380786	4.32e-01  8.77e-01  1.93e+05	10.6513 48.6832 0.9078	
0.511229 277.380786	6.62e-01  7.36e-01  1.85e+05	-19.7866 51.8023 0.4376	
0.511229 277.380786	4.18e-01  9.42e-01  1.88e+05	22.4943 48.1472 0.6359	
0.511229 277.380786	4.21e-01  9.41e-01  1.88e+05	14.5914 51.2345 0.5856	
0.511229 277.380786	5.18e-01  9.26e-01  1.82e+05	9.4890 57.2089 0.9463	
0.511229 277.380786	4.50e-01  9.20e-01  1.88e+05	3.7902 53.6935 0.6312	
0.511229 277.380786	3.82e-01  6.85e-01  2.15e+05	-5.2343 24.0260 0.7124	
0.511229 277.380786	5.35e-01  8.03e-01  1.90e+05	16.3474 49.0769 0.1561	
0.511229 277.380786	5.80e-01  7.77e-01  1.89e+05	27.3904 45.3205 0.5186	
0.511229 277.380786	4.40e-01  7.55e-01  2.03e+05	-24.8490 31.9575 0.8476	
0.511229 277.380786	6.95e-01  8.85e-01  1.72e+05	1.7453 64.5568 0.0942	
0.511229 277.380786	5.03e-01  8.99e-01  1.85e+05	-2.8408 55.6126 0.0078	
0.511229 277.380786	6.85e-01  7.94e-01  1.79e+05	-3.4345 59.7232 0.6619	
0.511229 277.380786	4.67e-01  7.89e-01  1.97e+05	-20.3324 41.0521 0.5181	
0.511229 277.380786	4.05e-01  8.65e-01  1.96e+05	-20.4895 42.2386 0.1215	
0.511229 277.380786	5.56e-01  5.77e-01  2.08e+05	-13.5536 31.2135 0.9466	
0.511229 277.380786	4.30e-01  9.27e-01  1.89e+05	1.3109 52.9966 0.6983	
0.511229 277.380786	6.81e-01  8.34e-01  1.77e+05	-15.4407 59.6377 0.2641	
0.511229 277.380786	2.76e-01  8.93e-01  2.05e+05	5.7268 37.5959 0.0372	
0.511229 277.380786	7.62e-01  8.36e-01  1.71e+05	-16.8063 63.0932 0.1295	
0.511229 277.380786	2.86e-01  8.23e-01  2.11e+05	-6.6091 30.1786 0.1249	
0.511229 277.380786	5.07e-01  8.56e-01  1.88e+05	-15.9069 50.9063 0.5151	
0.511229 277.380786	5.28e-01  8.58e-01  1.86e+05	-14.3594 52.8713 0.2061	
0.511229 277.380786	6.04e-01  6.70e-01  1.96e+05	-6.6529 46.7736 0.5156	
0.511229 277.380786	6.41e-01  8.68e-01  1.77e+05	-8.7296 60.7088 0.0258	
0.511229 277.380786	5.92e-01  6.84e-01  1.95e+05	-6.4504 46.9791 0.6781	
0.511229 277.380786	5.15e-01  6.83e-01  2.02e+05	-4.2672 40.5828 0.3776	
0.511229 277.380786	5.14e-01  6.62e-01  2.04e+05	4.6820 38.4421 0.7945	
0.511229 277.380786	5.19e-01  6.70e-01  2.03e+05	-6.5275 39.4696 0.6741	
0.511229 277.380786	6.55e-01  6.88e-01  1.90e+05	27.2525 44.4097 0.0066	
0.511229 277.380786	4.68e-01  7.43e-01  2.01e+05	2.9147 41.9552 0.8323	
0.511229 277.380786	4.29e-01  6.79e-01  2.11e+05	18.6385 24.5674 0.7706	
0.511229 277.380786	5.11e-01  7.16e-01  2.00e+05	4.2002 43.2197 0.3944	
0.511229 277.380786	6.42e-01  7.27e-01  1.88e+05	11.2429 52.4915 0.2317	
0.511229 277.380786	4.18e-01  7.74e-01  2.03e+05	-15.2779 37.2908 0.1751	
0.511229 277.380786	3.21e-01  9.71e-01  1.94e+05	6.6486 48.1138 0.4781	
0.511229 277.380786	5.28e-01  9.19e-01  1.82e+05	-6.5039 57.7974 0.4857	
0.511229 277.380786	4.77e-01  7.91e-01  1.96e+05	-7.3064 46.2326 0.3971	
0.511229 277.380786	5.72e-01  7.08e-01  1.95e+05	-11.9723 46.2020 0.2272	
0.511229 277.380786	5.37e-01  9.22e-01  1.81e+05	-21.3313 54.7789 0.8161	
0.511229 277.380786	3.87e-01  8.13e-01  2.02e+05	-25.4279 32.2882 0.7416	
0.511229 277.380786	6.28e-01  7.01e-01  1.91e+05	-16.8175 48.3267 0.6751	
0.511229 277.380786	3.71e-01  7.93e-01  2.06e+05	-4.2863 37.2377 0.1554	
0.511229 277.380786	4.77e-01  7.57e-01  1.99e+05	-4.7560 43.8137 0.2512	
0.511229 277.380786	3.26e-01  8.28e-01  2.06e+05	9.3642 35.1605 0.3263	
0.511229 277.380786	2.75e-01  8.73e-01  2.07e+05	-6.9185 35.1087 0.2469	
0.511229 277.380786	6.82e-01  7.61e-01  1.82e+05	-21.1434 54.0014 0.0859	
0.511229 277.380786	4.51e-01  9.73e-01  1.83e+05	1.3021 56.9152 0.2325	
0.511229 277.380786	6.32e-01  8.61e-01  1.78e+05	-20.0643 57.1092 0.7107	
0.511229 277.380786	4.12e-01  9.84e-01  1.86e+05	21.0228 51.1522 0.7872	
0.511229 277.380786	6.35e-01  8.49e-01  1.79e+05	-14.5498 58.3175 0.3108	
0.511229 277.380786	3.10e-01  8.27e-01  2.08e+05	5.4765 34.0875 0.6739	
0.511229 277.380786	6.36e-01  8.12e-01  1.82e+05	-0.5487 58.2305 0.4055	
0.511229 277.380786	4.38e-01  8.20e-01  1.97e+05	-10.8962 44.6692 0.6397	
0.511229 277.380786	3.92e-01  9.54e-01  1.90e+05	25.4244 45.6624 0.2299	
0.511229 277.380786	3.77e-01  9.07e-01  1.95e+05	-7.0176 47.4510 0.4935	
0.511229 277.380786	5.46e-01  7.44e-01  1.94e+05	0.3656 48.4679 0.3170	
0.511229 277.380786	5.05e-01  7.80e-01  1.95e+05	24.1265 41.5967 0.6043	
0.511229 277.380786	5.09e-01  8.20e-01  1.91e+05	-2.0075 51.1198 0.3464	
0.511229 277.380786	3.51e-01  8.54e-01  2.02e+05	-12.2518 39.6276 0.2803	
0.511229 277.380786	6.61e-01  7.61e-01  1.84e+05	-17.7494 53.9768 0.9033	
0.511229 277.380786	5.69e-01  6.47e-01  2.01e+05	15.0764 39.7802 0.1904	
0.511229 277.380786	5.24e-01  8.16e-01  1.90e+05	-1.1184 51.8469 0.7841	
0.511229 277.380786	3.64e-01  8.16e-01  2.04e+05	25.1519 29.9519 0.4721	
0.511229 277.380786	5.95e-01  8.98e-01  1.78e+05	-30.8086 52.0874 0.8116	
0.511229 277.380786	3.42e-01  8.24e-01  2.05e+05	0.6283 37.7191 0.1960	
0.511229 277.380786	4.50e-01  7.42e-01  2.03e+05	-17.1417 36.5079 0.1667	
0.511229 277.380786	5.90e-01  8.20e-01  1.85e+05	-14.2989 54.2832 0.1786	
0.511229 277.380786	5.28e-01  7.65e-01  1.94e+05	-16.7206 45.7290 0.8817	
0.511229 277.380786	2.54e-01  9.57e-01  2.01e+05	0.9479 42.1037 0.3326	
0.511229 277.380786	4.25e-01  8.16e-01  1.98e+05	14.7457 42.1516 0.8686	
0.511229 277.380786	5.41e-01  7.17e-01  1.97e+05	-4.1725 45.7929 0.4657	
0.511229 277.380786	6.34e-01  7.10e-01  1.90e+05	-17.2989 49.2143 0.5024	
0.511229 277.380786	4.01e-01  8.56e-01  1.97e+05	6.5099 45.4367 0.9651	
0.511229 277.380786	4.94e-01  8.29e-01  1.91e+05	2.3093 50.6860 0.2012	
0.511229 277.380786	6.17e-01  6.75e-01  1.94e+05	1.8226 48.5719 0.5649	
0.511229 277.380786	4.19e-01  7.56e-01  2.04e+05	3.3286 38.4689 0.2390	
0.511229 277.380786	3.09e-01  8.82e-01  2.03e+05	10.8284 38.7623 0.1534	
0.511229 277.380786	2.98e-01  8.56e-01  2.06e+05	5.4654 35.9709 0.7044	
0.511229 277.380786	3.66e-01  8.21e-01  2.03e+05	-8.7949 38.8508 0.1569	
0.511229 277.380786	3.93e-01  7.91e-01  2.04e+05	3.6043 39.2811 0.9247	
0.511229 277.380786	6.78e-01  8.31e-01  1.77e+05	0.5222 61.3274 0.8142	
0.511229 277.380786	6.64e-01  8.96e-01  1.74e+05	-2.0618 63.6499 0.9810	
0.511229 277.380786	5.44e-01  5.71e-01  2.10e+05	2.7660 31.5690 0.1056	
0.511229 277.380786	5.29e-01  6.00e-01  2.09e+05	-13.8414 30.4032 0.8724	
0.511229 277.380786	6.95e-01  9.93e-01  1.65e+05	-10.2373 68.0969 0.3035	
0.511229 277.380786	6.82e-01  8.75e-01  1.74e+05	-11.2576 62.5668 0.0718	
0.511229 277.380786	4.83e-01  7.71e-01  1.97e+05	8.2253 44.9392 0.5937	
0.511229 277.380786	5.95e-01  8.58e-01  1.81e+05	-21.2366 54.5004 0.2831	
0.511229 277.380786	3.78e-01  9.53e-01  1.91e+05	0.0031 51.3381 0.1117	
0.511229 277.380786	4.92e-01  7.26e-01  2.01e+05	10.2799 41.4018 0.9221	
0.511229 277.380786	5.47e-01  7.08e-01  1.97e+05	19.6308 41.3617 0.3570	
0.511229 277.380786	4.16e-01  7.76e-01  2.03e+05	-2.2820 40.2225 0.0747	
0.511229 277.380786	6.47e-01  8.62e-01  1.77e+05	-13.1187 59.8827 0.8164	
0.511229 277.380786	3.03e-01  8.73e-01  2.04e+05	-5.3301 38.3479 0.6951	
0.511229 277.380786	5.81e-01  8.17e-01  1.85e+05	0.8967 55.4700 0.1627	
0.511229 277.380786	6.69e-01  7.94e-01  1.81e+05	-5.2192 58.8246 0.1320	
0.511229 277.380786	3.57e-01  8.07e-01  2.06e+05	-5.4689 37.0158 0.1358	
0.511229 277.380786	3.94e-01  8.17e-01  2.01e+05	21.8130 35.9510 0.9922	
0.511229 277.380786	3.93e-01  9.17e-01  1.92e+05	25.3290 42.9937 0.9504	
0.511229 277.380786	4.66e-01  7.85e-01  1.98e+05	14.1310 43.2076 0.2107	
0.511229 277.380786	5.33e-01  9.19e-01  1.81e+05	3.0654 58.3725 0.3499	
0.511229 277.380786	4.99e-01  7.12e-01  2.01e+05	-18.6678 37.6598 0.1089	
0.511229 277.380786	4.89e-01  7.87e-01  1.95e+05	-7.6711 46.7361 0.8114	
0.511229 277.380786	5.05e-01  8.27e-01  1.91e+05	-3.7010 51.2335 0.3250	
0.511229 277.380786	3.17e-01  8.91e-01  2.01e+05	-0.2768 41.7286 0.1070	
0.511229 277.380786	3.83e-01  9.15e-01  1.94e+05	1.6287 48.9751 0.6025	
0.511229 277.380786	4.88e-01  7.71e-01  1.97e+05	-19.3379 41.8390 0.2332	
0.511229 277.380786	4.70e-01  7.44e-01  2.01e+05	5.4068 42.0065 0.1772	
0.511229 277.380786	2.92e-01  8.41e-01  2.09e+05	15.1935 30.4210 0.0435	
0.511229 277.380786	2.48e-01  8.43e-01  2.13e+05	14.6893 24.2620 0.5330	
0.511229 277.380786	6.21e-01  7.68e-01  1.86e+05	-11.0371 53.7664 0.6026	
0.511229 277.380786	5.02e-01  9.16e-01  1.84e+05	-5.0479 56.3281 0.1898	
0.511229 277.380786	6.62e-01  7.79e-01  1.82e+05	-22.6097 53.2865 0.5807	
0.511229 277.380786	3.12e-01  7.91e-01  2.11e+05	2.2142 30.0454 0.7652	
0.511229 277.380786	4.82e-01  7.41e-01  2.00e+05	-4.2044 42.9163 0.7782	
0.511229 277.380786	6.68e-01  8.22e-01  1.79e+05	22.1906 56.1345 0.4517	
0.511229 277.380786	5.53e-01  6.95e-01  1.98e+05	0.5834 45.2110 0.8980	
0.511229 277.380786	5.07e-01  6.86e-01  2.03e+05	-1.8566 40.3215 0.1325	
0.511229 277.380786	5.88e-01  7.73e-01  1.88e+05	-7.6918 52.6431 0.6133	
0.511229 277.380786	5.47e-01  5.90e-01  2.08e+05	10.6678 32.6634 0.4891	
0.511229 277.380786	5.84e-01  6.03e-01  2.03e+05	5.3204 39.4591 0.8324	
0.511229 277.380786	4.25e-01  7.99e-01  2.00e+05	-4.9962 42.9034 0.0803	
0.511229 277.380786	3.09e-01  8.25e-01  2.08e+05	-11.3992 32.1518 0.0468	
0.511229 277.380786	4.04e-01  7.14e-01  2.10e+05	12.1320 29.7924 0.0354	
0.511229 277.380786	3.67e-01  8.05e-01  2.05e+05	15.9543 34.8111 0.7867	
0.511229 277.380786	5.32e-01  6.12e-01  2.07e+05	-10.8498 33.5161 0.4682	
0.511229 277.380786	6.54e-01  9.36e-01  1.72e+05	-42.8988 48.7887 0.3861	
0.511229 277.380786	6.27e-01  7.38e-01  1.88e+05	7.6615 52.9242 0.7793	
0.511229 277.380786	4.65e-01  7.15e-01  2.04e+05	12.0324 37.1917 0.4089	
0.511229 277.380786	5.80e-01  8.88e-01  1.80e+05	32.9757 49.2604 0.6755	
0.511229 277.380786	4.85e-01  7.17e-01  2.02e+05	8.5789 40.3388 0.3903	
0.511229 277.380786	6.42e-01  7.36e-01  1.87e+05	13.7696 52.5038 0.6433	
0.511229 277.380786	4.48e-01  8.16e-01  1.96e+05	19.2985 42.3163 0.0196	
0.511229 277.380786	6.76e-01  8.21e-01  1.78e+05	9.9016 59.9297 0.8752	
0.511229 277.380786	5.28e-01  9.37e-01  1.80e+05	-15.8805 56.9751 0.3810	
0.511229 277.380786	4.61e-01  7.58e-01  2.00e+05	5.5512 42.3525 0.4075	
0.511229 277.380786	4.12e-01  8.41e-01  1.97e+05	-13.2656 43.6809 0.1801	
0.511229 277.380786	5.60e-01  6.99e-01  1.97e+05	7.9612 45.4613 0.5061	
0.511229 277.380786	3.99e-01  8.23e-01  2.00e+05	3.7362 42.8844 0.1409	
0.511229 277.380786	3.66e-01  9.11e-01  1.95e+05	-6.6676 46.9593 0.4178	
0.511229 277.380786	3.63e-01  8.02e-01  2.05e+05	-9.1169 36.5293 0.9444	
0.511229 277.380786	5.14e-01  8.17e-01  1.91e+05	-18.8998 47.7282 0.1092	
0.511229 277.380786	4.28e-01  9.81e-01  1.85e+05	-4.9551 55.8415 0.4382	
0.511229 277.380786	6.80e-01  7.82e-01  1.81e+05	-5.6243 58.7250 0.3581	
0.511229 277.380786	4.63e-01  9.51e-01  1.84e+05	19.6263 52.8434 0.4784	
0.511229 277.380786	5.71e-01  6.18e-01  2.03e+05	-19.6492 34.9218 0.6844	
0.511229 277.380786	5.75e-01  7.36e-01  1.92e+05	24.8570 43.2969 0.4438	
0.511229 277.380786	4.08e-01  8.42e-01  1.98e+05	-5.0396 45.0879 0.6429	
0.511229 277.380786	7.18e-01  8.54e-01  1.73e+05	12.9360 62.8826 0.2062	
0.511229 277.380786	4.09e-01  7.27e-01  2.08e+05	9.2064 33.1816 0.5684	
0.511229 277.380786	4.55e-01  7.85e-01  1.99e+05	-9.8588 43.4737 0.0078	
0.511229 277.380786	3.58e-01  9.45e-01  1.93e+05	-19.1988 45.4602 0.3334	
0.511229 277.380786	5.19e-01  6.72e-01  2.03e+05	-15.9894 36.8712 0.3127	
0.511229 277.380786	6.26e-01  7.27e-01  1.89e+05	-8.7264 52.0206 0.3273	
0.511229 277.380786	4.61e-01  8.88e-01  1.89e+05	26.0603 45.5214 0.6019	
0.511229 277.380786	4.56e-01  9.09e-01  1.88e+05	-15.6762 51.1704 0.7221	
0.511229 277.380786	6.75e-01  9.27e-01  1.71e+05	44.3004 48.2459 0.3268	
0.511229 277.380786	4.31e-01  8.17e-01  1.98e+05	9.4649 44.1828 0.9803	
0.511229 277.380786	5.86e-01  6.96e-01  1.95e+05	12.9977 46.0051 0.5131	
0.511229 277.380786	5.38e-01  8.73e-01  1.84e+05	-13.0730 54.6676 0.0562	
0.511229 277.380786	5.91e-01  7.17e-01  1.93e+05	4.1489 49.6058 0.5568	
0.511229 277.380786	5.24e-01  6.17e-01  2.08e+05	-9.5739 33.5737 0.5606	
0.511229 277.380786	4.53e-01  7.03e-01  2.06e+05	-6.0927 36.1212 0.5832	
0.511229 277.380786	2.99e-01  8.48e-01  2.07e+05	5.9660 35.0827 0.8311	
0.511229 277.380786	5.40e-01  6.53e-01  2.03e+05	10.6540 38.9058 0.1484	
0.511229 277.380786	3.76e-01  8.92e-01  1.96e+05	21.6887 41.4393 0.5516	
0.511229 277.380786	6.57e-01  8.42e-01  1.78e+05	-26.1369 54.9091 0.0091	
0.511229 277.380786	5.28e-01  8.55e-01  1.87e+05	4.8094 54.3569 0.5760	
0.511229 277.380786	6.08e-01  7.70e-01  1.87e+05	10.2887 53.3120 0.4752	
0.511229 277.380786	4.34e-01  9.44e-01  1.87e+05	-29.7080 45.4514 0.3527	
0.511229 277.380786	5.43e-01  7.79e-01  1.91e+05	7.8556 50.1404 0.8040	
0.511229 277.380786	3.13e-01  8.48e-01  2.06e+05	6.1423 36.6109 0.3610	
0.511229 277.380786	4.53e-01  8.38e-01  1.94e+05	-20.7511 43.8796 0.2253	
0.511229 277.380786	6.30e-01  8.13e-01  1.82e+05	18.7494 54.8534 0.0303	
0.511229 277.380786	3.88e-01  7.91e-01  2.04e+05	15.9937 35.6265 0.4731	
0.511229 277.380786	3.88e-01  8.39e-01  2.00e+05	-7.7876 42.7561 0.6547	
0.511229 277.380786	4.19e-01  7.88e-01  2.02e+05	-19.2805 36.9420 0.7668	
0.511229 277.380786	5.11e-01  8.16e-01  1.91e+05	-4.6837 50.8130 0.3462	
0.511229 277.380786	5.21e-01  7.99e-01  1.92e+05	-18.2882 47.1303 0.0821	
0.511229 277.380786	6.68e-01  8.42e-01  1.77e+05	-17.0343 58.9543 0.6402	
0.511229 277.380786	5.80e-01  6.07e-01  2.03e+05	-10.6803 38.2499 0.9820	
0.511229 277.380786	7.93e-01  9.35e-01  1.63e+05	15.6060 68.5471 0.4313	
0.511229 277.380786	4.46e-01  7.01e-01  2.07e+05	-8.8160 34.4632 0.1638	
0.511229 277.380786	2.95e-01  8.33e-01  2.09e+05	23.0673 24.1568 0.0401	
0.511229 277.380786	5.31e-01  9.27e-01  1.81e+05	7.2818 58.3080 0.5937	
0.511229 277.380786	5.87e-01  6.72e-01  1.97e+05	-19.2868 41.8398 0.2384	
0.511229 277.380786	3.58e-01  8.19e-01  2.04e+05	-20.7421 32.8018 0.3201	
0.511229 277.380786	5.94e-01  8.07e-01  1.85e+05	-12.4571 54.2487 0.8788	
0.511229 277.380786	6.40e-01  9.22e-01  1.74e+05	-4.0020 63.6400 0.7960	
0.511229 277.380786	4.81e-01  8.55e-01  1.90e+05	5.7336 51.2825 0.8889	
0.511229 277.380786	5.61e-01  9.42e-01  1.78e+05	11.0384 60.0100 0.0544	
0.511229 277.380786	5.17e-01  7.36e-01  1.97e+05	-5.5450 45.2339 0.8429	
0.511229 277.380786	3.23e-01  8.77e-01  2.02e+05	-6.2387 40.6487 0.3438	
0.511229 277.380786	4.31e-01  7.33e-01  2.06e+05	1.6122 37.4462 0.1726	
0.511229 277.380786	3.00e-01  7.98e-01  2.12e+05	11.8281 26.9029 0.1456	
0.511229 277.380786	6.58e-01  8.94e-01  1.74e+05	-1.8609 63.3080 0.0273	
0.511229 277.380786	4.32e-01  8.16e-01  1.98e+05	-15.3950 42.5240 0.0692	
0.511229 277.380786	3.34e-01  9.26e-01  1.97e+05	-16.5925 43.0797 0.7754	
0.511229 277.380786	3.99e-01  7.98e-01  2.02e+05	20.4069 35.2312 0.8592	
0.511229 277.380786	4.71e-01  9.25e-01  1.86e+05	-13.7179 53.6480 0.0319	
0.511229 277.380786	2.16e-01  9.48e-01  2.06e+05	7.3944 36.7432 0.2133	
0.511229 277.380786	5.08e-01  7.02e-01  2.01e+05	7.3456 41.2992 0.9380	
0.511229 277.380786	6.70e-01  8.09e-01  1.79e+05	-15.5317 57.7482 0.6924	
0.511229 277.380786	4.15e-01  9.30e-01  1.90e+05	-22.3950 47.1925 0.3392	
0.511229 277.380786	4.64e-01  7.13e-01  2.04e+05	-0.0824 38.8662 0.2829	
0.511229 277.380786	2.70e-01  8.84e-01  2.06e+05	-6.1300 35.9087 0.9908	
0.511229 277.380786	4.45e-01  8.21e-01  1.96e+05	8.1625 45.9021 0.9266	
0.511229 277.380786	4.48e-01  9.47e-01  1.86e+05	-12.4115 53.8428 0.2661	
0.511229 277.380786	4.85e-01  7.45e-01  1.99e+05	-1.4109 43.7035 0.3223	
0.511229 277.380786	6.37e-01  7.92e-01  1.83e+05	-6.2639 56.8721 0.2330	
0.511229 277.380786	4.02e-01  7.74e-01  2.04e+05	14.2968 35.9769 0.1332	
0.511229 277.380786	3.16e-01  8.60e-01  2.04e+05	13.7107 36.2008 0.0254	
0.511229 277.380786	7.08e-01  9.25e-01  1.69e+05	7.9763 66.2786 0.9280	
0.511229 277.380786	2.87e-01  9.46e-01  1.99e+05	7.7995 43.2819 0.6393	
0.511229 277.380786	4.71e-01  8.23e-01  1.94e+05	-9.3351 47.8029 0.1886	
0.511229 277.380786	4.22e-01  7.62e-01  2.04e+05	-8.4203 38.6231 0.9758	
0.511229 277.380786	7.10e-01  9.99e-01  1.64e+05	14.7811 68.0744 0.8018	
0.511229 277.380786	4.28e-01  8.82e-01  1.93e+05	17.7963 46.5463 0.2426	
0.511229 277.380786	2.35e-01  9.46e-01  2.04e+05	-3.4709 39.0538 0.4449	
0.511229 277.380786	4.72e-01  8.08e-01  1.95e+05	13.0124 45.9339 0.0763	
0.511229 277.380786	3.77e-01  8.44e-01  2.00e+05	0.4489 42.9920 0.1119	
0.511229 277.380786	6.67e-01  7.66e-01  1.83e+05	13.6292 55.7579 0.1010	
0.511229 277.380786	3.31e-01  7.81e-01  2.11e+05	12.8767 28.5093 0.8027	
0.511229 277.380786	2.55e-01  8.47e-01  2.12e+05	17.3524 24.4951 0.9476	
0.511229 277.380786	6.55e-01  6.93e-01  1.89e+05	-22.3232 47.3921 0.0394	
0.511229 277.380786	5.18e-01  7.04e-01  2.00e+05	-7.1887 42.4039 0.7764	
0.511229 277.380786	4.43e-01  7.67e-01  2.01e+05	3.1235 41.8067 0.5202	
0.511229 277.380786	4.54e-01  8.83e-01  1.90e+05	-7.4610 51.1362 0.0763	
0.511229 277.380786	3.65e-01  8.24e-01  2.03e+05	-9.4030 38.8697 0.2946	
0.511229 277.380786	6.44e-01  8.74e-01  1.77e+05	-28.3644 54.8735 0.8764	
0.511229 277.380786	4.66e-01  7.58e-01  2.00e+05	-17.1808 39.6359 0.7441	
0.511229 277.380786	4.36e-01  6.77e-01  2.11e+05	-1.0601 31.4362 0.6549	
0.511229 277.380786	4.05e-01  6.90e-01  2.12e+05	1.6762 28.9210 0.3678	
0.511229 277.380786	3.79e-01  8.15e-01  2.03e+05	-0.2047 40.4646 0.4888	
0.511229 277.380786	4.10e-01  9.14e-01  1.91e+05	28.1475 42.3867 0.2103	
0.511229 277.380786	3.81e-01  8.85e-01  1.96e+05	-7.5396 45.9804 0.4788	
0.511229 277.380786	5.45e-01  8.09e-01  1.89e+05	18.9524 49.2981 0.0122	
0.511229 277.380786	6.09e-01  9.39e-01  1.75e+05	-15.4595 61.1833 0.6306	
0.511229 277.380786	4.92e-01  9.61e-01  1.81e+05	3.5994 58.3960 0.5570	
0.511229 277.380786	4.49e-01  9.65e-01  1.84e+05	-24.4353 50.7999 0.7931	
0.511229 277.380786	6.16e-01  9.46e-01  1.74e+05	9.5846 63.0216 0.0699	
0.511229 277.380786	7.54e-01  9.24e-01  1.66e+05	-1.1385 68.4827 0.1011	
0.511229 277.380786	5.88e-01  8.54e-01  1.82e+05	19.9568 54.3607 0.2929	
0.511229 277.380786	4.77e-01  7.08e-01  2.04e+05	-2.9844 39.4558 0.7750	
0.511229 277.380786	2.86e-01  9.84e-01  1.96e+05	7.6567 46.3676 0.1549	
0.511229 277.380786	4.51e-01  9.33e-01  1.87e+05	9.7632 53.7559 0.3560	
0.511229 277.380786	5.10e-01  6.78e-01  2.03e+05	-2.7358 39.7627 0.5609	
0.511229 277.380786	4.42e-01  7.95e-01  1.99e+05	-1.7756 44.3303 0.7238	
0.511229 277.380786	5.36e-01  7.58e-01  1.94e+05	18.4446 45.0694 0.2623	
0.511229 277.380786	5.46e-01  8.35e-01  1.87e+05	-21.2636 50.1019 0.5299	
0.511229 277.380786	4.47e-01  8.91e-01  1.90e+05	-2.6671 51.7294 0.6887	
0.511229 277.380786	5.04e-01  9.41e-01  1.82e+05	-10.0214 57.2254 0.0836	
0.511229 277.380786	5.34e-01  9.40e-01  1.80e+05	10.4008 58.6775 0.2724	
0.511229 277.380786	3.40e-01  7.85e-01  2.09e+05	1.5033 33.0388 0.7375	
0.511229 277.380786	3.61e-01  7.94e-01  2.06e+05	6.4752 35.8915 0.4046	
0.511229 277.380786	5.39e-01  7.35e-01  1.96e+05	9.8741 46.2504 0.1854	
0.511229 277.380786	3.65e-01  8.34e-01  2.02e+05	8.9009 39.9875 0.2483	
0.511229 277.380786	3.25e-01  8.48e-01  2.05e+05	4.7122 38.1946 0.5194	
0.511229 277.380786	3.99e-01  8.67e-01  1.96e+05	4.0842 46.4715 0.1971	
0.511229 277.380786	3.86e-01  7.72e-01  2.06e+05	-3.5808 36.6275 0.4666	
0.511229 277.380786	4.76e-01  9.04e-01  1.87e+05	-25.5309 47.9802 0.5402	
0.511229 277.380786	6.19e-01  8.16e-01  1.83e+05	6.0564 57.2094 0.4902	
0.511229 277.380786	4.68e-01  8.07e-01  1.96e+05	14.0353 45.1913 0.2505	
0.511229 277.380786	4.00e-01  8.74e-01  1.96e+05	1.5012 47.2643 0.4984	
0.511229 277.380786	4.21e-01  8.00e-01  2.00e+05	-11.4102 41.4352 0.6590	
0.511229 277.380786	4.56e-01  8.78e-01  1.91e+05	-28.4956 42.9264 0.3901	
0.511229 277.380786	4.53e-01  7.04e-01  2.06e+05	2.4560 36.6581 0.9374	
0.511229 277.380786	4.89e-01  9.25e-01  1.84e+05	-19.4755 52.8941 0.7280	
0.511229 277.380786	5.07e-01  8.88e-01  1.86e+05	-0.6942 55.2884 0.7391	
0.511229 277.380786	5.48e-01  7.47e-01  1.94e+05	-12.7080 47.0951 0.6910	
0.511229 277.380786	3.87e-01  7.52e-01  2.08e+05	1.1134 34.6378 0.3855	
0.511229 277.380786	4.52e-01  9.17e-01  1.88e+05	0.5650 53.6726 0.4132	
0.511229 277.380786	4.88e-01  6.19e-01  2.11e+05	-10.1157 28.9318 0.8901	
0.511229 277.380786	1.56e-01  9.49e-01  2.11e+05	-6.2341 29.7646 0.8803	
0.511229 277.380786	3.57e-01  9.53e-01  1.93e+05	5.1702 49.5789 0.6096	
0.511229 277.380786	3.85e-01  9.92e-01  1.87e+05	-15.9517 51.8155 0.1858	
0.511229 277.380786	6.30e-01  9.14e-01  1.75e+05	-4.3456 62.8361 0.3333	
0.511229 277.380786	5.67e-01  8.08e-01  1.87e+05	19.2594 50.5635 0.0565	
0.511229 277.380786	4.96e-01  8.71e-01  1.88e+05	2.7513 53.5448 0.8250	
0.511229 277.380786	4.33e-01  8.42e-01  1.96e+05	-6.9561 46.8056 0.0692	
0.511229 277.380786	6.55e-01  7.08e-01  1.88e+05	4.5515 53.1865 0.4057	
0.511229 277.380786	4.36e-01  8.62e-01  1.94e+05	-0.4469 49.0208 0.6616	
0.511229 277.380786	5.00e-01  8.33e-01  1.91e+05	-3.3108 51.3239 0.2382	
0.511229 277.380786	6.03e-01  7.23e-01  1.91e+05	-8.0014 50.3186 0.3912	
0.511229 277.380786	4.85e-01  7.41e-01  2.00e+05	7.2607 42.7635 0.7359	
0.511229 277.380786	5.21e-01  9.33e-01  1.81e+05	-0.9556 58.5044 0.7964	
0.511229 277.380786	3.82e-01  9.29e-01  1.92e+05	-33.6903 36.8413 0.8748	
0.511229 277.380786	4.60e-01  7.39e-01  2.02e+05	10.9059 39.4694 0.5229	
0.511229 277.380786	2.62e-01  9.30e-01  2.03e+05	14.9214 37.3675 0.7372	
0.511229 277.380786	4.35e-01  7.64e-01  2.02e+05	-4.0714 40.7953 0.3866	
0.511229 277.380786	2.97e-01  8.39e-01  2.08e+05	-8.3031 33.3361 0.0061	
0.511229 277.380786	5.49e-01  8.04e-01  1.89e+05	-4.4372 52.5136 0.3320	
0.511229 277.380786	4.50e-01  6.16e-01  2.15e+05	-3.7758 24.1964 0.6152	
0.511229 277.380786	7.08e-01  8.93e-01  1.71e+05	-12.5839 64.1851 0.1937	
0.511229 277.380786	5.85e-01  7.48e-01  1.91e+05	11.9209 50.0593 0.0987	
0.511229 277.380786	5.48e-01  7.09e-01  1.97e+05	-7.0632 45.3344 0.3291	
0.511229 277.380786	4.02e-01  7.13e-01  2.10e+05	0.0623 31.7338 0.5985	
0.511229 277.380786	5.35e-01  6.71e-01  2.02e+05	-14.1976 39.1079 0.2101	
0.511229 277.380786	4.40e-01  8.56e-01  1.94e+05	-16.5501 46.0114 0.7167	
0.511229 277.380786	6.09e-01  9.69e-01  1.73e+05	-21.1387 60.8809 0.7896	
0.511229 277.380786	5.65e-01  7.27e-01  1.94e+05	-1.0204 48.5532 0.3756	
0.511229 277.380786	5.58e-01  7.63e-01  1.92e+05	7.3077 50.1082 0.1671	
0.511229 277.380786	5.14e-01  7.12e-01  2.00e+05	13.6310 41.1653 0.0647	
0.511229 277.380786	5.97e-01  7.87e-01  1.87e+05	-17.7690 51.6215 0.8419	
0.511229 277.380786	4.16e-01  9.44e-01  1.88e+05	-23.7776 47.5394 0.9571	
0.511229 277.380786	3.25e-01  9.47e-01  1.96e+05	24.5832 40.1663 0.8948	
0.511229 277.380786	4.73e-01  8.05e-01  1.95e+05	15.1998 45.1069 0.4124	
0.511229 277.380786	6.73e-01  9.27e-01  1.71e+05	2.0711 65.3598 0.7069	
0.511229 277.380786	5.97e-01  7.24e-01  1.92e+05	-0.5121 50.6459 0.3356	
0.511229 277.380786	5.96e-01  7.09e-01  1.93e+05	29.6286 39.6265 0.7931	
0.511229 277.380786	3.99e-01  6.94e-01  2.13e+05	-6.9943 27.7612 0.9885	
0.511229 277.380786	4.39e-01  7.67e-01  2.02e+05	18.6516 37.1323 0.5528	
0.511229 277.380786	4.11e-01  6.71e-01  2.14e+05	9.2780 25.2238 0.1555	
0.511229 277.380786	4.21e-01  6.83e-01  2.11e+05	15.9705 25.7837 0.3255	
0.511229 277.380786	6.18e-01  9.61e-01  1.72e+05	-8.0292 64.0164 0.1735	
0.511229 277.380786	4.73e-01  9.48e-01  1.84e+05	17.4357 53.9941 0.4269	
0.511229 277.380786	4.52e-01  7.60e-01  2.01e+05	-16.1654 38.9060 0.0849	
0.511229 277.380786	5.27e-01  8.15e-01  1.90e+05	5.6304 51.7532 0.5085	
0.511229 277.380786	6.00e-01  7.19e-01  1.92e+05	-6.3537 50.0873 0.4591	
0.511229 277.380786	4.04e-01  9.41e-01  1.90e+05	-19.8477 48.2908 0.4287	
0.511229 277.380786	5.65e-01  6.93e-01  1.97e+05	9.0737 45.0924 0.8068	
0.511229 277.380786	4.20e-01  7.18e-01  2.08e+05	-15.3405 30.9118 0.4199	
0.511229 277.380786	4.96e-01  9.43e-01  1.82e+05	14.2292 55.9426 0.2828	
0.511229 277.380786	5.74e-01  9.38e-01  1.77e+05	10.9819 60.4400 0.2576	
0.511229 277.380786	4.65e-01  8.61e-01  1.91e+05	-16.7213 48.1719 0.3120	
0.511229 277.380786	4.51e-01  8.27e-01  1.95e+05	11.8931 46.0686 0.2121	
0.511229 277.380786	6.09e-01  6.40e-01  1.98e+05	-3.1656 45.1892 0.5016	
0.511229 277.380786	3.35e-01  7.34e-01  2.15e+05	-0.3561 24.8941 0.7746	
0.511229 277.380786	2.96e-01  9.88e-01  1.95e+05	8.0550 47.2675 0.0672	
0.511229 277.380786	4.88e-01  7.24e-01  2.01e+05	-0.9056 42.1523 0.6609	
0.511229 277.380786	3.87e-01  8.52e-01  1.99e+05	-3.5044 44.3484 0.6929	
0.511229 277.380786	2.42e-01  8.95e-01  2.08e+05	2.3423 34.3492 0.1400	
0.511229 277.380786	5.20e-01  7.98e-01  1.92e+05	-12.6277 48.8184 0.9808	
0.511229 277.380786	5.69e-01  8.12e-01  1.87e+05	0.2879 54.4576 0.0805	
0.511229 277.380786	4.16e-01  8.61e-01  1.95e+05	-17.9206 44.0361 0.4006	
0.511229 277.380786	4.84e-01  9.39e-01  1.84e+05	20.2931 53.1318 0.8517	
0.511229 277.380786	5.61e-01  8.52e-01  1.84e+05	-4.0724 56.1615 0.7296	
0.511229 277.380786	4.21e-01  8.65e-01  1.95e+05	3.9475 47.9698 0.8189	
0.511229 277.380786	6.57e-01  7.88e-01  1.82e+05	13.7639 56.4517 0.8297	
0.511229 277.380786	5.25e-01  6.68e-01  2.03e+05	-9.7848 39.2168 0.5147	
0.511229 277.380786	4.82e-01  7.42e-01  2.00e+05	7.7633 42.4789 0.4644	
0.511229 277.380786	5.51e-01  8.16e-01  1.88e+05	13.1938 51.9558 0.2548	
0.511229 277.380786	4.85e-01  7.09e-01  2.03e+05	0.6103 40.4452 0.6778	
0.511229 277.380786	2.45e-01  8.98e-01  2.08e+05	-4.1025 34.9595 0.8060	
0.511229 277.380786	3.58e-01  8.54e-01  2.01e+05	9.8881 40.8947 0.9364	
0.511229 277.380786	5.77e-01  8.01e-01  1.87e+05	13.9288 52.4252 0.4118	
0.511229 277.380786	3.58e-01  8.28e-01  2.03e+05	0.4302 39.6701 0.5392	
0.511229 277.380786	7.75e-01  9.29e-01  1.64e+05	16.5666 67.4657 0.8378	
0.511229 277.380786	4.54e-01  6.48e-01  2.12e+05	5.9432 29.4306 0.0573	
0.511229 277.380786	5.99e-01  7.98e-01  1.86e+05	-25.3130 49.2839 0.9023	
0.511229 277.380786	4.79e-01  6.92e-01  2.05e+05	2.5195 38.0206 0.0386	
0.511229 277.380786	5.32e-01  6.44e-01  2.04e+05	0.6633 38.7911 0.8037	
0.511229 277.380786	4.28e-01  8.74e-01  1.93e+05	-2.6527 49.2217 0.4247	
0.511229 277.380786	7.85e-01  9.62e-01  1.62e+05	9.1649 70.4100 0.2264	
0.511229 277.380786	4.14e-01  8.11e-01  2.00e+05	-8.7937 42.4557 0.0989	
0.511229 277.380786	3.89e-01  8.93e-01  1.95e+05	-14.1908 45.7374 0.8307	
0.511229 277.380786	4.70e-01  6.90e-01  2.06e+05	-1.9474 37.0695 0.5918	
0.511229 277.380786	4.84e-01  8.39e-01  1.91e+05	0.9496 50.7555 0.3649	
0.511229 277.380786	6.37e-01  8.33e-01  1.80e+05	1.0014 59.3859 0.2590	
0.511229 277.380786	5.22e-01  7.81e-01  1.93e+05	-18.6847 45.6558 0.8584	
0.511229 277.380786	4.55e-01  7.07e-01  2.06e+05	-10.1926 35.8408 0.9008	
0.511229 277.380786	4.71e-01  8.88e-01  1.89e+05	-17.9372 49.9881 0.9616	
0.511229 277.380786	5.04e-01  8.78e-01  1.87e+05	-13.3477 52.8119 0.2451	
0.511229 277.380786	4.84e-01  9.38e-01  1.84e+05	-3.9393 56.6855 0.3678	
0.511229 277.380786	5.58e-01  7.32e-01  1.94e+05	3.7529 48.2987 0.6789	
0.511229 277.380786	4.01e-01  8.22e-01  2.00e+05	-12.7458 41.2030 0.4069	
0.511229 277.380786	5.04e-01  6.86e-01  2.03e+05	2.1638 40.0588 0.8118	
0.511229 277.380786	5.33e-01  7.28e-01  1.97e+05	-13.0126 44.3685 0.0997	
0.511229 277.380786	6.93e-01  8.79e-01  1.73e+05	-16.8541 61.9457 0.5862	
0.511229 277.380786	4.79e-01  8.53e-01  1.91e+05	26.0611 44.3235 0.3292	
0.511229 277.380786	3.98e-01  9.25e-01  1.91e+05	-10.2021 49.7281 0.7901	
0.511229 277.380786	4.30e-01  6.69e-01  2.12e+05	-0.3569 29.6677 0.9555	
0.511229 277.380786	5.09e-01  8.02e-01  1.92e+05	-13.0593 48.2063 0.3352	
0.511229 277.380786	5.86e-01  8.28e-01  1.84e+05	-2.3800 56.3047 0.8771	
0.511229 277.380786	5.65e-01  7.14e-01  1.95e+05	3.9408 47.4781 0.7645	
0.511229 277.380786	4.29e-01  8.15e-01  1.98e+05	8.5904 44.0668 0.7177	
0.511229 277.380786	5.02e-01  6.52e-01  2.06e+05	11.4989 34.5822 0.1665	
0.511229 277.380786	3.85e-01  8.38e-01  2.00e+05	13.2625 41.0042 0.5684	
0.511229 277.380786	4.03e-01  8.90e-01  1.94e+05	6.3146 48.2587 0.1698	
0.511229 277.380786	3.11e-01  8.77e-01  2.03e+05	11.0921 38.3450 0.0530	
0.511229 277.380786	3.36e-01  8.44e-01  2.04e+05	8.9244 38.1270 0.6801	
0.511229 277.380786	5.03e-01  8.33e-01  1.90e+05	4.6508 51.4158 0.6243	
0.511229 277.380786	5.37e-01  7.27e-01  1.96e+05	-27.6284 37.3737 0.0750	
0.511229 277.380786	4.34e-01  8.51e-01  1.95e+05	14.0689 45.9797 0.0070	
0.511229 277.380786	5.49e-01  7.47e-01  1.94e+05	4.8016 48.6634 0.9428	
0.511229 277.380786	6.14e-01  8.22e-01  1.83e+05	-14.5201 55.7064 0.6401	
0.511229 277.380786	2.36e-01  9.19e-01  2.06e+05	6.4350 35.9631 0.4922	
0.511229 277.380786	5.31e-01  8.04e-01  1.90e+05	-7.7392 51.0329 0.7136	
0.511229 277.380786	6.41e-01  7.69e-01  1.84e+05	-4.1409 56.0303 0.6275	
0.511229 277.380786	3.85e-01  8.68e-01  1.97e+05	-2.7180 45.4838 0.2855	
0.511229 277.380786	4.20e-01  9.10e-01  1.91e+05	19.9887 47.2121 0.0575	
0.511229 277.380786	4.06e-01  6.54e-01  2.16e+05	-4.2640 22.7969 0.6920	
0.511229 277.380786	6.30e-01  7.91e-01  1.84e+05	-8.0510 56.1813 0.6547	
0.511229 277.380786	3.20e-01  8.96e-01  2.01e+05	2.5439 42.4310 0.8438	
0.511229 277.380786	4.02e-01  9.02e-01  1.93e+05	-0.8831 49.4613 0.8782	
0.511229 277.380786	6.90e-01  8.33e-01  1.76e+05	15.1182 60.1505 0.5750	
0.511229 277.380786	5.51e-01  7.90e-01  1.90e+05	-0.5450 51.9633 0.8830	
0.511229 277.380786	2.93e-01  9.40e-01  1.99e+05	-0.0238 44.0078 0.4401	
0.511229 277.380786	3.91e-01  9.42e-01  1.91e+05	-24.3873 45.2807 0.7847	
0.511229 277.380786	6.54e-01  8.11e-01  1.80e+05	-7.6626 58.6065 0.2077	
0.511229 277.380786	3.69e-01  7.85e-01  2.06e+05	-20.0685 30.3888 0.6720	
0.511229 277.380786	4.68e-01  7.79e-01  1.98e+05	14.8902 42.6471 0.3126	
0.511229 277.380786	5.81e-01  7.78e-01  1.89e+05	14.5548 51.0237 0.0212	
0.511229 277.380786	4.70e-01  8.59e-01  1.91e+05	1.0127 51.1566 0.8883	
0.511229 277.380786	4.25e-01  9.17e-01  1.90e+05	6.1618 51.6899 0.9232	
0.511229 277.380786	4.28e-01  7.58e-01  2.03e+05	6.9463 39.1376 0.2241	
0.511229 277.380786	3.79e-01  9.34e-01  1.92e+05	-17.9434 46.7418 0.4794	
0.511229 277.380786	5.24e-01  7.42e-01  1.96e+05	-15.2258 44.0742 0.7177	
0.511229 277.380786	7.79e-01  8.40e-01  1.70e+05	-4.0012 66.0690 0.8043	
0.511229 277.380786	4.05e-01  7.45e-01  2.07e+05	-29.3919 20.8049 0.4717	
0.511229 277.380786	3.90e-01  7.91e-01  2.04e+05	2.8067 39.1869 0.4384	
0.511229 277.380786	6.81e-01  8.00e-01  1.79e+05	7.5374 59.4843 0.2245	
0.511229 277.380786	4.06e-01  7.65e-01  2.05e+05	-10.3582 36.7822 0.2819	
0.511229 277.380786	4.07e-01  7.63e-01  2.05e+05	6.5102 37.5869 0.3369	
0.511229 277.380786	6.53e-01  7.65e-01  1.84e+05	-10.9346 55.5591 0.1984	
0.511229 277.380786	5.13e-01  8.37e-01  1.89e+05	-4.4732 52.3906 0.5369	
0.511229 277.380786	3.75e-01  8.18e-01  2.03e+05	13.7016 37.9582 0.7901	
0.511229 277.380786	2.11e-01  9.36e-01  2.07e+05	12.6298 33.3268 0.5238	
0.511229 277.380786	5.49e-01  6.92e-01  1.98e+05	1.1620 44.6368 0.7615	
0.511229 277.380786	3.83e-01  7.25e-01  2.11e+05	-5.0428 30.4728 0.9710	
0.511229 277.380786	6.34e-01  8.28e-01  1.81e+05	-4.6609 58.7534 0.2946	
0.511229 277.380786	5.09e-01  8.12e-01  1.92e+05	-20.8380 46.0930 0.0851	
0.511229 277.380786	3.90e-01  8.63e-01  1.97e+05	0.7932 45.5693 0.7185	
0.511229 277.380786	7.18e-01  9.13e-01  1.69e+05	27.0786 60.9024 0.1213	
0.511229 277.380786	3.53e-01  7.89e-01  2.08e+05	21.6190 27.6168 0.3873	
0.511229 277.380786	5.15e-01  8.13e-01  1.91e+05	9.9554 50.1060 0.0038	
0.511229 277.380786	5.90e-01  8.05e-01  1.86e+05	-15.3381 53.0789 0.5667	
0.511229 277.380786	4.04e-01  7.70e-01  2.05e+05	5.1075 38.1987 0.5552	
0.511229 277.380786	6.10e-01  7.22e-01  1.91e+05	0.7500 51.3329 0.5989	
0.511229 277.380786	4.79e-01  7.53e-01  1.99e+05	-2.0172 43.8610 0.9086	
0.511229 277.380786	4.78e-01  8.31e-01  1.93e+05	1.3305 49.7806 0.3108	
0.511229 277.380786	5.95e-01  8.12e-01  1.85e+05	8.8117 55.2559 0.6470	
0.511229 277.380786	5.42e-01  7.08e-01  1.98e+05	11.6367 43.8112 0.3237	
0.511229 277.380786	6.18e-01  8.44e-01  1.81e+05	27.0342 52.3934 0.9149	
0.511229 277.380786	5.95e-01  6.21e-01  2.01e+05	11.5563 40.9003 0.0621	
0.511229 277.380786	6.19e-01  7.78e-01  1.86e+05	-17.4869 52.5551 0.2444	
0.511229 277.380786	4.28e-01  8.62e-01  1.94e+05	-14.0499 46.3490 0.1809	
0.511229 277.380786	6.70e-01  8.28e-01  1.78e+05	1.4932 60.7246 0.2696	
0.511229 277.380786	3.38e-01  7.68e-01  2.11e+05	-2.6145 30.4848 0.1899	
0.511229 277.380786	5.51e-01  9.21e-01  1.80e+05	7.8437 58.9966 0.8602	
0.511229 277.380786	4.12e-01  7.59e-01  2.05e+05	0.5946 38.1712 0.7041	
0.511229 277.380786	5.54e-01  7.07e-01  1.97e+05	-7.6372 45.6031 0.7748	
0.511229 277.380786	5.93e-01  6.63e-01  1.97e+05	-6.7809 45.3488 0.7728	
0.511229 277.380786	5.03e-01  7.05e-01  2.01e+05	-5.0980 41.4712 0.8456	
0.511229 277.380786	4.29e-01  8.63e-01  1.94e+05	3.9138 48.4181 0.8343	
0.511229 277.380786	4.54e-01  8.64e-01  1.92e+05	9.8490 49.4328 0.4897	
0.511229 277.380786	3.72e-01  8.13e-01  2.04e+05	-25.7874 30.1195 0.9334	
0.511229 277.380786	4.88e-01  6.57e-01  2.07e+05	-5.4816 35.0377 0.5616	
0.511229 277.380786	4.29e-01  7.56e-01  2.04e+05	-3.0575 39.4950 0.7040	
0.511229 277.380786	7.56e-01  8.65e-01  1.70e+05	-0.0347 66.2285 0.5802	
0.511229 277.380786	4.87e-01  8.04e-01  1.94e+05	17.8672 45.1178 0.9717	
0.511229 277.380786	5.18e-01  6.80e-01  2.02e+05	0.4779 40.8800 0.9127	
0.511229 277.380786	3.23e-01  7.56e-01  2.14e+05	7.6468 25.3585 0.1188	
0.511229 277.380786	4.97e-01  7.27e-01  2.00e+05	-12.1746 41.4236 0.0232	
0.511229 277.380786	5.55e-01  7.39e-01  1.94e+05	20.9548 43.9910 0.4732	
0.511229 277.380786	5.84e-01  7.50e-01  1.91e+05	8.6077 50.7583 0.3969	
0.511229 277.380786	4.09e-01  7.09e-01  2.10e+05	-10.5803 30.3193 0.4590	
0.511229 277.380786	3.66e-01  8.01e-01  2.05e+05	-14.8454 34.6871 0.9132	
0.511229 277.380786	4.28e-01  7.76e-01  2.02e+05	-21.3828 35.4009 0.4033	
0.511229 277.380786	5.20e-01  9.62e-01  1.79e+05	-9.4516 59.2289 0.9067	
0.511229 277.380786	5.12e-01  8.18e-01  1.91e+05	39.5566 32.5388 0.8859	
0.511229 277.380786	2.28e-01  8.84e-01  2.11e+05	1.5542 31.3950 0.6691	
0.511229 277.380786	4.78e-01  7.68e-01  1.98e+05	1.1013 45.0895 0.7763	
0.511229 277.380786	3.64e-01  7.66e-01  2.09e+05	-10.1974 32.0090 0.7570	
0.511229 277.380786	5.20e-01  9.48e-01  1.80e+05	19.1619 56.1059 0.8752	
0.511229 277.380786	3.72e-01  9.24e-01  1.94e+05	12.2014 47.2719 0.9058	
0.511229 277.380786	4.84e-01  7.94e-01  1.95e+05	16.6188 44.5515 0.0890	
0.511229 277.380786	3.28e-01  8.28e-01  2.06e+05	3.4803 36.3717 0.8158	
0.511229 277.380786	6.45e-01  8.75e-01  1.76e+05	-18.6964 58.9620 0.5788	
0.511229 277.380786	4.83e-01  8.25e-01  1.93e+05	12.0147 48.2433 0.4186	
0.511229 277.380786	4.33e-01  7.93e-01  2.00e+05	-22.1336 37.3564 0.6705	
0.511229 277.380786	5.34e-01  7.54e-01  1.94e+05	-1.2310 48.2765 0.0496	
0.511229 277.380786	5.82e-01  7.72e-01  1.89e+05	17.4001 49.8606 0.3557	
0.511229 277.380786	5.85e-01  9.34e-01  1.77e+05	-9.5394 61.0635 0.5740	
0.511229 277.380786	5.70e-01  6.63e-01  1.99e+05	8.8389 43.0154 0.9683	
0.511229 277.380786	5.12e-01  7.59e-01  1.96e+05	2.2808 47.0129 0.4815	
0.511229 277.380786	3.27e-01  8.20e-01  2.07e+05	9.8998 34.2452 0.6329	
0.511229 277.380786	4.42e-01  8.82e-01  1.91e+05	-16.3628 48.0884 0.6035	
0.511229 277.380786	5.38e-01  9.32e-01  1.80e+05	-9.0540 58.6614 0.6259	
0.511229 277.380786	4.67e-01  6.68e-01  2.08e+05	-4.8617 33.9320 0.2149	
0.511229 277.380786	5.12e-01  6.71e-01  2.04e+05	-1.9254 39.4352 0.9974	
0.511229 277.380786	4.12e-01  7.43e-01  2.06e+05	-4.5307 36.1948 0.0219	
0.511229 277.380786	6.27e-01  9.46e-01  1.73e+05	15.5056 62.3492 0.8658	
0.511229 277.380786	3.67e-01  8.03e-01  2.05e+05	-10.4102 36.7298 0.8476	
0.511229 277.380786	3.51e-01  7.96e-01  2.07e+05	8.6283 34.4850 0.1750	
0.511229 277.380786	3.64e-01  9.48e-01  1.92e+05	13.9256 48.0001 0.0079	
0.511229 277.380786	3.70e-01  7.99e-01  2.05e+05	-4.0191 37.7803 0.5129	
0.511229 277.380786	6.28e-01  6.67e-01  1.94e+05	14.9245 46.4541 0.9663	
0.511229 277.380786	4.29e-01  9.19e-01  1.89e+05	-11.8481 51.0712 0.8259	
0.511229 277.380786	6.35e-01  8.53e-01  1.79e+05	17.5986 57.6412 0.6024	
0.511229 277.380786	5.80e-01  8.43e-01  1.84e+05	-19.3101 53.5215 0.3712	
0.511229 277.380786	4.75e-01  8.59e-01  1.91e+05	3.9208 51.3658 0.8371	
0.511229 277.380786	3.72e-01  7.50e-01  2.10e+05	14.9510 29.0574 0.9272	
0.511229 277.380786	5.43e-01  7.68e-01  1.92e+05	-36.8897 33.6266 0.6600	
0.511229 277.380786	3.96e-01  8.11e-01  2.02e+05	9.2669 40.6457 0.2154	
0.511229 277.380786	3.88e-01  7.88e-01  2.04e+05	-6.2164 38.2423 0.4003	
0.511229 277.380786	6.20e-01  8.08e-01  1.83e+05	-2.9155 57.0743 0.7553	
0.511229 277.380786	5.76e-01  7.24e-01  1.93e+05	-15.6065 46.6219 0.1120	
0.511229 277.380786	4.34e-01  7.65e-01  2.02e+05	5.7329 40.5752 0.4506	
0.511229 277.380786	6.36e-01  8.15e-01  1.81e+05	8.8165 57.7504 0.1319	
0.511229 277.380786	4.31e-01  7.78e-01  2.01e+05	21.1456 36.0945 0.6986	
0.511229 277.380786	4.40e-01  9.03e-01  1.90e+05	-7.5215 51.5132 0.7090	
0.511229 277.380786	6.54e-01  8.80e-01  1.76e+05	26.0176 56.8170 0.8000	
0.511229 277.380786	3.79e-01  7.07e-01  2.13e+05	11.4320 25.0753 0.7681	
0.511229 277.380786	3.79e-01  8.68e-01  1.98e+05	1.2926 45.0866 0.3631	
0.511229 277.380786	4.29e-01  8.21e-01  1.98e+05	14.8223 42.8160 0.0835	
0.511229 277.380786	4.17e-01  8.71e-01  1.94e+05	-17.8024 44.8962 0.1410	
0.511229 277.380786	3.52e-01  7.73e-01  2.09e+05	0.2276 33.1083 0.7960	
0.511229 277.380786	3.99e-01  7.04e-01  2.11e+05	-10.4906 28.3077 0.6387	
0.511229 277.380786	3.94e-01  8.76e-01  1.96e+05	-14.2959 44.6929 0.6917	
0.511229 277.380786	3.93e-01  7.86e-01  2.04e+05	9.7858 37.7547 0.7929	
0.511229 277.380786	4.04e-01  7.47e-01  2.07e+05	-0.1037 36.0703 0.1872	
0.511229 277.380786	3.33e-01  8.37e-01  2.05e+05	-9.6372 36.8571 0.9384	
0.511229 277.380786	5.65e-01  7.12e-01  1.95e+05	-12.4737 45.8652 0.7062	
0.511229 277.380786	2.76e-01  8.39e-01  2.10e+05	19.5465 25.0513 0.9932	
0.511229 277.380786	6.51e-01  6.92e-01  1.90e+05	-6.7673 51.6358 0.3003	
0.511229 277.380786	4.64e-01  9.07e-01  1.88e+05	28.0404 45.9483 0.4087	
0.511229 277.380786	6.76e-01  8.40e-01  1.77e+05	-29.6605 54.0385 0.2119	
0.511229 277.380786	4.54e-01  6.51e-01  2.11e+05	-10.8150 28.3848 0.0564	
0.511229 277.380786	3.62e-01  7.65e-01  2.09e+05	-11.1371 31.3892 0.3288	
0.511229 277.380786	4.37e-01  7.21e-01  2.06e+05	11.3920 35.0506 0.4797	
0.511229 277.380786	5.33e-01  6.98e-01  1.99e+05	-7.1977 43.2111 0.2432	
0.511229 277.380786	4.54e-01  9.26e-01  1.87e+05	-3.0777 54.3377 0.2952	
0.511229 277.380786	4.74e-01  7.38e-01  2.01e+05	-2.5572 42.0918 0.0887	
0.511229 277.380786	5.78e-01  7.01e-01  1.95e+05	0.1010 47.6940 0.0914	
0.511229 277.380786	3.23e-01  8.27e-01  2.07e+05	3.7936 35.7409 0.1738	
0.511229 277.380786	3.51e-01  9.11e-01  1.97e+05	-6.7123 45.7937 0.8601	
0.511229 277.380786	5.09e-01  7.04e-01  2.01e+05	14.7199 39.5369 0.1736	
0.511229 277.380786	3.81e-01  8.01e-01  2.04e+05	-20.7728 33.4389 0.5356	
0.511229 277.380786	5.25e-01  7.21e-01  1.98e+05	37.4456 25.0474 0.8282	
0.511229 277.380786	2.61e-01  8.61e-01  2.10e+05	-15.4731 28.7193 0.2499	
0.511229 277.380786	6.19e-01  8.99e-01  1.77e+05	1.5140 61.6967 0.4325	
0.511229 277.380786	5.31e-01  7.56e-01  1.95e+05	8.5848 47.4052 0.5515	
0.511229 277.380786	3.37e-01  8.06e-01  2.08e+05	2.9945 35.0409 0.8951	
0.511229 277.380786	3.86e-01  8.92e-01  1.95e+05	20.0528 43.0849 0.6908	
0.511229 277.380786	5.99e-01  6.98e-01  1.94e+05	0.7737 48.8843 0.8263	
0.511229 277.380786	5.82e-01  7.68e-01  1.89e+05	6.4218 52.1138 0.4775	
0.511229 277.380786	3.77e-01  9.63e-01  1.90e+05	-17.1559 48.9738 0.8723	
0.511229 277.380786	4.19e-01  7.61e-01  2.04e+05	-10.8778 37.5518 0.6502	
0.511229 277.380786	5.56e-01  6.54e-01  2.01e+05	11.6663 40.3327 0.9269	
0.511229 277.380786	5.73e-01  7.39e-01  1.92e+05	-5.8862 49.6872 0.8678	
0.511229 277.380786	4.63e-01  6.59e-01  2.10e+05	18.6966 26.8220 0.7158	
0.511229 277.380786	4.18e-01  8.54e-01  1.96e+05	-18.4632 43.2942 0.0148	
0.511229 277.380786	4.76e-01  8.98e-01  1.87e+05	9.2069 53.2807 0.0760	
0.511229 277.380786	4.78e-01  8.13e-01  1.94e+05	8.4439 47.7575 0.8857	
0.511229 277.380786	3.33e-01  9.76e-01  1.93e+05	7.3361 49.2683 0.2963	
0.511229 277.380786	4.97e-01  7.78e-01  1.96e+05	-14.8536 44.8745 0.9151	
0.511229 277.380786	4.99e-01  7.35e-01  1.99e+05	-6.4034 43.5961 0.2729	
0.511229 277.380786	5.84e-01  7.87e-01  1.88e+05	-4.0404 53.6979 0.2171	
0.511229 277.380786	3.29e-01  8.38e-01  2.05e+05	-0.9634 37.7658 0.3829	
0.511229 277.380786	5.30e-01  9.25e-01  1.81e+05	-15.0717 56.6071 0.9567	
0.511229 277.380786	6.72e-01  8.75e-01  1.75e+05	-26.7741 57.1456 0.3027	
0.511229 277.380786	5.09e-01  8.66e-01  1.87e+05	5.8537 53.7727 0.9197	
0.511229 277.380786	4.40e-01  8.43e-01  1.95e+05	8.3892 47.2481 0.3823	
0.511229 277.380786	4.41e-01  9.05e-01  1.90e+05	-17.7421 49.1886 0.4009	
0.511229 277.380786	3.51e-01  8.01e-01  2.07e+05	-9.1111 35.0709 0.4838	
0.511229 277.380786	6.08e-01  7.99e-01  1.85e+05	5.6238 55.6990 0.5715	
0.511229 277.380786	6.57e-01  7.33e-01  1.86e+05	-5.7131 54.6966 0.4121	
0.511229 277.380786	6.40e-01  8.41e-01  1.79e+05	34.5954 48.9633 0.3051	
0.511229 277.380786	4.98e-01  7.81e-01  1.95e+05	21.3216 42.5880 0.3898	
0.511229 277.380786	3.47e-01  8.37e-01  2.04e+05	-5.5512 39.1243 0.4544	
0.511229 277.380786	4.51e-01  7.19e-01  2.05e+05	9.9702 36.8143 0.0748	
0.511229 277.380786	4.75e-01  8.03e-01  1.95e+05	21.4447 42.4020 0.9083	
0.511229 277.380786	4.86e-01  8.13e-01  1.93e+05	27.4452 40.6832 0.2254	
0.511229 277.380786	6.17e-01  9.11e-01  1.76e+05	2.1418 62.1865 0.3965	
0.511229 277.380786	6.87e-01  7.15e-01  1.85e+05	2.3860 55.6270 0.9230	
0.511229 277.380786	5.74e-01  7.28e-01  1.93e+05	-1.1343 49.2627 0.5861	
0.511229 277.380786	4.08e-01  7.95e-01  2.02e+05	-9.8321 40.1909 0.6748	
0.511229 277.380786	6.33e-01  7.97e-01  1.83e+05	10.5211 56.2730 0.3085	
0.511229 277.380786	3.13e-01  8.73e-01  2.03e+05	-7.3819 39.0297 0.2962	
0.511229 277.380786	4.10e-01  7.24e-01  2.08e+05	0.4567 34.1757 0.2888	
0.511229 277.380786	5.66e-01  6.21e-01  2.03e+05	-9.0383 38.7279 0.4518	
0.511229 277.380786	4.25e-01  6.88e-01  2.11e+05	-5.0434 30.9704 0.6944	
0.511229 277.380786	3.83e-01  7.93e-01  2.04e+05	2.2561 38.6472 0.8911	
0.511229 277.380786	6.61e-01  8.26e-01  1.79e+05	7.1859 59.8157 0.8139	
0.511229 277.380786	6.53e-01  8.27e-01  1.79e+05	0.7359 59.8620 0.1965	
0.511229 277.380786	4.33e-01  7.40e-01  2.05e+05	-4.6400 38.1564 0.1467	
0.511229 277.380786	3.06e-01  8.90e-01  2.03e+05	-26.0798 31.1447 0.1775	
0.511229 277.380786	6.38e-01  9.64e-01  1.71e+05	7.6217 65.0105 0.2716	
0.511229 277.380786	5.19e-01  9.15e-01  1.83e+05	-42.4924 38.7734 0.4691	
0.511229 277.380786	5.95e-01  8.85e-01  1.79e+05	21.1428 56.0231 0.0117	
0.511229 277.380786	4.94e-01  7.21e-01  2.01e+05	39.8843 14.3360 0.9848	
0.511229 277.380786	3.76e-01  8.60e-01  1.99e+05	23.2343 37.6200 0.7488	
0.511229 277.380786	4.76e-01  8.90e-01  1.88e+05	-3.2394 53.4211 0.2417	
0.511229 277.380786	4.37e-01  9.52e-01  1.86e+05	-21.3855 50.5599 0.7458	
0.511229 277.380786	3.82e-01  7.73e-01  2.06e+05	3.3351 36.2527 0.4618	
0.511229 277.380786	4.31e-01  8.63e-01  1.94e+05	-19.4253 44.7032 0.9661	
0.511229 277.380786	5.43e-01  7.95e-01  1.90e+05	-13.2349 50.0350 0.3289	
0.511229 277.380786	4.51e-01  7.44e-01  2.03e+05	-6.7543 40.0108 0.6196	
0.511229 277.380786	4.59e-01  6.35e-01  2.12e+05	-14.9821 24.5394 0.1199	
0.511229 277.380786	4.88e-01  7.40e-01  2.00e+05	-9.8436 42.3616 0.5402	
0.511229 277.380786	4.28e-01  7.84e-01  2.01e+05	17.1491 38.4898 0.0080	
0.511229 277.380786	5.23e-01  9.36e-01  1.81e+05	12.2369 57.5408 0.2413	
0.511229 277.380786	5.09e-01  9.21e-01  1.83e+05	-7.5258 56.7943 0.4374	
0.511229 277.380786	4.22e-01  9.23e-01  1.90e+05	12.2061 50.7711 0.5525	
0.511229 277.380786	5.36e-01  6.86e-01  2.00e+05	4.2233 42.8351 0.4648	
0.511229 277.380786	3.76e-01  9.12e-01  1.94e+05	-17.5129 45.0366 0.5611	
0.511229 277.380786	3.33e-01  8.35e-01  2.05e+05	14.5933 34.9890 0.2048	
0.511229 277.380786	4.62e-01  8.67e-01  1.91e+05	26.0211 44.0562 0.5720	
0.511229 277.380786	4.72e-01  7.96e-01  1.96e+05	-4.9623 46.4736 0.3248	
0.511229 277.380786	4.93e-01  7.81e-01  1.96e+05	-2.8994 47.1176 0.6421	
0.511229 277.380786	3.45e-01  9.49e-01  1.94e+05	35.4428 33.4789 0.2516	
0.511229 277.380786	4.65e-01  7.41e-01  2.02e+05	10.2412 40.3565 0.2490	
0.511229 277.380786	4.59e-01  7.29e-01  2.03e+05	12.7275 37.8796 0.1987	
0.511229 277.380786	4.25e-01  7.44e-01  2.05e+05	8.2113 37.1848 0.3481	
0.511229 277.380786	5.56e-01  7.14e-01  1.96e+05	9.9343 45.9077 0.7001	
0.511229 277.380786	6.75e-01  9.10e-01  1.72e+05	12.8717 63.4692 0.3953	
0.511229 277.380786	3.33e-01  9.26e-01  1.97e+05	15.6928 43.3816 0.0046	
0.511229 277.380786	3.30e-01  9.82e-01  1.92e+05	4.6068 49.8412 0.4146	
0.511229 277.380786	5.55e-01  7.20e-01  1.95e+05	17.8237 43.8792 0.7133	
0.511229 277.380786	6.38e-01  7.99e-01  1.83e+05	1.7287 57.5894 0.8901	
0.511229 277.380786	6.47e-01  9.03e-01  1.74e+05	28.0289 56.6909 0.5437	
0.511229 277.380786	3.86e-01  8.25e-01  2.01e+05	16.3693 38.7157 0.3870	
0.511229 277.380786	2.48e-01  8.23e-01  2.15e+05	2.4159 25.1028 0.6047	
0.511229 277.380786	6.33e-01  7.90e-01  1.84e+05	2.6988 56.8312 0.4978	
0.511229 277.380786	8.03e-01  9.76e-01  1.60e+05	-5.7492 71.8517 0.8723	
0.511229 277.380786	4.44e-01  8.83e-01  1.91e+05	8.0830 50.3962 0.0778	
0.511229 277.380786	4.33e-01  9.62e-01  1.86e+05	4.8329 55.0665 0.0246	
0.511229 277.380786	7.17e-01  7.46e-01  1.81e+05	-23.7992 53.9703 0.1585	
0.511229 277.380786	4.67e-01  7.17e-01  2.04e+05	-17.2872 35.5586 0.4760	
0.511229 277.380786	3.24e-01  8.98e-01  2.00e+05	8.3949 42.1376 0.5073	
0.511229 277.380786	3.13e-01  8.31e-01  2.07e+05	5.7448 34.8559 0.1160	
0.511229 277.380786	5.81e-01  7.04e-01  1.95e+05	23.4428 42.0404 0.2312	
0.511229 277.380786	5.28e-01  9.34e-01  1.81e+05	-27.9984 51.9010 0.6935	
0.511229 277.380786	3.94e-01  9.19e-01  1.92e+05	8.9670 49.2913 0.1822	
0.511229 277.380786	2.89e-01  8.22e-01  2.11e+05	6.8175 30.4312 0.8124	
0.511229 277.380786	5.52e-01  8.41e-01  1.86e+05	-33.9043 43.5253 0.0841	
0.511229 277.380786	3.72e-01  7.84e-01  2.06e+05	-2.5631 36.5209 0.5101	
0.511229 277.380786	4.94e-01  6.23e-01  2.10e+05	-10.5786 30.1234 0.5340	
0.511229 277.380786	7.51e-01  9.27e-01  1.66e+05	-5.9461 68.2500 0.8173	
0.511229 277.380786	5.26e-01  8.98e-01  1.83e+05	7.3645 56.4879 0.1782	
0.511229 277.380786	3.62e-01  8.70e-01  1.99e+05	-9.9723 42.7273 0.0247	
0.511229 277.380786	3.33e-01  8.49e-01  2.04e+05	-6.0731 38.8063 0.9810	
0.511229 277.380786	7.17e-01  8.09e-01  1.76e+05	8.7176 61.5011 0.1702	
0.511229 277.380786	5.04e-01  8.05e-01  1.93e+05	-3.9445 49.6615 0.4056	
0.511229 277.380786	7.41e-01  9.27e-01  1.67e+05	-3.6132 68.0132 0.6191	
0.511229 277.380786	4.08e-01  8.02e-01  2.01e+05	-2.2240 41.8645 0.8629	
0.511229 277.380786	3.13e-01  7.68e-01  2.14e+05	5.5501 26.1753 0.7062	
0.511229 277.380786	4.57e-01  7.39e-01  2.03e+05	-2.2350 40.5560 0.1780	
0.511229 277.380786	5.77e-01  8.44e-01  1.84e+05	14.2834 54.9271 0.1783	
0.511229 277.380786	3.72e-01  8.79e-01  1.98e+05	7.1893 44.8408 0.6391	
0.511229 277.380786	2.36e-01  8.80e-01  2.10e+05	13.2308 29.0113 0.8408	
0.511229 277.380786	5.09e-01  7.95e-01  1.93e+05	-1.1173 49.4059 0.3889	
0.511229 277.380786	2.43e-01  8.46e-01  2.13e+05	1.6247 28.1678 0.3995	
0.511229 277.380786	6.44e-01  8.54e-01  1.78e+05	-29.2945 53.2794 0.6167	
0.511229 277.380786	4.09e-01  8.35e-01  1.98e+05	-1.0783 44.8889 0.7689	
0.511229 277.380786	4.45e-01  8.68e-01  1.92e+05	-10.4477 48.9784 0.3096	
0.511229 277.380786	2.59e-01  8.47e-01  2.11e+05	3.2771 30.3621 0.2596	
0.511229 277.380786	5.40e-01  7.21e-01  1.97e+05	-1.9521 46.2166 0.8942	
0.511229 277.380786	4.90e-01  9.70e-01  1.81e+05	-20.0790 55.3150 0.8803	
0.511229 277.380786	5.41e-01  7.10e-01  1.98e+05	16.2288 42.4883 0.3170	
0.511229 277.380786	5.23e-01  6.03e-01  2.09e+05	-7.7973 32.1958 0.4860	
0.511229 277.380786	4.81e-01  8.92e-01  1.87e+05	2.0839 53.8977 0.0130	
0.511229 277.380786	4.52e-01  7.48e-01  2.02e+05	-25.7710 31.8680 0.1873	
0.511229 277.380786	4.50e-01  7.70e-01  2.00e+05	-0.5667 42.8142 0.4209	
0.511229 277.380786	5.43e-01  8.00e-01  1.90e+05	7.1629 51.5787 0.8757	
0.511229 277.380786	5.18e-01  7.04e-01  2.00e+05	-12.6853 41.0988 0.5821	
0.511229 277.380786	5.14e-01  7.34e-01  1.98e+05	14.9619 42.7194 0.0389	
0.511229 277.380786	3.59e-01  9.21e-01  1.95e+05	1.0117 47.7085 0.6342	
0.511229 277.380786	4.64e-01  7.34e-01  2.02e+05	-5.2506 40.4733 0.4443	
0.511229 277.380786	4.15e-01  7.42e-01  2.06e+05	-5.4469 36.3362 0.6480	
0.511229 277.380786	4.18e-01  9.08e-01  1.91e+05	25.9655 43.9077 0.0931	
0.511229 277.380786	3.43e-01  8.02e-01  2.07e+05	20.2162 29.0266 0.4737	
0.511229 277.380786	4.81e-01  6.96e-01  2.04e+05	-3.7975 38.5926 0.4759	
0.511229 277.380786	5.24e-01  7.06e-01  1.99e+05	-19.6705 39.0350 0.1081	
0.511229 277.380786	4.04e-01  7.11e-01  2.10e+05	3.2039 31.6603 0.3283	
0.511229 277.380786	4.26e-01  7.94e-01  2.00e+05	3.9717 42.7270 0.1075	
0.511229 277.380786	4.60e-01  8.46e-01  1.93e+05	4.9064 49.3468 0.7577	
0.511229 277.380786	5.16e-01  7.93e-01  1.93e+05	13.7194 47.8520 0.5769	
0.511229 277.380786	3.70e-01  7.53e-01  2.10e+05	-12.6732 30.1841 0.1023	
0.511229 277.380786	6.21e-01  8.04e-01  1.83e+05	-7.7948 56.4233 0.0407	
0.511229 277.380786	3.72e-01  8.26e-01  2.02e+05	19.7461 35.7888 0.5740	
0.511229 277.380786	6.33e-01  9.01e-01  1.75e+05	-3.0052 62.4318 0.0716	
0.511229 277.380786	4.19e-01  7.68e-01  2.03e+05	-12.3323 37.8439 0.5009	
0.511229 277.380786	3.93e-01  8.06e-01  2.02e+05	0.9019 40.9332 0.3668	
0.511229 277.380786	4.93e-01  6.68e-01  2.06e+05	7.8330 36.3156 0.3933	
0.511229 277.380786	3.80e-01  7.64e-01  2.08e+05	-2.4925 35.1158 0.5411	
0.511229 277.380786	5.52e-01  7.25e-01  1.95e+05	-17.2800 44.1940 0.6922	
0.511229 277.380786	3.75e-01  7.55e-01  2.09e+05	-11.1269 31.7340 0.3010	
0.511229 277.380786	4.51e-01  6.96e-01  2.07e+05	-3.8864 35.4037 0.2233	
0.511229 277.380786	2.70e-01  9.32e-01  2.02e+05	-9.7275 40.0088 0.2537	
0.511229 277.380786	5.29e-01  9.54e-01  1.79e+05	-37.7324 46.7465 0.7814	
0.511229 277.380786	3.48e-01  7.91e-01  2.08e+05	15.8853 30.8163 0.3989	
0.511229 277.380786	5.79e-01  8.81e-01  1.81e+05	16.1019 56.5987 0.1860	
0.511229 277.380786	4.49e-01  8.55e-01  1.93e+05	18.1955 45.9807 0.4232	
0.511229 277.380786	2.99e-01  8.66e-01  2.05e+05	-4.1489 37.3418 0.6604	
0.511229 277.380786	3.23e-01  9.24e-01  1.98e+05	3.0660 45.0463 0.3213	
0.511229 277.380786	4.63e-01  7.35e-01  2.02e+05	-3.5408 40.6813 0.1177	
0.511229 277.380786	3.12e-01  8.72e-01  2.04e+05	9.7952 38.2986 0.5010	
0.511229 277.380786	4.17e-01  8.17e-01  1.99e+05	-10.1231 42.9441 0.3957	
0.511229 277.380786	4.75e-01  8.16e-01  1.94e+05	5.7642 48.2046 0.0249	
0.511229 277.380786	3.47e-01  8.76e-01  2.00e+05	16.9297 39.6695 0.4843	
0.511229 277.380786	6.15e-01  7.87e-01  1.85e+05	10.3967 54.6941 0.7115	
0.511229 277.380786	3.37e-01  7.84e-01  2.10e+05	2.1255 32.4764 0.9169	
0.511229 277.380786	5.60e-01  9.53e-01  1.77e+05	0.9761 61.5070 0.2658	
0.511229 277.380786	6.37e-01  7.96e-01  1.83e+05	-5.3518 57.1801 0.0481	
0.511229 277.380786	5.58e-01  6.73e-01  1.99e+05	1.1771 43.8444 0.5981	
0.511229 277.380786	5.99e-01  6.52e-01  1.98e+05	2.8786 45.3805 0.8054	
0.511229 277.380786	4.45e-01  7.65e-01  2.01e+05	-17.8971 38.0278 0.7818	
0.511229 277.380786	3.94e-01  8.08e-01  2.02e+05	-3.8286 41.0294 0.5192	
0.511229 277.380786	2.71e-01  9.05e-01  2.04e+05	9.4844 37.5277 0.4375	
0.511229 277.380786	5.16e-01  7.57e-01  1.96e+05	24.5949 40.2629 0.3067	
0.511229 277.380786	5.60e-01  8.81e-01  1.82e+05	-6.9339 57.4606 0.9058	
0.511229 277.380786	5.76e-01  8.08e-01  1.87e+05	5.2536 54.4212 0.6524	
0.511229 277.380786	5.89e-01  7.73e-01  1.88e+05	20.2341 49.3495 0.1675	
0.511229 277.380786	5.84e-01  8.32e-01  1.84e+05	-4.4110 56.3410 0.4024	
0.511229 277.380786	2.74e-01  8.73e-01  2.07e+05	11.6900 33.6554 0.7177	
0.511229 277.380786	4.92e-01  7.04e-01  2.03e+05	-6.7601 40.0711 0.7351	
0.511229 277.380786	5.43e-01  8.44e-01  1.86e+05	-35.4555 41.8125 0.8729	
0.511229 277.380786	4.88e-01  8.66e-01  1.89e+05	-15.2880 50.5458 0.4491	
0.511229 277.380786	5.81e-01  6.25e-01  2.02e+05	-12.8504 39.4996 0.4230	
0.511229 277.380786	6.32e-01  7.32e-01  1.88e+05	-1.0379 53.4561 0.9928	
0.511229 277.380786	1.86e-01  8.88e-01  2.14e+05	-12.5066 22.4321 0.3683	
0.511229 277.380786	6.22e-01  7.91e-01  1.84e+05	-13.9487 54.5375 0.9135	
0.511229 277.380786	5.44e-01  9.06e-01  1.82e+05	5.0920 58.0807 0.0883	
0.511229 277.380786	3.80e-01  7.82e-01  2.06e+05	-4.6174 37.0026 0.1484	
0.511229 277.380786	2.97e-01  9.40e-01  1.99e+05	-19.5458 39.7481 0.7876	
0.511229 277.380786	6.68e-01  8.62e-01  1.76e+05	-10.9871 61.3170 0.4751	
0.511229 277.380786	3.13e-01  8.91e-01  2.02e+05	12.0117 39.6232 0.9137	
0.511229 277.380786	3.32e-01  8.34e-01  2.05e+05	-3.3523 37.4687 0.3146	
0.511229 277.380786	3.50e-01  8.31e-01  2.04e+05	8.4951 38.2307 0.6101	
0.511229 277.380786	4.21e-01  8.16e-01  1.99e+05	15.8478 41.3770 0.1825	
0.511229 277.380786	3.68e-01  8.10e-01  2.04e+05	3.9239 38.6983 0.8398	
0.511229 277.380786	4.93e-01  8.36e-01  1.91e+05	-3.9844 51.0520 0.7303	
0.511229 277.380786	5.66e-01  7.66e-01  1.91e+05	6.7962 50.9088 0.2573	
0.511229 277.380786	4.99e-01  9.27e-01  1.83e+05	14.6786 55.1176 0.3268	
0.511229 277.380786	4.30e-01  8.96e-01  1.91e+05	-8.9525 50.1741 0.3425	
0.511229 277.380786	5.43e-01  7.53e-01  1.94e+05	8.4926 48.1316 0.1083	
0.511229 277.380786	4.10e-01  9.02e-01  1.92e+05	10.3414 48.9359 0.1844	
0.511229 277.380786	5.16e-01  9.47e-01  1.81e+05	-5.2103 58.8058 0.0363	
0.511229 277.380786	3.79e-01  9.31e-01  1.92e+05	-11.6463 48.5376 0.3404	
0.511229 277.380786	5.96e-01  8.49e-01  1.82e+05	-9.7966 57.2386 0.1514	
0.511229 277.380786	5.38e-01  6.39e-01  2.04e+05	-0.3943 38.8551 0.1771	
0.511229 277.380786	4.27e-01  7.43e-01  2.05e+05	-11.6243 36.2837 0.7968	
0.511229 277.380786	3.64e-01  8.93e-01  1.97e+05	-2.7599 45.8741 0.7828	
0.511229 277.380786	4.20e-01  9.49e-01  1.88e+05	12.6112 52.2584 0.9338	
0.511229 277.380786	5.63e-01  6.89e-01  1.97e+05	7.7918 44.8630 0.4279	
0.511229 277.380786	6.16e-01  8.31e-01  1.82e+05	14.7438 56.2414 0.1498	
0.511229 277.380786	5.34e-01  8.62e-01  1.86e+05	7.8430 54.8106 0.5286	
0.511229 277.380786	6.77e-01  7.85e-01  1.81e+05	1.0151 58.9657 0.7887	
0.511229 277.380786	2.98e-01  8.40e-01  2.08e+05	15.9117 30.6233 0.7887	
0.511229 277.380786	5.95e-01  9.21e-01  1.77e+05	-22.1785 57.5549 0.6212	
0.511229 277.380786	3.27e-01  9.45e-01  1.96e+05	16.7471 44.0580 0.5874	
0.511229 277.380786	5.75e-01  8.09e-01  1.87e+05	-12.1706 53.2530 0.1200	
0.511229 277.380786	3.81e-01  7.93e-01  2.05e+05	-9.1826 37.4155 0.8429	
0.511229 277.380786	5.57e-01  7.59e-01  1.92e+05	7.4483 49.6972 0.0013	
0.511229 277.380786	4.73e-01  9.17e-01  1.86e+05	-11.1063 53.8658 0.1842	
0.511229 277.380786	3.60e-01  8.55e-01  2.01e+05	8.7614 41.4377 0.6075	
0.511229 277.380786	4.56e-01  8.53e-01  1.93e+05	6.6922 49.3002 0.9050	
0.511229 277.380786	3.39e-01  7.81e-01  2.10e+05	-4.1295 32.0443 0.7984	
0.511229 277.380786	6.73e-01  7.34e-01  1.85e+05	-0.1467 55.9493 0.9040	
0.511229 277.380786	4.13e-01  8.16e-01  2.00e+05	-3.6880 43.4451 0.4829	
0.511229 277.380786	4.55e-01  6.54e-01  2.11e+05	12.0864 28.5088 0.2777	
0.511229 277.380786	5.12e-01  6.36e-01  2.07e+05	-13.8059 32.8579 0.1554	
0.511229 277.380786	7.25e-01  8.87e-01  1.70e+05	5.0307 65.6890 0.0839	
0.511229 277.380786	5.16e-01  8.73e-01  1.86e+05	-31.0523 45.3264 0.6536	
0.511229 277.380786	4.20e-01  7.07e-01  2.09e+05	2.8608 33.1434 0.3803	
0.511229 277.380786	4.85e-01  7.21e-01  2.02e+05	14.8653 38.8205 0.2181	
0.511229 277.380786	6.12e-01  7.69e-01  1.87e+05	-7.5054 53.9087 0.3461	
0.511229 277.380786	3.08e-01  9.26e-01  1.99e+05	-4.3422 43.8831 0.3703	
0.511229 277.380786	5.40e-01  6.86e-01  2.00e+05	1.9711 43.3538 0.0867	
0.511229 277.380786	4.38e-01  8.70e-01  1.93e+05	20.7006 45.1700 0.8445	
0.511229 277.380786	3.96e-01  8.75e-01  1.96e+05	-11.5439 45.5531 0.8339	
0.511229 277.380786	3.38e-01  7.50e-01  2.13e+05	-2.3916 27.8419 0.9514	
0.511229 277.380786	6.40e-01  8.97e-01  1.75e+05	-10.3981 61.7347 0.8811	
0.511229 277.380786	5.60e-01  7.15e-01  1.95e+05	-12.3859 45.7175 0.4459	
0.511229 277.380786	4.30e-01  9.33e-01  1.88e+05	-32.2933 42.5204 0.7876	
0.511229 277.380786	5.38e-01  8.46e-01  1.87e+05	13.4561 52.9519 0.2653	
0.511229 277.380786	3.87e-01  8.85e-01  1.96e+05	-16.9743 43.9821 0.0319	
0.511229 277.380786	4.62e-01  8.32e-01  1.94e+05	-1.9348 48.6751 0.2342	
0.511229 277.380786	3.23e-01  8.60e-01  2.04e+05	-1.7082 39.4304 0.3332	
0.511229 277.380786	3.19e-01  9.25e-01  1.98e+05	10.0063 43.7091 0.2402	
0.511229 277.380786	4.81e-01  7.71e-01  1.97e+05	7.5595 44.9252 0.7745	
0.511229 277.380786	4.35e-01  8.42e-01  1.95e+05	-5.3952 47.2098 0.6675	
0.511229 277.380786	5.91e-01  7.36e-01  1.91e+05	-10.5342 49.9270 0.7249	
0.511229 277.380786	3.05e-01  9.02e-01  2.02e+05	-9.6817 40.5360 0.3077	
0.511229 277.380786	4.19e-01  7.86e-01  2.02e+05	5.1705 41.2228 0.0016	
0.511229 277.380786	3.42e-01  7.60e-01  2.12e+05	8.8725 28.6324 0.1035	
0.511229 277.380786	3.29e-01  8.85e-01  2.01e+05	-2.0793 42.2263 0.1345	
0.511229 277.380786	7.14e-01  8.45e-01  1.74e+05	17.9604 61.0449 0.9136	
0.511229 277.380786	3.92e-01  9.29e-01  1.92e+05	17.8467 47.3755 0.5512	
0.511229 277.380786	2.72e-01  9.21e-01  2.03e+05	0.8886 40.3600 0.5939	
0.511229 277.380786	3.60e-01  8.70e-01  1.99e+05	1.8454 43.6808 0.8803	
0.511229 277.380786	3.99e-01  8.17e-01  2.01e+05	-14.5681 39.9024 0.1926	
0.511229 277.380786	4.41e-01  7.05e-01  2.07e+05	-2.9346 35.4142 0.5192	
0.511229 277.380786	4.03e-01  8.75e-01  1.95e+05	5.2854 47.2291 0.7762	
0.511229 277.380786	6.54e-01  8.13e-01  1.80e+05	16.1000 56.9980 0.3139	
0.511229 277.380786	5.25e-01  8.25e-01  1.89e+05	18.0037 49.3850 0.3701	
0.511229 277.380786	6.07e-01  6.20e-01  2.00e+05	-7.3533 42.8526 0.7608	
0.511229 277.380786	5.94e-01  6.82e-01  1.95e+05	7.4026 46.8324 0.6657	
0.511229 277.380786	6.42e-01  7.59e-01  1.85e+05	5.7327 55.3306 0.1256	
0.511229 277.380786	5.74e-01  7.38e-01  1.92e+05	-1.4662 49.9529 0.8612	
0.511229 277.380786	4.67e-01  7.61e-01  2.00e+05	-3.9536 43.4193 0.5430	
0.511229 277.380786	3.68e-01  9.16e-01  1.95e+05	-5.0585 47.7554 0.0155	
0.511229 277.380786	3.48e-01  8.12e-01  2.06e+05	-0.1424 37.0688 0.8508	
0.511229 277.380786	5.61e-01  6.54e-01  2.01e+05	-6.3098 41.9338 0.8799	
0.511229 277.380786	5.09e-01  9.44e-01  1.81e+05	7.9069 57.9343 0.0767	
0.511229 277.380786	5.37e-01  7.82e-01  1.92e+05	19.8163 46.4681 0.8663	
0.511229 277.380786	4.66e-01  6.70e-01  2.08e+05	12.0834 32.2057 0.3864	
0.511229 277.380786	6.17e-01  7.06e-01  1.91e+05	8.0988 50.0848 0.7026	
0.511229 277.380786	4.01e-01  8.08e-01  2.01e+05	29.1406 30.1029 0.8987	
0.511229 277.380786	2.60e-01  8.53e-01  2.10e+05	0.5519 31.4685 0.1523	
0.511229 277.380786	3.80e-01  8.14e-01  2.03e+05	22.9896 33.2842 0.1153	
0.511229 277.380786	3.80e-01  8.86e-01  1.96e+05	4.1097 46.4673 0.5116	
0.511229 277.380786	4.16e-01  8.32e-01  1.98e+05	26.1995 36.8655 0.8231	
0.511229 277.380786	4.38e-01  9.06e-01  1.90e+05	10.0643 51.1546 0.8481	
0.511229 277.380786	4.39e-01  8.24e-01  1.97e+05	26.6293 38.0015 0.9332	
0.511229 277.380786	6.21e-01  6.94e-01  1.92e+05	-9.4931 49.3134 0.4987	
0.511229 277.380786	3.41e-01  9.49e-01  1.94e+05	3.9493 48.2350 0.9514	
0.511229 277.380786	5.21e-01  8.90e-01  1.85e+05	-6.6276 55.7669 0.1377	
0.511229 277.380786	4.65e-01  6.88e-01  2.07e+05	-6.1430 35.7017 0.5941	
0.511229 277.380786	6.80e-01  8.30e-01  1.77e+05	-0.2532 61.3984 0.4748	
0.511229 277.380786	4.41e-01  8.79e-01  1.92e+05	15.3581 48.1734 0.8615	
0.511229 277.380786	4.68e-01  7.54e-01  2.00e+05	1.6889 43.0102 0.8731	
0.511229 277.380786	6.49e-01  7.70e-01  1.84e+05	-13.7408 54.9495 0.7500	
0.511229 277.380786	4.02e-01  8.31e-01  1.99e+05	3.1890 43.8695 0.5423	
0.511229 277.380786	4.51e-01  7.52e-01  2.02e+05	-3.7034 41.1990 0.8342	
0.511229 277.380786	4.29e-01  8.14e-01  1.98e+05	-23.2817 38.3362 0.9065	
0.511229 277.380786	2.85e-01  9.32e-01  2.01e+05	-8.2420 41.7466 0.2543	
0.511229 277.380786	4.40e-01  8.15e-01  1.97e+05	-7.2281 45.1884 0.4540	
0.511229 277.380786	5.60e-01  8.89e-01  1.82e+05	4.9422 58.0820 0.2531	
0.511229 277.380786	5.02e-01  8.23e-01  1.91e+05	-18.6279 47.3001 0.9884	
0.511229 277.380786	4.82e-01  8.58e-01  1.90e+05	7.9094 51.2998 0.3672	
0.511229 277.380786	4.76e-01  7.57e-01  1.99e+05	-1.1019 44.0090 0.5482	
0.511229 277.380786	2.88e-01  8.13e-01  2.12e+05	-9.7700 28.1453 0.4537	
0.511229 277.380786	6.94e-01  8.42e-01  1.75e+05	-0.2234 62.6197 0.1924	
0.511229 277.380786	4.35e-01  8.67e-01  1.93e+05	17.1848 46.1868 0.2228	
0.511229 277.380786	5.34e-01  9.11e-01  1.82e+05	-3.4171 57.9858 0.9075	
0.511229 277.380786	6.41e-01  6.82e-01  1.91e+05	7.3704 50.2320 0.7401	
0.511229 277.380786	2.80e-01  9.16e-01  2.02e+05	-10.7493 39.2750 0.9197	
0.511229 277.380786	4.58e-01  8.08e-01  1.96e+05	5.7180 46.3482 0.3795	
0.511229 277.380786	4.79e-01  7.30e-01  2.01e+05	18.1083 37.7786 0.1087	
0.511229 277.380786	5.83e-01  8.83e-01  1.80e+05	1.0514 59.1812 0.8872	
0.511229 277.380786	3.56e-01  9.11e-01  1.96e+05	-28.3281 37.2107 0.9836	
0.511229 277.380786	4.56e-01  7.06e-01  2.06e+05	1.8812 37.2058 0.8298	
0.511229 277.380786	3.87e-01  8.56e-01  1.98e+05	7.5901 44.2075 0.7732	
0.511229 277.380786	2.62e-01  9.51e-01  2.01e+05	13.9176 39.9076 0.8343	
0.511229 277.380786	5.19e-01  7.72e-01  1.94e+05	4.8560 48.2716 0.8882	
0.511229 277.380786	5.17e-01  7.43e-01  1.97e+05	-17.8397 42.5998 0.7114	
0.511229 277.380786	6.22e-01  7.93e-01  1.84e+05	-27.4249 49.3536 0.9003	
0.511229 277.380786	2.67e-01  9.11e-01  2.04e+05	-14.7753 36.0486 0.4905	
0.511229 277.380786	5.67e-01  6.34e-01  2.02e+05	21.6183 35.0173 0.9075	
0.511229 277.380786	3.41e-01  7.64e-01  2.11e+05	6.5848 29.6300 0.1273	
0.511229 277.380786	5.64e-01  7.65e-01  1.91e+05	-24.6352 44.8981 0.7801	
0.511229 277.380786	4.26e-01  7.44e-01  2.05e+05	-2.9462 37.9865 0.7953	
0.511229 277.380786	3.63e-01  8.33e-01  2.03e+05	-7.6395 39.9105 0.6177	
0.511229 277.380786	6.23e-01  9.29e-01  1.74e+05	29.7282 55.8648 0.3724	
0.511229 277.380786	6.26e-01  7.26e-01  1.89e+05	15.1562 50.4354 0.1526	
0.511229 277.380786	5.57e-01  7.27e-01  1.95e+05	-18.6085 44.2897 0.0661	
0.511229 277.380786	3.87e-01  7.60e-01  2.07e+05	-1.1293 35.6225 0.0576	
0.511229 277.380786	6.53e-01  8.62e-01  1.77e+05	-0.5699 61.5943 0.2132	
0.511229 277.380786	5.26e-01  7.84e-01  1.93e+05	-18.9836 46.1262 0.1233	
0.511229 277.380786	5.13e-01  7.26e-01  1.99e+05	15.7849 41.6047 0.1466	
0.511229 277.380786	6.12e-01  7.59e-01  1.88e+05	-10.3036 52.8567 0.2275	
0.511229 277.380786	4.07e-01  8.16e-01  2.00e+05	6.5763 42.5483 0.5060	
0.511229 277.380786	5.19e-01  6.67e-01  2.03e+05	15.6360 36.5000 0.4101	
0.511229 277.380786	5.18e-01  8.94e-01  1.84e+05	-7.4072 55.7976 0.6020	
0.511229 277.380786	2.95e-01  9.19e-01  2.01e+05	-20.6648 36.8824 0.0629	
0.511229 277.380786	3.69e-01  8.56e-01  2.00e+05	11.2442 41.7851 0.8197	
0.511229 277.380786	5.10e-01  8.08e-01  1.92e+05	33.4166 37.7112 0.4982	
0.511229 277.380786	4.49e-01  8.27e-01  1.95e+05	-10.1656 46.3133 0.1157	
0.511229 277.380786	3.52e-01  9.81e-01  1.91e+05	17.7067 48.2696 0.2528	
0.511229 277.380786	4.09e-01  6.99e-01  2.11e+05	-16.2005 26.1742 0.6946	
0.511229 277.380786	5.58e-01  7.63e-01  1.92e+05	7.6676 50.0924 0.1509	
0.511229 277.380786	3.83e-01  8.65e-01  1.98e+05	-17.6108 41.6478 0.6547	
0.511229 277.380786	4.90e-01  7.03e-01  2.03e+05	17.6148 36.3049 0.3159	
0.511229 277.380786	5.95e-01  8.37e-01  1.83e+05	-22.7151 52.7085 0.3141	
0.511229 277.380786	5.81e-01  9.47e-01  1.76e+05	17.4916 59.6914 0.9889	
0.511229 277.380786	3.91e-01  8.23e-01  2.01e+05	3.9456 42.1324 0.2829	
0.511229 277.380786	4.17e-01  6.82e-01  2.12e+05	4.1832 29.1453 0.7556	
0.511229 277.380786	4.65e-01  7.66e-01  1.99e+05	13.8741 41.5787 0.8810	
0.511229 277.380786	5.70e-01  7.96e-01  1.88e+05	-0.3237 53.5513 0.0458	
0.511229 277.380786	3.89e-01  7.53e-01  2.08e+05	-13.8918 32.2018 0.7101	
0.511229 277.380786	6.15e-01  6.99e-01  1.92e+05	-23.4191 44.3345 0.7961	
0.511229 277.380786	4.53e-01  9.65e-01  1.84e+05	11.2691 55.4684 0.2272	
0.511229 277.380786	2.95e-01  8.84e-01  2.04e+05	-0.2386 38.9681 0.1516	
0.511229 277.380786	3.96e-01  8.44e-01  1.99e+05	12.9399 42.6649 0.9751	
0.511229 277.380786	4.74e-01  7.24e-01  2.02e+05	-15.8348 37.6364 0.7903	
0.511229 277.380786	5.01e-01  7.81e-01  1.95e+05	12.4346 46.2543 0.2695	
0.511229 277.380786	5.33e-01  6.57e-01  2.03e+05	4.3119 39.7911 0.3017	
0.511229 277.380786	6.67e-01  8.05e-01  1.80e+05	0.9933 59.4919 0.5153	
0.511229 277.380786	3.36e-01  8.68e-01  2.02e+05	-11.8766 39.6164 0.5154	
0.511229 277.380786	4.26e-01  8.86e-01  1.92e+05	18.7077 46.3854 0.4780	
0.511229 277.380786	4.88e-01  7.13e-01  2.02e+05	2.4023 41.0619 0.9217	
0.511229 277.380786	5.00e-01  8.60e-01  1.88e+05	11.5851 51.9390 0.4859	
0.511229 277.380786	5.79e-01  6.64e-01  1.98e+05	2.5438 44.8103 0.6803	
0.511229 277.380786	4.62e-01  8.96e-01  1.89e+05	25.7200 46.3563 0.8515	
0.511229 277.380786	4.08e-01  9.08e-01  1.92e+05	-3.9550 50.1523 0.1238	
0.511229 277.380786	5.05e-01  9.19e-01  1.83e+05	32.4215 46.8187 0.4360	
0.511229 277.380786	4.15e-01  9.46e-01  1.88e+05	2.6671 53.1718 0.9566	
0.511229 277.380786	7.82e-01  8.71e-01  1.68e+05	5.4043 67.3102 0.3744	
0.511229 277.380786	4.90e-01  6.88e-01  2.04e+05	-15.1987 35.8086 0.3628	
0.511229 277.380786	5.81e-01  8.30e-01  1.84e+05	-1.6423 56.1603 0.7578	
0.511229 277.380786	5.84e-01  7.60e-01  1.90e+05	23.4079 46.5812 0.4941	
0.511229 277.380786	4.58e-01  7.40e-01  2.02e+05	10.4563 39.5832 0.3264	
0.511229 277.380786	4.74e-01  8.09e-01  1.95e+05	2.0014 47.8922 0.6793	
0.511229 277.380786	4.49e-01  8.92e-01  1.90e+05	-15.8906 49.4203 0.0148	
0.511229 277.380786	5.97e-01  7.84e-01  1.87e+05	13.4171 52.7444 0.8311	
0.511229 277.380786	5.42e-01  9.47e-01  1.79e+05	-38.0679 46.8044 0.4653	
0.511229 277.380786	2.78e-01  9.19e-01  2.03e+05	-8.9207 39.7029 0.5950	
0.511229 277.380786	5.23e-01  7.33e-01  1.97e+05	-4.6748 45.6084 0.4148	
0.511229 277.380786	4.35e-01  8.28e-01  1.97e+05	5.0322 46.1072 0.1842	
0.511229 277.380786	3.25e-01  9.28e-01  1.97e+05	12.0559 44.0302 0.1932	
0.511229 277.380786	4.50e-01  6.90e-01  2.08e+05	-1.3056 34.7670 0.5238	
0.511229 277.380786	5.16e-01  6.68e-01  2.04e+05	-10.6072 38.1057 0.8139	
0.511229 277.380786	4.38e-01  7.73e-01  2.01e+05	-6.3984 41.5855 0.5511	
0.511229 277.380786	4.19e-01  8.25e-01  1.98e+05	22.9190 38.6043 0.1009	
0.511229 277.380786	5.90e-01  8.00e-01  1.86e+05	-5.8032 54.7133 0.4514	
0.511229 277.380786	3.62e-01  7.92e-01  2.07e+05	-3.7962 36.1319 0.7669	
0.511229 277.380786	4.80e-01  8.59e-01  1.90e+05	-14.9828 49.6294 0.7968	
0.511229 277.380786	4.91e-01  8.17e-01  1.93e+05	11.0591 48.5130 0.4771	
0.511229 277.380786	5.13e-01  8.30e-01  1.90e+05	-13.1758 50.3329 0.6927	
0.511229 277.380786	4.91e-01  8.05e-01  1.94e+05	13.4912 46.9840 0.4539	
0.511229 277.380786	5.70e-01  7.69e-01  1.90e+05	11.5257 50.5327 0.3393	
0.511229 277.380786	3.28e-01  9.29e-01  1.97e+05	3.8463 45.7837 0.2824	
0.511229 277.380786	3.37e-01  8.31e-01  2.05e+05	13.5375 35.4212 0.3575	
0.511229 277.380786	4.47e-01  8.36e-01  1.95e+05	12.5945 46.2446 0.0030	
0.511229 277.380786	4.37e-01  8.02e-01  1.99e+05	3.1403 44.3547 0.6384	
0.511229 277.380786	4.83e-01  8.32e-01  1.92e+05	12.9335 48.4970 0.3747	
0.511229 277.380786	5.75e-01  7.45e-01  1.92e+05	-15.6231 48.0646 0.8202	
0.511229 277.380786	5.45e-01  7.64e-01  1.93e+05	-3.2536 49.7183 0.9033	
0.511229 277.380786	4.87e-01  6.71e-01  2.06e+05	-2.1235 36.7232 0.6462	
0.511229 277.380786	3.67e-01  7.92e-01  2.06e+05	16.4006 33.0427 0.5676	
0.511229 277.380786	3.68e-01  9.16e-01  1.95e+05	-4.9773 47.7612 0.0871	
0.511229 277.380786	6.58e-01  8.94e-01  1.74e+05	5.6612 63.0312 0.0771	
0.511229 277.380786	5.40e-01  9.16e-01  1.81e+05	-19.3174 55.3982 0.5282	
0.511229 277.380786	5.87e-01  7.80e-01  1.88e+05	28.5772 45.3264 0.6660	
0.511229 277.380786	6.02e-01  6.12e-01  2.01e+05	-4.9401 42.0768 0.6088	
0.511229 277.380786	4.91e-01  8.11e-01  1.93e+05	7.7367 48.6629 0.0435	
0.511229 277.380786	4.47e-01  8.39e-01  1.95e+05	-2.7565 48.0646 0.3784	
0.511229 277.380786	5.88e-01  6.61e-01  1.98e+05	0.9794 45.3298 0.4189	
0.511229 277.380786	4.68e-01  7.67e-01  1.99e+05	-2.5747 44.0860 0.4462	
0.511229 277.380786	6.11e-01  7.31e-01  1.90e+05	13.4179 50.2305 0.2915	
0.511229 277.380786	5.71e-01  8.22e-01  1.86e+05	33.5983 43.7725 0.5219	
0.511229 277.380786	5.66e-01  7.97e-01  1.88e+05	26.3033 46.4243 0.5823	
0.511229 277.380786	4.29e-01  7.37e-01  2.05e+05	-17.2452 33.4225 0.4612	
0.511229 277.380786	5.31e-01  9.25e-01  1.81e+05	-16.8056 56.2026 0.6284	
0.511229 277.380786	4.69e-01  8.79e-01  1.89e+05	-11.5352 51.1549 0.9924	
0.511229 277.380786	3.99e-01  8.58e-01  1.97e+05	1.7405 45.8944 0.9910	
0.511229 277.380786	5.55e-01  7.54e-01  1.93e+05	17.8871 46.4703 0.0727	
0.511229 277.380786	6.01e-01  6.45e-01  1.98e+05	-5.2335 44.7219 0.1028	
0.511229 277.380786	4.62e-01  7.56e-01  2.01e+05	16.5978 39.3283 0.7619	
0.511229 277.380786	6.24e-01  6.87e-01  1.92e+05	-19.3757 46.0374 0.5124	
0.511229 277.380786	5.61e-01  6.66e-01  2.00e+05	2.2385 43.3859 0.5080	
0.511229 277.380786	8.70e-01  9.09e-01  1.60e+05	6.7365 71.7886 0.4525	
0.511229 277.380786	4.36e-01  8.49e-01  1.95e+05	15.1758 45.6345 0.9186	
0.511229 277.380786	4.56e-01  9.40e-01  1.86e+05	-12.2184 53.9624 0.8439	
0.511229 277.380786	5.63e-01  7.72e-01  1.90e+05	-31.1009 41.1139 0.6198	
0.511229 277.380786	4.25e-01  8.30e-01  1.97e+05	-32.7347 32.0410 0.1635	
0.511229 277.380786	5.20e-01  6.25e-01  2.07e+05	-3.4945 35.2336 0.4549	
0.511229 277.380786	2.88e-01  8.23e-01  2.11e+05	2.6206 31.1144 0.5841	
0.511229 277.380786	4.94e-01  7.34e-01  2.00e+05	5.8362 43.0887 0.6183	
0.511229 277.380786	5.06e-01  6.31e-01  2.08e+05	-5.6161 34.0723 0.1941	
0.511229 277.380786	6.12e-01  9.17e-01  1.76e+05	3.0421 62.1871 0.6746	
0.511229 277.380786	4.09e-01  8.42e-01  1.98e+05	9.9724 44.3541 0.6648	
0.511229 277.380786	3.62e-01  9.22e-01  1.95e+05	-14.3261 45.7758 0.0776	
0.511229 277.380786	4.85e-01  9.20e-01  1.85e+05	-8.6650 55.1732 0.1240	
0.511229 277.380786	2.48e-01  9.84e-01  1.99e+05	2.8398 43.8235 0.9833	
0.511229 277.380786	5.94e-01  6.64e-01  1.97e+05	-18.3951 42.2121 0.1610	
0.511229 277.380786	3.23e-01  8.95e-01  2.01e+05	-4.6632 42.4149 0.7903	
0.511229 277.380786	3.97e-01  7.04e-01  2.12e+05	24.8456 16.4928 0.7502	
0.511229 277.380786	3.92e-01  8.50e-01  1.98e+05	-16.0884 41.6975 0.5625	
0.511229 277.380786	4.70e-01  8.02e-01  1.96e+05	-6.6316 46.6536 0.1580	
0.511229 277.380786	4.76e-01  9.42e-01  1.84e+05	-21.4694 52.3614 0.9415	
0.511229 277.380786	4.97e-01  7.94e-01  1.94e+05	9.4133 47.5830 0.5766	
0.511229 277.380786	5.45e-01  5.97e-01  2.08e+05	-13.0693 32.5510 0.4165	
0.511229 277.380786	5.29e-01  7.02e-01  1.99e+05	13.1313 41.8128 0.0822	
0.511229 277.380786	2.96e-01  7.47e-01  2.18e+05	-5.0173 19.0942 0.3668	
0.511229 277.380786	3.07e-01  9.32e-01  1.99e+05	-5.0718 44.1694 0.5783	
0.511229 277.380786	5.37e-01  8.09e-01  1.90e+05	16.0139 49.7986 0.4572	
0.511229 277.380786	2.82e-01  8.03e-01  2.13e+05	-8.5335 26.2486 0.5594	
0.511229 277.380786	5.42e-01  6.78e-01  2.00e+05	25.7621 34.2435 0.1977	
0.511229 277.380786	6.04e-01  7.35e-01  1.90e+05	-8.0411 51.2382 0.4451	
0.511229 277.380786	5.09e-01  7.90e-01  1.93e+05	-6.3597 48.7020 0.4774	
0.511229 277.380786	3.01e-01  8.54e-01  2.06e+05	8.6969 35.4835 0.5828	
0.511229 277.380786	5.98e-01  8.13e-01  1.85e+05	-3.2783 56.0780 0.2986	
0.511229 277.380786	3.13e-01  9.93e-01  1.93e+05	-7.9561 48.9138 0.2947	
0.511229 277.380786	5.68e-01  6.60e-01  2.00e+05	-12.0226 41.8554 0.2680	
0.511229 277.380786	4.54e-01  7.32e-01  2.04e+05	-8.6339 38.6708 0.4761	
0.511229 277.380786	4.06e-01  7.98e-01  2.02e+05	-1.2216 41.4343 0.2327	
0.511229 277.380786	3.55e-01  8.62e-01  2.01e+05	-1.6372 42.6093 0.8087	
