85.149600 253.498755	5.48e-01  8.43e-01  3.78e+05	0.0000 70.1914 0.3961	
85.149600 253.498755	6.20e-01  7.66e-01  3.79e+05	13.4659 68.5028 0.1692	
85.149600 253.498755	6.83e-01  9.02e-01  3.50e+05	-27.2875 77.9354 0.1659	
85.149600 253.498755	6.64e-01  7.34e-01  3.77e+05	-12.5333 69.6081 0.0209	
85.149600 253.498755	6.81e-01  7.12e-01  3.78e+05	7.1041 69.9624 0.6674	
85.149600 253.498755	6.27e-01  9.21e-01  3.55e+05	6.1767 80.2349 0.6738	
85.149600 253.498755	6.06e-01  9.07e-01  3.60e+05	2.2918 78.4250 0.5376	
85.149600 253.498755	7.10e-01  9.78e-01  3.36e+05	19.6645 85.5865 0.2046	
85.149600 253.498755	6.91e-01  7.57e-01  3.69e+05	10.6532 73.5150 0.8462	
85.149600 253.498755	5.22e-01  8.48e-01  3.81e+05	4.6843 68.4260 0.4542	
85.149600 253.498755	5.62e-01  9.61e-01  3.58e+05	-14.7872 77.6754 0.1781	
85.149600 253.498755	6.39e-01  9.54e-01  3.49e+05	-7.1273 82.7069 0.4972	
85.149600 253.498755	5.01e-01  9.87e-01  3.63e+05	-10.3473 76.1994 0.0748	
85.149600 253.498755	4.18e-01  8.68e-01  3.95e+05	5.0801 61.2176 0.4380	
85.149600 253.498755	4.68e-01  9.00e-01  3.82e+05	-1.4654 68.4611 0.0660	
85.149600 253.498755	5.65e-01  8.80e-01  3.70e+05	-22.6393 70.5080 0.7163	
85.149600 253.498755	7.29e-01  8.46e-01  3.51e+05	31.9402 75.5917 0.4015	
85.149600 253.498755	4.93e-01  9.14e-01  3.76e+05	47.2558 53.5094 0.7552	
85.149600 253.498755	8.26e-01  9.48e-01  3.26e+05	19.0811 89.6813 0.8083	
85.149600 253.498755	6.67e-01  8.17e-01  3.64e+05	-2.6517 76.5861 0.5324	
85.149600 253.498755	5.92e-01  7.23e-01  3.91e+05	21.6920 60.2130 0.1061	
85.149600 253.498755	3.72e-01  7.71e-01  4.22e+05	18.0648 41.0408 0.5923	
85.149600 253.498755	5.46e-01  6.90e-01  4.04e+05	-18.5351 53.2407 0.9065	
85.149600 253.498755	7.91e-01  8.83e-01  3.38e+05	52.8896 69.3173 0.8823	
85.149600 253.498755	6.71e-01  9.22e-01  3.49e+05	30.7127 77.1689 0.2117	
85.149600 253.498755	7.42e-01  7.87e-01  3.57e+05	8.5585 78.9282 0.7651	
85.149600 253.498755	7.35e-01  8.74e-01  3.47e+05	25.3769 79.9214 0.6919	
85.149600 253.498755	5.75e-01  8.26e-01  3.76e+05	8.6847 70.4093 0.0920	
85.149600 253.498755	4.49e-01  7.60e-01  4.09e+05	-4.2753 53.2168 0.4982	
85.149600 253.498755	6.35e-01  9.14e-01  3.55e+05	-3.5379 80.5056 0.4711	
85.149600 253.498755	4.50e-01  8.60e-01  3.91e+05	-20.6381 60.1407 0.0109	
85.149600 253.498755	6.86e-01  7.83e-01  3.66e+05	-22.0685 72.4021 0.8157	
85.149600 253.498755	7.47e-01  8.30e-01  3.51e+05	23.7988 78.6336 0.9710	
85.149600 253.498755	6.44e-01  7.97e-01  3.70e+05	-40.2565 61.8816 0.4795	
85.149600 253.498755	5.30e-01  9.00e-01  3.72e+05	15.8949 71.2646 0.2385	
85.149600 253.498755	5.02e-01  6.60e-01  4.18e+05	-14.4886 45.3242 0.0105	
85.149600 253.498755	5.19e-01  9.65e-01  3.64e+05	-13.8385 75.3853 0.8927	
85.149600 253.498755	6.39e-01  7.99e-01  3.71e+05	-13.3271 72.4176 0.8446	
85.149600 253.498755	5.12e-01  9.05e-01  3.74e+05	-10.9621 71.2525 0.8580	
85.149600 253.498755	5.08e-01  7.90e-01  3.93e+05	-6.6919 62.1536 0.5467	
85.149600 253.498755	4.57e-01  8.71e-01  3.88e+05	10.9276 64.1926 0.0876	
85.149600 253.498755	6.68e-01  8.66e-01  3.57e+05	-18.7843 77.4529 0.6579	
85.149600 253.498755	5.42e-01  8.37e-01  3.80e+05	-2.3042 69.1837 0.7389	
85.149600 253.498755	4.94e-01  7.48e-01  4.03e+05	10.5901 56.0097 0.9469	
85.149600 253.498755	4.81e-01  9.22e-01  3.76e+05	-16.5132 69.1225 0.1776	
85.149600 253.498755	7.15e-01  8.61e-01  3.51e+05	24.1564 78.4721 0.0421	
85.149600 253.498755	3.95e-01  9.39e-01  3.87e+05	-8.7072 65.0056 0.9429	
85.149600 253.498755	5.86e-01  8.55e-01  3.70e+05	-15.8003 72.1072 0.7323	
85.149600 253.498755	5.20e-01  7.78e-01  3.93e+05	-30.2492 54.6897 0.8232	
85.149600 253.498755	5.31e-01  8.18e-01  3.85e+05	14.0775 65.4433 0.3171	
85.149600 253.498755	4.96e-01  8.00e-01  3.94e+05	-5.5199 62.1649 0.4139	
85.149600 253.498755	7.32e-01  8.80e-01  3.46e+05	-31.2773 77.9745 0.4022	
85.149600 253.498755	6.19e-01  7.76e-01  3.77e+05	5.6944 70.2902 0.3576	
85.149600 253.498755	5.48e-01  7.08e-01  4.01e+05	10.9246 57.4477 0.0788	
85.149600 253.498755	7.20e-01  7.36e-01  3.68e+05	-14.0012 73.4714 0.0947	
85.149600 253.498755	5.24e-01  7.54e-01  3.97e+05	11.2371 59.5548 0.8363	
85.149600 253.498755	5.89e-01  8.22e-01  3.75e+05	-17.4193 69.5198 0.5863	
85.149600 253.498755	6.94e-01  7.76e-01  3.66e+05	17.5770 73.6947 0.4075	
85.149600 253.498755	8.39e-01  8.83e-01  3.32e+05	-8.0028 89.0225 0.3347	
85.149600 253.498755	8.35e-01  9.10e-01  3.29e+05	1.6911 90.4140 0.3054	
85.149600 253.498755	5.14e-01  7.05e-01  4.07e+05	-8.2175 53.9100 0.6060	
85.149600 253.498755	5.45e-01  7.57e-01  3.93e+05	0.6113 62.8697 0.1492	
85.149600 253.498755	6.75e-01  9.77e-01  3.41e+05	27.6195 81.5154 0.7709	
85.149600 253.498755	5.70e-01  8.86e-01  3.68e+05	28.4981 69.1864 0.5319	
85.149600 253.498755	5.71e-01  6.76e-01  4.02e+05	5.4105 57.2748 0.3337	
85.149600 253.498755	5.88e-01  7.90e-01  3.80e+05	-18.0666 66.8412 0.8585	
85.149600 253.498755	5.58e-01  8.04e-01  3.83e+05	-7.3957 67.4784 0.4156	
85.149600 253.498755	5.42e-01  8.81e-01  3.73e+05	10.9546 71.6508 0.2696	
85.149600 253.498755	6.18e-01  7.55e-01  3.81e+05	17.5283 66.5714 0.8022	
85.149600 253.498755	5.46e-01  8.62e-01  3.75e+05	20.2042 68.5138 0.9867	
85.149600 253.498755	6.85e-01  8.57e-01  3.56e+05	7.5375 79.8152 0.5494	
85.149600 253.498755	5.95e-01  8.25e-01  3.74e+05	-18.9667 69.7720 0.1730	
85.149600 253.498755	6.63e-01  8.83e-01  3.55e+05	-20.0846 77.8292 0.5661	
85.149600 253.498755	7.02e-01  8.34e-01  3.56e+05	16.5182 78.0930 0.2511	
85.149600 253.498755	5.48e-01  8.03e-01  3.84e+05	-21.8681 63.4415 0.1091	
85.149600 253.498755	4.20e-01  8.85e-01  3.92e+05	-6.4497 62.8670 0.0485	
85.149600 253.498755	6.65e-01  9.36e-01  3.48e+05	-7.4713 83.1139 0.1506	
85.149600 253.498755	4.69e-01  7.95e-01  3.99e+05	-29.4778 51.3978 0.4868	
85.149600 253.498755	4.22e-01  8.33e-01  4.01e+05	15.6327 56.1918 0.7403	
85.149600 253.498755	6.94e-01  8.62e-01  3.54e+05	21.3825 78.0431 0.0854	
85.149600 253.498755	5.44e-01  8.58e-01  3.76e+05	-21.0281 67.8352 0.6559	
85.149600 253.498755	4.88e-01  8.98e-01  3.79e+05	0.8697 69.7866 0.1870	
85.149600 253.498755	6.42e-01  8.73e-01  3.59e+05	10.5197 77.8777 0.9077	
85.149600 253.498755	6.75e-01  8.66e-01  3.56e+05	-19.3652 77.7139 0.1206	
85.149600 253.498755	5.51e-01  7.90e-01  3.86e+05	10.6847 65.3579 0.8908	
85.149600 253.498755	5.66e-01  7.25e-01  3.95e+05	3.7142 61.7389 0.6682	
85.149600 253.498755	5.24e-01  9.72e-01  3.62e+05	10.2923 76.7025 0.3842	
85.149600 253.498755	7.58e-01  8.51e-01  3.47e+05	8.7760 83.3922 0.4122	
85.149600 253.498755	6.69e-01  7.42e-01  3.75e+05	-17.4822 69.4672 0.8749	
85.149600 253.498755	6.12e-01  8.75e-01  3.64e+05	-16.2145 75.0733 0.2950	
85.149600 253.498755	7.49e-01  8.66e-01  3.46e+05	15.0076 82.7980 0.8287	
85.149600 253.498755	6.03e-01  7.83e-01  3.79e+05	0.6438 69.8228 0.2004	
85.149600 253.498755	6.06e-01  7.56e-01  3.83e+05	-4.5176 67.8361 0.5578	
85.149600 253.498755	6.28e-01  8.11e-01  3.71e+05	-21.7254 70.3651 0.0090	
85.149600 253.498755	5.28e-01  9.18e-01  3.70e+05	-13.2813 72.9274 0.8026	
85.149600 253.498755	7.97e-01  9.36e-01  3.31e+05	-17.0542 88.2740 0.6360	
85.149600 253.498755	5.07e-01  8.19e-01  3.89e+05	46.9304 44.9613 0.3229	
85.149600 253.498755	4.75e-01  8.82e-01  3.83e+05	10.5508 66.7502 0.6185	
85.149600 253.498755	6.61e-01  8.05e-01  3.66e+05	-2.0378 75.4769 0.8296	
85.149600 253.498755	7.65e-01  9.15e-01  3.37e+05	24.9318 83.8160 0.1495	
85.149600 253.498755	5.54e-01  7.92e-01  3.85e+05	7.3408 66.2802 0.6705	
85.149600 253.498755	6.16e-01  8.48e-01  3.67e+05	11.8042 74.4179 0.5670	
85.149600 253.498755	7.01e-01  9.32e-01  3.43e+05	-20.1530 82.6902 0.3074	
85.149600 253.498755	5.61e-01  6.99e-01  4.00e+05	-2.1467 58.8639 0.3986	
85.149600 253.498755	5.28e-01  7.34e-01  4.00e+05	9.1179 58.4154 0.1559	
85.149600 253.498755	4.98e-01  9.70e-01  3.66e+05	14.6982 74.1923 0.6359	
85.149600 253.498755	5.27e-01  8.99e-01  3.73e+05	-20.3257 69.8470 0.8280	
85.149600 253.498755	6.01e-01  8.95e-01  3.62e+05	-18.7630 75.0574 0.2406	
85.149600 253.498755	6.65e-01  9.32e-01  3.48e+05	7.0480 82.9096 0.2763	
85.149600 253.498755	6.74e-01  9.15e-01  3.49e+05	-38.8082 73.1073 0.6954	
85.149600 253.498755	5.16e-01  8.27e-01  3.86e+05	21.5440 62.8268 0.7860	
85.149600 253.498755	7.19e-01  8.61e-01  3.50e+05	45.6828 68.4454 0.5448	
85.149600 253.498755	6.57e-01  9.77e-01  3.43e+05	40.7726 74.8057 0.6707	
85.149600 253.498755	6.70e-01  7.04e-01  3.81e+05	-3.4881 68.7541 0.7985	
85.149600 253.498755	6.18e-01  8.06e-01  3.73e+05	-9.9879 71.9417 0.6972	
85.149600 253.498755	6.25e-01  9.16e-01  3.56e+05	-26.2634 75.6780 0.5013	
85.149600 253.498755	6.82e-01  8.69e-01  3.54e+05	6.4162 80.4173 0.8707	
85.149600 253.498755	6.45e-01  7.82e-01  3.72e+05	-33.0277 64.8804 0.9266	
85.149600 253.498755	6.76e-01  8.55e-01  3.57e+05	21.6482 76.5221 0.9121	
85.149600 253.498755	6.23e-01  8.70e-01  3.63e+05	13.9094 75.9458 0.2771	
85.149600 253.498755	8.33e-01  9.61e-01  3.24e+05	-17.7171 90.8273 0.8415	
85.149600 253.498755	5.53e-01  8.55e-01  3.75e+05	1.1756 71.4521 0.5858	
85.149600 253.498755	5.39e-01  8.31e-01  3.81e+05	3.8099 68.5392 0.3237	
85.149600 253.498755	4.60e-01  8.24e-01  3.96e+05	2.4063 61.1403 0.8014	
85.149600 253.498755	5.25e-01  7.04e-01  4.06e+05	18.7625 52.3005 0.3623	
85.149600 253.498755	4.91e-01  7.93e-01  3.96e+05	1.3843 61.2130 0.3964	
85.149600 253.498755	6.03e-01  6.98e-01  3.93e+05	-2.1970 62.8003 0.7489	
85.149600 253.498755	6.35e-01  7.60e-01  3.78e+05	-2.2204 70.4151 0.3053	
85.149600 253.498755	6.28e-01  8.72e-01  3.62e+05	46.8544 61.8813 0.6408	
85.149600 253.498755	5.29e-01  8.94e-01  3.73e+05	37.8774 61.8374 0.9834	
85.149600 253.498755	5.71e-01  9.14e-01  3.64e+05	-27.1989 71.7047 0.4447	
85.149600 253.498755	7.34e-01  8.12e-01  3.55e+05	1.4690 80.4140 0.9637	
85.149600 253.498755	5.44e-01  9.87e-01  3.57e+05	-17.7233 77.4889 0.0710	
85.149600 253.498755	7.64e-01  8.36e-01  3.48e+05	-64.5097 52.8984 0.7221	
85.149600 253.498755	4.91e-01  9.81e-01  3.66e+05	22.5651 72.3824 0.0390	
85.149600 253.498755	4.43e-01  8.41e-01  3.96e+05	-19.9345 57.8167 0.3747	
85.149600 253.498755	5.08e-01  8.98e-01  3.76e+05	-8.8444 70.7313 0.6210	
85.149600 253.498755	5.32e-01  8.94e-01  3.73e+05	-27.9011 67.1796 0.0623	
85.149600 253.498755	5.40e-01  6.73e-01  4.08e+05	-27.3533 46.4015 0.0955	
85.149600 253.498755	5.96e-01  8.28e-01  3.73e+05	-17.5653 70.3964 0.2942	
85.149600 253.498755	5.45e-01  7.74e-01  3.90e+05	10.9550 63.3848 0.4798	
85.149600 253.498755	5.12e-01  6.78e-01  4.13e+05	16.3571 48.4341 0.0577	
85.149600 253.498755	5.50e-01  8.71e-01  3.73e+05	-13.3613 71.1067 0.6239	
85.149600 253.498755	6.10e-01  7.61e-01  3.81e+05	6.9725 68.2819 0.6735	
85.149600 253.498755	7.24e-01  8.86e-01  3.46e+05	14.6608 82.6637 0.4057	
85.149600 253.498755	6.33e-01  6.70e-01  3.93e+05	-17.3473 60.4700 0.5606	
85.149600 253.498755	8.44e-01  9.24e-01  3.27e+05	-33.4969 85.0688 0.6612	
85.149600 253.498755	6.91e-01  9.33e-01  3.45e+05	21.8241 81.7874 0.7885	
85.149600 253.498755	6.53e-01  8.79e-01  3.57e+05	-4.1963 79.4792 0.6814	
85.149600 253.498755	5.79e-01  8.29e-01  3.75e+05	28.3306 65.5788 0.7130	
85.149600 253.498755	6.32e-01  8.19e-01  3.69e+05	12.7884 73.3334 0.5864	
85.149600 253.498755	5.37e-01  7.52e-01  3.95e+05	19.2392 58.5731 0.8950	
85.149600 253.498755	5.66e-01  7.85e-01  3.85e+05	-13.3742 65.6743 0.4468	
85.149600 253.498755	8.24e-01  9.61e-01  3.25e+05	-8.4304 91.7872 0.5578	
85.149600 253.498755	6.10e-01  6.66e-01  3.97e+05	-16.5285 58.0668 0.8697	
85.149600 253.498755	5.86e-01  8.01e-01  3.79e+05	35.5044 60.1763 0.3674	
85.149600 253.498755	8.55e-01  9.12e-01  3.27e+05	-11.4993 90.6811 0.7627	
85.149600 253.498755	7.34e-01  8.33e-01  3.52e+05	22.5230 78.4096 0.5005	
85.149600 253.498755	7.21e-01  8.68e-01  3.49e+05	4.5832 82.7182 0.4827	
85.149600 253.498755	5.17e-01  8.56e-01  3.81e+05	-25.9789 63.6767 0.8178	
85.149600 253.498755	5.47e-01  7.64e-01  3.91e+05	-17.9781 61.0546 0.3592	
85.149600 253.498755	6.60e-01  7.61e-01  3.73e+05	-4.0770 72.2727 0.1893	
85.149600 253.498755	6.03e-01  7.54e-01  3.84e+05	13.7794 66.1047 0.2696	
85.149600 253.498755	7.57e-01  9.23e-01  3.37e+05	16.1932 85.9307 0.2576	
85.149600 253.498755	6.04e-01  8.41e-01  3.70e+05	27.2869 68.8498 0.2772	
85.149600 253.498755	5.60e-01  7.88e-01  3.85e+05	1.8343 66.8667 0.9383	
85.149600 253.498755	6.30e-01  9.66e-01  3.48e+05	-32.5728 76.5023 0.8362	
85.149600 253.498755	5.61e-01  7.92e-01  3.84e+05	0.8620 67.1974 0.3839	
85.149600 253.498755	6.30e-01  9.67e-01  3.48e+05	8.7653 82.7539 0.9519	
85.149600 253.498755	6.94e-01  8.31e-01  3.58e+05	21.0473 76.2652 0.7671	
85.149600 253.498755	3.99e-01  8.88e-01  3.95e+05	21.5368 57.5198 0.0987	
85.149600 253.498755	5.47e-01  7.82e-01  3.88e+05	14.2907 63.6484 0.7075	
85.149600 253.498755	6.78e-01  8.73e-01  3.54e+05	-34.1293 73.0901 0.2159	
85.149600 253.498755	6.41e-01  7.75e-01  3.74e+05	-5.5072 71.8097 0.9425	
85.149600 253.498755	4.47e-01  8.82e-01  3.88e+05	19.0534 62.3927 0.0119	
85.149600 253.498755	6.02e-01  7.64e-01  3.82e+05	7.5713 67.8616 0.5396	
85.149600 253.498755	3.20e-01  8.46e-01  4.17e+05	-10.3031 46.9215 0.8529	
85.149600 253.498755	5.87e-01  8.52e-01  3.71e+05	-34.7894 64.9178 0.0314	
85.149600 253.498755	5.51e-01  6.26e-01  4.15e+05	1.6321 49.5248 0.1808	
85.149600 253.498755	7.10e-01  9.12e-01  3.45e+05	-2.0435 84.5229 0.6937	
85.149600 253.498755	5.52e-01  7.57e-01  3.91e+05	-12.4829 62.2891 0.3287	
85.149600 253.498755	7.86e-01  9.03e-01  3.36e+05	18.5714 85.8782 0.0884	
85.149600 253.498755	7.53e-01  9.63e-01  3.33e+05	12.7308 88.2349 0.8309	
85.149600 253.498755	5.79e-01  9.62e-01  3.56e+05	11.7015 79.2284 0.3192	
85.149600 253.498755	5.93e-01  7.45e-01  3.87e+05	-15.1733 64.2533 0.1719	
85.149600 253.498755	5.35e-01  7.09e-01  4.03e+05	-0.4491 57.2095 0.6451	
85.149600 253.498755	8.46e-01  9.55e-01  3.23e+05	-41.5457 83.0419 0.1616	
85.149600 253.498755	5.79e-01  8.32e-01  3.75e+05	9.3745 71.0581 0.6785	
85.149600 253.498755	5.63e-01  8.45e-01  3.75e+05	13.4846 70.2296 0.5882	
85.149600 253.498755	5.98e-01  8.02e-01  3.77e+05	20.3759 67.8521 0.2802	
85.149600 253.498755	6.93e-01  7.63e-01  3.68e+05	-37.8116 64.5354 0.9435	
85.149600 253.498755	5.84e-01  9.21e-01  3.61e+05	-16.5596 76.1969 0.2520	
85.149600 253.498755	6.19e-01  6.95e-01  3.91e+05	-3.4952 63.8614 0.6081	
85.149600 253.498755	5.33e-01  9.88e-01  3.59e+05	-14.7700 77.4912 0.0207	
85.149600 253.498755	5.10e-01  9.03e-01  3.75e+05	15.9138 70.0319 0.2885	
85.149600 253.498755	6.87e-01  7.59e-01  3.70e+05	27.6565 68.7240 0.9672	
85.149600 253.498755	4.93e-01  7.82e-01  3.97e+05	2.9550 60.3056 0.8708	
85.149600 253.498755	5.87e-01  7.18e-01  3.92e+05	10.1921 62.3273 0.1805	
85.149600 253.498755	7.18e-01  9.03e-01  3.45e+05	-20.9829 81.8448 0.8134	
85.149600 253.498755	5.62e-01  9.25e-01  3.64e+05	-10.6408 76.0603 0.5918	
85.149600 253.498755	5.97e-01  6.88e-01  3.96e+05	-12.6425 59.9592 0.6736	
85.149600 253.498755	7.76e-01  8.12e-01  3.49e+05	12.2752 81.7923 0.1062	
85.149600 253.498755	5.96e-01  7.56e-01  3.84e+05	22.5083 63.2745 0.7511	
85.149600 253.498755	7.46e-01  8.08e-01  3.54e+05	4.5562 80.6981 0.8735	
85.149600 253.498755	4.56e-01  8.46e-01  3.93e+05	18.5140 60.1091 0.0620	
85.149600 253.498755	7.09e-01  9.43e-01  3.41e+05	43.2209 74.4332 0.9509	
85.149600 253.498755	5.54e-01  8.75e-01  3.72e+05	15.9056 71.1806 0.5981	
85.149600 253.498755	6.03e-01  8.35e-01  3.71e+05	37.7706 63.1591 0.6660	
85.149600 253.498755	5.15e-01  8.44e-01  3.83e+05	-38.2616 55.8389 0.0960	
85.149600 253.498755	5.53e-01  8.30e-01  3.79e+05	10.6714 68.7529 0.4844	
85.149600 253.498755	5.86e-01  9.54e-01  3.56e+05	-9.7037 79.4304 0.1424	
85.149600 253.498755	7.68e-01  9.14e-01  3.37e+05	-25.4633 83.7730 0.2359	
85.149600 253.498755	5.60e-01  8.28e-01  3.79e+05	24.8870 65.4009 0.1186	
85.149600 253.498755	6.01e-01  9.22e-01  3.58e+05	-9.0579 78.5298 0.3860	
85.149600 253.498755	6.12e-01  7.46e-01  3.83e+05	-20.1093 64.5718 0.8699	
85.149600 253.498755	7.70e-01  8.23e-01  3.49e+05	5.7099 82.7660 0.5104	
85.149600 253.498755	4.26e-01  9.49e-01  3.81e+05	8.3570 68.4803 0.0906	
85.149600 253.498755	6.26e-01  7.95e-01  3.73e+05	-22.2796 68.8953 0.4546	
85.149600 253.498755	4.55e-01  9.44e-01  3.77e+05	34.2597 61.9076 0.6465	
85.149600 253.498755	5.92e-01  7.74e-01  3.82e+05	15.7390 66.4462 0.7621	
85.149600 253.498755	6.89e-01  8.03e-01  3.63e+05	1.0767 77.1450 0.6079	
85.149600 253.498755	7.32e-01  7.89e-01  3.59e+05	-5.6893 78.7349 0.0507	
85.149600 253.498755	4.75e-01  8.39e-01  3.91e+05	-19.5987 60.8476 0.2507	
85.149600 253.498755	6.07e-01  9.19e-01  3.58e+05	10.8732 78.4862 0.9350	
85.149600 253.498755	7.27e-01  8.65e-01  3.49e+05	-5.6661 82.7791 0.7148	
85.149600 253.498755	6.33e-01  7.66e-01  3.77e+05	-28.7333 64.7563 0.7438	
85.149600 253.498755	7.09e-01  8.26e-01  3.57e+05	14.6741 78.3845 0.9076	
85.149600 253.498755	6.42e-01  7.39e-01  3.80e+05	-2.2990 69.3895 0.2213	
85.149600 253.498755	5.25e-01  8.61e-01  3.79e+05	6.6910 69.5023 0.3687	
85.149600 253.498755	4.61e-01  7.06e-01  4.17e+05	15.0794 45.6389 0.6343	
85.149600 253.498755	7.03e-01  8.35e-01  3.56e+05	-45.1392 65.9479 0.6023	
85.149600 253.498755	5.31e-01  7.30e-01  4.00e+05	-24.2597 53.6981 0.3749	
85.149600 253.498755	6.18e-01  9.38e-01  3.54e+05	-36.8787 72.0595 0.9096	
85.149600 253.498755	4.98e-01  9.16e-01  3.75e+05	11.4228 70.9329 0.7202	
85.149600 253.498755	6.07e-01  8.76e-01  3.64e+05	1.3528 76.5429 0.7084	
85.149600 253.498755	6.65e-01  8.55e-01  3.59e+05	13.6082 77.6305 0.1306	
85.149600 253.498755	6.69e-01  8.84e-01  3.54e+05	-3.8062 80.6874 0.6557	
85.149600 253.498755	4.61e-01  8.26e-01  3.95e+05	-6.7652 61.0367 0.3701	
85.149600 253.498755	5.76e-01  9.69e-01  3.55e+05	25.5388 76.1306 0.8627	
85.149600 253.498755	7.28e-01  9.76e-01  3.34e+05	13.6801 87.5140 0.1429	
85.149600 253.498755	7.23e-01  8.71e-01  3.48e+05	1.6317 83.0660 0.5524	
85.149600 253.498755	4.78e-01  7.92e-01  3.98e+05	-12.7886 58.5001 0.4370	
85.149600 253.498755	8.50e-01  9.78e-01  3.20e+05	16.5305 92.4844 0.8072	
85.149600 253.498755	7.82e-01  9.46e-01  3.31e+05	17.2418 88.0078 0.4061	
85.149600 253.498755	5.29e-01  8.09e-01  3.87e+05	2.5495 65.9051 0.0475	
85.149600 253.498755	6.56e-01  9.27e-01  3.50e+05	36.9906 73.6888 0.0954	
85.149600 253.498755	4.66e-01  7.54e-01  4.07e+05	8.6190 53.9620 0.7299	
85.149600 253.498755	5.74e-01  7.96e-01  3.81e+05	17.9449 66.1817 0.4159	
85.149600 253.498755	4.61e-01  8.92e-01  3.84e+05	-13.2395 65.9094 0.7782	
85.149600 253.498755	6.21e-01  9.48e-01  3.52e+05	-15.4773 80.1889 0.5123	
85.149600 253.498755	3.75e-01  9.49e-01  3.89e+05	5.6308 64.5869 0.9072	
85.149600 253.498755	6.76e-01  7.91e-01  3.67e+05	10.4089 74.7681 0.7254	
85.149600 253.498755	7.76e-01  8.44e-01  3.45e+05	15.7288 83.0030 0.2194	
85.149600 253.498755	6.13e-01  8.80e-01  3.63e+05	1.5467 77.2065 0.2931	
85.149600 253.498755	6.22e-01  6.53e-01  3.97e+05	-32.5399 50.7865 0.2819	
85.149600 253.498755	6.21e-01  8.09e-01  3.72e+05	16.5110 71.0926 0.7661	
85.149600 253.498755	4.64e-01  6.94e-01  4.19e+05	1.5123 47.0081 0.3559	
85.149600 253.498755	5.66e-01  8.31e-01  3.77e+05	-8.0427 70.2027 0.2688	
85.149600 253.498755	7.73e-01  9.33e-01  3.34e+05	-35.4293 81.2952 0.9268	
85.149600 253.498755	5.78e-01  9.09e-01  3.64e+05	23.6366 73.0445 0.5876	
85.149600 253.498755	6.62e-01  7.87e-01  3.69e+05	-21.5410 71.1466 0.8409	
85.149600 253.498755	6.69e-01  9.22e-01  3.49e+05	15.1264 81.5270 0.8209	
85.149600 253.498755	5.10e-01  9.32e-01  3.70e+05	2.3256 73.8161 0.6132	
85.149600 253.498755	5.56e-01  9.54e-01  3.60e+05	17.3293 76.3412 0.4751	
85.149600 253.498755	6.07e-01  8.69e-01  3.65e+05	26.0105 71.4728 0.5102	
85.149600 253.498755	5.18e-01  8.72e-01  3.78e+05	-10.9162 69.2687 0.2650	
85.149600 253.498755	6.93e-01  8.16e-01  3.60e+05	1.2859 78.1795 0.9684	
85.149600 253.498755	6.84e-01  8.71e-01  3.54e+05	-16.1696 79.2416 0.0876	
85.149600 253.498755	5.62e-01  8.75e-01  3.71e+05	31.1508 66.5383 0.5192	
85.149600 253.498755	5.18e-01  7.74e-01  3.94e+05	-19.3171 58.8795 0.5714	
85.149600 253.498755	4.89e-01  8.82e-01  3.81e+05	10.0915 67.9162 0.4157	
85.149600 253.498755	5.02e-01  7.91e-01  3.94e+05	0.5631 62.1098 0.3642	
85.149600 253.498755	6.77e-01  7.26e-01  3.76e+05	-8.4972 70.5527 0.9027	
85.149600 253.498755	6.31e-01  8.55e-01  3.64e+05	40.0847 65.5086 0.5585	
85.149600 253.498755	3.85e-01  8.17e-01  4.11e+05	2.0049 52.5449 0.0288	
85.149600 253.498755	6.08e-01  6.44e-01  4.01e+05	-10.6063 57.1338 0.2825	
85.149600 253.498755	6.49e-01  7.60e-01  3.75e+05	-23.5483 67.4815 0.1662	
85.149600 253.498755	4.21e-01  8.96e-01  3.90e+05	7.0716 63.7878 0.4239	
85.149600 253.498755	5.66e-01  7.29e-01  3.94e+05	-25.8976 56.5815 0.4026	
85.149600 253.498755	7.64e-01  8.96e-01  3.40e+05	-8.4963 86.0564 0.2077	
85.149600 253.498755	6.97e-01  7.75e-01  3.66e+05	34.2603 67.7341 0.2807	
85.149600 253.498755	6.86e-01  8.09e-01  3.62e+05	18.6056 75.0632 0.8683	
85.149600 253.498755	7.23e-01  8.35e-01  3.53e+05	24.1286 77.3657 0.0382	
85.149600 253.498755	7.81e-01  9.01e-01  3.37e+05	8.3771 87.1533 0.9125	
85.149600 253.498755	5.95e-01  8.45e-01  3.70e+05	12.6226 72.6458 0.3085	
85.149600 253.498755	6.89e-01  8.43e-01  3.57e+05	-19.2352 77.2262 0.6575	
85.149600 253.498755	6.06e-01  8.22e-01  3.72e+05	-8.1050 72.4205 0.1176	
85.149600 253.498755	6.69e-01  8.40e-01  3.60e+05	14.4160 76.9034 0.0612	
85.149600 253.498755	5.77e-01  7.94e-01  3.81e+05	-16.1986 66.7680 0.5757	
85.149600 253.498755	6.65e-01  7.79e-01  3.70e+05	7.6786 73.5527 0.1036	
85.149600 253.498755	7.70e-01  9.27e-01  3.35e+05	-9.1199 87.7843 0.9754	
85.149600 253.498755	5.76e-01  8.32e-01  3.75e+05	24.6392 67.0714 0.6694	
85.149600 253.498755	6.90e-01  8.37e-01  3.58e+05	29.1652 73.6898 0.3118	
85.149600 253.498755	5.46e-01  8.23e-01  3.82e+05	-20.8255 65.2625 0.4938	
85.149600 253.498755	6.05e-01  8.62e-01  3.66e+05	14.4466 74.1333 0.4391	
85.149600 253.498755	6.05e-01  9.09e-01  3.60e+05	2.8099 78.4266 0.4555	
85.149600 253.498755	6.19e-01  8.32e-01  3.69e+05	-9.8403 73.8400 0.4821	
85.149600 253.498755	6.23e-01  8.27e-01  3.69e+05	-0.7750 74.3893 0.0869	
85.149600 253.498755	5.65e-01  9.83e-01  3.55e+05	-16.7128 78.7473 0.2606	
85.149600 253.498755	5.70e-01  8.39e-01  3.75e+05	-21.7861 68.1109 0.5329	
85.149600 253.498755	6.47e-01  8.69e-01  3.59e+05	6.2063 78.3987 0.4572	
85.149600 253.498755	6.06e-01  9.13e-01  3.59e+05	8.5794 78.3501 0.4493	
85.149600 253.498755	5.34e-01  7.82e-01  3.90e+05	-23.2639 59.6742 0.0809	
85.149600 253.498755	7.48e-01  7.66e-01  3.60e+05	8.3054 78.0435 0.1474	
85.149600 253.498755	5.26e-01  9.33e-01  3.68e+05	-0.8442 74.9855 0.7464	
85.149600 253.498755	6.02e-01  7.92e-01  3.78e+05	-12.2125 69.3271 0.0286	
85.149600 253.498755	3.46e-01  8.04e-01  4.20e+05	12.0246 44.2441 0.7792	
85.149600 253.498755	6.07e-01  7.68e-01  3.81e+05	-36.6971 58.4218 0.2580	
85.149600 253.498755	5.26e-01  7.56e-01  3.96e+05	-10.7221 60.1100 0.5384	
85.149600 253.498755	6.15e-01  7.32e-01  3.85e+05	4.7230 66.5259 0.3639	
85.149600 253.498755	5.36e-01  7.31e-01  3.99e+05	-16.3967 57.2405 0.1621	
85.149600 253.498755	4.79e-01  9.01e-01  3.80e+05	7.4774 68.9565 0.0921	
85.149600 253.498755	7.22e-01  9.86e-01  3.34e+05	1.9555 88.7151 0.9606	
85.149600 253.498755	7.40e-01  7.76e-01  3.59e+05	2.2100 78.5764 0.3131	
85.149600 253.498755	6.73e-01  7.89e-01  3.67e+05	0.8100 75.1766 0.9698	
85.149600 253.498755	5.49e-01  6.78e-01  4.06e+05	18.9873 52.0277 0.4942	
85.149600 253.498755	5.94e-01  6.86e-01  3.97e+05	8.5024 60.1828 0.0958	
85.149600 253.498755	6.45e-01  9.59e-01  3.47e+05	20.6617 80.9614 0.0424	
85.149600 253.498755	6.07e-01  7.70e-01  3.80e+05	5.9607 68.9096 0.9733	
85.149600 253.498755	7.26e-01  8.27e-01  3.54e+05	-16.3301 79.1211 0.3737	
85.149600 253.498755	4.64e-01  8.96e-01  3.83e+05	-33.4583 59.0122 0.0934	
85.149600 253.498755	6.80e-01  8.90e-01  3.52e+05	11.4982 80.9432 0.8045	
85.149600 253.498755	4.65e-01  7.03e-01  4.17e+05	-3.5570 48.2624 0.4459	
85.149600 253.498755	5.06e-01  9.45e-01  3.69e+05	-13.9546 73.1346 0.6826	
85.149600 253.498755	6.53e-01  9.43e-01  3.48e+05	31.5283 76.9592 0.4002	
85.149600 253.498755	6.14e-01  7.12e-01  3.89e+05	11.5340 63.9652 0.6607	
85.149600 253.498755	4.71e-01  7.70e-01  4.03e+05	-0.0786 56.9414 0.6122	
85.149600 253.498755	6.01e-01  7.89e-01  3.78e+05	12.5937 68.9738 0.1221	
85.149600 253.498755	6.29e-01  8.26e-01  3.68e+05	14.7518 73.2671 0.4678	
85.149600 253.498755	5.36e-01  8.52e-01  3.79e+05	24.1279 65.6662 0.1765	
85.149600 253.498755	5.67e-01  8.71e-01  3.71e+05	22.3599 70.0782 0.7466	
85.149600 253.498755	5.11e-01  7.81e-01  3.94e+05	26.6263 55.9537 0.8482	
85.149600 253.498755	5.04e-01  7.08e-01  4.09e+05	-4.2643 53.5590 0.1136	
85.149600 253.498755	7.96e-01  9.54e-01  3.29e+05	7.9687 90.2860 0.4128	
85.149600 253.498755	5.92e-01  6.93e-01  3.96e+05	-16.6757 59.0088 0.5247	
85.149600 253.498755	5.37e-01  8.63e-01  3.77e+05	-3.8033 70.7429 0.1302	
85.149600 253.498755	6.96e-01  8.82e-01  3.51e+05	32.8148 75.3889 0.8784	
85.149600 253.498755	7.50e-01  8.61e-01  3.46e+05	25.5147 80.0143 0.3932	
85.149600 253.498755	5.47e-01  8.31e-01  3.80e+05	-3.5982 69.1088 0.2936	
85.149600 253.498755	7.42e-01  9.22e-01  3.39e+05	28.3037 81.9347 0.2421	
85.149600 253.498755	5.33e-01  8.72e-01  3.76e+05	7.8293 70.8091 0.4134	
85.149600 253.498755	5.33e-01  8.30e-01  3.83e+05	20.5457 64.8134 0.2811	
85.149600 253.498755	7.61e-01  8.18e-01  3.50e+05	-30.6516 76.3362 0.9417	
85.149600 253.498755	7.20e-01  7.86e-01  3.61e+05	1.0736 77.9481 0.5339	
85.149600 253.498755	6.62e-01  8.23e-01  3.64e+05	8.8929 76.1510 0.6875	
85.149600 253.498755	5.28e-01  7.43e-01  3.98e+05	13.9998 58.3229 0.0247	
85.149600 253.498755	4.94e-01  8.32e-01  3.89e+05	-7.0865 64.6421 0.1077	
85.149600 253.498755	4.10e-01  9.24e-01  3.87e+05	12.6070 64.4129 0.2715	
85.149600 253.498755	6.26e-01  8.88e-01  3.60e+05	28.7016 73.0747 0.7060	
85.149600 253.498755	7.42e-01  8.12e-01  3.54e+05	32.1512 74.1686 0.3517	
85.149600 253.498755	4.59e-01  8.11e-01  3.98e+05	7.7533 59.3102 0.8009	
85.149600 253.498755	7.79e-01  8.58e-01  3.43e+05	18.9684 83.2201 0.7516	
85.149600 253.498755	4.89e-01  6.59e-01  4.21e+05	-11.4342 44.0605 0.0279	
85.149600 253.498755	7.22e-01  7.70e-01  3.63e+05	17.4059 75.1715 0.7482	
85.149600 253.498755	7.77e-01  8.16e-01  3.49e+05	-16.2492 81.4096 0.2595	
85.149600 253.498755	6.56e-01  6.94e-01  3.85e+05	-0.3737 67.0506 0.3090	
85.149600 253.498755	7.29e-01  7.53e-01  3.64e+05	-29.5196 70.5798 0.1137	
85.149600 253.498755	6.43e-01  8.37e-01  3.64e+05	-14.8692 74.9208 0.9426	
85.149600 253.498755	5.16e-01  8.47e-01  3.83e+05	-26.2564 62.7569 0.6202	
85.149600 253.498755	6.20e-01  8.04e-01  3.73e+05	5.7713 72.3493 0.8451	
85.149600 253.498755	4.83e-01  7.18e-01  4.11e+05	-7.6500 51.8604 0.1290	
85.149600 253.498755	5.79e-01  6.95e-01  3.98e+05	23.1790 55.6235 0.1456	
85.149600 253.498755	6.08e-01  8.07e-01  3.74e+05	11.1937 71.1075 0.1984	
85.149600 253.498755	5.68e-01  8.28e-01  3.77e+05	2.6651 70.5781 0.7362	
85.149600 253.498755	6.80e-01  7.06e-01  3.79e+05	-2.3428 69.7858 0.0131	
85.149600 253.498755	5.63e-01  9.17e-01  3.64e+05	29.6527 70.4219 0.7074	
85.149600 253.498755	5.75e-01  7.55e-01  3.88e+05	-5.9704 65.0821 0.4845	
85.149600 253.498755	5.65e-01  8.78e-01  3.70e+05	12.1873 72.8601 0.4152	
85.149600 253.498755	5.87e-01  7.61e-01  3.85e+05	-9.6523 66.1830 0.1689	
85.149600 253.498755	6.05e-01  7.15e-01  3.90e+05	-6.2345 64.1307 0.2540	
85.149600 253.498755	6.34e-01  9.26e-01  3.53e+05	2.8444 81.1125 0.7551	
85.149600 253.498755	6.28e-01  6.85e-01  3.91e+05	46.2191 44.0222 0.2904	
85.149600 253.498755	5.10e-01  9.07e-01  3.74e+05	31.7359 64.7508 0.4157	
85.149600 253.498755	5.89e-01  9.54e-01  3.55e+05	31.3336 73.8697 0.5626	
85.149600 253.498755	4.94e-01  9.45e-01  3.71e+05	17.5915 71.4783 0.1706	
85.149600 253.498755	5.73e-01  7.48e-01  3.89e+05	6.8519 64.2221 0.8589	
85.149600 253.498755	6.58e-01  7.95e-01  3.69e+05	-24.7537 70.3303 0.4794	
85.149600 253.498755	4.84e-01  9.24e-01  3.75e+05	14.9029 69.8587 0.7509	
85.149600 253.498755	4.46e-01  9.62e-01  3.75e+05	-14.5392 69.9518 0.4977	
85.149600 253.498755	4.45e-01  9.60e-01  3.76e+05	-8.5397 70.7363 0.4941	
85.149600 253.498755	5.68e-01  9.38e-01  3.61e+05	18.3519 75.7753 0.2025	
85.149600 253.498755	5.54e-01  8.07e-01  3.83e+05	-6.4669 67.6013 0.3519	
85.149600 253.498755	8.91e-01  9.43e-01  3.19e+05	-25.2887 90.6922 0.4848	
85.149600 253.498755	6.38e-01  8.54e-01  3.63e+05	-34.0915 69.1827 0.3265	
85.149600 253.498755	7.27e-01  7.90e-01  3.59e+05	-6.5529 78.4280 0.3520	
85.149600 253.498755	5.50e-01  9.32e-01  3.64e+05	-8.7862 75.9781 0.0555	
85.149600 253.498755	5.39e-01  8.47e-01  3.79e+05	2.0435 69.8094 0.0663	
85.149600 253.498755	7.80e-01  9.11e-01  3.36e+05	14.2808 86.7594 0.6106	
85.149600 253.498755	4.86e-01  9.33e-01  3.74e+05	25.2067 67.7352 0.8946	
85.149600 253.498755	6.16e-01  8.44e-01  3.67e+05	-34.3410 66.7579 0.7333	
85.149600 253.498755	5.64e-01  8.13e-01  3.80e+05	-15.4118 67.4255 0.5275	
85.149600 253.498755	4.48e-01  9.78e-01  3.73e+05	39.6520 60.9459 0.4366	
85.149600 253.498755	6.65e-01  8.85e-01  3.55e+05	-34.3574 72.9075 0.8953	
85.149600 253.498755	3.13e-01  9.27e-01  4.04e+05	6.4413 56.4805 0.6694	
85.149600 253.498755	5.87e-01  8.90e-01  3.65e+05	11.8384 75.2733 0.0055	
85.149600 253.498755	5.80e-01  8.74e-01  3.68e+05	-25.3408 70.2617 0.6845	
85.149600 253.498755	6.90e-01  8.53e-01  3.56e+05	-6.3989 79.9195 0.1917	
85.149600 253.498755	7.16e-01  9.61e-01  3.38e+05	0.4891 87.3013 0.2058	
85.149600 253.498755	6.51e-01  8.48e-01  3.62e+05	-22.1535 74.3235 0.8167	
85.149600 253.498755	6.27e-01  8.25e-01  3.69e+05	15.3287 72.9717 0.3882	
85.149600 253.498755	5.67e-01  8.22e-01  3.78e+05	12.1545 68.9550 0.1082	
85.149600 253.498755	5.71e-01  8.17e-01  3.78e+05	17.5002 67.7760 0.3157	
85.149600 253.498755	6.46e-01  9.27e-01  3.51e+05	2.1444 81.8636 0.4857	
85.149600 253.498755	7.35e-01  8.31e-01  3.52e+05	-15.4643 80.0232 0.3934	
85.149600 253.498755	6.72e-01  8.41e-01  3.60e+05	4.1103 78.3619 0.7302	
85.149600 253.498755	4.52e-01  7.77e-01  4.06e+05	-5.3796 55.3226 0.4141	
85.149600 253.498755	7.38e-01  8.19e-01  3.54e+05	12.6349 80.0380 0.2560	
85.149600 253.498755	6.54e-01  6.65e-01  3.90e+05	-20.2158 61.0785 0.4408	
85.149600 253.498755	6.89e-01  8.56e-01  3.55e+05	-31.4126 73.9377 0.2652	
85.149600 253.498755	5.07e-01  8.48e-01  3.84e+05	-3.0390 67.3353 0.5207	
85.149600 253.498755	4.54e-01  8.06e-01  4.00e+05	-8.7435 58.2215 0.8091	
85.149600 253.498755	6.02e-01  8.90e-01  3.63e+05	12.1488 76.2184 0.6310	
85.149600 253.498755	7.13e-01  8.75e-01  3.49e+05	1.1051 82.7224 0.8273	
85.149600 253.498755	5.16e-01  8.38e-01  3.84e+05	18.0516 64.9007 0.3728	
85.149600 253.498755	5.95e-01  9.03e-01  3.62e+05	-16.4741 75.7202 0.7074	
85.149600 253.498755	5.17e-01  7.21e-01  4.04e+05	-20.2879 52.8530 0.7722	
85.149600 253.498755	5.50e-01  8.77e-01  3.73e+05	10.6930 71.9996 0.5806	
85.149600 253.498755	4.46e-01  8.85e-01  3.88e+05	-24.4596 60.7041 0.1096	
85.149600 253.498755	7.47e-01  8.03e-01  3.54e+05	4.1718 80.5561 0.2815	
85.149600 253.498755	7.27e-01  9.25e-01  3.41e+05	6.0248 85.8341 0.5721	
85.149600 253.498755	4.94e-01  7.88e-01  3.96e+05	-17.8289 58.4188 0.4163	
85.149600 253.498755	5.59e-01  9.32e-01  3.63e+05	-25.9688 72.5279 0.4326	
85.149600 253.498755	6.47e-01  7.92e-01  3.70e+05	-6.7181 73.4025 0.6923	
85.149600 253.498755	6.58e-01  7.81e-01  3.71e+05	-0.4663 73.6160 0.8888	
85.149600 253.498755	6.27e-01  6.98e-01  3.89e+05	-5.0409 64.7105 0.4071	
85.149600 253.498755	4.54e-01  9.29e-01  3.79e+05	-4.3709 69.4404 0.4582	
85.149600 253.498755	5.89e-01  7.77e-01  3.82e+05	26.9205 62.7467 0.2183	
85.149600 253.498755	5.53e-01  9.06e-01  3.68e+05	20.1549 72.2741 0.4769	
85.149600 253.498755	5.15e-01  9.24e-01  3.71e+05	-3.8656 73.5953 0.4008	
85.149600 253.498755	7.24e-01  8.99e-01  3.45e+05	0.9121 84.6207 0.6761	
85.149600 253.498755	5.88e-01  7.93e-01  3.80e+05	9.0491 68.8508 0.9308	
85.149600 253.498755	5.97e-01  7.36e-01  3.87e+05	-0.2596 65.6325 0.0365	
85.149600 253.498755	5.59e-01  8.43e-01  3.76e+05	31.8048 63.4279 0.1149	
85.149600 253.498755	7.86e-01  8.04e-01  3.49e+05	21.8734 79.9311 0.5712	
85.149600 253.498755	6.32e-01  7.67e-01  3.77e+05	0.4779 70.7825 0.0645	
85.149600 253.498755	5.43e-01  8.91e-01  3.71e+05	6.1807 73.0210 0.7453	
85.149600 253.498755	5.39e-01  8.97e-01  3.71e+05	-9.6254 72.8175 0.6140	
85.149600 253.498755	6.72e-01  8.06e-01  3.65e+05	44.4914 61.9403 0.5556	
85.149600 253.498755	5.76e-01  6.88e-01  3.99e+05	8.0110 58.7811 0.4165	
85.149600 253.498755	8.64e-01  9.41e-01  3.22e+05	-20.3978 90.7560 0.6314	
85.149600 253.498755	5.84e-01  8.81e-01  3.67e+05	35.7779 66.3692 0.7359	
85.149600 253.498755	7.58e-01  8.06e-01  3.53e+05	19.7824 78.9252 0.5872	
85.149600 253.498755	4.55e-01  8.01e-01  4.01e+05	-15.3315 56.3986 0.4702	
85.149600 253.498755	7.33e-01  8.78e-01  3.46e+05	-3.4051 83.9375 0.9069	
85.149600 253.498755	6.06e-01  9.48e-01  3.54e+05	0.8724 80.8673 0.5717	
85.149600 253.498755	8.38e-01  9.36e-01  3.26e+05	28.8805 87.0104 0.9422	
85.149600 253.498755	6.23e-01  8.61e-01  3.64e+05	-14.0241 75.3270 0.8052	
85.149600 253.498755	5.64e-01  7.25e-01  3.95e+05	-0.3107 61.6870 0.6900	
85.149600 253.498755	6.90e-01  7.38e-01  3.72e+05	-5.0191 72.6712 0.7279	
85.149600 253.498755	6.18e-01  8.97e-01  3.59e+05	7.3719 78.1889 0.5227	
85.149600 253.498755	6.66e-01  9.32e-01  3.48e+05	-3.8047 83.1983 0.9466	
85.149600 253.498755	5.09e-01  7.94e-01  3.93e+05	-21.9693 59.0184 0.2379	
85.149600 253.498755	4.95e-01  7.77e-01  3.98e+05	19.9161 56.6567 0.7454	
85.149600 253.498755	4.22e-01  8.46e-01  3.99e+05	-22.8822 55.1416 0.7701	
85.149600 253.498755	7.45e-01  8.61e-01  3.47e+05	7.8750 83.3236 0.1755	
85.149600 253.498755	5.43e-01  8.96e-01  3.71e+05	2.5649 73.6123 0.3116	
85.149600 253.498755	4.55e-01  8.50e-01  3.92e+05	-25.8059 57.6238 0.5547	
85.149600 253.498755	5.81e-01  6.77e-01  4.00e+05	-23.4483 53.7006 0.4577	
85.149600 253.498755	5.45e-01  8.42e-01  3.79e+05	11.3030 68.9908 0.5202	
85.149600 253.498755	4.28e-01  7.49e-01  4.15e+05	-23.4742 43.5363 0.6058	
85.149600 253.498755	5.95e-01  6.99e-01  3.94e+05	2.5560 62.0939 0.1902	
85.149600 253.498755	4.43e-01  7.36e-01  4.15e+05	-6.0424 49.3564 0.9192	
85.149600 253.498755	8.67e-01  9.53e-01  3.21e+05	-22.7423 90.8098 0.1026	
85.149600 253.498755	5.89e-01  7.66e-01  3.84e+05	8.2872 66.8440 0.1267	
85.149600 253.498755	4.58e-01  7.74e-01  4.05e+05	-1.8986 55.9324 0.5910	
85.149600 253.498755	4.50e-01  9.15e-01  3.82e+05	11.8640 67.1069 0.6101	
85.149600 253.498755	7.15e-01  7.87e-01  3.61e+05	14.5786 76.3559 0.2352	
85.149600 253.498755	6.04e-01  7.55e-01  3.83e+05	-16.4806 65.6613 0.1692	
85.149600 253.498755	6.04e-01  8.67e-01  3.66e+05	-15.6574 74.1284 0.3754	
85.149600 253.498755	5.77e-01  7.45e-01  3.89e+05	-24.2581 59.9029 0.0882	
85.149600 253.498755	6.75e-01  9.19e-01  3.49e+05	15.2611 81.6273 0.9159	
85.149600 253.498755	5.56e-01  7.67e-01  3.89e+05	8.5486 64.1821 0.3642	
85.149600 253.498755	4.96e-01  8.16e-01  3.91e+05	21.7719 59.9836 0.0896	
85.149600 253.498755	5.61e-01  8.87e-01  3.69e+05	-1.6313 74.3013 0.1353	
85.149600 253.498755	6.98e-01  9.55e-01  3.41e+05	-30.0745 80.6886 0.9068	
85.149600 253.498755	6.25e-01  8.38e-01  3.67e+05	10.6810 74.4418 0.0957	
85.149600 253.498755	7.02e-01  9.36e-01  3.43e+05	2.1577 85.3738 0.2056	
85.149600 253.498755	6.20e-01  8.07e-01  3.73e+05	7.6967 72.3834 0.1233	
85.149600 253.498755	6.67e-01  9.41e-01  3.47e+05	34.9815 76.1377 0.8533	
85.149600 253.498755	6.66e-01  8.82e-01  3.55e+05	30.3263 74.5901 0.1483	
85.149600 253.498755	4.50e-01  8.60e-01  3.91e+05	28.8721 56.6241 0.6480	
85.149600 253.498755	6.15e-01  9.14e-01  3.57e+05	5.0677 79.2396 0.2221	
85.149600 253.498755	7.47e-01  8.15e-01  3.53e+05	10.0987 80.6847 0.8643	
85.149600 253.498755	4.75e-01  9.35e-01  3.75e+05	-31.6211 64.2223 0.3481	
85.149600 253.498755	6.00e-01  8.53e-01  3.68e+05	-18.5945 72.3097 0.5288	
85.149600 253.498755	6.36e-01  8.69e-01  3.61e+05	12.1569 76.9632 0.2664	
85.149600 253.498755	7.79e-01  9.15e-01  3.36e+05	-24.6876 84.5461 0.8210	
85.149600 253.498755	7.07e-01  8.62e-01  3.52e+05	-11.8861 80.8314 0.6524	
85.149600 253.498755	6.05e-01  8.40e-01  3.70e+05	-2.0857 74.0760 0.0191	
85.149600 253.498755	6.89e-01  8.40e-01  3.58e+05	-8.0987 78.9385 0.2339	
85.149600 253.498755	4.51e-01  8.49e-01  3.93e+05	15.1270 60.8430 0.6412	
85.149600 253.498755	5.42e-01  8.21e-01  3.83e+05	12.1188 66.9304 0.6172	
85.149600 253.498755	4.96e-01  7.82e-01  3.97e+05	10.5887 59.7890 0.1598	
85.149600 253.498755	5.85e-01  9.42e-01  3.58e+05	19.2914 76.9109 0.3349	
85.149600 253.498755	6.75e-01  7.08e-01  3.79e+05	-36.3082 59.4175 0.6766	
85.149600 253.498755	3.40e-01  9.56e-01  3.94e+05	-7.7845 61.8655 0.7952	
85.149600 253.498755	5.12e-01  8.92e-01  3.76e+05	23.4145 67.1773 0.5289	
85.149600 253.498755	5.09e-01  8.45e-01  3.84e+05	-4.6541 67.1954 0.2163	
85.149600 253.498755	5.75e-01  7.55e-01  3.88e+05	-0.0243 65.3777 0.9579	
85.149600 253.498755	5.96e-01  8.73e-01  3.66e+05	-38.5644 65.0363 0.6146	
85.149600 253.498755	5.14e-01  6.71e-01  4.14e+05	-17.3246 47.4820 0.4098	
85.149600 253.498755	6.65e-01  9.12e-01  3.51e+05	-29.7423 76.5732 0.9588	
85.149600 253.498755	6.62e-01  7.64e-01  3.73e+05	-14.0217 71.4134 0.5891	
85.149600 253.498755	6.65e-01  8.39e-01  3.61e+05	-33.5498 70.2827 0.4980	
85.149600 253.498755	4.35e-01  8.88e-01  3.89e+05	-11.5836 63.7196 0.3551	
85.149600 253.498755	4.83e-01  8.77e-01  3.83e+05	-43.4102 52.0733 0.0028	
85.149600 253.498755	8.83e-01  9.82e-01  3.15e+05	66.1738 68.7297 0.5888	
85.149600 253.498755	6.19e-01  8.21e-01  3.70e+05	15.8378 72.0548 0.9889	
85.149600 253.498755	4.93e-01  9.15e-01  3.75e+05	-2.6847 71.3863 0.9570	
85.149600 253.498755	6.49e-01  7.68e-01  3.74e+05	22.1328 68.5664 0.2065	
85.149600 253.498755	5.47e-01  7.55e-01  3.93e+05	-3.0276 62.7415 0.9537	
85.149600 253.498755	5.67e-01  7.26e-01  3.94e+05	4.1813 61.8526 0.2022	
85.149600 253.498755	4.66e-01  7.24e-01  4.13e+05	24.7882 44.7572 0.0069	
85.149600 253.498755	6.73e-01  7.38e-01  3.75e+05	6.8071 71.3899 0.7394	
85.149600 253.498755	5.12e-01  8.20e-01  3.88e+05	10.6002 64.6099 0.6651	
85.149600 253.498755	6.10e-01  7.12e-01  3.89e+05	-19.0710 61.8204 0.0810	
85.149600 253.498755	4.57e-01  9.76e-01  3.72e+05	2.5734 73.1779 0.8336	
85.149600 253.498755	6.73e-01  7.74e-01  3.69e+05	-33.2589 66.3159 0.7253	
85.149600 253.498755	5.29e-01  7.60e-01  3.95e+05	28.4628 54.6995 0.7813	
85.149600 253.498755	5.67e-01  9.92e-01  3.53e+05	6.1539 80.8943 0.8984	
85.149600 253.498755	6.04e-01  8.89e-01  3.63e+05	12.7962 76.1418 0.1758	
85.149600 253.498755	4.54e-01  7.07e-01  4.18e+05	-3.6842 47.2323 0.7136	
85.149600 253.498755	5.42e-01  8.60e-01  3.76e+05	23.1304 67.1943 0.0211	
85.149600 253.498755	5.76e-01  8.97e-01  3.66e+05	10.8586 75.1128 0.6107	
85.149600 253.498755	4.33e-01  9.17e-01  3.85e+05	23.9871 62.5360 0.6510	
85.149600 253.498755	6.57e-01  7.69e-01  3.73e+05	-16.6975 70.8146 0.3591	
85.149600 253.498755	5.53e-01  8.92e-01  3.70e+05	3.1472 73.9345 0.5908	
85.149600 253.498755	5.13e-01  7.44e-01  4.00e+05	-3.0289 58.5435 0.2025	
85.149600 253.498755	6.59e-01  7.04e-01  3.83e+05	-12.9312 66.7993 0.7141	
85.149600 253.498755	5.94e-01  8.29e-01  3.73e+05	-47.0168 55.2966 0.0144	
85.149600 253.498755	5.75e-01  6.90e-01  3.99e+05	4.2805 59.2810 0.2160	
85.149600 253.498755	6.49e-01  8.60e-01  3.60e+05	12.7414 77.1697 0.8037	
85.149600 253.498755	7.00e-01  9.11e-01  3.46e+05	-27.1814 79.4308 0.4927	
85.149600 253.498755	5.78e-01  8.86e-01  3.67e+05	-11.3058 74.4424 0.3798	
85.149600 253.498755	4.28e-01  8.09e-01  4.04e+05	-34.7021 44.5660 0.6990	
85.149600 253.498755	6.02e-01  7.40e-01  3.86e+05	-0.5910 66.3263 0.5366	
85.149600 253.498755	6.34e-01  8.41e-01  3.65e+05	4.8566 75.8940 0.0806	
85.149600 253.498755	6.36e-01  8.74e-01  3.60e+05	-8.8652 77.7363 0.3161	
85.149600 253.498755	6.93e-01  7.51e-01  3.70e+05	-7.9071 73.5250 0.5687	
85.149600 253.498755	7.83e-01  7.98e-01  3.50e+05	29.5078 76.9175 0.4444	
85.149600 253.498755	6.35e-01  8.55e-01  3.63e+05	17.7692 74.8736 0.1723	
85.149600 253.498755	6.18e-01  8.93e-01  3.60e+05	-1.8253 78.2781 0.6606	
85.149600 253.498755	6.22e-01  7.34e-01  3.84e+05	-2.1321 67.4592 0.0352	
85.149600 253.498755	5.10e-01  7.78e-01  3.95e+05	8.4596 61.0256 0.4439	
85.149600 253.498755	4.39e-01  8.11e-01  4.02e+05	-12.9483 56.3997 0.7294	
85.149600 253.498755	5.74e-01  8.73e-01  3.69e+05	17.0296 72.2067 0.0105	
85.149600 253.498755	5.56e-01  8.12e-01  3.82e+05	26.8330 62.8959 0.6999	
85.149600 253.498755	6.87e-01  7.18e-01  3.76e+05	-6.0205 70.9613 0.7842	
85.149600 253.498755	4.83e-01  9.06e-01  3.78e+05	-4.9975 69.8863 0.5263	
85.149600 253.498755	6.57e-01  7.57e-01  3.75e+05	20.0124 69.0111 0.1457	
85.149600 253.498755	5.02e-01  9.14e-01  3.74e+05	-20.5033 69.0930 0.6315	
85.149600 253.498755	5.16e-01  7.73e-01  3.95e+05	5.1203 61.4065 0.1737	
85.149600 253.498755	6.04e-01  8.67e-01  3.66e+05	-5.7909 75.5404 0.9283	
85.149600 253.498755	7.68e-01  8.02e-01  3.52e+05	1.7884 81.7588 0.7459	
85.149600 253.498755	6.56e-01  8.52e-01  3.60e+05	-10.2313 77.4864 0.0147	
85.149600 253.498755	2.09e-01  9.07e-01  4.27e+05	-1.1388 40.7218 0.0495	
85.149600 253.498755	7.02e-01  8.85e-01  3.49e+05	18.8314 80.5029 0.3596	
85.149600 253.498755	5.18e-01  7.46e-01  3.99e+05	-2.7103 59.1279 0.6203	
85.149600 253.498755	7.35e-01  8.66e-01  3.48e+05	-15.3779 82.0162 0.2261	
85.149600 253.498755	5.56e-01  8.18e-01  3.81e+05	12.1461 67.8385 0.4445	
85.149600 253.498755	6.22e-01  9.64e-01  3.50e+05	24.5103 78.9110 0.2698	
85.149600 253.498755	6.55e-01  8.70e-01  3.58e+05	18.7077 76.9082 0.6673	
85.149600 253.498755	6.67e-01  6.96e-01  3.83e+05	-12.5109 66.8711 0.7629	
85.149600 253.498755	6.28e-01  7.58e-01  3.79e+05	2.5121 69.7429 0.0207	
85.149600 253.498755	4.27e-01  8.47e-01  3.97e+05	21.0470 56.5295 0.0918	
85.149600 253.498755	7.97e-01  9.14e-01  3.33e+05	-25.9169 85.0480 0.3814	
85.149600 253.498755	5.00e-01  8.31e-01  3.88e+05	12.4178 64.1619 0.9131	
85.149600 253.498755	5.03e-01  8.62e-01  3.82e+05	-5.0237 68.0611 0.2011	
85.149600 253.498755	6.42e-01  8.16e-01  3.68e+05	-37.8044 64.7356 0.4429	
85.149600 253.498755	7.43e-01  8.78e-01  3.45e+05	-43.5239 72.4047 0.2682	
85.149600 253.498755	6.98e-01  7.17e-01  3.74e+05	-17.6836 69.7459 0.0044	
85.149600 253.498755	5.56e-01  9.35e-01  3.63e+05	-10.5213 76.3107 0.6444	
85.149600 253.498755	5.78e-01  9.52e-01  3.57e+05	4.2517 79.3299 0.2589	
85.149600 253.498755	3.53e-01  8.48e-01  4.11e+05	-12.6885 50.9097 0.4762	
85.149600 253.498755	7.04e-01  8.37e-01  3.56e+05	10.4824 79.4154 0.4813	
85.149600 253.498755	4.12e-01  8.62e-01  3.97e+05	-12.9030 58.8941 0.4563	
85.149600 253.498755	7.51e-01  8.80e-01  3.44e+05	8.9952 84.5442 0.7602	
85.149600 253.498755	5.07e-01  6.92e-01  4.11e+05	0.6399 52.1918 0.4386	
85.149600 253.498755	7.36e-01  8.65e-01  3.48e+05	1.9221 83.4067 0.1562	
85.149600 253.498755	5.47e-01  8.29e-01  3.80e+05	-41.3639 55.3445 0.2034	
85.149600 253.498755	4.72e-01  8.59e-01  3.88e+05	8.6853 64.8746 0.8855	
85.149600 253.498755	6.33e-01  7.48e-01  3.80e+05	16.4420 67.4027 0.6428	
85.149600 253.498755	6.44e-01  8.29e-01  3.66e+05	-2.6463 75.8601 0.8050	
85.149600 253.498755	5.22e-01  9.15e-01  3.71e+05	-51.9728 51.9726 0.7835	
85.149600 253.498755	6.90e-01  8.03e-01  3.63e+05	-21.9368 74.0038 0.3197	
85.149600 253.498755	5.76e-01  8.03e-01  3.80e+05	6.4081 68.9794 0.8416	
85.149600 253.498755	4.87e-01  9.39e-01  3.73e+05	-10.6973 71.9325 0.2398	
85.149600 253.498755	3.94e-01  9.42e-01  3.87e+05	6.9272 65.4030 0.1593	
85.149600 253.498755	5.08e-01  9.54e-01  3.67e+05	1.4780 75.2171 0.7520	
85.149600 253.498755	6.64e-01  6.94e-01  3.83e+05	16.5751 65.5720 0.0413	
85.149600 253.498755	6.34e-01  7.11e-01  3.86e+05	19.4661 63.6491 0.7691	
85.149600 253.498755	5.31e-01  7.52e-01  3.96e+05	-28.3726 54.0925 0.7282	
85.149600 253.498755	6.01e-01  8.60e-01  3.67e+05	11.9037 74.2097 0.2685	
85.149600 253.498755	5.92e-01  7.97e-01  3.78e+05	-16.9416 68.0180 0.6660	
85.149600 253.498755	6.30e-01  8.12e-01  3.70e+05	4.4315 73.7007 0.8847	
85.149600 253.498755	5.95e-01  7.94e-01  3.79e+05	-46.7002 52.1227 0.7389	
85.149600 253.498755	5.16e-01  7.22e-01  4.04e+05	-18.8128 53.4412 0.9998	
85.149600 253.498755	6.55e-01  8.99e-01  3.54e+05	-6.8383 80.5579 0.0880	
85.149600 253.498755	5.53e-01  8.33e-01  3.79e+05	-18.1830 67.4324 0.7656	
85.149600 253.498755	6.10e-01  7.72e-01  3.80e+05	-29.3018 63.0013 0.8599	
85.149600 253.498755	6.35e-01  7.11e-01  3.85e+05	-13.1927 65.2843 0.6884	
85.149600 253.498755	5.49e-01  7.97e-01  3.85e+05	5.1510 66.4555 0.1476	
85.149600 253.498755	4.01e-01  8.26e-01  4.06e+05	2.8905 55.4030 0.1161	
85.149600 253.498755	7.63e-01  8.15e-01  3.51e+05	42.1152 70.5992 0.3890	
85.149600 253.498755	7.12e-01  8.22e-01  3.57e+05	20.9220 76.9008 0.1516	
85.149600 253.498755	7.54e-01  8.18e-01  3.51e+05	-5.6367 81.6646 0.8647	
85.149600 253.498755	6.17e-01  9.31e-01  3.55e+05	-8.8146 79.9841 0.4639	
85.149600 253.498755	6.51e-01  8.25e-01  3.65e+05	5.4935 75.8890 0.5082	
85.149600 253.498755	4.40e-01  8.20e-01  4.00e+05	-21.0295 54.9982 0.4204	
85.149600 253.498755	6.59e-01  8.26e-01  3.64e+05	-23.4964 73.0322 0.7286	
85.149600 253.498755	7.83e-01  9.20e-01  3.34e+05	4.5027 88.3939 0.2342	
85.149600 253.498755	5.75e-01  8.49e-01  3.73e+05	-23.4714 68.7640 0.9346	
85.149600 253.498755	6.14e-01  8.26e-01  3.70e+05	-3.9729 73.6642 0.2346	
85.149600 253.498755	5.23e-01  8.69e-01  3.78e+05	14.8208 68.6656 0.5525	
85.149600 253.498755	6.51e-01  8.60e-01  3.60e+05	-11.2732 77.5184 0.1633	
85.149600 253.498755	5.96e-01  8.71e-01  3.66e+05	-1.0512 75.5043 0.3951	
85.149600 253.498755	6.88e-01  8.30e-01  3.59e+05	31.6595 72.0768 0.3036	
85.149600 253.498755	6.69e-01  7.77e-01  3.70e+05	-5.3927 73.9224 0.7357	
85.149600 253.498755	6.05e-01  9.00e-01  3.61e+05	-16.2460 76.2148 0.1104	
85.149600 253.498755	5.53e-01  7.41e-01  3.94e+05	-7.5936 61.6506 0.6188	
85.149600 253.498755	7.04e-01  8.78e-01  3.50e+05	-10.8655 81.6695 0.4257	
85.149600 253.498755	6.22e-01  8.19e-01  3.70e+05	6.6939 73.4549 0.5261	
85.149600 253.498755	5.38e-01  9.21e-01  3.68e+05	12.6361 73.9385 0.7195	
85.149600 253.498755	4.22e-01  8.23e-01  4.03e+05	-3.7168 57.2470 0.3390	
85.149600 253.498755	5.71e-01  8.97e-01  3.66e+05	-34.5682 67.1589 0.8065	
85.149600 253.498755	6.63e-01  7.20e-01  3.79e+05	12.2630 68.4880 0.9450	
85.149600 253.498755	7.10e-01  8.07e-01  3.59e+05	-18.2900 76.5142 0.9786	
85.149600 253.498755	5.23e-01  7.73e-01  3.94e+05	-2.9452 62.1759 0.6421	
85.149600 253.498755	5.95e-01  7.70e-01  3.82e+05	-7.9564 67.6917 0.4932	
85.149600 253.498755	5.63e-01  8.23e-01  3.79e+05	-25.0533 65.2155 0.8395	
85.149600 253.498755	5.18e-01  8.92e-01  3.75e+05	-4.1778 71.4502 0.2181	
85.149600 253.498755	6.83e-01  8.72e-01  3.54e+05	14.4232 79.6496 0.3169	
85.149600 253.498755	4.53e-01  9.27e-01  3.80e+05	1.3990 69.3474 0.8999	
85.149600 253.498755	7.99e-01  8.53e-01  3.41e+05	-32.2813 79.7582 0.7932	
85.149600 253.498755	5.92e-01  8.98e-01  3.63e+05	1.6924 76.9945 0.0135	
85.149600 253.498755	4.68e-01  8.61e-01  3.88e+05	20.0167 62.1005 0.4503	
85.149600 253.498755	5.32e-01  9.26e-01  3.68e+05	6.8898 74.6022 0.2180	
85.149600 253.498755	5.46e-01  9.01e-01  3.69e+05	33.8608 65.9969 0.0728	
85.149600 253.498755	5.43e-01  7.85e-01  3.88e+05	-16.6677 62.9594 0.2242	
85.149600 253.498755	5.12e-01  8.28e-01  3.86e+05	-2.3926 66.1334 0.1630	
85.149600 253.498755	3.92e-01  8.38e-01  4.05e+05	17.8023 52.8508 0.4873	
85.149600 253.498755	4.87e-01  8.18e-01  3.92e+05	38.0340 50.3509 0.1006	
85.149600 253.498755	6.28e-01  7.55e-01  3.79e+05	3.1947 69.5275 0.6173	
85.149600 253.498755	4.78e-01  7.50e-01  4.06e+05	0.0717 55.4900 0.1838	
85.149600 253.498755	8.05e-01  9.37e-01  3.30e+05	-36.5458 82.5454 0.9933	
85.149600 253.498755	4.95e-01  8.77e-01  3.81e+05	13.4580 67.4255 0.0202	
85.149600 253.498755	6.84e-01  6.99e-01  3.79e+05	12.7573 68.3956 0.7975	
85.149600 253.498755	5.72e-01  8.19e-01  3.78e+05	5.9164 69.9233 0.3341	
85.149600 253.498755	7.53e-01  8.97e-01  3.41e+05	-1.4517 85.9440 0.8939	
85.149600 253.498755	7.06e-01  7.62e-01  3.66e+05	3.6956 75.4916 0.3405	
85.149600 253.498755	4.79e-01  8.35e-01  3.91e+05	-5.3822 63.7901 0.2870	
85.149600 253.498755	5.27e-01  9.17e-01  3.70e+05	-47.0276 57.1459 0.0979	
85.149600 253.498755	6.16e-01  7.41e-01  3.83e+05	4.4947 67.4242 0.7087	
85.149600 253.498755	6.45e-01  9.69e-01  3.46e+05	-10.2744 83.4601 0.7442	
85.149600 253.498755	6.32e-01  7.42e-01  3.81e+05	21.8447 65.3176 0.7750	
85.149600 253.498755	5.33e-01  8.80e-01  3.75e+05	-10.1295 71.1266 0.7970	
85.149600 253.498755	5.88e-01  9.58e-01  3.55e+05	5.2551 80.2040 0.5593	
85.149600 253.498755	7.24e-01  9.06e-01  3.44e+05	-8.4585 84.5414 0.1384	
85.149600 253.498755	4.35e-01  8.67e-01  3.93e+05	15.6862 60.8497 0.7576	
85.149600 253.498755	5.62e-01  7.07e-01  3.98e+05	-5.5913 59.4761 0.7403	
85.149600 253.498755	6.23e-01  7.52e-01  3.81e+05	2.2354 68.9129 0.6581	
85.149600 253.498755	5.98e-01  9.54e-01  3.54e+05	-38.3656 71.0300 0.8282	
85.149600 253.498755	6.19e-01  7.82e-01  3.76e+05	-5.5183 70.7556 0.2580	
85.149600 253.498755	6.38e-01  8.11e-01  3.69e+05	13.8904 73.0426 0.2133	
85.149600 253.498755	5.28e-01  8.60e-01  3.79e+05	-8.8845 69.3908 0.1122	
85.149600 253.498755	5.54e-01  8.05e-01  3.83e+05	11.7510 66.6489 0.0697	
85.149600 253.498755	4.86e-01  9.41e-01  3.73e+05	-30.6350 66.0192 0.2893	
85.149600 253.498755	7.09e-01  8.42e-01  3.54e+05	-26.6941 76.1287 0.5289	
85.149600 253.498755	4.32e-01  7.62e-01  4.12e+05	8.7736 50.8997 0.8609	
85.149600 253.498755	5.04e-01  9.14e-01  3.74e+05	-22.9463 68.3832 0.8664	
85.149600 253.498755	6.99e-01  9.28e-01  3.44e+05	7.2347 84.4862 0.1919	
85.149600 253.498755	7.25e-01  8.52e-01  3.51e+05	14.0775 80.9173 0.5679	
85.149600 253.498755	6.67e-01  8.99e-01  3.52e+05	-35.4528 73.4186 0.9905	
85.149600 253.498755	6.59e-01  7.92e-01  3.69e+05	12.4518 73.4709 0.1699	
85.149600 253.498755	5.89e-01  8.17e-01  3.76e+05	13.9874 69.9098 0.2346	
85.149600 253.498755	6.26e-01  8.00e-01  3.73e+05	-9.1408 72.1512 0.4523	
85.149600 253.498755	4.46e-01  9.19e-01  3.82e+05	7.5408 67.7584 0.8103	
85.149600 253.498755	7.02e-01  8.14e-01  3.59e+05	43.2927 65.6040 0.3407	
85.149600 253.498755	6.04e-01  8.32e-01  3.71e+05	28.0690 67.8578 0.7620	
85.149600 253.498755	5.47e-01  7.95e-01  3.86e+05	11.7553 65.2835 0.3704	
85.149600 253.498755	5.18e-01  8.52e-01  3.81e+05	-1.2163 68.6121 0.1174	
85.149600 253.498755	5.80e-01  7.87e-01  3.82e+05	-9.1702 67.7209 0.5390	
85.149600 253.498755	7.26e-01  8.30e-01  3.54e+05	-14.3011 79.7166 0.2816	
85.149600 253.498755	5.38e-01  7.53e-01  3.95e+05	-9.2552 61.0850 0.9342	
85.149600 253.498755	4.63e-01  8.76e-01  3.86e+05	-22.8608 62.0517 0.0843	
85.149600 253.498755	4.18e-01  7.38e-01  4.19e+05	-7.9621 45.9202 0.7089	
85.149600 253.498755	6.61e-01  8.41e-01  3.61e+05	-12.3873 76.7899 0.6045	
85.149600 253.498755	6.03e-01  7.71e-01  3.81e+05	-0.4611 68.9293 0.3689	
85.149600 253.498755	6.72e-01  8.84e-01  3.54e+05	2.7897 80.9365 0.2547	
85.149600 253.498755	5.91e-01  8.75e-01  3.67e+05	4.6695 75.3430 0.9848	
85.149600 253.498755	5.51e-01  9.53e-01  3.61e+05	29.0565 72.2540 0.0496	
85.149600 253.498755	6.65e-01  8.00e-01  3.67e+05	39.6170 64.1657 0.2753	
85.149600 253.498755	4.80e-01  8.44e-01  3.89e+05	12.2292 63.6842 0.1191	
85.149600 253.498755	6.94e-01  9.36e-01  3.44e+05	-8.3349 84.5554 0.2388	
85.149600 253.498755	6.39e-01  8.15e-01  3.68e+05	16.4115 72.8327 0.2139	
85.149600 253.498755	5.77e-01  8.49e-01  3.73e+05	-4.1825 72.6343 0.2938	
85.149600 253.498755	6.66e-01  8.60e-01  3.58e+05	-10.6490 78.4727 0.6680	
85.149600 253.498755	7.13e-01  9.77e-01  3.36e+05	43.0107 76.6827 0.1437	
85.149600 253.498755	7.10e-01  7.98e-01  3.60e+05	-32.4182 71.0786 0.6048	
85.149600 253.498755	5.56e-01  8.82e-01  3.71e+05	7.0128 73.2794 0.1525	
85.149600 253.498755	5.73e-01  7.46e-01  3.90e+05	-20.4951 61.0687 0.1534	
85.149600 253.498755	6.17e-01  8.50e-01  3.66e+05	-7.2648 75.1553 0.9363	
85.149600 253.498755	5.94e-01  9.50e-01  3.55e+05	22.3956 77.0648 0.3635	
85.149600 253.498755	4.39e-01  8.67e-01  3.92e+05	6.1342 62.9536 0.9504	
85.149600 253.498755	3.78e-01  7.89e-01  4.17e+05	1.0718 48.2755 0.7908	
85.149600 253.498755	7.57e-01  8.67e-01  3.45e+05	32.5505 78.1323 0.1957	
85.149600 253.498755	4.48e-01  9.07e-01  3.84e+05	4.3915 67.2595 0.3651	
85.149600 253.498755	4.73e-01  9.42e-01  3.74e+05	5.3953 71.7818 0.0546	
85.149600 253.498755	7.22e-01  7.62e-01  3.64e+05	12.4683 75.6388 0.3691	
85.149600 253.498755	7.44e-01  8.67e-01  3.46e+05	28.6921 78.9305 0.4030	
85.149600 253.498755	5.31e-01  9.33e-01  3.67e+05	-8.4936 74.8609 0.3654	
85.149600 253.498755	5.80e-01  8.85e-01  3.67e+05	-23.6387 71.5966 0.2312	
85.149600 253.498755	6.38e-01  9.53e-01  3.49e+05	-12.3624 81.9679 0.9061	
85.149600 253.498755	5.89e-01  8.23e-01  3.75e+05	-10.5428 70.9241 0.7389	
85.149600 253.498755	6.36e-01  7.59e-01  3.77e+05	-38.5776 58.9882 0.0963	
85.149600 253.498755	5.34e-01  6.94e-01  4.06e+05	8.7009 54.8848 0.5810	
85.149600 253.498755	5.87e-01  8.82e-01  3.66e+05	33.7699 67.6708 0.1130	
85.149600 253.498755	6.37e-01  8.97e-01  3.57e+05	-13.0150 78.5840 0.2911	
85.149600 253.498755	6.61e-01  8.97e-01  3.53e+05	10.7282 80.3822 0.9170	
85.149600 253.498755	6.27e-01  9.27e-01  3.54e+05	-13.3133 79.7547 0.3930	
85.149600 253.498755	6.12e-01  8.86e-01  3.62e+05	-32.2940 70.4733 0.3720	
85.149600 253.498755	7.32e-01  9.04e-01  3.43e+05	34.9631 77.7865 0.7578	
85.149600 253.498755	6.52e-01  9.36e-01  3.49e+05	17.6467 80.8070 0.2577	
85.149600 253.498755	7.01e-01  8.72e-01  3.51e+05	2.9973 81.8683 0.1019	
85.149600 253.498755	6.92e-01  8.00e-01  3.63e+05	-18.9737 74.7917 0.4055	
85.149600 253.498755	5.35e-01  6.32e-01  4.17e+05	-12.3983 46.6286 0.9161	
85.149600 253.498755	6.33e-01  6.99e-01  3.88e+05	3.9504 65.3878 0.4855	
85.149600 253.498755	5.85e-01  7.80e-01  3.82e+05	-4.7729 68.0038 0.2582	
85.149600 253.498755	4.94e-01  7.63e-01  4.01e+05	18.9493 55.4041 0.8001	
85.149600 253.498755	6.47e-01  8.10e-01  3.68e+05	25.9890 70.2545 0.6529	
85.149600 253.498755	5.59e-01  8.34e-01  3.78e+05	9.9929 69.6284 0.3661	
85.149600 253.498755	5.29e-01  7.80e-01  3.92e+05	-1.1500 63.4402 0.2634	
85.149600 253.498755	7.46e-01  8.13e-01  3.53e+05	-26.4068 76.7389 0.9211	
85.149600 253.498755	5.65e-01  7.19e-01  3.96e+05	3.6216 61.1259 0.1330	
85.149600 253.498755	6.04e-01  8.14e-01  3.74e+05	-16.3102 70.3147 0.8690	
85.149600 253.498755	6.52e-01  8.62e-01  3.60e+05	-5.1352 78.3231 0.8716	
85.149600 253.498755	6.59e-01  8.07e-01  3.67e+05	-10.5349 74.6811 0.4575	
85.149600 253.498755	5.52e-01  8.85e-01  3.71e+05	-6.3904 73.2339 0.6023	
85.149600 253.498755	6.57e-01  6.85e-01  3.86e+05	7.6650 65.9076 0.3988	
85.149600 253.498755	3.09e-01  8.66e-01  4.16e+05	-12.4814 47.6394 0.3548	
85.149600 253.498755	5.95e-01  8.82e-01  3.65e+05	20.3408 73.4308 0.7737	
85.149600 253.498755	5.94e-01  6.83e-01  3.97e+05	-4.2053 60.3481 0.5990	
85.149600 253.498755	5.19e-01  7.81e-01  3.93e+05	-14.4637 60.9993 0.8410	
85.149600 253.498755	8.03e-01  9.77e-01  3.25e+05	-18.0013 90.1764 0.2227	
85.149600 253.498755	4.62e-01  8.59e-01  3.89e+05	18.0673 61.9853 0.2184	
85.149600 253.498755	5.69e-01  7.16e-01  3.96e+05	7.2430 60.8471 0.9264	
85.149600 253.498755	7.05e-01  9.00e-01  3.47e+05	7.9687 83.2806 0.6269	
85.149600 253.498755	4.42e-01  9.61e-01  3.76e+05	0.2798 71.0801 0.7953	
85.149600 253.498755	5.38e-01  8.38e-01  3.80e+05	-16.1348 67.1415 0.9535	
85.149600 253.498755	7.03e-01  7.67e-01  3.66e+05	-13.8818 74.4427 0.7766	
85.149600 253.498755	5.70e-01  7.60e-01  3.88e+05	10.2377 64.5536 0.9104	
85.149600 253.498755	5.75e-01  7.36e-01  3.91e+05	-8.0697 63.2370 0.6594	
85.149600 253.498755	6.35e-01  8.48e-01  3.64e+05	-18.2826 74.3264 0.0963	
85.149600 253.498755	5.71e-01  6.70e-01  4.03e+05	10.4630 55.9549 0.9915	
85.149600 253.498755	5.59e-01  8.12e-01  3.81e+05	14.2868 67.1425 0.0745	
85.149600 253.498755	5.75e-01  8.18e-01  3.78e+05	19.7389 67.5279 0.0288	
85.149600 253.498755	5.74e-01  6.94e-01  3.99e+05	-4.1405 59.5363 0.2558	
85.149600 253.498755	5.27e-01  9.06e-01  3.72e+05	3.1835 73.1132 0.6350	
85.149600 253.498755	8.10e-01  9.71e-01  3.25e+05	26.9810 87.9456 0.2828	
85.149600 253.498755	4.97e-01  7.95e-01  3.94e+05	-14.4642 60.2293 0.8155	
85.149600 253.498755	5.54e-01  8.29e-01  3.79e+05	4.3504 69.4287 0.3475	
85.149600 253.498755	5.83e-01  8.53e-01  3.71e+05	-12.2820 72.4166 0.3268	
85.149600 253.498755	6.93e-01  8.71e-01  3.53e+05	-1.6323 81.3950 0.7514	
85.149600 253.498755	4.96e-01  8.99e-01  3.78e+05	-12.2505 69.3746 0.1648	
85.149600 253.498755	6.23e-01  7.49e-01  3.81e+05	1.5355 68.7897 0.7024	
85.149600 253.498755	7.27e-01  8.92e-01  3.45e+05	8.4922 83.9483 0.6559	
85.149600 253.498755	5.15e-01  7.45e-01  4.00e+05	-22.4020 54.4670 0.6259	
85.149600 253.498755	6.81e-01  7.86e-01  3.66e+05	11.6479 74.6013 0.2534	
85.149600 253.498755	5.43e-01  8.61e-01  3.76e+05	-31.0509 63.9725 0.9283	
85.149600 253.498755	5.70e-01  7.65e-01  3.87e+05	28.9584 59.0349 0.4343	
85.149600 253.498755	5.23e-01  6.82e-01  4.10e+05	12.1691 51.5993 0.3935	
85.149600 253.498755	7.02e-01  8.31e-01  3.57e+05	-5.5483 79.3894 0.0102	
85.149600 253.498755	6.63e-01  8.46e-01  3.60e+05	23.2409 74.6556 0.9529	
85.149600 253.498755	7.49e-01  8.85e-01  3.43e+05	-17.2902 83.3990 0.4024	
85.149600 253.498755	6.20e-01  9.03e-01  3.58e+05	15.1002 77.5390 0.4709	
85.149600 253.498755	8.43e-01  9.64e-01  3.22e+05	-4.5055 92.9805 0.0870	
85.149600 253.498755	6.60e-01  7.46e-01  3.76e+05	-17.6582 69.0887 0.2630	
85.149600 253.498755	5.22e-01  8.50e-01  3.81e+05	0.5952 68.7956 0.6677	
85.149600 253.498755	4.80e-01  8.05e-01  3.96e+05	8.2210 60.7436 0.6556	
85.149600 253.498755	6.58e-01  8.20e-01  3.65e+05	14.3172 74.8712 0.5560	
85.149600 253.498755	4.59e-01  8.97e-01  3.84e+05	8.2001 66.9880 0.3234	
85.149600 253.498755	5.48e-01  7.08e-01  4.01e+05	17.9872 55.6649 0.2781	
85.149600 253.498755	5.51e-01  8.45e-01  3.77e+05	-9.2598 69.9978 0.6135	
85.149600 253.498755	7.26e-01  8.65e-01  3.49e+05	-18.9269 80.6912 0.4433	
85.149600 253.498755	5.72e-01  8.13e-01  3.79e+05	-14.4511 68.2043 0.1603	
85.149600 253.498755	5.22e-01  7.30e-01  4.01e+05	-8.1575 57.5070 0.4154	
85.149600 253.498755	6.65e-01  8.17e-01  3.64e+05	-10.7679 75.7501 0.9596	
85.149600 253.498755	5.74e-01  8.27e-01  3.76e+05	-27.9560 65.2195 0.7374	
85.149600 253.498755	8.51e-01  9.17e-01  3.27e+05	14.2461 90.3107 0.3145	
85.149600 253.498755	7.11e-01  7.97e-01  3.60e+05	10.9245 77.3562 0.1377	
85.149600 253.498755	5.49e-01  8.96e-01  3.70e+05	6.0983 73.7727 0.0601	
85.149600 253.498755	6.91e-01  9.14e-01  3.47e+05	10.8134 82.9056 0.7232	
85.149600 253.498755	5.22e-01  8.15e-01  3.87e+05	8.3582 65.3254 0.4469	
85.149600 253.498755	6.43e-01  9.31e-01  3.51e+05	1.1386 82.0120 0.3175	
85.149600 253.498755	4.76e-01  7.38e-01  4.08e+05	4.0802 53.8593 0.4313	
85.149600 253.498755	6.10e-01  8.29e-01  3.71e+05	3.6579 73.5141 0.3776	
85.149600 253.498755	8.18e-01  9.08e-01  3.32e+05	12.2065 88.7491 0.5464	
85.149600 253.498755	6.77e-01  7.36e-01  3.75e+05	22.7450 68.1419 0.5245	
85.149600 253.498755	6.82e-01  8.83e-01  3.52e+05	-21.0203 78.7154 0.4404	
85.149600 253.498755	4.34e-01  8.33e-01  3.99e+05	10.1246 58.7377 0.8417	
85.149600 253.498755	7.25e-01  9.52e-01  3.38e+05	22.7704 84.2378 0.9530	
85.149600 253.498755	6.40e-01  7.37e-01  3.80e+05	-6.8152 68.7764 0.3175	
85.149600 253.498755	6.18e-01  7.42e-01  3.83e+05	2.0791 67.7271 0.3603	
85.149600 253.498755	6.49e-01  9.42e-01  3.49e+05	21.7925 79.9600 0.5868	
85.149600 253.498755	6.15e-01  8.63e-01  3.65e+05	1.0923 76.1892 0.3893	
85.149600 253.498755	5.59e-01  8.96e-01  3.68e+05	-11.4544 73.8457 0.8385	
85.149600 253.498755	5.39e-01  8.54e-01  3.78e+05	-48.1208 51.3198 0.3319	
85.149600 253.498755	5.55e-01  6.72e-01  4.06e+05	-4.7783 55.2858 0.7210	
85.149600 253.498755	5.32e-01  8.03e-01  3.87e+05	-9.7162 65.0009 0.2327	
85.149600 253.498755	6.61e-01  7.62e-01  3.73e+05	1.7432 72.5070 0.1077	
85.149600 253.498755	6.57e-01  8.73e-01  3.57e+05	-19.7532 76.9269 0.1602	
85.149600 253.498755	6.99e-01  9.08e-01  3.47e+05	-16.1896 82.1644 0.2487	
85.149600 253.498755	5.37e-01  8.66e-01  3.76e+05	13.1273 69.8872 0.0620	
85.149600 253.498755	7.09e-01  8.91e-01  3.48e+05	-16.4378 81.7595 0.8012	
85.149600 253.498755	6.01e-01  8.73e-01  3.65e+05	-0.9491 75.9840 0.2048	
85.149600 253.498755	3.66e-01  9.46e-01  3.91e+05	8.7541 63.1703 0.3587	
85.149600 253.498755	5.92e-01  7.85e-01  3.80e+05	-10.3455 68.3325 0.0752	
85.149600 253.498755	8.42e-01  8.98e-01  3.30e+05	-34.3204 83.4390 0.4561	
85.149600 253.498755	6.08e-01  9.36e-01  3.55e+05	30.6002 74.2230 0.7287	
85.149600 253.498755	5.33e-01  8.78e-01  3.75e+05	-4.4694 71.4835 0.5652	
85.149600 253.498755	7.32e-01  8.90e-01  3.45e+05	13.3367 83.4573 0.6829	
85.149600 253.498755	7.49e-01  8.68e-01  3.46e+05	-16.3229 82.6605 0.1771	
85.149600 253.498755	5.88e-01  7.18e-01  3.92e+05	5.9252 62.9655 0.8574	
85.149600 253.498755	4.01e-01  8.14e-01  4.08e+05	26.9129 47.0059 0.4004	
85.149600 253.498755	7.32e-01  9.10e-01  3.42e+05	-6.2524 85.3198 0.3532	
85.149600 253.498755	5.39e-01  8.98e-01  3.71e+05	-10.1659 72.7960 0.7451	
85.149600 253.498755	7.43e-01  8.48e-01  3.49e+05	-11.8171 82.0409 0.5164	
85.149600 253.498755	6.30e-01  8.02e-01  3.72e+05	3.6286 73.0729 0.3410	
85.149600 253.498755	5.18e-01  8.06e-01  3.89e+05	4.8070 64.5780 0.4332	
85.149600 253.498755	6.91e-01  7.98e-01  3.63e+05	18.1723 74.7094 0.8483	
85.149600 253.498755	6.01e-01  8.66e-01  3.66e+05	-17.7163 73.4525 0.4584	
85.149600 253.498755	5.98e-01  9.63e-01  3.53e+05	-22.3564 78.0739 0.3283	
85.149600 253.498755	5.00e-01  8.40e-01  3.86e+05	-6.2995 65.8230 0.6021	
85.149600 253.498755	5.17e-01  8.75e-01  3.78e+05	7.3613 69.9456 0.0447	
85.149600 253.498755	4.28e-01  8.38e-01  3.99e+05	-29.3058 51.7729 0.3657	
85.149600 253.498755	7.59e-01  8.42e-01  3.48e+05	-29.8495 77.9157 0.7482	
85.149600 253.498755	7.20e-01  9.51e-01  3.38e+05	35.0439 79.6625 0.4540	
85.149600 253.498755	6.89e-01  9.32e-01  3.45e+05	-2.9007 84.4416 0.2417	
85.149600 253.498755	3.38e-01  9.14e-01  4.01e+05	-1.1652 58.0289 0.3923	
85.149600 253.498755	5.49e-01  7.12e-01  4.00e+05	12.5091 57.6732 0.4844	
85.149600 253.498755	7.50e-01  8.39e-01  3.49e+05	-1.3193 82.7685 0.1348	
85.149600 253.498755	7.76e-01  9.48e-01  3.32e+05	0.2739 89.4968 0.0918	
85.149600 253.498755	7.16e-01  7.76e-01  3.63e+05	-5.6493 76.9553 0.3130	
85.149600 253.498755	6.75e-01  8.25e-01  3.62e+05	-7.8045 77.2078 0.7987	
85.149600 253.498755	6.78e-01  9.38e-01  3.46e+05	-11.6953 83.3985 0.1469	
85.149600 253.498755	4.54e-01  8.51e-01  3.92e+05	-5.8980 62.9404 0.4441	
85.149600 253.498755	6.02e-01  8.85e-01  3.63e+05	-6.7808 76.5373 0.5517	
85.149600 253.498755	7.32e-01  7.70e-01  3.61e+05	-1.8992 77.7331 0.7923	
85.149600 253.498755	4.40e-01  9.17e-01  3.84e+05	-19.2066 64.7593 0.7166	
85.149600 253.498755	5.85e-01  8.90e-01  3.65e+05	-37.9178 65.9268 0.4530	
85.149600 253.498755	8.11e-01  9.44e-01  3.28e+05	-19.2525 88.8105 0.3688	
85.149600 253.498755	6.41e-01  8.31e-01  3.66e+05	-6.6609 75.5103 0.1036	
85.149600 253.498755	5.20e-01  7.72e-01  3.95e+05	8.7716 61.2676 0.7868	
85.149600 253.498755	5.54e-01  7.22e-01  3.97e+05	0.8668 60.4721 0.4808	
85.149600 253.498755	4.99e-01  8.10e-01  3.92e+05	21.6567 59.6792 0.2025	
85.149600 253.498755	6.20e-01  6.94e-01  3.91e+05	44.0153 46.3353 0.1513	
85.149600 253.498755	5.11e-01  8.33e-01  3.86e+05	7.6139 66.0011 0.9761	
85.149600 253.498755	5.36e-01  8.47e-01  3.79e+05	-4.5786 69.3949 0.5673	
85.149600 253.498755	5.44e-01  9.92e-01  3.56e+05	11.6435 78.9876 0.8973	
85.149600 253.498755	5.48e-01  9.19e-01  3.66e+05	-23.9149 71.6486 0.8704	
85.149600 253.498755	4.81e-01  7.90e-01  3.98e+05	-3.5831 59.8021 0.3346	
85.149600 253.498755	7.12e-01  9.49e-01  3.40e+05	-28.5961 81.6737 0.4602	
85.149600 253.498755	6.44e-01  8.92e-01  3.56e+05	-1.7564 79.8070 0.4307	
85.149600 253.498755	6.30e-01  9.88e-01  3.45e+05	7.8326 83.9991 0.4331	
85.149600 253.498755	5.49e-01  7.35e-01  3.96e+05	-1.2878 61.1786 0.2700	
85.149600 253.498755	6.36e-01  7.28e-01  3.82e+05	5.4785 67.9012 0.3786	
85.149600 253.498755	8.00e-01  8.37e-01  3.43e+05	-11.7528 84.4890 0.9464	
85.149600 253.498755	6.25e-01  9.28e-01  3.54e+05	4.3537 80.6306 0.3015	
85.149600 253.498755	6.11e-01  8.55e-01  3.67e+05	-18.6414 73.1209 0.8455	
85.149600 253.498755	5.87e-01  7.69e-01  3.84e+05	-14.7856 65.7747 0.7886	
85.149600 253.498755	4.33e-01  8.15e-01  4.02e+05	-11.3098 56.5285 0.8172	
85.149600 253.498755	4.10e-01  9.58e-01  3.82e+05	15.8296 66.5604 0.3351	
85.149600 253.498755	6.28e-01  7.79e-01  3.76e+05	22.1961 67.8249 0.9321	
85.149600 253.498755	7.21e-01  8.81e-01  3.47e+05	19.9691 81.0639 0.5281	
85.149600 253.498755	6.21e-01  7.76e-01  3.77e+05	4.3295 70.5203 0.0289	
85.149600 253.498755	5.06e-01  8.80e-01  3.79e+05	23.8678 65.5847 0.0077	
85.149600 253.498755	5.81e-01  9.49e-01  3.57e+05	-3.9257 79.3290 0.7490	
85.149600 253.498755	6.14e-01  8.20e-01  3.71e+05	-0.3373 73.3378 0.4374	
85.149600 253.498755	8.91e-01  9.09e-01  3.23e+05	31.6552 87.2090 0.2494	
85.149600 253.498755	2.87e-01  8.93e-01  4.15e+05	-4.4502 49.5851 0.7358	
85.149600 253.498755	6.35e-01  8.70e-01  3.61e+05	13.4652 76.7526 0.4225	
85.149600 253.498755	5.59e-01  7.82e-01  3.86e+05	20.6636 62.9696 0.3381	
85.149600 253.498755	5.77e-01  8.89e-01  3.67e+05	-4.9356 75.3120 0.8383	
85.149600 253.498755	6.11e-01  8.62e-01  3.66e+05	23.6595 72.1498 0.0392	
85.149600 253.498755	4.11e-01  7.91e-01  4.11e+05	1.6363 52.5048 0.6497	
85.149600 253.498755	7.84e-01  9.48e-01  3.31e+05	-9.6625 89.3505 0.9554	
85.149600 253.498755	5.95e-01  9.47e-01  3.56e+05	-24.7907 76.2050 0.4325	
85.149600 253.498755	7.18e-01  8.01e-01  3.59e+05	14.4759 77.4253 0.0393	
85.149600 253.498755	7.10e-01  7.56e-01  3.67e+05	-12.7555 74.3795 0.9972	
85.149600 253.498755	6.98e-01  7.81e-01  3.65e+05	-24.4839 72.3282 0.5017	
85.149600 253.498755	4.81e-01  8.06e-01  3.95e+05	5.3365 61.3011 0.6496	
85.149600 253.498755	6.46e-01  8.35e-01  3.64e+05	-20.7853 73.5547 0.2854	
85.149600 253.498755	5.44e-01  9.57e-01  3.61e+05	-26.1949 73.1476 0.0387	
85.149600 253.498755	3.91e-01  9.01e-01  3.95e+05	9.1934 61.2066 0.4799	
85.149600 253.498755	6.75e-01  9.56e-01  3.44e+05	16.9451 83.3324 0.8090	
85.149600 253.498755	6.56e-01  8.74e-01  3.57e+05	24.3800 75.6186 0.5457	
85.149600 253.498755	5.06e-01  6.92e-01  4.11e+05	-26.6891 44.7497 0.7400	
85.149600 253.498755	5.35e-01  7.50e-01  3.96e+05	10.6767 60.3643 0.5050	
85.149600 253.498755	5.50e-01  7.78e-01  3.88e+05	10.8360 64.3328 0.4141	
85.149600 253.498755	5.93e-01  8.63e-01  3.68e+05	-11.8992 73.8906 0.5276	
85.149600 253.498755	5.75e-01  8.05e-01  3.80e+05	-8.1712 68.9184 0.7483	
85.149600 253.498755	6.63e-01  7.62e-01  3.73e+05	3.0228 72.6054 0.6746	
85.149600 253.498755	7.29e-01  8.13e-01  3.56e+05	39.4990 69.7874 0.5301	
85.149600 253.498755	7.02e-01  8.93e-01  3.48e+05	5.8307 82.9139 0.6119	
85.149600 253.498755	6.60e-01  7.15e-01  3.81e+05	-15.1801 67.2334 0.0793	
85.149600 253.498755	6.11e-01  7.49e-01  3.83e+05	-8.7497 67.2231 0.6120	
85.149600 253.498755	4.41e-01  9.75e-01  3.74e+05	-15.9711 70.2067 0.4610	
85.149600 253.498755	7.04e-01  7.58e-01  3.67e+05	31.8335 68.1187 0.1022	
85.149600 253.498755	7.22e-01  9.01e-01  3.45e+05	-36.3655 76.3950 0.3411	
85.149600 253.498755	6.28e-01  7.88e-01  3.74e+05	35.1471 62.9229 0.6871	
85.149600 253.498755	5.69e-01  8.14e-01  3.79e+05	-6.4832 69.3212 0.4374	
85.149600 253.498755	7.41e-01  8.19e-01  3.53e+05	10.2968 80.5223 0.0691	
85.149600 253.498755	7.16e-01  9.60e-01  3.38e+05	2.2549 87.2516 0.0052	
85.149600 253.498755	6.61e-01  8.36e-01  3.62e+05	-43.7067 63.9315 0.9645	
85.149600 253.498755	6.43e-01  7.49e-01  3.78e+05	-14.5171 68.7194 0.2340	
85.149600 253.498755	5.87e-01  6.94e-01  3.96e+05	4.1652 60.7150 0.3773	
85.149600 253.498755	5.65e-01  7.27e-01  3.94e+05	33.2530 52.3472 0.2679	
85.149600 253.498755	6.52e-01  8.99e-01  3.54e+05	-14.6852 79.3318 0.7293	
85.149600 253.498755	7.38e-01  9.71e-01  3.34e+05	27.0383 84.5844 0.5974	
85.149600 253.498755	5.76e-01  8.24e-01  3.77e+05	-8.1808 70.4043 0.8655	
85.149600 253.498755	5.86e-01  8.51e-01  3.71e+05	-8.0456 73.0379 0.2263	
85.149600 253.498755	7.51e-01  8.19e-01  3.52e+05	32.0968 75.1982 0.2319	
85.149600 253.498755	5.58e-01  7.85e-01  3.86e+05	-12.7706 65.2041 0.0214	
85.149600 253.498755	6.45e-01  7.03e-01  3.85e+05	27.7584 60.7545 0.5346	
85.149600 253.498755	5.96e-01  7.60e-01  3.84e+05	-6.1641 67.2678 0.4515	
85.149600 253.498755	3.94e-01  8.87e-01  3.96e+05	-18.7924 57.9103 0.7477	
85.149600 253.498755	6.60e-01  8.94e-01  3.54e+05	-19.0843 78.5389 0.6704	
85.149600 253.498755	7.01e-01  7.47e-01  3.69e+05	-12.7082 73.1622 0.8660	
85.149600 253.498755	4.84e-01  8.15e-01  3.93e+05	25.3685 57.2279 0.2766	
85.149600 253.498755	6.09e-01  6.86e-01  3.94e+05	4.2723 62.1247 0.2591	
85.149600 253.498755	5.33e-01  6.61e-01  4.12e+05	-24.1627 45.6509 0.1825	
85.149600 253.498755	6.60e-01  9.02e-01  3.53e+05	20.7798 78.6138 0.0032	
85.149600 253.498755	6.92e-01  8.52e-01  3.55e+05	1.8274 80.2555 0.2295	
85.149600 253.498755	7.12e-01  7.89e-01  3.62e+05	18.0741 75.5100 0.8437	
85.149600 253.498755	6.77e-01  8.42e-01  3.59e+05	14.7763 77.3766 0.7835	
85.149600 253.498755	5.54e-01  7.44e-01  3.93e+05	6.1829 62.1614 0.2596	
85.149600 253.498755	5.19e-01  8.07e-01  3.89e+05	15.0348 63.2752 0.3367	
85.149600 253.498755	4.50e-01  8.26e-01  3.97e+05	2.7256 60.3488 0.1790	
85.149600 253.498755	5.08e-01  7.73e-01  3.96e+05	-10.7846 59.9504 0.9014	
85.149600 253.498755	6.49e-01  7.19e-01  3.82e+05	4.2100 68.2727 0.6837	
85.149600 253.498755	5.71e-01  8.28e-01  3.77e+05	-3.6403 70.6797 0.1688	
85.149600 253.498755	7.27e-01  9.06e-01  3.43e+05	2.0237 85.0743 0.8976	
85.149600 253.498755	6.07e-01  7.67e-01  3.81e+05	-21.6903 65.4132 0.8509	
85.149600 253.498755	4.20e-01  8.36e-01  4.01e+05	-3.0171 58.4137 0.0344	
85.149600 253.498755	4.88e-01  7.76e-01  3.99e+05	-38.4321 45.1219 0.0297	
85.149600 253.498755	6.20e-01  6.98e-01  3.90e+05	-18.5171 61.5390 0.9578	
85.149600 253.498755	7.29e-01  9.28e-01  3.40e+05	-18.6205 84.3129 0.1766	
85.149600 253.498755	5.65e-01  6.96e-01  4.00e+05	34.9279 47.4560 0.3078	
85.149600 253.498755	4.39e-01  8.22e-01  4.00e+05	-7.4992 58.4653 0.6316	
85.149600 253.498755	5.45e-01  8.73e-01  3.74e+05	27.4341 66.7716 0.4861	
85.149600 253.498755	5.26e-01  8.35e-01  3.83e+05	-15.9218 66.0108 0.4121	
85.149600 253.498755	6.05e-01  8.31e-01  3.71e+05	-7.8495 72.9966 0.8612	
85.149600 253.498755	5.09e-01  7.92e-01  3.93e+05	5.9345 62.5380 0.8529	
85.149600 253.498755	7.94e-01  8.18e-01  3.46e+05	5.2271 83.8525 0.5156	
85.149600 253.498755	7.69e-01  8.76e-01  3.42e+05	-7.4846 85.4054 0.2337	
85.149600 253.498755	5.13e-01  8.31e-01  3.86e+05	4.3141 66.2922 0.4911	
85.149600 253.498755	5.76e-01  8.80e-01  3.68e+05	0.7620 74.7818 0.4975	
85.149600 253.498755	5.15e-01  7.11e-01  4.06e+05	-12.3033 53.9408 0.2649	
85.149600 253.498755	6.69e-01  8.07e-01  3.65e+05	-22.4517 72.6986 0.4534	
85.149600 253.498755	6.23e-01  9.08e-01  3.57e+05	9.4746 78.9508 0.6998	
85.149600 253.498755	5.64e-01  6.73e-01  4.04e+05	-29.5998 48.1552 0.7758	
85.149600 253.498755	7.21e-01  9.24e-01  3.42e+05	14.1747 84.5494 0.4387	
85.149600 253.498755	4.47e-01  8.27e-01  3.98e+05	10.2481 59.3649 0.5893	
85.149600 253.498755	6.48e-01  9.40e-01  3.49e+05	-24.2972 79.1044 0.9963	
85.149600 253.498755	5.51e-01  7.72e-01  3.89e+05	12.9699 63.4406 0.9986	
85.149600 253.498755	6.70e-01  8.72e-01  3.56e+05	26.6426 75.5955 0.8638	
85.149600 253.498755	6.96e-01  9.87e-01  3.37e+05	-11.2190 86.8554 0.6454	
85.149600 253.498755	7.23e-01  8.42e-01  3.53e+05	-19.9076 78.9509 0.2370	
85.149600 253.498755	6.45e-01  8.74e-01  3.59e+05	-23.4832 75.2408 0.0586	
85.149600 253.498755	6.56e-01  9.05e-01  3.53e+05	-3.7344 81.1788 0.6337	
85.149600 253.498755	4.73e-01  9.49e-01  3.73e+05	4.2603 72.3577 0.5669	
85.149600 253.498755	5.79e-01  8.03e-01  3.79e+05	6.7700 69.1877 0.6648	
85.149600 253.498755	7.17e-01  7.92e-01  3.60e+05	-30.8713 71.8753 0.5126	
85.149600 253.498755	6.04e-01  7.19e-01  3.89e+05	-2.0075 64.7477 0.9597	
85.149600 253.498755	5.56e-01  7.78e-01  3.87e+05	-12.7256 64.3919 0.8110	
85.149600 253.498755	6.34e-01  6.68e-01  3.93e+05	3.7076 62.7104 0.4992	
85.149600 253.498755	6.06e-01  9.77e-01  3.50e+05	-12.8926 81.4579 0.0277	
85.149600 253.498755	6.06e-01  8.90e-01  3.62e+05	-25.8621 72.8930 0.6792	
85.149600 253.498755	6.58e-01  8.57e-01  3.59e+05	29.7117 72.7314 0.0450	
85.149600 253.498755	6.09e-01  8.02e-01  3.75e+05	19.0131 69.1017 0.1708	
85.149600 253.498755	7.65e-01  9.05e-01  3.39e+05	-8.8574 86.4909 0.0554	
85.149600 253.498755	6.15e-01  7.89e-01  3.76e+05	-4.6756 70.9560 0.0055	
85.149600 253.498755	6.34e-01  8.58e-01  3.63e+05	9.3928 76.5749 0.6510	
85.149600 253.498755	4.66e-01  9.40e-01  3.76e+05	10.1409 70.5482 0.3414	
85.149600 253.498755	5.62e-01  9.14e-01  3.65e+05	12.4956 75.0554 0.7087	
85.149600 253.498755	7.33e-01  7.85e-01  3.59e+05	35.8209 70.1017 0.5310	
85.149600 253.498755	3.90e-01  8.74e-01  3.99e+05	-12.3262 57.9806 0.3838	
85.149600 253.498755	5.64e-01  8.92e-01  3.68e+05	-5.1625 74.6026 0.4944	
85.149600 253.498755	6.92e-01  9.07e-01  3.48e+05	-5.1739 83.1776 0.8526	
85.149600 253.498755	5.29e-01  8.26e-01  3.84e+05	5.0462 67.2540 0.6958	
85.149600 253.498755	6.03e-01  8.60e-01  3.67e+05	-11.3141 74.4566 0.4256	
85.149600 253.498755	4.91e-01  7.71e-01  4.00e+05	-16.5618 56.7038 0.4117	
85.149600 253.498755	3.83e-01  8.70e-01  4.01e+05	0.9343 58.1976 0.9213	
85.149600 253.498755	4.65e-01  8.73e-01  3.87e+05	1.6445 65.9466 0.9181	
85.149600 253.498755	6.30e-01  9.40e-01  3.52e+05	-6.7062 81.4975 0.0537	
85.149600 253.498755	5.68e-01  7.84e-01  3.84e+05	-32.2522 58.9285 0.3792	
85.149600 253.498755	6.36e-01  8.48e-01  3.64e+05	-30.6825 70.1689 0.6064	
85.149600 253.498755	6.47e-01  8.99e-01  3.55e+05	21.9696 77.3623 0.9133	
85.149600 253.498755	4.07e-01  7.75e-01  4.14e+05	4.8031 49.8712 0.8195	
85.149600 253.498755	6.51e-01  8.62e-01  3.60e+05	-17.1670 76.5135 0.6784	
85.149600 253.498755	6.63e-01  8.08e-01  3.66e+05	30.9231 69.2005 0.4984	
