56.316117 254.638217	4.87e-01  7.21e-01  2.80e+05	0.0000 44.1757 0.7017	
56.316117 254.638217	7.42e-01  9.19e-01  2.33e+05	12.5112 70.5375 0.9723	
56.316117 254.638217	5.40e-01  7.89e-01  2.66e+05	22.0196 49.2979 0.9686	
56.316117 254.638217	6.09e-01  9.17e-01  2.45e+05	10.2877 64.7660 0.7166	
56.316117 254.638217	8.11e-01  8.54e-01  2.32e+05	30.1752 65.1255 0.4256	
56.316117 254.638217	5.27e-01  8.11e-01  2.65e+05	4.4076 54.4622 0.6500	
56.316117 254.638217	6.43e-01  7.16e-01  2.63e+05	13.6440 54.3636 0.1514	
56.316117 254.638217	4.63e-01  8.81e-01  2.64e+05	10.9485 53.9857 0.5957	
56.316117 254.638217	5.21e-01  8.29e-01  2.63e+05	34.3171 43.6203 0.5777	
56.316117 254.638217	6.62e-01  8.69e-01  2.45e+05	-30.1964 58.4871 0.7734	
56.316117 254.638217	4.37e-01  8.06e-01  2.76e+05	-15.5556 44.6222 0.8456	
56.316117 254.638217	6.39e-01  8.74e-01  2.46e+05	8.4359 64.4152 0.7044	
56.316117 254.638217	5.40e-01  7.85e-01  2.66e+05	3.6819 53.6301 0.4714	
56.316117 254.638217	5.70e-01  8.35e-01  2.58e+05	29.1860 51.2102 0.8994	
56.316117 254.638217	6.66e-01  8.78e-01  2.43e+05	-3.8646 66.3473 0.9304	
56.316117 254.638217	7.29e-01  8.18e-01  2.43e+05	-26.5447 61.0804 0.7305	
56.316117 254.638217	4.02e-01  9.64e-01  2.62e+05	6.4307 56.1144 0.6915	
56.316117 254.638217	7.29e-01  8.69e-01  2.38e+05	-12.9757 67.7177 0.2390	
56.316117 254.638217	5.14e-01  7.60e-01  2.72e+05	0.1018 49.8493 0.6778	
56.316117 254.638217	5.73e-01  9.53e-01  2.45e+05	6.1464 65.2682 0.0187	
56.316117 254.638217	6.92e-01  7.24e-01  2.56e+05	-11.9611 58.3649 0.6155	
56.316117 254.638217	4.63e-01  9.15e-01  2.60e+05	-3.1170 57.2225 0.9345	
56.316117 254.638217	5.21e-01  9.31e-01  2.53e+05	3.4565 61.6051 0.4286	
56.316117 254.638217	6.65e-01  8.66e-01  2.45e+05	14.2741 64.2473 0.3787	
56.316117 254.638217	5.28e-01  7.39e-01  2.73e+05	16.5839 46.3926 0.5037	
56.316117 254.638217	5.49e-01  7.98e-01  2.64e+05	-3.6535 55.1455 0.0440	
56.316117 254.638217	5.15e-01  9.38e-01  2.53e+05	-14.8921 59.9055 0.6793	
56.316117 254.638217	5.79e-01  7.74e-01  2.63e+05	-7.0405 55.2207 0.3757	
56.316117 254.638217	5.93e-01  7.70e-01  2.62e+05	20.3420 52.5564 0.0471	
56.316117 254.638217	3.81e-01  9.34e-01  2.67e+05	18.2403 49.8163 0.3984	
56.316117 254.638217	7.57e-01  8.59e-01  2.37e+05	-15.8504 67.8829 0.4527	
56.316117 254.638217	5.53e-01  7.03e-01  2.75e+05	15.5326 45.8457 0.2649	
56.316117 254.638217	6.33e-01  8.93e-01  2.45e+05	2.4360 65.5094 0.7303	
56.316117 254.638217	4.45e-01  7.71e-01  2.80e+05	-6.7682 44.3487 0.3986	
56.316117 254.638217	6.84e-01  8.26e-01  2.47e+05	-16.5239 62.6147 0.3355	
56.316117 254.638217	4.92e-01  7.32e-01  2.79e+05	17.4074 42.0799 0.0188	
56.316117 254.638217	7.98e-01  8.21e-01  2.36e+05	2.6614 69.8332 0.6821	
56.316117 254.638217	4.38e-01  7.98e-01  2.77e+05	-10.4308 45.5511 0.4866	
56.316117 254.638217	4.79e-01  9.09e-01  2.59e+05	23.8289 52.7561 0.0254	
56.316117 254.638217	5.55e-01  9.10e-01  2.51e+05	-6.9167 62.0552 0.6168	
56.316117 254.638217	5.26e-01  9.35e-01  2.52e+05	4.7935 61.9741 0.5408	
56.316117 254.638217	6.31e-01  9.39e-01  2.41e+05	-26.5029 62.2873 0.9516	
56.316117 254.638217	6.96e-01  7.87e-01  2.49e+05	-8.8374 62.7765 0.1749	
56.316117 254.638217	5.41e-01  8.26e-01  2.62e+05	-3.2572 56.5193 0.3587	
56.316117 254.638217	5.42e-01  8.82e-01  2.56e+05	2.5961 60.0348 0.3402	
56.316117 254.638217	5.07e-01  7.44e-01  2.75e+05	12.5335 46.3680 0.3178	
56.316117 254.638217	6.15e-01  8.20e-01  2.54e+05	-4.5879 60.5984 0.8553	
56.316117 254.638217	5.18e-01  8.50e-01  2.62e+05	26.9098 49.8497 0.4487	
56.316117 254.638217	5.82e-01  7.95e-01  2.61e+05	-0.0871 57.2329 0.6468	
56.316117 254.638217	4.45e-01  7.88e-01  2.77e+05	-18.1714 42.7635 0.1736	
56.316117 254.638217	4.88e-01  7.82e-01  2.73e+05	-10.3262 48.4858 0.6191	
56.316117 254.638217	5.12e-01  8.89e-01  2.58e+05	-4.0162 58.6021 0.5703	
56.316117 254.638217	5.96e-01  7.45e-01  2.65e+05	5.6648 54.5116 0.0636	
56.316117 254.638217	5.53e-01  8.06e-01  2.63e+05	-3.8930 55.8608 0.3348	
56.316117 254.638217	5.28e-01  8.27e-01  2.63e+05	-0.1999 55.7662 0.0766	
56.316117 254.638217	5.03e-01  8.57e-01  2.62e+05	-7.1318 55.6536 0.4227	
56.316117 254.638217	4.55e-01  7.73e-01  2.78e+05	-8.0913 45.2552 0.7985	
56.316117 254.638217	6.61e-01  9.54e-01  2.37e+05	22.6501 65.8952 0.1226	
56.316117 254.638217	4.97e-01  8.38e-01  2.65e+05	8.7211 53.6937 0.8968	
56.316117 254.638217	6.46e-01  8.87e-01  2.45e+05	8.2621 65.3995 0.0048	
56.316117 254.638217	6.87e-01  9.14e-01  2.38e+05	-8.9637 68.4930 0.5270	
56.316117 254.638217	6.75e-01  8.46e-01  2.46e+05	-14.4221 63.7359 0.8244	
56.316117 254.638217	6.55e-01  9.21e-01  2.40e+05	0.9270 67.9603 0.5067	
56.316117 254.638217	6.04e-01  7.44e-01  2.64e+05	10.6550 54.2708 0.4783	
56.316117 254.638217	5.03e-01  7.70e-01  2.73e+05	24.6320 43.2298 0.8184	
56.316117 254.638217	3.31e-01  9.10e-01  2.76e+05	-15.2845 44.5512 0.7093	
56.316117 254.638217	6.59e-01  8.27e-01  2.49e+05	-0.0768 63.5639 0.2363	
56.316117 254.638217	6.27e-01  8.44e-01  2.51e+05	3.1327 62.6466 0.4556	
56.316117 254.638217	6.97e-01  9.35e-01  2.35e+05	-20.0932 67.5011 0.8436	
56.316117 254.638217	7.61e-01  9.27e-01  2.30e+05	-2.1853 72.6914 0.6093	
56.316117 254.638217	4.77e-01  8.62e-01  2.65e+05	25.6990 48.3396 0.7836	
56.316117 254.638217	7.25e-01  8.37e-01  2.42e+05	-7.9895 66.8022 0.4528	
56.316117 254.638217	4.21e-01  8.17e-01  2.77e+05	-1.9175 46.7987 0.8388	
56.316117 254.638217	6.87e-01  8.79e-01  2.41e+05	3.4058 67.4119 0.3413	
56.316117 254.638217	7.04e-01  8.20e-01  2.45e+05	-28.9135 58.7613 0.5187	
56.316117 254.638217	5.53e-01  8.09e-01  2.62e+05	-8.2592 55.6938 0.6727	
56.316117 254.638217	5.73e-01  7.56e-01  2.66e+05	-3.9350 53.8575 0.6905	
56.316117 254.638217	6.65e-01  8.41e-01  2.47e+05	-15.3711 62.7183 0.6811	
56.316117 254.638217	6.23e-01  9.77e-01  2.38e+05	-3.2731 68.9631 0.3131	
56.316117 254.638217	7.20e-01  9.32e-01  2.34e+05	2.3649 71.1952 0.5738	
56.316117 254.638217	6.81e-01  8.55e-01  2.44e+05	-3.6160 65.9312 0.7004	
56.316117 254.638217	6.96e-01  7.86e-01  2.50e+05	10.1253 62.4750 0.8114	
56.316117 254.638217	5.71e-01  8.90e-01  2.52e+05	5.5796 61.9353 0.0491	
56.316117 254.638217	5.34e-01  8.64e-01  2.58e+05	-4.9179 58.2929 0.0471	
56.316117 254.638217	5.88e-01  8.28e-01  2.56e+05	14.0491 57.9731 0.4728	
56.316117 254.638217	6.18e-01  8.17e-01  2.54e+05	-6.4572 60.4046 0.1667	
56.316117 254.638217	6.48e-01  8.11e-01  2.52e+05	6.8135 61.7434 0.2134	
56.316117 254.638217	6.29e-01  8.22e-01  2.53e+05	10.6796 60.7304 0.2808	
56.316117 254.638217	7.28e-01  9.00e-01  2.36e+05	-31.5976 62.7191 0.5226	
56.316117 254.638217	5.04e-01  9.57e-01  2.52e+05	36.3519 50.4955 0.4952	
56.316117 254.638217	5.55e-01  8.15e-01  2.61e+05	-2.2331 56.7693 0.6215	
56.316117 254.638217	4.99e-01  8.41e-01  2.65e+05	1.3903 54.7615 0.8315	
56.316117 254.638217	5.41e-01  7.52e-01  2.70e+05	-17.3316 48.3556 0.6978	
56.316117 254.638217	3.97e-01  8.69e-01  2.73e+05	-23.3458 43.3459 0.9193	
56.316117 254.638217	5.28e-01  9.28e-01  2.52e+05	0.1332 61.8835 0.6020	
56.316117 254.638217	4.17e-01  8.41e-01  2.74e+05	-9.4868 47.6426 0.7602	
56.316117 254.638217	4.69e-01  8.71e-01  2.65e+05	-12.3427 53.4046 0.4853	
56.316117 254.638217	4.14e-01  7.00e-01  2.93e+05	-9.1349 32.0808 0.0723	
56.316117 254.638217	5.51e-01  9.20e-01  2.51e+05	-7.7410 62.2544 0.5335	
56.316117 254.638217	3.88e-01  7.32e-01  2.92e+05	3.3923 34.0342 0.7912	
56.316117 254.638217	3.70e-01  8.51e-01  2.79e+05	-14.9597 42.7778 0.5569	
56.316117 254.638217	4.98e-01  8.80e-01  2.61e+05	4.8739 57.0291 0.9198	
56.316117 254.638217	4.93e-01  6.69e-01  2.86e+05	-1.0925 39.3829 0.5838	
56.316117 254.638217	5.79e-01  8.07e-01  2.60e+05	6.1766 57.4348 0.0431	
56.316117 254.638217	5.00e-01  9.19e-01  2.56e+05	-3.5077 59.6753 0.7152	
56.316117 254.638217	4.58e-01  7.41e-01  2.82e+05	8.1001 42.4824 0.1766	
56.316117 254.638217	4.60e-01  8.21e-01  2.71e+05	4.1807 50.3307 0.5790	
56.316117 254.638217	4.27e-01  8.20e-01  2.76e+05	-2.5510 47.5941 0.9827	
56.316117 254.638217	4.21e-01  8.61e-01  2.71e+05	12.4608 48.9649 0.5181	
56.316117 254.638217	5.41e-01  8.20e-01  2.62e+05	-10.1513 55.2796 0.9766	
56.316117 254.638217	8.13e-01  8.45e-01  2.33e+05	6.6092 71.2054 0.4600	
56.316117 254.638217	4.99e-01  7.33e-01  2.78e+05	5.3566 45.9762 0.0243	
56.316117 254.638217	5.38e-01  8.93e-01  2.55e+05	-2.0509 60.4669 0.3258	
56.316117 254.638217	5.46e-01  8.32e-01  2.60e+05	-44.8038 35.7703 0.5850	
56.316117 254.638217	6.66e-01  8.76e-01  2.44e+05	-10.0848 65.5874 0.7781	
56.316117 254.638217	5.39e-01  8.14e-01  2.63e+05	18.6741 52.4102 0.9898	
56.316117 254.638217	4.40e-01  8.73e-01  2.68e+05	11.7377 51.5286 0.4983	
56.316117 254.638217	5.58e-01  7.73e-01  2.66e+05	4.1752 54.0458 0.0580	
56.316117 254.638217	5.17e-01  7.06e-01  2.79e+05	-0.1227 45.5448 0.1594	
56.316117 254.638217	4.72e-01  8.41e-01  2.68e+05	-7.1808 52.3927 0.6336	
56.316117 254.638217	5.49e-01  7.80e-01  2.66e+05	-18.7284 50.6587 0.7946	
56.316117 254.638217	5.89e-01  6.89e-01  2.72e+05	-21.9629 45.1452 0.2086	
56.316117 254.638217	4.11e-01  8.80e-01  2.70e+05	-8.8863 50.3851 0.7206	
56.316117 254.638217	4.16e-01  8.26e-01  2.76e+05	7.7632 46.6395 0.5239	
56.316117 254.638217	5.11e-01  8.04e-01  2.68e+05	19.3369 49.3721 0.6895	
56.316117 254.638217	5.00e-01  7.27e-01  2.78e+05	15.9828 43.0478 0.8641	
56.316117 254.638217	7.10e-01  7.58e-01  2.51e+05	9.3387 61.8558 0.4298	
56.316117 254.638217	6.20e-01  8.07e-01  2.55e+05	4.9642 60.0147 0.1641	
56.316117 254.638217	5.86e-01  7.72e-01  2.63e+05	-11.9605 54.7110 0.6431	
56.316117 254.638217	6.81e-01  8.64e-01  2.43e+05	23.7277 62.1204 0.7740	
56.316117 254.638217	4.88e-01  7.43e-01  2.78e+05	-7.1856 45.6709 0.6407	
56.316117 254.638217	5.37e-01  7.96e-01  2.66e+05	-15.0807 52.0897 0.5250	
56.316117 254.638217	5.24e-01  7.71e-01  2.70e+05	-4.3416 51.3098 0.3469	
56.316117 254.638217	6.64e-01  7.25e-01  2.59e+05	12.7194 56.6071 0.5786	
56.316117 254.638217	3.90e-01  8.33e-01  2.79e+05	0.2580 45.5932 0.5965	
56.316117 254.638217	7.03e-01  9.46e-01  2.34e+05	0.1163 71.0933 0.8381	
56.316117 254.638217	6.91e-01  8.64e-01  2.42e+05	-27.0813 61.2434 0.7449	
56.316117 254.638217	5.93e-01  8.20e-01  2.57e+05	-21.0419 55.5846 0.7382	
56.316117 254.638217	6.02e-01  6.84e-01  2.71e+05	3.3922 50.6754 0.5970	
56.316117 254.638217	5.51e-01  7.85e-01  2.65e+05	-10.6586 53.4229 0.1685	
56.316117 254.638217	5.84e-01  8.00e-01  2.60e+05	-17.6939 54.9188 0.9274	
56.316117 254.638217	5.73e-01  6.86e-01  2.74e+05	0.1258 48.6591 0.6632	
56.316117 254.638217	5.34e-01  7.11e-01  2.76e+05	14.7234 45.1530 0.1383	
56.316117 254.638217	5.40e-01  8.80e-01  2.56e+05	13.5555 58.2783 0.2098	
56.316117 254.638217	2.94e-01  8.66e-01  2.87e+05	1.2834 39.0184 0.3831	
56.316117 254.638217	5.23e-01  8.22e-01  2.64e+05	12.3289 53.7678 0.7470	
56.316117 254.638217	5.00e-01  7.31e-01  2.78e+05	3.4521 46.1019 0.4050	
56.316117 254.638217	6.49e-01  8.55e-01  2.47e+05	10.9637 63.5284 0.9057	
56.316117 254.638217	6.64e-01  7.65e-01  2.55e+05	14.5237 58.6322 0.2054	
56.316117 254.638217	3.70e-01  8.12e-01  2.84e+05	-14.0927 39.0524 0.2581	
56.316117 254.638217	4.81e-01  8.93e-01  2.61e+05	-1.7079 57.0170 0.5748	
56.316117 254.638217	5.30e-01  7.87e-01  2.67e+05	14.3080 51.1970 0.2404	
56.316117 254.638217	6.09e-01  7.94e-01  2.58e+05	-12.0871 57.6349 0.3364	
56.316117 254.638217	6.92e-01  9.72e-01  2.33e+05	-24.5172 67.4135 0.3627	
56.316117 254.638217	6.98e-01  9.27e-01  2.36e+05	-15.2674 68.4672 0.5079	
56.316117 254.638217	5.21e-01  7.33e-01  2.75e+05	-14.3929 45.9551 0.5664	
56.316117 254.638217	4.90e-01  8.94e-01  2.60e+05	-6.6354 57.2400 0.1132	
56.316117 254.638217	6.17e-01  8.53e-01  2.51e+05	-35.6444 51.5819 0.9363	
56.316117 254.638217	5.41e-01  8.51e-01  2.59e+05	-12.8442 56.7457 0.9944	
56.316117 254.638217	6.65e-01  8.19e-01  2.49e+05	18.0771 60.7883 0.5577	
56.316117 254.638217	5.76e-01  8.90e-01  2.51e+05	-11.1400 61.4440 0.1081	
56.316117 254.638217	5.44e-01  8.54e-01  2.58e+05	7.7166 58.0680 0.5072	
56.316117 254.638217	7.35e-01  8.80e-01  2.37e+05	-22.2204 66.0571 0.6970	
56.316117 254.638217	4.86e-01  9.14e-01  2.58e+05	1.8612 58.6466 0.7464	
56.316117 254.638217	3.60e-01  8.04e-01  2.86e+05	8.6073 38.5466 0.3735	
56.316117 254.638217	7.09e-01  8.85e-01  2.39e+05	-13.9802 67.3451 0.5299	
56.316117 254.638217	5.77e-01  8.54e-01  2.55e+05	0.1350 60.5045 0.3046	
56.316117 254.638217	5.42e-01  6.21e-01  2.86e+05	-9.8508 38.1656 0.1339	
56.316117 254.638217	4.66e-01  8.50e-01  2.67e+05	8.5175 52.4044 0.2836	
56.316117 254.638217	6.43e-01  9.06e-01  2.43e+05	21.1478 63.2242 0.0668	
56.316117 254.638217	7.05e-01  8.43e-01  2.43e+05	15.8370 64.7207 0.9526	
56.316117 254.638217	5.14e-01  7.83e-01  2.70e+05	-1.9125 51.6180 0.2603	
56.316117 254.638217	4.83e-01  7.81e-01  2.74e+05	-15.4098 46.5860 0.9587	
56.316117 254.638217	6.38e-01  8.47e-01  2.49e+05	-12.8613 62.1801 0.0827	
56.316117 254.638217	6.61e-01  8.17e-01  2.50e+05	-6.4193 62.7943 0.1516	
56.316117 254.638217	4.32e-01  8.81e-01  2.68e+05	0.0998 52.8878 0.5841	
56.316117 254.638217	6.52e-01  8.37e-01  2.49e+05	15.5627 61.7724 0.9657	
56.316117 254.638217	5.69e-01  8.67e-01  2.54e+05	-18.3001 57.9704 0.9435	
56.316117 254.638217	6.53e-01  9.62e-01  2.37e+05	-19.0375 67.0102 0.1351	
56.316117 254.638217	3.86e-01  7.96e-01  2.84e+05	5.9513 41.0162 0.5435	
56.316117 254.638217	3.64e-01  9.06e-01  2.73e+05	3.4068 49.4229 0.9560	
56.316117 254.638217	5.70e-01  6.91e-01  2.74e+05	4.4091 48.6705 0.6886	
56.316117 254.638217	7.09e-01  8.58e-01  2.41e+05	-14.0698 66.0664 0.4655	
56.316117 254.638217	4.77e-01  7.13e-01  2.83e+05	6.3626 41.8166 0.0969	
56.316117 254.638217	6.50e-01  6.62e-01  2.68e+05	-11.4195 51.5481 0.5366	
56.316117 254.638217	6.02e-01  6.33e-01  2.77e+05	21.2946 41.4624 0.0656	
56.316117 254.638217	5.06e-01  9.06e-01  2.57e+05	4.4870 59.2248 0.7249	
56.316117 254.638217	6.10e-01  7.99e-01  2.57e+05	15.6713 57.0836 0.4453	
56.316117 254.638217	7.03e-01  9.23e-01  2.36e+05	4.0613 70.0379 0.3748	
56.316117 254.638217	7.43e-01  8.82e-01  2.36e+05	5.5278 69.8722 0.4854	
56.316117 254.638217	5.86e-01  6.80e-01  2.73e+05	19.5046 45.1581 0.7367	
56.316117 254.638217	5.46e-01  7.52e-01  2.70e+05	-11.0655 50.5132 0.9854	
56.316117 254.638217	5.61e-01  8.43e-01  2.58e+05	9.3374 58.2088 0.3243	
56.316117 254.638217	7.18e-01  9.11e-01  2.36e+05	16.0281 68.4505 0.1222	
56.316117 254.638217	4.82e-01  8.11e-01  2.70e+05	-6.3328 50.9306 0.9932	
56.316117 254.638217	5.49e-01  7.67e-01  2.67e+05	-3.6398 52.9738 0.5545	
56.316117 254.638217	5.67e-01  7.17e-01  2.71e+05	19.5610 46.7187 0.1057	
56.316117 254.638217	5.29e-01  8.30e-01  2.63e+05	-10.3602 55.0558 0.8867	
56.316117 254.638217	5.78e-01  7.80e-01  2.63e+05	-19.1992 52.5467 0.1956	
56.316117 254.638217	5.16e-01  7.59e-01  2.72e+05	-8.1054 49.2917 0.4801	
56.316117 254.638217	6.41e-01  9.43e-01  2.40e+05	3.4208 68.2030 0.9380	
56.316117 254.638217	3.94e-01  9.27e-01  2.67e+05	1.0324 53.3915 0.8629	
56.316117 254.638217	6.41e-01  8.41e-01  2.50e+05	-13.3176 61.8614 0.4401	
56.316117 254.638217	6.07e-01  8.25e-01  2.55e+05	10.0263 59.6936 0.1528	
56.316117 254.638217	5.72e-01  8.69e-01  2.54e+05	-23.9256 56.2001 0.8056	
56.316117 254.638217	6.98e-01  8.22e-01  2.46e+05	9.5696 64.5489 0.4742	
56.316117 254.638217	5.92e-01  7.90e-01  2.60e+05	24.2883 52.1587 0.6141	
56.316117 254.638217	6.42e-01  7.83e-01  2.55e+05	-24.5193 54.8892 0.2753	
56.316117 254.638217	4.81e-01  9.32e-01  2.57e+05	-5.9565 59.1340 0.2079	
56.316117 254.638217	5.22e-01  8.43e-01  2.62e+05	5.4906 56.1634 0.0935	
56.316117 254.638217	6.53e-01  7.74e-01  2.55e+05	1.0933 60.2935 0.5004	
56.316117 254.638217	6.37e-01  7.92e-01  2.55e+05	-19.2336 57.2806 0.9452	
56.316117 254.638217	6.21e-01  7.60e-01  2.60e+05	0.9690 57.5189 0.4681	
56.316117 254.638217	6.10e-01  7.59e-01  2.62e+05	3.1754 56.5970 0.8510	
56.316117 254.638217	5.76e-01  9.45e-01  2.46e+05	1.2870 65.2751 0.8901	
56.316117 254.638217	4.40e-01  7.33e-01  2.85e+05	-0.9371 40.6123 0.1113	
56.316117 254.638217	5.76e-01  7.20e-01  2.70e+05	-13.8243 49.6771 0.0642	
56.316117 254.638217	6.34e-01  8.18e-01  2.53e+05	-8.9940 61.0210 0.3617	
56.316117 254.638217	4.56e-01  8.51e-01  2.68e+05	3.5063 52.3117 0.3272	
56.316117 254.638217	5.22e-01  7.69e-01  2.70e+05	-13.4787 49.3811 0.5202	
56.316117 254.638217	3.11e-01  7.85e-01  2.96e+05	-1.1832 30.6908 0.6323	
56.316117 254.638217	6.66e-01  9.59e-01  2.36e+05	7.2311 69.7430 0.3823	
56.316117 254.638217	6.71e-01  7.85e-01  2.52e+05	-21.5005 58.1183 0.4012	
56.316117 254.638217	5.40e-01  8.33e-01  2.61e+05	-1.5649 56.9570 0.7525	
56.316117 254.638217	5.46e-01  6.99e-01  2.76e+05	7.8930 46.8543 0.4004	
56.316117 254.638217	4.15e-01  8.44e-01  2.74e+05	-3.1104 48.5814 0.7169	
56.316117 254.638217	4.05e-01  6.94e-01  2.95e+05	-5.0815 30.7774 0.3578	
56.316117 254.638217	5.95e-01  8.32e-01  2.55e+05	-4.9820 60.0666 0.0054	
56.316117 254.638217	5.46e-01  8.74e-01  2.56e+05	15.9885 57.6564 0.4199	
56.316117 254.638217	5.50e-01  9.08e-01  2.52e+05	-3.4107 61.9586 0.8034	
56.316117 254.638217	7.16e-01  8.63e-01  2.40e+05	-25.3408 63.1555 0.4873	
56.316117 254.638217	6.17e-01  7.99e-01  2.56e+05	-21.8484 55.4708 0.2606	
56.316117 254.638217	5.24e-01  8.15e-01  2.65e+05	8.8756 53.9883 0.7803	
56.316117 254.638217	5.56e-01  7.51e-01  2.68e+05	-8.4678 51.7505 0.0079	
56.316117 254.638217	6.15e-01  8.07e-01  2.56e+05	-31.4143 51.1001 0.9284	
56.316117 254.638217	5.37e-01  8.17e-01  2.63e+05	-16.0521 53.3396 0.7802	
56.316117 254.638217	6.19e-01  7.47e-01  2.62e+05	-14.6172 54.6002 0.1448	
56.316117 254.638217	3.42e-01  9.31e-01  2.73e+05	6.3609 49.3506 0.2652	
56.316117 254.638217	5.27e-01  8.26e-01  2.63e+05	-0.9069 55.6253 0.4723	
56.316117 254.638217	6.41e-01  8.92e-01  2.45e+05	-3.3082 65.8449 0.4111	
56.316117 254.638217	5.38e-01  8.41e-01  2.60e+05	16.4995 54.9308 0.1623	
56.316117 254.638217	6.24e-01  7.96e-01  2.56e+05	-14.4274 58.0952 0.9987	
56.316117 254.638217	7.80e-01  9.05e-01  2.31e+05	-6.0974 72.3009 0.0121	
56.316117 254.638217	5.82e-01  8.79e-01  2.52e+05	12.2082 60.9799 0.1567	
56.316117 254.638217	7.96e-01  9.08e-01  2.29e+05	6.7639 72.9967 0.8812	
56.316117 254.638217	4.80e-01  7.01e-01  2.84e+05	-1.4284 41.3182 0.3179	
56.316117 254.638217	4.89e-01  8.78e-01  2.62e+05	1.2763 56.5350 0.3496	
56.316117 254.638217	4.62e-01  8.63e-01  2.66e+05	19.2434 50.1890 0.8246	
56.316117 254.638217	6.55e-01  8.80e-01  2.44e+05	-12.5407 64.8200 0.0376	
56.316117 254.638217	5.42e-01  7.73e-01  2.68e+05	4.3418 52.8385 0.8265	
56.316117 254.638217	4.56e-01  8.85e-01  2.65e+05	-8.3753 54.1475 0.9816	
56.316117 254.638217	4.36e-01  8.25e-01  2.74e+05	2.0877 48.7645 0.3450	
56.316117 254.638217	5.30e-01  6.97e-01  2.78e+05	7.1368 45.3228 0.4332	
56.316117 254.638217	6.65e-01  7.94e-01  2.52e+05	15.8384 60.0283 0.0849	
56.316117 254.638217	6.95e-01  9.39e-01  2.35e+05	-3.7312 70.3877 0.9986	
56.316117 254.638217	4.92e-01  8.17e-01  2.68e+05	23.7086 46.9151 0.9056	
56.316117 254.638217	4.77e-01  8.15e-01  2.70e+05	-0.5821 51.2952 0.9868	
56.316117 254.638217	6.52e-01  7.31e-01  2.60e+05	-12.2869 56.2842 0.4753	
56.316117 254.638217	6.44e-01  9.34e-01  2.40e+05	17.0944 65.8419 0.1972	
56.316117 254.638217	6.48e-01  7.94e-01  2.54e+05	-2.9249 61.0861 0.4232	
56.316117 254.638217	5.90e-01  8.86e-01  2.50e+05	4.1643 62.8741 0.7924	
56.316117 254.638217	5.82e-01  8.45e-01  2.55e+05	-20.1173 56.8548 0.5690	
56.316117 254.638217	5.59e-01  8.23e-01  2.60e+05	0.1688 57.5752 0.3793	
56.316117 254.638217	6.08e-01  9.80e-01  2.39e+05	6.3701 68.2011 0.7663	
56.316117 254.638217	6.47e-01  7.81e-01  2.55e+05	13.6425 58.7346 0.9710	
56.316117 254.638217	4.37e-01  7.41e-01  2.84e+05	6.3743 40.5646 0.9250	
56.316117 254.638217	7.15e-01  8.54e-01  2.41e+05	-21.0549 64.2713 0.7682	
56.316117 254.638217	6.48e-01  8.57e-01  2.47e+05	-11.0598 63.5387 0.1162	
56.316117 254.638217	6.62e-01  7.20e-01  2.60e+05	-6.1130 57.2580 0.2804	
56.316117 254.638217	5.31e-01  6.76e-01  2.81e+05	11.7624 42.4276 0.3816	
56.316117 254.638217	5.96e-01  7.89e-01  2.60e+05	-21.9394 53.4032 0.7700	
56.316117 254.638217	6.04e-01  8.07e-01  2.57e+05	-25.7825 53.4652 0.3428	
56.316117 254.638217	6.06e-01  7.51e-01  2.63e+05	1.5198 55.8996 0.8403	
56.316117 254.638217	5.23e-01  9.02e-01  2.55e+05	-10.1575 59.2780 0.4686	
56.316117 254.638217	5.46e-01  7.54e-01  2.69e+05	23.3688 46.3407 0.1546	
56.316117 254.638217	8.10e-01  8.34e-01  2.34e+05	11.3629 70.0133 0.6720	
56.316117 254.638217	5.75e-01  5.93e-01  2.86e+05	2.0697 40.0054 0.3589	
56.316117 254.638217	5.25e-01  8.26e-01  2.63e+05	10.2237 54.6108 0.0188	
56.316117 254.638217	5.12e-01  7.60e-01  2.73e+05	-7.1364 49.1486 0.3810	
56.316117 254.638217	3.37e-01  9.11e-01  2.75e+05	4.6356 47.5382 0.3476	
56.316117 254.638217	6.58e-01  7.97e-01  2.52e+05	9.1999 61.1626 0.2708	
56.316117 254.638217	6.46e-01  7.37e-01  2.60e+05	8.2881 57.0124 0.3394	
56.316117 254.638217	5.96e-01  7.06e-01  2.69e+05	3.1995 51.9249 0.3594	
56.316117 254.638217	5.67e-01  7.01e-01  2.73e+05	44.1857 21.9131 0.5409	
56.316117 254.638217	5.03e-01  7.37e-01  2.76e+05	-13.3379 45.1285 0.9606	
56.316117 254.638217	5.72e-01  8.23e-01  2.59e+05	9.3959 57.6051 0.8997	
56.316117 254.638217	7.13e-01  8.86e-01  2.38e+05	15.0818 67.3167 0.8989	
56.316117 254.638217	4.66e-01  7.30e-01  2.82e+05	6.4452 42.4103 0.5463	
56.316117 254.638217	7.04e-01  9.16e-01  2.36e+05	-8.5512 69.3913 0.5414	
56.316117 254.638217	3.98e-01  8.36e-01  2.77e+05	-2.5461 46.4240 0.7598	
56.316117 254.638217	6.01e-01  9.22e-01  2.46e+05	-25.0946 60.3930 0.3451	
56.316117 254.638217	4.84e-01  8.24e-01  2.68e+05	2.7122 52.4188 0.5142	
56.316117 254.638217	4.15e-01  8.75e-01  2.70e+05	-0.0590 51.1538 0.4870	
56.316117 254.638217	4.37e-01  8.70e-01  2.69e+05	16.8952 49.5685 0.4441	
56.316117 254.638217	5.53e-01  8.74e-01  2.55e+05	14.4932 58.5436 0.9348	
56.316117 254.638217	5.87e-01  7.28e-01  2.67e+05	-20.9593 48.7546 0.1300	
56.316117 254.638217	5.50e-01  7.63e-01  2.68e+05	-19.1073 49.2931 0.6541	
56.316117 254.638217	7.16e-01  9.05e-01  2.36e+05	-31.4313 62.4558 0.8191	
56.316117 254.638217	6.65e-01  8.31e-01  2.48e+05	13.1187 62.7171 0.2794	
56.316117 254.638217	6.68e-01  7.88e-01  2.52e+05	19.1178 58.9380 0.5197	
56.316117 254.638217	7.74e-01  9.45e-01  2.28e+05	-20.4099 71.0115 0.3481	
56.316117 254.638217	8.99e-01  9.60e-01  2.17e+05	20.6633 75.9932 0.0881	
56.316117 254.638217	4.56e-01  8.69e-01  2.66e+05	-2.5176 53.6301 0.9016	
56.316117 254.638217	6.85e-01  9.21e-01  2.38e+05	-8.0970 68.8438 0.8049	
56.316117 254.638217	6.79e-01  7.38e-01  2.56e+05	-6.1770 59.3473 0.6848	
56.316117 254.638217	6.31e-01  6.97e-01  2.66e+05	8.1408 53.2954 0.0997	
56.316117 254.638217	6.37e-01  8.64e-01  2.48e+05	16.9668 62.0321 0.1391	
56.316117 254.638217	5.75e-01  8.57e-01  2.55e+05	17.8960 57.9026 0.4650	
56.316117 254.638217	7.93e-01  8.73e-01  2.32e+05	-0.8984 71.8336 0.6156	
56.316117 254.638217	8.98e-01  9.53e-01  2.17e+05	10.2750 77.8511 0.0094	
56.316117 254.638217	6.25e-01  6.65e-01  2.71e+05	7.6422 50.5289 0.6328	
56.316117 254.638217	6.85e-01  9.66e-01  2.34e+05	25.4783 66.4802 0.3380	
56.316117 254.638217	5.13e-01  8.03e-01  2.67e+05	-1.4138 53.1116 0.2653	
56.316117 254.638217	7.58e-01  7.74e-01  2.45e+05	-34.0822 56.3148 0.9594	
56.316117 254.638217	6.16e-01  8.31e-01  2.53e+05	-9.2217 60.7000 0.2916	
56.316117 254.638217	5.31e-01  8.48e-01  2.60e+05	10.4273 56.3669 0.3275	
56.316117 254.638217	5.61e-01  8.28e-01  2.59e+05	-3.9634 57.8368 0.4421	
56.316117 254.638217	5.31e-01  8.07e-01  2.65e+05	1.6627 54.6688 0.6139	
56.316117 254.638217	5.56e-01  8.70e-01  2.55e+05	2.3324 60.1330 0.0155	
56.316117 254.638217	6.74e-01  8.19e-01  2.48e+05	-0.0252 63.8852 0.8296	
56.316117 254.638217	5.59e-01  7.05e-01  2.74e+05	10.7370 47.7962 0.6612	
56.316117 254.638217	5.51e-01  9.12e-01  2.52e+05	17.2290 59.8449 0.8180	
56.316117 254.638217	5.67e-01  8.55e-01  2.56e+05	-6.7571 59.6099 0.3026	
56.316117 254.638217	5.77e-01  7.69e-01  2.64e+05	0.9422 55.1544 0.0541	
56.316117 254.638217	7.43e-01  8.98e-01  2.35e+05	1.1300 70.7942 0.4425	
56.316117 254.638217	5.53e-01  9.64e-01  2.46e+05	-5.6386 64.9039 0.6028	
56.316117 254.638217	7.71e-01  9.06e-01  2.31e+05	-33.1703 64.2217 0.2334	
56.316117 254.638217	6.51e-01  8.41e-01  2.49e+05	18.5480 61.0879 0.4626	
56.316117 254.638217	6.36e-01  8.47e-01  2.49e+05	10.6415 62.4633 0.1209	
56.316117 254.638217	8.20e-01  8.56e-01  2.31e+05	19.9931 69.3903 0.5740	
56.316117 254.638217	4.13e-01  9.35e-01  2.64e+05	3.6816 55.2170 0.6814	
56.316117 254.638217	4.92e-01  8.77e-01  2.61e+05	25.3787 50.7631 0.3517	
56.316117 254.638217	5.52e-01  6.66e-01  2.79e+05	-6.1352 44.6294 0.1125	
56.316117 254.638217	4.12e-01  8.40e-01  2.75e+05	14.7981 45.6908 0.7794	
56.316117 254.638217	7.46e-01  8.46e-01  2.39e+05	-5.5170 68.4593 0.2015	
56.316117 254.638217	7.48e-01  8.47e-01  2.39e+05	-8.1315 68.3453 0.4400	
56.316117 254.638217	7.46e-01  8.67e-01  2.37e+05	21.4390 66.2117 0.9170	
56.316117 254.638217	5.49e-01  7.23e-01  2.73e+05	-3.8930 49.5915 0.4694	
56.316117 254.638217	7.39e-01  9.68e-01  2.29e+05	0.6493 73.4435 0.5642	
56.316117 254.638217	7.13e-01  8.25e-01  2.44e+05	-1.8289 66.1355 0.6177	
56.316117 254.638217	7.21e-01  8.06e-01  2.45e+05	-23.7680 61.1772 0.2006	
56.316117 254.638217	4.09e-01  9.37e-01  2.64e+05	5.4595 54.9244 0.0313	
56.316117 254.638217	5.54e-01  7.94e-01  2.64e+05	7.2204 54.9005 0.1747	
56.316117 254.638217	7.56e-01  8.33e-01  2.39e+05	-19.8778 65.5709 0.3417	
56.316117 254.638217	4.16e-01  8.91e-01  2.68e+05	-16.6824 49.7228 0.3895	
56.316117 254.638217	6.44e-01  8.89e-01  2.45e+05	1.0471 65.8881 0.0573	
56.316117 254.638217	4.82e-01  9.31e-01  2.57e+05	-4.8378 59.2764 0.5442	
56.316117 254.638217	3.66e-01  8.58e-01  2.79e+05	-9.2604 44.5710 0.7971	
56.316117 254.638217	6.06e-01  7.43e-01  2.64e+05	3.9412 55.2531 0.1168	
56.316117 254.638217	6.98e-01  9.08e-01  2.38e+05	-35.0931 59.7390 0.4595	
56.316117 254.638217	4.88e-01  7.75e-01  2.74e+05	-12.4609 47.3176 0.8339	
56.316117 254.638217	6.68e-01  8.12e-01  2.50e+05	10.3115 62.3932 0.2938	
56.316117 254.638217	4.51e-01  9.02e-01  2.63e+05	6.3453 55.2651 0.6355	
56.316117 254.638217	6.82e-01  8.20e-01  2.48e+05	-11.7297 63.2498 0.7541	
56.316117 254.638217	4.38e-01  9.54e-01  2.59e+05	13.1822 56.6487 0.1971	
56.316117 254.638217	3.59e-01  8.45e-01  2.81e+05	9.1301 42.7506 0.5649	
56.316117 254.638217	6.58e-01  7.45e-01  2.58e+05	12.4397 57.4740 0.3590	
56.316117 254.638217	4.85e-01  7.82e-01  2.73e+05	-4.8066 49.0652 0.3017	
56.316117 254.638217	6.30e-01  7.11e-01  2.65e+05	6.0692 54.4785 0.8791	
56.316117 254.638217	6.67e-01  7.86e-01  2.53e+05	-2.6614 61.6705 0.7826	
56.316117 254.638217	6.66e-01  8.82e-01  2.43e+05	6.7254 66.2663 0.6506	
56.316117 254.638217	4.98e-01  9.04e-01  2.58e+05	-18.4082 55.8508 0.5553	
56.316117 254.638217	5.59e-01  9.22e-01  2.50e+05	-0.5439 63.2637 0.5848	
56.316117 254.638217	4.01e-01  6.75e-01  2.98e+05	-3.1525 27.3479 0.6369	
56.316117 254.638217	6.71e-01  9.13e-01  2.40e+05	8.7771 67.7164 0.1633	
56.316117 254.638217	5.79e-01  7.42e-01  2.67e+05	-17.5835 50.4728 0.2251	
56.316117 254.638217	5.88e-01  7.55e-01  2.64e+05	19.4680 51.4573 0.3964	
56.316117 254.638217	5.28e-01  7.60e-01  2.71e+05	8.3638 50.2840 0.1111	
56.316117 254.638217	5.50e-01  7.57e-01  2.69e+05	15.0130 50.2155 0.7565	
56.316117 254.638217	6.54e-01  7.95e-01  2.53e+05	0.4778 61.5473 0.5570	
56.316117 254.638217	5.50e-01  9.45e-01  2.48e+05	-18.8078 61.2242 0.5547	
56.316117 254.638217	7.15e-01  9.66e-01  2.31e+05	8.5562 71.9372 0.3272	
56.316117 254.638217	6.46e-01  7.15e-01  2.62e+05	8.9716 55.4599 0.5832	
56.316117 254.638217	7.13e-01  8.54e-01  2.41e+05	-10.1315 66.7818 0.7827	
56.316117 254.638217	5.12e-01  9.01e-01  2.57e+05	2.8249 59.3693 0.3712	
56.316117 254.638217	5.13e-01  8.56e-01  2.61e+05	-20.3051 52.9940 0.8118	
56.316117 254.638217	5.54e-01  7.39e-01  2.70e+05	14.1526 49.3108 0.9715	
56.316117 254.638217	5.92e-01  7.04e-01  2.70e+05	20.2405 47.4238 0.3981	
56.316117 254.638217	4.72e-01  7.82e-01  2.75e+05	8.9928 47.4537 0.1915	
56.316117 254.638217	6.28e-01  7.45e-01  2.61e+05	-14.4591 55.1267 0.4786	
56.316117 254.638217	6.29e-01  7.70e-01  2.58e+05	-15.8127 56.4601 0.8710	
56.316117 254.638217	5.46e-01  7.25e-01  2.73e+05	-15.9837 46.9540 0.2865	
56.316117 254.638217	8.89e-01  9.25e-01  2.20e+05	-23.9752 73.4581 0.2319	
56.316117 254.638217	7.25e-01  9.44e-01  2.32e+05	-1.8466 71.9242 0.7365	
56.316117 254.638217	5.82e-01  8.26e-01  2.57e+05	12.9096 57.6763 0.9356	
56.316117 254.638217	6.00e-01  7.91e-01  2.59e+05	-24.9475 52.5371 0.0570	
56.316117 254.638217	6.32e-01  8.11e-01  2.54e+05	-4.7991 61.0182 0.0670	
56.316117 254.638217	5.19e-01  7.34e-01  2.75e+05	3.9812 47.9101 0.4103	
56.316117 254.638217	5.75e-01  6.68e-01  2.76e+05	-4.6242 47.1098 0.5894	
56.316117 254.638217	5.43e-01  7.01e-01  2.76e+05	11.4685 45.9640 0.1640	
56.316117 254.638217	7.53e-01  9.62e-01  2.28e+05	7.0971 73.4151 0.0356	
56.316117 254.638217	5.77e-01  7.36e-01  2.68e+05	1.8381 52.8153 0.4144	
56.316117 254.638217	5.91e-01  8.80e-01  2.51e+05	4.9999 62.5386 0.0454	
56.316117 254.638217	4.18e-01  7.42e-01  2.87e+05	5.1368 38.7452 0.7328	
56.316117 254.638217	6.98e-01  9.47e-01  2.34e+05	13.9816 69.5604 0.3826	
56.316117 254.638217	6.07e-01  8.60e-01  2.51e+05	-42.7148 45.6627 0.2554	
56.316117 254.638217	7.13e-01  8.28e-01  2.44e+05	0.9650 66.2929 0.5309	
56.316117 254.638217	5.67e-01  8.07e-01  2.61e+05	7.4299 56.5159 0.5730	
56.316117 254.638217	5.21e-01  8.67e-01  2.59e+05	-9.4371 57.1845 0.4246	
56.316117 254.638217	5.28e-01  9.12e-01  2.54e+05	28.6081 53.8962 0.4576	
56.316117 254.638217	4.17e-01  8.54e-01  2.73e+05	-13.3668 47.7962 0.2156	
56.316117 254.638217	4.54e-01  8.22e-01  2.72e+05	-0.5880 49.9982 0.6652	
56.316117 254.638217	4.11e-01  8.35e-01  2.76e+05	-11.5791 46.1203 0.4804	
56.316117 254.638217	6.85e-01  8.19e-01  2.47e+05	-20.4987 61.1217 0.4818	
56.316117 254.638217	6.70e-01  9.53e-01  2.36e+05	-9.9375 69.3273 0.2110	
56.316117 254.638217	6.09e-01  6.91e-01  2.69e+05	14.2961 49.8879 0.1127	
56.316117 254.638217	5.61e-01  8.11e-01  2.61e+05	-11.9570 55.6183 0.1819	
56.316117 254.638217	4.19e-01  7.97e-01  2.80e+05	15.1177 42.1799 0.8710	
56.316117 254.638217	5.33e-01  8.71e-01  2.58e+05	-42.7859 40.5106 0.2472	
56.316117 254.638217	6.70e-01  8.31e-01  2.48e+05	-9.9135 63.5724 0.6302	
56.316117 254.638217	5.26e-01  7.48e-01  2.72e+05	4.6681 49.6456 0.2209	
56.316117 254.638217	5.36e-01  8.24e-01  2.62e+05	19.4698 52.6383 0.9313	
56.316117 254.638217	5.41e-01  7.72e-01  2.68e+05	-3.6966 52.6806 0.2229	
56.316117 254.638217	6.13e-01  8.68e-01  2.50e+05	-31.4252 54.9054 0.6181	
56.316117 254.638217	3.98e-01  8.26e-01  2.78e+05	2.8151 45.5843 0.5661	
56.316117 254.638217	7.05e-01  7.85e-01  2.49e+05	-12.3100 62.5471 0.7824	
56.316117 254.638217	5.49e-01  8.31e-01  2.60e+05	1.3877 57.3753 0.6232	
56.316117 254.638217	5.19e-01  7.17e-01  2.77e+05	-12.3874 45.0104 0.3213	
56.316117 254.638217	5.72e-01  8.36e-01  2.57e+05	-9.2398 58.3982 0.0465	
56.316117 254.638217	7.02e-01  7.92e-01  2.48e+05	-3.9941 63.7835 0.7187	
56.316117 254.638217	6.33e-01  9.23e-01  2.42e+05	6.7900 66.6515 0.8964	
56.316117 254.638217	4.45e-01  7.70e-01  2.80e+05	-6.5314 44.2189 0.0702	
56.316117 254.638217	5.04e-01  9.93e-01  2.48e+05	22.5336 60.0040 0.2124	
56.316117 254.638217	6.29e-01  8.25e-01  2.52e+05	16.8463 59.4175 0.9327	
56.316117 254.638217	5.71e-01  8.91e-01  2.52e+05	0.1407 62.2378 0.1350	
56.316117 254.638217	6.38e-01  8.00e-01  2.54e+05	-12.5822 59.6144 0.9678	
56.316117 254.638217	6.20e-01  9.78e-01  2.38e+05	2.4916 68.8936 0.9739	
56.316117 254.638217	6.92e-01  8.46e-01  2.44e+05	29.9233 59.0094 0.9608	
56.316117 254.638217	5.14e-01  7.52e-01  2.73e+05	-8.1274 48.5398 0.2793	
56.316117 254.638217	6.80e-01  8.20e-01  2.48e+05	2.8881 64.1928 0.4020	
56.316117 254.638217	5.18e-01  6.83e-01  2.81e+05	15.2717 40.6426 0.6288	
56.316117 254.638217	4.08e-01  7.67e-01  2.85e+05	17.6592 36.7033 0.5078	
56.316117 254.638217	5.36e-01  7.82e-01  2.67e+05	9.0774 52.4461 0.3170	
56.316117 254.638217	5.39e-01  7.97e-01  2.65e+05	-19.3068 50.9698 0.4480	
56.316117 254.638217	6.32e-01  7.51e-01  2.60e+05	17.8527 54.7190 0.6278	
56.316117 254.638217	6.39e-01  7.74e-01  2.57e+05	28.6103 52.0628 0.1201	
56.316117 254.638217	4.38e-01  8.71e-01  2.68e+05	-19.7858 48.7278 0.6574	
56.316117 254.638217	6.66e-01  8.66e-01  2.45e+05	8.1692 65.3622 0.9525	
56.316117 254.638217	4.87e-01  7.72e-01  2.74e+05	-15.1714 46.2081 0.7591	
56.316117 254.638217	7.36e-01  8.62e-01  2.38e+05	-4.8187 68.7638 0.5747	
56.316117 254.638217	5.80e-01  7.44e-01  2.67e+05	-19.9123 49.8065 0.5804	
56.316117 254.638217	5.09e-01  7.80e-01  2.71e+05	6.0234 50.7186 0.9519	
56.316117 254.638217	6.78e-01  8.91e-01  2.41e+05	0.5674 67.6094 0.8009	
56.316117 254.638217	7.62e-01  9.62e-01  2.27e+05	-6.6989 73.7861 0.8955	
56.316117 254.638217	7.61e-01  9.43e-01  2.29e+05	19.4503 70.7142 0.2732	
56.316117 254.638217	4.98e-01  8.14e-01  2.68e+05	14.0359 50.8391 0.6759	
56.316117 254.638217	5.78e-01  7.22e-01  2.69e+05	-9.7453 51.0164 0.2890	
56.316117 254.638217	4.38e-01  9.36e-01  2.61e+05	-17.0719 54.4113 0.6336	
56.316117 254.638217	5.54e-01  8.15e-01  2.61e+05	-11.1496 55.6115 0.1118	
56.316117 254.638217	5.71e-01  6.02e-01  2.85e+05	2.3174 40.4715 0.3937	
56.316117 254.638217	4.51e-01  7.94e-01  2.76e+05	8.3473 46.7661 0.9843	
56.316117 254.638217	5.70e-01  8.65e-01  2.54e+05	-20.7076 57.0980 0.2787	
56.316117 254.638217	6.76e-01  7.35e-01  2.57e+05	7.6717 58.8084 0.7328	
56.316117 254.638217	5.45e-01  8.26e-01  2.61e+05	36.1796 43.8567 0.2028	
56.316117 254.638217	6.36e-01  7.98e-01  2.54e+05	-4.0733 60.5490 0.1741	
56.316117 254.638217	6.42e-01  9.42e-01  2.40e+05	24.4017 63.7816 0.5756	
56.316117 254.638217	4.72e-01  7.55e-01  2.78e+05	-8.1461 45.1840 0.4993	
56.316117 254.638217	6.07e-01  7.66e-01  2.61e+05	2.3806 56.9737 0.2115	
56.316117 254.638217	8.53e-01  9.63e-01  2.20e+05	-28.8359 71.7992 0.9874	
56.316117 254.638217	6.43e-01  8.03e-01  2.53e+05	-6.0379 61.0989 0.8569	
56.316117 254.638217	5.23e-01  7.97e-01  2.67e+05	8.2659 52.7036 0.5346	
56.316117 254.638217	5.89e-01  8.01e-01  2.59e+05	10.6236 57.0221 0.7385	
56.316117 254.638217	4.38e-01  9.34e-01  2.61e+05	15.7643 54.6836 0.3354	
56.316117 254.638217	4.48e-01  8.70e-01  2.67e+05	2.2536 53.1344 0.0445	
56.316117 254.638217	5.49e-01  7.32e-01  2.72e+05	1.7051 50.4335 0.2045	
56.316117 254.638217	5.52e-01  9.44e-01  2.48e+05	-2.5216 64.0213 0.1832	
56.316117 254.638217	7.28e-01  8.85e-01  2.37e+05	10.7749 68.7765 0.4962	
56.316117 254.638217	8.00e-01  9.01e-01  2.29e+05	18.5726 70.8065 0.9296	
56.316117 254.638217	5.83e-01  7.00e-01  2.71e+05	10.8417 49.4455 0.9377	
56.316117 254.638217	4.07e-01  9.36e-01  2.64e+05	29.7258 46.2782 0.3545	
56.316117 254.638217	6.55e-01  7.20e-01  2.61e+05	-0.8043 57.0657 0.0320	
56.316117 254.638217	6.55e-01  9.10e-01  2.42e+05	-15.3971 65.6209 0.8621	
56.316117 254.638217	5.42e-01  8.57e-01  2.58e+05	-14.9471 56.6484 0.3286	
56.316117 254.638217	4.85e-01  8.94e-01  2.60e+05	-27.3410 50.3936 0.8861	
56.316117 254.638217	4.70e-01  9.12e-01  2.60e+05	-2.3875 57.5219 0.5855	
56.316117 254.638217	5.22e-01  7.70e-01  2.70e+05	20.7629 46.8785 0.5464	
56.316117 254.638217	5.26e-01  6.74e-01  2.82e+05	4.9612 42.9861 0.6782	
56.316117 254.638217	6.15e-01  8.03e-01  2.56e+05	-15.2863 57.7886 0.9738	
56.316117 254.638217	6.61e-01  9.66e-01  2.36e+05	23.1619 66.2618 0.7070	
56.316117 254.638217	5.41e-01  5.84e-01  2.91e+05	19.2961 29.0143 0.0196	
56.316117 254.638217	5.28e-01  7.84e-01  2.68e+05	-8.9950 52.0423 0.9540	
56.316117 254.638217	6.87e-01  8.23e-01  2.47e+05	4.5026 64.5934 0.3646	
56.316117 254.638217	6.66e-01  8.40e-01  2.47e+05	15.4810 62.6659 0.4291	
56.316117 254.638217	3.57e-01  9.22e-01  2.72e+05	13.3925 48.4883 0.8432	
56.316117 254.638217	7.30e-01  8.22e-01  2.43e+05	-3.0832 66.7306 0.0983	
56.316117 254.638217	5.71e-01  7.24e-01  2.70e+05	5.2425 51.2747 0.6617	
56.316117 254.638217	5.22e-01  8.08e-01  2.66e+05	-6.0140 53.7415 0.7118	
56.316117 254.638217	6.21e-01  9.47e-01  2.41e+05	30.8584 60.1264 0.3647	
56.316117 254.638217	6.84e-01  7.60e-01  2.53e+05	13.7940 59.6729 0.8763	
56.316117 254.638217	5.17e-01  8.34e-01  2.63e+05	11.6043 54.2855 0.4478	
56.316117 254.638217	6.45e-01  9.28e-01  2.41e+05	-15.7555 65.9453 0.4030	
56.316117 254.638217	4.85e-01  8.10e-01  2.70e+05	24.8758 45.1016 0.0677	
56.316117 254.638217	7.05e-01  7.54e-01  2.52e+05	28.5385 55.1446 0.4099	
56.316117 254.638217	8.11e-01  8.69e-01  2.31e+05	8.7059 71.8284 0.3160	
56.316117 254.638217	6.57e-01  7.93e-01  2.53e+05	12.4555 60.3074 0.6475	
56.316117 254.638217	5.41e-01  8.60e-01  2.58e+05	21.9656 54.4559 0.0247	
56.316117 254.638217	5.81e-01  7.51e-01  2.66e+05	20.5237 50.1954 0.8301	
56.316117 254.638217	7.77e-01  8.86e-01  2.33e+05	-5.2309 71.5011 0.1467	
56.316117 254.638217	4.67e-01  8.38e-01  2.69e+05	-0.0784 52.2602 0.7344	
56.316117 254.638217	5.61e-01  7.80e-01  2.64e+05	24.0171 49.3652 0.0319	
56.316117 254.638217	5.71e-01  8.36e-01  2.57e+05	13.7125 57.4491 0.5202	
56.316117 254.638217	4.86e-01  7.86e-01  2.73e+05	3.5980 49.5630 0.2723	
56.316117 254.638217	4.43e-01  9.44e-01  2.59e+05	-0.4354 57.8739 0.4634	
56.316117 254.638217	5.41e-01  8.60e-01  2.58e+05	38.8147 44.0541 0.2076	
56.316117 254.638217	7.06e-01  7.86e-01  2.49e+05	16.0683 61.7955 0.0663	
56.316117 254.638217	7.74e-01  9.22e-01  2.30e+05	-19.3493 70.3988 0.5383	
56.316117 254.638217	6.80e-01  8.07e-01  2.49e+05	4.6053 63.4156 0.3218	
56.316117 254.638217	6.99e-01  8.44e-01  2.44e+05	16.1290 64.3832 0.3994	
56.316117 254.638217	4.88e-01  9.21e-01  2.57e+05	-2.1177 59.2057 0.5249	
56.316117 254.638217	4.76e-01  9.00e-01  2.61e+05	-34.4839 45.5828 0.8073	
56.316117 254.638217	7.74e-01  9.30e-01  2.29e+05	-8.1154 72.8556 0.9676	
56.316117 254.638217	7.75e-01  8.04e-01  2.40e+05	-32.2364 59.9801 0.8194	
56.316117 254.638217	5.91e-01  7.06e-01  2.70e+05	-16.7165 48.8869 0.4416	
56.316117 254.638217	6.04e-01  9.08e-01  2.47e+05	-22.9806 60.6864 0.6659	
56.316117 254.638217	5.63e-01  6.98e-01  2.74e+05	-0.7180 48.8207 0.1770	
56.316117 254.638217	4.47e-01  6.90e-01  2.90e+05	-15.5748 32.8987 0.9836	
56.316117 254.638217	5.59e-01  7.72e-01  2.66e+05	6.1829 53.7934 0.1305	
56.316117 254.638217	6.79e-01  8.22e-01  2.48e+05	-10.3272 63.4404 0.5494	
56.316117 254.638217	4.66e-01  8.99e-01  2.62e+05	11.5681 55.2050 0.7579	
56.316117 254.638217	6.00e-01  8.07e-01  2.57e+05	-6.2272 58.7428 0.1284	
56.316117 254.638217	4.75e-01  9.17e-01  2.59e+05	-2.7853 58.1500 0.8144	
56.316117 254.638217	7.07e-01  8.73e-01  2.40e+05	-22.5231 64.2953 0.8914	
56.316117 254.638217	5.87e-01  8.06e-01  2.59e+05	-4.5786 58.0522 0.7277	
56.316117 254.638217	3.97e-01  8.50e-01  2.76e+05	1.3670 47.6387 0.6828	
56.316117 254.638217	7.01e-01  9.21e-01  2.36e+05	10.8001 69.1557 0.2800	
56.316117 254.638217	7.39e-01  8.32e-01  2.41e+05	-17.2663 65.4436 0.4535	
56.316117 254.638217	6.88e-01  7.78e-01  2.51e+05	-9.0221 61.7843 0.7054	
56.316117 254.638217	5.18e-01  7.29e-01  2.76e+05	8.1364 46.9651 0.9175	
56.316117 254.638217	3.27e-01  8.81e-01  2.80e+05	7.4822 43.5003 0.1613	
56.316117 254.638217	6.88e-01  8.40e-01  2.45e+05	-3.9631 65.5153 0.6354	
56.316117 254.638217	5.69e-01  8.60e-01  2.55e+05	-0.4403 60.3962 0.7298	
56.316117 254.638217	7.22e-01  9.29e-01  2.34e+05	4.3525 71.0873 0.3791	
56.316117 254.638217	6.18e-01  8.22e-01  2.54e+05	14.6933 59.2179 0.4530	
56.316117 254.638217	5.57e-01  8.28e-01  2.60e+05	-22.6146 53.1171 0.4027	
56.316117 254.638217	6.84e-01  8.40e-01  2.45e+05	-26.8313 59.7562 0.1307	
56.316117 254.638217	5.39e-01  9.68e-01  2.47e+05	13.7723 63.1515 0.5671	
56.316117 254.638217	7.52e-01  9.00e-01  2.34e+05	-9.6797 70.5574 0.5967	
56.316117 254.638217	4.67e-01  7.44e-01  2.80e+05	-2.2505 44.3235 0.9519	
56.316117 254.638217	6.31e-01  8.93e-01  2.45e+05	5.6940 65.2102 0.0425	
56.316117 254.638217	4.29e-01  8.91e-01  2.67e+05	29.7191 44.3514 0.1239	
56.316117 254.638217	6.57e-01  7.23e-01  2.60e+05	-15.2681 55.3751 0.6306	
56.316117 254.638217	5.00e-01  8.51e-01  2.63e+05	-20.6252 51.5790 0.7652	
56.316117 254.638217	5.37e-01  7.81e-01  2.67e+05	21.5455 48.6557 0.7362	
56.316117 254.638217	4.08e-01  7.99e-01  2.81e+05	-2.8008 43.9127 0.2707	
56.316117 254.638217	8.70e-01  9.10e-01  2.23e+05	12.8693 75.0331 0.3855	
56.316117 254.638217	4.91e-01  8.84e-01  2.61e+05	-0.5141 57.0712 0.6102	
56.316117 254.638217	6.72e-01  8.20e-01  2.48e+05	24.6898 58.9230 0.4315	
56.316117 254.638217	5.40e-01  7.42e-01  2.71e+05	21.0588 45.9189 0.6542	
56.316117 254.638217	6.24e-01  8.95e-01  2.46e+05	36.9685 53.7365 0.7700	
56.316117 254.638217	5.47e-01  9.76e-01  2.45e+05	-25.1172 60.4236 0.5698	
56.316117 254.638217	5.64e-01  7.05e-01  2.73e+05	9.8473 48.5043 0.1966	
56.316117 254.638217	5.42e-01  7.64e-01  2.69e+05	-8.6348 51.5746 0.7883	
56.316117 254.638217	5.98e-01  9.46e-01  2.44e+05	15.9952 64.4798 0.2006	
56.316117 254.638217	4.34e-01  8.75e-01  2.68e+05	21.1881 48.0989 0.3043	
56.316117 254.638217	5.44e-01  8.61e-01  2.58e+05	-8.0816 58.3931 0.3074	
56.316117 254.638217	6.17e-01  7.00e-01  2.67e+05	-14.8149 51.0598 0.0724	
56.316117 254.638217	4.34e-01  8.65e-01  2.69e+05	-8.1433 51.1327 0.0849	
56.316117 254.638217	6.09e-01  6.91e-01  2.69e+05	-2.7962 51.7968 0.9023	
56.316117 254.638217	5.51e-01  7.05e-01  2.75e+05	-13.8075 46.4236 0.4683	
56.316117 254.638217	5.32e-01  7.52e-01  2.71e+05	0.7450 50.6647 0.7839	
56.316117 254.638217	6.93e-01  8.08e-01  2.48e+05	-5.6546 64.0648 0.6013	
56.316117 254.638217	6.21e-01  7.84e-01  2.58e+05	-27.4283 52.1941 0.7513	
56.316117 254.638217	5.74e-01  7.97e-01  2.61e+05	28.8259 49.0156 0.2118	
56.316117 254.638217	5.44e-01  8.26e-01  2.61e+05	19.2740 53.3760 0.2413	
56.316117 254.638217	8.63e-01  9.84e-01  2.18e+05	-35.7033 69.7786 0.7337	
56.316117 254.638217	8.09e-01  9.18e-01  2.27e+05	-27.4334 68.9261 0.6147	
56.316117 254.638217	5.15e-01  9.06e-01  2.56e+05	0.0353 59.8971 0.7068	
56.316117 254.638217	5.29e-01  7.83e-01  2.68e+05	21.5492 48.1950 0.9134	
56.316117 254.638217	5.54e-01  9.45e-01  2.48e+05	-12.0691 63.0456 0.1711	
56.316117 254.638217	4.24e-01  7.57e-01  2.84e+05	-4.6606 41.1688 0.5221	
56.316117 254.638217	6.51e-01  8.23e-01  2.50e+05	32.5933 53.7940 0.6693	
56.316117 254.638217	6.60e-01  7.13e-01  2.61e+05	3.8282 56.8458 0.3815	
56.316117 254.638217	6.93e-01  9.25e-01  2.37e+05	-30.6100 62.7648 0.6060	
56.316117 254.638217	6.60e-01  9.04e-01  2.42e+05	-2.6291 67.3472 0.4996	
56.316117 254.638217	4.45e-01  8.54e-01  2.69e+05	-22.2034 46.8178 0.3959	
56.316117 254.638217	6.19e-01  7.92e-01  2.57e+05	6.2177 59.0226 0.9543	
56.316117 254.638217	5.50e-01  9.19e-01  2.51e+05	-20.9273 59.0201 0.1558	
56.316117 254.638217	5.13e-01  8.31e-01  2.64e+05	-6.7100 54.6327 0.3630	
56.316117 254.638217	5.59e-01  8.47e-01  2.57e+05	1.5776 58.9947 0.1349	
56.316117 254.638217	5.15e-01  7.99e-01  2.68e+05	-17.2954 50.0229 0.0317	
56.316117 254.638217	5.55e-01  8.58e-01  2.57e+05	-32.3001 49.8533 0.4456	
56.316117 254.638217	6.58e-01  6.93e-01  2.63e+05	9.8450 54.6511 0.7866	
56.316117 254.638217	5.83e-01  6.70e-01  2.75e+05	16.2289 45.2678 0.5882	
56.316117 254.638217	5.97e-01  7.54e-01  2.64e+05	-14.3320 53.5850 0.6211	
56.316117 254.638217	6.16e-01  7.38e-01  2.63e+05	-11.0607 54.6110 0.6750	
56.316117 254.638217	6.25e-01  9.44e-01  2.41e+05	7.3201 67.2010 0.0492	
56.316117 254.638217	5.28e-01  7.36e-01  2.74e+05	-11.7937 47.6287 0.4348	
56.316117 254.638217	7.07e-01  8.21e-01  2.45e+05	21.4757 62.0480 0.7395	
56.316117 254.638217	5.26e-01  6.33e-01  2.87e+05	-11.9881 37.0807 0.6202	
56.316117 254.638217	8.85e-01  9.37e-01  2.20e+05	12.1559 76.5646 0.9377	
56.316117 254.638217	7.13e-01  8.28e-01  2.44e+05	-20.6965 62.9502 0.2538	
56.316117 254.638217	4.46e-01  8.10e-01  2.75e+05	-15.9753 45.6551 0.5563	
56.316117 254.638217	5.26e-01  7.27e-01  2.75e+05	4.8272 47.9180 0.1642	
56.316117 254.638217	7.47e-01  9.67e-01  2.28e+05	1.1736 73.6835 0.1108	
56.316117 254.638217	6.87e-01  7.25e-01  2.57e+05	-4.6178 59.2017 0.1377	
56.316117 254.638217	5.06e-01  8.40e-01  2.64e+05	-11.3422 54.0015 0.1996	
56.316117 254.638217	5.64e-01  7.20e-01  2.71e+05	12.2349 49.1783 0.4154	
56.316117 254.638217	6.13e-01  7.99e-01  2.57e+05	-0.2016 59.3500 0.7893	
56.316117 254.638217	5.92e-01  8.43e-01  2.54e+05	18.9632 57.6948 0.4866	
56.316117 254.638217	4.93e-01  8.13e-01  2.69e+05	4.6767 52.1465 0.1423	
56.316117 254.638217	5.22e-01  8.04e-01  2.66e+05	0.6289 53.7854 0.6465	
56.316117 254.638217	7.84e-01  8.90e-01  2.32e+05	-25.7542 67.3891 0.8325	
56.316117 254.638217	6.15e-01  6.60e-01  2.72e+05	-1.1456 49.8977 0.3348	
56.316117 254.638217	6.25e-01  8.40e-01  2.51e+05	-4.5697 62.2206 0.6962	
56.316117 254.638217	6.26e-01  9.73e-01  2.38e+05	-26.4035 63.7092 0.1575	
56.316117 254.638217	6.05e-01  7.58e-01  2.62e+05	11.3699 55.1276 0.0007	
56.316117 254.638217	3.55e-01  8.08e-01  2.86e+05	16.0226 36.1221 0.1136	
56.316117 254.638217	7.39e-01  8.88e-01  2.36e+05	23.1828 66.2461 0.3501	
56.316117 254.638217	5.87e-01  8.07e-01  2.59e+05	18.8215 55.1911 0.0924	
56.316117 254.638217	6.57e-01  8.14e-01  2.51e+05	19.3009 59.6753 0.1500	
56.316117 254.638217	4.94e-01  9.59e-01  2.53e+05	-10.7827 60.7976 0.9379	
56.316117 254.638217	5.42e-01  7.38e-01  2.72e+05	0.0731 50.3908 0.1472	
56.316117 254.638217	7.79e-01  8.43e-01  2.36e+05	-1.1116 69.9905 0.1515	
56.316117 254.638217	5.64e-01  8.02e-01  2.62e+05	23.1953 51.5405 0.6065	
56.316117 254.638217	5.64e-01  6.29e-01  2.82e+05	-5.3209 42.3538 0.2272	
56.316117 254.638217	8.03e-01  8.64e-01  2.32e+05	-0.5539 71.8658 0.7377	
56.316117 254.638217	4.37e-01  9.59e-01  2.58e+05	-13.2592 56.9378 0.7307	
56.316117 254.638217	6.74e-01  7.07e-01  2.60e+05	3.5120 57.3712 0.8331	
56.316117 254.638217	4.66e-01  8.07e-01  2.73e+05	20.5874 45.3418 0.0426	
56.316117 254.638217	7.47e-01  9.26e-01  2.32e+05	-13.7778 70.7843 0.3707	
56.316117 254.638217	5.27e-01  8.79e-01  2.57e+05	2.6464 58.9822 0.3798	
56.316117 254.638217	5.29e-01  8.92e-01  2.56e+05	-18.1000 57.1232 0.8543	
56.316117 254.638217	7.00e-01  9.53e-01  2.33e+05	8.9994 70.7088 0.4721	
56.316117 254.638217	3.94e-01  8.43e-01  2.77e+05	-19.8211 42.3048 0.2359	
56.316117 254.638217	5.93e-01  9.35e-01  2.45e+05	-1.6207 65.6750 0.1282	
56.316117 254.638217	4.89e-01  8.86e-01  2.61e+05	5.0044 56.8617 0.8621	
56.316117 254.638217	6.09e-01  7.59e-01  2.61e+05	4.7508 56.5054 0.1762	
56.316117 254.638217	7.24e-01  8.68e-01  2.39e+05	9.1769 68.0803 0.8062	
56.316117 254.638217	7.32e-01  9.63e-01  2.30e+05	7.0951 72.6088 0.3118	
56.316117 254.638217	6.93e-01  7.82e-01  2.50e+05	-9.6999 62.1650 0.3808	
56.316117 254.638217	6.75e-01  9.76e-01  2.34e+05	14.9658 69.6304 0.9385	
56.316117 254.638217	7.23e-01  9.01e-01  2.36e+05	8.4828 69.5616 0.8106	
56.316117 254.638217	4.19e-01  8.20e-01  2.77e+05	14.5405 44.6539 0.3832	
56.316117 254.638217	6.29e-01  7.15e-01  2.64e+05	21.6453 50.6310 0.2600	
56.316117 254.638217	6.87e-01  8.18e-01  2.47e+05	-8.2056 64.0196 0.1405	
56.316117 254.638217	4.72e-01  9.72e-01  2.54e+05	-9.4826 60.4675 0.5078	
56.316117 254.638217	5.21e-01  7.35e-01  2.75e+05	-18.9302 44.5374 0.4897	
56.316117 254.638217	4.92e-01  7.02e-01  2.82e+05	-4.7403 42.4408 0.7965	
56.316117 254.638217	3.55e-01  8.89e-01  2.76e+05	-11.5358 46.0120 0.8075	
56.316117 254.638217	6.37e-01  9.02e-01  2.44e+05	-15.2256 64.4515 0.4615	
56.316117 254.638217	8.26e-01  9.23e-01  2.25e+05	-0.7698 74.9856 0.6433	
56.316117 254.638217	6.39e-01  6.71e-01  2.68e+05	10.7587 51.5117 0.6870	
56.316117 254.638217	6.81e-01  8.13e-01  2.48e+05	-18.3813 61.2560 0.4778	
56.316117 254.638217	4.51e-01  8.24e-01  2.72e+05	7.5568 49.3622 0.1893	
56.316117 254.638217	7.30e-01  7.68e-01  2.48e+05	-6.0269 63.9013 0.5738	
56.316117 254.638217	5.93e-01  8.09e-01  2.58e+05	6.6578 58.4128 0.2900	
56.316117 254.638217	4.85e-01  8.95e-01  2.60e+05	12.6351 56.0112 0.4764	
56.316117 254.638217	6.04e-01  8.70e-01  2.50e+05	-1.3775 62.8423 0.8426	
56.316117 254.638217	6.87e-01  9.41e-01  2.36e+05	-0.3605 70.2392 0.5040	
56.316117 254.638217	6.32e-01  8.01e-01  2.55e+05	-3.5906 60.5166 0.6961	
56.316117 254.638217	6.48e-01  7.42e-01  2.59e+05	-14.4629 56.1839 0.7555	
56.316117 254.638217	5.86e-01  8.81e-01  2.51e+05	-2.6528 62.4473 0.3860	
56.316117 254.638217	5.33e-01  8.96e-01  2.55e+05	-10.0735 59.5419 0.8111	
56.316117 254.638217	3.08e-01  8.13e-01  2.92e+05	-6.0377 33.6797 0.2165	
56.316117 254.638217	3.78e-01  7.73e-01  2.88e+05	-11.5968 36.2679 0.8205	
56.316117 254.638217	5.57e-01  7.80e-01  2.65e+05	0.9925 54.5407 0.0822	
56.316117 254.638217	6.24e-01  8.61e-01  2.49e+05	17.9637 60.8843 0.5555	
56.316117 254.638217	4.19e-01  8.10e-01  2.78e+05	6.2320 45.6178 0.5178	
56.316117 254.638217	6.58e-01  8.59e-01  2.46e+05	-3.7235 65.0238 0.3837	
56.316117 254.638217	6.28e-01  7.09e-01  2.65e+05	4.8526 54.3577 0.3558	
56.316117 254.638217	5.99e-01  7.96e-01  2.59e+05	-28.2921 51.0544 0.2754	
56.316117 254.638217	6.10e-01  8.81e-01  2.49e+05	-20.3366 60.4530 0.5975	
56.316117 254.638217	4.17e-01  7.59e-01  2.85e+05	-2.0855 40.8563 0.7976	
56.316117 254.638217	5.90e-01  9.47e-01  2.44e+05	1.0922 66.0636 0.2310	
56.316117 254.638217	5.44e-01  9.02e-01  2.53e+05	24.9518 56.0615 0.9158	
56.316117 254.638217	7.68e-01  8.66e-01  2.35e+05	38.2257 59.2240 0.2917	
56.316117 254.638217	4.56e-01  8.20e-01  2.72e+05	15.3145 47.6201 0.0023	
56.316117 254.638217	6.58e-01  9.01e-01  2.42e+05	-14.5681 65.5861 0.6294	
56.316117 254.638217	6.04e-01  8.35e-01  2.54e+05	14.6842 59.1237 0.8656	
56.316117 254.638217	5.71e-01  7.74e-01  2.64e+05	7.0576 54.6338 0.1926	
56.316117 254.638217	6.94e-01  8.65e-01  2.42e+05	-0.4608 67.1602 0.5304	
56.316117 254.638217	7.48e-01  9.01e-01  2.34e+05	-7.5862 70.7229 0.8163	
56.316117 254.638217	4.90e-01  8.49e-01  2.65e+05	-29.0163 46.3767 0.5538	
56.316117 254.638217	4.82e-01  8.30e-01  2.68e+05	2.0576 52.8068 0.6670	
56.316117 254.638217	6.06e-01  8.47e-01  2.52e+05	26.0159 56.0326 0.8801	
56.316117 254.638217	2.98e-01  8.86e-01  2.84e+05	1.3553 41.6544 0.4390	
56.316117 254.638217	7.09e-01  7.29e-01  2.54e+05	28.2677 53.9029 0.6844	
56.316117 254.638217	5.79e-01  7.03e-01  2.71e+05	2.7071 50.4561 0.7045	
56.316117 254.638217	6.18e-01  7.04e-01  2.67e+05	-4.5633 53.2703 0.4159	
56.316117 254.638217	5.23e-01  6.99e-01  2.79e+05	-10.1527 44.2194 0.5230	
56.316117 254.638217	5.49e-01  8.64e-01  2.57e+05	-15.3471 57.4157 0.9523	
56.316117 254.638217	5.10e-01  8.30e-01  2.65e+05	-7.5846 54.2183 0.2696	
56.316117 254.638217	2.33e-01  8.73e-01  2.94e+05	2.0669 32.1382 0.6713	
56.316117 254.638217	5.29e-01  7.08e-01  2.77e+05	2.2742 46.6562 0.2400	
56.316117 254.638217	5.66e-01  8.28e-01  2.59e+05	-4.9286 58.0753 0.4420	
56.316117 254.638217	7.75e-01  9.26e-01  2.29e+05	-27.4582 67.8546 0.3986	
56.316117 254.638217	5.99e-01  6.90e-01  2.71e+05	-16.4442 48.3538 0.4086	
56.316117 254.638217	4.61e-01  8.70e-01  2.66e+05	-3.6234 53.9862 0.5712	
56.316117 254.638217	4.05e-01  8.33e-01  2.77e+05	1.4950 46.7697 0.0362	
56.316117 254.638217	5.71e-01  7.19e-01  2.70e+05	2.6705 51.0871 0.5928	
56.316117 254.638217	6.57e-01  6.80e-01  2.65e+05	1.1743 54.5381 0.2347	
56.316117 254.638217	6.84e-01  7.19e-01  2.58e+05	17.0447 56.2775 0.3942	
56.316117 254.638217	4.01e-01  7.82e-01  2.84e+05	7.2222 40.9455 0.7146	
56.316117 254.638217	6.03e-01  8.11e-01  2.57e+05	-3.4891 59.4280 0.3591	
56.316117 254.638217	4.68e-01  7.21e-01  2.83e+05	-6.1504 41.8523 0.5508	
56.316117 254.638217	5.65e-01  8.69e-01  2.55e+05	6.3450 60.3256 0.7349	
56.316117 254.638217	5.22e-01  7.71e-01  2.70e+05	-6.0966 51.0261 0.0799	
56.316117 254.638217	5.53e-01  8.08e-01  2.62e+05	4.4303 56.0153 0.9588	
56.316117 254.638217	6.14e-01  7.89e-01  2.58e+05	12.0775 57.6014 0.6867	
56.316117 254.638217	6.07e-01  8.39e-01  2.53e+05	18.8683 58.3869 0.3893	
56.316117 254.638217	5.57e-01  9.05e-01  2.52e+05	9.5264 61.5047 0.7799	
56.316117 254.638217	5.44e-01  8.32e-01  2.61e+05	-23.6830 51.9737 0.7244	
56.316117 254.638217	4.88e-01  7.63e-01  2.75e+05	-8.9138 47.1460 0.9808	
56.316117 254.638217	5.35e-01  8.60e-01  2.59e+05	-9.8666 57.5037 0.2491	
56.316117 254.638217	5.97e-01  7.94e-01  2.59e+05	27.2894 51.3439 0.3758	
56.316117 254.638217	3.40e-01  8.61e-01  2.81e+05	-25.5854 35.0790 0.1888	
56.316117 254.638217	5.15e-01  7.28e-01  2.76e+05	7.0914 46.7497 0.9232	
56.316117 254.638217	7.07e-01  7.92e-01  2.48e+05	3.5345 64.1420 0.8135	
56.316117 254.638217	5.91e-01  6.83e-01  2.72e+05	-5.0132 49.6427 0.0268	
56.316117 254.638217	5.62e-01  9.17e-01  2.50e+05	4.5428 62.9829 0.5300	
56.316117 254.638217	6.04e-01  7.48e-01  2.63e+05	-5.2048 55.3268 0.2076	
56.316117 254.638217	5.70e-01  7.99e-01  2.61e+05	18.9052 53.4908 0.6661	
56.316117 254.638217	5.41e-01  7.85e-01  2.66e+05	-0.7050 53.7750 0.9288	
56.316117 254.638217	4.59e-01  7.90e-01  2.75e+05	-6.2491 47.3642 0.6891	
56.316117 254.638217	4.35e-01  8.64e-01  2.69e+05	-10.5983 50.7477 0.3269	
56.316117 254.638217	4.05e-01  8.20e-01  2.78e+05	-4.5838 45.4725 0.4900	
56.316117 254.638217	5.42e-01  8.02e-01  2.64e+05	-7.7872 54.5229 0.6745	
56.316117 254.638217	6.99e-01  7.37e-01  2.54e+05	-14.7185 58.9511 0.1633	
56.316117 254.638217	4.38e-01  9.15e-01  2.63e+05	-5.2529 55.4408 0.1436	
56.316117 254.638217	5.49e-01  8.44e-01  2.59e+05	26.8760 51.6606 0.4443	
56.316117 254.638217	5.55e-01  7.14e-01  2.73e+05	3.5954 49.3347 0.8620	
56.316117 254.638217	5.60e-01  8.45e-01  2.58e+05	-4.2180 58.8252 0.9826	
56.316117 254.638217	6.21e-01  9.37e-01  2.42e+05	47.8726 47.0669 0.3318	
56.316117 254.638217	4.76e-01  8.23e-01  2.69e+05	23.7455 46.0396 0.0214	
56.316117 254.638217	5.53e-01  7.90e-01  2.64e+05	7.4795 54.4398 0.4027	
56.316117 254.638217	6.62e-01  8.61e-01  2.46e+05	-7.9606 64.9267 0.6007	
56.316117 254.638217	5.43e-01  6.66e-01  2.80e+05	-10.4199 42.9720 0.2392	
56.316117 254.638217	6.05e-01  7.04e-01  2.68e+05	14.4069 50.5998 0.7197	
56.316117 254.638217	6.16e-01  8.07e-01  2.56e+05	-29.7803 52.1246 0.5454	
56.316117 254.638217	7.09e-01  9.34e-01  2.34e+05	-25.9393 65.9896 0.4185	
56.316117 254.638217	5.94e-01  7.57e-01  2.63e+05	-1.8434 55.4896 0.6436	
56.316117 254.638217	7.01e-01  8.67e-01  2.41e+05	-14.4634 65.9796 0.6483	
56.316117 254.638217	6.10e-01  8.17e-01  2.55e+05	-12.7469 58.9097 0.2260	
56.316117 254.638217	5.24e-01  8.47e-01  2.61e+05	-5.3521 56.6239 0.2867	
56.316117 254.638217	5.88e-01  7.73e-01  2.62e+05	-23.1164 51.2153 0.9562	
56.316117 254.638217	4.02e-01  8.52e-01  2.75e+05	-12.4872 46.6141 0.3133	
56.316117 254.638217	7.25e-01  7.37e-01  2.52e+05	-8.3723 61.7027 0.1024	
56.316117 254.638217	6.79e-01  8.81e-01  2.42e+05	14.3594 65.6499 0.2892	
56.316117 254.638217	5.41e-01  7.90e-01  2.66e+05	12.5977 52.6949 0.3608	
56.316117 254.638217	3.58e-01  8.21e-01  2.84e+05	-22.2681 34.6512 0.1496	
56.316117 254.638217	4.60e-01  7.62e-01  2.79e+05	-11.8171 43.7845 0.1267	
56.316117 254.638217	6.47e-01  8.23e-01  2.51e+05	19.4037 59.5549 0.8230	
56.316117 254.638217	7.20e-01  7.77e-01  2.48e+05	-4.7528 63.9571 0.9129	
56.316117 254.638217	5.12e-01  7.90e-01  2.69e+05	-14.6149 49.9426 0.7038	
56.316117 254.638217	6.67e-01  8.20e-01  2.49e+05	31.2742 55.3760 0.4031	
56.316117 254.638217	6.27e-01  9.74e-01  2.38e+05	-23.3818 65.0109 0.0971	
56.316117 254.638217	3.96e-01  9.09e-01  2.69e+05	13.9028 50.3768 0.5637	
56.316117 254.638217	6.25e-01  8.27e-01  2.53e+05	24.9481 56.4364 0.5172	
56.316117 254.638217	6.93e-01  8.38e-01  2.45e+05	1.6113 65.7905 0.5045	
56.316117 254.638217	6.93e-01  7.92e-01  2.49e+05	28.5119 56.7258 0.2746	
56.316117 254.638217	7.17e-01  7.64e-01  2.50e+05	-21.3701 59.5215 0.9280	
56.316117 254.638217	5.45e-01  7.23e-01  2.73e+05	-1.3445 49.3785 0.5619	
56.316117 254.638217	6.74e-01  9.33e-01  2.38e+05	7.8627 68.9248 0.5045	
56.316117 254.638217	5.38e-01  9.31e-01  2.51e+05	19.9879 59.3998 0.1678	
56.316117 254.638217	5.29e-01  7.75e-01  2.69e+05	9.7495 51.2643 0.3221	
56.316117 254.638217	5.14e-01  9.14e-01  2.55e+05	-11.8003 59.1527 0.1454	
56.316117 254.638217	6.62e-01  9.10e-01  2.41e+05	-1.7284 67.7333 0.5521	
56.316117 254.638217	7.18e-01  8.33e-01  2.43e+05	-26.8401 61.1324 0.9934	
56.316117 254.638217	4.71e-01  7.48e-01  2.79e+05	19.0901 40.9072 0.6770	
56.316117 254.638217	4.97e-01  9.45e-01  2.54e+05	5.6759 60.8276 0.2386	
56.316117 254.638217	5.84e-01  7.50e-01  2.65e+05	13.9674 52.5647 0.5010	
56.316117 254.638217	7.37e-01  9.76e-01  2.28e+05	-16.8038 71.7143 0.0412	
56.316117 254.638217	6.97e-01  8.79e-01  2.40e+05	3.3470 67.8510 0.4346	
56.316117 254.638217	5.59e-01  6.74e-01  2.77e+05	-16.4617 43.3416 0.1929	
56.316117 254.638217	4.79e-01  8.13e-01  2.70e+05	32.2080 39.9497 0.2800	
56.316117 254.638217	4.22e-01  8.77e-01  2.69e+05	2.1573 51.8399 0.8480	
56.316117 254.638217	5.25e-01  8.60e-01  2.60e+05	7.6668 57.1784 0.3646	
56.316117 254.638217	4.70e-01  6.51e-01  2.92e+05	-2.9697 34.0631 0.5579	
56.316117 254.638217	5.66e-01  8.15e-01  2.60e+05	4.3948 57.2856 0.0465	
56.316117 254.638217	6.15e-01  8.87e-01  2.48e+05	17.2638 61.9604 0.5208	
56.316117 254.638217	7.41e-01  9.28e-01  2.32e+05	5.3052 71.7584 0.1693	
56.316117 254.638217	7.76e-01  9.46e-01  2.28e+05	-6.3265 73.7250 0.5013	
56.316117 254.638217	3.57e-01  8.17e-01  2.85e+05	-5.5891 40.2711 0.1692	
56.316117 254.638217	5.27e-01  7.40e-01  2.73e+05	-19.8284 45.1628 0.3374	
56.316117 254.638217	6.44e-01  7.73e-01  2.56e+05	11.4455 58.5738 0.3054	
56.316117 254.638217	6.24e-01  6.90e-01  2.68e+05	-8.1551 52.3015 0.2024	
56.316117 254.638217	6.99e-01  7.71e-01  2.51e+05	-30.2002 54.9372 0.2283	
56.316117 254.638217	7.68e-01  8.51e-01  2.37e+05	-15.7922 68.0277 0.2269	
56.316117 254.638217	6.49e-01  8.83e-01  2.45e+05	6.9556 65.4617 0.0510	
56.316117 254.638217	6.15e-01  9.08e-01  2.45e+05	23.5850 61.0523 0.8937	
56.316117 254.638217	6.92e-01  8.84e-01  2.40e+05	-13.8369 66.5341 0.1127	
56.316117 254.638217	7.13e-01  8.46e-01  2.42e+05	8.1620 66.6191 0.5384	
56.316117 254.638217	5.02e-01  9.21e-01  2.56e+05	23.8289 55.1324 0.8447	
56.316117 254.638217	5.75e-01  8.67e-01  2.54e+05	-13.8887 59.5112 0.8146	
56.316117 254.638217	5.34e-01  7.18e-01  2.75e+05	-5.7062 47.7387 0.6960	
56.316117 254.638217	4.21e-01  8.58e-01  2.72e+05	-11.2746 48.9610 0.0054	
56.316117 254.638217	5.57e-01  7.21e-01  2.72e+05	-5.5817 49.9060 0.9067	
56.316117 254.638217	5.21e-01  8.38e-01  2.63e+05	-26.0635 49.6149 0.3874	
56.316117 254.638217	6.64e-01  8.34e-01  2.48e+05	-26.5106 58.4210 0.2035	
56.316117 254.638217	4.80e-01  6.58e-01  2.90e+05	25.2713 26.3634 0.0787	
56.316117 254.638217	6.41e-01  8.27e-01  2.51e+05	19.0188 59.6443 0.8349	
56.316117 254.638217	5.29e-01  9.45e-01  2.50e+05	-6.9508 62.4902 0.4984	
56.316117 254.638217	7.42e-01  8.68e-01  2.37e+05	4.1223 69.3480 0.9483	
56.316117 254.638217	7.25e-01  8.53e-01  2.40e+05	-27.3436 62.2870 0.9161	
56.316117 254.638217	4.94e-01  8.11e-01  2.69e+05	12.2398 50.7992 0.3408	
56.316117 254.638217	5.12e-01  9.22e-01  2.54e+05	-3.7846 60.5520 0.3698	
56.316117 254.638217	5.50e-01  7.53e-01  2.69e+05	4.6015 51.8930 0.2169	
56.316117 254.638217	6.88e-01  9.14e-01  2.38e+05	8.2731 68.6250 0.3348	
56.316117 254.638217	5.69e-01  7.52e-01  2.67e+05	-23.2661 48.0951 0.7524	
56.316117 254.638217	5.50e-01  6.96e-01  2.76e+05	14.1334 45.3535 0.7008	
56.316117 254.638217	6.22e-01  7.43e-01  2.62e+05	3.2669 56.2969 0.1919	
56.316117 254.638217	7.28e-01  7.94e-01  2.46e+05	13.1554 64.0724 0.3179	
56.316117 254.638217	4.71e-01  9.42e-01  2.57e+05	6.7033 59.0694 0.2037	
56.316117 254.638217	5.43e-01  8.20e-01  2.62e+05	2.4560 56.2648 0.7354	
56.316117 254.638217	8.13e-01  9.94e-01  2.21e+05	14.5238 75.6741 0.0917	
56.316117 254.638217	5.37e-01  8.06e-01  2.64e+05	5.4086 54.7325 0.7343	
56.316117 254.638217	5.61e-01  8.13e-01  2.61e+05	1.2603 57.0354 0.2472	
56.316117 254.638217	6.49e-01  8.76e-01  2.45e+05	-51.9627 39.9127 0.8167	
56.316117 254.638217	6.30e-01  8.16e-01  2.53e+05	-0.2176 61.3758 0.7230	
56.316117 254.638217	7.35e-01  8.55e-01  2.39e+05	0.3388 68.5912 0.6170	
56.316117 254.638217	5.32e-01  6.82e-01  2.80e+05	-13.8330 42.4626 0.1499	
56.316117 254.638217	6.58e-01  9.51e-01  2.37e+05	-6.9168 69.0775 0.9303	
56.316117 254.638217	6.81e-01  7.96e-01  2.50e+05	-9.4465 62.3742 0.4596	
56.316117 254.638217	6.51e-01  7.78e-01  2.55e+05	23.5176 55.5755 0.1646	
56.316117 254.638217	5.78e-01  9.09e-01  2.49e+05	-33.6170 53.9416 0.6064	
56.316117 254.638217	4.57e-01  8.12e-01  2.73e+05	4.3158 49.2922 0.0824	
56.316117 254.638217	5.59e-01  7.18e-01  2.72e+05	-11.9976 48.7216 0.6660	
56.316117 254.638217	6.71e-01  7.39e-01  2.57e+05	-20.5741 55.6283 0.8890	
56.316117 254.638217	6.23e-01  7.99e-01  2.56e+05	-10.3511 59.0777 0.5431	
56.316117 254.638217	6.43e-01  9.20e-01  2.42e+05	-11.0002 66.4639 0.6675	
56.316117 254.638217	6.36e-01  7.98e-01  2.54e+05	18.7038 57.7239 0.6403	
56.316117 254.638217	5.09e-01  9.04e-01  2.57e+05	-9.5031 58.6538 0.0165	
56.316117 254.638217	6.63e-01  9.26e-01  2.39e+05	-5.6246 68.3105 0.2356	
56.316117 254.638217	3.75e-01  9.01e-01  2.72e+05	11.3271 48.7315 0.6846	
56.316117 254.638217	5.87e-01  9.08e-01  2.48e+05	0.4517 63.9907 0.9251	
56.316117 254.638217	5.79e-01  7.99e-01  2.60e+05	-2.6020 57.2373 0.7398	
56.316117 254.638217	5.94e-01  7.35e-01  2.66e+05	9.7873 53.1015 0.8799	
56.316117 254.638217	8.74e-01  9.60e-01  2.19e+05	-15.5663 76.3535 0.4619	
56.316117 254.638217	5.70e-01  7.99e-01  2.61e+05	6.0190 56.3759 0.9069	
56.316117 254.638217	6.30e-01  8.38e-01  2.51e+05	10.3209 61.7218 0.8761	
56.316117 254.638217	8.36e-01  9.33e-01  2.24e+05	-24.4777 71.6435 0.8480	
56.316117 254.638217	5.28e-01  8.47e-01  2.61e+05	8.5953 56.4517 0.3855	
56.316117 254.638217	5.18e-01  8.68e-01  2.60e+05	17.3574 55.0693 0.9572	
56.316117 254.638217	5.99e-01  8.79e-01  2.50e+05	-6.5850 62.7849 0.8850	
56.316117 254.638217	5.31e-01  6.79e-01  2.80e+05	-2.4032 44.2328 0.7447	
56.316117 254.638217	5.92e-01  8.16e-01  2.57e+05	10.8958 58.1202 0.9117	
56.316117 254.638217	7.39e-01  8.12e-01  2.43e+05	17.3816 64.4679 0.3650	
56.316117 254.638217	6.14e-01  8.90e-01  2.47e+05	29.4036 57.3644 0.9752	
56.316117 254.638217	5.93e-01  6.63e-01  2.75e+05	18.5762 44.6961 0.8717	
56.316117 254.638217	6.66e-01  7.48e-01  2.57e+05	-19.4181 56.2917 0.2021	
56.316117 254.638217	5.04e-01  6.54e-01  2.87e+05	-8.9930 37.8377 0.4988	
56.316117 254.638217	6.53e-01  8.79e-01  2.45e+05	13.7990 64.4270 0.7426	
56.316117 254.638217	4.01e-01  7.55e-01  2.87e+05	18.9579 33.5931 0.0007	
56.316117 254.638217	5.30e-01  8.49e-01  2.60e+05	-2.7271 57.2866 0.1625	
56.316117 254.638217	6.11e-01  7.10e-01  2.67e+05	15.6163 51.1457 0.8189	
56.316117 254.638217	6.39e-01  8.79e-01  2.46e+05	-16.3937 63.0655 0.7355	
56.316117 254.638217	4.10e-01  8.44e-01  2.75e+05	-2.9786 48.1352 0.8845	
56.316117 254.638217	4.34e-01  8.76e-01  2.68e+05	9.6286 51.7681 0.0902	
56.316117 254.638217	4.94e-01  8.58e-01  2.63e+05	-1.5093 55.6094 0.6429	
56.316117 254.638217	6.64e-01  8.04e-01  2.51e+05	12.0369 61.3996 0.8717	
56.316117 254.638217	5.55e-01  6.69e-01  2.79e+05	-4.3761 45.3721 0.9093	
56.316117 254.638217	3.61e-01  8.89e-01  2.75e+05	-13.7156 45.9529 0.1977	
56.316117 254.638217	6.80e-01  8.06e-01  2.49e+05	13.1092 62.1726 0.4726	
56.316117 254.638217	4.73e-01  6.72e-01  2.89e+05	-8.0723 36.4901 0.6850	
56.316117 254.638217	4.95e-01  9.46e-01  2.54e+05	-0.1234 61.1118 0.1161	
56.316117 254.638217	3.89e-01  9.34e-01  2.67e+05	-1.6583 53.5667 0.5222	
56.316117 254.638217	7.53e-01  9.05e-01  2.33e+05	1.0402 71.5177 0.9219	
56.316117 254.638217	5.34e-01  7.37e-01  2.73e+05	-23.8886 43.5425 0.7581	
56.316117 254.638217	4.57e-01  9.41e-01  2.58e+05	10.0760 57.6551 0.6285	
56.316117 254.638217	4.67e-01  7.96e-01  2.74e+05	-26.4455 41.2497 0.3318	
56.316117 254.638217	5.39e-01  6.95e-01  2.77e+05	9.1708 45.5906 0.3042	
56.316117 254.638217	4.80e-01  8.03e-01  2.71e+05	-2.6426 50.5150 0.9458	
56.316117 254.638217	7.38e-01  8.10e-01  2.43e+05	9.7514 65.9347 0.4794	
56.316117 254.638217	6.06e-01  8.81e-01  2.49e+05	17.2705 61.1812 0.7651	
56.316117 254.638217	6.56e-01  9.82e-01  2.35e+05	46.9101 52.8471 0.9159	
56.316117 254.638217	6.21e-01  8.60e-01  2.50e+05	14.1463 61.6497 0.7482	
56.316117 254.638217	5.48e-01  8.69e-01  2.56e+05	-7.3628 59.2825 0.7675	
56.316117 254.638217	5.58e-01  8.56e-01  2.57e+05	-12.2961 58.2470 0.5491	
56.316117 254.638217	6.10e-01  7.88e-01  2.58e+05	-10.2249 57.5968 0.1589	
56.316117 254.638217	4.88e-01  8.61e-01  2.64e+05	-9.4314 54.5236 0.8173	
56.316117 254.638217	5.99e-01  7.25e-01  2.67e+05	35.9509 39.7780 0.8111	
56.316117 254.638217	6.17e-01  8.18e-01  2.54e+05	23.9123 55.8088 0.2844	
56.316117 254.638217	6.22e-01  9.57e-01  2.40e+05	-6.5691 67.7408 0.4577	
56.316117 254.638217	6.18e-01  8.26e-01  2.53e+05	1.6157 61.2146 0.2485	
56.316117 254.638217	6.97e-01  8.17e-01  2.46e+05	-24.7273 60.0660 0.1291	
56.316117 254.638217	5.67e-01  8.09e-01  2.61e+05	22.1478 52.6822 0.7292	
56.316117 254.638217	5.65e-01  7.60e-01  2.66e+05	5.7299 53.4146 0.9252	
56.316117 254.638217	6.18e-01  8.58e-01  2.50e+05	-2.0494 62.9609 0.5674	
56.316117 254.638217	6.03e-01  7.59e-01  2.62e+05	17.4427 53.4830 0.2327	
56.316117 254.638217	3.76e-01  9.16e-01  2.70e+05	15.6199 48.8931 0.5460	
56.316117 254.638217	6.64e-01  7.82e-01  2.53e+05	19.5017 58.2005 0.7866	
56.316117 254.638217	4.90e-01  7.63e-01  2.75e+05	-6.6517 47.7420 0.0223	
56.316117 254.638217	7.29e-01  9.24e-01  2.33e+05	2.4446 71.2456 0.8499	
56.316117 254.638217	5.65e-01  7.71e-01  2.65e+05	15.4972 52.2493 0.1155	
56.316117 254.638217	6.41e-01  8.62e-01  2.47e+05	18.7095 61.6649 0.4701	
56.316117 254.638217	4.96e-01  7.51e-01  2.76e+05	-3.2318 47.5495 0.7987	
56.316117 254.638217	4.92e-01  6.04e-01  2.95e+05	-2.7589 30.6552 0.6586	
56.316117 254.638217	6.13e-01  9.10e-01  2.46e+05	-28.2569 58.9956 0.6078	
56.316117 254.638217	5.33e-01  6.97e-01  2.78e+05	-16.8662 42.9701 0.4342	
56.316117 254.638217	6.65e-01  8.77e-01  2.44e+05	-12.6313 65.1268 0.0659	
56.316117 254.638217	4.62e-01  7.83e-01  2.76e+05	2.5213 47.4100 0.9954	
56.316117 254.638217	6.07e-01  6.77e-01  2.71e+05	22.0346 45.6636 0.4535	
56.316117 254.638217	4.78e-01  8.45e-01  2.67e+05	-4.2642 53.4220 0.5475	
56.316117 254.638217	5.44e-01  8.48e-01  2.59e+05	-20.8383 54.2962 0.4687	
56.316117 254.638217	7.24e-01  8.16e-01  2.44e+05	2.1359 66.2165 0.8757	
56.316117 254.638217	6.54e-01  8.10e-01  2.51e+05	-1.5229 62.3051 0.3238	
56.316117 254.638217	5.13e-01  8.00e-01  2.68e+05	19.1034 49.3104 0.6743	
56.316117 254.638217	5.01e-01  7.02e-01  2.81e+05	5.3110 43.2901 0.1148	
56.316117 254.638217	5.91e-01  8.89e-01  2.50e+05	-23.6411 58.6472 0.4086	
56.316117 254.638217	3.59e-01  9.72e-01  2.66e+05	17.3894 51.3230 0.6476	
56.316117 254.638217	6.48e-01  9.02e-01  2.43e+05	44.3238 49.8595 0.9556	
56.316117 254.638217	7.15e-01  9.53e-01  2.32e+05	-28.5990 65.9741 0.5437	
56.316117 254.638217	6.07e-01  6.29e-01  2.77e+05	-22.0093 41.1972 0.7901	
56.316117 254.638217	6.30e-01  9.09e-01  2.44e+05	-17.7809 63.7458 0.8835	
56.316117 254.638217	8.08e-01  8.62e-01  2.32e+05	-11.6913 71.0143 0.1761	
56.316117 254.638217	5.12e-01  7.67e-01  2.72e+05	-16.8117 47.4217 0.0439	
56.316117 254.638217	6.71e-01  7.33e-01  2.58e+05	-5.5434 58.6347 0.7887	
56.316117 254.638217	6.48e-01  9.19e-01  2.41e+05	-10.4974 66.7326 0.4765	
56.316117 254.638217	4.83e-01  7.68e-01  2.75e+05	-2.8344 47.8590 0.8009	
56.316117 254.638217	4.78e-01  7.65e-01  2.76e+05	2.7981 47.2287 0.6165	
56.316117 254.638217	5.22e-01  7.18e-01  2.77e+05	-6.6919 46.5371 0.9604	
56.316117 254.638217	6.61e-01  7.30e-01  2.59e+05	17.4166 55.4254 0.9879	
56.316117 254.638217	5.65e-01  6.25e-01  2.83e+05	-2.1032 42.2596 0.5151	
56.316117 254.638217	5.69e-01  8.20e-01  2.59e+05	-14.8362 56.0776 0.8738	
56.316117 254.638217	6.72e-01  8.43e-01  2.46e+05	19.5236 62.0548 0.9726	
56.316117 254.638217	6.27e-01  9.32e-01  2.42e+05	0.4262 67.1802 0.0914	
56.316117 254.638217	4.25e-01  7.23e-01  2.88e+05	6.8021 37.1478 0.4983	
56.316117 254.638217	6.03e-01  8.71e-01  2.50e+05	4.7393 62.7016 0.0569	
56.316117 254.638217	4.09e-01  9.31e-01  2.65e+05	10.3767 53.7645 0.3830	
56.316117 254.638217	6.24e-01  8.15e-01  2.54e+05	1.7025 60.9026 0.4259	
56.316117 254.638217	5.05e-01  8.04e-01  2.68e+05	8.7816 51.8286 0.6934	
56.316117 254.638217	6.45e-01  9.31e-01  2.40e+05	-2.0733 67.8978 0.8570	
56.316117 254.638217	5.45e-01  7.23e-01  2.73e+05	-7.7882 48.7989 0.9996	
56.316117 254.638217	6.43e-01  7.59e-01  2.58e+05	-2.1384 58.7697 0.0725	
56.316117 254.638217	3.77e-01  8.63e-01  2.77e+05	0.7743 47.0245 0.0943	
56.316117 254.638217	4.85e-01  8.44e-01  2.66e+05	0.9397 53.9842 0.9257	
56.316117 254.638217	4.25e-01  8.53e-01  2.72e+05	13.4101 48.4181 0.0682	
56.316117 254.638217	6.08e-01  7.40e-01  2.64e+05	-17.1956 52.5906 0.0363	
56.316117 254.638217	5.07e-01  7.37e-01  2.76e+05	3.5390 47.2059 0.8198	
56.316117 254.638217	4.96e-01  7.79e-01  2.72e+05	-18.1715 46.5453 0.0688	
56.316117 254.638217	7.26e-01  8.69e-01  2.39e+05	-4.5930 68.6415 0.4232	
56.316117 254.638217	7.94e-01  8.65e-01  2.33e+05	7.9216 71.1179 0.1808	
56.316117 254.638217	5.48e-01  8.24e-01  2.61e+05	7.7719 56.3860 0.3539	
56.316117 254.638217	6.92e-01  8.58e-01  2.43e+05	-9.6467 66.0250 0.9932	
56.316117 254.638217	5.78e-01  8.69e-01  2.53e+05	9.1268 60.7001 0.3363	
56.316117 254.638217	7.84e-01  8.44e-01  2.36e+05	25.6505 65.4016 0.9702	
56.316117 254.638217	7.41e-01  8.17e-01  2.42e+05	7.2227 66.7263 0.6404	
56.316117 254.638217	7.23e-01  9.40e-01  2.33e+05	-14.0933 70.3068 0.6123	
56.316117 254.638217	6.35e-01  7.24e-01  2.63e+05	-28.1522 48.4732 0.8896	
56.316117 254.638217	5.46e-01  8.47e-01  2.59e+05	-10.3042 57.3021 0.2992	
56.316117 254.638217	5.05e-01  8.72e-01  2.61e+05	-5.7377 56.9268 0.9984	
56.316117 254.638217	5.53e-01  8.97e-01  2.53e+05	3.6566 61.4498 0.2104	
56.316117 254.638217	3.24e-01  9.52e-01  2.72e+05	11.6967 48.6575 0.5076	
56.316117 254.638217	6.38e-01  7.87e-01  2.55e+05	-43.3237 41.7535 0.4382	
56.316117 254.638217	6.71e-01  7.93e-01  2.51e+05	7.5437 61.9165 0.2917	
56.316117 254.638217	7.37e-01  9.56e-01  2.30e+05	-16.6800 70.9418 0.6359	
56.316117 254.638217	7.02e-01  8.72e-01  2.41e+05	1.1210 67.8461 0.5314	
56.316117 254.638217	3.44e-01  7.55e-01  2.95e+05	2.4953 31.2285 0.6084	
56.316117 254.638217	4.88e-01  8.81e-01  2.61e+05	-17.4605 54.0056 0.1354	
56.316117 254.638217	6.04e-01  8.57e-01  2.52e+05	17.4761 59.6964 0.2172	
56.316117 254.638217	5.48e-01  7.29e-01  2.72e+05	-5.9705 49.7370 0.1094	
56.316117 254.638217	6.27e-01  8.35e-01  2.52e+05	9.7023 61.4642 0.6383	
56.316117 254.638217	5.82e-01  9.08e-01  2.49e+05	11.6837 62.6446 0.3490	
56.316117 254.638217	6.16e-01  9.63e-01  2.40e+05	-7.0109 67.7421 0.2186	
56.316117 254.638217	5.29e-01  7.97e-01  2.66e+05	19.9477 49.9919 0.3738	
56.316117 254.638217	4.78e-01  8.49e-01  2.66e+05	5.6709 53.5708 0.4855	
56.316117 254.638217	6.22e-01  6.89e-01  2.68e+05	21.2592 48.2667 0.0012	
56.316117 254.638217	5.40e-01  9.13e-01  2.53e+05	-22.6550 57.4381 0.6776	
56.316117 254.638217	4.88e-01  8.94e-01  2.60e+05	-5.6556 57.2481 0.4826	
56.316117 254.638217	5.96e-01  7.60e-01  2.63e+05	10.7647 54.7426 0.1635	
56.316117 254.638217	5.92e-01  8.20e-01  2.57e+05	-9.0253 58.6536 0.6693	
56.316117 254.638217	6.19e-01  9.60e-01  2.40e+05	-8.8460 67.5167 0.2768	
56.316117 254.638217	6.41e-01  7.97e-01  2.54e+05	-7.1210 60.4842 0.7289	
56.316117 254.638217	3.78e-01  9.36e-01  2.68e+05	5.9616 52.6252 0.4034	
56.316117 254.638217	4.60e-01  8.14e-01  2.72e+05	19.2437 45.9577 0.0855	
56.316117 254.638217	6.27e-01  7.98e-01  2.55e+05	-22.1470 55.8996 0.7729	
56.316117 254.638217	5.76e-01  6.68e-01  2.76e+05	-4.0536 47.1934 0.0833	
56.316117 254.638217	7.91e-01  8.88e-01  2.31e+05	47.4147 54.6442 0.4782	
56.316117 254.638217	4.71e-01  7.26e-01  2.82e+05	-15.5414 40.0967 0.6066	
56.316117 254.638217	8.13e-01  9.91e-01  2.21e+05	13.5576 75.7321 0.7686	
56.316117 254.638217	6.05e-01  8.27e-01  2.55e+05	-14.5359 58.7774 0.9199	
56.316117 254.638217	5.90e-01  9.50e-01  2.44e+05	-27.5471 60.2718 0.8058	
56.316117 254.638217	5.56e-01  7.01e-01  2.74e+05	8.3427 47.7806 0.0626	
56.316117 254.638217	6.31e-01  7.20e-01  2.64e+05	1.8949 55.4600 0.2519	
56.316117 254.638217	7.62e-01  8.34e-01  2.39e+05	-14.8070 67.2205 0.5176	
56.316117 254.638217	5.06e-01  8.69e-01  2.61e+05	-5.6247 56.8132 0.8873	
56.316117 254.638217	6.81e-01  8.05e-01  2.49e+05	3.2079 63.4129 0.8964	
56.316117 254.638217	6.71e-01  8.69e-01  2.44e+05	-10.6552 65.3871 0.9769	
56.316117 254.638217	7.12e-01  9.71e-01  2.31e+05	11.2555 71.6134 0.9188	
56.316117 254.638217	6.41e-01  8.45e-01  2.49e+05	-0.3829 63.5303 0.1423	
56.316117 254.638217	6.96e-01  7.10e-01  2.57e+05	9.4697 58.2668 0.7053	
56.316117 254.638217	6.89e-01  7.72e-01  2.52e+05	-14.2702 60.4839 0.3861	
56.316117 254.638217	6.45e-01  6.68e-01  2.68e+05	-18.2520 49.5874 0.6869	
56.316117 254.638217	4.64e-01  8.32e-01  2.70e+05	-10.9331 50.4059 0.3926	
56.316117 254.638217	7.32e-01  8.65e-01  2.38e+05	-12.8677 67.7023 0.0767	
56.316117 254.638217	4.76e-01  8.72e-01  2.64e+05	25.6458 48.9781 0.8401	
56.316117 254.638217	4.36e-01  9.44e-01  2.60e+05	-5.1122 57.1838 0.5875	
56.316117 254.638217	7.35e-01  8.82e-01  2.37e+05	-12.0812 68.7369 0.3523	
56.316117 254.638217	3.80e-01  6.88e-01  2.99e+05	2.9062 25.9454 0.8289	
56.316117 254.638217	5.96e-01  8.64e-01  2.52e+05	-28.7906 55.0481 0.3793	
56.316117 254.638217	4.23e-01  8.04e-01  2.78e+05	-7.2882 45.2622 0.8133	
56.316117 254.638217	4.92e-01  8.71e-01  2.62e+05	-9.3308 55.5755 0.6676	
56.316117 254.638217	5.38e-01  8.02e-01  2.65e+05	-10.7565 53.7171 0.4589	
56.316117 254.638217	6.73e-01  8.86e-01  2.42e+05	8.4645 66.6069 0.7507	
56.316117 254.638217	4.97e-01  7.25e-01  2.79e+05	-11.8903 43.8549 0.8774	
56.316117 254.638217	8.13e-01  9.32e-01  2.26e+05	-33.8558 66.7906 0.0076	
56.316117 254.638217	6.30e-01  9.12e-01  2.44e+05	21.5849 62.7436 0.2849	
56.316117 254.638217	5.31e-01  7.72e-01  2.69e+05	8.0224 51.4672 0.6767	
56.316117 254.638217	5.33e-01  7.77e-01  2.68e+05	21.9803 47.8402 0.4162	
56.316117 254.638217	5.25e-01  7.84e-01  2.68e+05	-4.1320 52.4317 0.0492	
56.316117 254.638217	5.40e-01  6.06e-01  2.89e+05	4.6056 37.0927 0.1332	
