#subID	 subGroupNr x	 y	 z	 vx	 yv	 yz	 vmax	 B_MAG V_MAG M_star
#subID	 groupID	 kpc	 kpc	 kpc	 km/s	 km/s	 km/s	 km/s	 mags mags 10^10Msun
644934 2994 25199.432373 48957.319780 73230.280096 85.869217 238.869812 6.546766 145.649475 0.000000e+00 0.000000e+00 0.000000e+00
644935 2994 25306.582364 48964.349920 73101.867676 94.116180 156.326447 -41.095657 37.174320 0.000000e+00 0.000000e+00 0.000000e+00
644936 2994 25325.028853 49204.994895 73075.594815 12.677079 226.305496 112.557594 23.350466 0.000000e+00 0.000000e+00 0.000000e+00
644937 2994 25278.778076 48972.656250 73383.966619 34.297375 156.295090 106.211250 19.272078 0.000000e+00 0.000000e+00 0.000000e+00
644938 2994 25232.455167 48954.772949 73190.934615 43.426056 71.885506 154.964523 24.134464 0.000000e+00 0.000000e+00 0.000000e+00
644939 2994 25217.737371 49065.651634 73371.471058 98.373444 252.046356 -73.792084 26.134378 0.000000e+00 0.000000e+00 0.000000e+00
644940 2994 25239.862615 48788.529830 73142.317338 178.233673 310.009613 -79.555847 18.393938 0.000000e+00 0.000000e+00 0.000000e+00
644941 2994 25105.418812 48993.602406 73249.711470 178.036621 98.218300 1.635336 19.191668 0.000000e+00 0.000000e+00 0.000000e+00
644942 2994 25049.971147 48957.575018 73298.117898 148.836044 182.179169 73.233498 19.779417 0.000000e+00 0.000000e+00 0.000000e+00
644943 2994 25238.897150 48935.141824 73240.400835 -59.301193 124.074028 -93.334465 23.043619 0.000000e+00 0.000000e+00 0.000000e+00
644944 2994 25230.366100 49062.583230 73399.841309 -3.933466 249.676636 -109.705399 16.762264 0.000000e+00 0.000000e+00 0.000000e+00
644945 2994 25144.916881 48835.865368 73235.706676 215.307098 149.217133 31.954016 15.495560 0.000000e+00 0.000000e+00 0.000000e+00
644946 2994 25199.926203 48891.756925 73275.329590 188.870712 180.156815 100.629135 18.058926 0.000000e+00 0.000000e+00 0.000000e+00
644947 2994 25381.411466 49041.176536 73142.822266 88.548111 360.355774 1.264272 14.027930 0.000000e+00 0.000000e+00 0.000000e+00
644948 2994 25308.160955 48769.908558 73154.119318 83.334343 354.654114 -29.341480 12.923839 0.000000e+00 0.000000e+00 0.000000e+00
644949 2994 25242.079301 48950.106534 73330.510920 180.533447 184.278305 93.155510 14.879102 0.000000e+00 0.000000e+00 0.000000e+00
644950 2994 25196.621982 49110.495827 73307.805842 115.552277 232.246979 -67.502533 18.248663 0.000000e+00 0.000000e+00 0.000000e+00
644951 2994 25204.084917 48880.021529 73282.354181 124.652863 157.242020 159.359161 15.151393 0.000000e+00 0.000000e+00 0.000000e+00
644952 2994 25269.620028 48968.844327 73214.222301 140.299149 277.184692 -100.238152 14.376408 0.000000e+00 0.000000e+00 0.000000e+00
644953 2994 25181.232799 48946.166992 73246.770685 183.888824 484.116302 38.310410 19.084204 0.000000e+00 0.000000e+00 0.000000e+00
644954 2994 25171.822288 48894.769842 73386.119496 132.758469 336.560120 -5.254925 18.485489 0.000000e+00 0.000000e+00 0.000000e+00
644955 2994 25178.808039 49015.158913 73367.664684 39.135292 198.397461 35.773014 10.768186 0.000000e+00 0.000000e+00 0.000000e+00
644956 2994 25165.197199 48952.786532 73171.364524 139.879974 327.079834 184.557129 12.738829 0.000000e+00 0.000000e+00 0.000000e+00
644957 2994 25162.414551 49025.235263 73293.801048 94.192802 371.858185 63.817463 12.570333 0.000000e+00 0.000000e+00 0.000000e+00
644958 2994 25255.917636 48800.270774 73342.701305 10.796073 200.772659 -5.597307 11.851218 0.000000e+00 0.000000e+00 0.000000e+00
644959 2994 25284.970370 48809.398304 73197.204590 61.588490 265.787476 -57.504177 14.336384 0.000000e+00 0.000000e+00 0.000000e+00
673542 4026 25315.640536 49668.318315 72954.817338 90.821892 183.211823 33.248867 118.016129 0.000000e+00 0.000000e+00 0.000000e+00
673543 4026 25189.411510 49581.226696 73133.617054 82.587723 211.973816 -61.621689 58.079994 0.000000e+00 0.000000e+00 0.000000e+00
673544 4026 25502.860329 49770.058372 72970.214844 38.362125 81.555336 -4.418083 32.308365 0.000000e+00 0.000000e+00 0.000000e+00
673545 4026 25495.683150 49644.952947 73003.279252 111.706696 108.319962 6.913975 35.726704 0.000000e+00 0.000000e+00 0.000000e+00
673546 4026 25184.237393 49550.803445 72935.735529 76.627640 204.127106 58.350571 33.183220 0.000000e+00 0.000000e+00 0.000000e+00
673547 4026 25338.298451 49551.003196 72999.078924 147.559845 120.700417 104.615211 27.929289 0.000000e+00 0.000000e+00 0.000000e+00
673548 4026 25322.623513 49656.177868 72995.827415 177.264618 35.224918 -103.645988 32.416992 0.000000e+00 0.000000e+00 0.000000e+00
673549 4026 25435.566295 49771.767356 72767.550382 112.296043 177.461578 23.120256 23.011131 0.000000e+00 0.000000e+00 0.000000e+00
673550 4026 25300.961581 49580.649636 73024.341930 29.354465 241.960220 67.658066 22.188999 0.000000e+00 0.000000e+00 0.000000e+00
673551 4026 25302.523526 49814.303311 72816.750266 126.333221 238.101501 -23.739979 20.459793 0.000000e+00 0.000000e+00 0.000000e+00
673552 4026 25204.814564 49684.470437 73106.112393 66.278496 195.306610 -62.336361 17.455774 0.000000e+00 0.000000e+00 0.000000e+00
673553 4026 25392.888849 49778.642134 72964.649547 46.911556 196.141846 58.273804 20.179274 0.000000e+00 0.000000e+00 0.000000e+00
673554 4026 25253.254284 49714.793812 72923.800382 76.704521 104.160614 149.458832 19.724773 0.000000e+00 0.000000e+00 0.000000e+00
673555 4026 25288.912686 49733.243075 72826.266202 87.487671 227.126190 -109.210114 12.929820 0.000000e+00 0.000000e+00 0.000000e+00
673556 4026 25393.812700 49742.115368 72987.310236 179.309433 110.264244 3.463568 15.751006 0.000000e+00 0.000000e+00 0.000000e+00
673557 4026 25360.179554 49749.123313 72839.582963 127.708687 194.041702 -41.109165 14.277450 0.000000e+00 0.000000e+00 0.000000e+00
673558 4026 25309.989236 49718.700062 72864.984686 82.272362 144.991531 -29.468748 15.593350 0.000000e+00 0.000000e+00 0.000000e+00
673559 4026 25354.730779 49677.734375 73071.499911 110.637703 234.306854 113.084999 15.917184 0.000000e+00 0.000000e+00 0.000000e+00
673560 4026 25200.619784 49719.315962 73057.916815 126.062668 239.306183 -10.783571 15.562913 0.000000e+00 0.000000e+00 0.000000e+00
673561 4026 25325.764049 49750.061035 72996.820623 192.097366 77.690338 5.153184 15.238945 0.000000e+00 0.000000e+00 0.000000e+00
673562 4026 25170.146595 49617.836692 72932.844682 -5.522424 112.611328 48.503891 12.146830 0.000000e+00 0.000000e+00 0.000000e+00
673563 4026 25294.644442 49715.814764 73070.928400 166.759995 211.278168 -5.841299 16.673130 0.000000e+00 0.000000e+00 0.000000e+00
673564 4026 25183.729692 49687.599876 72935.641202 119.261108 279.785217 86.713303 12.858399 0.000000e+00 0.000000e+00 0.000000e+00
673565 4026 25300.367876 49553.289240 72884.621360 53.400093 228.941879 59.596363 12.895977 0.000000e+00 0.000000e+00 0.000000e+00
673566 4026 25326.807195 49701.055353 72809.487083 175.178543 108.835091 62.340874 12.037464 0.000000e+00 0.000000e+00 0.000000e+00
673567 4026 25395.374645 49657.720392 72967.018821 157.643311 111.932198 0.200996 10.784396 0.000000e+00 0.000000e+00 0.000000e+00
673568 4026 25252.882524 49608.775746 72778.858532 50.458866 217.233841 116.269630 12.181668 0.000000e+00 0.000000e+00 0.000000e+00
673569 4026 25211.822510 49762.551048 72827.647816 183.816162 143.467758 25.797855 11.199130 0.000000e+00 0.000000e+00 0.000000e+00
673570 4026 25324.626576 49702.764338 73092.362837 -14.922431 244.107742 -46.120728 10.675401 0.000000e+00 0.000000e+00 0.000000e+00
673571 4026 25385.445335 49717.390581 72921.392267 2.902624 250.408752 59.199665 11.917253 0.000000e+00 0.000000e+00 0.000000e+00
713686 6078 25563.446045 47632.080078 72817.915483 79.209076 220.958817 5.786970 103.038193 0.000000e+00 0.000000e+00 0.000000e+00
713687 6078 25506.095193 47497.397683 72833.096591 87.134178 222.142410 -69.058365 28.283209 0.000000e+00 0.000000e+00 0.000000e+00
713688 6078 25688.576438 47687.100497 72757.557262 6.346515 277.512085 -11.968190 28.050045 0.000000e+00 0.000000e+00 0.000000e+00
713689 6078 25424.288663 47606.556286 72896.734064 132.546585 260.182190 37.996613 24.366739 0.000000e+00 0.000000e+00 0.000000e+00
713690 6078 25715.606689 47622.014826 72795.060591 -17.751511 180.788818 -34.730331 18.638617 0.000000e+00 0.000000e+00 0.000000e+00
713691 6078 25538.607511 47602.228338 72795.066140 103.436584 212.729141 -147.141342 27.977627 0.000000e+00 0.000000e+00 0.000000e+00
713692 6078 25653.783625 47651.955344 72804.182573 0.196497 296.330444 -64.740555 20.533895 0.000000e+00 0.000000e+00 0.000000e+00
713693 6078 25487.060547 47691.051136 72731.040261 82.506538 153.141998 -76.539223 17.693207 0.000000e+00 0.000000e+00 0.000000e+00
713694 6078 25449.601607 47702.142889 72842.545943 131.727066 177.120895 -44.220524 16.725979 0.000000e+00 0.000000e+00 0.000000e+00
713695 6078 25565.868031 47599.243164 72934.614702 25.491302 237.701401 -18.886469 15.256223 0.000000e+00 0.000000e+00 0.000000e+00
713696 6078 25609.369451 47655.156916 72870.655407 125.161949 132.457001 26.733288 15.811486 0.000000e+00 0.000000e+00 0.000000e+00
713697 6078 25476.068670 47732.760343 72906.449751 63.363346 220.013931 -94.822510 12.615401 0.000000e+00 0.000000e+00 0.000000e+00
713698 6078 25657.687100 47530.611905 72868.496982 -17.193218 220.451065 -56.782719 8.819794 0.000000e+00 0.000000e+00 0.000000e+00
713699 6078 25514.354359 47785.661177 72866.638184 98.892693 224.705231 -87.602371 12.972707 0.000000e+00 0.000000e+00 0.000000e+00
852931 23931 25884.540905 49961.320357 73056.080211 89.104805 146.749741 -8.445352 66.686356 0.000000e+00 0.000000e+00 0.000000e+00
852932 23931 25846.022172 50081.753817 73050.120961 125.146202 133.054077 -30.342268 20.592712 0.000000e+00 0.000000e+00 0.000000e+00
852933 23931 25946.699663 49889.376554 73065.357555 47.265659 173.979187 9.937874 14.528189 0.000000e+00 0.000000e+00 0.000000e+00
852934 23931 25932.578347 49917.297363 73120.000666 151.530701 182.794937 -31.166838 14.157353 0.000000e+00 0.000000e+00 0.000000e+00
852935 23931 25999.314742 49961.042924 73025.279652 95.218979 209.782867 -6.453166 10.812262 0.000000e+00 0.000000e+00 0.000000e+00
852936 23931 25869.834206 50036.981756 72997.713956 137.416611 239.792191 14.576293 12.768918 0.000000e+00 0.000000e+00 0.000000e+00
952709 54313 26351.828835 50490.450772 72678.089489 122.128044 202.842087 38.538212 47.484070 0.000000e+00 0.000000e+00 0.000000e+00
952710 54313 26384.441029 50545.238148 72722.339977 101.233704 182.002914 46.746155 13.318490 0.000000e+00 0.000000e+00 0.000000e+00
961423 57829 25660.908092 49918.002042 73188.260165 193.343292 140.805008 15.177985 42.944778 0.000000e+00 0.000000e+00 0.000000e+00
961424 57829 25641.482267 49829.367898 73070.950595 117.739662 167.556168 -81.866203 17.274765 0.000000e+00 0.000000e+00 0.000000e+00
961425 57829 25637.559371 49862.454501 73184.464888 183.061920 111.989067 47.039368 13.263528 0.000000e+00 0.000000e+00 0.000000e+00
961426 57829 25652.476918 49932.395241 73229.286887 150.309387 119.493896 -19.034830 10.365333 0.000000e+00 0.000000e+00 0.000000e+00
961744 57961 24232.263738 48555.797230 74612.116033 38.769569 163.922974 49.872276 17.582226 0.000000e+00 0.000000e+00 0.000000e+00
968441 60746 26507.121693 48038.757324 73480.413263 -4.257760 209.066696 -83.673706 52.093208 0.000000e+00 0.000000e+00 0.000000e+00
968442 60746 26465.634433 48004.938299 73524.597168 25.049459 201.335632 -115.987976 9.559086 0.000000e+00 0.000000e+00 0.000000e+00
996758 73446 24923.398105 48695.567738 74422.629616 133.320740 194.433075 49.805004 45.386177 0.000000e+00 0.000000e+00 0.000000e+00
996759 73446 24896.989302 48730.374423 74460.410378 118.448090 213.746002 11.178878 13.537923 0.000000e+00 0.000000e+00 0.000000e+00
996760 73446 25012.154319 48705.599698 74431.085760 140.299484 168.896637 35.149216 10.571144 0.000000e+00 0.000000e+00 0.000000e+00
1009115 79355 25484.330611 50244.024103 72734.508168 89.883911 133.042831 6.288652 47.432743 0.000000e+00 0.000000e+00 0.000000e+00
1009116 79355 25553.244851 50202.309348 72733.648127 80.842949 120.116112 28.237066 9.789992 0.000000e+00 0.000000e+00 0.000000e+00
1062611 108024 25073.072954 49518.848766 73359.746760 17.196207 200.473602 -35.044945 41.977684 0.000000e+00 0.000000e+00 0.000000e+00
1102607 132106 25714.688388 49776.605779 72910.561301 49.975166 166.274017 18.178291 32.968410 0.000000e+00 0.000000e+00 0.000000e+00
1102608 132106 25663.848877 49824.518377 72943.492543 27.649963 229.033157 98.521408 18.809326 0.000000e+00 0.000000e+00 0.000000e+00
1112768 138583 25793.476452 49772.682884 73112.143777 184.205582 180.202652 -4.338210 34.064468 0.000000e+00 0.000000e+00 0.000000e+00
1112938 138702 25458.376798 49999.040083 73194.885254 17.381571 184.188721 36.626465 38.549782 0.000000e+00 0.000000e+00 0.000000e+00
1112939 138702 25520.638206 49970.630993 73128.639915 55.802734 127.627907 -21.495962 14.900304 0.000000e+00 0.000000e+00 0.000000e+00
1112940 138702 25452.187278 50030.489835 73202.664462 41.029797 235.427109 48.311615 12.224660 0.000000e+00 0.000000e+00 0.000000e+00
1115983 140639 25826.354980 47732.926802 72883.628152 50.842381 222.814667 -71.522667 39.918362 0.000000e+00 0.000000e+00 0.000000e+00
1160309 170279 27028.115012 49487.332431 73582.469593 0.379826 225.538864 -108.798309 30.269529 0.000000e+00 0.000000e+00 0.000000e+00
1160310 170279 27015.067361 49461.675471 73590.875799 28.799246 229.780975 -132.533295 13.333632 0.000000e+00 0.000000e+00 0.000000e+00
1162168 171562 24249.434038 49598.172275 73003.606623 181.299637 206.048492 79.390144 29.568733 0.000000e+00 0.000000e+00 0.000000e+00
1190716 191545 24610.518022 50444.702148 74256.475275 137.010300 199.822968 39.121708 29.996078 0.000000e+00 0.000000e+00 0.000000e+00
1203628 200827 26150.978782 48876.137473 73858.043324 -20.416624 217.469284 -114.328835 28.807751 0.000000e+00 0.000000e+00 0.000000e+00
1220700 213321 24046.961004 49828.230424 74427.823153 -23.357185 226.517136 -93.472717 32.248222 0.000000e+00 0.000000e+00 0.000000e+00
1266100 247568 24926.766135 50111.072887 73298.190030 196.880630 181.474777 54.404758 29.739048 0.000000e+00 0.000000e+00 0.000000e+00
1339236 305446 25874.004017 49857.399680 72877.535733 124.053856 222.242157 -10.566642 26.367359 0.000000e+00 0.000000e+00 0.000000e+00
1344068 309356 25346.865567 48587.097168 73294.705478 78.158455 183.952682 46.057949 30.300518 0.000000e+00 0.000000e+00 0.000000e+00
1375788 335276 26143.474232 48078.469016 73719.765403 -5.341093 208.487778 -89.012543 24.756645 0.000000e+00 0.000000e+00 0.000000e+00
1376554 335913 25248.135653 47980.413263 73113.397772 113.534172 241.967957 -25.693068 25.353630 0.000000e+00 0.000000e+00 0.000000e+00
1376555 335913 25223.258279 48002.752131 73108.415083 102.194191 257.791351 -14.200856 15.240843 0.000000e+00 0.000000e+00 0.000000e+00
1387991 345519 24534.864946 49960.654519 73284.002131 188.590515 199.210922 69.903992 26.388666 0.000000e+00 0.000000e+00 0.000000e+00
1390508 347634 26417.968750 49470.325817 73746.626420 -15.462020 225.528793 -105.136292 24.674770 0.000000e+00 0.000000e+00 0.000000e+00
1393817 350405 24776.736173 50825.922186 74099.626021 77.965134 213.700256 2.138353 26.448700 0.000000e+00 0.000000e+00 0.000000e+00
1393818 350405 24791.742498 50842.551491 74100.352894 82.622307 202.778458 22.889185 12.712394 0.000000e+00 0.000000e+00 0.000000e+00
1413919 367223 24902.859775 48480.291193 74110.229492 53.779503 248.446915 -7.890005 25.631205 0.000000e+00 0.000000e+00 0.000000e+00
1417727 370451 25375.546542 50523.110130 72775.651412 88.989326 145.261612 -20.364290 25.054197 0.000000e+00 0.000000e+00 0.000000e+00
1417728 370452 25757.163308 50047.041460 73223.721591 30.859846 148.263687 30.379696 23.322294 0.000000e+00 0.000000e+00 0.000000e+00
1417729 370452 25718.960849 50047.219016 73262.867321 45.715710 149.955963 42.977116 10.992013 0.000000e+00 0.000000e+00 0.000000e+00
1428568 379634 24494.981246 50094.837536 73372.136896 185.848877 189.875336 61.183804 21.680662 0.000000e+00 0.000000e+00 0.000000e+00
1433599 383900 25847.226230 49701.427113 72564.098011 58.455921 234.922638 72.196114 25.346918 0.000000e+00 0.000000e+00 0.000000e+00
1442950 391876 25631.061901 49904.513272 73420.104980 49.672436 219.158890 -19.031998 24.072018 0.000000e+00 0.000000e+00 0.000000e+00
1450452 398339 26342.853893 49453.718706 73813.032670 -0.775469 231.752869 -91.173378 18.911303 0.000000e+00 0.000000e+00 0.000000e+00
1450453 398339 26314.128529 49479.736328 73810.102983 5.151283 211.239090 -91.976311 10.217793 0.000000e+00 0.000000e+00 0.000000e+00
1493403 435559 24502.230558 50684.675737 71888.227983 180.081879 216.796295 57.375683 26.619678 0.000000e+00 0.000000e+00 0.000000e+00
1524019 462465 26325.852828 50774.719238 72694.075151 144.802658 185.477676 34.751053 24.051125 0.000000e+00 0.000000e+00 0.000000e+00
1533051 470452 25488.297896 48130.470969 73470.098322 74.624832 249.457001 -33.395420 21.289164 0.000000e+00 0.000000e+00 0.000000e+00
1536143 473156 25141.690341 51092.928800 73651.539196 160.353745 195.256409 40.452503 21.683449 0.000000e+00 0.000000e+00 0.000000e+00
1556805 491506 25743.469238 49779.829545 73033.968839 151.497101 187.838348 2.159695 24.674042 0.000000e+00 0.000000e+00 0.000000e+00
1583008 514899 25992.678556 48094.942960 73818.509189 -3.335465 209.126495 -92.654701 21.104603 0.000000e+00 0.000000e+00 0.000000e+00
1588567 519890 24250.302401 49479.880593 73555.403276 173.435516 203.120102 67.963974 20.670967 0.000000e+00 0.000000e+00 0.000000e+00
1592081 523093 25301.047585 48341.602672 73696.533203 69.959328 255.882828 -29.888811 21.907644 0.000000e+00 0.000000e+00 0.000000e+00
1593985 524806 24370.558305 49029.879483 74082.197710 159.910187 192.134689 69.034050 22.671480 0.000000e+00 0.000000e+00 0.000000e+00
1597641 528146 25107.166637 50196.266868 74068.154075 -23.581991 235.520569 -109.113144 21.795219 0.000000e+00 0.000000e+00 0.000000e+00
1603488 533436 25597.675670 48903.647683 73613.103693 121.647285 259.797974 -46.258049 21.552454 0.000000e+00 0.000000e+00 0.000000e+00
1603489 533436 25614.682284 48851.806641 73589.444247 114.091026 229.477463 -45.725910 8.950995 0.000000e+00 0.000000e+00 0.000000e+00
1611259 540480 25927.628951 50104.913885 73198.181152 36.639557 174.531586 24.845266 24.888401 0.000000e+00 0.000000e+00 0.000000e+00
1623408 551514 26338.059859 48800.331809 71772.832697 45.576347 199.344910 -25.606869 20.610470 0.000000e+00 0.000000e+00 0.000000e+00
1623409 551514 26342.670787 48807.023482 71769.542347 57.690826 198.860947 -26.839897 14.002576 0.000000e+00 0.000000e+00 0.000000e+00
1638405 565118 25859.610818 48134.416060 73418.118564 134.931305 227.599518 40.412552 23.066065 0.000000e+00 0.000000e+00 0.000000e+00
1647297 573191 24018.832120 50469.299316 73916.048917 158.752960 202.326431 71.726349 23.234838 0.000000e+00 0.000000e+00 0.000000e+00
1649614 575315 26011.971214 50101.889870 73666.010076 -14.404009 232.728836 -114.002487 19.466627 0.000000e+00 0.000000e+00 0.000000e+00
1654052 579389 25081.420898 49354.886142 73604.248047 197.895325 187.325455 20.423178 19.091238 0.000000e+00 0.000000e+00 0.000000e+00
1663219 587795 25300.417813 50839.327725 73929.027211 0.650669 247.051025 -66.169907 20.021421 0.000000e+00 0.000000e+00 0.000000e+00
1692795 615054 25001.156894 48005.115856 73345.836293 102.927582 251.040756 -14.492016 22.388617 0.000000e+00 0.000000e+00 0.000000e+00
1703224 624622 24043.049205 50243.951971 73641.407360 164.434753 196.476730 69.974869 19.499689 0.000000e+00 0.000000e+00 0.000000e+00
1708561 629567 25326.291171 50128.811923 73236.416903 203.775436 151.117325 24.704317 22.247978 0.000000e+00 0.000000e+00 0.000000e+00
1711170 631978 25294.358687 48812.771884 74072.504217 135.056747 213.122604 7.571449 21.321949 0.000000e+00 0.000000e+00 0.000000e+00
1716677 637053 24460.798784 48560.890891 74364.302202 61.736942 206.697128 36.832478 22.759377 0.000000e+00 0.000000e+00 0.000000e+00
1763520 680810 25639.687278 50296.353427 73290.177779 89.565186 219.205231 -12.827401 21.881071 0.000000e+00 0.000000e+00 0.000000e+00
1766686 683794 23818.179044 48356.977983 73873.579545 7.334720 210.927811 -7.718814 18.804705 0.000000e+00 0.000000e+00 0.000000e+00
1803234 718251 26095.181552 50073.719371 73856.861461 -12.595453 236.462677 -96.484612 15.470750 0.000000e+00 0.000000e+00 0.000000e+00
1810448 725034 25277.818160 49232.843572 73037.686435 69.890785 188.950897 48.192459 23.313398 0.000000e+00 0.000000e+00 0.000000e+00
1810449 725035 25418.975830 49542.879972 72464.211204 55.294956 184.598145 28.626612 21.574360 0.000000e+00 0.000000e+00 0.000000e+00
1821281 735290 24847.886519 48823.780407 73627.258301 115.205719 213.614853 -43.569710 21.952267 0.000000e+00 0.000000e+00 0.000000e+00
1832140 745649 25929.282449 50185.119629 73021.489924 40.655666 190.958069 60.411617 17.978559 0.000000e+00 0.000000e+00 0.000000e+00
1839761 752925 23694.519043 50213.306774 73771.539862 161.938736 200.579178 79.292152 17.754225 0.000000e+00 0.000000e+00 0.000000e+00
1847297 760116 25584.955389 50631.181197 73480.374423 4.312729 229.235901 -73.016953 15.829701 0.000000e+00 0.000000e+00 0.000000e+00
1847298 760116 25578.935103 50631.214489 73452.903054 4.052695 236.549942 -69.272598 10.450501 0.000000e+00 0.000000e+00 0.000000e+00
1863101 775317 24848.396995 50289.878152 73523.426403 178.564819 183.713150 42.286827 19.032034 0.000000e+00 0.000000e+00 0.000000e+00
1867071 779102 26029.294101 50226.939808 73267.356179 122.254478 152.064819 60.996113 21.148319 0.000000e+00 0.000000e+00 0.000000e+00
1871127 782990 25425.506592 49277.987393 73264.798251 6.234961 271.658112 -37.079777 22.282516 0.000000e+00 0.000000e+00 0.000000e+00
1871128 782991 24817.679665 48141.396262 73908.708052 93.529312 199.296417 3.088778 21.964672 0.000000e+00 0.000000e+00 0.000000e+00
1883746 795108 25980.771151 50341.253107 73145.735307 148.791351 156.985458 68.881096 17.046356 0.000000e+00 0.000000e+00 0.000000e+00
1918694 828809 26529.823997 49184.936523 71968.189586 26.381302 225.467331 -62.543762 17.603531 0.000000e+00 0.000000e+00 0.000000e+00
1947329 856575 25921.902743 50396.478826 72312.588778 107.322151 217.558258 50.294334 18.642210 0.000000e+00 0.000000e+00 0.000000e+00
1977780 886187 26542.588667 49384.388317 73761.824174 -16.744938 232.384308 -104.064659 16.882595 0.000000e+00 0.000000e+00 0.000000e+00
1993604 901736 24574.063388 48153.336958 74361.366966 60.765781 220.846756 37.183792 21.318243 0.000000e+00 0.000000e+00 0.000000e+00
1999024 906985 24839.053067 50937.472257 73883.433949 156.597290 193.303421 50.507271 17.472359 0.000000e+00 0.000000e+00 0.000000e+00
2004544 912392 26198.303223 48461.436879 73822.454279 -6.090122 208.868820 -89.384041 18.193506 0.000000e+00 0.000000e+00 0.000000e+00
2015648 923297 24836.337003 49248.934659 74654.529918 94.473015 178.072968 15.173320 15.982248 0.000000e+00 0.000000e+00 0.000000e+00
2021229 928771 25840.495716 48072.970304 73904.185902 -3.435369 205.959442 -93.192360 16.778189 0.000000e+00 0.000000e+00 0.000000e+00
2038747 946026 25636.912953 50117.731268 73347.966974 147.412033 159.343063 -45.311150 17.640141 0.000000e+00 0.000000e+00 0.000000e+00
2044849 952015 25219.227184 48186.767578 73741.532759 66.592285 251.900803 -26.804035 17.076147 0.000000e+00 0.000000e+00 0.000000e+00
2050962 958066 25249.639338 50976.667924 74107.394132 91.504143 205.809570 -2.355186 16.317350 0.000000e+00 0.000000e+00 0.000000e+00
2063335 970259 24858.831232 50584.428267 74060.330478 137.539993 191.062759 31.092651 16.684345 0.000000e+00 0.000000e+00 0.000000e+00
2069620 976492 25295.088335 49151.949796 72351.018732 27.165443 225.097916 37.601139 15.756562 0.000000e+00 0.000000e+00 0.000000e+00
2102394 1008976 25742.925471 50194.008567 72939.830433 60.709007 126.529999 -4.672632 17.934017 0.000000e+00 0.000000e+00 0.000000e+00
2116223 1022762 25459.442139 49827.287154 72676.818848 144.257889 202.192474 -22.240294 14.672498 0.000000e+00 0.000000e+00 0.000000e+00
2116224 1022763 25480.099765 49837.785201 73056.551847 10.207275 149.247726 101.541809 13.970640 0.000000e+00 0.000000e+00 0.000000e+00
2116225 1022764 25327.703303 49470.658736 72808.438388 -0.032815 217.667282 31.349297 20.432238 0.000000e+00 0.000000e+00 0.000000e+00
2130628 1037182 25922.410445 50170.027299 73127.458052 54.245499 176.077301 68.698586 18.470024 0.000000e+00 0.000000e+00 0.000000e+00
2130632 1037186 26381.097967 50958.435059 73346.191406 10.673038 256.471405 -77.325722 15.440390 0.000000e+00 0.000000e+00 0.000000e+00
2137859 1044425 23640.921853 49005.914862 74118.308327 149.163437 197.308075 87.408905 17.175371 0.000000e+00 0.000000e+00 0.000000e+00
2160153 1066766 24968.153520 50570.207076 73642.339533 91.082268 197.632004 -22.756144 14.541375 0.000000e+00 0.000000e+00 0.000000e+00
2160161 1066774 25666.578813 50909.962047 73874.927868 -18.473291 253.032578 -106.205414 16.525639 0.000000e+00 0.000000e+00 0.000000e+00
2175401 1082070 24915.097323 49125.166460 73085.382635 80.809570 207.215439 109.357468 16.510199 0.000000e+00 0.000000e+00 0.000000e+00
2175415 1082083 27186.947909 49012.478915 73573.464134 -0.779887 227.395859 -109.755539 18.068926 0.000000e+00 0.000000e+00 0.000000e+00
2215661 1122702 25183.865634 47488.198020 72412.236994 53.616833 205.193542 51.855568 21.199570 0.000000e+00 0.000000e+00 0.000000e+00
2215664 1122705 24964.885365 50134.271795 74344.360352 -17.839975 237.931076 -82.293701 16.387341 0.000000e+00 0.000000e+00 0.000000e+00
2224052 1131207 24478.340843 48250.549316 74551.541415 32.527679 154.138214 32.241081 16.615961 0.000000e+00 0.000000e+00 0.000000e+00
2249833 1157393 25130.787243 49654.724121 73044.838645 98.275719 207.191010 35.501953 12.568405 0.000000e+00 0.000000e+00 0.000000e+00
2249834 1157393 25111.727628 49620.344682 73058.155407 78.708084 252.258163 -18.900642 12.222700 0.000000e+00 0.000000e+00 0.000000e+00
2258742 1166499 24874.761408 50366.632635 74438.798384 94.802620 209.104156 7.955525 14.394978 0.000000e+00 0.000000e+00 0.000000e+00
2258743 1166500 25907.451283 48913.662997 73992.525968 -11.481574 216.606400 -102.715683 18.578140 0.000000e+00 0.000000e+00 0.000000e+00
2258746 1166503 24441.780784 50222.484242 74247.342196 -31.265671 239.536240 -105.030975 15.058164 0.000000e+00 0.000000e+00 0.000000e+00
2267774 1175713 26192.294034 49878.123890 72934.348366 108.674950 146.973801 -1.245837 17.142746 0.000000e+00 0.000000e+00 0.000000e+00
2267777 1175716 26074.154941 50707.186612 72690.651634 116.034210 231.145767 57.003117 16.666582 0.000000e+00 0.000000e+00 0.000000e+00
2267778 1175717 24550.642534 48928.849654 74686.196067 83.215981 151.520706 18.606562 13.992455 0.000000e+00 0.000000e+00 0.000000e+00
2295681 1204169 25316.447865 50787.736373 73884.493741 116.453987 195.853165 3.024052 16.063858 0.000000e+00 0.000000e+00 0.000000e+00
2305265 1213953 24278.461803 49616.371848 73358.609286 177.754395 205.680969 69.906548 15.519603 0.000000e+00 0.000000e+00 0.000000e+00
2305268 1213956 26088.961515 49991.516113 73044.949618 127.016640 145.011841 13.479621 18.808889 0.000000e+00 0.000000e+00 0.000000e+00
2315008 1223965 25257.965088 47946.039373 73449.751420 166.150787 234.225296 53.074329 14.994024 0.000000e+00 0.000000e+00 0.000000e+00
2315010 1223967 25029.355136 49851.656827 73077.270508 129.204239 231.335999 82.997055 16.550993 0.000000e+00 0.000000e+00 0.000000e+00
2335154 1244671 26180.752841 49953.840776 72477.816495 2.815073 234.448471 -57.201073 13.389411 0.000000e+00 0.000000e+00 0.000000e+00
2345551 1255331 25956.068559 48107.344194 71768.088601 29.532040 201.330109 -51.120796 14.429245 0.000000e+00 0.000000e+00 0.000000e+00
2355805 1265943 23764.590177 49030.267889 74161.587802 146.307999 196.840683 85.707687 15.898726 0.000000e+00 0.000000e+00 0.000000e+00
2422617 1335156 25558.893377 49053.422408 73458.146529 140.891144 166.546982 -51.314999 14.320751 0.000000e+00 0.000000e+00 0.000000e+00
2422618 1335157 25305.378307 49227.594549 73202.658913 -11.441635 234.539322 -37.914478 15.566142 0.000000e+00 0.000000e+00 0.000000e+00
2422620 1335159 26055.500377 50408.696955 72941.284180 77.828087 197.254700 40.063728 14.085753 0.000000e+00 0.000000e+00 0.000000e+00
2422622 1335161 25111.430775 48787.053888 72948.403098 150.253311 298.235168 59.396320 15.031199 0.000000e+00 0.000000e+00 0.000000e+00
2434359 1347390 24961.012407 50534.717907 74364.152388 94.987862 207.897705 7.065338 14.009428 0.000000e+00 0.000000e+00 0.000000e+00
2446525 1360079 25931.191184 49882.302024 73711.359197 -14.725443 234.003723 -121.993835 15.825123 0.000000e+00 0.000000e+00 0.000000e+00
2471098 1385749 25502.496893 50726.262873 73645.568848 5.844247 234.957230 -69.354027 14.495121 0.000000e+00 0.000000e+00 0.000000e+00
2471104 1385755 26074.998335 47653.625488 72766.729181 49.471992 248.437469 -4.377121 16.503439 0.000000e+00 0.000000e+00 0.000000e+00
2484085 1399362 26044.783159 50678.355824 73760.170676 -12.731730 246.002029 -95.719406 14.908725 0.000000e+00 0.000000e+00 0.000000e+00
2537425 1455336 24852.261630 49781.394265 73061.945135 206.402817 203.484802 82.654137 14.173368 0.000000e+00 0.000000e+00 0.000000e+00
2537432 1455343 25501.609109 49506.109064 72745.289196 17.205887 228.758316 -14.243424 16.625809 0.000000e+00 0.000000e+00 0.000000e+00
2565883 1485278 25753.920122 47648.282138 72245.716442 84.652069 242.046814 9.476796 17.045191 0.000000e+00 0.000000e+00 0.000000e+00
2580453 1500704 26537.053888 50607.527299 72391.973322 116.734329 215.060928 24.531202 16.077562 0.000000e+00 0.000000e+00 0.000000e+00
2595336 1516561 25483.695290 49680.436568 73525.945490 62.014294 174.023758 -0.995831 16.161041 0.000000e+00 0.000000e+00 0.000000e+00
2595342 1516567 25089.205655 48778.087269 73172.901500 177.838882 200.775238 59.336685 17.454037 0.000000e+00 0.000000e+00 0.000000e+00
2595343 1516568 25537.958319 49885.958585 72620.111639 33.436172 203.010529 8.039069 14.744892 0.000000e+00 0.000000e+00 0.000000e+00
2595350 1516575 24044.719349 48386.685458 73573.835893 21.689899 223.202835 -26.724134 14.234179 0.000000e+00 0.000000e+00 0.000000e+00
2610404 1532618 23522.288929 49972.639604 73740.550648 159.195679 200.522995 81.804665 13.795492 0.000000e+00 0.000000e+00 0.000000e+00
2610412 1532626 25089.422053 49951.144132 73141.035600 110.901688 104.068436 17.318674 9.295895 0.000000e+00 0.000000e+00 0.000000e+00
2625984 1549229 24952.345415 49117.614746 73233.836781 68.126579 258.845184 48.446526 17.009163 0.000000e+00 0.000000e+00 0.000000e+00
2625990 1549235 24859.461004 48934.442694 72740.495162 127.379196 254.567047 -41.453526 14.190673 0.000000e+00 0.000000e+00 0.000000e+00
2642129 1566464 24498.449152 49905.251243 73297.324441 191.776718 214.725967 70.754837 13.691993 0.000000e+00 0.000000e+00 0.000000e+00
2642130 1566465 25955.560858 50120.311390 73040.288752 41.511326 205.444916 75.033730 10.859718 0.000000e+00 0.000000e+00 0.000000e+00
2658202 1583692 25799.485640 50475.519354 72885.836515 81.690720 217.854401 74.774498 17.747665 0.000000e+00 0.000000e+00 0.000000e+00
2658203 1583693 26292.449951 50550.270774 72619.656650 127.473000 225.238052 71.470161 13.418901 0.000000e+00 0.000000e+00 0.000000e+00
2658207 1583697 26407.454057 50314.086914 73110.462536 -1.371027 240.651398 -81.129097 14.636279 0.000000e+00 0.000000e+00 0.000000e+00
2674605 1601250 25653.090044 49879.022772 73461.642179 49.342590 176.544037 2.473552 13.061431 0.000000e+00 0.000000e+00 0.000000e+00
2674608 1601253 25629.505504 50649.952282 73906.910289 -3.378974 246.531418 -82.423401 15.300520 0.000000e+00 0.000000e+00 0.000000e+00
2708971 1638064 25070.481734 49802.445845 73154.463335 225.004227 195.944794 70.201599 15.892908 0.000000e+00 0.000000e+00 0.000000e+00
2726746 1657161 24697.565252 48051.347212 74201.948686 76.092674 203.860077 24.865255 15.113849 0.000000e+00 0.000000e+00 0.000000e+00
2744555 1676293 24959.786155 49296.236905 74575.306286 98.108795 179.115387 15.669993 13.299764 0.000000e+00 0.000000e+00 0.000000e+00
2744556 1676294 25946.047696 50398.664995 73266.984419 154.757416 150.156967 -8.992872 14.282045 0.000000e+00 0.000000e+00 0.000000e+00
2744557 1676295 25832.111705 47486.916282 72999.988903 -17.496012 205.877274 -85.248619 13.899599 0.000000e+00 0.000000e+00 0.000000e+00
2744563 1676301 25731.880882 48986.955123 73993.225098 -19.088657 212.925568 -115.241066 13.334291 0.000000e+00 0.000000e+00 0.000000e+00
2781840 1716712 25046.614213 49021.739613 74294.006348 -25.411695 212.681396 -97.018524 12.991870 0.000000e+00 0.000000e+00 0.000000e+00
2801394 1737934 26496.584806 49644.159490 73663.601962 -15.394068 221.662323 -104.112289 14.535950 0.000000e+00 0.000000e+00 0.000000e+00
2821252 1759521 25502.569025 49885.725542 73263.899370 9.843568 211.191940 -19.158150 14.558255 0.000000e+00 0.000000e+00 0.000000e+00
2821253 1759522 26738.028786 49933.083274 72047.191273 30.160166 234.449234 -62.707600 13.416422 0.000000e+00 0.000000e+00 0.000000e+00
2821254 1759523 25420.049494 47536.332564 72595.708674 125.053017 242.206070 49.453648 14.003510 0.000000e+00 0.000000e+00 0.000000e+00
2862314 1804343 25604.730779 49258.805708 73464.366566 124.314995 175.661377 -52.202187 13.337939 0.000000e+00 0.000000e+00 0.000000e+00
2862320 1804349 25872.664018 49831.559615 73120.144931 93.100403 246.424240 -18.069233 14.892575 0.000000e+00 0.000000e+00 0.000000e+00
2862328 1804357 24629.216974 48611.400257 72854.952725 68.092140 271.057617 -36.579060 13.271028 0.000000e+00 0.000000e+00 0.000000e+00
2862355 1804384 26123.820912 48930.619673 73817.921032 -11.900265 196.639618 -111.829559 15.993070 0.000000e+00 0.000000e+00 0.000000e+00
2905871 1851902 25543.909246 48133.949973 72224.664862 39.439503 195.807877 12.998938 16.185421 0.000000e+00 0.000000e+00 0.000000e+00
2928258 1876594 26314.466997 49943.858754 72385.869806 7.733484 233.289658 -56.861816 14.503588 0.000000e+00 0.000000e+00 0.000000e+00
2951407 1902181 26519.079035 47982.926802 73548.861417 -22.754227 227.967896 -117.208878 11.134575 0.000000e+00 0.000000e+00 0.000000e+00
2951408 1902182 26480.934837 49240.439675 72048.378684 25.799601 222.690277 -64.370377 13.743359 0.000000e+00 0.000000e+00 0.000000e+00
2975272 1928631 25609.918768 49793.806596 73168.218439 181.999619 122.846535 -8.907423 9.028946 0.000000e+00 0.000000e+00 0.000000e+00
2975277 1928636 25564.000910 49227.539062 73344.221635 29.184309 296.293518 -18.018969 14.379993 0.000000e+00 0.000000e+00 0.000000e+00
2999351 1955361 25274.530584 49639.376554 72752.158425 136.822021 250.469635 43.328602 13.524830 0.000000e+00 0.000000e+00 0.000000e+00
2999352 1955362 25401.098078 51184.120872 72458.790172 76.201767 212.015411 13.733456 14.320378 0.000000e+00 0.000000e+00 0.000000e+00
3024153 1983008 25216.258656 49407.071200 74199.862393 119.290047 183.069016 -3.935515 12.764657 0.000000e+00 0.000000e+00 0.000000e+00
3024162 1983017 26053.020131 50020.280318 72574.590510 -5.574597 230.934753 -54.305897 11.306548 0.000000e+00 0.000000e+00 0.000000e+00
3049718 2011549 25840.115634 50712.990501 73032.320890 88.888206 168.451569 -2.611786 11.695314 0.000000e+00 0.000000e+00 0.000000e+00
3049727 2011558 24655.728427 49997.436523 73344.454679 182.998795 194.758118 65.206429 13.166681 0.000000e+00 0.000000e+00 0.000000e+00
3049733 2011564 24637.673118 50404.990456 73667.069869 171.384338 192.001266 52.280945 11.591484 0.000000e+00 0.000000e+00 0.000000e+00
3049737 2011568 25368.691184 47420.110529 72896.168102 87.525734 255.933502 -46.793278 16.697796 0.000000e+00 0.000000e+00 0.000000e+00
3076369 2041279 25763.266824 50202.808727 73215.515137 75.238075 196.794556 9.879797 14.336500 0.000000e+00 0.000000e+00 0.000000e+00
3076370 2041280 24368.849321 48657.387473 74637.268066 137.878494 182.144882 97.463684 14.861831 0.000000e+00 0.000000e+00 0.000000e+00
3076383 2041293 25318.917014 49135.708896 72609.175249 124.563042 250.495712 10.368803 14.949944 0.000000e+00 0.000000e+00 0.000000e+00
3076384 2041294 25835.504705 50537.536621 73761.801980 -15.238317 242.436310 -112.946625 12.346042 0.000000e+00 0.000000e+00 0.000000e+00
3103351 2071645 25345.151034 49773.004705 73258.722479 28.327398 153.581192 44.053947 14.260551 0.000000e+00 0.000000e+00 0.000000e+00
3103352 2071646 25090.653853 49916.270863 72931.069114 161.050613 186.463867 62.479176 16.125635 0.000000e+00 0.000000e+00 0.000000e+00
3131691 2103454 24971.357866 50065.324263 74081.026944 131.762238 191.339081 8.247596 11.312123 0.000000e+00 0.000000e+00 0.000000e+00
3160560 2135957 25478.460138 49940.118963 73220.930620 224.405792 150.430099 13.441878 11.926723 0.000000e+00 0.000000e+00 0.000000e+00
3160571 2135968 25134.724010 50705.632990 74225.957697 101.346085 209.029800 6.650030 9.618604 0.000000e+00 0.000000e+00 0.000000e+00
3190324 2169651 25394.539573 50561.734286 73845.852939 -16.606138 244.000198 -112.646324 13.457515 0.000000e+00 0.000000e+00 0.000000e+00
3220915 2204392 24651.824951 50188.787287 74582.513983 85.940590 206.116714 3.144850 11.175022 0.000000e+00 0.000000e+00 0.000000e+00
3220916 2204393 24354.020552 48473.788175 74638.688521 55.226055 122.630455 7.161227 18.019032 0.000000e+00 0.000000e+00 0.000000e+00
3220930 2204407 25533.056086 47543.762207 73928.943981 -7.054375 206.693558 -72.593735 11.762468 0.000000e+00 0.000000e+00 0.000000e+00
3252252 2240176 25955.427690 50916.204279 72950.605913 121.685463 180.290955 5.274445 13.289479 0.000000e+00 0.000000e+00 0.000000e+00
3252270 2240194 25254.574862 50266.113281 73969.260476 140.369888 192.982559 8.689926 10.115898 0.000000e+00 0.000000e+00 0.000000e+00
3252271 2240195 25507.826372 50049.582741 73168.418191 199.486145 123.441566 8.070247 12.897185 0.000000e+00 0.000000e+00 0.000000e+00
3285205 2277864 25134.926536 48646.340110 73296.458851 134.059998 194.634033 -54.818672 11.190371 0.000000e+00 0.000000e+00 0.000000e+00
3285222 2277881 25569.141735 49821.216930 72778.680975 -45.136364 241.968933 -41.326244 11.978493 0.000000e+00 0.000000e+00 0.000000e+00
3285276 2277936 25846.085982 47933.432839 74352.350408 -19.803846 193.751282 -99.741188 11.003236 0.000000e+00 0.000000e+00 0.000000e+00
3318835 2316485 23584.539240 49181.657271 72214.915882 163.975876 201.014526 71.966087 9.716077 0.000000e+00 0.000000e+00 0.000000e+00
3318848 2316498 25611.516779 49992.631392 73062.733043 54.749714 178.174957 105.123039 11.030426 0.000000e+00 0.000000e+00 0.000000e+00
3318849 2316499 25807.217685 50091.996626 73321.832830 95.739761 178.608582 4.141831 14.389951 0.000000e+00 0.000000e+00 0.000000e+00
3318855 2316505 25257.154985 50890.020197 74008.883390 4.520587 250.599106 -69.682625 10.103309 0.000000e+00 0.000000e+00 0.000000e+00
3353781 2356685 25342.726274 51129.178134 73740.761497 143.880188 201.255356 18.257067 10.752841 0.000000e+00 0.000000e+00 0.000000e+00
3353791 2356695 25270.640980 49895.274769 73219.021884 228.823334 172.524979 40.337490 12.069268 0.000000e+00 0.000000e+00 0.000000e+00
3353796 2356700 25535.694469 49381.159002 73406.544078 162.966812 180.607758 -34.655342 9.903537 0.000000e+00 0.000000e+00 0.000000e+00
3353797 2356701 25446.971547 49426.896529 73796.170321 132.518921 180.652145 -29.192619 9.283216 0.000000e+00 0.000000e+00 0.000000e+00
3353799 2356703 25247.849898 49408.824574 73082.541726 17.881655 260.715851 -46.448563 12.299292 0.000000e+00 0.000000e+00 0.000000e+00
3389623 2398232 25741.130482 50685.297186 73151.783336 104.648994 174.792831 -39.497089 11.867277 0.000000e+00 0.000000e+00 0.000000e+00
3389633 2398242 24854.986017 49983.004483 73320.162686 197.917877 197.499130 65.095154 13.447754 0.000000e+00 0.000000e+00 0.000000e+00
3389644 2398253 23822.981401 49242.908825 74232.094505 146.612747 185.712906 76.454323 10.047802 0.000000e+00 0.000000e+00 0.000000e+00
3389652 2398261 25092.360063 48719.715465 73341.425115 120.854134 172.234314 -65.980194 8.729898 0.000000e+00 0.000000e+00 0.000000e+00
3389655 2398264 25506.580700 49953.885165 72610.429244 42.435986 187.299149 17.657642 14.107453 0.000000e+00 0.000000e+00 0.000000e+00
3389658 2398267 25064.580744 49997.508656 73147.594105 136.493820 217.735550 50.948666 13.117032 0.000000e+00 0.000000e+00 0.000000e+00
3389660 2398269 25097.697865 49012.290261 72681.546298 144.171539 251.038651 -16.576410 12.572186 0.000000e+00 0.000000e+00 0.000000e+00
3389663 2398272 24998.765425 50078.924006 72484.674627 97.538422 142.339172 1.857287 13.348566 0.000000e+00 0.000000e+00 0.000000e+00
3426627 2441141 25606.553511 49581.149015 73478.116122 34.364063 208.696732 -17.363846 14.651466 0.000000e+00 0.000000e+00 0.000000e+00
3426672 2441192 26454.378995 50560.474743 73552.806507 -11.604439 243.902664 -107.908310 13.269953 0.000000e+00 0.000000e+00 0.000000e+00
3465003 2485736 24249.980580 50550.459428 74185.385964 126.791206 193.919357 67.663742 12.364513 0.000000e+00 0.000000e+00 0.000000e+00
3465023 2485756 25261.602228 49792.763450 72761.990634 110.946091 174.525314 -73.653015 15.013809 0.000000e+00 0.000000e+00 0.000000e+00
3465024 2485758 25618.990811 50963.628596 72796.370073 77.552444 196.994919 24.927919 12.667563 0.000000e+00 0.000000e+00 0.000000e+00
3504845 2532267 24778.192694 48621.176980 74686.811967 121.899239 199.257690 59.474083 11.255662 0.000000e+00 0.000000e+00 0.000000e+00
3504855 2532278 25399.957830 49887.279164 73359.652433 36.727699 190.877228 -23.976780 12.750798 0.000000e+00 0.000000e+00 0.000000e+00
3504856 2532279 25315.368652 49322.509766 73829.623136 111.490921 177.755997 -41.296444 14.673491 0.000000e+00 0.000000e+00 0.000000e+00
3504861 2532284 25076.133034 50080.200195 72585.427024 105.912140 141.909149 17.888700 12.900084 0.000000e+00 0.000000e+00 0.000000e+00
3545950 2580501 25466.527765 49299.027876 73477.644487 176.536804 174.812103 -20.310787 12.784876 0.000000e+00 0.000000e+00 0.000000e+00
3545959 2580510 25250.707453 49804.804022 73161.843040 28.472507 154.291031 -22.919674 11.018265 0.000000e+00 0.000000e+00 0.000000e+00
3545960 2580511 25466.283625 47622.131348 72661.848588 86.474464 302.300385 42.456909 12.346922 0.000000e+00 0.000000e+00 0.000000e+00
3545964 2580515 26160.258900 50623.540705 73745.938388 -9.162262 247.546600 -84.204018 9.322107 0.000000e+00 0.000000e+00 0.000000e+00
3588678 2630864 23977.941340 49823.808150 73454.190341 171.618240 200.648697 73.251694 12.258492 0.000000e+00 0.000000e+00 0.000000e+00
3588714 2630901 25957.935680 50088.656339 72659.656871 -12.716855 227.594711 -51.533802 12.211235 0.000000e+00 0.000000e+00 0.000000e+00
3588715 2630902 25342.459939 49000.993208 74250.271884 -20.699451 213.257385 -97.788551 9.985079 0.000000e+00 0.000000e+00 0.000000e+00
3632836 2683115 25037.309126 48857.116699 72054.193670 171.897308 214.312302 73.225449 13.255774 0.000000e+00 0.000000e+00 0.000000e+00
3632837 2683116 26342.615301 50688.093706 72727.555708 141.110764 186.764008 29.344524 9.823706 0.000000e+00 0.000000e+00 0.000000e+00
3632859 2683138 25603.263161 47468.783292 72926.219593 37.849407 264.076416 -6.265469 13.143626 0.000000e+00 0.000000e+00 0.000000e+00
3632873 2683152 24849.348588 51010.969682 74031.904741 -26.034008 256.703735 -93.575264 10.323482 0.000000e+00 0.000000e+00 0.000000e+00
3632940 2683221 26302.923029 49826.105291 73731.428667 -17.531691 225.349777 -107.414314 10.490632 0.000000e+00 0.000000e+00 0.000000e+00
3678987 2738108 24710.923628 50242.620295 74669.938521 106.547485 199.474472 15.907450 11.716015 0.000000e+00 0.000000e+00 0.000000e+00
3679004 2738125 25119.628906 48493.563565 73380.443226 93.814423 237.839798 -72.388191 15.036609 0.000000e+00 0.000000e+00 0.000000e+00
3679016 2738137 24070.592707 49173.140092 74550.098766 -33.218201 199.661697 -99.458961 11.792075 0.000000e+00 0.000000e+00 0.000000e+00
3679090 2738218 26394.162265 49625.993208 73731.045810 -12.091572 219.183762 -108.853310 12.683347 0.000000e+00 0.000000e+00 0.000000e+00
3726702 2795206 25226.595792 51061.123935 72715.209961 90.633530 189.452850 -0.889911 17.253325 0.000000e+00 0.000000e+00 0.000000e+00
3726711 2795215 25085.787686 48912.309126 72600.019975 135.303604 237.100464 -36.736683 11.818794 0.000000e+00 0.000000e+00 0.000000e+00
3726714 2795218 25174.996116 51158.419522 72711.969549 98.215851 199.984253 -31.003040 12.858512 0.000000e+00 0.000000e+00 0.000000e+00
3726788 2795298 26854.708585 48249.861284 73588.401101 -11.630737 209.400345 -98.995537 11.184310 0.000000e+00 0.000000e+00 0.000000e+00
3776255 2854936 25199.199330 49568.520286 73426.241788 214.126068 183.166199 17.901470 9.358438 0.000000e+00 0.000000e+00 0.000000e+00
3776256 2854937 25875.244141 49915.077903 72918.429288 134.259628 206.674545 8.335642 11.746308 0.000000e+00 0.000000e+00 0.000000e+00
3776266 2854948 25297.504772 49834.911000 73139.831543 -16.864294 205.383240 31.834984 6.465014 0.000000e+00 0.000000e+00 0.000000e+00
3828298 2917809 23804.213090 49440.002441 72791.520552 169.466858 207.138840 79.385010 10.170348 0.000000e+00 0.000000e+00 0.000000e+00
3828299 2917810 24568.864302 48842.851119 74356.772683 154.740952 189.308960 71.614693 9.820811 0.000000e+00 0.000000e+00 0.000000e+00
3881631 2982710 24391.548850 50302.146218 74411.437988 137.113464 200.397217 38.371777 8.656040 0.000000e+00 0.000000e+00 0.000000e+00
3881645 2982726 25378.964511 49277.898615 73556.790439 182.872742 175.544601 -17.978384 6.403134 0.000000e+00 0.000000e+00 0.000000e+00
3881664 2982745 25200.888894 49799.560547 73212.463379 27.576191 166.264420 -3.670299 7.442834 0.000000e+00 0.000000e+00 0.000000e+00
3881665 2982746 25270.177668 48772.449840 73020.030629 103.654938 313.078491 7.633891 14.536286 0.000000e+00 0.000000e+00 0.000000e+00
3881666 2982747 24939.661199 50501.980868 73572.465376 102.528252 191.807007 -18.423599 10.730886 0.000000e+00 0.000000e+00 0.000000e+00
3881667 2982748 25268.784956 49373.474121 72986.078436 154.414963 270.477783 65.042839 10.898335 0.000000e+00 0.000000e+00 0.000000e+00
3881669 2982750 25803.827459 48736.139471 71892.622514 45.927902 207.282791 -5.739874 10.940197 0.000000e+00 0.000000e+00 0.000000e+00
3881672 2982753 24845.375755 47671.719638 73465.881348 90.903877 242.717606 -1.130263 12.678097 0.000000e+00 0.000000e+00 0.000000e+00
3937855 3051523 25265.874689 50722.456499 73969.843084 114.983406 198.240540 1.956698 11.196599 0.000000e+00 0.000000e+00 0.000000e+00
3937870 3051540 25414.969704 49590.981223 73378.540039 78.383514 155.551620 97.486557 10.038858 0.000000e+00 0.000000e+00 0.000000e+00
3937894 3051567 25313.862194 49968.389338 73025.457209 155.720428 167.221237 -0.889548 9.810711 0.000000e+00 0.000000e+00 0.000000e+00
3937909 3051583 23794.455788 49516.701438 74394.320401 54.100307 183.736343 3.666542 7.956179 0.000000e+00 0.000000e+00 0.000000e+00
3937911 3051585 25101.199063 50083.379572 74312.011719 -19.772566 239.710175 -85.473717 8.957871 0.000000e+00 0.000000e+00 0.000000e+00
3996410 3123749 26019.042969 50019.370339 73021.833940 106.900932 203.395248 -5.137438 6.124710 0.000000e+00 0.000000e+00 0.000000e+00
3996439 3123779 25843.952526 49609.080922 73450.500488 103.939735 231.412399 8.651303 11.977504 0.000000e+00 0.000000e+00 0.000000e+00
3996452 3123792 25526.627974 50451.121937 73417.979847 144.090347 163.751556 -10.057974 11.513548 0.000000e+00 0.000000e+00 0.000000e+00
3996462 3123802 24126.867121 48240.639426 74009.970925 150.679993 212.799698 89.053757 8.728317 0.000000e+00 0.000000e+00 0.000000e+00
3996472 3123812 25170.476740 50463.928223 73018.171831 89.100540 156.940277 26.831785 12.130264 0.000000e+00 0.000000e+00 0.000000e+00
4057810 3199996 25865.112305 49826.565829 72977.183949 62.415787 190.095581 22.010601 12.840599 0.000000e+00 0.000000e+00 0.000000e+00
4057867 3200055 24266.357422 49269.786488 74468.389338 77.618835 165.221878 6.110466 12.849010 0.000000e+00 0.000000e+00 0.000000e+00
4057874 3200062 26022.258412 50396.567605 73845.553311 -6.354078 240.228012 -96.949760 10.080312 0.000000e+00 0.000000e+00 0.000000e+00
4121801 3280146 25354.517156 49659.923207 73541.342995 23.261217 225.202805 -24.735491 10.402529 0.000000e+00 0.000000e+00 0.000000e+00
4121809 3280155 26106.081876 49643.194025 71682.594993 64.181877 228.486847 1.297526 10.230597 0.000000e+00 0.000000e+00 0.000000e+00
4121810 3280156 26350.755171 49701.526989 71935.458097 30.033875 229.564606 -45.979324 10.858679 0.000000e+00 0.000000e+00 0.000000e+00
4121811 3280157 25756.153453 49979.625355 72826.998624 98.611412 157.744354 12.709441 12.246137 0.000000e+00 0.000000e+00 0.000000e+00
4121819 3280166 24611.938477 48788.613059 72911.227140 96.736565 251.070099 -51.672344 10.503592 0.000000e+00 0.000000e+00 0.000000e+00
4121820 3280167 26018.532493 50863.247958 73807.939009 -4.923216 249.829651 -91.309822 6.835701 0.000000e+00 0.000000e+00 0.000000e+00
4121915 3280270 25678.633256 50966.275302 73828.901811 -15.007428 248.761124 -99.614037 10.049212 0.000000e+00 0.000000e+00 0.000000e+00
4121924 3280279 27111.993963 49204.101562 73694.563432 -0.024392 229.971527 -106.048157 10.672182 0.000000e+00 0.000000e+00 0.000000e+00
4189031 3364893 24153.761430 49045.032848 74188.648571 156.626129 198.186981 75.142876 11.255850 0.000000e+00 0.000000e+00 0.000000e+00
4189065 3364931 26313.293457 48739.934748 71919.389205 52.847668 204.801102 -15.912677 10.707116 0.000000e+00 0.000000e+00 0.000000e+00
4189079 3364945 25642.178622 48860.079679 74086.997292 -16.204552 219.443420 -99.469231 9.867728 0.000000e+00 0.000000e+00 0.000000e+00
4189082 3364949 26503.498424 50121.765137 72976.029830 -0.449023 240.486359 -79.496475 10.655569 0.000000e+00 0.000000e+00 0.000000e+00
4259400 3453718 23456.481934 49213.428844 72696.777344 165.366043 202.408325 78.316345 9.155170 0.000000e+00 0.000000e+00 0.000000e+00
4259401 3453719 25737.202037 49714.949174 73167.752353 167.631241 219.700027 -25.315149 12.251391 0.000000e+00 0.000000e+00 0.000000e+00
4259411 3453729 25863.442161 50116.948908 73198.747115 142.076218 140.042313 -54.168732 11.054983 0.000000e+00 0.000000e+00 0.000000e+00
4259423 3453741 25044.591730 49208.623713 73097.878196 71.634926 174.322250 48.357388 13.118729 0.000000e+00 0.000000e+00 0.000000e+00
4259435 3453755 25584.883256 49969.010787 73019.919656 48.445435 137.008392 73.211395 9.219720 0.000000e+00 0.000000e+00 0.000000e+00
4259441 3453761 24498.407537 49979.370117 74507.634943 -27.541763 235.368256 -81.190338 12.649110 0.000000e+00 0.000000e+00 0.000000e+00
4259534 3453865 26180.569735 49446.449973 73658.957741 -9.225831 223.481400 -116.945587 12.232661 0.000000e+00 0.000000e+00 0.000000e+00
4333283 3548382 24545.987216 50745.633212 74134.887695 146.915527 189.596542 57.725834 7.898559 0.000000e+00 0.000000e+00 0.000000e+00
4333306 3548408 24593.827681 49623.784846 74718.999689 107.870308 180.938965 26.347780 8.228200 0.000000e+00 0.000000e+00 0.000000e+00
4410683 3648108 26467.845570 49854.886142 71743.796609 101.228607 237.627060 23.953117 11.737266 0.000000e+00 0.000000e+00 0.000000e+00
4410684 3648109 25091.910622 48840.931286 73411.199396 175.534866 236.609375 1.027461 11.513389 0.000000e+00 0.000000e+00 0.000000e+00
4410685 3648110 26013.105913 50119.945179 73117.342862 51.470257 176.095047 55.239395 9.057605 0.000000e+00 0.000000e+00 0.000000e+00
4410690 3648116 25180.833296 50048.783736 73214.089134 91.542374 133.854004 -2.837607 13.580153 0.000000e+00 0.000000e+00 0.000000e+00
4492060 3754056 25961.098411 50208.301891 73112.765225 118.803024 207.224274 37.179436 9.653885 0.000000e+00 0.000000e+00 0.000000e+00
4492090 3754090 24481.872559 49716.624867 72977.683327 181.925766 204.235657 83.747368 10.930006 0.000000e+00 0.000000e+00 0.000000e+00
4492091 3754091 23697.426536 49313.753995 72516.063343 164.896347 202.235916 78.205139 10.388633 0.000000e+00 0.000000e+00 0.000000e+00
4492135 3754137 25898.024126 47994.512385 71779.341264 33.892380 198.718399 -42.696140 7.813799 0.000000e+00 0.000000e+00 0.000000e+00
4492137 3754139 25599.856290 50654.385653 72925.698020 61.404919 171.147263 7.305661 12.444758 0.000000e+00 0.000000e+00 0.000000e+00
4492265 3754281 26016.160445 50931.929155 73745.605469 -8.934013 249.431839 -89.313782 10.051070 0.000000e+00 0.000000e+00 0.000000e+00
4578137 3866750 23638.738459 49034.118652 74101.207386 148.197693 197.684509 96.051064 10.213341 0.000000e+00 0.000000e+00 0.000000e+00
4578187 3866806 26241.660378 50554.593173 72726.212935 116.425369 210.856720 11.432861 9.977061 0.000000e+00 0.000000e+00 0.000000e+00
4578188 3866807 25553.336404 49708.296342 73559.120872 56.743973 175.057251 8.058253 12.972383 0.000000e+00 0.000000e+00 0.000000e+00
4578189 3866808 25811.509566 50194.130637 72621.720748 80.984917 211.831924 71.836372 12.258879 0.000000e+00 0.000000e+00 0.000000e+00
4578190 3866809 25620.311390 50426.630194 73120.849609 74.996178 141.118057 6.692764 10.060071 0.000000e+00 0.000000e+00 0.000000e+00
4668491 3987021 25440.002441 49352.583452 72947.348855 17.916056 264.001801 -20.619686 12.264708 0.000000e+00 0.000000e+00 0.000000e+00
4668549 3987083 24696.441650 49194.962935 74538.158070 90.058807 174.933044 11.639668 11.074504 0.000000e+00 0.000000e+00 0.000000e+00
4668563 3987098 24653.001265 48694.197221 74478.049538 -35.340988 203.315369 -87.132515 9.470737 0.000000e+00 0.000000e+00 0.000000e+00
4668565 3987100 25514.504173 50293.917569 73009.943182 3.917888 193.642075 -88.034676 9.722196 0.000000e+00 0.000000e+00 0.000000e+00
4763181 4115202 24239.196777 49254.017223 72216.502797 170.396957 210.706924 73.092583 7.718003 0.000000e+00 0.000000e+00 0.000000e+00
4763182 4115203 23988.494873 50256.630637 73684.414950 173.498932 202.114090 71.857567 8.083185 0.000000e+00 0.000000e+00 0.000000e+00
4763195 4115217 25523.737127 49440.573952 73518.460360 155.126022 178.327316 -40.157059 11.724520 0.000000e+00 0.000000e+00 0.000000e+00
4763207 4115229 24826.116388 47893.959739 73540.605025 162.635742 224.271545 67.224625 7.289131 0.000000e+00 0.000000e+00 0.000000e+00
4763211 4115233 25635.456432 47375.915527 73350.352894 40.498089 221.253677 3.814561 9.109403 0.000000e+00 0.000000e+00 0.000000e+00
4763227 4115250 25541.681463 49914.756081 72842.102051 86.523453 99.301353 -20.301113 10.990738 0.000000e+00 0.000000e+00 0.000000e+00
4763228 4115251 25653.481223 50391.906738 73152.182839 70.409622 143.101898 4.358912 9.674067 0.000000e+00 0.000000e+00 0.000000e+00
4763229 4115253 25333.845659 50097.173517 72871.659712 48.486214 166.611130 16.274651 7.925900 0.000000e+00 0.000000e+00 0.000000e+00
4763230 4115255 25691.106623 50470.447887 72776.156339 84.284714 151.973938 -45.533947 9.928622 0.000000e+00 0.000000e+00 0.000000e+00
4763232 4115257 25203.502308 50631.103516 72908.896706 82.211731 165.286469 29.496952 8.516894 0.000000e+00 0.000000e+00 0.000000e+00
4863368 4252666 24932.819713 50999.783603 74006.908070 144.698013 192.321686 34.134430 10.312179 0.000000e+00 0.000000e+00 0.000000e+00
4863391 4252691 24983.883944 48621.981534 73228.515625 59.441986 280.030853 -45.679115 10.646879 0.000000e+00 0.000000e+00 0.000000e+00
4863392 4252692 25436.065674 50018.299450 73290.960138 52.884418 173.328476 41.401821 10.246538 0.000000e+00 0.000000e+00 0.000000e+00
4863412 4252712 24662.286932 50038.252397 74441.200950 119.653717 190.615936 20.355770 10.826262 0.000000e+00 0.000000e+00 0.000000e+00
4863446 4252747 25240.611683 48788.352273 73073.170055 185.840546 280.302063 3.658946 10.560190 0.000000e+00 0.000000e+00 0.000000e+00
4863452 4252753 25510.550759 49650.862260 72828.757546 36.148819 139.046677 22.933014 11.409651 0.000000e+00 0.000000e+00 0.000000e+00
