40.926764 268.384053	3.38e-01  8.43e-01  3.19e+05	-0.0000 51.1646 0.9918	
40.926764 268.384053	3.46e-01  8.48e-01  3.17e+05	2.5532 52.8762 0.8014	
40.926764 268.384053	5.74e-01  8.05e-01  2.93e+05	7.0492 70.6686 0.3371	
40.926764 268.384053	6.14e-01  7.35e-01  2.96e+05	-7.7456 68.0447 0.1231	
40.926764 268.384053	5.08e-01  8.74e-01  2.92e+05	27.3055 65.7672 0.0500	
40.926764 268.384053	5.55e-01  8.94e-01  2.84e+05	30.1996 69.9300 0.2228	
40.926764 268.384053	4.29e-01  8.92e-01  3.00e+05	24.4727 61.4664 0.8875	
40.926764 268.384053	4.74e-01  7.12e-01  3.18e+05	10.8831 50.7219 0.3358	
40.926764 268.384053	6.86e-01  8.31e-01  2.76e+05	-24.7318 76.7606 0.6726	
40.926764 268.384053	6.29e-01  7.76e-01  2.89e+05	11.3447 72.0933 0.0938	
40.926764 268.384053	3.76e-01  8.32e-01  3.15e+05	-11.6104 53.3375 0.6391	
40.926764 268.384053	5.21e-01  7.68e-01  3.04e+05	-15.6223 61.2076 0.7701	
40.926764 268.384053	6.23e-01  9.18e-01  2.74e+05	50.9470 64.3183 0.8262	
40.926764 268.384053	6.13e-01  7.53e-01  2.94e+05	-7.8311 69.4701 0.0284	
40.926764 268.384053	6.16e-01  7.63e-01  2.93e+05	-28.8588 64.8917 0.4867	
40.926764 268.384053	5.51e-01  9.54e-01  2.78e+05	19.5475 77.4514 0.8445	
40.926764 268.384053	5.05e-01  6.42e-01  3.24e+05	11.7277 44.8968 0.6794	
40.926764 268.384053	5.43e-01  7.64e-01  3.02e+05	-2.0001 64.7933 0.9473	
40.926764 268.384053	5.95e-01  9.14e-01  2.77e+05	-8.7592 79.6212 0.8837	
40.926764 268.384053	5.56e-01  6.67e-01  3.13e+05	4.8753 56.0992 0.0362	
40.926764 268.384053	6.33e-01  8.37e-01  2.82e+05	-2.2190 77.5676 0.1279	
40.926764 268.384053	4.96e-01  8.13e-01  3.02e+05	-23.8003 60.5106 0.2217	
40.926764 268.384053	7.04e-01  7.35e-01  2.85e+05	36.5027 66.0014 0.8715	
40.926764 268.384053	2.88e-01  7.86e-01  3.36e+05	0.4139 33.6521 0.9140	
40.926764 268.384053	3.78e-01  8.89e-01  3.07e+05	-25.8413 55.3018 0.3645	
40.926764 268.384053	6.34e-01  6.94e-01  2.99e+05	-9.8574 66.0203 0.9680	
40.926764 268.384053	5.46e-01  7.50e-01  3.03e+05	17.2224 61.5875 0.9067	
40.926764 268.384053	7.10e-01  8.74e-01  2.69e+05	-6.7254 84.2971 0.8194	
40.926764 268.384053	4.00e-01  9.40e-01  2.97e+05	-4.7183 67.6337 0.3509	
40.926764 268.384053	6.42e-01  7.54e-01  2.91e+05	-15.0342 70.7062 0.9954	
40.926764 268.384053	3.55e-01  7.31e-01  3.34e+05	-12.8823 33.8882 0.3373	
40.926764 268.384053	5.21e-01  7.20e-01  3.11e+05	-5.2257 58.1026 0.4074	
40.926764 268.384053	5.77e-01  8.73e-01  2.84e+05	-19.5413 73.6848 0.5127	
40.926764 268.384053	6.46e-01  6.83e-01  2.99e+05	-9.2831 66.2672 0.1641	
40.926764 268.384053	5.56e-01  7.10e-01  3.07e+05	25.5197 55.3062 0.1728	
40.926764 268.384053	3.18e-01  8.74e-01  3.18e+05	-5.4889 52.3570 0.5919	
40.926764 268.384053	4.04e-01  7.97e-01  3.16e+05	19.7026 49.9261 0.9527	
40.926764 268.384053	5.96e-01  8.69e-01  2.82e+05	14.5535 75.8732 0.1588	
40.926764 268.384053	6.32e-01  7.14e-01  2.97e+05	-8.0748 67.8051 0.4347	
40.926764 268.384053	4.68e-01  7.34e-01  3.16e+05	20.4055 49.8043 0.4750	
40.926764 268.384053	3.64e-01  7.36e-01  3.32e+05	-11.8414 36.9117 0.9747	
40.926764 268.384053	3.09e-01  8.71e-01  3.19e+05	-9.4261 50.2877 0.1028	
40.926764 268.384053	5.68e-01  7.10e-01  3.06e+05	17.6158 59.5678 0.2948	
40.926764 268.384053	6.15e-01  7.33e-01  2.96e+05	-21.7135 64.9486 0.4456	
40.926764 268.384053	4.15e-01  8.34e-01  3.10e+05	40.4877 43.1265 0.7158	
40.926764 268.384053	4.51e-01  7.90e-01  3.11e+05	-4.7021 58.1702 0.6326	
40.926764 268.384053	3.98e-01  8.25e-01  3.13e+05	-37.1855 42.2445 0.9193	
40.926764 268.384053	4.50e-01  8.75e-01  2.99e+05	22.1321 62.7187 0.8246	
40.926764 268.384053	4.95e-01  8.27e-01  3.00e+05	5.5345 65.9887 0.3537	
40.926764 268.384053	6.51e-01  7.42e-01  2.91e+05	28.8326 66.1043 0.5162	
40.926764 268.384053	5.15e-01  9.26e-01  2.85e+05	14.9200 74.1584 0.3471	
40.926764 268.384053	6.38e-01  9.15e-01  2.73e+05	12.6035 81.8012 0.3800	
40.926764 268.384053	5.90e-01  8.87e-01  2.81e+05	-12.2930 77.0697 0.5319	
40.926764 268.384053	5.75e-01  8.46e-01  2.88e+05	-10.9606 73.3248 0.0143	
40.926764 268.384053	4.43e-01  7.88e-01  3.12e+05	-9.6533 56.3210 0.5094	
40.926764 268.384053	5.17e-01  5.94e-01  3.30e+05	-14.6711 38.0711 0.8460	
40.926764 268.384053	7.66e-01  8.27e-01  2.68e+05	5.5777 84.8951 0.7677	
40.926764 268.384053	2.37e-01  8.01e-01  3.42e+05	9.2649 22.1967 0.2654	
40.926764 268.384053	3.86e-01  9.38e-01  2.99e+05	-14.2443 64.8934 0.0397	
40.926764 268.384053	6.46e-01  9.65e-01  2.67e+05	-4.2820 85.9538 0.5927	
40.926764 268.384053	5.36e-01  7.66e-01  3.02e+05	5.7430 64.1746 0.0753	
40.926764 268.384053	7.40e-01  7.83e-01  2.76e+05	-6.7786 80.6545 0.1007	
40.926764 268.384053	5.76e-01  8.42e-01  2.88e+05	-11.0819 73.1027 0.1697	
40.926764 268.384053	6.69e-01  8.44e-01  2.77e+05	46.8373 65.2388 0.3556	
40.926764 268.384053	7.57e-01  8.54e-01  2.67e+05	8.0082 85.6712 0.2070	
40.926764 268.384053	4.89e-01  7.79e-01  3.07e+05	-9.0037 60.4473 0.1010	
40.926764 268.384053	5.67e-01  8.55e-01  2.87e+05	-0.8450 74.2329 0.7983	
40.926764 268.384053	2.84e-01  7.84e-01  3.37e+05	-3.5034 32.1925 0.4182	
40.926764 268.384053	3.02e-01  8.66e-01  3.21e+05	8.2605 48.8425 0.5956	
40.926764 268.384053	6.06e-01  8.95e-01  2.78e+05	37.6091 70.1761 0.3448	
40.926764 268.384053	5.25e-01  9.29e-01  2.84e+05	7.7048 76.1295 0.6015	
40.926764 268.384053	5.22e-01  7.27e-01  3.09e+05	26.6178 52.8968 0.2136	
40.926764 268.384053	5.11e-01  7.57e-01  3.07e+05	-39.3270 46.7474 0.2639	
40.926764 268.384053	6.86e-01  8.36e-01  2.76e+05	21.1292 78.0807 0.8825	
40.926764 268.384053	6.68e-01  8.89e-01  2.72e+05	-24.1889 79.3659 0.1683	
40.926764 268.384053	4.20e-01  9.61e-01  2.92e+05	-32.8825 63.1224 0.6940	
40.926764 268.384053	6.71e-01  9.12e-01  2.70e+05	-6.6695 84.2269 0.4972	
40.926764 268.384053	4.75e-01  6.75e-01  3.24e+05	-9.4002 46.0406 0.0069	
40.926764 268.384053	5.54e-01  8.37e-01  2.91e+05	-1.8982 71.8965 0.2937	
40.926764 268.384053	6.66e-01  9.45e-01  2.67e+05	4.4620 85.9444 0.7451	
40.926764 268.384053	6.09e-01  8.48e-01  2.83e+05	32.3450 69.5555 0.5394	
40.926764 268.384053	3.73e-01  8.36e-01  3.15e+05	-16.2843 52.2137 0.4732	
40.926764 268.384053	5.13e-01  7.34e-01  3.10e+05	-2.4946 58.8857 0.3656	
40.926764 268.384053	3.24e-01  8.21e-01  3.24e+05	-15.2685 43.6765 0.1257	
40.926764 268.384053	6.09e-01  7.55e-01  2.94e+05	-5.4721 69.5728 0.9021	
40.926764 268.384053	4.66e-01  6.85e-01  3.24e+05	-30.5240 35.9385 0.0596	
40.926764 268.384053	5.87e-01  8.11e-01  2.90e+05	26.2499 67.4822 0.9215	
40.926764 268.384053	6.03e-01  9.39e-01  2.74e+05	-28.3521 77.1165 0.4233	
40.926764 268.384053	5.36e-01  8.13e-01  2.96e+05	-26.2957 63.2765 0.7250	
40.926764 268.384053	5.74e-01  7.33e-01  3.02e+05	-27.7191 58.7331 0.6785	
40.926764 268.384053	6.70e-01  9.33e-01  2.67e+05	13.5542 84.4936 0.3702	
40.926764 268.384053	4.18e-01  6.82e-01  3.31e+05	-6.8512 38.2840 0.6882	
40.926764 268.384053	3.29e-01  8.81e-01  3.15e+05	-4.7889 54.6017 0.4825	
40.926764 268.384053	4.09e-01  9.53e-01  2.95e+05	-12.3211 68.5271 0.7592	
40.926764 268.384053	3.73e-01  9.24e-01  3.03e+05	-12.3710 62.7565 0.0434	
40.926764 268.384053	5.65e-01  8.49e-01  2.88e+05	-17.5725 71.5864 0.7186	
40.926764 268.384053	5.10e-01  7.81e-01  3.04e+05	-4.7438 63.2205 0.7182	
40.926764 268.384053	3.51e-01  8.04e-01  3.23e+05	17.5645 44.3092 0.3156	
40.926764 268.384053	5.57e-01  8.45e-01  2.90e+05	-31.9614 65.3911 0.4880	
40.926764 268.384053	5.18e-01  9.90e-01  2.78e+05	-4.6130 79.8990 0.6539	
40.926764 268.384053	6.26e-01  8.32e-01  2.83e+05	27.6028 71.6653 0.4640	
40.926764 268.384053	4.59e-01  8.76e-01  2.98e+05	18.2169 64.8360 0.4468	
40.926764 268.384053	5.62e-01  6.35e-01  3.17e+05	8.0022 52.5520 0.8124	
40.926764 268.384053	6.28e-01  8.23e-01  2.84e+05	5.1475 76.1848 0.4168	
40.926764 268.384053	5.60e-01  6.42e-01  3.16e+05	-4.5228 53.6739 0.3183	
40.926764 268.384053	6.71e-01  8.18e-01  2.80e+05	-1.3341 78.8135 0.7476	
40.926764 268.384053	4.35e-01  8.23e-01  3.08e+05	-7.0622 59.6705 0.3705	
40.926764 268.384053	5.57e-01  7.23e-01  3.05e+05	-11.8560 61.2052 0.5044	
40.926764 268.384053	5.88e-01  7.21e-01  3.01e+05	25.7077 59.7772 0.4144	
40.926764 268.384053	5.29e-01  6.62e-01  3.18e+05	22.4886 47.3388 0.7307	
40.926764 268.384053	5.99e-01  9.19e-01  2.76e+05	-36.8220 71.8032 0.5814	
40.926764 268.384053	4.56e-01  6.06e-01  3.38e+05	0.8941 30.7714 0.1176	
40.926764 268.384053	5.95e-01  8.52e-01  2.84e+05	30.5556 69.6401 0.8539	
40.926764 268.384053	4.73e-01  7.79e-01  3.09e+05	-12.5004 58.1243 0.2105	
40.926764 268.384053	6.47e-01  8.36e-01  2.80e+05	-22.2399 75.2825 0.5187	
40.926764 268.384053	4.76e-01  7.75e-01  3.09e+05	-11.4367 58.2831 0.4383	
40.926764 268.384053	5.61e-01  8.72e-01  2.86e+05	-45.6982 59.5595 0.1165	
40.926764 268.384053	6.11e-01  8.37e-01  2.84e+05	10.1191 75.4035 0.7094	
40.926764 268.384053	5.74e-01  6.60e-01  3.12e+05	-19.6717 54.0908 0.2063	
40.926764 268.384053	5.63e-01  7.74e-01  2.98e+05	-1.9500 67.4604 0.1428	
40.926764 268.384053	5.93e-01  6.32e-01  3.13e+05	18.3879 53.3826 0.1106	
40.926764 268.384053	6.00e-01  6.58e-01  3.08e+05	0.1307 60.1542 0.5783	
40.926764 268.384053	5.78e-01  7.89e-01  2.94e+05	22.3869 66.3664 0.9369	
40.926764 268.384053	5.07e-01  9.07e-01  2.88e+05	1.5276 73.6435 0.2258	
40.926764 268.384053	6.41e-01  9.50e-01  2.69e+05	-3.1242 84.8854 0.9317	
40.926764 268.384053	3.37e-01  8.00e-01  3.26e+05	-13.4947 42.8455 0.1180	
40.926764 268.384053	5.52e-01  8.82e-01  2.86e+05	-9.9024 74.4668 0.8458	
40.926764 268.384053	6.27e-01  9.70e-01  2.68e+05	-11.4013 84.5345 0.7975	
40.926764 268.384053	3.95e-01  8.51e-01  3.10e+05	8.8835 58.1894 0.3981	
40.926764 268.384053	3.39e-01  8.66e-01  3.16e+05	-8.1578 53.6252 0.7894	
40.926764 268.384053	5.76e-01  6.71e-01  3.10e+05	5.7025 58.7424 0.8573	
40.926764 268.384053	5.48e-01  7.93e-01  2.97e+05	-6.2847 67.5809 0.2305	
40.926764 268.384053	4.60e-01  9.22e-01  2.92e+05	-2.6444 71.1824 0.1278	
40.926764 268.384053	5.58e-01  6.84e-01  3.10e+05	8.4308 57.8601 0.6174	
40.926764 268.384053	4.97e-01  7.98e-01  3.03e+05	14.2226 62.2026 0.8459	
40.926764 268.384053	5.37e-01  8.17e-01  2.96e+05	-11.1782 68.0898 0.5832	
40.926764 268.384053	4.88e-01  8.43e-01  2.99e+05	8.8829 66.4621 0.8005	
40.926764 268.384053	3.94e-01  8.04e-01  3.17e+05	19.1675 49.7780 0.0596	
40.926764 268.384053	6.98e-01  7.65e-01  2.83e+05	6.1028 76.8737 0.5607	
40.926764 268.384053	4.90e-01  7.04e-01  3.17e+05	12.1466 51.4698 0.3065	
40.926764 268.384053	7.08e-01  9.13e-01  2.66e+05	12.3222 85.6982 0.5840	
40.926764 268.384053	5.30e-01  9.11e-01  2.85e+05	48.4340 57.9916 0.6145	
40.926764 268.384053	5.02e-01  8.46e-01  2.96e+05	16.8540 66.3798 0.6183	
40.926764 268.384053	7.48e-01  7.92e-01  2.74e+05	-51.3744 63.9443 0.8278	
40.926764 268.384053	5.64e-01  6.90e-01  3.09e+05	-17.5090 57.0357 0.4013	
40.926764 268.384053	4.72e-01  8.66e-01  2.98e+05	-9.8596 66.8993 0.0928	
40.926764 268.384053	6.49e-01  7.58e-01  2.89e+05	14.2928 71.7489 0.3584	
40.926764 268.384053	4.35e-01  7.59e-01  3.17e+05	-14.7171 50.7738 0.2807	
40.926764 268.384053	5.52e-01  8.14e-01  2.94e+05	18.7503 67.3778 0.5271	
40.926764 268.384053	7.54e-01  9.02e-01  2.62e+05	-39.5688 79.0517 0.7168	
40.926764 268.384053	5.51e-01  8.88e-01  2.85e+05	1.4337 75.4336 0.3477	
40.926764 268.384053	2.97e-01  8.85e-01  3.19e+05	8.9124 50.6421 0.0955	
40.926764 268.384053	6.23e-01  9.26e-01  2.73e+05	13.3459 81.4922 0.1339	
40.926764 268.384053	4.59e-01  7.53e-01  3.15e+05	-22.5747 50.2821 0.8874	
40.926764 268.384053	6.49e-01  8.87e-01  2.74e+05	-33.7139 74.5595 0.5992	
40.926764 268.384053	4.76e-01  9.49e-01  2.87e+05	19.4780 71.8758 0.2148	
40.926764 268.384053	5.71e-01  9.66e-01  2.74e+05	-7.8842 81.4233 0.1147	
40.926764 268.384053	5.63e-01  6.41e-01  3.16e+05	15.4367 51.9151 0.5553	
40.926764 268.384053	5.18e-01  8.51e-01  2.94e+05	-22.3530 66.5117 0.0392	
40.926764 268.384053	6.78e-01  8.52e-01  2.75e+05	-49.1863 64.8389 0.3991	
40.926764 268.384053	4.83e-01  8.03e-01  3.04e+05	6.4529 62.6334 0.6583	
40.926764 268.384053	6.25e-01  7.61e-01  2.92e+05	41.3367 58.4217 0.0498	
40.926764 268.384053	4.17e-01  8.07e-01  3.13e+05	17.4216 53.7531 0.8004	
40.926764 268.384053	5.34e-01  9.12e-01  2.85e+05	-32.1448 68.7906 0.8029	
40.926764 268.384053	6.62e-01  7.09e-01  2.94e+05	19.3871 67.6717 0.0309	
40.926764 268.384053	5.29e-01  9.68e-01  2.79e+05	15.1019 77.8719 0.6278	
40.926764 268.384053	5.12e-01  7.97e-01  3.01e+05	-10.0858 64.2812 0.7612	
40.926764 268.384053	6.37e-01  6.68e-01  3.02e+05	16.6803 62.5969 0.7984	
40.926764 268.384053	7.68e-01  8.57e-01  2.65e+05	48.0089 72.3097 0.6141	
40.926764 268.384053	5.95e-01  8.12e-01  2.89e+05	-5.2579 72.9376 0.4209	
40.926764 268.384053	5.09e-01  7.07e-01  3.14e+05	15.5573 53.3362 0.4736	
40.926764 268.384053	5.28e-01  8.34e-01  2.95e+05	19.1216 66.9638 0.3257	
40.926764 268.384053	3.84e-01  8.83e-01  3.07e+05	11.9241 59.9030 0.6954	
40.926764 268.384053	4.77e-01  8.25e-01  3.02e+05	28.4234 57.7832 0.5343	
40.926764 268.384053	6.02e-01  8.01e-01  2.90e+05	24.3064 68.6037 0.1183	
40.926764 268.384053	5.41e-01  6.21e-01  3.22e+05	-12.5075 47.0758 0.8380	
40.926764 268.384053	7.69e-01  8.23e-01  2.69e+05	52.7012 66.6998 0.6511	
40.926764 268.384053	3.70e-01  8.95e-01  3.07e+05	3.0609 60.7120 0.8978	
40.926764 268.384053	4.10e-01  6.68e-01  3.35e+05	10.2066 32.8648 0.0090	
40.926764 268.384053	3.98e-01  7.92e-01  3.18e+05	10.0170 51.4327 0.2094	
40.926764 268.384053	6.54e-01  7.82e-01  2.86e+05	39.1123 64.2382 0.4401	
40.926764 268.384053	4.96e-01  8.17e-01  3.01e+05	-11.6538 64.3934 0.8944	
40.926764 268.384053	3.34e-01  7.87e-01  3.28e+05	11.6548 40.9012 0.4671	
40.926764 268.384053	4.54e-01  6.88e-01  3.25e+05	10.1979 44.7131 0.7844	
40.926764 268.384053	7.15e-01  8.22e-01  2.74e+05	-17.1545 80.0401 0.8780	
40.926764 268.384053	4.04e-01  9.13e-01  3.00e+05	3.0251 65.7146 0.6370	
40.926764 268.384053	6.49e-01  8.30e-01  2.81e+05	11.8976 77.2772 0.5004	
40.926764 268.384053	7.50e-01  8.45e-01  2.68e+05	-19.4994 82.9116 0.1896	
40.926764 268.384053	4.24e-01  8.40e-01  3.07e+05	-3.9492 60.6195 0.8737	
40.926764 268.384053	4.88e-01  7.28e-01  3.14e+05	-11.8080 54.2993 0.2421	
40.926764 268.384053	5.48e-01  7.72e-01  3.00e+05	13.7727 64.6704 0.2826	
40.926764 268.384053	5.24e-01  9.16e-01  2.85e+05	-9.7767 74.8895 0.0176	
40.926764 268.384053	5.55e-01  7.38e-01  3.04e+05	-0.4269 63.5298 0.6840	
40.926764 268.384053	3.63e-01  8.81e-01  3.10e+05	14.8620 56.6881 0.4483	
40.926764 268.384053	6.24e-01  9.80e-01  2.67e+05	19.9685 83.3010 0.4888	
40.926764 268.384053	6.09e-01  7.53e-01  2.95e+05	-3.8677 69.5686 0.6126	
40.926764 268.384053	5.10e-01  6.29e-01  3.25e+05	-3.9013 45.2621 0.1364	
40.926764 268.384053	5.68e-01  7.18e-01  3.05e+05	-10.8807 61.9554 0.4826	
40.926764 268.384053	5.48e-01  8.63e-01  2.89e+05	-38.1946 62.7542 0.9805	
40.926764 268.384053	5.44e-01  8.57e-01  2.90e+05	27.7250 67.1542 0.9189	
40.926764 268.384053	4.43e-01  8.53e-01  3.03e+05	17.6185 61.4042 0.6085	
40.926764 268.384053	4.49e-01  8.16e-01  3.07e+05	-20.2002 57.4271 0.3328	
40.926764 268.384053	5.69e-01  8.84e-01  2.84e+05	-27.7127 71.1785 0.2836	
40.926764 268.384053	6.47e-01  7.88e-01  2.86e+05	20.8768 72.2007 0.1533	
40.926764 268.384053	6.30e-01  9.49e-01  2.70e+05	19.0688 82.1225 0.8756	
40.926764 268.384053	5.65e-01  8.07e-01  2.94e+05	-18.7257 67.8699 0.9135	
40.926764 268.384053	3.87e-01  7.46e-01  3.26e+05	-7.1818 43.8224 0.8380	
40.926764 268.384053	5.24e-01  8.10e-01  2.98e+05	5.8587 66.9720 0.9371	
40.926764 268.384053	4.57e-01  6.53e-01  3.30e+05	-0.2785 40.5340 0.0136	
40.926764 268.384053	6.18e-01  7.40e-01  2.95e+05	-0.4045 69.2739 0.9100	
40.926764 268.384053	6.36e-01  8.18e-01  2.84e+05	3.6888 76.4135 0.7255	
40.926764 268.384053	4.44e-01  8.25e-01  3.07e+05	-34.2351 50.8358 0.8129	
40.926764 268.384053	6.61e-01  9.24e-01  2.69e+05	23.3115 81.3075 0.9899	
40.926764 268.384053	3.59e-01  7.33e-01  3.33e+05	-3.0663 37.3519 0.6343	
40.926764 268.384053	4.82e-01  6.41e-01  3.28e+05	24.0662 35.4491 0.6085	
40.926764 268.384053	4.53e-01  8.55e-01  3.02e+05	-28.4564 58.3303 0.3371	
40.926764 268.384053	6.06e-01  8.40e-01  2.85e+05	4.4367 75.7919 0.5684	
40.926764 268.384053	3.27e-01  7.45e-01  3.36e+05	2.5596 33.0256 0.4782	
40.926764 268.384053	6.67e-01  8.70e-01  2.74e+05	-24.4250 78.1146 0.6064	
40.926764 268.384053	5.98e-01  8.22e-01  2.88e+05	-13.8289 72.8496 0.0546	
40.926764 268.384053	5.45e-01  7.52e-01  3.03e+05	0.8782 64.0019 0.1267	
40.926764 268.384053	4.64e-01  8.15e-01  3.05e+05	5.0803 62.0203 0.6535	
40.926764 268.384053	5.25e-01  9.36e-01  2.83e+05	31.2208 70.3237 0.8596	
40.926764 268.384053	5.17e-01  8.29e-01  2.97e+05	18.9218 65.6084 0.9312	
40.926764 268.384053	5.46e-01  7.50e-01  3.03e+05	11.0669 62.8401 0.3448	
40.926764 268.384053	5.87e-01  7.93e-01  2.92e+05	-6.3801 70.7934 0.4572	
40.926764 268.384053	7.17e-01  9.87e-01  2.57e+05	-9.6006 90.2411 0.7726	
40.926764 268.384053	4.59e-01  7.20e-01  3.19e+05	-0.2287 51.0532 0.4747	
40.926764 268.384053	4.78e-01  9.16e-01  2.91e+05	-13.6697 70.8647 0.8143	
40.926764 268.384053	7.51e-01  7.76e-01  2.76e+05	34.9601 73.2824 0.6311	
40.926764 268.384053	4.19e-01  7.64e-01  3.19e+05	12.7710 49.8684 0.1619	
40.926764 268.384053	7.28e-01  7.58e-01  2.80e+05	-31.8428 71.8924 0.2155	
40.926764 268.384053	6.78e-01  8.90e-01  2.71e+05	20.0059 81.2437 0.2664	
40.926764 268.384053	5.58e-01  7.92e-01  2.96e+05	-12.6914 67.4557 0.2112	
40.926764 268.384053	6.24e-01  7.21e-01  2.97e+05	-31.7906 60.3132 0.4281	
40.926764 268.384053	5.11e-01  8.03e-01  3.01e+05	-5.8595 65.2832 0.2734	
40.926764 268.384053	5.57e-01  8.99e-01  2.83e+05	5.6885 76.4723 0.5943	
40.926764 268.384053	6.02e-01  9.23e-01  2.76e+05	11.7384 80.2945 0.8192	
40.926764 268.384053	4.91e-01  8.23e-01  3.01e+05	-22.0958 61.7273 0.2519	
40.926764 268.384053	6.73e-01  8.94e-01  2.71e+05	21.7482 80.6860 0.7432	
40.926764 268.384053	6.76e-01  7.72e-01  2.84e+05	-0.0042 76.1173 0.4694	
40.926764 268.384053	5.10e-01  7.01e-01  3.15e+05	-23.1750 49.7771 0.9751	
40.926764 268.384053	8.05e-01  9.19e-01  2.56e+05	-34.4924 84.9434 0.8908	
40.926764 268.384053	2.56e-01  9.67e-01  3.13e+05	-2.6912 56.1882 0.0956	
40.926764 268.384053	4.33e-01  8.81e-01  3.01e+05	14.4156 63.9142 0.8163	
40.926764 268.384053	5.67e-01  7.87e-01  2.96e+05	-2.3316 68.9841 0.5662	
40.926764 268.384053	4.93e-01  7.46e-01  3.11e+05	-25.1392 52.3234 0.2955	
40.926764 268.384053	7.35e-01  8.28e-01  2.72e+05	16.9838 81.6219 0.3764	
40.926764 268.384053	4.16e-01  8.49e-01  3.07e+05	-20.7652 57.2168 0.4598	
40.926764 268.384053	2.72e-01  9.25e-01  3.17e+05	25.6072 46.7406 0.4954	
40.926764 268.384053	6.61e-01  7.69e-01  2.86e+05	-7.1540 74.4742 0.2559	
40.926764 268.384053	5.32e-01  6.55e-01  3.18e+05	2.8713 51.9969 0.6433	
40.926764 268.384053	4.23e-01  8.15e-01  3.11e+05	-12.7367 56.5396 0.3875	
40.926764 268.384053	6.02e-01  8.26e-01  2.87e+05	-8.4790 74.2119 0.8415	
40.926764 268.384053	6.83e-01  8.79e-01  2.72e+05	-41.9367 72.0333 0.9982	
40.926764 268.384053	4.33e-01  8.49e-01  3.05e+05	4.0859 62.3696 0.5958	
40.926764 268.384053	5.99e-01  7.24e-01  3.00e+05	-6.8705 65.9866 0.4256	
40.926764 268.384053	3.79e-01  7.83e-01  3.22e+05	2.3270 48.5189 0.4063	
40.926764 268.384053	5.44e-01  8.99e-01  2.85e+05	2.7251 75.6532 0.3384	
40.926764 268.384053	6.05e-01  7.55e-01  2.95e+05	24.3586 65.0762 0.1581	
40.926764 268.384053	4.11e-01  7.77e-01  3.18e+05	28.6922 43.5531 0.9977	
40.926764 268.384053	5.59e-01  8.35e-01  2.91e+05	36.5540 62.2021 0.1060	
40.926764 268.384053	4.58e-01  8.41e-01  3.03e+05	22.5990 60.0051 0.2631	
40.926764 268.384053	6.06e-01  8.62e-01  2.82e+05	18.7219 75.1529 0.4565	
40.926764 268.384053	5.63e-01  9.06e-01  2.82e+05	-36.1140 68.6066 0.1257	
40.926764 268.384053	3.08e-01  9.06e-01  3.14e+05	-13.4110 53.6272 0.4848	
40.926764 268.384053	5.46e-01  8.43e-01  2.91e+05	15.8347 69.9883 0.6389	
40.926764 268.384053	6.25e-01  7.62e-01  2.92e+05	-14.0509 70.2187 0.5317	
40.926764 268.384053	4.50e-01  9.09e-01  2.95e+05	48.0043 50.1017 0.0946	
40.926764 268.384053	3.39e-01  7.92e-01  3.27e+05	13.2176 42.0299 0.5468	
40.926764 268.384053	6.29e-01  8.50e-01  2.81e+05	-31.8900 71.3664 0.8292	
40.926764 268.384053	6.36e-01  9.69e-01  2.67e+05	8.3061 85.3047 0.3611	
40.926764 268.384053	7.05e-01  8.80e-01  2.69e+05	26.9452 80.1971 0.6829	
40.926764 268.384053	6.36e-01  7.86e-01  2.87e+05	6.2197 73.9814 0.9871	
40.926764 268.384053	4.54e-01  7.21e-01  3.20e+05	-1.0037 50.4628 0.9433	
40.926764 268.384053	6.05e-01  8.05e-01  2.89e+05	-28.7891 67.4843 0.5244	
40.926764 268.384053	6.12e-01  8.85e-01  2.79e+05	5.8241 79.1048 0.3201	
40.926764 268.384053	4.66e-01  7.10e-01  3.20e+05	4.5610 50.3810 0.2070	
40.926764 268.384053	5.81e-01  8.28e-01  2.89e+05	5.2034 73.0693 0.0760	
40.926764 268.384053	3.58e-01  7.44e-01  3.31e+05	-6.5320 38.5470 0.7077	
40.926764 268.384053	5.30e-01  6.98e-01  3.12e+05	-34.5737 45.2495 0.8822	
40.926764 268.384053	6.83e-01  8.63e-01  2.73e+05	-26.6295 77.9908 0.1633	
40.926764 268.384053	6.92e-01  8.39e-01  2.75e+05	3.5100 81.3762 0.0058	
40.926764 268.384053	6.66e-01  7.80e-01  2.85e+05	38.6363 65.4393 0.3838	
40.926764 268.384053	4.95e-01  6.85e-01  3.19e+05	13.5621 49.2677 0.2849	
40.926764 268.384053	4.83e-01  6.89e-01  3.21e+05	5.9446 49.6769 0.2438	
40.926764 268.384053	3.67e-01  8.93e-01  3.08e+05	16.6284 57.9909 0.3896	
40.926764 268.384053	3.63e-01  7.41e-01  3.31e+05	-3.0122 39.3544 0.9768	
40.926764 268.384053	6.17e-01  6.67e-01  3.05e+05	-9.0211 62.0474 0.1815	
40.926764 268.384053	4.20e-01  7.58e-01  3.20e+05	-17.7147 47.6546 0.3262	
40.926764 268.384053	6.46e-01  7.67e-01  2.88e+05	-26.7078 68.6109 0.6069	
40.926764 268.384053	6.69e-01  8.28e-01  2.79e+05	25.3315 75.1854 0.6160	
40.926764 268.384053	5.64e-01  8.78e-01  2.85e+05	-12.9960 74.5168 0.0099	
40.926764 268.384053	7.05e-01  8.61e-01  2.71e+05	35.8782 75.4587 0.4348	
40.926764 268.384053	5.68e-01  9.41e-01  2.78e+05	-3.6293 79.9855 0.4239	
40.926764 268.384053	6.60e-01  8.63e-01  2.76e+05	-15.5546 79.5173 0.9229	
40.926764 268.384053	4.31e-01  7.47e-01  3.20e+05	-0.8781 50.9069 0.7970	
40.926764 268.384053	6.36e-01  7.95e-01  2.86e+05	20.3212 72.1367 0.4410	
40.926764 268.384053	4.29e-01  8.40e-01  3.07e+05	23.1760 56.7803 0.3895	
40.926764 268.384053	5.08e-01  9.76e-01  2.80e+05	-10.8570 77.7380 0.6248	
40.926764 268.384053	5.77e-01  8.74e-01  2.84e+05	31.7248 69.4320 0.8875	
40.926764 268.384053	6.37e-01  7.43e-01  2.92e+05	17.3839 68.9045 0.5727	
40.926764 268.384053	5.71e-01  6.99e-01  3.07e+05	19.4360 58.1219 0.9651	
40.926764 268.384053	2.91e-01  8.63e-01  3.23e+05	15.3079 44.9912 0.5182	
40.926764 268.384053	6.63e-01  8.66e-01  2.75e+05	17.2895 79.4803 0.4768	
40.926764 268.384053	4.86e-01  7.10e-01  3.17e+05	2.3785 53.1054 0.3837	
40.926764 268.384053	5.06e-01  7.36e-01  3.11e+05	-14.0087 56.6274 0.6899	
40.926764 268.384053	4.60e-01  8.90e-01  2.96e+05	35.5226 58.7201 0.9441	
40.926764 268.384053	2.87e-01  9.00e-01  3.18e+05	2.5383 51.9308 0.6498	
40.926764 268.384053	6.04e-01  8.76e-01  2.81e+05	44.5358 64.3794 0.8763	
40.926764 268.384053	3.87e-01  9.87e-01  2.93e+05	-0.4542 70.5917 0.1987	
40.926764 268.384053	3.80e-01  9.41e-01  3.00e+05	-3.9174 66.0182 0.1088	
40.926764 268.384053	6.21e-01  6.33e-01  3.09e+05	3.6606 59.6119 0.1989	
40.926764 268.384053	4.29e-01  6.16e-01  3.40e+05	-3.7390 26.1323 0.8202	
40.926764 268.384053	5.16e-01  7.14e-01  3.12e+05	10.3466 56.2047 0.8879	
40.926764 268.384053	5.00e-01  7.02e-01  3.16e+05	3.4500 53.7382 0.6434	
40.926764 268.384053	4.41e-01  8.50e-01  3.04e+05	-35.5641 52.4731 0.7949	
40.926764 268.384053	5.33e-01  8.53e-01  2.92e+05	-3.2558 71.4817 0.9614	
40.926764 268.384053	7.75e-01  9.40e-01  2.56e+05	-50.2117 76.2151 0.0882	
40.926764 268.384053	6.84e-01  9.86e-01  2.61e+05	5.7320 88.8894 0.5609	
40.926764 268.384053	3.89e-01  7.92e-01  3.19e+05	-5.8515 50.8766 0.0349	
40.926764 268.384053	6.23e-01  7.88e-01  2.89e+05	16.9529 71.4496 0.7089	
40.926764 268.384053	5.91e-01  9.16e-01  2.78e+05	-7.4824 79.6970 0.5481	
40.926764 268.384053	4.76e-01  7.77e-01  3.09e+05	-9.2377 58.9063 0.5506	
40.926764 268.384053	4.37e-01  7.47e-01  3.19e+05	-12.3286 50.1393 0.9006	
40.926764 268.384053	3.89e-01  7.02e-01  3.33e+05	15.9031 33.7281 0.0634	
40.926764 268.384053	4.52e-01  8.60e-01  3.01e+05	40.3609 51.3278 0.6996	
40.926764 268.384053	4.50e-01  9.58e-01  2.89e+05	15.5375 71.5498 0.9023	
40.926764 268.384053	6.98e-01  8.36e-01  2.75e+05	11.1809 80.8542 0.1942	
40.926764 268.384053	4.60e-01  8.15e-01  3.06e+05	-22.8027 57.4205 0.1707	
40.926764 268.384053	3.66e-01  8.11e-01  3.20e+05	-0.9366 50.6939 0.7204	
40.926764 268.384053	6.59e-01  8.51e-01  2.77e+05	-13.3731 79.0050 0.7291	
40.926764 268.384053	5.58e-01  9.64e-01  2.76e+05	-28.0783 75.9515 0.6959	
40.926764 268.384053	3.10e-01  9.13e-01  3.13e+05	8.0321 55.8430 0.2025	
40.926764 268.384053	3.69e-01  8.57e-01  3.13e+05	22.4900 51.9585 0.1958	
40.926764 268.384053	6.26e-01  8.70e-01  2.79e+05	-42.0555 67.1832 0.5013	
40.926764 268.384053	4.73e-01  7.93e-01  3.07e+05	-11.7275 59.7366 0.1316	
40.926764 268.384053	6.23e-01  9.29e-01  2.73e+05	-21.6947 79.8331 0.9380	
40.926764 268.384053	7.09e-01  8.48e-01  2.72e+05	-7.3282 82.6757 0.9449	
40.926764 268.384053	5.08e-01  7.50e-01  3.08e+05	-5.5579 59.9423 0.2606	
40.926764 268.384053	2.74e-01  8.63e-01  3.26e+05	-4.7464 44.9045 0.9908	
40.926764 268.384053	3.84e-01  8.03e-01  3.18e+05	-28.5846 43.4457 0.0718	
40.926764 268.384053	5.35e-01  6.78e-01  3.15e+05	-15.8869 52.8802 0.5975	
40.926764 268.384053	6.02e-01  8.97e-01  2.79e+05	18.6435 77.2412 0.1581	
40.926764 268.384053	5.69e-01  6.73e-01  3.10e+05	-23.6617 53.4373 0.8919	
40.926764 268.384053	5.72e-01  6.49e-01  3.13e+05	-18.5170 53.0641 0.3940	
40.926764 268.384053	3.49e-01  7.97e-01  3.24e+05	-6.5387 45.9669 0.5740	
40.926764 268.384053	6.39e-01  8.20e-01  2.83e+05	5.4136 76.6225 0.3002	
40.926764 268.384053	4.74e-01  6.21e-01  3.32e+05	15.3951 34.6337 0.2795	
40.926764 268.384053	4.37e-01  8.84e-01  3.00e+05	34.0736 56.7208 0.0651	
40.926764 268.384053	5.60e-01  9.19e-01  2.81e+05	-5.8192 77.9350 0.9728	
40.926764 268.384053	5.55e-01  7.76e-01  2.99e+05	-9.0130 66.4841 0.1108	
40.926764 268.384053	3.79e-01  7.56e-01  3.26e+05	4.4856 44.5028 0.1321	
40.926764 268.384053	7.77e-01  8.79e-01  2.62e+05	2.0963 88.3874 0.4038	
40.926764 268.384053	5.34e-01  7.95e-01  2.99e+05	-11.2970 65.8740 0.0945	
40.926764 268.384053	4.41e-01  9.14e-01  2.96e+05	5.6974 68.8725 0.1687	
40.926764 268.384053	7.83e-01  9.11e-01  2.58e+05	-6.7430 90.0395 0.4803	
40.926764 268.384053	5.91e-01  7.25e-01  3.01e+05	10.3368 64.8687 0.6688	
40.926764 268.384053	5.61e-01  8.19e-01  2.92e+05	15.2000 69.4175 0.6697	
40.926764 268.384053	4.37e-01  6.59e-01  3.32e+05	3.0006 37.9670 0.5389	
40.926764 268.384053	4.18e-01  8.82e-01  3.03e+05	-19.8806 61.0571 0.8644	
40.926764 268.384053	5.65e-01  6.96e-01  3.08e+05	-21.7210 56.4068 0.9485	
40.926764 268.384053	5.21e-01  8.53e-01  2.93e+05	-3.6244 70.4878 0.5844	
40.926764 268.384053	4.75e-01  8.61e-01  2.98e+05	25.2661 62.5221 0.1379	
40.926764 268.384053	5.46e-01  6.68e-01  3.14e+05	10.8985 54.1661 0.9434	
40.926764 268.384053	6.25e-01  9.65e-01  2.69e+05	45.3900 71.7198 0.8702	
40.926764 268.384053	3.19e-01  8.98e-01  3.14e+05	-26.2850 49.0768 0.0418	
40.926764 268.384053	5.29e-01  7.66e-01  3.03e+05	1.9165 63.6665 0.3861	
40.926764 268.384053	5.55e-01  8.21e-01  2.93e+05	12.3621 69.7195 0.7317	
40.926764 268.384053	5.45e-01  7.20e-01  3.07e+05	2.5425 60.8598 0.5841	
40.926764 268.384053	7.96e-01  8.57e-01  2.62e+05	-24.2977 84.8565 0.7266	
40.926764 268.384053	9.77e-02  9.74e-01  3.36e+05	10.2476 31.5850 0.8667	
40.926764 268.384053	5.13e-01  8.35e-01  2.96e+05	-3.7831 68.3506 0.4399	
40.926764 268.384053	6.59e-01  8.04e-01  2.83e+05	6.5948 76.8776 0.8113	
40.926764 268.384053	5.72e-01  8.47e-01  2.88e+05	-8.5659 73.5616 0.3501	
40.926764 268.384053	5.61e-01  8.48e-01  2.89e+05	-17.0649 71.2459 0.7631	
40.926764 268.384053	3.18e-01  8.38e-01  3.23e+05	14.8456 45.3898 0.4234	
40.926764 268.384053	6.33e-01  7.25e-01  2.95e+05	-23.8728 65.0752 0.4595	
40.926764 268.384053	4.07e-01  8.14e-01  3.13e+05	20.9053 52.1327 0.7974	
40.926764 268.384053	7.05e-01  8.06e-01  2.77e+05	-27.7346 75.2691 0.0686	
40.926764 268.384053	4.21e-01  8.30e-01  3.09e+05	18.6196 56.3229 0.2328	
40.926764 268.384053	6.03e-01  8.19e-01  2.87e+05	-22.2408 70.8516 0.3464	
40.926764 268.384053	2.89e-01  8.22e-01  3.30e+05	21.5953 34.4997 0.8958	
40.926764 268.384053	6.24e-01  7.45e-01  2.94e+05	23.3931 66.2258 0.2110	
40.926764 268.384053	5.03e-01  7.11e-01  3.14e+05	0.5807 55.2819 0.5888	
40.926764 268.384053	6.67e-01  7.48e-01  2.88e+05	7.5442 73.3722 0.2461	
40.926764 268.384053	5.76e-01  9.18e-01  2.79e+05	16.9669 77.3305 0.2961	
40.926764 268.384053	6.16e-01  8.37e-01  2.84e+05	0.2478 76.4811 0.9517	
40.926764 268.384053	5.43e-01  8.66e-01  2.89e+05	10.2518 72.5199 0.6595	
40.926764 268.384053	4.16e-01  9.55e-01  2.94e+05	-14.5162 68.8284 0.9857	
40.926764 268.384053	5.06e-01  9.43e-01  2.84e+05	-23.7510 72.3813 0.9848	
40.926764 268.384053	7.07e-01  8.94e-01  2.68e+05	-15.7421 84.0326 0.4603	
40.926764 268.384053	2.60e-01  9.36e-01  3.17e+05	-2.5672 53.0689 0.7295	
40.926764 268.384053	3.56e-01  8.71e-01  3.13e+05	9.3383 56.0161 0.0019	
40.926764 268.384053	4.99e-01  7.28e-01  3.13e+05	36.2232 43.7145 0.3891	
40.926764 268.384053	5.64e-01  6.96e-01  3.08e+05	24.7038 55.1441 0.3747	
40.926764 268.384053	5.62e-01  8.36e-01  2.90e+05	45.5211 56.3332 0.6458	
40.926764 268.384053	7.06e-01  8.68e-01  2.70e+05	52.7657 65.3794 0.2647	
40.926764 268.384053	5.83e-01  9.01e-01  2.80e+05	1.0679 78.4600 0.5967	
40.926764 268.384053	5.63e-01  8.42e-01  2.89e+05	-37.7900 62.4727 0.0655	
40.926764 268.384053	4.63e-01  7.21e-01  3.19e+05	9.9600 50.6990 0.1327	
40.926764 268.384053	3.83e-01  7.23e-01  3.30e+05	7.1755 39.2837 0.9281	
40.926764 268.384053	4.92e-01  9.54e-01  2.85e+05	7.0577 75.5972 0.0569	
40.926764 268.384053	5.87e-01  9.58e-01  2.73e+05	13.0186 81.2956 0.6680	
40.926764 268.384053	6.01e-01  7.51e-01  2.96e+05	-22.2239 65.1521 0.1027	
40.926764 268.384053	4.66e-01  7.80e-01  3.10e+05	-12.5451 57.5461 0.2601	
40.926764 268.384053	6.48e-01  8.83e-01  2.75e+05	12.3329 80.5301 0.1174	
40.926764 268.384053	4.96e-01  8.37e-01  2.98e+05	7.1674 66.7715 0.2269	
40.926764 268.384053	7.06e-01  7.36e-01  2.85e+05	-11.9079 74.6801 0.0746	
40.926764 268.384053	4.15e-01  8.36e-01  3.09e+05	6.0814 59.1844 0.7264	
40.926764 268.384053	5.07e-01  7.82e-01  3.04e+05	-8.0238 62.6413 0.5406	
40.926764 268.384053	3.99e-01  7.18e-01  3.29e+05	10.9188 40.4275 0.1529	
40.926764 268.384053	6.44e-01  8.12e-01  2.83e+05	33.7476 68.7992 0.4615	
40.926764 268.384053	4.77e-01  8.25e-01  3.02e+05	5.2534 64.1729 0.9140	
40.926764 268.384053	5.31e-01  9.11e-01  2.85e+05	-5.8816 75.3999 0.8254	
40.926764 268.384053	5.91e-01  7.34e-01  2.99e+05	-18.0410 64.0105 0.7752	
40.926764 268.384053	5.77e-01  7.95e-01  2.93e+05	-7.6111 70.0515 0.8461	
40.926764 268.384053	5.68e-01  7.75e-01  2.97e+05	2.7769 68.0056 0.6178	
40.926764 268.384053	6.16e-01  8.30e-01  2.85e+05	-18.2709 73.7477 0.8947	
40.926764 268.384053	5.82e-01  8.11e-01  2.91e+05	20.8879 69.0209 0.7179	
40.926764 268.384053	5.46e-01  7.44e-01  3.04e+05	-23.7200 58.6703 0.2078	
40.926764 268.384053	5.89e-01  7.41e-01  2.99e+05	-34.5882 57.2361 0.4218	
40.926764 268.384053	3.79e-01  6.52e-01  3.43e+05	6.7769 20.6764 0.0989	
40.926764 268.384053	6.68e-01  8.74e-01  2.74e+05	-43.5192 69.6262 0.9732	
40.926764 268.384053	6.95e-01  8.05e-01  2.78e+05	-2.0144 79.4915 0.9523	
40.926764 268.384053	5.13e-01  8.24e-01  2.98e+05	26.2689 62.3162 0.8780	
40.926764 268.384053	5.28e-01  9.52e-01  2.81e+05	-16.4583 76.5372 0.0390	
40.926764 268.384053	3.76e-01  8.97e-01  3.06e+05	14.5880 59.8263 0.7913	
40.926764 268.384053	6.00e-01  8.05e-01  2.89e+05	-24.5694 68.7965 0.1653	
40.926764 268.384053	2.20e-01  8.99e-01  3.28e+05	-7.6802 41.4421 0.3793	
40.926764 268.384053	6.61e-01  9.04e-01  2.71e+05	-10.8326 82.7462 0.8200	
40.926764 268.384053	6.59e-01  8.21e-01  2.81e+05	18.4885 75.9936 0.8837	
40.926764 268.384053	4.44e-01  8.08e-01  3.09e+05	-14.2886 57.7262 0.6151	
40.926764 268.384053	4.85e-01  8.53e-01  2.98e+05	-40.3675 54.2816 0.9681	
40.926764 268.384053	7.64e-01  9.21e-01  2.59e+05	-6.7148 89.6310 0.4664	
40.926764 268.384053	6.56e-01  8.85e-01  2.74e+05	-0.4808 82.0679 0.4372	
40.926764 268.384053	4.46e-01  9.51e-01  2.90e+05	8.1537 71.9598 0.0658	
40.926764 268.384053	4.29e-01  6.24e-01  3.39e+05	6.6340 27.6140 0.3439	
40.926764 268.384053	5.53e-01  7.48e-01  3.02e+05	11.5745 63.3556 0.6562	
40.926764 268.384053	6.87e-01  9.07e-01  2.68e+05	-19.6122 82.8694 0.0979	
40.926764 268.384053	5.36e-01  6.36e-01  3.20e+05	11.8861 48.7108 0.0388	
40.926764 268.384053	3.27e-01  7.49e-01  3.35e+05	12.9759 31.4821 0.6853	
40.926764 268.384053	5.34e-01  7.71e-01  3.02e+05	8.2568 64.2077 0.2831	
40.926764 268.384053	6.38e-01  8.83e-01  2.76e+05	-3.0929 80.8183 0.4349	
40.926764 268.384053	6.54e-01  7.69e-01  2.87e+05	22.0879 70.9918 0.0570	
40.926764 268.384053	2.82e-01  9.01e-01  3.19e+05	0.6264 51.4829 0.9832	
40.926764 268.384053	5.33e-01  6.88e-01  3.13e+05	10.3533 55.1248 0.0569	
40.926764 268.384053	5.37e-01  6.97e-01  3.12e+05	-18.2377 54.5721 0.9154	
40.926764 268.384053	2.68e-01  9.04e-01  3.20e+05	20.2540 45.7667 0.2726	
40.926764 268.384053	4.65e-01  8.23e-01  3.04e+05	-26.9285 57.0354 0.3318	
40.926764 268.384053	4.81e-01  7.86e-01  3.07e+05	13.1870 59.6679 0.9233	
40.926764 268.384053	3.90e-01  9.14e-01  3.02e+05	30.7055 56.8128 0.6879	
40.926764 268.384053	5.32e-01  7.81e-01  3.01e+05	43.2076 49.1261 0.9290	
40.926764 268.384053	5.05e-01  8.63e-01  2.94e+05	21.2117 66.8789 0.7971	
40.926764 268.384053	5.36e-01  7.74e-01  3.01e+05	-10.5374 64.2682 0.1101	
40.926764 268.384053	5.19e-01  8.15e-01  2.98e+05	14.4757 65.7348 0.7009	
40.926764 268.384053	5.55e-01  8.68e-01  2.87e+05	19.2107 71.8107 0.5813	
40.926764 268.384053	6.22e-01  9.25e-01  2.73e+05	1.1314 82.3889 0.4420	
40.926764 268.384053	5.85e-01  6.73e-01  3.08e+05	-1.1655 60.1915 0.6350	
40.926764 268.384053	6.21e-01  7.25e-01  2.97e+05	-33.4133 59.5732 0.8464	
40.926764 268.384053	4.11e-01  8.20e-01  3.12e+05	-11.9675 56.0112 0.2821	
40.926764 268.384053	6.27e-01  9.38e-01  2.71e+05	-36.1351 75.2171 0.5631	
40.926764 268.384053	5.44e-01  7.77e-01  3.00e+05	34.1347 56.6806 0.8383	
40.926764 268.384053	4.49e-01  7.24e-01  3.20e+05	15.9605 47.5508 0.8137	
40.926764 268.384053	3.98e-01  8.88e-01  3.04e+05	2.3722 62.8980 0.1417	
40.926764 268.384053	7.23e-01  7.55e-01  2.81e+05	16.4655 76.3951 0.4614	
40.926764 268.384053	3.93e-01  7.57e-01  3.24e+05	12.7262 45.2150 0.1128	
40.926764 268.384053	4.79e-01  8.91e-01  2.94e+05	20.5122 67.1726 0.4008	
40.926764 268.384053	4.59e-01  7.06e-01  3.21e+05	-2.3091 49.1626 0.5873	
40.926764 268.384053	7.28e-01  8.66e-01  2.68e+05	-7.4052 84.8279 0.8874	
40.926764 268.384053	5.98e-01  7.07e-01  3.02e+05	-32.7975 55.7846 0.9119	
40.926764 268.384053	4.48e-01  8.11e-01  3.08e+05	17.1981 57.6580 0.1098	
40.926764 268.384053	4.10e-01  6.76e-01  3.34e+05	-5.8980 35.4749 0.3229	
40.926764 268.384053	5.32e-01  6.73e-01  3.16e+05	12.5911 52.6937 0.3183	
40.926764 268.384053	6.15e-01  9.72e-01  2.69e+05	-16.8767 83.0386 0.0417	
40.926764 268.384053	6.17e-01  8.71e-01  2.80e+05	63.7436 46.3353 0.2934	
40.926764 268.384053	3.32e-01  8.74e-01  3.16e+05	24.9488 48.2505 0.4686	
40.926764 268.384053	4.55e-01  8.55e-01  3.01e+05	1.0585 65.1874 0.3024	
40.926764 268.384053	5.53e-01  8.06e-01  2.95e+05	-29.9808 62.5876 0.7904	
40.926764 268.384053	4.99e-01  9.17e-01  2.88e+05	-18.6968 71.3718 0.3588	
40.926764 268.384053	6.57e-01  7.20e-01  2.93e+05	-23.4659 66.8351 0.3566	
40.926764 268.384053	5.31e-01  9.00e-01  2.86e+05	-50.7015 55.0939 0.6404	
40.926764 268.384053	6.69e-01  9.71e-01  2.64e+05	-15.2893 86.2325 0.7084	
40.926764 268.384053	5.82e-01  8.96e-01  2.81e+05	14.7339 76.7176 0.1909	
40.926764 268.384053	3.54e-01  7.67e-01  3.28e+05	5.7805 41.9576 0.5639	
40.926764 268.384053	5.41e-01  7.80e-01  3.00e+05	5.6321 65.8780 0.8987	
40.926764 268.384053	4.52e-01  8.24e-01  3.06e+05	-21.8181 57.9143 0.8907	
40.926764 268.384053	4.73e-01  8.00e-01  3.06e+05	-10.1344 60.7793 0.9558	
40.926764 268.384053	7.21e-01  8.69e-01  2.69e+05	23.4428 81.6247 0.4673	
40.926764 268.384053	6.19e-01  8.45e-01  2.82e+05	29.5684 71.3310 0.6895	
40.926764 268.384053	3.42e-01  7.85e-01  3.27e+05	-13.9407 41.2262 0.6267	
40.926764 268.384053	4.78e-01  9.07e-01  2.92e+05	3.7192 71.3027 0.2969	
40.926764 268.384053	3.14e-01  9.51e-01  3.07e+05	14.7507 59.0713 0.7371	
40.926764 268.384053	5.89e-01  8.54e-01  2.85e+05	-2.0278 75.6961 0.9511	
40.926764 268.384053	4.20e-01  8.39e-01  3.08e+05	-25.4151 54.5770 0.8863	
40.926764 268.384053	5.18e-01  8.00e-01  3.00e+05	28.3944 59.4143 0.1183	
40.926764 268.384053	4.44e-01  9.00e-01  2.97e+05	30.4441 60.9418 0.2786	
40.926764 268.384053	3.50e-01  8.42e-01  3.18e+05	2.6469 52.5215 0.4796	
40.926764 268.384053	6.15e-01  8.98e-01  2.77e+05	-15.9553 78.7623 0.5721	
40.926764 268.384053	5.71e-01  9.39e-01  2.77e+05	-8.7089 79.6940 0.0235	
40.926764 268.384053	5.23e-01  8.37e-01  2.95e+05	9.2076 68.8973 0.7143	
40.926764 268.384053	7.87e-01  9.55e-01  2.54e+05	-36.6652 84.9667 0.9448	
40.926764 268.384053	5.23e-01  8.73e-01  2.90e+05	17.2002 70.2609 0.0797	
40.926764 268.384053	7.14e-01  9.30e-01  2.63e+05	-7.2294 87.4617 0.1644	
40.926764 268.384053	3.98e-01  8.07e-01  3.16e+05	-9.9721 53.3913 0.9269	
40.926764 268.384053	6.13e-01  8.37e-01  2.84e+05	-24.0889 72.3255 0.2968	
40.926764 268.384053	5.36e-01  9.49e-01  2.80e+05	0.3209 78.5688 0.6945	
40.926764 268.384053	6.27e-01  7.37e-01  2.95e+05	-22.3732 66.0766 0.2086	
40.926764 268.384053	5.28e-01  6.55e-01  3.19e+05	-17.9061 48.3789 0.6077	
40.926764 268.384053	6.10e-01  8.68e-01  2.81e+05	-45.4437 63.4817 0.2878	
40.926764 268.384053	4.70e-01  8.98e-01  2.94e+05	24.3420 65.7944 0.0476	
40.926764 268.384053	4.63e-01  7.12e-01  3.20e+05	5.1599 50.2790 0.9518	
40.926764 268.384053	5.11e-01  8.75e-01  2.92e+05	13.7492 70.1412 0.6235	
40.926764 268.384053	5.68e-01  9.11e-01  2.81e+05	-0.0746 78.2142 0.9018	
40.926764 268.384053	6.47e-01  9.30e-01  2.70e+05	-17.8861 82.2450 0.1377	
40.926764 268.384053	3.00e-01  9.31e-01  3.12e+05	14.3934 55.3457 0.5107	
40.926764 268.384053	5.23e-01  8.44e-01  2.94e+05	-13.4975 68.7349 0.7760	
40.926764 268.384053	4.59e-01  8.95e-01  2.96e+05	-37.6011 57.7872 0.3881	
40.926764 268.384053	5.56e-01  8.92e-01  2.84e+05	-17.6746 74.0413 0.5797	
40.926764 268.384053	6.15e-01  8.48e-01  2.83e+05	-18.7635 74.8283 0.5923	
40.926764 268.384053	4.27e-01  8.20e-01  3.10e+05	0.0865 58.9771 0.5896	
40.926764 268.384053	6.60e-01  8.02e-01  2.83e+05	30.4174 70.7711 0.4664	
40.926764 268.384053	4.67e-01  8.21e-01  3.04e+05	-3.3804 63.0781 0.1191	
40.926764 268.384053	3.96e-01  8.96e-01  3.04e+05	2.2636 63.4667 0.7730	
40.926764 268.384053	4.89e-01  7.99e-01  3.04e+05	-5.5229 62.9010 0.3924	
40.926764 268.384053	5.35e-01  8.69e-01  2.90e+05	22.8909 69.2412 0.2152	
40.926764 268.384053	4.98e-01  6.21e-01  3.29e+05	18.1687 38.0168 0.7923	
40.926764 268.384053	5.05e-01  6.17e-01  3.28e+05	2.2798 42.5706 0.2890	
40.926764 268.384053	4.00e-01  7.79e-01  3.19e+05	14.8493 48.8204 0.3478	
40.926764 268.384053	4.09e-01  8.24e-01  3.12e+05	7.4706 56.9718 0.7663	
40.926764 268.384053	4.41e-01  8.49e-01  3.04e+05	12.4661 62.1324 0.1382	
40.926764 268.384053	5.18e-01  7.07e-01  3.13e+05	-17.2537 53.8160 0.1697	
40.926764 268.384053	3.35e-01  8.64e-01  3.17e+05	0.0710 53.4971 0.1807	
40.926764 268.384053	5.94e-01  7.23e-01  3.00e+05	13.4868 64.4341 0.5053	
40.926764 268.384053	5.39e-01  8.88e-01  2.87e+05	30.7835 68.0290 0.0603	
40.926764 268.384053	5.73e-01  8.16e-01  2.91e+05	-7.4139 71.3856 0.7279	
40.926764 268.384053	3.22e-01  7.36e-01  3.38e+05	-8.3318 28.7056 0.8417	
40.926764 268.384053	4.45e-01  6.69e-01  3.29e+05	-25.6880 32.2609 0.1376	
40.926764 268.384053	5.33e-01  8.81e-01  2.88e+05	5.1557 73.5192 0.0913	
40.926764 268.384053	6.39e-01  8.10e-01  2.84e+05	-4.4110 76.0571 0.1301	
40.926764 268.384053	6.74e-01  7.90e-01  2.82e+05	-26.9522 72.3357 0.5579	
40.926764 268.384053	4.37e-01  9.48e-01  2.92e+05	-16.1401 69.6033 0.4384	
40.926764 268.384053	6.12e-01  8.50e-01  2.83e+05	5.3841 76.8318 0.9679	
40.926764 268.384053	4.56e-01  7.43e-01  3.17e+05	21.2100 49.0224 0.3468	
40.926764 268.384053	5.88e-01  7.33e-01  3.00e+05	-25.2610 61.1669 0.6730	
40.926764 268.384053	4.75e-01  7.60e-01  3.11e+05	-15.3164 55.6684 0.4814	
40.926764 268.384053	6.76e-01  7.92e-01  2.82e+05	0.4028 77.4248 0.2071	
40.926764 268.384053	1.81e-01  9.71e-01  3.23e+05	-29.1456 37.2151 0.7214	
40.926764 268.384053	4.77e-01  8.34e-01  3.01e+05	-3.2614 65.2346 0.8006	
40.926764 268.384053	5.85e-01  7.84e-01  2.94e+05	29.9699 63.5043 0.5608	
40.926764 268.384053	3.60e-01  7.38e-01  3.32e+05	-7.4200 37.6702 0.6042	
40.926764 268.384053	8.32e-01  9.68e-01  2.49e+05	-7.9916 94.7228 0.2187	
40.926764 268.384053	5.47e-01  8.81e-01  2.87e+05	-3.3482 74.6093 0.4523	
40.926764 268.384053	3.59e-01  7.97e-01  3.23e+05	7.6988 47.2728 0.5373	
40.926764 268.384053	7.09e-01  8.60e-01  2.71e+05	54.0095 63.8924 0.4326	
40.926764 268.384053	4.62e-01  7.03e-01  3.22e+05	-8.6224 48.3061 0.0487	
40.926764 268.384053	2.91e-01  8.76e-01  3.21e+05	11.8273 47.8566 0.8774	
40.926764 268.384053	3.04e-01  9.35e-01  3.11e+05	-5.9970 57.8182 0.5078	
40.926764 268.384053	2.85e-01  9.70e-01  3.09e+05	12.6761 58.4644 0.0607	
40.926764 268.384053	4.74e-01  8.99e-01  2.93e+05	-17.8208 68.1976 0.0952	
40.926764 268.384053	4.07e-01  8.25e-01  3.12e+05	8.6473 56.6844 0.9121	
40.926764 268.384053	6.95e-01  9.91e-01  2.59e+05	35.9316 82.3965 0.2843	
40.926764 268.384053	5.26e-01  7.86e-01  3.01e+05	-30.1125 57.9475 0.7073	
40.926764 268.384053	7.40e-01  8.21e-01  2.72e+05	8.0364 82.8254 0.5802	
40.926764 268.384053	5.65e-01  7.71e-01  2.98e+05	-18.1566 64.9973 0.1232	
40.926764 268.384053	5.26e-01  7.40e-01  3.07e+05	-5.3434 60.6936 0.6290	
40.926764 268.384053	5.94e-01  8.44e-01  2.86e+05	-26.5536 70.5608 0.6207	
40.926764 268.384053	5.81e-01  8.21e-01  2.90e+05	17.8095 70.5467 0.7297	
40.926764 268.384053	6.46e-01  7.65e-01  2.89e+05	-31.8498 66.1460 0.8938	
40.926764 268.384053	5.20e-01  7.20e-01  3.11e+05	-10.5953 57.2117 0.0293	
40.926764 268.384053	7.35e-01  7.98e-01  2.75e+05	3.6444 81.5478 0.1589	
40.926764 268.384053	5.34e-01  5.81e-01  3.29e+05	-2.4447 41.4261 0.1441	
40.926764 268.384053	5.68e-01  6.57e-01  3.13e+05	12.4338 55.1209 0.3376	
40.926764 268.384053	4.11e-01  7.53e-01  3.22e+05	-20.6978 44.4059 0.6284	
40.926764 268.384053	4.71e-01  6.61e-01  3.26e+05	9.5713 43.2391 0.8148	
40.926764 268.384053	3.61e-01  8.19e-01  3.19e+05	28.3713 42.5285 0.9101	
40.926764 268.384053	6.41e-01  7.85e-01  2.87e+05	-19.4610 71.9934 0.7037	
40.926764 268.384053	7.18e-01  8.88e-01  2.67e+05	-3.8469 85.7058 0.1251	
40.926764 268.384053	3.65e-01  8.27e-01  3.17e+05	21.0172 48.3201 0.2553	
40.926764 268.384053	4.96e-01  6.10e-01  3.31e+05	-21.0240 33.8641 0.4181	
40.926764 268.384053	6.33e-01  8.79e-01  2.77e+05	18.4515 78.1768 0.0816	
40.926764 268.384053	5.28e-01  7.99e-01  2.99e+05	-10.8648 65.7757 0.8352	
40.926764 268.384053	6.56e-01  8.34e-01  2.80e+05	10.7155 78.1869 0.6941	
40.926764 268.384053	6.64e-01  8.72e-01  2.74e+05	4.8670 81.6594 0.1149	
40.926764 268.384053	4.42e-01  7.87e-01  3.12e+05	-14.1330 55.2031 0.2134	
40.926764 268.384053	4.06e-01  6.80e-01  3.34e+05	-14.7848 32.9993 0.6379	
40.926764 268.384053	5.28e-01  8.00e-01  2.99e+05	7.5013 66.3435 0.9371	
40.926764 268.384053	5.07e-01  7.83e-01  3.04e+05	-1.6114 63.3114 0.8038	
40.926764 268.384053	5.51e-01  7.09e-01  3.08e+05	6.4454 60.0320 0.3666	
40.926764 268.384053	6.44e-01  7.59e-01  2.90e+05	21.5734 69.5309 0.6408	
40.926764 268.384053	5.18e-01  6.94e-01  3.15e+05	-18.8980 51.7253 0.7676	
40.926764 268.384053	4.34e-01  6.84e-01  3.29e+05	-5.1788 41.7465 0.0986	
40.926764 268.384053	6.78e-01  7.96e-01  2.81e+05	14.8853 76.4526 0.9325	
40.926764 268.384053	5.56e-01  8.23e-01  2.93e+05	-27.5615 65.3843 0.4598	
40.926764 268.384053	5.48e-01  7.22e-01  3.07e+05	-4.7118 61.1431 0.6255	
40.926764 268.384053	4.84e-01  7.77e-01  3.08e+05	40.4260 44.9285 0.7028	
40.926764 268.384053	5.52e-01  7.25e-01  3.06e+05	-37.5326 49.3032 0.3209	
40.926764 268.384053	5.06e-01  7.62e-01  3.07e+05	23.5085 56.4861 0.1699	
40.926764 268.384053	4.96e-01  9.37e-01  2.86e+05	35.8675 65.9222 0.0583	
40.926764 268.384053	3.93e-01  7.88e-01  3.19e+05	5.6935 50.9327 0.0520	
40.926764 268.384053	5.40e-01  6.29e-01  3.21e+05	2.9077 49.5613 0.6478	
40.926764 268.384053	5.57e-01  8.41e-01  2.90e+05	-3.4876 72.3807 0.8233	
40.926764 268.384053	2.40e-01  9.71e-01  3.15e+05	-7.3576 54.4797 0.4036	
40.926764 268.384053	5.21e-01  9.46e-01  2.82e+05	14.4116 76.0402 0.9581	
40.926764 268.384053	4.59e-01  9.86e-01  2.85e+05	-11.3807 75.0413 0.0380	
40.926764 268.384053	4.72e-01  6.17e-01  3.33e+05	11.5502 34.8321 0.9265	
40.926764 268.384053	2.91e-01  8.92e-01  3.19e+05	2.7698 51.3993 0.3135	
40.926764 268.384053	6.68e-01  9.11e-01  2.70e+05	-32.1909 77.8940 0.0820	
40.926764 268.384053	6.48e-01  7.03e-01  2.96e+05	18.5464 66.1658 0.7262	
40.926764 268.384053	5.73e-01  8.91e-01  2.83e+05	29.3317 71.3859 0.3042	
40.926764 268.384053	6.71e-01  8.09e-01  2.81e+05	-29.3442 72.6008 0.4950	
40.926764 268.384053	4.25e-01  8.44e-01  3.07e+05	-43.5061 43.0980 0.3666	
40.926764 268.384053	3.85e-01  9.13e-01  3.03e+05	-15.2609 62.1693 0.0497	
40.926764 268.384053	6.83e-01  8.17e-01  2.78e+05	11.0212 78.7845 0.1666	
40.926764 268.384053	4.56e-01  8.67e-01  3.00e+05	38.2135 54.2071 0.8713	
40.926764 268.384053	4.51e-01  7.81e-01  3.12e+05	27.1108 50.5808 0.6755	
40.926764 268.384053	6.91e-01  8.73e-01  2.72e+05	-17.8561 81.4678 0.7547	
40.926764 268.384053	5.55e-01  7.34e-01  3.04e+05	-19.5791 60.0348 0.1377	
40.926764 268.384053	6.32e-01  8.31e-01  2.83e+05	-34.6222 68.8584 0.9187	
40.926764 268.384053	5.70e-01  7.16e-01  3.05e+05	9.0013 62.2572 0.6556	
40.926764 268.384053	6.51e-01  8.16e-01  2.82e+05	-19.7642 74.8511 0.2624	
40.926764 268.384053	4.37e-01  7.53e-01  3.18e+05	1.7432 52.3465 0.7021	
40.926764 268.384053	5.76e-01  9.72e-01  2.73e+05	29.4312 77.0920 0.6809	
40.926764 268.384053	3.96e-01  7.64e-01  3.22e+05	4.0488 48.2664 0.0600	
40.926764 268.384053	5.71e-01  8.95e-01  2.82e+05	-43.3881 63.9683 0.2177	
40.926764 268.384053	4.03e-01  8.53e-01  3.08e+05	14.6895 58.1320 0.4130	
40.926764 268.384053	5.73e-01  7.27e-01  3.03e+05	-18.4806 61.4941 0.7031	
40.926764 268.384053	7.76e-01  8.37e-01  2.66e+05	5.4080 85.9776 0.7079	
40.926764 268.384053	5.52e-01  9.00e-01  2.84e+05	-0.1519 76.3941 0.1918	
40.926764 268.384053	4.54e-01  6.86e-01  3.25e+05	2.7847 45.3795 0.8921	
40.926764 268.384053	5.48e-01  7.54e-01  3.02e+05	-8.2791 63.8535 0.5716	
40.926764 268.384053	5.61e-01  8.02e-01  2.94e+05	4.5039 69.6358 0.4530	
40.926764 268.384053	4.68e-01  8.13e-01  3.05e+05	30.2480 54.5917 0.6747	
40.926764 268.384053	6.15e-01  7.91e-01  2.89e+05	-19.7256 70.4233 0.1700	
40.926764 268.384053	4.58e-01  6.36e-01  3.32e+05	-2.0992 37.5364 0.6076	
40.926764 268.384053	3.53e-01  8.37e-01  3.18e+05	-19.2841 48.8127 0.2754	
40.926764 268.384053	4.53e-01  7.34e-01  3.18e+05	10.4080 50.9745 0.5696	
40.926764 268.384053	3.13e-01  8.14e-01  3.27e+05	3.3412 43.3222 0.7647	
40.926764 268.384053	5.73e-01  7.93e-01  2.94e+05	-17.6131 67.6799 0.0462	
40.926764 268.384053	4.43e-01  8.94e-01  2.98e+05	18.7019 64.9007 0.0356	
40.926764 268.384053	3.56e-01  8.83e-01  3.11e+05	26.5508 51.6691 0.3869	
40.926764 268.384053	4.15e-01  8.93e-01  3.02e+05	35.7961 54.1830 0.5065	
40.926764 268.384053	2.99e-01  8.24e-01  3.28e+05	-11.5149 41.2309 0.1227	
40.926764 268.384053	5.89e-01  8.84e-01  2.82e+05	18.8877 75.4274 0.2058	
40.926764 268.384053	7.43e-01  9.38e-01  2.60e+05	2.9476 89.5716 0.0180	
40.926764 268.384053	3.45e-01  9.23e-01  3.07e+05	25.5877 55.5055 0.7209	
40.926764 268.384053	6.67e-01  7.73e-01  2.85e+05	6.4092 75.2062 0.0244	
40.926764 268.384053	7.66e-01  9.31e-01  2.58e+05	-9.2426 89.9834 0.9063	
40.926764 268.384053	5.61e-01  7.22e-01  3.05e+05	-6.5968 62.2580 0.2682	
40.926764 268.384053	6.68e-01  7.86e-01  2.84e+05	-24.6807 72.4237 0.2708	
40.926764 268.384053	5.70e-01  7.81e-01  2.96e+05	-12.9986 67.4536 0.8005	
40.926764 268.384053	7.08e-01  8.03e-01  2.77e+05	-1.2086 80.2333 0.2062	
40.926764 268.384053	5.62e-01  7.31e-01  3.04e+05	10.4621 62.6677 0.2951	
40.926764 268.384053	5.73e-01  9.64e-01  2.74e+05	22.8523 78.5440 0.3317	
40.926764 268.384053	6.86e-01  8.13e-01  2.79e+05	-30.4572 73.4181 0.0142	
40.926764 268.384053	5.00e-01  8.55e-01  2.96e+05	1.0336 69.0489 0.4494	
40.926764 268.384053	6.89e-01  8.43e-01  2.75e+05	-19.0656 79.2380 0.2491	
40.926764 268.384053	7.83e-01  8.20e-01  2.67e+05	20.3768 83.1267 0.8035	
40.926764 268.384053	5.21e-01  7.27e-01  3.10e+05	-0.3891 59.0804 0.1711	
40.926764 268.384053	6.70e-01  8.82e-01  2.73e+05	-21.7794 79.8412 0.7206	
40.926764 268.384053	3.24e-01  8.53e-01  3.20e+05	4.8789 50.4336 0.0568	
40.926764 268.384053	5.11e-01  7.76e-01  3.04e+05	4.6811 62.8623 0.6884	
40.926764 268.384053	6.42e-01  8.20e-01  2.83e+05	-5.2312 76.8634 0.8882	
40.926764 268.384053	6.93e-01  8.88e-01  2.70e+05	-18.3366 82.3852 0.8188	
40.926764 268.384053	6.71e-01  9.40e-01  2.67e+05	-1.9086 86.0045 0.3470	
40.926764 268.384053	3.59e-01  7.87e-01  3.24e+05	5.3554 46.1187 0.3100	
40.926764 268.384053	4.31e-01  7.70e-01  3.16e+05	-12.5191 52.2155 0.3908	
40.926764 268.384053	5.46e-01  7.41e-01  3.04e+05	15.1139 61.2318 0.0790	
40.926764 268.384053	3.73e-01  8.04e-01  3.20e+05	24.0187 44.7083 0.8662	
40.926764 268.384053	6.40e-01  8.81e-01  2.76e+05	-5.3792 80.6530 0.8238	
40.926764 268.384053	4.05e-01  6.74e-01  3.35e+05	18.1285 29.5911 0.6499	
40.926764 268.384053	3.84e-01  8.28e-01  3.15e+05	-24.1184 49.4676 0.3613	
40.926764 268.384053	4.80e-01  6.73e-01  3.23e+05	14.7595 45.0619 0.4600	
40.926764 268.384053	6.11e-01  6.89e-01  3.03e+05	18.8320 61.3986 0.1386	
40.926764 268.384053	4.54e-01  7.55e-01  3.15e+05	-10.7627 53.7331 0.5773	
40.926764 268.384053	6.30e-01  7.95e-01  2.87e+05	2.8196 74.3569 0.5400	
40.926764 268.384053	5.41e-01  7.04e-01  3.10e+05	3.1592 58.6532 0.3059	
40.926764 268.384053	5.19e-01  7.75e-01  3.03e+05	6.9281 63.2792 0.4631	
40.926764 268.384053	3.97e-01  7.69e-01  3.21e+05	2.4314 49.2029 0.5102	
40.926764 268.384053	5.39e-01  6.90e-01  3.12e+05	-22.3513 52.3747 0.9074	
40.926764 268.384053	5.29e-01  7.78e-01  3.02e+05	-35.3892 54.4532 0.5758	
40.926764 268.384053	5.12e-01  6.03e-01  3.29e+05	7.4583 40.7593 0.9523	
40.926764 268.384053	6.68e-01  6.96e-01  2.94e+05	-2.7317 69.7680 0.8139	
40.926764 268.384053	4.88e-01  7.96e-01  3.05e+05	17.1714 60.2697 0.6337	
40.926764 268.384053	2.51e-01  9.02e-01  3.23e+05	8.7489 46.5851 0.9966	
40.926764 268.384053	5.32e-01  8.28e-01  2.95e+05	-2.1396 69.3923 0.0937	
40.926764 268.384053	5.47e-01  6.90e-01  3.11e+05	-3.7291 57.7630 0.2294	
40.926764 268.384053	3.98e-01  8.46e-01  3.10e+05	-8.6373 58.0263 0.8234	
40.926764 268.384053	4.00e-01  7.65e-01  3.22e+05	-17.5376 45.8089 0.3659	
40.926764 268.384053	5.63e-01  6.62e-01  3.13e+05	14.0242 54.7816 0.6061	
40.926764 268.384053	6.10e-01  6.87e-01  3.03e+05	12.8088 62.6797 0.3597	
40.926764 268.384053	6.36e-01  9.08e-01  2.74e+05	2.3040 82.1858 0.1220	
40.926764 268.384053	5.03e-01  7.79e-01  3.05e+05	-6.1570 62.2274 0.6236	
40.926764 268.384053	6.07e-01  6.95e-01  3.02e+05	28.6874 57.7466 0.1930	
40.926764 268.384053	4.50e-01  9.06e-01  2.95e+05	6.7423 68.8037 0.3865	
40.926764 268.384053	5.20e-01  7.50e-01  3.07e+05	5.4613 61.1076 0.0309	
40.926764 268.384053	5.17e-01  7.19e-01  3.11e+05	20.8115 53.8867 0.3673	
40.926764 268.384053	7.06e-01  9.53e-01  2.62e+05	-27.4748 84.1729 0.3881	
40.926764 268.384053	4.70e-01  7.71e-01  3.11e+05	23.3278 53.4822 0.1957	
40.926764 268.384053	5.32e-01  8.33e-01  2.94e+05	-8.9584 69.2484 0.7187	
40.926764 268.384053	2.95e-01  8.00e-01  3.32e+05	-7.3833 37.1237 0.6751	
40.926764 268.384053	5.31e-01  8.00e-01  2.99e+05	10.5606 66.2066 0.8709	
40.926764 268.384053	6.53e-01  6.85e-01  2.98e+05	26.2021 62.3113 0.3575	
40.926764 268.384053	6.35e-01  6.63e-01  3.03e+05	-5.1851 63.8370 0.7348	
40.926764 268.384053	5.75e-01  9.59e-01  2.75e+05	18.4283 79.5643 0.7888	
40.926764 268.384053	6.62e-01  8.17e-01  2.81e+05	29.3549 72.4268 0.4083	
40.926764 268.384053	6.08e-01  7.44e-01  2.96e+05	-4.3460 68.6844 0.3624	
40.926764 268.384053	6.25e-01  6.84e-01  3.01e+05	10.6185 64.2161 0.2187	
40.926764 268.384053	5.14e-01  7.61e-01  3.06e+05	33.2514 52.1288 0.8008	
40.926764 268.384053	7.38e-01  8.34e-01  2.71e+05	-41.4349 72.9417 0.7370	
40.926764 268.384053	5.74e-01  8.03e-01  2.93e+05	-4.3581 70.7556 0.8400	
40.926764 268.384053	4.94e-01  6.25e-01  3.28e+05	-27.0496 32.4716 0.2311	
40.926764 268.384053	5.35e-01  8.08e-01  2.97e+05	-12.1050 66.9352 0.6867	
40.926764 268.384053	6.14e-01  6.59e-01  3.06e+05	15.6502 59.5427 0.2050	
40.926764 268.384053	3.25e-01  8.52e-01  3.20e+05	-0.3869 50.7244 0.9362	
40.926764 268.384053	5.37e-01  6.97e-01  3.12e+05	-10.1777 56.6389 0.8738	
40.926764 268.384053	2.37e-01  9.72e-01  3.15e+05	12.6087 53.1981 0.7333	
40.926764 268.384053	2.14e-01  8.95e-01  3.30e+05	-2.2039 40.3894 0.1306	
40.926764 268.384053	4.56e-01  6.90e-01  3.24e+05	7.4714 45.8598 0.5006	
40.926764 268.384053	7.76e-01  8.97e-01  2.60e+05	-54.5086 70.6882 0.4656	
40.926764 268.384053	4.98e-01  9.40e-01  2.86e+05	46.8615 59.0667 0.4207	
40.926764 268.384053	3.64e-01  8.67e-01  3.12e+05	-25.1482 51.5055 0.6609	
40.926764 268.384053	6.48e-01  9.71e-01  2.66e+05	-15.6946 85.0807 0.4187	
40.926764 268.384053	6.33e-01  8.34e-01  2.82e+05	13.5614 76.2175 0.9568	
40.926764 268.384053	4.56e-01  7.46e-01  3.16e+05	-21.6677 49.4081 0.2821	
40.926764 268.384053	6.73e-01  8.18e-01  2.79e+05	6.2992 78.6991 0.2742	
40.926764 268.384053	4.83e-01  9.20e-01  2.90e+05	-19.3997 70.2078 0.0123	
40.926764 268.384053	5.96e-01  7.96e-01  2.91e+05	32.8364 64.1451 0.3208	
40.926764 268.384053	3.56e-01  8.95e-01  3.09e+05	15.7211 57.3554 0.0826	
40.926764 268.384053	6.48e-01  7.27e-01  2.93e+05	-33.2762 62.3415 0.0392	
40.926764 268.384053	4.56e-01  8.35e-01  3.04e+05	1.8990 63.3403 0.3048	
40.926764 268.384053	3.89e-01  9.33e-01  3.00e+05	-19.5218 63.2419 0.6969	
40.926764 268.384053	5.08e-01  8.02e-01  3.01e+05	9.1836 64.5099 0.0108	
40.926764 268.384053	4.88e-01  8.09e-01  3.03e+05	1.9359 63.9354 0.3423	
40.926764 268.384053	4.91e-01  7.85e-01  3.06e+05	-24.5122 56.8541 0.4003	
40.926764 268.384053	4.93e-01  6.78e-01  3.21e+05	-21.0965 45.1438 0.2990	
40.926764 268.384053	4.25e-01  9.23e-01  2.96e+05	13.7264 67.1096 0.0050	
40.926764 268.384053	5.25e-01  7.92e-01  3.00e+05	10.5150 64.9146 0.9359	
40.926764 268.384053	4.89e-01  8.88e-01  2.93e+05	-7.9886 70.3700 0.7342	
40.926764 268.384053	3.91e-01  8.19e-01  3.15e+05	-15.9471 52.4862 0.9630	
40.926764 268.384053	4.05e-01  6.80e-01  3.34e+05	-12.7889 33.6572 0.3568	
40.926764 268.384053	4.71e-01  7.30e-01  3.16e+05	-23.2243 48.4573 0.7444	
40.926764 268.384053	6.49e-01  7.47e-01  2.91e+05	-32.7554 64.4613 0.5957	
40.926764 268.384053	5.36e-01  6.12e-01  3.24e+05	-8.9385 45.8039 0.9238	
40.926764 268.384053	4.89e-01  5.64e-01  3.39e+05	8.7950 27.0670 0.7465	
40.926764 268.384053	4.09e-01  9.29e-01  2.98e+05	-0.8345 67.6222 0.7511	
40.926764 268.384053	5.58e-01  9.61e-01  2.76e+05	-21.1959 77.9018 0.5322	
40.926764 268.384053	5.22e-01  8.40e-01  2.95e+05	19.5381 66.8363 0.7540	
40.926764 268.384053	3.39e-01  8.74e-01  3.15e+05	0.7642 55.1983 0.7767	
40.926764 268.384053	4.26e-01  9.39e-01  2.94e+05	-9.5147 69.2197 0.2367	
40.926764 268.384053	5.58e-01  7.09e-01  3.07e+05	17.2354 58.5136 0.1534	
40.926764 268.384053	4.74e-01  6.16e-01  3.33e+05	3.6730 36.7126 0.3454	
40.926764 268.384053	4.60e-01  7.97e-01  3.08e+05	12.9270 58.5808 0.5349	
40.926764 268.384053	4.75e-01  8.15e-01  3.04e+05	-9.1306 62.5894 0.8728	
40.926764 268.384053	4.73e-01  6.92e-01  3.22e+05	22.9438 43.4049 0.1277	
40.926764 268.384053	5.27e-01  6.40e-01  3.21e+05	20.8560 44.7002 0.3779	
40.926764 268.384053	7.39e-01  8.11e-01  2.73e+05	19.9908 80.1838 0.7770	
40.926764 268.384053	5.78e-01  6.78e-01  3.09e+05	-25.7437 54.0373 0.8800	
40.926764 268.384053	3.82e-01  7.70e-01  3.23e+05	-3.0880 47.2429 0.5289	
40.926764 268.384053	7.14e-01  8.50e-01  2.71e+05	17.9629 81.4678 0.2379	
40.926764 268.384053	5.68e-01  6.56e-01  3.13e+05	39.7273 40.1664 0.1802	
40.926764 268.384053	4.68e-01  7.01e-01  3.21e+05	15.1125 47.3005 0.8165	
40.926764 268.384053	6.31e-01  8.65e-01  2.79e+05	-32.1681 72.4583 0.6560	
40.926764 268.384053	6.61e-01  9.16e-01  2.70e+05	9.0454 83.6828 0.4890	
40.926764 268.384053	4.43e-01  6.90e-01  3.26e+05	12.6815 42.4877 0.0487	
40.926764 268.384053	5.68e-01  8.76e-01  2.85e+05	13.6490 74.6022 0.7227	
40.926764 268.384053	8.67e-01  9.31e-01  2.49e+05	-19.1663 93.0263 0.6400	
40.926764 268.384053	7.40e-01  7.97e-01  2.74e+05	-4.2069 81.7259 0.2958	
40.926764 268.384053	5.68e-01  9.06e-01  2.81e+05	0.6887 77.8740 0.3417	
40.926764 268.384053	4.33e-01  6.87e-01  3.28e+05	9.1152 41.3834 0.4719	
40.926764 268.384053	7.99e-01  8.61e-01  2.62e+05	20.9789 86.1167 0.7682	
40.926764 268.384053	4.04e-01  7.27e-01  3.27e+05	0.0932 44.0577 0.1394	
40.926764 268.384053	7.01e-01  8.55e-01  2.72e+05	-4.8492 82.7956 0.0998	
40.926764 268.384053	2.49e-01  8.56e-01  3.31e+05	12.7724 37.5897 0.1674	
40.926764 268.384053	7.44e-01  9.26e-01  2.61e+05	-23.2523 85.9990 0.1342	
40.926764 268.384053	4.94e-01  7.37e-01  3.12e+05	1.3559 57.1535 0.7652	
40.926764 268.384053	5.02e-01  9.75e-01  2.81e+05	-24.5209 74.1034 0.3355	
40.926764 268.384053	4.39e-01  8.37e-01  3.06e+05	-28.9912 54.7630 0.6265	
40.926764 268.384053	5.23e-01  7.40e-01  3.08e+05	-0.2865 60.6077 0.0692	
40.926764 268.384053	5.55e-01  9.35e-01  2.80e+05	11.9607 77.9767 0.9885	
40.926764 268.384053	3.89e-01  7.99e-01  3.18e+05	24.7202 45.8342 0.8107	
40.926764 268.384053	2.11e-01  9.05e-01  3.29e+05	-5.4115 41.2022 0.6882	
40.926764 268.384053	5.99e-01  7.31e-01  2.99e+05	12.1829 65.8038 0.2550	
40.926764 268.384053	5.67e-01  8.61e-01  2.87e+05	-11.1238 73.7863 0.7775	
40.926764 268.384053	4.83e-01  8.96e-01  2.93e+05	-17.0099 68.9432 0.4320	
40.926764 268.384053	3.08e-01  8.53e-01  3.22e+05	-19.4292 44.5412 0.3809	
40.926764 268.384053	2.56e-01  8.57e-01  3.30e+05	-3.9144 40.8113 0.3837	
40.926764 268.384053	3.29e-01  8.30e-01  3.22e+05	-2.4673 48.1955 0.5798	
40.926764 268.384053	6.54e-01  8.81e-01  2.75e+05	-64.9619 49.5697 0.1814	
40.926764 268.384053	4.08e-01  7.36e-01  3.25e+05	-0.1951 46.1184 0.4032	
40.926764 268.384053	5.50e-01  8.99e-01  2.84e+05	-24.7703 72.0183 0.7236	
40.926764 268.384053	5.45e-01  9.84e-01  2.75e+05	8.8276 80.9022 0.4677	
40.926764 268.384053	4.56e-01  7.53e-01  3.15e+05	-4.2846 54.5735 0.1697	
40.926764 268.384053	4.59e-01  7.48e-01  3.15e+05	9.3251 53.6610 0.5206	
40.926764 268.384053	4.69e-01  9.02e-01  2.94e+05	7.1059 70.0050 0.6119	
40.926764 268.384053	5.01e-01  6.88e-01  3.18e+05	-9.6885 51.2871 0.4830	
40.926764 268.384053	4.82e-01  6.86e-01  3.21e+05	18.4948 45.8836 0.3269	
40.926764 268.384053	5.45e-01  9.33e-01  2.81e+05	12.2627 77.0959 0.2386	
40.926764 268.384053	4.05e-01  7.62e-01  3.21e+05	15.7697 46.8887 0.5246	
40.926764 268.384053	2.72e-01  8.72e-01  3.25e+05	2.1954 46.0662 0.8662	
40.926764 268.384053	5.01e-01  9.05e-01  2.89e+05	-22.8944 69.3814 0.7664	
40.926764 268.384053	6.11e-01  7.75e-01  2.92e+05	-13.9415 70.1337 0.1634	
40.926764 268.384053	4.99e-01  6.91e-01  3.18e+05	-2.8950 52.3694 0.0852	
40.926764 268.384053	3.75e-01  9.49e-01  2.99e+05	2.6906 66.4180 0.4636	
40.926764 268.384053	4.72e-01  8.62e-01  2.98e+05	11.1195 66.2801 0.0856	
40.926764 268.384053	6.09e-01  7.90e-01  2.90e+05	-3.9980 72.4440 0.9292	
40.926764 268.384053	4.06e-01  8.40e-01  3.10e+05	7.6982 58.4104 0.0517	
40.926764 268.384053	9.16e-01  9.52e-01  2.43e+05	-46.0555 86.3524 0.0764	
40.926764 268.384053	4.42e-01  8.07e-01  3.10e+05	-29.6776 51.1635 0.8122	
40.926764 268.384053	7.43e-01  9.51e-01  2.58e+05	-7.5592 89.9636 0.8208	
40.926764 268.384053	4.94e-01  6.98e-01  3.18e+05	-17.9076 49.5252 0.7653	
40.926764 268.384053	4.43e-01  8.10e-01  3.09e+05	-32.8368 49.7851 0.7639	
40.926764 268.384053	5.67e-01  7.78e-01  2.97e+05	3.2838 68.1747 0.1935	
40.926764 268.384053	4.51e-01  8.82e-01  2.98e+05	10.9019 66.3027 0.4094	
40.926764 268.384053	6.35e-01  8.76e-01  2.77e+05	-47.8980 64.3951 0.9480	
40.926764 268.384053	3.60e-01  7.27e-01  3.34e+05	1.4505 36.2310 0.0810	
40.926764 268.384053	3.02e-01  8.49e-01  3.24e+05	-19.0340 42.9931 0.9787	
40.926764 268.384053	6.11e-01  7.39e-01  2.96e+05	31.7841 60.9078 0.4462	
40.926764 268.384053	6.35e-01  8.84e-01  2.76e+05	25.1539 76.7180 0.7930	
40.926764 268.384053	3.62e-01  8.30e-01  3.18e+05	-1.3961 52.6091 0.4259	
40.926764 268.384053	5.37e-01  7.73e-01  3.01e+05	16.7188 62.9667 0.6757	
40.926764 268.384053	4.88e-01  8.24e-01  3.01e+05	-23.8543 60.8359 0.0985	
40.926764 268.384053	4.33e-01  9.62e-01  2.91e+05	15.3430 70.6092 0.6453	
40.926764 268.384053	3.87e-01  7.72e-01  3.22e+05	9.2312 47.3687 0.8932	
40.926764 268.384053	7.68e-01  8.56e-01  2.65e+05	-9.1207 86.2417 0.0122	
40.926764 268.384053	2.41e-01  9.08e-01  3.24e+05	-14.0298 44.6850 0.4516	
40.926764 268.384053	5.79e-01  6.61e-01  3.11e+05	16.4864 55.9035 0.2239	
40.926764 268.384053	4.39e-01  8.22e-01  3.08e+05	28.8867 53.0193 0.7223	
40.926764 268.384053	4.44e-01  8.43e-01  3.04e+05	-26.8427 56.9749 0.8495	
40.926764 268.384053	5.12e-01  7.90e-01  3.02e+05	37.6538 52.2697 0.4964	
40.926764 268.384053	3.92e-01  8.84e-01  3.06e+05	0.3931 61.8961 0.0888	
40.926764 268.384053	6.54e-01  7.65e-01  2.88e+05	-25.3121 69.6143 0.0353	
40.926764 268.384053	5.80e-01  8.28e-01  2.89e+05	12.8783 72.0351 0.7811	
40.926764 268.384053	4.48e-01  8.47e-01  3.03e+05	12.9369 62.4775 0.2501	
40.926764 268.384053	5.10e-01  8.92e-01  2.90e+05	-10.5512 71.9775 0.3201	
40.926764 268.384053	4.24e-01  8.80e-01  3.02e+05	-19.8864 61.4912 0.2039	
40.926764 268.384053	5.25e-01  5.95e-01  3.28e+05	1.6648 42.3522 0.2680	
40.926764 268.384053	5.53e-01  9.07e-01  2.83e+05	7.7697 76.5139 0.0362	
40.926764 268.384053	6.08e-01  6.91e-01  3.03e+05	-17.5041 61.7752 0.1193	
40.926764 268.384053	7.69e-01  8.37e-01  2.67e+05	-18.2647 83.8176 0.1079	
40.926764 268.384053	6.31e-01  8.21e-01  2.84e+05	18.9856 74.0212 0.8302	
40.926764 268.384053	4.46e-01  6.32e-01  3.35e+05	5.7297 34.0297 0.7848	
40.926764 268.384053	6.86e-01  8.61e-01  2.73e+05	-31.4821 76.1890 0.7516	
40.926764 268.384053	5.77e-01  7.38e-01  3.01e+05	5.7973 65.2897 0.4397	
40.926764 268.384053	6.07e-01  6.53e-01  3.08e+05	28.2725 53.3881 0.5539	
40.926764 268.384053	5.41e-01  7.32e-01  3.06e+05	17.3185 59.1036 0.5843	
40.926764 268.384053	6.74e-01  8.42e-01  2.77e+05	33.9205 73.0778 0.3658	
40.926764 268.384053	5.64e-01  6.64e-01  3.12e+05	13.2342 55.4182 0.4222	
40.926764 268.384053	5.28e-01  8.77e-01  2.89e+05	3.6993 72.9215 0.4811	
40.926764 268.384053	4.28e-01  7.85e-01  3.15e+05	2.4578 55.1231 0.9033	
40.926764 268.384053	7.13e-01  7.84e-01  2.79e+05	-7.6184 78.9836 0.6195	
40.926764 268.384053	5.96e-01  7.34e-01  2.99e+05	-9.3786 66.2602 0.7901	
40.926764 268.384053	4.56e-01  7.79e-01  3.11e+05	-12.9585 56.1970 0.9890	
40.926764 268.384053	4.25e-01  7.88e-01  3.15e+05	12.7252 53.6617 0.8563	
40.926764 268.384053	3.48e-01  9.63e-01  3.01e+05	31.2258 57.2636 0.5122	
40.926764 268.384053	5.04e-01  7.81e-01  3.05e+05	18.6927 59.9300 0.3570	
40.926764 268.384053	5.12e-01  8.33e-01  2.97e+05	38.6673 56.2121 0.3088	
40.926764 268.384053	5.34e-01  8.89e-01  2.87e+05	41.9417 61.3381 0.1883	
40.926764 268.384053	5.93e-01  8.36e-01  2.87e+05	-12.5258 73.6815 0.8027	
40.926764 268.384053	7.11e-01  9.30e-01  2.64e+05	-40.1923 77.8907 0.4773	
40.926764 268.384053	7.27e-01  9.57e-01  2.59e+05	-8.5282 89.3788 0.1238	
40.926764 268.384053	6.49e-01  9.16e-01  2.71e+05	-0.9969 83.4984 0.6755	
40.926764 268.384053	5.44e-01  6.16e-01  3.22e+05	9.1324 47.5658 0.1082	
40.926764 268.384053	5.02e-01  7.55e-01  3.08e+05	-16.4789 57.7811 0.5653	
40.926764 268.384053	4.78e-01  7.79e-01  3.08e+05	2.8287 60.0112 0.3622	
40.926764 268.384053	4.22e-01  7.39e-01  3.22e+05	14.0980 46.4121 0.4861	
40.926764 268.384053	5.09e-01  7.20e-01  3.12e+05	-8.7726 56.2835 0.0896	
40.926764 268.384053	5.21e-01  7.39e-01  3.08e+05	-35.7986 48.5321 0.6535	
40.926764 268.384053	4.75e-01  7.88e-01  3.08e+05	-3.9991 60.5301 0.1921	
40.926764 268.384053	5.59e-01  6.24e-01  3.19e+05	3.8376 51.3476 0.1099	
40.926764 268.384053	7.77e-01  8.41e-01  2.66e+05	10.3565 85.8261 0.4418	
40.926764 268.384053	5.73e-01  8.88e-01  2.83e+05	-7.7386 76.6478 0.4559	
40.926764 268.384053	5.29e-01  6.92e-01  3.13e+05	-0.6022 56.1484 0.0189	
40.926764 268.384053	5.70e-01  7.61e-01  2.99e+05	5.0963 66.7658 0.6583	
40.926764 268.384053	4.29e-01  7.98e-01  3.13e+05	-1.7072 56.7994 0.1133	
40.926764 268.384053	4.88e-01  7.00e-01  3.18e+05	16.5099 49.4511 0.6275	
40.926764 268.384053	5.24e-01  8.47e-01  2.94e+05	18.4005 67.8604 0.2259	
40.926764 268.384053	5.57e-01  8.16e-01  2.93e+05	-30.3448 63.6018 0.3201	
40.926764 268.384053	5.12e-01  6.35e-01  3.24e+05	-7.0292 46.0068 0.2218	
40.926764 268.384053	7.18e-01  9.05e-01  2.65e+05	-10.6931 86.0051 0.6076	
40.926764 268.384053	5.87e-01  8.66e-01  2.84e+05	-25.7077 71.9800 0.4164	
40.926764 268.384053	7.37e-01  7.97e-01  2.75e+05	32.0615 75.1050 0.6287	
40.926764 268.384053	2.16e-01  9.48e-01  3.22e+05	12.3778 47.4621 0.5544	
40.926764 268.384053	4.93e-01  6.72e-01  3.22e+05	-1.2495 49.0302 0.8737	
40.926764 268.384053	6.21e-01  9.31e-01  2.73e+05	-43.6920 70.2950 0.3261	
40.926764 268.384053	5.83e-01  7.34e-01  3.00e+05	1.3192 65.7889 0.8921	
40.926764 268.384053	5.54e-01  6.12e-01  3.21e+05	25.6567 42.0927 0.8408	
40.926764 268.384053	6.49e-01  7.71e-01  2.88e+05	19.1065 71.6290 0.6364	
40.926764 268.384053	5.55e-01  7.42e-01  3.03e+05	1.6549 63.9119 0.7071	
40.926764 268.384053	4.38e-01  8.78e-01  3.01e+05	10.3237 64.8391 0.4793	
40.926764 268.384053	3.62e-01  8.71e-01  3.12e+05	-11.1337 56.3307 0.0157	
40.926764 268.384053	5.76e-01  8.39e-01  2.88e+05	-4.9219 73.5620 0.5063	
40.926764 268.384053	5.28e-01  8.09e-01  2.98e+05	-15.1930 65.8053 0.5042	
40.926764 268.384053	4.22e-01  7.05e-01  3.27e+05	-20.3269 38.3918 0.2390	
40.926764 268.384053	6.37e-01  8.10e-01  2.84e+05	-17.0994 74.0924 0.6631	
40.926764 268.384053	6.09e-01  8.11e-01  2.88e+05	37.1704 64.1174 0.5398	
40.926764 268.384053	5.86e-01  8.17e-01  2.90e+05	-31.8375 65.4871 0.2580	
40.926764 268.384053	4.51e-01  7.67e-01  3.14e+05	-6.8304 55.3122 0.4029	
40.926764 268.384053	4.81e-01  9.56e-01  2.86e+05	-23.0615 71.7015 0.8751	
40.926764 268.384053	4.49e-01  7.00e-01  3.24e+05	5.3878 46.6383 0.6902	
40.926764 268.384053	6.81e-01  8.03e-01  2.80e+05	18.3902 76.3166 0.6337	
40.926764 268.384053	5.07e-01  6.90e-01  3.17e+05	-6.4346 52.8557 0.9953	
40.926764 268.384053	7.53e-01  9.34e-01  2.59e+05	14.8369 88.6899 0.7552	
40.926764 268.384053	4.23e-01  7.84e-01  3.15e+05	-5.8192 54.1465 0.8395	
40.926764 268.384053	4.77e-01  7.52e-01  3.12e+05	-3.7068 56.8461 0.4303	
40.926764 268.384053	6.83e-01  8.59e-01  2.74e+05	-2.9008 82.1184 0.4878	
40.926764 268.384053	4.97e-01  7.42e-01  3.11e+05	-24.9861 52.4947 0.0056	
40.926764 268.384053	5.04e-01  7.94e-01  3.03e+05	15.6930 62.1084 0.6941	
40.926764 268.384053	5.03e-01  8.82e-01  2.92e+05	1.3093 71.5014 0.6715	
40.926764 268.384053	2.55e-01  8.56e-01  3.30e+05	6.1200 40.2585 0.3138	
40.926764 268.384053	3.64e-01  8.68e-01  3.12e+05	1.1710 57.3829 0.9765	
40.926764 268.384053	5.39e-01  6.73e-01  3.15e+05	2.1108 54.9934 0.9014	
40.926764 268.384053	4.61e-01  6.82e-01  3.25e+05	9.1799 44.9439 0.6727	
40.926764 268.384053	5.79e-01  6.46e-01  3.13e+05	4.1317 56.3724 0.0686	
40.926764 268.384053	4.96e-01  8.73e-01  2.94e+05	0.1263 70.1436 0.5839	
40.926764 268.384053	4.77e-01  9.05e-01  2.92e+05	5.7418 70.9977 0.5375	
40.926764 268.384053	4.79e-01  7.39e-01  3.14e+05	7.7270 55.2180 0.7222	
40.926764 268.384053	5.33e-01  7.14e-01  3.10e+05	-2.7163 58.8718 0.5647	
40.926764 268.384053	5.85e-01  8.54e-01  2.85e+05	17.2025 73.4455 0.0748	
40.926764 268.384053	5.71e-01  7.29e-01  3.03e+05	10.0371 63.4465 0.6311	
40.926764 268.384053	5.34e-01  8.45e-01  2.93e+05	-8.3677 70.5275 0.8818	
40.926764 268.384053	6.87e-01  8.27e-01  2.77e+05	-16.6665 78.6845 0.6429	
40.926764 268.384053	5.39e-01  8.87e-01  2.87e+05	0.6743 74.5051 0.6115	
40.926764 268.384053	5.97e-01  6.62e-01  3.08e+05	40.5682 44.5908 0.7776	
40.926764 268.384053	5.52e-01  8.42e-01  2.91e+05	-2.9925 72.0422 0.0790	
40.926764 268.384053	6.70e-01  7.62e-01  2.86e+05	16.1683 73.1623 0.8242	
40.926764 268.384053	8.28e-01  8.93e-01  2.56e+05	24.2470 88.3070 0.7013	
40.926764 268.384053	5.13e-01  7.67e-01  3.05e+05	-23.9680 57.4918 0.1076	
40.926764 268.384053	5.76e-01  8.35e-01  2.89e+05	3.9675 73.3425 0.2252	
40.926764 268.384053	5.83e-01  7.24e-01  3.02e+05	-13.8417 63.4420 0.2581	
40.926764 268.384053	5.41e-01  7.87e-01  2.99e+05	10.2012 65.9906 0.1640	
40.926764 268.384053	4.00e-01  7.16e-01  3.29e+05	-6.5232 41.1817 0.9183	
40.926764 268.384053	6.58e-01  8.59e-01  2.77e+05	21.0275 77.8320 0.3717	
40.926764 268.384053	6.45e-01  8.21e-01  2.82e+05	-17.5384 75.2761 0.2016	
40.926764 268.384053	6.13e-01  8.46e-01  2.83e+05	-13.4717 75.6706 0.8322	
40.926764 268.384053	4.06e-01  8.75e-01  3.05e+05	2.8527 62.3157 0.3737	
40.926764 268.384053	3.22e-01  8.50e-01  3.21e+05	-8.1452 49.3652 0.1644	
40.926764 268.384053	3.54e-01  8.69e-01  3.13e+05	16.7863 53.8224 0.0057	
40.926764 268.384053	5.85e-01  8.02e-01  2.92e+05	18.7608 69.1202 0.7181	
40.926764 268.384053	3.99e-01  7.34e-01  3.26e+05	-23.1997 37.8421 0.4065	
40.926764 268.384053	4.43e-01  6.94e-01  3.26e+05	-22.7230 38.7786 0.9763	
40.926764 268.384053	4.50e-01  8.06e-01  3.09e+05	-1.6331 59.8804 0.0078	
40.926764 268.384053	6.31e-01  8.12e-01  2.85e+05	-12.0721 74.7467 0.8136	
40.926764 268.384053	3.90e-01  8.30e-01  3.14e+05	8.3044 55.3477 0.7852	
40.926764 268.384053	4.59e-01  8.02e-01  3.08e+05	7.2294 59.9622 0.6568	
40.926764 268.384053	4.80e-01  9.68e-01  2.84e+05	-42.5053 63.1003 0.1354	
40.926764 268.384053	4.64e-01  9.57e-01  2.88e+05	-0.1007 74.1701 0.7187	
40.926764 268.384053	6.17e-01  8.40e-01  2.83e+05	-32.4692 69.5025 0.2699	
40.926764 268.384053	5.63e-01  7.55e-01  3.00e+05	-5.5743 65.6232 0.6526	
40.926764 268.384053	3.44e-01  8.59e-01  3.16e+05	18.7261 50.5918 0.7334	
40.926764 268.384053	5.72e-01  7.46e-01  3.00e+05	2.5738 65.8435 0.7600	
40.926764 268.384053	5.53e-01  6.37e-01  3.18e+05	31.1914 42.1887 0.3265	
40.926764 268.384053	4.17e-01  9.20e-01  2.98e+05	-35.6943 57.3401 0.1483	
40.926764 268.384053	5.35e-01  7.72e-01  3.02e+05	30.6673 57.1464 0.8079	
40.926764 268.384053	6.49e-01  8.55e-01  2.78e+05	-5.7768 79.5788 0.8905	
40.926764 268.384053	5.50e-01  8.05e-01  2.96e+05	-9.1073 68.4313 0.5111	
40.926764 268.384053	4.12e-01  9.26e-01  2.98e+05	11.3557 66.6249 0.6202	
40.926764 268.384053	7.93e-01  9.32e-01  2.55e+05	16.8943 90.1803 0.7823	
40.926764 268.384053	6.20e-01  7.73e-01  2.91e+05	17.2599 70.0222 0.1775	
40.926764 268.384053	5.07e-01  8.91e-01  2.90e+05	-1.4787 72.4170 0.2228	
40.926764 268.384053	7.19e-01  8.13e-01  2.75e+05	-29.5903 75.9749 0.4678	
40.926764 268.384053	3.64e-01  9.61e-01  2.99e+05	-0.5160 66.4861 0.3718	
40.926764 268.384053	4.44e-01  9.37e-01  2.92e+05	24.8361 66.7005 0.3699	
40.926764 268.384053	6.42e-01  8.01e-01  2.85e+05	-0.9273 75.7275 0.5340	
40.926764 268.384053	5.06e-01  8.71e-01  2.93e+05	-40.8320 57.9481 0.0223	
40.926764 268.384053	4.98e-01  8.30e-01  2.99e+05	9.3675 66.0710 0.9653	
40.926764 268.384053	5.20e-01  6.80e-01  3.16e+05	2.8590 53.5027 0.5052	
40.926764 268.384053	4.97e-01  7.93e-01  3.04e+05	-9.6516 62.5396 0.2579	
40.926764 268.384053	5.47e-01  8.42e-01  2.91e+05	-10.0184 71.0411 0.1248	
40.926764 268.384053	5.62e-01  6.42e-01  3.16e+05	-17.2687 51.3600 0.6218	
40.926764 268.384053	5.10e-01  7.14e-01  3.13e+05	-7.7518 55.9144 0.5607	
40.926764 268.384053	5.32e-01  7.89e-01  3.00e+05	-9.8267 65.4127 0.7906	
40.926764 268.384053	6.67e-01  8.63e-01  2.75e+05	-12.7827 80.3989 0.9032	
40.926764 268.384053	5.82e-01  8.30e-01  2.89e+05	-16.8345 71.5506 0.9670	
40.926764 268.384053	4.85e-01  7.74e-01  3.08e+05	-11.1943 59.2036 0.8721	
40.926764 268.384053	5.57e-01  7.48e-01  3.02e+05	-1.5317 64.7393 0.0083	
40.926764 268.384053	5.32e-01  7.79e-01  3.01e+05	36.9694 53.8070 0.7585	
40.926764 268.384053	6.84e-01  8.20e-01  2.78e+05	10.7061 79.0458 0.0254	
40.926764 268.384053	5.01e-01  9.06e-01  2.89e+05	-11.1026 72.2821 0.6122	
40.926764 268.384053	3.58e-01  8.00e-01  3.23e+05	-37.7005 29.9069 0.4185	
40.926764 268.384053	3.54e-01  7.47e-01  3.31e+05	-2.4089 38.8152 0.3113	
40.926764 268.384053	2.40e-01  9.63e-01  3.16e+05	1.7461 53.9390 0.7831	
40.926764 268.384053	3.42e-01  7.69e-01  3.30e+05	0.9717 40.6453 0.7176	
40.926764 268.384053	6.88e-01  8.53e-01  2.74e+05	-6.7033 81.8236 0.8833	
40.926764 268.384053	6.72e-01  8.31e-01  2.78e+05	38.0157 70.1536 0.2866	
40.926764 268.384053	5.75e-01  7.84e-01  2.95e+05	-17.9442 67.0128 0.4342	
40.926764 268.384053	6.46e-01  8.13e-01  2.83e+05	-0.0927 76.8448 0.1620	
40.926764 268.384053	4.77e-01  7.46e-01  3.13e+05	6.8476 55.9872 0.1374	
40.926764 268.384053	4.05e-01  8.42e-01  3.10e+05	22.3915 54.6380 0.8770	
40.926764 268.384053	4.87e-01  7.69e-01  3.08e+05	4.0374 59.8275 0.6409	
40.926764 268.384053	4.47e-01  8.22e-01  3.07e+05	-17.0816 58.7799 0.7293	
40.926764 268.384053	4.77e-01  6.67e-01  3.25e+05	13.2987 44.1658 0.6907	
40.926764 268.384053	4.27e-01  9.11e-01  2.98e+05	21.6400 64.1010 0.2202	
40.926764 268.384053	6.49e-01  8.54e-01  2.78e+05	31.0478 73.4290 0.0911	
40.926764 268.384053	6.10e-01  7.45e-01  2.96e+05	-14.2148 67.5904 0.3252	
40.926764 268.384053	4.31e-01  8.58e-01  3.04e+05	-6.6642 62.8926 0.3379	
40.926764 268.384053	4.93e-01  8.66e-01  2.95e+05	25.1355 64.6596 0.9098	
40.926764 268.384053	4.68e-01  8.06e-01  3.06e+05	17.8058 59.1084 0.6471	
40.926764 268.384053	4.74e-01  6.24e-01  3.32e+05	-10.2270 37.1255 0.3028	
40.926764 268.384053	5.68e-01  7.21e-01  3.04e+05	-3.8166 63.0196 0.6746	
40.926764 268.384053	6.72e-01  9.56e-01  2.65e+05	-8.8167 86.5517 0.6963	
