71.215348 260.803526	5.21e-01  7.87e-01  2.91e+05	-0.0000 58.7660 0.3958	
71.215348 260.803526	6.44e-01  8.50e-01  2.69e+05	-25.6228 66.8676 0.6069	
71.215348 260.803526	8.35e-01  8.76e-01  2.48e+05	-6.0459 82.1204 0.7950	
71.215348 260.803526	5.21e-01  8.04e-01  2.89e+05	-15.5479 58.0751 0.0368	
71.215348 260.803526	5.24e-01  7.77e-01  2.92e+05	-33.6864 47.4814 0.5069	
71.215348 260.803526	6.44e-01  7.62e-01  2.80e+05	1.5474 65.9807 0.5587	
71.215348 260.803526	4.02e-01  8.66e-01  2.96e+05	13.0070 53.7936 0.3774	
71.215348 260.803526	6.88e-01  8.33e-01  2.67e+05	2.8462 73.0825 0.1472	
71.215348 260.803526	6.87e-01  8.47e-01  2.65e+05	2.5966 73.7918 0.4954	
71.215348 260.803526	7.16e-01  8.26e-01  2.64e+05	20.7515 71.3129 0.6572	
71.215348 260.803526	6.60e-01  9.30e-01  2.60e+05	1.6121 76.7567 0.0941	
71.215348 260.803526	5.00e-01  7.63e-01  2.97e+05	12.4111 53.4236 0.2058	
71.215348 260.803526	5.29e-01  7.75e-01  2.92e+05	-1.9623 58.3649 0.2922	
71.215348 260.803526	6.85e-01  7.56e-01  2.75e+05	-1.5728 68.2952 0.9110	
71.215348 260.803526	7.91e-01  9.03e-01  2.50e+05	18.0594 79.6185 0.7428	
71.215348 260.803526	5.28e-01  8.94e-01  2.78e+05	-30.5051 59.7888 0.9293	
71.215348 260.803526	5.54e-01  7.59e-01  2.91e+05	-32.7919 49.2859 0.8546	
71.215348 260.803526	6.15e-01  7.83e-01  2.80e+05	5.4999 65.2653 0.1036	
71.215348 260.803526	5.13e-01  7.95e-01  2.91e+05	19.6398 55.3723 0.1904	
71.215348 260.803526	5.19e-01  8.77e-01  2.81e+05	13.4625 63.9561 0.1611	
71.215348 260.803526	5.59e-01  6.79e-01  3.00e+05	17.7402 49.3343 0.2891	
71.215348 260.803526	5.27e-01  6.18e-01  3.13e+05	-3.8124 41.6373 0.7542	
71.215348 260.803526	6.02e-01  9.02e-01  2.68e+05	-15.7565 70.4338 0.4768	
71.215348 260.803526	6.94e-01  7.81e-01  2.72e+05	-21.0417 67.2592 0.6434	
71.215348 260.803526	4.85e-01  7.20e-01  3.05e+05	7.9151 48.4176 0.3954	
71.215348 260.803526	6.34e-01  7.17e-01  2.86e+05	25.4071 56.7115 0.2098	
71.215348 260.803526	6.70e-01  8.42e-01  2.68e+05	14.2321 71.1765 0.9595	
71.215348 260.803526	4.87e-01  8.00e-01  2.94e+05	-12.9448 55.4377 0.1616	
71.215348 260.803526	5.05e-01  9.05e-01  2.79e+05	16.9817 64.0993 0.8451	
71.215348 260.803526	6.65e-01  8.55e-01  2.67e+05	10.9681 72.1730 0.8193	
71.215348 260.803526	6.75e-01  8.23e-01  2.69e+05	-11.3380 70.8888 0.7787	
71.215348 260.803526	5.87e-01  8.18e-01  2.80e+05	-2.5823 65.9499 0.0201	
71.215348 260.803526	6.32e-01  7.75e-01  2.79e+05	1.0015 66.1183 0.8111	
71.215348 260.803526	5.33e-01  8.71e-01  2.80e+05	30.1610 58.6490 0.8794	
71.215348 260.803526	5.86e-01  9.14e-01  2.69e+05	-31.4507 64.6791 0.1088	
71.215348 260.803526	5.20e-01  8.95e-01  2.78e+05	9.3885 66.0256 0.2156	
71.215348 260.803526	4.48e-01  9.67e-01  2.78e+05	0.2769 66.6006 0.6850	
71.215348 260.803526	5.66e-01  9.34e-01  2.69e+05	5.4036 71.7446 0.9778	
71.215348 260.803526	4.05e-01  9.11e-01  2.90e+05	13.5421 57.8386 0.9384	
71.215348 260.803526	4.24e-01  7.85e-01  3.04e+05	-4.8053 49.1949 0.7842	
71.215348 260.803526	5.97e-01  7.80e-01  2.83e+05	0.6410 64.0686 0.4901	
71.215348 260.803526	5.25e-01  8.37e-01  2.85e+05	-4.0739 62.8095 0.8352	
71.215348 260.803526	7.26e-01  7.65e-01  2.70e+05	15.6779 69.6807 0.0548	
71.215348 260.803526	6.09e-01  7.54e-01  2.84e+05	-2.1006 63.0374 0.8607	
71.215348 260.803526	3.32e-01  8.93e-01  3.02e+05	22.9999 45.6898 0.2183	
71.215348 260.803526	7.81e-01  9.35e-01  2.48e+05	47.3918 67.5648 0.3852	
71.215348 260.803526	4.98e-01  7.15e-01  3.04e+05	-4.5774 49.7016 0.9251	
71.215348 260.803526	6.04e-01  6.96e-01  2.92e+05	0.7132 58.0979 0.3930	
71.215348 260.803526	6.30e-01  9.18e-01  2.64e+05	6.2516 74.3448 0.9378	
71.215348 260.803526	5.59e-01  8.71e-01  2.77e+05	7.2292 67.2751 0.5916	
71.215348 260.803526	5.08e-01  8.76e-01  2.82e+05	-5.9499 64.2697 0.1590	
71.215348 260.803526	6.21e-01  8.10e-01  2.77e+05	17.6050 65.3891 0.3716	
71.215348 260.803526	7.12e-01  9.49e-01  2.53e+05	-17.5746 78.1678 0.4019	
71.215348 260.803526	6.47e-01  8.08e-01  2.74e+05	13.0183 68.0009 0.9306	
71.215348 260.803526	6.73e-01  8.62e-01  2.65e+05	-1.9762 73.8496 0.3608	
71.215348 260.803526	5.58e-01  8.31e-01  2.81e+05	15.5300 63.0205 0.4488	
71.215348 260.803526	6.87e-01  8.00e-01  2.70e+05	-5.6124 70.9534 0.2253	
71.215348 260.803526	6.57e-01  8.27e-01  2.71e+05	-26.9913 65.6172 0.5158	
71.215348 260.803526	6.93e-01  8.34e-01  2.66e+05	13.4892 72.2226 0.5764	
71.215348 260.803526	3.53e-01  9.43e-01  2.93e+05	4.6390 57.5934 0.4649	
71.215348 260.803526	7.86e-01  9.35e-01  2.47e+05	-2.8185 82.6912 0.8264	
71.215348 260.803526	5.65e-01  7.20e-01  2.94e+05	6.9124 56.3403 0.3216	
71.215348 260.803526	3.95e-01  6.75e-01  3.25e+05	9.9049 27.8761 0.2711	
71.215348 260.803526	5.40e-01  7.79e-01  2.90e+05	-6.9034 59.2508 0.9305	
71.215348 260.803526	5.48e-01  9.14e-01  2.73e+05	1.7014 69.6357 0.6062	
71.215348 260.803526	6.04e-01  7.89e-01  2.81e+05	37.6115 53.1991 0.7738	
71.215348 260.803526	6.30e-01  8.05e-01  2.76e+05	-29.8040 61.0365 0.5406	
71.215348 260.803526	5.09e-01  8.45e-01  2.86e+05	-5.9015 62.1362 0.4328	
71.215348 260.803526	5.53e-01  6.65e-01  3.03e+05	1.3087 50.3387 0.5942	
71.215348 260.803526	3.85e-01  7.40e-01  3.16e+05	-17.5550 34.7813 0.4604	
71.215348 260.803526	6.80e-01  9.44e-01  2.56e+05	-40.8219 66.9224 0.5837	
71.215348 260.803526	5.44e-01  8.22e-01  2.84e+05	-1.7186 63.2418 0.7195	
71.215348 260.803526	6.00e-01  7.19e-01  2.90e+05	3.3740 59.5455 0.2292	
71.215348 260.803526	5.25e-01  9.00e-01  2.77e+05	-10.3384 66.4747 0.1964	
71.215348 260.803526	6.02e-01  6.93e-01  2.93e+05	-30.8656 48.6948 0.6000	
71.215348 260.803526	6.95e-01  7.74e-01  2.72e+05	0.8200 70.0708 0.1803	
71.215348 260.803526	6.63e-01  9.37e-01  2.59e+05	-0.8055 77.2807 0.3977	
71.215348 260.803526	6.18e-01  6.96e-01  2.91e+05	9.1603 58.5377 0.6276	
71.215348 260.803526	5.96e-01  8.53e-01  2.74e+05	42.9260 53.8736 0.3680	
71.215348 260.803526	6.49e-01  6.89e-01  2.87e+05	-26.1624 55.3219 0.5002	
71.215348 260.803526	6.42e-01  7.47e-01  2.81e+05	15.1545 63.0669 0.7357	
71.215348 260.803526	6.02e-01  8.11e-01  2.79e+05	-7.8667 66.0648 0.1839	
71.215348 260.803526	5.61e-01  9.36e-01  2.69e+05	29.8866 65.2145 0.7119	
71.215348 260.803526	5.33e-01  8.78e-01  2.79e+05	-15.6727 64.5281 0.9574	
71.215348 260.803526	5.43e-01  8.30e-01  2.83e+05	-25.0960 58.6233 0.5436	
71.215348 260.803526	5.76e-01  8.43e-01  2.78e+05	21.2604 63.4070 0.1264	
71.215348 260.803526	4.54e-01  9.52e-01  2.79e+05	15.9149 64.1182 0.5787	
71.215348 260.803526	5.54e-01  7.48e-01  2.92e+05	-17.3174 55.6326 0.8198	
71.215348 260.803526	7.53e-01  8.13e-01  2.62e+05	12.7211 74.4293 0.6614	
71.215348 260.803526	4.67e-01  8.84e-01  2.86e+05	-16.8871 59.8426 0.4091	
71.215348 260.803526	6.26e-01  7.35e-01  2.85e+05	0.6812 62.8892 0.7443	
71.215348 260.803526	5.11e-01  7.33e-01  3.00e+05	-6.2069 52.5744 0.6834	
71.215348 260.803526	3.90e-01  8.32e-01  3.03e+05	-18.1181 47.4628 0.5833	
71.215348 260.803526	4.07e-01  9.02e-01  2.91e+05	-14.8727 56.8573 0.6447	
71.215348 260.803526	7.52e-01  9.62e-01  2.48e+05	-10.5977 81.7954 0.5463	
71.215348 260.803526	5.01e-01  8.03e-01  2.92e+05	19.1983 55.1431 0.6748	
71.215348 260.803526	4.86e-01  8.37e-01  2.89e+05	3.2684 59.8632 0.8635	
71.215348 260.803526	4.97e-01  7.06e-01  3.05e+05	6.3482 48.4020 0.2997	
71.215348 260.803526	6.88e-01  8.64e-01  2.63e+05	29.7641 68.6104 0.0071	
71.215348 260.803526	4.95e-01  8.65e-01  2.85e+05	27.1358 56.5789 0.8603	
71.215348 260.803526	7.21e-01  7.34e-01  2.74e+05	-5.1147 69.0481 0.3101	
71.215348 260.803526	5.98e-01  6.87e-01  2.94e+05	5.8121 56.5583 0.2967	
71.215348 260.803526	3.83e-01  9.15e-01  2.93e+05	8.5924 57.2784 0.1963	
71.215348 260.803526	4.95e-01  7.26e-01  3.03e+05	-14.2351 48.7058 0.6956	
71.215348 260.803526	4.84e-01  7.57e-01  3.00e+05	-0.0158 52.6903 0.3372	
71.215348 260.803526	6.09e-01  7.39e-01  2.86e+05	5.8610 61.5718 0.4878	
71.215348 260.803526	7.15e-01  8.41e-01  2.63e+05	30.6925 68.4501 0.9243	
71.215348 260.803526	5.99e-01  8.03e-01  2.80e+05	18.7270 63.0976 0.6202	
71.215348 260.803526	3.97e-01  8.53e-01  2.99e+05	-32.8388 42.3510 0.4616	
71.215348 260.803526	7.52e-01  9.05e-01  2.53e+05	0.1994 79.9571 0.2108	
71.215348 260.803526	7.31e-01  9.35e-01  2.52e+05	33.2079 73.1624 0.7234	
71.215348 260.803526	6.06e-01  8.78e-01  2.71e+05	-0.5397 70.9868 0.7663	
71.215348 260.803526	6.81e-01  8.65e-01  2.64e+05	39.8477 62.8961 0.3853	
71.215348 260.803526	5.16e-01  7.63e-01  2.95e+05	-1.4260 56.2735 0.2909	
71.215348 260.803526	7.11e-01  8.22e-01  2.65e+05	-7.8397 73.3783 0.5863	
71.215348 260.803526	4.13e-01  8.32e-01  2.99e+05	6.0931 52.8000 0.2516	
71.215348 260.803526	4.77e-01  8.40e-01  2.90e+05	0.7072 59.4861 0.3482	
71.215348 260.803526	7.93e-01  8.76e-01  2.52e+05	-1.1623 80.5042 0.9277	
71.215348 260.803526	7.10e-01  8.30e-01  2.65e+05	4.1264 74.0190 0.0065	
71.215348 260.803526	5.31e-01  8.03e-01  2.88e+05	-21.1203 57.0465 0.0212	
71.215348 260.803526	5.30e-01  8.57e-01  2.82e+05	-23.2359 60.4535 0.3514	
71.215348 260.803526	6.68e-01  8.52e-01  2.67e+05	-39.7644 61.2555 0.0213	
71.215348 260.803526	9.21e-01  9.28e-01  2.36e+05	7.5806 87.4558 0.3425	
71.215348 260.803526	6.51e-01  8.51e-01  2.69e+05	-10.7291 71.2237 0.4008	
71.215348 260.803526	7.29e-01  8.22e-01  2.64e+05	-14.7431 73.2420 0.3747	
71.215348 260.803526	5.41e-01  8.05e-01  2.87e+05	2.6171 61.6414 0.6754	
71.215348 260.803526	5.21e-01  7.78e-01  2.92e+05	-5.0388 57.7357 0.3854	
71.215348 260.803526	6.21e-01  7.61e-01  2.82e+05	-13.6952 62.9435 0.7794	
71.215348 260.803526	5.15e-01  7.63e-01  2.95e+05	-7.5967 55.6748 0.9620	
71.215348 260.803526	7.00e-01  9.53e-01  2.53e+05	-29.3128 74.2112 0.7790	
71.215348 260.803526	6.64e-01  9.18e-01  2.60e+05	4.0535 76.2826 0.0773	
71.215348 260.803526	3.92e-01  8.98e-01  2.94e+05	0.7843 57.2176 0.8488	
71.215348 260.803526	4.71e-01  9.30e-01  2.80e+05	-36.2343 54.7694 0.3981	
71.215348 260.803526	3.10e-01  9.09e-01  3.03e+05	14.6177 48.4319 0.0215	
71.215348 260.803526	5.81e-01  7.66e-01  2.86e+05	-3.8021 61.7266 0.2132	
71.215348 260.803526	6.27e-01  9.59e-01  2.60e+05	-11.7572 75.6071 0.6124	
71.215348 260.803526	4.54e-01  9.58e-01  2.79e+05	16.8009 64.3132 0.1938	
71.215348 260.803526	6.33e-01  8.78e-01  2.68e+05	0.3663 72.5814 0.6403	
71.215348 260.803526	5.16e-01  7.76e-01  2.93e+05	-6.4730 57.0374 0.3049	
71.215348 260.803526	5.16e-01  8.07e-01  2.90e+05	-1.5331 59.8840 0.1509	
71.215348 260.803526	5.78e-01  8.43e-01  2.78e+05	34.9009 57.2503 0.7240	
71.215348 260.803526	4.12e-01  9.30e-01  2.87e+05	9.1808 60.7840 0.2747	
71.215348 260.803526	5.71e-01  8.04e-01  2.83e+05	-35.5939 53.0735 0.3986	
71.215348 260.803526	6.22e-01  7.56e-01  2.83e+05	-0.8892 64.1293 0.5868	
71.215348 260.803526	5.62e-01  8.34e-01  2.81e+05	-16.0312 63.3470 0.2574	
71.215348 260.803526	8.26e-01  9.44e-01  2.43e+05	8.9889 84.3318 0.9103	
71.215348 260.803526	7.07e-01  7.99e-01  2.68e+05	-27.9560 66.5808 0.6830	
71.215348 260.803526	7.34e-01  9.72e-01  2.49e+05	6.5207 81.8432 0.3114	
71.215348 260.803526	7.56e-01  7.86e-01  2.64e+05	3.3300 74.1729 0.5368	
71.215348 260.803526	5.43e-01  8.39e-01  2.82e+05	15.5670 62.4799 0.3256	
71.215348 260.803526	6.06e-01  9.17e-01  2.66e+05	-11.2411 72.3563 0.3065	
71.215348 260.803526	5.75e-01  8.16e-01  2.81e+05	-27.1541 59.0616 0.8372	
71.215348 260.803526	6.95e-01  7.56e-01  2.74e+05	-2.4801 68.9094 0.9268	
71.215348 260.803526	4.55e-01  7.98e-01  2.98e+05	-2.6658 53.7677 0.8065	
71.215348 260.803526	4.03e-01  7.85e-01  3.07e+05	-5.5870 46.8366 0.3042	
71.215348 260.803526	5.59e-01  7.41e-01  2.92e+05	-30.5851 49.3770 0.8088	
71.215348 260.803526	8.13e-01  8.52e-01  2.52e+05	2.7365 80.2445 0.5816	
71.215348 260.803526	5.20e-01  8.41e-01  2.85e+05	1.5976 62.8325 0.3533	
71.215348 260.803526	5.07e-01  8.92e-01  2.80e+05	27.4971 59.5469 0.9656	
71.215348 260.803526	4.46e-01  8.54e-01  2.92e+05	-3.1301 57.9727 0.1640	
71.215348 260.803526	5.63e-01  7.27e-01  2.94e+05	2.2370 57.1474 0.5863	
71.215348 260.803526	4.44e-01  7.52e-01  3.06e+05	3.3146 47.9639 0.2635	
71.215348 260.803526	4.26e-01  9.13e-01  2.87e+05	-5.3912 60.9630 0.6738	
71.215348 260.803526	6.73e-01  8.11e-01  2.71e+05	-5.8211 70.7270 0.8976	
71.215348 260.803526	7.08e-01  9.15e-01  2.56e+05	39.4658 67.7328 0.6697	
71.215348 260.803526	5.73e-01  8.33e-01  2.79e+05	-34.6154 56.2658 0.6431	
71.215348 260.803526	6.32e-01  7.93e-01  2.77e+05	8.8011 66.7486 0.6162	
71.215348 260.803526	6.55e-01  7.69e-01  2.77e+05	6.0024 66.9744 0.6330	
71.215348 260.803526	6.43e-01  6.83e-01  2.89e+05	-24.0971 55.1358 0.5107	
71.215348 260.803526	5.63e-01  8.79e-01  2.75e+05	15.6778 66.6349 0.3351	
71.215348 260.803526	7.49e-01  9.76e-01  2.47e+05	30.0068 77.3299 0.7817	
71.215348 260.803526	5.65e-01  6.68e-01  3.01e+05	10.0043 50.9452 0.6081	
71.215348 260.803526	6.95e-01  8.78e-01  2.61e+05	-19.3251 73.3696 0.1623	
71.215348 260.803526	6.99e-01  7.70e-01  2.72e+05	14.1265 68.6810 0.1482	
71.215348 260.803526	4.46e-01  8.12e-01  2.98e+05	-4.7861 54.1717 0.4672	
71.215348 260.803526	5.94e-01  7.66e-01  2.85e+05	-11.4665 61.7878 0.3757	
71.215348 260.803526	5.07e-01  7.77e-01  2.94e+05	-23.2625 51.7194 0.7064	
71.215348 260.803526	8.07e-01  8.74e-01  2.51e+05	-8.9910 80.5360 0.9542	
71.215348 260.803526	3.94e-01  9.57e-01  2.86e+05	-6.8892 61.7491 0.0278	
71.215348 260.803526	4.02e-01  8.77e-01  2.95e+05	-1.7428 56.2173 0.0503	
71.215348 260.803526	7.23e-01  9.04e-01  2.56e+05	-37.6348 68.9345 0.2087	
71.215348 260.803526	4.80e-01  9.59e-01  2.76e+05	-0.8720 68.2235 0.1486	
71.215348 260.803526	5.79e-01  8.67e-01  2.75e+05	-8.3446 68.1694 0.5812	
71.215348 260.803526	3.82e-01  7.92e-01  3.09e+05	7.8133 44.7667 0.7179	
71.215348 260.803526	2.71e-01  9.08e-01  3.09e+05	-6.5617 45.5816 0.4992	
71.215348 260.803526	6.86e-01  7.86e-01  2.72e+05	16.1481 68.4170 0.5353	
71.215348 260.803526	6.21e-01  7.16e-01  2.88e+05	-26.8595 54.8715 0.5853	
71.215348 260.803526	5.93e-01  7.38e-01  2.88e+05	8.0106 60.0765 0.0142	
71.215348 260.803526	3.91e-01  8.40e-01  3.01e+05	6.6199 51.3344 0.7490	
71.215348 260.803526	4.12e-01  8.04e-01  3.03e+05	-10.7296 49.0127 0.9622	
71.215348 260.803526	5.50e-01  9.12e-01  2.73e+05	30.5358 62.6080 0.8480	
71.215348 260.803526	6.34e-01  8.81e-01  2.67e+05	-6.7307 72.4790 0.6423	
71.215348 260.803526	4.76e-01  8.94e-01  2.84e+05	9.1873 62.8510 0.7631	
71.215348 260.803526	5.73e-01  8.93e-01  2.73e+05	-34.1585 60.9890 0.8402	
71.215348 260.803526	4.70e-01  8.20e-01  2.94e+05	-5.7609 56.9434 0.2710	
71.215348 260.803526	5.83e-01  6.48e-01  3.01e+05	23.8206 45.9639 0.4099	
71.215348 260.803526	5.94e-01  9.41e-01  2.65e+05	14.2427 72.4573 0.1436	
71.215348 260.803526	5.64e-01  8.40e-01  2.80e+05	-2.0066 65.8845 0.1757	
71.215348 260.803526	7.38e-01  9.75e-01  2.48e+05	-12.6044 81.4672 0.9391	
71.215348 260.803526	6.58e-01  8.09e-01  2.73e+05	-20.1885 66.9875 0.8285	
71.215348 260.803526	7.62e-01  9.09e-01  2.52e+05	28.4766 75.4017 0.4594	
71.215348 260.803526	5.59e-01  7.79e-01  2.88e+05	-17.9530 58.4059 0.2927	
71.215348 260.803526	7.63e-01  8.28e-01  2.60e+05	30.8271 70.3175 0.7448	
71.215348 260.803526	6.13e-01  8.49e-01  2.73e+05	-6.6695 69.3522 0.8738	
71.215348 260.803526	5.72e-01  8.02e-01  2.83e+05	38.4898 50.9584 0.1546	
71.215348 260.803526	8.84e-01  9.07e-01  2.41e+05	24.7927 81.9472 0.0175	
71.215348 260.803526	4.92e-01  9.61e-01  2.74e+05	-6.6960 68.7660 0.6870	
71.215348 260.803526	7.46e-01  8.55e-01  2.59e+05	37.9671 67.3058 0.0289	
71.215348 260.803526	5.80e-01  8.00e-01  2.82e+05	1.2344 64.2379 0.4146	
71.215348 260.803526	7.45e-01  7.99e-01  2.64e+05	-13.0442 73.1782 0.0094	
71.215348 260.803526	4.02e-01  8.68e-01  2.96e+05	6.0159 55.1505 0.0502	
71.215348 260.803526	7.40e-01  8.39e-01  2.61e+05	-4.4315 76.0595 0.7661	
71.215348 260.803526	3.44e-01  8.81e-01  3.02e+05	-14.1171 49.1528 0.4134	
71.215348 260.803526	5.84e-01  7.42e-01  2.89e+05	-44.9682 40.1275 0.2183	
71.215348 260.803526	6.49e-01  8.53e-01  2.69e+05	-11.5724 71.0884 0.1155	
71.215348 260.803526	4.76e-01  7.56e-01  3.01e+05	8.5076 51.0893 0.6162	
71.215348 260.803526	4.98e-01  8.24e-01  2.90e+05	5.8597 59.5959 0.7925	
71.215348 260.803526	4.14e-01  7.22e-01  3.15e+05	19.1381 35.8021 0.8520	
71.215348 260.803526	6.04e-01  6.72e-01  2.95e+05	11.6108 54.7247 0.7934	
71.215348 260.803526	5.68e-01  7.87e-01  2.85e+05	34.4271 52.0929 0.1842	
71.215348 260.803526	6.64e-01  8.65e-01  2.66e+05	24.2423 69.4542 0.8613	
71.215348 260.803526	5.09e-01  8.51e-01  2.85e+05	-3.7870 62.7352 0.9342	
71.215348 260.803526	6.38e-01  7.48e-01  2.82e+05	14.2295 63.1507 0.8724	
71.215348 260.803526	6.82e-01  7.95e-01  2.71e+05	-1.5028 70.5695 0.1792	
71.215348 260.803526	4.93e-01  9.41e-01  2.76e+05	-9.4910 67.1882 0.6652	
71.215348 260.803526	5.05e-01  9.11e-01  2.78e+05	-22.8456 62.6940 0.3381	
71.215348 260.803526	6.42e-01  7.93e-01  2.76e+05	-5.8195 67.7229 0.3492	
71.215348 260.803526	6.03e-01  7.27e-01  2.89e+05	6.3390 60.2075 0.0820	
71.215348 260.803526	4.65e-01  9.17e-01  2.82e+05	2.3237 64.3502 0.8517	
71.215348 260.803526	5.70e-01  8.22e-01  2.81e+05	18.1102 62.5759 0.7442	
71.215348 260.803526	8.77e-01  9.50e-01  2.38e+05	12.8785 86.0436 0.2669	
71.215348 260.803526	5.69e-01  8.06e-01  2.83e+05	17.6795 61.3745 0.7171	
71.215348 260.803526	6.15e-01  9.50e-01  2.62e+05	12.3880 74.4286 0.2351	
71.215348 260.803526	5.40e-01  9.51e-01  2.70e+05	45.2024 55.3032 0.6286	
71.215348 260.803526	4.87e-01  6.70e-01  3.12e+05	4.4930 43.0676 0.9643	
71.215348 260.803526	6.79e-01  8.29e-01  2.68e+05	-7.9191 71.9390 0.4071	
71.215348 260.803526	6.75e-01  7.77e-01  2.74e+05	43.4977 53.6578 0.1254	
71.215348 260.803526	4.15e-01  7.94e-01  3.04e+05	0.3286 49.4065 0.3266	
71.215348 260.803526	7.75e-01  9.40e-01  2.48e+05	-17.3977 80.6929 0.8180	
71.215348 260.803526	6.08e-01  7.42e-01  2.86e+05	-26.5567 56.0852 0.1476	
71.215348 260.803526	6.66e-01  7.29e-01  2.81e+05	11.3420 64.2851 0.8141	
71.215348 260.803526	5.94e-01  7.18e-01  2.91e+05	-8.1173 58.4718 0.5403	
71.215348 260.803526	4.40e-01  6.89e-01  3.16e+05	-6.5132 38.9957 0.3440	
71.215348 260.803526	5.52e-01  7.83e-01  2.88e+05	20.2479 57.4328 0.2507	
71.215348 260.803526	6.54e-01  7.98e-01  2.74e+05	18.6617 66.4527 0.8799	
71.215348 260.803526	6.59e-01  9.32e-01  2.60e+05	-6.6434 76.4721 0.4854	
71.215348 260.803526	7.31e-01  8.59e-01  2.60e+05	23.2150 73.1493 0.8343	
71.215348 260.803526	4.69e-01  8.39e-01  2.91e+05	16.0681 56.4783 0.2997	
71.215348 260.803526	7.36e-01  7.65e-01  2.69e+05	-13.1174 70.7256 0.8603	
71.215348 260.803526	4.25e-01  9.00e-01  2.89e+05	40.9236 44.0547 0.7556	
71.215348 260.803526	7.68e-01  8.62e-01  2.56e+05	10.8039 77.9453 0.0036	
71.215348 260.803526	6.65e-01  7.54e-01  2.78e+05	-41.2960 52.6426 0.7079	
71.215348 260.803526	6.32e-01  8.00e-01  2.76e+05	17.6518 65.4577 0.4880	
71.215348 260.803526	5.56e-01  7.81e-01  2.88e+05	5.3890 60.8324 0.7991	
71.215348 260.803526	5.33e-01  7.88e-01  2.90e+05	-10.2711 58.9054 0.4299	
71.215348 260.803526	6.29e-01  9.18e-01  2.64e+05	23.8467 70.6106 0.7875	
71.215348 260.803526	5.52e-01  8.41e-01  2.81e+05	-5.3457 64.9562 0.4017	
71.215348 260.803526	6.51e-01  7.23e-01  2.83e+05	-1.7355 63.8349 0.9497	
71.215348 260.803526	5.95e-01  6.71e-01  2.97e+05	6.4775 54.6750 0.0689	
71.215348 260.803526	4.74e-01  8.39e-01  2.91e+05	2.2731 59.1148 0.2577	
71.215348 260.803526	6.30e-01  7.62e-01  2.81e+05	-7.0321 64.6639 0.1378	
71.215348 260.803526	6.29e-01  8.07e-01  2.76e+05	31.6922 60.2489 0.7022	
71.215348 260.803526	5.67e-01  8.32e-01  2.80e+05	15.3081 63.8160 0.5760	
71.215348 260.803526	5.38e-01  7.51e-01  2.94e+05	9.7737 56.2323 0.9487	
71.215348 260.803526	6.09e-01  7.98e-01  2.79e+05	4.5679 65.9689 0.4211	
71.215348 260.803526	7.14e-01  7.51e-01  2.73e+05	23.7164 65.7131 0.9450	
71.215348 260.803526	6.45e-01  7.84e-01  2.77e+05	9.5653 66.9100 0.6297	
71.215348 260.803526	4.07e-01  7.75e-01  3.08e+05	7.1850 45.8411 0.0120	
71.215348 260.803526	7.98e-01  8.89e-01  2.50e+05	20.2624 78.7400 0.5587	
71.215348 260.803526	4.78e-01  7.51e-01  3.02e+05	-7.7448 50.9435 0.6719	
71.215348 260.803526	6.99e-01  9.57e-01  2.53e+05	-4.9773 79.7823 0.6342	
71.215348 260.803526	6.15e-01  7.46e-01  2.85e+05	1.1437 62.8235 0.2336	
71.215348 260.803526	6.77e-01  8.80e-01  2.63e+05	25.5412 70.5789 0.3602	
71.215348 260.803526	6.74e-01  7.73e-01  2.75e+05	-6.4579 68.4013 0.3263	
71.215348 260.803526	4.83e-01  8.26e-01  2.91e+05	2.6614 58.7678 0.8471	
71.215348 260.803526	5.36e-01  9.19e-01  2.74e+05	42.0663 54.9679 0.1127	
71.215348 260.803526	4.68e-01  7.06e-01  3.09e+05	-1.7807 45.3902 0.2717	
71.215348 260.803526	4.74e-01  9.17e-01  2.81e+05	-14.9788 63.3339 0.5018	
71.215348 260.803526	6.76e-01  7.70e-01  2.75e+05	-3.3757 68.5773 0.8374	
71.215348 260.803526	7.30e-01  9.17e-01  2.54e+05	23.3194 75.9985 0.4106	
71.215348 260.803526	4.67e-01  6.48e-01  3.18e+05	-2.6962 37.3961 0.0383	
71.215348 260.803526	5.97e-01  7.15e-01  2.91e+05	-9.3626 58.3451 0.0059	
71.215348 260.803526	6.12e-01  7.81e-01  2.81e+05	7.4972 64.7408 0.9393	
71.215348 260.803526	5.43e-01  9.27e-01  2.72e+05	18.7301 67.5940 0.9774	
71.215348 260.803526	6.01e-01  7.91e-01  2.81e+05	-13.3493 63.7316 0.7105	
71.215348 260.803526	3.81e-01  9.18e-01  2.92e+05	12.2875 56.6793 0.1155	
71.215348 260.803526	6.10e-01  8.37e-01  2.75e+05	31.6816 60.9374 0.1899	
71.215348 260.803526	4.28e-01  9.21e-01  2.86e+05	-7.8730 61.5393 0.7487	
71.215348 260.803526	5.58e-01  7.07e-01  2.97e+05	-3.5625 54.9321 0.1941	
71.215348 260.803526	6.34e-01  8.75e-01  2.68e+05	25.8813 67.6452 0.6056	
71.215348 260.803526	5.00e-01  8.62e-01  2.85e+05	-17.8819 60.3690 0.3288	
71.215348 260.803526	5.90e-01  7.58e-01  2.86e+05	-18.4118 59.0934 0.2148	
71.215348 260.803526	4.55e-01  7.88e-01  3.00e+05	19.4311 49.2235 0.6206	
71.215348 260.803526	7.22e-01  8.92e-01  2.57e+05	-9.6206 77.3503 0.8209	
71.215348 260.803526	6.59e-01  8.12e-01  2.72e+05	0.0439 70.1994 0.8018	
71.215348 260.803526	6.54e-01  8.96e-01  2.64e+05	-5.1597 74.4919 0.3846	
71.215348 260.803526	7.11e-01  7.69e-01  2.71e+05	0.1999 70.7194 0.3708	
71.215348 260.803526	5.92e-01  7.88e-01  2.82e+05	-3.4908 64.1725 0.8629	
71.215348 260.803526	5.52e-01  8.70e-01  2.77e+05	42.9332 51.6651 0.6942	
71.215348 260.803526	5.34e-01  8.14e-01  2.86e+05	30.9309 53.6343 0.8088	
71.215348 260.803526	5.79e-01  8.94e-01  2.72e+05	-10.7098 69.5043 0.0224	
71.215348 260.803526	4.65e-01  8.02e-01  2.97e+05	20.5969 51.2307 0.4661	
71.215348 260.803526	6.14e-01  8.60e-01  2.72e+05	33.9921 61.5989 0.0988	
71.215348 260.803526	4.80e-01  7.26e-01  3.05e+05	2.5581 49.1416 0.2500	
71.215348 260.803526	3.19e-01  8.37e-01  3.12e+05	-5.7472 42.9417 0.8739	
71.215348 260.803526	5.73e-01  9.04e-01  2.71e+05	-3.4762 70.5051 0.4242	
71.215348 260.803526	6.93e-01  8.89e-01  2.60e+05	-21.3593 73.2947 0.6227	
71.215348 260.803526	5.74e-01  7.63e-01  2.88e+05	4.9411 60.8602 0.4881	
71.215348 260.803526	5.78e-01  8.04e-01  2.82e+05	-12.2164 63.2305 0.5886	
71.215348 260.803526	7.04e-01  7.75e-01  2.71e+05	-22.1185 67.1331 0.6419	
71.215348 260.803526	5.81e-01  8.44e-01  2.77e+05	-18.8463 64.6847 0.7980	
71.215348 260.803526	7.90e-01  8.88e-01  2.51e+05	17.0484 79.0646 0.7558	
71.215348 260.803526	5.91e-01  8.85e-01  2.72e+05	-15.4746 68.7682 0.9780	
71.215348 260.803526	4.52e-01  8.21e-01  2.96e+05	-4.2822 55.5948 0.7676	
71.215348 260.803526	4.69e-01  7.33e-01  3.05e+05	-13.4948 46.7975 0.6365	
71.215348 260.803526	5.38e-01  9.62e-01  2.69e+05	-28.7716 65.9156 0.9149	
71.215348 260.803526	6.12e-01  7.20e-01  2.88e+05	0.2459 60.6339 0.5423	
71.215348 260.803526	5.25e-01  7.96e-01  2.90e+05	9.3029 59.0780 0.4663	
71.215348 260.803526	5.55e-01  9.12e-01  2.73e+05	-14.0308 68.5121 0.4339	
71.215348 260.803526	7.43e-01  9.12e-01  2.53e+05	-12.0972 78.9162 0.3955	
71.215348 260.803526	5.94e-01  7.10e-01  2.92e+05	21.1208 54.4568 0.7448	
71.215348 260.803526	6.11e-01  9.28e-01  2.65e+05	12.3865 73.0676 0.1188	
71.215348 260.803526	6.43e-01  9.00e-01  2.64e+05	-21.3948 71.1220 0.8497	
71.215348 260.803526	5.82e-01  6.96e-01  2.95e+05	-35.8656 43.2701 0.4239	
71.215348 260.803526	5.31e-01  9.64e-01  2.70e+05	22.9973 67.7936 0.3469	
71.215348 260.803526	6.22e-01  8.74e-01  2.69e+05	-22.8699 67.9283 0.7473	
71.215348 260.803526	5.98e-01  7.79e-01  2.83e+05	-0.7382 64.1039 0.2735	
71.215348 260.803526	6.40e-01  8.62e-01  2.69e+05	-16.0462 70.2184 0.8511	
71.215348 260.803526	5.57e-01  7.80e-01  2.88e+05	-41.3641 44.9359 0.8933	
71.215348 260.803526	5.69e-01  8.09e-01  2.83e+05	-7.9938 63.6698 0.8111	
71.215348 260.803526	6.20e-01  9.07e-01  2.66e+05	-28.9212 67.5481 0.1151	
71.215348 260.803526	5.70e-01  7.66e-01  2.88e+05	16.5293 58.7438 0.9328	
71.215348 260.803526	7.88e-01  8.49e-01  2.55e+05	-4.9787 78.8487 0.2781	
71.215348 260.803526	5.12e-01  9.11e-01  2.77e+05	3.3027 67.1116 0.7817	
71.215348 260.803526	6.47e-01  7.33e-01  2.83e+05	10.9037 63.2809 0.6746	
71.215348 260.803526	7.07e-01  8.99e-01  2.58e+05	32.1175 70.5947 0.4135	
71.215348 260.803526	7.44e-01  7.67e-01  2.68e+05	-15.6215 70.8184 0.2215	
71.215348 260.803526	5.57e-01  8.71e-01  2.77e+05	6.1483 67.2252 0.6413	
71.215348 260.803526	6.05e-01  7.83e-01  2.82e+05	-25.9288 59.3629 0.5453	
71.215348 260.803526	7.49e-01  7.75e-01  2.66e+05	0.7890 73.2509 0.7866	
71.215348 260.803526	6.01e-01  9.03e-01  2.68e+05	0.8140 72.1782 0.6879	
71.215348 260.803526	5.12e-01  8.68e-01  2.82e+05	2.5265 64.1988 0.5139	
71.215348 260.803526	6.27e-01  6.45e-01  2.96e+05	25.3287 49.6122 0.8992	
71.215348 260.803526	5.58e-01  7.02e-01  2.98e+05	15.7052 52.1378 0.1817	
71.215348 260.803526	6.43e-01  8.16e-01  2.73e+05	-11.0119 68.5825 0.2995	
71.215348 260.803526	6.31e-01  8.93e-01  2.66e+05	33.6276 65.1411 0.8315	
71.215348 260.803526	5.70e-01  8.33e-01  2.80e+05	3.6890 65.7396 0.4968	
71.215348 260.803526	6.87e-01  8.70e-01  2.63e+05	-9.9420 74.3784 0.8821	
71.215348 260.803526	3.90e-01  7.39e-01  3.16e+05	-6.0939 39.1097 0.6715	
71.215348 260.803526	6.11e-01  7.15e-01  2.89e+05	11.6995 59.0584 0.2833	
71.215348 260.803526	5.39e-01  8.22e-01  2.85e+05	-1.2764 62.8098 0.2993	
71.215348 260.803526	4.91e-01  7.44e-01  3.01e+05	-3.7283 51.9901 0.5887	
71.215348 260.803526	6.22e-01  8.96e-01  2.67e+05	-8.2266 72.4683 0.1077	
71.215348 260.803526	7.48e-01  8.29e-01  2.61e+05	-24.8725 71.9223 0.2261	
71.215348 260.803526	6.71e-01  9.40e-01  2.57e+05	0.3720 77.8076 0.1652	
71.215348 260.803526	4.26e-01  9.20e-01  2.86e+05	-3.7754 61.6983 0.4777	
71.215348 260.803526	5.68e-01  7.20e-01  2.94e+05	-26.1379 50.6457 0.4367	
71.215348 260.803526	4.02e-01  7.93e-01  3.06e+05	4.9976 47.6833 0.0232	
71.215348 260.803526	5.88e-01  7.93e-01  2.82e+05	48.8893 41.7905 0.1454	
71.215348 260.803526	6.02e-01  8.07e-01  2.79e+05	24.8547 61.3729 0.5384	
71.215348 260.803526	6.01e-01  8.14e-01  2.78e+05	0.0341 66.6731 0.1292	
71.215348 260.803526	6.49e-01  9.46e-01  2.59e+05	3.2273 76.8951 0.1570	
71.215348 260.803526	6.99e-01  8.14e-01  2.68e+05	-4.6447 72.4980 0.3031	
71.215348 260.803526	5.23e-01  9.06e-01  2.77e+05	10.0084 66.8584 0.2096	
71.215348 260.803526	4.00e-01  9.44e-01  2.87e+05	21.3552 57.8351 0.6870	
71.215348 260.803526	5.90e-01  7.62e-01  2.86e+05	29.5791 54.7094 0.4158	
71.215348 260.803526	5.82e-01  8.59e-01  2.75e+05	37.3843 57.2222 0.9340	
71.215348 260.803526	5.34e-01  7.75e-01  2.91e+05	-7.4580 58.3503 0.8453	
71.215348 260.803526	5.58e-01  8.08e-01  2.84e+05	-9.8683 62.4751 0.1555	
71.215348 260.803526	7.06e-01  8.60e-01  2.62e+05	28.9346 69.7448 0.9435	
71.215348 260.803526	7.42e-01  9.30e-01  2.52e+05	25.9750 76.3353 0.4938	
71.215348 260.803526	6.53e-01  8.01e-01  2.74e+05	16.9894 67.0241 0.2979	
71.215348 260.803526	6.88e-01  7.64e-01  2.74e+05	-11.2976 68.1341 0.0493	
71.215348 260.803526	3.80e-01  7.90e-01  3.10e+05	3.9866 44.7663 0.9230	
71.215348 260.803526	4.96e-01  9.08e-01  2.80e+05	6.4568 65.5665 0.4467	
71.215348 260.803526	5.83e-01  7.58e-01  2.87e+05	13.1534 59.9253 0.8820	
71.215348 260.803526	6.70e-01  8.77e-01  2.64e+05	-4.6591 74.3303 0.1180	
71.215348 260.803526	4.04e-01  8.26e-01  3.02e+05	20.9870 47.1699 0.3315	
71.215348 260.803526	6.10e-01  9.04e-01  2.67e+05	-6.9247 72.3998 0.7036	
71.215348 260.803526	5.40e-01  7.56e-01  2.93e+05	15.0732 55.7949 0.4650	
71.215348 260.803526	6.19e-01  6.67e-01  2.94e+05	-14.9659 54.8631 0.2344	
71.215348 260.803526	4.82e-01  8.99e-01  2.82e+05	-4.7767 64.1664 0.7399	
71.215348 260.803526	5.82e-01  6.46e-01  3.02e+05	1.7367 51.4054 0.6754	
71.215348 260.803526	6.66e-01  7.40e-01  2.79e+05	1.4155 66.0838 0.7115	
71.215348 260.803526	6.87e-01  9.02e-01  2.60e+05	-17.4193 74.7095 0.4277	
71.215348 260.803526	5.69e-01  7.87e-01  2.85e+05	-19.8634 59.2781 0.7655	
71.215348 260.803526	6.27e-01  8.43e-01  2.72e+05	16.6868 68.1315 0.9732	
71.215348 260.803526	5.36e-01  7.32e-01  2.96e+05	28.3489 47.4703 0.7841	
71.215348 260.803526	6.25e-01  7.64e-01  2.81e+05	-24.6935 59.9834 0.2847	
71.215348 260.803526	6.85e-01  8.49e-01  2.65e+05	29.5493 67.6025 0.2589	
71.215348 260.803526	5.09e-01  7.91e-01  2.92e+05	16.8667 55.5831 0.4788	
71.215348 260.803526	5.17e-01  8.59e-01  2.83e+05	-1.8967 63.9867 0.4982	
71.215348 260.803526	6.72e-01  8.86e-01  2.63e+05	5.9223 74.8866 0.2192	
71.215348 260.803526	6.60e-01  9.33e-01  2.59e+05	-15.1126 75.4117 0.5400	
71.215348 260.803526	6.21e-01  6.82e-01  2.92e+05	-28.1434 51.0499 0.3905	
71.215348 260.803526	7.72e-01  9.79e-01  2.44e+05	35.5448 76.1654 0.6272	
71.215348 260.803526	4.78e-01  9.17e-01  2.81e+05	7.4578 64.8936 0.6755	
71.215348 260.803526	6.02e-01  7.44e-01  2.87e+05	-32.4855 52.5456 0.2829	
71.215348 260.803526	4.60e-01  8.37e-01  2.93e+05	-9.7218 57.0493 0.5454	
71.215348 260.803526	4.38e-01  7.96e-01  3.01e+05	12.1044 50.5855 0.1588	
71.215348 260.803526	5.46e-01  6.16e-01  3.11e+05	-6.4794 43.6157 0.0716	
71.215348 260.803526	6.27e-01  7.00e-01  2.89e+05	3.6492 60.1365 0.3932	
71.215348 260.803526	4.80e-01  7.30e-01  3.04e+05	7.4140 49.0006 0.4537	
71.215348 260.803526	6.69e-01  7.47e-01  2.78e+05	2.9268 66.6671 0.5720	
71.215348 260.803526	6.94e-01  8.67e-01  2.62e+05	-2.0672 75.2731 0.3103	
71.215348 260.803526	6.01e-01  9.38e-01  2.65e+05	-35.7452 64.9302 0.7629	
71.215348 260.803526	7.41e-01  9.68e-01  2.48e+05	-26.8602 77.7653 0.3233	
71.215348 260.803526	5.59e-01  8.72e-01  2.77e+05	-5.6346 67.4755 0.6413	
71.215348 260.803526	4.09e-01  9.52e-01  2.85e+05	-6.4635 62.5444 0.4688	
71.215348 260.803526	7.53e-01  8.90e-01  2.54e+05	-12.1850 78.3713 0.6770	
71.215348 260.803526	6.35e-01  8.50e-01  2.71e+05	-16.6684 69.0467 0.8848	
71.215348 260.803526	7.00e-01  7.97e-01  2.69e+05	18.5051 69.3297 0.0295	
71.215348 260.803526	5.53e-01  8.86e-01  2.76e+05	19.8670 65.2499 0.7541	
71.215348 260.803526	5.58e-01  9.60e-01  2.67e+05	20.1519 70.1357 0.1201	
71.215348 260.803526	6.35e-01  8.35e-01  2.72e+05	-14.3313 68.6723 0.9461	
71.215348 260.803526	5.73e-01  9.40e-01  2.68e+05	17.3474 70.5398 0.4900	
71.215348 260.803526	5.95e-01  7.55e-01  2.86e+05	5.8301 61.7936 0.6649	
71.215348 260.803526	5.52e-01  8.84e-01  2.76e+05	29.2920 61.3956 0.6610	
71.215348 260.803526	7.17e-01  9.93e-01  2.48e+05	4.7865 82.1729 0.0594	
71.215348 260.803526	3.69e-01  8.97e-01  2.97e+05	-40.3870 37.5610 0.9166	
71.215348 260.803526	6.45e-01  7.25e-01  2.84e+05	16.2818 61.3631 0.6556	
71.215348 260.803526	6.40e-01  8.94e-01  2.65e+05	-21.3988 70.6489 0.2404	
71.215348 260.803526	7.09e-01  8.27e-01  2.65e+05	18.1582 71.6923 0.6190	
71.215348 260.803526	5.91e-01  7.65e-01  2.85e+05	13.4784 61.0114 0.8401	
71.215348 260.803526	3.80e-01  8.14e-01  3.06e+05	9.3278 46.8696 0.9728	
71.215348 260.803526	3.76e-01  8.97e-01  2.96e+05	8.3462 55.0939 0.4871	
71.215348 260.803526	4.34e-01  8.56e-01  2.94e+05	9.7963 56.3365 0.9785	
71.215348 260.803526	4.50e-01  9.35e-01  2.82e+05	11.2489 63.6439 0.6477	
71.215348 260.803526	5.05e-01  7.32e-01  3.01e+05	-13.8895 50.4425 0.5595	
71.215348 260.803526	6.22e-01  6.86e-01  2.91e+05	-12.0850 57.4744 0.9916	
71.215348 260.803526	5.00e-01  7.54e-01  2.98e+05	-13.1492 52.3868 0.5141	
71.215348 260.803526	7.05e-01  9.14e-01  2.57e+05	14.3544 76.8748 0.9084	
71.215348 260.803526	5.51e-01  9.07e-01  2.73e+05	-40.8172 56.1968 0.1450	
71.215348 260.803526	4.63e-01  8.11e-01  2.96e+05	-10.0060 54.8689 0.1576	
71.215348 260.803526	7.12e-01  9.47e-01  2.53e+05	5.5429 79.8697 0.2382	
71.215348 260.803526	5.14e-01  7.14e-01  3.02e+05	-0.2408 51.4030 0.6159	
71.215348 260.803526	7.28e-01  8.78e-01  2.58e+05	17.3680 75.5768 0.7559	
71.215348 260.803526	6.68e-01  8.01e-01  2.72e+05	-0.3560 70.0841 0.3802	
71.215348 260.803526	5.75e-01  8.93e-01  2.72e+05	-1.8032 70.0367 0.3844	
71.215348 260.803526	6.62e-01  7.19e-01  2.82e+05	-0.8263 64.3013 0.9741	
71.215348 260.803526	6.44e-01  9.24e-01  2.62e+05	5.9809 75.4362 0.9847	
71.215348 260.803526	7.03e-01  8.55e-01  2.63e+05	15.5270 73.5037 0.4542	
71.215348 260.803526	6.13e-01  7.57e-01  2.84e+05	-13.0362 62.2207 0.6700	
71.215348 260.803526	7.06e-01  7.79e-01  2.71e+05	17.3810 68.8904 0.4604	
71.215348 260.803526	6.42e-01  8.00e-01  2.75e+05	-35.1270 58.7272 0.6181	
71.215348 260.803526	5.90e-01  7.85e-01  2.83e+05	-6.8677 63.5520 0.1373	
71.215348 260.803526	4.84e-01  9.36e-01  2.78e+05	21.0970 63.5804 0.7823	
71.215348 260.803526	6.27e-01  7.00e-01  2.89e+05	20.3976 56.7662 0.9832	
71.215348 260.803526	5.39e-01  7.96e-01  2.88e+05	12.1325 59.6971 0.3726	
71.215348 260.803526	4.21e-01  8.40e-01  2.97e+05	-15.9665 52.1682 0.9150	
71.215348 260.803526	5.60e-01  9.48e-01  2.68e+05	15.8369 70.6443 0.2518	
71.215348 260.803526	5.36e-01  9.22e-01  2.74e+05	22.3836 65.6868 0.9146	
71.215348 260.803526	5.76e-01  7.62e-01  2.88e+05	21.0625 57.3957 0.7951	
71.215348 260.803526	5.92e-01  7.05e-01  2.93e+05	8.7376 57.1495 0.2768	
71.215348 260.803526	5.42e-01  8.53e-01  2.81e+05	25.1149 60.2588 0.3640	
71.215348 260.803526	5.74e-01  8.70e-01  2.75e+05	47.4053 49.4576 0.8773	
71.215348 260.803526	5.26e-01  7.80e-01  2.92e+05	-21.8023 54.3502 0.2492	
71.215348 260.803526	5.53e-01  9.04e-01  2.74e+05	6.2038 69.0582 0.9295	
71.215348 260.803526	6.65e-01  7.01e-01  2.84e+05	-11.7232 62.1322 0.5462	
71.215348 260.803526	6.99e-01  8.90e-01  2.60e+05	19.9274 74.0936 0.0978	
71.215348 260.803526	5.92e-01  8.49e-01  2.75e+05	-17.8767 65.9935 0.8725	
71.215348 260.803526	5.36e-01  8.80e-01  2.78e+05	0.9140 66.7063 0.7854	
71.215348 260.803526	5.00e-01  8.52e-01  2.86e+05	-13.2804 60.7953 0.0339	
71.215348 260.803526	6.85e-01  7.35e-01  2.78e+05	17.2561 64.7650 0.4253	
71.215348 260.803526	5.87e-01  6.70e-01  2.98e+05	-13.3691 52.5210 0.8633	
71.215348 260.803526	5.91e-01  8.00e-01  2.81e+05	-7.7577 64.5459 0.4730	
71.215348 260.803526	6.26e-01  8.83e-01  2.68e+05	-5.4116 72.2271 0.1243	
71.215348 260.803526	6.19e-01  8.35e-01  2.74e+05	-1.4359 69.1432 0.2186	
71.215348 260.803526	4.08e-01  9.37e-01  2.87e+05	-10.2721 60.8222 0.0123	
71.215348 260.803526	5.44e-01  7.83e-01  2.89e+05	5.5352 60.0428 0.2747	
71.215348 260.803526	5.61e-01  7.79e-01  2.87e+05	1.9638 61.2377 0.3964	
71.215348 260.803526	6.73e-01  9.12e-01  2.60e+05	-44.4322 62.2370 0.4111	
71.215348 260.803526	5.35e-01  8.25e-01  2.85e+05	-21.7446 58.9742 0.9637	
71.215348 260.803526	5.19e-01  8.13e-01  2.88e+05	-23.7140 55.8506 0.7442	
71.215348 260.803526	6.90e-01  8.78e-01  2.62e+05	12.4302 74.5855 0.4708	
71.215348 260.803526	6.33e-01  8.13e-01  2.75e+05	9.8332 67.9298 0.6808	
71.215348 260.803526	6.26e-01  7.55e-01  2.82e+05	-3.9553 64.1557 0.4230	
71.215348 260.803526	4.40e-01  9.53e-01  2.81e+05	-9.6071 64.4342 0.0983	
71.215348 260.803526	6.27e-01  8.92e-01  2.67e+05	-4.6208 72.8928 0.5554	
71.215348 260.803526	5.71e-01  7.41e-01  2.91e+05	13.0398 57.6560 0.5076	
71.215348 260.803526	6.65e-01  8.17e-01  2.71e+05	-8.0042 70.3638 0.1267	
71.215348 260.803526	8.47e-01  8.92e-01  2.45e+05	31.7249 77.2548 0.0903	
71.215348 260.803526	5.21e-01  7.59e-01  2.95e+05	-7.8759 55.7738 0.4654	
71.215348 260.803526	5.84e-01  8.41e-01  2.77e+05	-16.8509 65.1693 0.7514	
71.215348 260.803526	6.44e-01  7.76e-01  2.78e+05	7.1046 66.5831 0.4759	
71.215348 260.803526	4.61e-01  6.75e-01  3.15e+05	6.5018 40.0559 0.0045	
71.215348 260.803526	4.39e-01  7.37e-01  3.09e+05	8.1869 44.9392 0.1637	
71.215348 260.803526	6.12e-01  8.15e-01  2.77e+05	-26.9297 61.8721 0.6199	
71.215348 260.803526	6.62e-01  8.67e-01  2.66e+05	-24.1813 69.4623 0.8136	
71.215348 260.803526	5.83e-01  8.28e-01  2.79e+05	-0.9546 66.3766 0.1046	
71.215348 260.803526	4.42e-01  8.52e-01  2.93e+05	-1.2154 57.5642 0.9158	
71.215348 260.803526	6.93e-01  8.25e-01  2.67e+05	-2.7417 72.8902 0.7801	
71.215348 260.803526	5.20e-01  8.76e-01  2.81e+05	17.7391 62.9177 0.4876	
71.215348 260.803526	6.73e-01  7.95e-01  2.72e+05	-17.4564 67.7673 0.4780	
71.215348 260.803526	6.22e-01  8.26e-01  2.75e+05	21.9514 65.1524 0.6366	
71.215348 260.803526	5.41e-01  6.67e-01  3.04e+05	23.6503 43.4327 0.0199	
71.215348 260.803526	6.18e-01  7.79e-01  2.81e+05	23.5746 61.0256 0.0318	
71.215348 260.803526	5.59e-01  8.00e-01  2.85e+05	20.1267 59.4515 0.4178	
71.215348 260.803526	7.21e-01  8.83e-01  2.58e+05	5.8677 77.2176 0.8010	
71.215348 260.803526	6.41e-01  8.56e-01  2.69e+05	0.1797 71.7521 0.1719	
71.215348 260.803526	6.54e-01  7.93e-01  2.75e+05	45.1078 51.8489 0.0309	
71.215348 260.803526	6.98e-01  8.88e-01  2.60e+05	-31.6330 69.6794 0.2890	
71.215348 260.803526	5.55e-01  8.71e-01  2.77e+05	-3.2150 67.3236 0.8041	
71.215348 260.803526	5.73e-01  8.70e-01  2.75e+05	15.3864 66.7510 0.1654	
71.215348 260.803526	6.11e-01  7.29e-01  2.87e+05	-2.5655 61.2932 0.1000	
71.215348 260.803526	5.28e-01  6.78e-01  3.05e+05	27.3244 40.7798 0.4434	
71.215348 260.803526	5.84e-01  6.78e-01  2.97e+05	-6.8976 54.2269 0.4076	
71.215348 260.803526	6.96e-01  9.30e-01  2.56e+05	38.0926 68.6264 0.6468	
71.215348 260.803526	5.73e-01  7.37e-01  2.91e+05	-6.5687 58.5463 0.9358	
71.215348 260.803526	5.61e-01  8.41e-01  2.80e+05	14.9806 64.0592 0.1052	
71.215348 260.803526	6.08e-01  8.81e-01  2.70e+05	25.3810 66.6348 0.4232	
71.215348 260.803526	3.93e-01  9.18e-01  2.91e+05	21.0736 55.0573 0.7802	
71.215348 260.803526	5.67e-01  8.06e-01  2.83e+05	16.2425 61.6636 0.0489	
71.215348 260.803526	4.60e-01  7.62e-01  3.03e+05	32.4747 39.1068 0.0221	
71.215348 260.803526	4.83e-01  9.20e-01  2.80e+05	-8.3710 65.3090 0.3416	
71.215348 260.803526	5.61e-01  7.09e-01  2.96e+05	13.1329 53.8142 0.0699	
71.215348 260.803526	4.99e-01  8.12e-01  2.91e+05	-13.8561 57.3323 0.9411	
71.215348 260.803526	5.13e-01  6.55e-01  3.10e+05	5.4168 44.4488 0.3984	
71.215348 260.803526	6.11e-01  6.73e-01  2.94e+05	24.8314 50.9836 0.1211	
71.215348 260.803526	6.78e-01  8.71e-01  2.64e+05	-22.9740 71.0205 0.4755	
71.215348 260.803526	7.69e-01  8.39e-01  2.58e+05	13.0757 76.5667 0.5111	
71.215348 260.803526	5.10e-01  8.50e-01  2.85e+05	-3.8827 62.6713 0.2230	
71.215348 260.803526	6.34e-01  8.40e-01  2.72e+05	-4.6342 70.2444 0.4264	
71.215348 260.803526	5.39e-01  9.45e-01  2.71e+05	18.5956 68.4985 0.6391	
71.215348 260.803526	7.44e-01  9.63e-01  2.48e+05	1.5894 82.1684 0.1614	
71.215348 260.803526	5.03e-01  8.60e-01  2.85e+05	32.7274 53.8371 0.8702	
71.215348 260.803526	5.27e-01  8.21e-01  2.86e+05	-22.2301 57.7870 0.2453	
71.215348 260.803526	6.57e-01  9.42e-01  2.59e+05	-19.3498 74.7702 0.5822	
71.215348 260.803526	6.30e-01  8.13e-01  2.75e+05	-18.6057 65.8661 0.0278	
71.215348 260.803526	6.40e-01  6.85e-01  2.89e+05	43.2235 41.7640 0.8166	
71.215348 260.803526	5.16e-01  6.59e-01  3.09e+05	-24.7048 38.2576 0.5824	
71.215348 260.803526	8.45e-01  8.60e-01  2.49e+05	-12.5106 81.1464 0.5410	
71.215348 260.803526	5.20e-01  8.70e-01  2.81e+05	19.9267 61.8040 0.8963	
71.215348 260.803526	5.75e-01  6.33e-01  3.05e+05	-2.5555 49.2486 0.9297	
71.215348 260.803526	6.44e-01  8.06e-01  2.74e+05	-4.1722 68.7508 0.1556	
71.215348 260.803526	6.04e-01  7.96e-01  2.80e+05	-5.6673 65.4147 0.6922	
71.215348 260.803526	5.48e-01  8.55e-01  2.80e+05	-6.2020 65.5505 0.2424	
71.215348 260.803526	2.96e-01  8.95e-01  3.07e+05	19.1728 43.4197 0.9146	
71.215348 260.803526	7.74e-01  8.83e-01  2.53e+05	-0.7540 79.9245 0.6108	
71.215348 260.803526	4.29e-01  8.49e-01  2.95e+05	7.9817 55.5933 0.2263	
71.215348 260.803526	6.87e-01  8.69e-01  2.63e+05	-32.7343 67.4673 0.2228	
71.215348 260.803526	6.83e-01  9.10e-01  2.59e+05	13.1821 75.7968 0.1488	
71.215348 260.803526	5.62e-01  6.79e-01  3.00e+05	-5.8161 52.3804 0.9688	
71.215348 260.803526	5.79e-01  8.72e-01  2.74e+05	29.4304 62.4206 0.8820	
71.215348 260.803526	4.81e-01  8.24e-01  2.92e+05	-4.6569 58.3156 0.2933	
71.215348 260.803526	7.75e-01  8.29e-01  2.58e+05	19.4490 74.9749 0.3851	
71.215348 260.803526	6.39e-01  8.82e-01  2.67e+05	-3.3673 73.0499 0.1654	
71.215348 260.803526	5.75e-01  7.44e-01  2.90e+05	30.2935 51.3585 0.3664	
71.215348 260.803526	7.22e-01  9.49e-01  2.52e+05	11.0739 79.8349 0.0108	
71.215348 260.803526	5.03e-01  8.63e-01  2.84e+05	29.9166 55.6807 0.2526	
71.215348 260.803526	6.02e-01  7.16e-01  2.90e+05	0.8885 59.5469 0.9994	
71.215348 260.803526	7.35e-01  7.88e-01  2.66e+05	13.2295 72.0545 0.2032	
71.215348 260.803526	5.10e-01  8.31e-01  2.87e+05	-1.7013 61.3418 0.5192	
71.215348 260.803526	6.29e-01  7.28e-01  2.85e+05	-2.7152 62.5632 0.2738	
71.215348 260.803526	4.75e-01  8.85e-01  2.85e+05	18.6770 59.9882 0.2579	
71.215348 260.803526	5.61e-01  9.23e-01  2.71e+05	10.1352 70.2184 0.1184	
71.215348 260.803526	5.23e-01  7.97e-01  2.90e+05	13.2862 58.1670 0.5234	
71.215348 260.803526	5.39e-01  7.36e-01  2.96e+05	23.8229 50.5912 0.9317	
71.215348 260.803526	5.14e-01  8.24e-01  2.88e+05	49.9244 35.3289 0.1418	
71.215348 260.803526	7.76e-01  8.54e-01  2.56e+05	-23.1307 75.2235 0.9101	
71.215348 260.803526	6.43e-01  8.83e-01  2.66e+05	2.1469 73.3361 0.2564	
71.215348 260.803526	5.98e-01  8.96e-01  2.70e+05	5.9852 71.3451 0.3654	
71.215348 260.803526	4.04e-01  8.18e-01  3.03e+05	2.7087 50.7388 0.0802	
71.215348 260.803526	3.12e-01  7.54e-01  3.25e+05	-2.4299 28.5769 0.2775	
71.215348 260.803526	5.26e-01  7.25e-01  2.99e+05	9.2051 52.8511 0.6628	
71.215348 260.803526	3.68e-01  7.76e-01  3.14e+05	8.6797 40.7898 0.2399	
71.215348 260.803526	4.83e-01  8.13e-01  2.93e+05	-0.6024 57.7581 0.5372	
71.215348 260.803526	5.07e-01  7.19e-01  3.02e+05	-3.9925 51.1032 0.3367	
71.215348 260.803526	6.49e-01  7.97e-01  2.75e+05	-45.3842 51.5728 0.6577	
71.215348 260.803526	7.10e-01  8.84e-01  2.59e+05	1.0563 76.9430 0.3911	
71.215348 260.803526	5.89e-01  8.52e-01  2.75e+05	14.8919 66.6916 0.1469	
71.215348 260.803526	5.80e-01  8.19e-01  2.80e+05	0.3667 65.5522 0.0895	
71.215348 260.803526	5.83e-01  8.91e-01  2.72e+05	0.4666 70.4062 0.6660	
71.215348 260.803526	4.72e-01  7.48e-01  3.03e+05	-30.1182 40.7607 0.5972	
71.215348 260.803526	5.04e-01  6.57e-01  3.11e+05	-12.1771 42.1900 0.8578	
71.215348 260.803526	5.13e-01  8.92e-01  2.80e+05	-12.8034 64.7380 0.8881	
71.215348 260.803526	5.13e-01  6.50e-01  3.11e+05	-16.6964 40.8821 0.9440	
71.215348 260.803526	7.41e-01  8.45e-01  2.60e+05	1.0012 76.5406 0.5257	
71.215348 260.803526	5.74e-01  9.37e-01  2.68e+05	12.9302 71.3629 0.0959	
71.215348 260.803526	4.66e-01  8.95e-01  2.85e+05	-16.6112 60.6181 0.3112	
71.215348 260.803526	6.05e-01  9.35e-01  2.65e+05	-39.3578 62.8127 0.8641	
71.215348 260.803526	8.92e-01  9.90e-01  2.33e+05	-29.0381 84.0787 0.0274	
71.215348 260.803526	4.83e-01  7.59e-01  3.00e+05	7.7083 52.2679 0.0470	
71.215348 260.803526	5.72e-01  8.69e-01  2.75e+05	-16.8268 66.2213 0.4723	
71.215348 260.803526	7.08e-01  8.91e-01  2.59e+05	4.3303 77.0747 0.5705	
71.215348 260.803526	6.27e-01  9.03e-01  2.66e+05	-41.1511 60.9933 0.0358	
71.215348 260.803526	6.83e-01  8.84e-01  2.62e+05	-22.7106 72.0437 0.1711	
71.215348 260.803526	5.33e-01  7.14e-01  2.99e+05	23.8692 47.6334 0.3772	
71.215348 260.803526	5.45e-01  8.37e-01  2.82e+05	-4.5612 64.2909 0.0353	
71.215348 260.803526	6.47e-01  8.62e-01  2.68e+05	1.7340 72.3694 0.5135	
71.215348 260.803526	7.16e-01  7.74e-01  2.70e+05	33.6429 62.9079 0.9284	
71.215348 260.803526	5.59e-01  6.94e-01  2.98e+05	-6.6428 53.5239 0.9222	
71.215348 260.803526	4.87e-01  7.77e-01  2.97e+05	9.3865 54.1678 0.5106	
71.215348 260.803526	4.27e-01  7.88e-01  3.03e+05	13.7749 48.2144 0.1407	
71.215348 260.803526	5.23e-01  9.15e-01  2.76e+05	7.6561 67.7515 0.8683	
71.215348 260.803526	6.23e-01  8.09e-01  2.76e+05	9.4884 67.0951 0.9186	
71.215348 260.803526	5.52e-01  7.21e-01  2.96e+05	-3.4178 55.6258 0.1476	
71.215348 260.803526	6.45e-01  9.09e-01  2.63e+05	25.1135 70.5179 0.4684	
71.215348 260.803526	5.44e-01  9.53e-01  2.69e+05	4.7640 71.5570 0.1031	
71.215348 260.803526	5.12e-01  8.83e-01  2.81e+05	-24.1728 60.6287 0.0472	
71.215348 260.803526	5.34e-01  6.95e-01  3.02e+05	-14.7056 49.4282 0.3457	
71.215348 260.803526	6.17e-01  7.27e-01  2.87e+05	-21.5651 57.7347 0.4966	
71.215348 260.803526	7.01e-01  8.55e-01  2.63e+05	-19.1089 72.5674 0.7741	
71.215348 260.803526	5.57e-01  6.85e-01  3.00e+05	-0.9741 52.8293 0.3945	
71.215348 260.803526	5.32e-01  7.40e-01  2.96e+05	13.2545 54.0415 0.1199	
71.215348 260.803526	3.83e-01  8.50e-01  3.01e+05	8.9913 51.1345 0.5489	
71.215348 260.803526	5.91e-01  8.45e-01  2.76e+05	-11.3130 67.0729 0.3629	
71.215348 260.803526	8.48e-01  9.57e-01  2.40e+05	11.9785 85.2932 0.4238	
71.215348 260.803526	5.32e-01  9.42e-01  2.72e+05	4.8229 70.2160 0.2584	
71.215348 260.803526	4.80e-01  8.95e-01  2.83e+05	-0.0990 63.9191 0.2550	
71.215348 260.803526	4.97e-01  8.71e-01  2.84e+05	-27.1182 57.3163 0.6745	
71.215348 260.803526	4.79e-01  7.54e-01  3.01e+05	-12.2403 50.4160 0.9606	
71.215348 260.803526	5.97e-01  8.63e-01  2.73e+05	4.3341 69.3712 0.4957	
71.215348 260.803526	4.57e-01  7.83e-01  3.00e+05	-15.2473 50.4421 0.4199	
71.215348 260.803526	4.72e-01  7.54e-01  3.02e+05	2.6573 51.2183 0.0061	
71.215348 260.803526	6.12e-01  9.00e-01  2.68e+05	2.4487 72.5739 0.0769	
71.215348 260.803526	6.09e-01  7.47e-01  2.85e+05	13.5120 60.9835 0.3089	
71.215348 260.803526	7.22e-01  8.79e-01  2.59e+05	-11.8178 76.3610 0.3328	
71.215348 260.803526	5.92e-01  7.31e-01  2.89e+05	4.3447 59.8263 0.5104	
71.215348 260.803526	5.99e-01  7.55e-01  2.86e+05	11.3224 61.3344 0.2874	
71.215348 260.803526	5.77e-01  8.05e-01  2.82e+05	0.9154 64.3808 0.6996	
71.215348 260.803526	6.44e-01  8.43e-01  2.70e+05	36.9786 60.8207 0.9159	
71.215348 260.803526	6.01e-01  8.19e-01  2.78e+05	-2.3334 66.9557 0.4143	
71.215348 260.803526	3.60e-01  8.51e-01  3.04e+05	3.4327 49.5568 0.1973	
71.215348 260.803526	5.85e-01  7.23e-01  2.91e+05	-6.1897 58.4162 0.1401	
71.215348 260.803526	4.83e-01  9.50e-01  2.76e+05	-3.9860 67.7590 0.7586	
71.215348 260.803526	5.45e-01  7.03e-01  2.99e+05	7.3853 52.8601 0.5831	
71.215348 260.803526	6.89e-01  8.50e-01  2.65e+05	30.6060 67.4804 0.4916	
71.215348 260.803526	4.97e-01  7.08e-01  3.05e+05	-11.3234 47.7841 0.7794	
71.215348 260.803526	4.82e-01  8.80e-01  2.85e+05	-4.8344 62.7582 0.2430	
71.215348 260.803526	3.45e-01  8.77e-01  3.03e+05	-2.8282 50.7301 0.2757	
71.215348 260.803526	7.44e-01  9.15e-01  2.53e+05	21.3641 77.1853 0.6047	
71.215348 260.803526	6.18e-01  8.30e-01  2.75e+05	8.5884 68.2052 0.2332	
71.215348 260.803526	4.35e-01  8.73e-01  2.91e+05	2.3106 58.7202 0.4940	
71.215348 260.803526	6.64e-01  8.40e-01  2.69e+05	-18.1104 69.8217 0.3670	
71.215348 260.803526	4.71e-01  7.45e-01  3.03e+05	14.9831 47.9399 0.1275	
71.215348 260.803526	4.69e-01  8.99e-01  2.84e+05	8.1706 62.9007 0.4610	
71.215348 260.803526	5.94e-01  6.69e-01  2.97e+05	-4.1910 54.6608 0.6476	
71.215348 260.803526	4.71e-01  8.55e-01  2.89e+05	23.5834 55.4102 0.4796	
71.215348 260.803526	7.12e-01  8.82e-01  2.59e+05	-19.3975 74.4752 0.7401	
71.215348 260.803526	5.33e-01  7.66e-01  2.92e+05	-16.3429 55.6959 0.3446	
71.215348 260.803526	5.45e-01  7.58e-01  2.92e+05	-22.8400 53.6789 0.2734	
71.215348 260.803526	6.47e-01  7.99e-01  2.75e+05	-20.9506 65.3395 0.8843	
71.215348 260.803526	7.74e-01  8.76e-01  2.54e+05	1.3203 79.6516 0.6450	
71.215348 260.803526	6.42e-01  7.57e-01  2.80e+05	0.1599 65.5880 0.8264	
71.215348 260.803526	4.37e-01  8.51e-01  2.94e+05	-11.9743 55.7509 0.6913	
71.215348 260.803526	5.24e-01  8.22e-01  2.87e+05	39.5325 47.5033 0.6486	
71.215348 260.803526	6.72e-01  7.52e-01  2.77e+05	2.3657 67.2285 0.1960	
71.215348 260.803526	4.70e-01  6.95e-01  3.11e+05	2.8170 44.2938 0.4136	
71.215348 260.803526	6.57e-01  8.82e-01  2.65e+05	12.0689 73.1209 0.5966	
71.215348 260.803526	6.50e-01  9.10e-01  2.63e+05	27.6686 69.9684 0.4459	
71.215348 260.803526	7.26e-01  8.05e-01  2.66e+05	7.2588 73.2799 0.2105	
71.215348 260.803526	5.38e-01  7.99e-01  2.88e+05	10.4981 60.2184 0.0647	
71.215348 260.803526	7.03e-01  8.50e-01  2.63e+05	8.1702 74.3936 0.6220	
71.215348 260.803526	4.33e-01  7.50e-01  3.08e+05	-20.4610 41.8586 0.8651	
71.215348 260.803526	4.84e-01  7.65e-01  2.99e+05	8.8662 52.7933 0.2947	
71.215348 260.803526	5.11e-01  8.04e-01  2.90e+05	-17.2911 56.7573 0.4318	
71.215348 260.803526	5.38e-01  8.14e-01  2.86e+05	-17.4827 59.7254 0.3257	
71.215348 260.803526	6.58e-01  7.59e-01  2.78e+05	-3.3767 66.7291 0.0953	
71.215348 260.803526	6.09e-01  8.93e-01  2.69e+05	29.5766 65.6731 0.1620	
71.215348 260.803526	4.58e-01  7.67e-01  3.02e+05	-4.6844 50.9832 0.8864	
71.215348 260.803526	3.92e-01  8.48e-01  3.00e+05	-10.5031 51.6315 0.3994	
71.215348 260.803526	7.24e-01  9.66e-01  2.50e+05	-13.9780 80.2367 0.6685	
71.215348 260.803526	5.65e-01  8.82e-01  2.75e+05	-1.1717 68.7552 0.0002	
71.215348 260.803526	3.81e-01  9.04e-01  2.94e+05	-7.5599 56.2578 0.5671	
71.215348 260.803526	5.20e-01  7.17e-01  3.01e+05	-17.8440 49.2305 0.3990	
71.215348 260.803526	4.04e-01  9.19e-01  2.89e+05	7.5540 59.4697 0.4418	
71.215348 260.803526	4.83e-01  8.18e-01  2.92e+05	-13.7105 56.5373 0.6491	
71.215348 260.803526	6.78e-01  7.79e-01  2.74e+05	-15.7735 67.5585 0.8526	
71.215348 260.803526	7.45e-01  9.14e-01  2.53e+05	13.3689 78.9083 0.3477	
71.215348 260.803526	5.74e-01  7.68e-01  2.87e+05	9.5521 60.7698 0.3769	
71.215348 260.803526	4.84e-01  7.97e-01  2.95e+05	3.9091 56.2735 0.5212	
71.215348 260.803526	3.99e-01  7.72e-01  3.10e+05	-10.2646 43.9675 0.9519	
71.215348 260.803526	4.38e-01  7.73e-01  3.04e+05	-10.2349 48.5866 0.2464	
71.215348 260.803526	5.98e-01  7.38e-01  2.88e+05	15.5286 58.9117 0.8383	
71.215348 260.803526	7.36e-01  9.06e-01  2.54e+05	14.3056 77.9631 0.4865	
71.215348 260.803526	6.31e-01  8.93e-01  2.66e+05	-12.7725 72.1528 0.3742	
71.215348 260.803526	4.60e-01  9.10e-01  2.84e+05	20.0265 60.2484 0.7958	
71.215348 260.803526	3.38e-01  8.24e-01  3.11e+05	-12.7855 42.1678 0.4810	
71.215348 260.803526	4.83e-01  7.23e-01  3.05e+05	-17.0929 46.0758 0.6968	
71.215348 260.803526	4.29e-01  7.41e-01  3.10e+05	16.5402 41.9009 0.8919	
71.215348 260.803526	6.70e-01  9.75e-01  2.54e+05	13.8654 78.2088 0.8947	
71.215348 260.803526	6.26e-01  9.24e-01  2.64e+05	-23.4940 70.8845 0.0700	
71.215348 260.803526	6.68e-01  8.16e-01  2.71e+05	-26.3763 65.9105 0.3320	
71.215348 260.803526	6.59e-01  9.00e-01  2.63e+05	-2.5552 75.1062 0.8536	
71.215348 260.803526	6.11e-01  7.98e-01  2.79e+05	-2.1367 66.2500 0.7273	
71.215348 260.803526	7.42e-01  8.20e-01  2.62e+05	3.0968 75.2676 0.9783	
71.215348 260.803526	6.54e-01  8.16e-01  2.72e+05	-3.8520 70.0258 0.2337	
71.215348 260.803526	4.64e-01  8.24e-01  2.94e+05	-27.5934 49.9680 0.4905	
71.215348 260.803526	5.45e-01  8.95e-01  2.76e+05	17.8292 65.9038 0.9343	
71.215348 260.803526	6.53e-01  8.71e-01  2.66e+05	23.9997 69.2748 0.7121	
71.215348 260.803526	4.36e-01  7.75e-01  3.04e+05	-5.7657 49.3420 0.4031	
71.215348 260.803526	7.07e-01  7.78e-01  2.70e+05	-3.4026 71.0123 0.1237	
71.215348 260.803526	5.54e-01  7.86e-01  2.87e+05	-1.1545 61.3031 0.6043	
71.215348 260.803526	5.16e-01  7.65e-01  2.95e+05	-27.3112 49.3367 0.7816	
71.215348 260.803526	7.27e-01  8.63e-01  2.60e+05	-23.6382 73.0153 0.2173	
71.215348 260.803526	4.81e-01  7.67e-01  2.99e+05	-10.9574 52.2368 0.3951	
71.215348 260.803526	6.18e-01  8.37e-01  2.74e+05	2.7749 69.1885 0.4773	
71.215348 260.803526	7.40e-01  9.02e-01  2.54e+05	-35.3166 70.9702 0.0283	
71.215348 260.803526	5.84e-01  8.50e-01  2.76e+05	28.7725 61.4630 0.1318	
71.215348 260.803526	5.03e-01  7.70e-01  2.96e+05	4.1968 55.5512 0.0055	
71.215348 260.803526	5.15e-01  8.56e-01  2.84e+05	43.2916 46.6241 0.9616	
71.215348 260.803526	5.27e-01  9.22e-01  2.75e+05	10.0856 68.1154 0.8580	
71.215348 260.803526	4.55e-01  7.78e-01  3.01e+05	-5.0905 51.7095 0.6350	
71.215348 260.803526	7.20e-01  8.26e-01  2.64e+05	-13.7109 73.1810 0.0043	
71.215348 260.803526	4.41e-01  7.48e-01  3.07e+05	-1.0350 47.2616 0.7179	
71.215348 260.803526	5.44e-01  8.04e-01  2.86e+05	-14.4821 60.1499 0.0796	
71.215348 260.803526	5.24e-01  7.48e-01  2.96e+05	-8.8037 54.9624 0.9879	
71.215348 260.803526	6.10e-01  7.65e-01  2.83e+05	14.8400 62.1348 0.8574	
71.215348 260.803526	4.48e-01  7.36e-01  3.08e+05	12.6881 44.8649 0.7748	
71.215348 260.803526	5.86e-01  8.75e-01  2.73e+05	23.8636 65.3886 0.1691	
71.215348 260.803526	6.22e-01  8.40e-01  2.73e+05	8.4187 69.1662 0.8543	
71.215348 260.803526	4.86e-01  8.73e-01  2.85e+05	-2.0559 62.7058 0.3243	
71.215348 260.803526	6.28e-01  9.49e-01  2.61e+05	8.6314 75.6149 0.9854	
71.215348 260.803526	7.71e-01  7.95e-01  2.62e+05	28.9259 69.7661 0.8032	
71.215348 260.803526	5.19e-01  6.88e-01  3.05e+05	-6.7269 48.7227 0.3562	
71.215348 260.803526	7.26e-01  9.23e-01  2.54e+05	17.7810 77.6113 0.3919	
71.215348 260.803526	5.89e-01  8.52e-01  2.75e+05	-12.6582 67.1977 0.1321	
71.215348 260.803526	4.52e-01  7.31e-01  3.08e+05	9.2197 45.6695 0.8553	
71.215348 260.803526	4.26e-01  8.75e-01  2.92e+05	0.7643 58.1411 0.0388	
71.215348 260.803526	6.07e-01  9.20e-01  2.66e+05	-18.1491 71.1882 0.3000	
71.215348 260.803526	6.26e-01  8.12e-01  2.76e+05	-2.2012 68.1559 0.1253	
71.215348 260.803526	8.30e-01  9.34e-01  2.43e+05	-2.4568 84.5206 0.7994	
71.215348 260.803526	6.09e-01  7.14e-01  2.89e+05	-11.6558 58.8397 0.9757	
71.215348 260.803526	6.42e-01  7.29e-01  2.84e+05	16.3977 61.3941 0.7111	
71.215348 260.803526	5.51e-01  8.77e-01  2.77e+05	-10.5424 66.6944 0.9580	
71.215348 260.803526	5.04e-01  8.28e-01  2.88e+05	14.8867 58.8004 0.2334	
71.215348 260.803526	6.74e-01  7.52e-01  2.77e+05	-40.4367 53.9152 0.1151	
71.215348 260.803526	4.65e-01  8.55e-01  2.90e+05	2.3334 59.7110 0.4615	
71.215348 260.803526	5.58e-01  6.78e-01  3.01e+05	2.8384 52.2292 0.9477	
71.215348 260.803526	7.05e-01  8.62e-01  2.62e+05	-8.5052 75.0800 0.1812	
71.215348 260.803526	5.04e-01  7.85e-01  2.94e+05	13.3467 55.6219 0.5620	
71.215348 260.803526	6.01e-01  7.77e-01  2.83e+05	22.9037 59.8746 0.0449	
71.215348 260.803526	7.07e-01  9.27e-01  2.55e+05	49.1847 61.6734 0.1937	
71.215348 260.803526	7.16e-01  8.81e-01  2.59e+05	-11.8805 76.1576 0.4855	
71.215348 260.803526	5.14e-01  8.44e-01  2.85e+05	-7.0489 62.2855 0.1215	
71.215348 260.803526	4.94e-01  7.40e-01  3.01e+05	-24.0997 46.1480 0.1820	
71.215348 260.803526	5.43e-01  8.85e-01  2.77e+05	0.6379 67.4521 0.9222	
71.215348 260.803526	6.20e-01  9.18e-01  2.65e+05	-3.9183 73.9193 0.8858	
71.215348 260.803526	5.92e-01  8.60e-01  2.74e+05	-11.9207 67.9668 0.6661	
71.215348 260.803526	4.85e-01  8.96e-01  2.82e+05	-15.8941 62.3430 0.5224	
71.215348 260.803526	4.72e-01  7.90e-01  2.97e+05	6.1342 54.3600 0.3511	
71.215348 260.803526	3.80e-01  8.64e-01  3.00e+05	-25.1991 46.6566 0.3312	
71.215348 260.803526	6.16e-01  8.42e-01  2.74e+05	15.8133 67.5756 0.7371	
71.215348 260.803526	6.25e-01  8.37e-01  2.73e+05	29.7699 63.0144 0.2051	
71.215348 260.803526	6.73e-01  9.76e-01  2.54e+05	40.6129 68.4404 0.0721	
71.215348 260.803526	7.25e-01  8.04e-01  2.66e+05	23.5976 69.6565 0.4079	
71.215348 260.803526	7.90e-01  8.63e-01  2.53e+05	-10.4531 79.0782 0.2176	
71.215348 260.803526	4.04e-01  7.00e-01  3.20e+05	-7.3636 34.8859 0.9251	
71.215348 260.803526	4.18e-01  7.67e-01  3.08e+05	0.7450 46.6766 0.2083	
71.215348 260.803526	5.80e-01  9.11e-01  2.70e+05	30.2360 64.7164 0.8803	
71.215348 260.803526	6.72e-01  8.94e-01  2.62e+05	11.5146 74.6501 0.4759	
71.215348 260.803526	5.98e-01  8.52e-01  2.74e+05	-44.7262 52.4389 0.2672	
71.215348 260.803526	7.06e-01  8.91e-01  2.59e+05	-27.4831 72.0335 0.3753	
71.215348 260.803526	5.99e-01  6.76e-01  2.96e+05	-5.3400 55.6369 0.2521	
71.215348 260.803526	5.89e-01  7.97e-01  2.82e+05	-26.6399 58.9385 0.3962	
71.215348 260.803526	5.42e-01  7.60e-01  2.92e+05	-29.8668 50.0291 0.3499	
71.215348 260.803526	7.29e-01  9.01e-01  2.56e+05	11.6064 77.8410 0.9473	
71.215348 260.803526	4.94e-01  7.38e-01  3.01e+05	-16.5378 49.1326 0.9981	
71.215348 260.803526	6.27e-01  8.97e-01  2.66e+05	16.0356 71.4863 0.4142	
71.215348 260.803526	6.97e-01  8.85e-01  2.60e+05	15.9877 74.6278 0.8228	
71.215348 260.803526	3.72e-01  8.18e-01  3.07e+05	14.5143 45.0813 0.2446	
71.215348 260.803526	4.40e-01  7.35e-01  3.09e+05	-1.7058 45.5560 0.8901	
71.215348 260.803526	4.53e-01  7.76e-01  3.02e+05	-11.0767 50.2859 0.7287	
71.215348 260.803526	7.26e-01  9.07e-01  2.55e+05	-4.5508 78.7266 0.0722	
71.215348 260.803526	5.48e-01  7.04e-01  2.98e+05	19.5194 50.1575 0.5525	
71.215348 260.803526	5.26e-01  9.17e-01  2.75e+05	13.8896 67.0780 0.7049	
71.215348 260.803526	6.08e-01  8.67e-01  2.72e+05	4.1962 70.3126 0.9578	
71.215348 260.803526	6.74e-01  7.83e-01  2.74e+05	-18.4379 66.8172 0.5614	
71.215348 260.803526	6.41e-01  7.15e-01  2.85e+05	-27.0415 56.3208 0.4950	
71.215348 260.803526	5.97e-01  8.56e-01  2.74e+05	40.9250 55.6962 0.1230	
71.215348 260.803526	5.69e-01  7.76e-01  2.87e+05	14.1504 59.9982 0.6363	
71.215348 260.803526	7.48e-01  8.03e-01  2.64e+05	-30.6695 68.1591 0.1389	
71.215348 260.803526	5.75e-01  8.30e-01  2.80e+05	13.6142 64.5944 0.8614	
71.215348 260.803526	5.86e-01  7.95e-01  2.82e+05	-6.0972 63.9857 0.0307	
71.215348 260.803526	5.71e-01  8.09e-01  2.82e+05	9.2791 63.6304 0.4108	
71.215348 260.803526	6.02e-01  9.68e-01  2.62e+05	10.4482 75.0266 0.2948	
71.215348 260.803526	4.71e-01  8.75e-01  2.87e+05	7.2592 61.3599 0.7565	
71.215348 260.803526	7.09e-01  9.84e-01  2.50e+05	14.4373 80.3013 0.8643	
71.215348 260.803526	6.84e-01  8.64e-01  2.64e+05	-44.7598 59.6560 0.9932	
71.215348 260.803526	5.21e-01  6.92e-01  3.04e+05	-13.4534 47.9893 0.3159	
71.215348 260.803526	5.43e-01  7.16e-01  2.98e+05	12.2672 53.0357 0.8786	
71.215348 260.803526	6.70e-01  9.33e-01  2.58e+05	-20.9895 74.5334 0.4677	
71.215348 260.803526	8.75e-01  8.85e-01  2.44e+05	59.6556 59.6994 0.5293	
71.215348 260.803526	6.08e-01  8.15e-01  2.78e+05	16.9831 64.9677 0.7755	
71.215348 260.803526	6.43e-01  7.30e-01  2.83e+05	-10.6179 62.8221 0.8777	
71.215348 260.803526	4.96e-01  9.05e-01  2.80e+05	10.1217 64.9041 0.7406	
71.215348 260.803526	5.24e-01  8.26e-01  2.86e+05	16.6387 59.7924 0.5021	
71.215348 260.803526	7.47e-01  7.79e-01  2.66e+05	0.6200 73.3828 0.8683	
71.215348 260.803526	5.07e-01  7.93e-01  2.92e+05	-25.2246 52.2549 0.6000	
71.215348 260.803526	5.21e-01  7.57e-01  2.95e+05	-5.1902 55.9232 0.8259	
71.215348 260.803526	6.36e-01  7.02e-01  2.88e+05	5.1784 60.9083 0.0688	
71.215348 260.803526	5.27e-01  7.08e-01  3.01e+05	14.0736 50.1861 0.1058	
71.215348 260.803526	4.61e-01  9.10e-01  2.84e+05	-20.0530 60.3599 0.6048	
71.215348 260.803526	5.04e-01  8.37e-01  2.87e+05	-19.5052 58.2086 0.7207	
71.215348 260.803526	5.38e-01  8.28e-01  2.84e+05	-6.2790 62.9404 0.9196	
71.215348 260.803526	5.70e-01  8.03e-01  2.83e+05	-16.9001 61.5011 0.3237	
71.215348 260.803526	5.12e-01  8.76e-01  2.81e+05	-22.3572 60.8735 0.2079	
71.215348 260.803526	5.86e-01  9.31e-01  2.67e+05	-11.1037 72.0014 0.8512	
71.215348 260.803526	4.40e-01  8.58e-01  2.93e+05	-16.7113 55.4653 0.3420	
71.215348 260.803526	7.78e-01  9.16e-01  2.50e+05	17.5566 79.6967 0.2494	
71.215348 260.803526	4.24e-01  8.10e-01  3.01e+05	-1.3936 51.9913 0.5297	
71.215348 260.803526	5.90e-01  7.98e-01  2.82e+05	17.4331 62.3842 0.6621	
71.215348 260.803526	4.07e-01  7.72e-01  3.09e+05	15.8742 43.2992 0.0069	
71.215348 260.803526	4.50e-01  7.08e-01  3.12e+05	-10.8815 42.1236 0.3648	
71.215348 260.803526	4.05e-01  9.45e-01  2.86e+05	-35.6806 50.7736 0.8140	
71.215348 260.803526	5.98e-01  7.99e-01  2.80e+05	-5.6153 65.2001 0.9873	
71.215348 260.803526	5.13e-01  7.68e-01  2.95e+05	-13.7328 54.7531 0.4163	
71.215348 260.803526	5.30e-01  8.67e-01  2.80e+05	-12.0611 64.3485 0.1303	
71.215348 260.803526	4.63e-01  8.37e-01  2.92e+05	27.6331 51.0624 0.6646	
71.215348 260.803526	7.17e-01  7.84e-01  2.69e+05	-19.8263 69.1600 0.1324	
71.215348 260.803526	8.15e-01  8.68e-01  2.51e+05	10.0373 80.4712 0.4443	
71.215348 260.803526	5.45e-01  8.18e-01  2.85e+05	-14.1135 61.3850 0.4390	
71.215348 260.803526	5.43e-01  8.92e-01  2.76e+05	-16.1653 66.0078 0.5358	
71.215348 260.803526	6.91e-01  9.21e-01  2.57e+05	9.6811 77.2565 0.6159	
71.215348 260.803526	4.62e-01  8.13e-01  2.96e+05	-5.4099 55.6257 0.9379	
71.215348 260.803526	5.88e-01  6.52e-01  3.00e+05	-4.7391 52.4571 0.3115	
71.215348 260.803526	7.38e-01  8.38e-01  2.61e+05	11.3520 75.2135 0.1013	
71.215348 260.803526	6.63e-01  8.73e-01  2.65e+05	-16.6263 72.0387 0.7615	
71.215348 260.803526	6.85e-01  8.03e-01  2.70e+05	19.7710 68.3899 0.4048	
71.215348 260.803526	6.28e-01  9.29e-01  2.63e+05	-10.4382 74.3292 0.0539	
71.215348 260.803526	2.39e-01  8.85e-01  3.16e+05	-1.2113 38.8809 0.2690	
71.215348 260.803526	5.97e-01  7.46e-01  2.87e+05	9.6770 60.7390 0.7639	
71.215348 260.803526	5.01e-01  8.33e-01  2.88e+05	33.0590 51.1087 0.7698	
71.215348 260.803526	4.00e-01  8.32e-01  3.01e+05	25.4592 45.1275 0.1162	
71.215348 260.803526	4.95e-01  9.19e-01  2.79e+05	-22.2234 62.7545 0.7510	
71.215348 260.803526	4.29e-01  7.94e-01  3.02e+05	1.1070 50.8990 0.7724	
71.215348 260.803526	5.02e-01  7.31e-01  3.01e+05	12.4788 50.3727 0.5185	
71.215348 260.803526	6.75e-01  7.83e-01  2.74e+05	5.0551 69.1975 0.1300	
71.215348 260.803526	3.96e-01  9.19e-01  2.90e+05	13.8024 57.6981 0.2823	
71.215348 260.803526	3.75e-01  8.00e-01  3.09e+05	-13.3213 43.6029 0.3354	
71.215348 260.803526	6.02e-01  9.45e-01  2.64e+05	19.9644 71.8046 0.1900	
71.215348 260.803526	7.20e-01  9.01e-01  2.57e+05	10.2826 77.5806 0.7165	
71.215348 260.803526	6.55e-01  8.55e-01  2.68e+05	-5.2836 72.2921 0.5637	
71.215348 260.803526	7.03e-01  8.65e-01  2.62e+05	-45.2602 60.5752 0.8698	
71.215348 260.803526	4.76e-01  6.76e-01  3.12e+05	-7.6221 42.1310 0.2649	
71.215348 260.803526	8.78e-01  9.63e-01  2.37e+05	-62.4427 61.2681 0.4822	
71.215348 260.803526	6.23e-01  8.55e-01  2.71e+05	-4.1517 70.4945 0.1507	
71.215348 260.803526	5.20e-01  7.59e-01  2.95e+05	6.8876 55.8685 0.9283	
71.215348 260.803526	4.83e-01  8.56e-01  2.87e+05	29.2305 53.8397 0.3038	
71.215348 260.803526	5.47e-01  7.86e-01  2.88e+05	-30.2529 52.6957 0.7609	
71.215348 260.803526	6.44e-01  8.05e-01  2.74e+05	-2.5380 68.8455 0.0825	
71.215348 260.803526	4.02e-01  8.50e-01  2.99e+05	7.7404 53.2184 0.2825	
71.215348 260.803526	7.18e-01  8.21e-01  2.65e+05	-13.1262 72.9121 0.2155	
71.215348 260.803526	4.10e-01  9.53e-01  2.84e+05	-22.4651 58.9046 0.6650	
71.215348 260.803526	3.70e-01  9.02e-01  2.96e+05	11.1744 54.5596 0.5267	
71.215348 260.803526	6.30e-01  8.42e-01  2.72e+05	-23.4479 66.2485 0.8792	
71.215348 260.803526	5.13e-01  8.74e-01  2.82e+05	-17.3133 62.4409 0.0285	
71.215348 260.803526	5.08e-01  8.47e-01  2.85e+05	12.1026 61.2936 0.3399	
71.215348 260.803526	6.96e-01  8.53e-01  2.64e+05	25.0325 70.3098 0.8749	
71.215348 260.803526	4.47e-01  8.09e-01  2.98e+05	-4.7962 53.9201 0.7193	
71.215348 260.803526	7.10e-01  8.85e-01  2.59e+05	-0.3525 76.9775 0.4515	
71.215348 260.803526	4.34e-01  8.19e-01  2.98e+05	0.4600 53.9012 0.9124	
71.215348 260.803526	7.06e-01  8.54e-01  2.63e+05	16.5496 73.3513 0.4723	
71.215348 260.803526	5.35e-01  9.31e-01  2.73e+05	18.3534 67.4380 0.9810	
71.215348 260.803526	5.91e-01  7.68e-01  2.85e+05	35.2489 51.8785 0.6940	
71.215348 260.803526	6.23e-01  8.24e-01  2.75e+05	1.3925 68.7057 0.3518	
71.215348 260.803526	5.82e-01  7.00e-01  2.95e+05	-4.4153 56.3631 0.9342	
71.215348 260.803526	5.90e-01  6.44e-01  3.01e+05	-18.8311 48.5264 0.7768	
71.215348 260.803526	6.36e-01  8.43e-01  2.71e+05	15.0648 69.0810 0.1835	
71.215348 260.803526	6.32e-01  8.38e-01  2.72e+05	9.7663 69.4181 0.5527	
71.215348 260.803526	6.20e-01  9.18e-01  2.65e+05	-13.7747 72.7423 0.1820	
71.215348 260.803526	5.78e-01  8.59e-01  2.76e+05	-35.3922 58.1927 0.0437	
71.215348 260.803526	4.79e-01  7.56e-01  3.01e+05	2.9428 52.0493 0.2591	
71.215348 260.803526	6.60e-01  8.25e-01  2.70e+05	32.7033 63.1017 0.7767	
71.215348 260.803526	5.47e-01  9.26e-01  2.72e+05	-17.6377 68.0818 0.2579	
71.215348 260.803526	6.64e-01  7.72e-01  2.76e+05	-8.6089 67.5126 0.3596	
71.215348 260.803526	5.52e-01  7.62e-01  2.91e+05	22.5694 54.7955 0.0132	
71.215348 260.803526	4.57e-01  7.64e-01  3.03e+05	-29.2836 41.3637 0.0913	
71.215348 260.803526	5.97e-01  7.24e-01  2.90e+05	-19.5490 56.4740 0.6844	
71.215348 260.803526	5.98e-01  9.05e-01  2.69e+05	-0.1842 72.0813 0.1702	
71.215348 260.803526	5.64e-01  9.64e-01  2.66e+05	23.8259 69.5212 0.7091	
71.215348 260.803526	3.35e-01  8.89e-01  3.02e+05	5.9905 50.6906 0.4512	
71.215348 260.803526	6.80e-01  9.53e-01  2.55e+05	-7.3328 78.5187 0.2249	
71.215348 260.803526	5.45e-01  8.37e-01  2.82e+05	-11.4666 63.3364 0.9919	
71.215348 260.803526	6.78e-01  7.78e-01  2.74e+05	-18.8224 66.6644 0.0700	
71.215348 260.803526	4.79e-01  7.39e-01  3.03e+05	-18.3293 46.9469 0.2663	
71.215348 260.803526	6.13e-01  9.26e-01  2.65e+05	-6.5571 73.7575 0.0750	
71.215348 260.803526	5.77e-01  6.83e-01  2.98e+05	-9.4254 53.6949 0.7062	
71.215348 260.803526	6.42e-01  9.03e-01  2.64e+05	11.0981 73.5799 0.5723	
71.215348 260.803526	3.70e-01  7.89e-01  3.11e+05	-8.6192 42.7769 0.2895	
71.215348 260.803526	6.67e-01  9.12e-01  2.61e+05	9.8081 75.5617 0.4885	
71.215348 260.803526	6.58e-01  7.29e-01  2.82e+05	-15.1365 62.9169 0.5093	
71.215348 260.803526	5.35e-01  6.90e-01  3.02e+05	7.3169 50.5513 0.0749	
71.215348 260.803526	5.52e-01  9.11e-01  2.73e+05	30.0524 62.8944 0.0547	
71.215348 260.803526	5.19e-01  9.18e-01  2.76e+05	4.5828 67.8853 0.2948	
71.215348 260.803526	6.39e-01  8.40e-01  2.71e+05	-4.2006 70.6050 0.0676	
71.215348 260.803526	4.27e-01  8.47e-01  2.96e+05	14.0472 54.0723 0.7623	
71.215348 260.803526	6.30e-01  8.85e-01  2.67e+05	24.4609 68.5252 0.3280	
71.215348 260.803526	6.25e-01  9.05e-01  2.66e+05	-37.0591 63.5890 0.4552	
71.215348 260.803526	5.17e-01  8.82e-01  2.80e+05	29.6020 58.5198 0.8994	
71.215348 260.803526	6.46e-01  7.18e-01  2.84e+05	-9.0879 62.4376 0.5107	
71.215348 260.803526	5.32e-01  8.21e-01  2.86e+05	19.8494 59.0610 0.7494	
71.215348 260.803526	5.32e-01  8.78e-01  2.79e+05	14.0249 64.8076 0.4063	
71.215348 260.803526	4.92e-01  8.38e-01  2.88e+05	10.2302 59.6813 0.5090	
71.215348 260.803526	7.37e-01  7.58e-01  2.69e+05	-2.9047 71.5713 0.6520	
71.215348 260.803526	4.61e-01  8.14e-01  2.96e+05	-17.2028 53.1511 0.3070	
71.215348 260.803526	4.84e-01  8.77e-01  2.85e+05	-1.2792 62.8593 0.7036	
71.215348 260.803526	7.44e-01  8.05e-01  2.64e+05	2.1125 74.5880 0.8609	
71.215348 260.803526	5.15e-01  7.71e-01  2.94e+05	-24.9910 51.1757 0.8832	
71.215348 260.803526	5.65e-01  8.24e-01  2.81e+05	-6.1850 64.5622 0.9280	
71.215348 260.803526	6.45e-01  8.39e-01  2.71e+05	30.0479 64.3565 0.8998	
71.215348 260.803526	6.95e-01  8.35e-01  2.66e+05	-3.4296 73.5552 0.5799	
71.215348 260.803526	4.48e-01  7.64e-01  3.04e+05	-14.3127 47.6377 0.2431	
71.215348 260.803526	6.60e-01  7.58e-01  2.78e+05	5.0898 66.6665 0.7957	
71.215348 260.803526	6.29e-01  9.77e-01  2.58e+05	-15.3363 76.0221 0.5966	
71.215348 260.803526	5.61e-01  7.84e-01  2.87e+05	-4.8723 61.5210 0.1711	
71.215348 260.803526	6.48e-01  8.73e-01  2.67e+05	-14.1671 71.7034 0.3708	
71.215348 260.803526	3.51e-01  8.72e-01  3.02e+05	-6.4160 50.5326 0.5374	
71.215348 260.803526	4.81e-01  8.79e-01  2.85e+05	15.8255 60.7730 0.7732	
71.215348 260.803526	5.73e-01  7.54e-01  2.89e+05	0.7300 60.3333 0.1022	
71.215348 260.803526	6.41e-01  8.92e-01  2.65e+05	-39.2073 62.5021 0.2485	
71.215348 260.803526	6.06e-01  7.60e-01  2.84e+05	-20.6116 59.7994 0.1867	
71.215348 260.803526	4.87e-01  7.81e-01  2.96e+05	-5.0368 55.1075 0.8733	
71.215348 260.803526	5.45e-01  9.46e-01  2.70e+05	10.5513 70.5903 0.3268	
71.215348 260.803526	4.06e-01  9.41e-01  2.86e+05	-21.3545 58.0301 0.5381	
71.215348 260.803526	5.54e-01  8.38e-01  2.81e+05	-29.6984 57.9054 0.3701	
71.215348 260.803526	5.60e-01  8.42e-01  2.80e+05	20.7054 62.4353 0.7104	
71.215348 260.803526	6.16e-01  8.79e-01  2.69e+05	-31.1677 64.5092 0.2586	
71.215348 260.803526	5.30e-01  8.23e-01  2.86e+05	-33.5615 52.4687 0.9223	
71.215348 260.803526	4.75e-01  8.56e-01  2.88e+05	1.7953 60.5761 0.5328	
71.215348 260.803526	6.79e-01  8.25e-01  2.68e+05	-32.5571 64.3892 0.7934	
71.215348 260.803526	6.06e-01  7.87e-01  2.81e+05	17.3008 62.8846 0.7761	
71.215348 260.803526	5.88e-01  7.56e-01  2.87e+05	23.5187 56.9366 0.0054	
71.215348 260.803526	4.87e-01  8.90e-01  2.83e+05	1.8515 64.0161 0.3988	
71.215348 260.803526	5.40e-01  8.16e-01  2.85e+05	16.2912 60.3643 0.0791	
71.215348 260.803526	5.40e-01  9.91e-01  2.66e+05	-4.2245 73.5193 0.9050	
71.215348 260.803526	6.81e-01  8.32e-01  2.68e+05	-8.3044 72.1486 0.3931	
71.215348 260.803526	5.22e-01  7.72e-01  2.93e+05	-1.8934 57.5222 0.9026	
71.215348 260.803526	6.36e-01  9.43e-01  2.61e+05	-40.2018 64.7252 0.2985	
71.215348 260.803526	5.19e-01  7.52e-01  2.96e+05	10.4070 54.5385 0.0501	
71.215348 260.803526	6.21e-01  9.17e-01  2.65e+05	4.1338 73.9235 0.4594	
71.215348 260.803526	6.37e-01  9.01e-01  2.65e+05	4.8322 73.8382 0.4570	
71.215348 260.803526	5.90e-01  6.53e-01  3.00e+05	22.8252 47.7596 0.1814	
71.215348 260.803526	6.38e-01  8.61e-01  2.69e+05	7.6818 71.4201 0.1927	
71.215348 260.803526	4.31e-01  8.78e-01  2.91e+05	-18.1251 55.9551 0.5385	
71.215348 260.803526	5.70e-01  6.45e-01  3.04e+05	11.2443 48.8349 0.3415	
71.215348 260.803526	4.27e-01  8.43e-01  2.96e+05	-7.9829 54.8090 0.2382	
71.215348 260.803526	4.95e-01  7.65e-01  2.97e+05	-10.9569 53.4332 0.4436	
71.215348 260.803526	6.18e-01  8.03e-01  2.78e+05	-16.0169 65.0837 0.4244	
71.215348 260.803526	3.60e-01  8.81e-01  3.00e+05	-44.2662 28.6483 0.3517	
71.215348 260.803526	5.56e-01  8.92e-01  2.75e+05	27.7962 62.9327 0.1124	
71.215348 260.803526	7.91e-01  9.39e-01  2.46e+05	10.4116 82.4982 0.2814	
71.215348 260.803526	7.90e-01  8.88e-01  2.51e+05	33.6251 73.6000 0.4029	
71.215348 260.803526	5.92e-01  8.85e-01  2.71e+05	-44.6250 54.6579 0.4663	
71.215348 260.803526	6.06e-01  7.43e-01  2.86e+05	-27.0216 55.7697 0.9450	
71.215348 260.803526	5.31e-01  9.34e-01  2.73e+05	3.4376 69.7480 0.0644	
71.215348 260.803526	7.13e-01  8.80e-01  2.59e+05	-29.6497 70.9205 0.3473	
71.215348 260.803526	5.02e-01  6.54e-01  3.12e+05	-2.4121 43.1833 0.1270	
71.215348 260.803526	6.87e-01  7.93e-01  2.71e+05	4.3627 70.6396 0.7187	
71.215348 260.803526	6.61e-01  7.34e-01  2.81e+05	-9.2669 64.6424 0.1911	
71.215348 260.803526	7.60e-01  8.36e-01  2.59e+05	2.4661 77.0066 0.2890	
71.215348 260.803526	5.12e-01  8.17e-01  2.89e+05	9.7204 59.6591 0.8941	
71.215348 260.803526	6.46e-01  9.11e-01  2.63e+05	-27.8609 69.6406 0.2980	
71.215348 260.803526	5.53e-01  7.19e-01  2.96e+05	-32.4520 45.1209 0.8316	
71.215348 260.803526	5.57e-01  7.50e-01  2.91e+05	26.0739 52.5191 0.5804	
71.215348 260.803526	6.75e-01  8.50e-01  2.66e+05	4.4057 73.2294 0.5103	
71.215348 260.803526	5.74e-01  8.92e-01  2.73e+05	-9.5094 69.2087 0.7365	
71.215348 260.803526	5.70e-01  8.45e-01  2.78e+05	3.7574 66.5351 0.5185	
71.215348 260.803526	5.87e-01  7.81e-01  2.84e+05	23.9469 58.6599 0.6739	
71.215348 260.803526	5.38e-01  7.25e-01  2.97e+05	-20.2987 50.8509 0.5014	
71.215348 260.803526	6.80e-01  7.25e-01  2.80e+05	22.4755 61.9858 0.7151	
71.215348 260.803526	5.84e-01  8.66e-01  2.74e+05	3.4701 68.8010 0.5928	
71.215348 260.803526	5.62e-01  8.71e-01  2.76e+05	-0.9327 67.8456 0.3052	
71.215348 260.803526	5.01e-01  9.53e-01  2.74e+05	-0.8830 69.1419 0.8896	
71.215348 260.803526	5.81e-01  8.62e-01  2.75e+05	30.5527 61.2427 0.2247	
71.215348 260.803526	4.43e-01  7.62e-01  3.05e+05	-0.7061 49.0180 0.8791	
71.215348 260.803526	7.69e-01  9.15e-01  2.50e+05	32.7528 74.2765 0.5326	
71.215348 260.803526	5.73e-01  6.63e-01  3.01e+05	-10.1097 51.2511 0.9705	
71.215348 260.803526	4.91e-01  9.00e-01  2.81e+05	34.0585 55.4080 0.5167	
71.215348 260.803526	5.73e-01  8.51e-01  2.77e+05	30.1003 60.1614 0.4168	
71.215348 260.803526	4.19e-01  9.18e-01  2.88e+05	-11.7093 59.8853 0.7507	
71.215348 260.803526	6.95e-01  8.61e-01  2.63e+05	26.5179 70.1550 0.2711	
71.215348 260.803526	3.38e-01  7.60e-01  3.21e+05	13.2675 32.0359 0.1971	
71.215348 260.803526	6.35e-01  6.98e-01  2.88e+05	18.4387 57.8258 0.2649	
71.215348 260.803526	4.88e-01  7.91e-01  2.95e+05	-19.1645 52.8149 0.3556	
71.215348 260.803526	6.83e-01  8.33e-01  2.67e+05	16.2248 70.9803 0.2903	
71.215348 260.803526	4.32e-01  8.35e-01  2.97e+05	5.5208 54.8626 0.2292	
71.215348 260.803526	4.71e-01  8.64e-01  2.88e+05	-29.4540 53.3148 0.8301	
71.215348 260.803526	6.17e-01  7.54e-01  2.83e+05	9.0647 63.0045 0.0236	
71.215348 260.803526	4.74e-01  6.56e-01  3.16e+05	-6.5244 39.2920 0.1114	
71.215348 260.803526	3.60e-01  9.05e-01  2.97e+05	-16.3985 52.4680 0.4471	
71.215348 260.803526	6.93e-01  8.70e-01  2.62e+05	-33.6548 67.4403 0.7323	
71.215348 260.803526	6.72e-01  8.88e-01  2.63e+05	13.8496 73.8826 0.1222	
71.215348 260.803526	6.35e-01  8.65e-01  2.69e+05	25.0964 67.3973 0.2358	
71.215348 260.803526	4.33e-01  8.96e-01  2.89e+05	-8.8788 59.7886 0.5877	
71.215348 260.803526	6.92e-01  9.04e-01  2.59e+05	-14.0244 75.7901 0.3710	
71.215348 260.803526	5.32e-01  9.15e-01  2.75e+05	-16.8663 66.6419 0.5740	
71.215348 260.803526	4.38e-01  8.36e-01  2.96e+05	-12.3148 54.4509 0.4532	
71.215348 260.803526	6.64e-01  7.99e-01  2.73e+05	8.6641 69.1885 0.3717	
71.215348 260.803526	6.40e-01  7.36e-01  2.83e+05	-1.4667 63.9475 0.2795	
71.215348 260.803526	6.15e-01  8.42e-01  2.74e+05	21.5498 65.9059 0.5406	
71.215348 260.803526	6.14e-01  7.01e-01  2.90e+05	-22.5441 54.9149 0.7371	
71.215348 260.803526	4.82e-01  6.85e-01  3.10e+05	12.3212 42.8258 0.5865	
71.215348 260.803526	6.27e-01  7.06e-01  2.88e+05	-4.1648 60.5698 0.2234	
71.215348 260.803526	4.43e-01  9.01e-01  2.87e+05	-6.3201 61.3275 0.6327	
71.215348 260.803526	6.56e-01  7.58e-01  2.79e+05	-31.0734 58.8334 0.6401	
71.215348 260.803526	6.15e-01  9.06e-01  2.67e+05	-33.6620 64.9399 0.3952	
71.215348 260.803526	4.95e-01  7.94e-01  2.94e+05	-7.3508 56.6557 0.8232	
71.215348 260.803526	5.70e-01  7.59e-01  2.89e+05	-10.6109 59.5385 0.6758	
71.215348 260.803526	5.56e-01  8.39e-01  2.81e+05	-23.5761 60.9256 0.8863	
