25.368070 292.219172	6.59e-01  9.67e-01  3.44e+05	0.0000 87.7416 0.1830	
25.368070 292.219172	7.00e-01  8.22e-01  3.59e+05	-25.4910 77.7044 0.3135	
25.368070 292.219172	7.24e-01  7.78e-01  3.62e+05	-23.3182 77.0363 0.9785	
25.368070 292.219172	3.94e-01  7.58e-01  4.20e+05	-3.2844 47.6182 0.7997	
25.368070 292.219172	5.78e-01  8.32e-01  3.75e+05	11.3262 73.2544 0.5314	
25.368070 292.219172	5.65e-01  8.10e-01  3.81e+05	-5.7524 71.1789 0.1053	
25.368070 292.219172	3.85e-01  8.64e-01  4.02e+05	18.3927 56.9118 0.9299	
25.368070 292.219172	5.36e-01  7.84e-01  3.90e+05	-22.2973 62.8606 0.9154	
25.368070 292.219172	4.29e-01  7.64e-01  4.12e+05	8.5537 52.5813 0.2457	
25.368070 292.219172	5.36e-01  8.81e-01  3.74e+05	5.3743 74.4363 0.2582	
25.368070 292.219172	7.28e-01  8.71e-01  3.48e+05	19.7439 83.9942 0.3708	
25.368070 292.219172	5.16e-01  7.74e-01  3.95e+05	-12.9857 62.5920 0.7720	
25.368070 292.219172	4.82e-01  8.82e-01  3.82e+05	6.2150 70.3023 0.9306	
25.368070 292.219172	5.28e-01  7.76e-01  3.92e+05	3.7836 65.2205 0.9967	
25.368070 292.219172	7.59e-01  8.64e-01  3.45e+05	-9.2953 87.0570 0.6296	
25.368070 292.219172	5.44e-01  7.78e-01  3.89e+05	25.5752 61.9144 0.4151	
25.368070 292.219172	5.90e-01  8.27e-01  3.74e+05	-7.6251 74.2882 0.3405	
25.368070 292.219172	4.72e-01  7.78e-01  4.02e+05	-18.2871 57.0361 0.7345	
25.368070 292.219172	6.18e-01  8.50e-01  3.66e+05	6.3900 78.0180 0.8795	
25.368070 292.219172	3.88e-01  8.91e-01  3.97e+05	-5.4927 62.6115 0.8203	
25.368070 292.219172	7.79e-01  8.94e-01  3.38e+05	4.3777 90.0528 0.5807	
25.368070 292.219172	5.71e-01  8.11e-01  3.80e+05	-10.2712 71.2398 0.1540	
25.368070 292.219172	4.57e-01  7.87e-01  4.03e+05	-29.2511 51.5842 0.6174	
25.368070 292.219172	5.51e-01  8.32e-01  3.79e+05	21.0078 68.9494 0.8220	
25.368070 292.219172	5.63e-01  9.66e-01  3.58e+05	37.9834 72.8984 0.8890	
25.368070 292.219172	5.82e-01  8.96e-01  3.65e+05	-12.0353 78.0056 0.8017	
25.368070 292.219172	7.08e-01  8.02e-01  3.60e+05	-15.2792 79.6000 0.9542	
25.368070 292.219172	5.89e-01  8.11e-01  3.77e+05	8.9431 72.8075 0.4339	
25.368070 292.219172	6.64e-01  8.52e-01  3.59e+05	-23.4808 77.9216 0.1629	
25.368070 292.219172	4.43e-01  8.69e-01  3.91e+05	35.3908 55.7499 0.9475	
25.368070 292.219172	6.72e-01  9.62e-01  3.43e+05	5.8153 87.9797 0.0050	
25.368070 292.219172	5.53e-01  8.77e-01  3.72e+05	19.8585 72.9172 0.1905	
25.368070 292.219172	6.22e-01  9.19e-01  3.56e+05	-26.3824 78.6149 0.7953	
25.368070 292.219172	4.72e-01  8.05e-01  3.97e+05	-23.7164 58.0923 0.1732	
25.368070 292.219172	6.64e-01  6.89e-01  3.84e+05	9.6682 68.9494 0.6965	
25.368070 292.219172	5.33e-01  8.36e-01  3.82e+05	6.1699 70.6803 0.4738	
25.368070 292.219172	7.03e-01  8.80e-01  3.50e+05	-12.2882 84.4924 0.0580	
25.368070 292.219172	7.76e-01  8.46e-01  3.45e+05	-15.4362 86.1745 0.6547	
25.368070 292.219172	6.01e-01  8.50e-01  3.69e+05	0.0186 77.0852 0.5941	
25.368070 292.219172	6.93e-01  8.81e-01  3.51e+05	-45.3271 71.8062 0.3548	
25.368070 292.219172	6.79e-01  9.00e-01  3.51e+05	-25.8082 81.1206 0.8635	
25.368070 292.219172	6.51e-01  7.22e-01  3.81e+05	11.5663 70.3510 0.2944	
25.368070 292.219172	6.47e-01  7.89e-01  3.71e+05	-1.1410 75.9911 0.4208	
25.368070 292.219172	6.31e-01  7.56e-01  3.79e+05	7.9817 71.9076 0.1596	
25.368070 292.219172	5.94e-01  8.65e-01  3.68e+05	10.5764 76.8637 0.7677	
25.368070 292.219172	4.96e-01  6.77e-01  4.16e+05	-20.3343 46.4404 0.3433	
25.368070 292.219172	7.00e-01  8.54e-01  3.54e+05	-30.0066 78.1575 0.8295	
25.368070 292.219172	8.76e-01  9.25e-01  3.23e+05	-8.3623 95.7494 0.9337	
25.368070 292.219172	5.07e-01  7.94e-01  3.93e+05	-26.4168 59.4228 0.5216	
25.368070 292.219172	6.48e-01  8.90e-01  3.56e+05	2.4137 82.7042 0.7238	
25.368070 292.219172	4.43e-01  8.68e-01  3.91e+05	-15.4385 64.1116 0.5546	
25.368070 292.219172	7.15e-01  8.11e-01  3.58e+05	3.5937 81.9620 0.9036	
25.368070 292.219172	4.82e-01  9.06e-01  3.79e+05	-32.0274 64.9940 0.0399	
25.368070 292.219172	6.69e-01  8.99e-01  3.52e+05	9.3235 84.0164 0.7529	
25.368070 292.219172	6.35e-01  7.01e-01  3.87e+05	-1.4828 68.1262 0.0800	
25.368070 292.219172	7.09e-01  9.57e-01  3.39e+05	-12.4457 88.9651 0.0760	
25.368070 292.219172	5.58e-01  6.58e-01  4.08e+05	-7.1513 55.6350 0.8527	
25.368070 292.219172	4.16e-01  8.30e-01  4.03e+05	-4.5122 59.2706 0.7626	
25.368070 292.219172	5.77e-01  9.02e-01  3.65e+05	32.8299 71.8769 0.9459	
25.368070 292.219172	5.52e-01  8.15e-01  3.82e+05	13.8441 69.3746 0.7645	
25.368070 292.219172	6.62e-01  8.21e-01  3.64e+05	-24.9179 75.2053 0.9600	
25.368070 292.219172	5.16e-01  8.11e-01  3.89e+05	6.6722 67.0352 0.1006	
25.368070 292.219172	5.12e-01  7.99e-01  3.91e+05	-43.1224 49.8878 0.0619	
25.368070 292.219172	5.44e-01  8.70e-01  3.75e+05	-0.5199 74.3944 0.9919	
25.368070 292.219172	6.22e-01  7.25e-01  3.85e+05	7.0436 68.7204 0.0678	
25.368070 292.219172	7.92e-01  9.26e-01  3.33e+05	-4.6929 92.2506 0.1401	
25.368070 292.219172	6.05e-01  6.35e-01  4.04e+05	-6.1484 58.5022 0.4601	
25.368070 292.219172	5.58e-01  7.69e-01  3.89e+05	8.2315 66.8473 0.2859	
25.368070 292.219172	4.64e-01  7.78e-01  4.04e+05	-18.6278 55.9415 0.0124	
25.368070 292.219172	6.25e-01  7.72e-01  3.77e+05	-2.9880 73.1180 0.5582	
25.368070 292.219172	5.01e-01  9.69e-01  3.66e+05	-29.7761 72.5040 0.0496	
25.368070 292.219172	4.62e-01  8.05e-01  3.99e+05	-7.9249 61.0863 0.9613	
25.368070 292.219172	4.87e-01  7.79e-01  3.99e+05	-20.0094 58.1911 0.0196	
25.368070 292.219172	3.65e-01  8.40e-01  4.10e+05	-6.7110 54.3367 0.0399	
25.368070 292.219172	4.96e-01  7.22e-01  4.08e+05	-16.2132 53.9436 0.6909	
25.368070 292.219172	7.81e-01  7.99e-01  3.51e+05	-23.5688 81.8655 0.6837	
25.368070 292.219172	7.03e-01  7.50e-01  3.69e+05	-15.0212 75.7762 0.9063	
25.368070 292.219172	5.58e-01  7.99e-01  3.84e+05	6.9792 69.5916 0.7438	
25.368070 292.219172	4.11e-01  8.12e-01  4.07e+05	27.5366 49.8858 0.9278	
25.368070 292.219172	5.19e-01  8.40e-01  3.83e+05	-0.2006 70.0809 0.4310	
25.368070 292.219172	5.71e-01  8.29e-01  3.77e+05	-19.1488 70.7816 0.0344	
25.368070 292.219172	6.46e-01  6.85e-01  3.88e+05	-10.4682 66.8969 0.4770	
25.368070 292.219172	6.56e-01  7.67e-01  3.73e+05	28.8771 69.2823 0.1991	
25.368070 292.219172	5.97e-01  7.72e-01  3.82e+05	-1.3714 70.8685 0.8096	
25.368070 292.219172	6.07e-01  8.22e-01  3.72e+05	13.8441 74.2835 0.1674	
25.368070 292.219172	5.50e-01  8.55e-01  3.76e+05	9.2265 73.1964 0.6799	
25.368070 292.219172	3.46e-01  9.08e-01  4.01e+05	-1.3749 60.3577 0.6651	
25.368070 292.219172	4.79e-01  9.11e-01  3.78e+05	-18.4999 70.2004 0.7610	
25.368070 292.219172	4.79e-01  7.82e-01  4.00e+05	11.9469 59.8693 0.0305	
25.368070 292.219172	4.73e-01  7.74e-01  4.02e+05	4.1673 59.4975 0.1347	
25.368070 292.219172	6.12e-01  7.72e-01  3.79e+05	-25.1156 67.6626 0.3547	
25.368070 292.219172	5.27e-01  9.23e-01  3.69e+05	38.4272 66.7650 0.2730	
25.368070 292.219172	7.45e-01  8.26e-01  3.52e+05	12.0973 83.8579 0.5075	
25.368070 292.219172	5.70e-01  6.71e-01  4.04e+05	-1.3455 58.8910 0.0892	
25.368070 292.219172	4.74e-01  8.39e-01  3.91e+05	8.0868 65.5994 0.4020	
25.368070 292.219172	8.47e-01  8.95e-01  3.30e+05	-47.8120 80.3542 0.4044	
25.368070 292.219172	7.37e-01  8.76e-01  3.46e+05	12.6583 86.1163 0.7818	
25.368070 292.219172	4.46e-01  8.68e-01  3.91e+05	-39.5241 53.1057 0.4534	
25.368070 292.219172	6.11e-01  8.04e-01  3.75e+05	14.8419 72.9972 0.1599	
25.368070 292.219172	3.97e-01  8.94e-01  3.95e+05	2.5540 63.9274 0.5542	
25.368070 292.219172	4.01e-01  7.89e-01  4.13e+05	-21.9671 48.1770 0.2997	
25.368070 292.219172	5.67e-01  8.17e-01  3.79e+05	21.9670 68.7560 0.0204	
25.368070 292.219172	5.40e-01  7.46e-01  3.96e+05	36.0651 52.4222 0.6770	
25.368070 292.219172	6.50e-01  7.98e-01  3.69e+05	8.7838 76.3743 0.0343	
25.368070 292.219172	6.10e-01  8.95e-01  3.61e+05	28.8313 75.4076 0.7711	
25.368070 292.219172	6.75e-01  7.95e-01  3.66e+05	-5.1018 78.2472 0.6263	
25.368070 292.219172	5.73e-01  6.81e-01  4.01e+05	22.7103 55.8841 0.4346	
25.368070 292.219172	5.91e-01  8.08e-01  3.77e+05	-6.4787 73.0281 0.0424	
25.368070 292.219172	5.57e-01  8.35e-01  3.78e+05	-20.2923 69.8491 0.5750	
25.368070 292.219172	6.17e-01  7.97e-01  3.75e+05	6.0602 74.1785 0.8019	
25.368070 292.219172	6.40e-01  7.56e-01  3.77e+05	-27.9027 67.5391 0.5724	
25.368070 292.219172	6.11e-01  8.60e-01  3.66e+05	-9.0663 77.9872 0.8101	
25.368070 292.219172	5.01e-01  7.87e-01  3.95e+05	12.6321 62.4660 0.0663	
25.368070 292.219172	7.40e-01  8.51e-01  3.49e+05	-39.6483 76.1148 0.4525	
25.368070 292.219172	5.70e-01  7.79e-01  3.85e+05	22.3866 65.5655 0.9673	
25.368070 292.219172	3.77e-01  8.73e-01  4.02e+05	7.6308 59.3566 0.5730	
25.368070 292.219172	7.12e-01  8.95e-01  3.47e+05	7.8930 86.3473 0.3977	
25.368070 292.219172	6.75e-01  9.04e-01  3.51e+05	-14.0530 83.9888 0.4739	
25.368070 292.219172	7.07e-01  8.33e-01  3.56e+05	-42.9688 70.8706 0.8358	
25.368070 292.219172	5.16e-01  8.61e-01  3.81e+05	14.8775 69.9698 0.2715	
25.368070 292.219172	4.06e-01  7.77e-01  4.14e+05	26.8111 44.6675 0.3349	
25.368070 292.219172	6.30e-01  7.87e-01  3.74e+05	27.7134 69.2789 0.7801	
25.368070 292.219172	5.84e-01  8.39e-01  3.73e+05	26.6340 70.1867 0.1712	
25.368070 292.219172	6.07e-01  9.69e-01  3.51e+05	17.4365 83.1338 0.3157	
25.368070 292.219172	7.17e-01  8.03e-01  3.59e+05	8.1935 81.2306 0.6862	
25.368070 292.219172	4.57e-01  8.96e-01  3.84e+05	-25.7624 64.6270 0.4489	
25.368070 292.219172	4.48e-01  9.14e-01  3.83e+05	-10.2768 69.5771 0.3509	
25.368070 292.219172	4.60e-01  8.04e-01  4.00e+05	13.3935 59.8245 0.6167	
25.368070 292.219172	5.86e-01  8.46e-01  3.72e+05	-7.6499 75.3700 0.3733	
25.368070 292.219172	6.99e-01  9.45e-01  3.42e+05	-9.6328 88.1854 0.9575	
25.368070 292.219172	6.16e-01  8.66e-01  3.64e+05	-25.9601 74.8399 0.9184	
25.368070 292.219172	7.41e-01  8.75e-01  3.46e+05	24.1628 83.8236 0.4098	
25.368070 292.219172	6.23e-01  7.43e-01  3.82e+05	13.0586 69.5364 0.2804	
25.368070 292.219172	6.20e-01  7.95e-01  3.75e+05	20.6826 71.5648 0.0696	
25.368070 292.219172	6.10e-01  8.57e-01  3.67e+05	12.7734 77.1464 0.0121	
25.368070 292.219172	6.35e-01  8.54e-01  3.63e+05	-13.6070 78.5348 0.5748	
25.368070 292.219172	5.80e-01  6.40e-01  4.07e+05	-3.4445 56.5171 0.3501	
25.368070 292.219172	4.86e-01  7.72e-01  4.01e+05	-5.0873 60.4643 0.4333	
25.368070 292.219172	5.60e-01  9.22e-01  3.64e+05	6.2573 78.9083 0.6521	
25.368070 292.219172	6.34e-01  8.97e-01  3.57e+05	15.4728 80.8755 0.1657	
25.368070 292.219172	6.51e-01  8.47e-01  3.62e+05	-20.0694 77.7418 0.7122	
25.368070 292.219172	5.46e-01  8.60e-01  3.76e+05	14.9237 72.2767 0.3460	
25.368070 292.219172	5.77e-01  7.52e-01  3.88e+05	21.3621 64.0757 0.0566	
25.368070 292.219172	4.69e-01  9.20e-01  3.79e+05	-17.9641 70.2610 0.7912	
25.368070 292.219172	3.87e-01  9.47e-01  3.88e+05	-20.5026 64.8081 0.0287	
25.368070 292.219172	4.55e-01  7.87e-01  4.03e+05	-2.7133 59.0556 0.5710	
25.368070 292.219172	7.86e-01  8.97e-01  3.37e+05	17.4042 89.0045 0.6075	
25.368070 292.219172	5.24e-01  7.18e-01  4.03e+05	5.2563 58.7962 0.9614	
25.368070 292.219172	4.29e-01  8.08e-01  4.04e+05	11.8077 57.3129 0.6967	
25.368070 292.219172	7.01e-01  8.92e-01  3.49e+05	7.4020 85.6581 0.5557	
25.368070 292.219172	5.98e-01  6.92e-01  3.95e+05	13.6294 62.5620 0.3254	
25.368070 292.219172	6.92e-01  8.33e-01  3.58e+05	-21.1899 79.1928 0.4909	
25.368070 292.219172	4.25e-01  8.48e-01  3.98e+05	25.9309 56.5902 0.3411	
25.368070 292.219172	3.86e-01  8.28e-01  4.09e+05	-0.3772 55.7924 0.9837	
25.368070 292.219172	6.36e-01  7.61e-01  3.77e+05	-30.0053 66.7072 0.3019	
25.368070 292.219172	4.13e-01  9.15e-01  3.89e+05	-18.2239 64.9396 0.6688	
25.368070 292.219172	6.10e-01  8.55e-01  3.67e+05	0.1287 78.0771 0.6035	
25.368070 292.219172	6.06e-01  8.94e-01  3.62e+05	24.6026 76.5251 0.1275	
25.368070 292.219172	4.99e-01  9.49e-01  3.70e+05	-7.2563 76.5132 0.4148	
25.368070 292.219172	3.67e-01  8.65e-01  4.05e+05	5.8356 57.6791 0.7463	
25.368070 292.219172	5.26e-01  9.50e-01  3.65e+05	22.1656 75.5568 0.7964	
25.368070 292.219172	7.48e-01  9.78e-01  3.32e+05	-5.1522 92.6010 0.8593	
25.368070 292.219172	9.11e-01  9.29e-01  3.18e+05	4.0425 97.6599 0.9731	
25.368070 292.219172	7.40e-01  9.67e-01  3.34e+05	-26.4195 87.9770 0.8930	
25.368070 292.219172	6.65e-01  8.36e-01  3.61e+05	-15.6783 78.9535 0.9008	
25.368070 292.219172	7.23e-01  9.44e-01  3.39e+05	2.7018 89.8162 0.4497	
25.368070 292.219172	5.63e-01  6.73e-01  4.05e+05	-9.9051 57.5059 0.0546	
25.368070 292.219172	6.14e-01  9.85e-01  3.48e+05	23.4909 83.0169 0.2953	
25.368070 292.219172	6.00e-01  7.74e-01  3.81e+05	13.4152 70.0568 0.4634	
25.368070 292.219172	5.58e-01  7.94e-01  3.85e+05	48.3210 49.9848 0.6489	
25.368070 292.219172	6.45e-01  7.42e-01  3.79e+05	-12.4657 71.2725 0.5392	
25.368070 292.219172	6.60e-01  8.00e-01  3.68e+05	7.0575 77.3853 0.9908	
25.368070 292.219172	5.14e-01  7.67e-01  3.96e+05	-9.3031 62.4226 0.4764	
25.368070 292.219172	7.05e-01  9.66e-01  3.39e+05	3.5093 90.0437 0.8615	
25.368070 292.219172	6.90e-01  8.77e-01  3.52e+05	6.4340 84.2080 0.2401	
25.368070 292.219172	6.53e-01  7.55e-01  3.76e+05	-21.7218 70.7418 0.8350	
25.368070 292.219172	4.95e-01  7.04e-01  4.11e+05	-8.0799 53.5505 0.8421	
25.368070 292.219172	6.61e-01  8.29e-01  3.63e+05	-1.1373 79.7050 0.0175	
25.368070 292.219172	4.32e-01  8.23e-01  4.01e+05	25.4327 54.7773 0.3581	
25.368070 292.219172	5.96e-01  9.71e-01  3.52e+05	20.5157 81.9498 0.1222	
25.368070 292.219172	8.03e-01  9.07e-01  3.34e+05	-38.7006 83.4709 0.3995	
25.368070 292.219172	4.01e-01  8.40e-01  4.04e+05	5.0080 58.7154 0.4529	
25.368070 292.219172	4.72e-01  6.45e-01  4.27e+05	-8.8794 41.1919 0.8861	
25.368070 292.219172	4.23e-01  8.72e-01  3.94e+05	-13.5696 63.0299 0.6772	
25.368070 292.219172	4.84e-01  9.36e-01  3.74e+05	-6.3266 74.5827 0.5559	
25.368070 292.219172	5.58e-01  7.50e-01  3.92e+05	18.5844 63.0354 0.7183	
25.368070 292.219172	6.08e-01  6.84e-01  3.95e+05	2.2346 64.1607 0.5502	
25.368070 292.219172	5.88e-01  7.72e-01  3.83e+05	-6.4680 69.9509 0.1684	
25.368070 292.219172	4.73e-01  9.55e-01  3.72e+05	5.4733 75.2986 0.2743	
25.368070 292.219172	6.50e-01  8.69e-01  3.59e+05	8.9176 81.0592 0.8519	
25.368070 292.219172	5.18e-01  8.36e-01  3.84e+05	-8.1392 69.2731 0.7502	
25.368070 292.219172	6.54e-01  9.29e-01  3.50e+05	13.0548 84.3324 0.7912	
25.368070 292.219172	4.65e-01  7.31e-01  4.12e+05	-6.7824 53.2604 0.2894	
25.368070 292.219172	6.67e-01  8.11e-01  3.65e+05	-1.1768 78.9098 0.9732	
25.368070 292.219172	5.93e-01  9.11e-01  3.61e+05	-19.5867 78.1905 0.9001	
25.368070 292.219172	4.90e-01  8.41e-01  3.88e+05	-2.8857 67.6088 0.0344	
25.368070 292.219172	5.31e-01  8.20e-01  3.85e+05	-18.1643 66.9898 0.9985	
25.368070 292.219172	6.28e-01  6.74e-01  3.93e+05	35.2657 54.6554 0.8592	
25.368070 292.219172	6.51e-01  9.18e-01  3.52e+05	-23.4767 81.2446 0.1270	
25.368070 292.219172	4.74e-01  8.02e-01  3.97e+05	-11.1624 61.5565 0.2618	
25.368070 292.219172	6.44e-01  8.10e-01  3.69e+05	0.5884 77.3216 0.2129	
25.368070 292.219172	4.20e-01  7.41e-01  4.19e+05	5.9549 48.6323 0.1712	
25.368070 292.219172	5.18e-01  7.92e-01  3.92e+05	8.2703 65.3060 0.2833	
25.368070 292.219172	8.22e-01  9.10e-01  3.31e+05	46.7274 80.4270 0.9425	
25.368070 292.219172	3.91e-01  9.37e-01  3.89e+05	-10.0361 66.6461 0.9449	
25.368070 292.219172	4.70e-01  8.41e-01  3.91e+05	1.6950 65.9382 0.3209	
25.368070 292.219172	5.81e-01  7.12e-01  3.94e+05	-19.3936 61.3104 0.2058	
25.368070 292.219172	5.54e-01  8.02e-01  3.84e+05	10.4392 69.0615 0.4923	
25.368070 292.219172	4.49e-01  8.82e-01  3.88e+05	-24.4871 63.1347 0.9388	
25.368070 292.219172	5.59e-01  8.71e-01  3.72e+05	6.0594 75.3567 0.1883	
25.368070 292.219172	4.42e-01  9.01e-01  3.86e+05	-0.0921 68.7939 0.1725	
25.368070 292.219172	5.31e-01  8.22e-01  3.84e+05	-6.8401 69.2592 0.1229	
25.368070 292.219172	5.12e-01  7.56e-01  3.99e+05	-8.6577 61.0878 0.3369	
25.368070 292.219172	6.66e-01  8.72e-01  3.56e+05	16.9102 80.9489 0.3498	
25.368070 292.219172	7.05e-01  8.37e-01  3.56e+05	-24.1792 79.4103 0.9932	
25.368070 292.219172	6.83e-01  8.49e-01  3.57e+05	4.3515 82.2956 0.2697	
25.368070 292.219172	6.17e-01  7.55e-01  3.81e+05	17.0003 69.1425 0.9130	
25.368070 292.219172	6.99e-01  9.16e-01  3.46e+05	2.4109 87.1102 0.6633	
25.368070 292.219172	6.91e-01  9.08e-01  3.48e+05	5.7733 86.0843 0.8437	
25.368070 292.219172	6.93e-01  7.38e-01  3.72e+05	-9.3500 75.0564 0.1912	
25.368070 292.219172	5.66e-01  6.70e-01  4.04e+05	-11.2731 57.2856 0.1114	
25.368070 292.219172	7.56e-01  8.92e-01  3.41e+05	16.2020 87.4401 0.3909	
25.368070 292.219172	6.84e-01  9.24e-01  3.47e+05	-34.9518 79.4445 0.2430	
25.368070 292.219172	5.50e-01  7.55e-01  3.92e+05	18.7564 62.5997 0.6926	
25.368070 292.219172	6.58e-01  9.29e-01  3.50e+05	-4.3236 85.5318 0.9829	
25.368070 292.219172	7.12e-01  7.57e-01  3.66e+05	10.9322 77.5601 0.5628	
25.368070 292.219172	6.15e-01  7.81e-01  3.78e+05	-17.7489 70.8455 0.7318	
25.368070 292.219172	6.52e-01  9.24e-01  3.51e+05	-29.3966 79.7191 0.7602	
25.368070 292.219172	5.40e-01  7.63e-01  3.93e+05	5.2366 65.0216 0.5782	
25.368070 292.219172	7.07e-01  8.62e-01  3.52e+05	10.4931 83.9342 0.1340	
25.368070 292.219172	7.36e-01  8.27e-01  3.53e+05	29.9584 78.7225 0.6205	
25.368070 292.219172	6.03e-01  8.56e-01  3.68e+05	8.4961 77.1402 0.6882	
25.368070 292.219172	5.57e-01  9.46e-01  3.61e+05	-3.2200 80.4486 0.2211	
25.368070 292.219172	6.39e-01  9.61e-01  3.48e+05	23.9448 82.9192 0.5613	
25.368070 292.219172	6.17e-01  8.03e-01  3.74e+05	-0.6097 74.9125 0.0874	
25.368070 292.219172	5.45e-01  7.69e-01  3.91e+05	30.8029 58.5799 0.2344	
25.368070 292.219172	4.68e-01  8.19e-01  3.95e+05	10.1745 62.8442 0.1322	
25.368070 292.219172	6.39e-01  8.03e-01  3.70e+05	-14.7310 75.0017 0.6904	
25.368070 292.219172	7.68e-01  8.23e-01  3.49e+05	6.6791 85.5659 0.8806	
25.368070 292.219172	6.59e-01  8.91e-01  3.55e+05	-22.6444 80.3550 0.7763	
25.368070 292.219172	5.77e-01  8.49e-01  3.73e+05	32.4020 68.0075 0.1768	
25.368070 292.219172	5.85e-01  7.89e-01  3.81e+05	-31.3788 64.0281 0.5586	
25.368070 292.219172	6.62e-01  7.58e-01  3.74e+05	-7.3219 74.5651 0.3579	
25.368070 292.219172	3.57e-01  8.13e-01  4.17e+05	-5.2289 50.0099 0.2078	
25.368070 292.219172	7.66e-01  9.08e-01  3.38e+05	16.7538 88.6477 0.4742	
25.368070 292.219172	4.72e-01  8.33e-01  3.93e+05	32.8090 56.4625 0.0031	
25.368070 292.219172	5.60e-01  8.58e-01  3.74e+05	9.4611 74.1445 0.6017	
25.368070 292.219172	4.61e-01  7.38e-01  4.11e+05	-26.5296 47.1760 0.5657	
25.368070 292.219172	5.61e-01  9.11e-01  3.66e+05	7.2878 78.2054 0.9017	
25.368070 292.219172	6.32e-01  8.90e-01  3.59e+05	17.3784 79.8728 0.9987	
25.368070 292.219172	5.18e-01  8.05e-01  3.89e+05	17.2264 64.7850 0.6046	
25.368070 292.219172	6.35e-01  7.86e-01  3.74e+05	-9.2603 74.4052 0.4456	
25.368070 292.219172	6.17e-01  8.45e-01  3.67e+05	16.6521 76.0409 0.0252	
25.368070 292.219172	5.36e-01  9.17e-01  3.69e+05	10.9955 76.3977 0.6657	
25.368070 292.219172	6.64e-01  7.41e-01  3.76e+05	-10.5041 73.0220 0.5714	
25.368070 292.219172	6.31e-01  7.95e-01  3.73e+05	40.5327 63.4201 0.4488	
25.368070 292.219172	4.00e-01  7.86e-01  4.14e+05	-15.2751 50.1196 0.5211	
25.368070 292.219172	5.83e-01  9.09e-01  3.63e+05	8.1941 79.4241 0.2541	
25.368070 292.219172	5.43e-01  8.07e-01  3.85e+05	10.0211 68.6190 0.4622	
25.368070 292.219172	4.44e-01  7.36e-01  4.15e+05	-0.2661 51.6701 0.2002	
25.368070 292.219172	5.21e-01  6.62e-01  4.14e+05	-10.0095 51.0431 0.8681	
25.368070 292.219172	5.94e-01  7.81e-01  3.81e+05	-14.0923 70.0168 0.7048	
25.368070 292.219172	6.30e-01  9.07e-01  3.56e+05	-17.6323 80.8402 0.0120	
25.368070 292.219172	6.68e-01  8.44e-01  3.60e+05	26.9026 76.5007 0.5444	
25.368070 292.219172	4.71e-01  8.85e-01  3.84e+05	-31.9621 62.0869 0.0788	
25.368070 292.219172	5.61e-01  7.97e-01  3.84e+05	-36.9666 59.4632 0.8556	
25.368070 292.219172	5.87e-01  7.17e-01  3.92e+05	28.2760 58.8690 0.9081	
25.368070 292.219172	6.52e-01  7.52e-01  3.76e+05	-13.4985 72.4318 0.4862	
25.368070 292.219172	4.77e-01  8.03e-01  3.97e+05	-17.5211 60.5566 0.1903	
25.368070 292.219172	4.58e-01  9.39e-01  3.77e+05	-4.8438 72.9903 0.6333	
25.368070 292.219172	5.10e-01  8.97e-01  3.76e+05	-8.5503 73.4183 0.0230	
25.368070 292.219172	5.95e-01  9.61e-01  3.54e+05	-0.0388 83.8168 0.7949	
25.368070 292.219172	4.63e-01  7.88e-01  4.02e+05	-3.8236 59.8020 0.8777	
25.368070 292.219172	5.16e-01  7.35e-01  4.02e+05	-1.1862 60.0056 0.3185	
25.368070 292.219172	7.56e-01  9.04e-01  3.40e+05	-18.3439 87.6430 0.0674	
25.368070 292.219172	4.76e-01  6.80e-01  4.19e+05	15.0511 46.0555 0.2343	
25.368070 292.219172	6.11e-01  9.90e-01  3.48e+05	-4.1597 86.2651 0.5290	
25.368070 292.219172	6.50e-01  7.82e-01  3.72e+05	20.7330 72.7903 0.8102	
25.368070 292.219172	5.79e-01  7.65e-01  3.86e+05	22.0001 65.2230 0.9027	
25.368070 292.219172	6.06e-01  8.47e-01  3.69e+05	-19.7140 74.7032 0.1521	
25.368070 292.219172	5.95e-01  8.85e-01  3.65e+05	25.9530 74.6412 0.9756	
25.368070 292.219172	6.58e-01  7.43e-01  3.77e+05	3.1254 73.3871 0.1410	
25.368070 292.219172	7.16e-01  8.29e-01  3.55e+05	56.2867 61.1688 0.5854	
25.368070 292.219172	5.66e-01  7.07e-01  3.98e+05	-3.8002 62.1961 0.0970	
25.368070 292.219172	5.18e-01  8.32e-01  3.85e+05	-33.9099 60.4331 0.0736	
25.368070 292.219172	5.11e-01  8.63e-01  3.81e+05	12.1086 70.3063 0.0591	
25.368070 292.219172	4.93e-01  8.35e-01  3.88e+05	-15.9198 65.5641 0.3957	
25.368070 292.219172	6.68e-01  7.41e-01  3.75e+05	-28.1398 68.4729 0.5948	
25.368070 292.219172	5.81e-01  6.99e-01  3.97e+05	-2.4619 62.9653 0.6436	
25.368070 292.219172	5.98e-01  9.55e-01  3.54e+05	10.2319 82.9929 0.9819	
25.368070 292.219172	4.96e-01  8.78e-01  3.81e+05	20.6676 68.3237 0.7119	
25.368070 292.219172	5.17e-01  8.17e-01  3.88e+05	-13.3190 66.6686 0.9285	
25.368070 292.219172	7.17e-01  8.28e-01  3.55e+05	22.8154 80.0083 0.0099	
25.368070 292.219172	6.54e-01  8.71e-01  3.58e+05	-10.9952 81.2385 0.5969	
25.368070 292.219172	5.86e-01  8.70e-01  3.68e+05	16.8396 75.6101 0.7674	
25.368070 292.219172	4.61e-01  7.74e-01  4.05e+05	2.8498 58.1383 0.3010	
25.368070 292.219172	4.49e-01  6.88e-01  4.23e+05	-14.4651 43.1432 0.2093	
25.368070 292.219172	5.36e-01  8.27e-01  3.83e+05	13.2236 69.1852 0.0983	
25.368070 292.219172	4.98e-01  8.32e-01  3.88e+05	-16.5534 65.5796 0.2491	
25.368070 292.219172	5.00e-01  8.42e-01  3.86e+05	-25.9154 63.5848 0.3692	
25.368070 292.219172	5.79e-01  8.75e-01  3.69e+05	20.2648 74.5757 0.3798	
25.368070 292.219172	5.70e-01  7.27e-01  3.94e+05	-1.9348 64.5589 0.6100	
25.368070 292.219172	5.74e-01  7.83e-01  3.84e+05	19.3990 67.2390 0.3216	
25.368070 292.219172	6.77e-01  7.40e-01  3.74e+05	-4.3562 74.5421 0.2080	
25.368070 292.219172	5.61e-01  8.60e-01  3.74e+05	-34.3998 66.5702 0.2534	
25.368070 292.219172	6.29e-01  9.21e-01  3.55e+05	-12.7342 82.4617 0.3127	
25.368070 292.219172	6.26e-01  7.87e-01  3.75e+05	-7.4216 73.9659 0.1402	
25.368070 292.219172	4.04e-01  8.64e-01  3.99e+05	-10.7834 60.7981 0.0773	
25.368070 292.219172	5.54e-01  7.69e-01  3.89e+05	-24.5161 62.3567 0.0483	
25.368070 292.219172	7.16e-01  9.45e-01  3.40e+05	30.4440 84.2497 0.7372	
25.368070 292.219172	7.80e-01  9.60e-01  3.30e+05	-21.6068 90.8450 0.4370	
25.368070 292.219172	4.93e-01  8.64e-01  3.84e+05	20.9870 66.7427 0.0205	
25.368070 292.219172	2.93e-01  8.77e-01  4.17e+05	9.8252 49.4027 0.4435	
25.368070 292.219172	5.58e-01  8.85e-01  3.70e+05	-21.8472 73.3276 0.9674	
25.368070 292.219172	3.50e-01  9.17e-01  3.99e+05	-27.8007 55.0113 0.4110	
25.368070 292.219172	3.62e-01  8.24e-01  4.14e+05	-6.9792 51.9612 0.7772	
25.368070 292.219172	6.08e-01  7.06e-01  3.91e+05	3.3912 66.0618 0.9989	
25.368070 292.219172	7.31e-01  7.75e-01  3.61e+05	5.3376 80.5626 0.9510	
25.368070 292.219172	5.25e-01  8.09e-01  3.88e+05	-4.4237 67.8404 0.6729	
25.368070 292.219172	4.54e-01  9.23e-01  3.80e+05	-33.5162 63.2895 0.8612	
25.368070 292.219172	5.57e-01  6.92e-01  4.02e+05	21.3407 55.8101 0.9581	
25.368070 292.219172	6.08e-01  6.82e-01  3.95e+05	19.4767 60.8475 0.4916	
25.368070 292.219172	5.32e-01  7.49e-01  3.96e+05	28.9385 56.1221 0.2212	
25.368070 292.219172	4.30e-01  7.71e-01  4.11e+05	1.7538 54.2932 0.2807	
25.368070 292.219172	4.14e-01  9.15e-01  3.88e+05	-21.7643 63.9352 0.0761	
25.368070 292.219172	7.96e-01  8.76e-01  3.38e+05	10.4510 89.5257 0.4090	
25.368070 292.219172	4.41e-01  8.84e-01  3.89e+05	-21.8179 63.5899 0.4566	
25.368070 292.219172	5.04e-01  7.18e-01  4.07e+05	17.5483 54.1196 0.7982	
25.368070 292.219172	4.58e-01  8.10e-01  3.99e+05	-0.5211 61.7909 0.7540	
25.368070 292.219172	6.23e-01  8.39e-01  3.67e+05	44.6678 63.7073 0.2099	
25.368070 292.219172	5.63e-01  8.05e-01  3.82e+05	-4.8217 70.6994 0.3004	
25.368070 292.219172	5.29e-01  8.88e-01  3.74e+05	1.4225 74.6063 0.6287	
25.368070 292.219172	5.54e-01  9.43e-01  3.62e+05	-21.0005 77.3870 0.5009	
25.368070 292.219172	5.17e-01  8.69e-01  3.79e+05	3.2819 72.2332 0.8346	
25.368070 292.219172	6.88e-01  7.46e-01  3.72e+05	-11.7448 74.9796 0.3696	
25.368070 292.219172	4.83e-01  7.30e-01  4.09e+05	2.6304 55.6844 0.0523	
25.368070 292.219172	5.79e-01  8.92e-01  3.66e+05	-12.6694 77.3807 0.7093	
25.368070 292.219172	6.61e-01  9.30e-01  3.49e+05	19.3437 83.6385 0.7143	
25.368070 292.219172	6.08e-01  8.10e-01  3.74e+05	25.0645 70.4022 0.2963	
25.368070 292.219172	6.92e-01  7.84e-01  3.65e+05	9.1932 78.2315 0.3268	
25.368070 292.219172	6.23e-01  9.64e-01  3.50e+05	-20.8321 83.0355 0.6385	
25.368070 292.219172	5.23e-01  7.99e-01  3.90e+05	-9.4461 66.1832 0.0386	
25.368070 292.219172	6.90e-01  9.10e-01  3.48e+05	5.2679 86.1806 0.8484	
25.368070 292.219172	5.56e-01  7.97e-01  3.84e+05	25.0246 64.9508 0.6164	
25.368070 292.219172	5.43e-01  8.16e-01  3.83e+05	24.7685 65.5353 0.9025	
25.368070 292.219172	5.97e-01  8.27e-01  3.73e+05	-28.0863 69.6855 0.9452	
25.368070 292.219172	7.30e-01  9.28e-01  3.40e+05	19.4136 87.2454 0.6229	
25.368070 292.219172	3.80e-01  9.11e-01  3.95e+05	15.1569 62.2277 0.2636	
25.368070 292.219172	6.68e-01  7.85e-01  3.69e+05	-17.5708 75.2544 0.5076	
25.368070 292.219172	4.69e-01  8.62e-01  3.88e+05	12.0523 66.6735 0.3374	
25.368070 292.219172	5.69e-01  9.53e-01  3.59e+05	9.0795 81.2734 0.1500	
25.368070 292.219172	4.14e-01  9.35e-01  3.85e+05	-11.2986 68.3489 0.5930	
25.368070 292.219172	6.63e-01  9.75e-01  3.43e+05	3.1808 88.3066 0.3037	
25.368070 292.219172	5.73e-01  7.36e-01  3.92e+05	-1.7026 65.7735 0.9459	
25.368070 292.219172	5.29e-01  7.95e-01  3.89e+05	27.3955 61.2745 0.4543	
25.368070 292.219172	6.91e-01  7.85e-01  3.65e+05	-7.5962 78.3940 0.4436	
25.368070 292.219172	4.31e-01  9.36e-01  3.82e+05	-17.0827 68.6265 0.3326	
25.368070 292.219172	6.11e-01  7.34e-01  3.86e+05	-17.5905 66.6443 0.6523	
25.368070 292.219172	6.20e-01  8.26e-01  3.70e+05	13.4042 75.5451 0.0052	
25.368070 292.219172	8.69e-01  9.19e-01  3.24e+05	-0.1298 95.5720 0.6050	
25.368070 292.219172	6.12e-01  8.69e-01  3.65e+05	-34.9487 70.9963 0.6055	
25.368070 292.219172	7.18e-01  8.45e-01  3.53e+05	2.1637 84.1635 0.9524	
25.368070 292.219172	7.05e-01  9.07e-01  3.46e+05	28.7985 82.1322 0.5363	
25.368070 292.219172	6.04e-01  7.90e-01  3.78e+05	2.0864 72.9155 0.1938	
25.368070 292.219172	4.22e-01  7.87e-01  4.09e+05	-6.1258 55.0227 0.1973	
25.368070 292.219172	5.86e-01  9.30e-01  3.59e+05	4.3426 81.2722 0.4667	
25.368070 292.219172	7.05e-01  8.96e-01  3.48e+05	-6.9849 86.1260 0.3959	
25.368070 292.219172	3.93e-01  8.26e-01  4.08e+05	10.6025 55.4422 0.4362	
25.368070 292.219172	4.58e-01  8.38e-01  3.94e+05	10.8958 63.6085 0.5462	
25.368070 292.219172	5.60e-01  6.94e-01  4.01e+05	-20.6881 56.6352 0.6044	
25.368070 292.219172	4.06e-01  7.50e-01  4.20e+05	-4.8724 48.0421 0.0048	
25.368070 292.219172	5.34e-01  8.71e-01  3.76e+05	7.0947 73.4347 0.9606	
25.368070 292.219172	4.63e-01  8.79e-01  3.86e+05	-23.0563 64.7398 0.4898	
25.368070 292.219172	5.80e-01  8.29e-01  3.75e+05	28.9526 68.1666 0.0282	
25.368070 292.219172	5.85e-01  7.30e-01  3.91e+05	-5.3835 66.0589 0.5113	
25.368070 292.219172	5.01e-01  7.81e-01  3.96e+05	-12.2959 61.9114 0.4799	
25.368070 292.219172	4.90e-01  6.72e-01  4.18e+05	-26.2142 41.7554 0.2542	
25.368070 292.219172	2.99e-01  9.61e-01  4.00e+05	28.5163 53.9001 0.1922	
25.368070 292.219172	4.23e-01  8.52e-01  3.97e+05	-8.9578 61.8973 0.2569	
25.368070 292.219172	6.41e-01  9.16e-01  3.54e+05	1.6175 83.8786 0.9001	
25.368070 292.219172	5.10e-01  8.59e-01  3.82e+05	-8.4408 70.4188 0.1117	
25.368070 292.219172	4.86e-01  9.43e-01  3.72e+05	-37.4775 65.5974 0.8346	
25.368070 292.219172	4.34e-01  8.11e-01  4.03e+05	7.1272 58.9402 0.1842	
25.368070 292.219172	5.87e-01  7.42e-01  3.88e+05	28.4887 61.2241 0.8116	
25.368070 292.219172	5.94e-01  8.81e-01  3.65e+05	-54.5980 56.7636 0.0481	
25.368070 292.219172	6.59e-01  8.42e-01  3.62e+05	-11.9678 79.5493 0.7606	
25.368070 292.219172	5.29e-01  6.85e-01  4.08e+05	10.5369 54.9261 0.7168	
25.368070 292.219172	5.39e-01  8.62e-01  3.77e+05	-16.8548 71.4427 0.9366	
25.368070 292.219172	5.85e-01  8.00e-01  3.79e+05	-9.3590 71.5591 0.5557	
25.368070 292.219172	6.37e-01  7.90e-01  3.73e+05	-9.3002 74.7994 0.5124	
25.368070 292.219172	5.68e-01  8.60e-01  3.73e+05	-3.5132 75.3599 0.6696	
25.368070 292.219172	7.03e-01  8.12e-01  3.60e+05	54.7040 60.1950 0.3042	
25.368070 292.219172	5.50e-01  6.29e-01  4.15e+05	-7.0353 51.0860 0.4389	
25.368070 292.219172	6.55e-01  9.33e-01  3.49e+05	1.7326 85.6588 0.2057	
25.368070 292.219172	6.09e-01  7.16e-01  3.89e+05	7.7764 66.7218 0.1558	
25.368070 292.219172	5.77e-01  7.47e-01  3.89e+05	17.3463 64.8206 0.3062	
25.368070 292.219172	5.91e-01  8.21e-01  3.75e+05	25.6259 69.7167 0.3053	
25.368070 292.219172	4.14e-01  8.04e-01  4.08e+05	-10.2655 55.3164 0.2236	
25.368070 292.219172	6.02e-01  9.40e-01  3.56e+05	-11.5282 82.1633 0.4214	
25.368070 292.219172	5.24e-01  8.17e-01  3.86e+05	-12.2188 67.5364 0.7213	
25.368070 292.219172	6.30e-01  7.11e-01  3.86e+05	-23.3620 64.4950 0.1286	
25.368070 292.219172	4.19e-01  7.80e-01  4.11e+05	13.2129 52.5215 0.3454	
25.368070 292.219172	5.68e-01  7.51e-01  3.90e+05	-20.2117 63.4761 0.5884	
25.368070 292.219172	6.42e-01  8.07e-01  3.69e+05	0.3987 76.9471 0.4559	
25.368070 292.219172	7.29e-01  8.76e-01  3.47e+05	-33.4514 79.9385 0.9505	
25.368070 292.219172	6.40e-01  6.81e-01  3.90e+05	-32.7134 58.3601 0.8866	
25.368070 292.219172	4.60e-01  7.62e-01  4.07e+05	12.2810 55.4028 0.2351	
25.368070 292.219172	7.09e-01  7.97e-01  3.61e+05	-26.6721 76.2272 0.1214	
25.368070 292.219172	5.66e-01  8.72e-01  3.71e+05	27.5628 71.0201 0.7535	
25.368070 292.219172	7.47e-01  8.77e-01  3.45e+05	20.7143 85.1430 0.4826	
25.368070 292.219172	4.98e-01  7.83e-01  3.96e+05	-12.0671 61.9237 0.9709	
25.368070 292.219172	5.12e-01  8.36e-01  3.85e+05	-20.7969 65.9494 0.2550	
25.368070 292.219172	6.69e-01  9.30e-01  3.48e+05	-18.5707 84.2566 0.3606	
25.368070 292.219172	6.41e-01  9.33e-01  3.51e+05	35.6293 77.0407 0.3329	
25.368070 292.219172	8.37e-01  8.94e-01  3.31e+05	-23.0514 90.0635 0.6439	
25.368070 292.219172	6.43e-01  8.96e-01  3.56e+05	30.7364 76.8549 0.5422	
25.368070 292.219172	4.08e-01  8.38e-01  4.03e+05	-16.1694 57.1973 0.1358	
25.368070 292.219172	4.95e-01  8.70e-01  3.83e+05	-6.2532 70.2854 0.7973	
25.368070 292.219172	6.13e-01  7.96e-01  3.75e+05	-39.8025 62.4275 0.1904	
25.368070 292.219172	5.76e-01  9.44e-01  3.59e+05	29.4336 76.1393 0.9996	
25.368070 292.219172	5.62e-01  8.35e-01  3.77e+05	1.5009 73.1196 0.5460	
25.368070 292.219172	3.78e-01  8.60e-01  4.04e+05	-9.8042 57.7684 0.7100	
25.368070 292.219172	4.51e-01  8.70e-01  3.90e+05	0.3419 66.8625 0.2966	
25.368070 292.219172	4.09e-01  9.01e-01  3.91e+05	-19.2255 63.0318 0.1784	
25.368070 292.219172	5.73e-01  7.51e-01  3.89e+05	-31.2384 59.3533 0.2207	
25.368070 292.219172	4.10e-01  9.27e-01  3.87e+05	7.7182 67.8192 0.5988	
25.368070 292.219172	5.76e-01  7.93e-01  3.82e+05	-6.6029 70.6202 0.7445	
25.368070 292.219172	5.12e-01  7.50e-01  4.00e+05	-7.5665 60.7698 0.2634	
25.368070 292.219172	6.18e-01  7.29e-01  3.85e+05	-24.0174 64.8173 0.8196	
25.368070 292.219172	5.79e-01  9.16e-01  3.63e+05	-3.3009 79.9750 0.6492	
25.368070 292.219172	5.66e-01  8.00e-01  3.82e+05	9.1517 70.1145 0.0908	
25.368070 292.219172	5.73e-01  7.44e-01  3.90e+05	2.1903 66.4775 0.5316	
25.368070 292.219172	7.24e-01  8.27e-01  3.55e+05	-11.9122 82.6708 0.4376	
25.368070 292.219172	7.97e-01  9.22e-01  3.33e+05	63.5854 67.0343 0.1273	
25.368070 292.219172	4.64e-01  9.13e-01  3.80e+05	-40.6811 58.8979 0.2545	
25.368070 292.219172	6.31e-01  7.17e-01  3.85e+05	9.8179 68.5445 0.0812	
25.368070 292.219172	7.28e-01  9.54e-01  3.37e+05	23.4523 87.5286 0.9497	
25.368070 292.219172	6.00e-01  7.21e-01  3.90e+05	17.7650 64.3698 0.2115	
25.368070 292.219172	5.69e-01  7.97e-01  3.82e+05	40.5777 57.8421 0.0019	
25.368070 292.219172	4.70e-01  9.40e-01  3.75e+05	-13.7538 72.8602 0.9187	
25.368070 292.219172	6.57e-01  8.46e-01  3.61e+05	25.0824 76.5676 0.4113	
25.368070 292.219172	6.01e-01  7.27e-01  3.89e+05	0.0030 67.4267 0.8975	
25.368070 292.219172	5.89e-01  7.38e-01  3.89e+05	11.9931 66.3331 0.5761	
25.368070 292.219172	7.68e-01  8.86e-01  3.41e+05	1.2382 89.2090 0.7612	
25.368070 292.219172	7.23e-01  8.18e-01  3.56e+05	-46.0777 68.9172 0.6269	
25.368070 292.219172	7.16e-01  9.08e-01  3.45e+05	-0.1669 87.6571 0.6020	
25.368070 292.219172	4.07e-01  8.82e-01  3.95e+05	3.2620 63.7657 0.5723	
25.368070 292.219172	5.15e-01  8.87e-01  3.76e+05	-3.6600 73.4687 0.4267	
25.368070 292.219172	4.62e-01  7.08e-01  4.17e+05	-25.9869 43.2091 0.2250	
25.368070 292.219172	5.09e-01  7.80e-01  3.95e+05	-20.6554 60.3767 0.7882	
25.368070 292.219172	7.74e-01  8.59e-01  3.44e+05	36.9592 79.9834 0.9598	
25.368070 292.219172	6.74e-01  7.01e-01  3.81e+05	3.7875 71.3027 0.1029	
25.368070 292.219172	5.33e-01  8.40e-01  3.81e+05	6.4164 70.9711 0.5115	
25.368070 292.219172	5.51e-01  9.23e-01  3.66e+05	22.7477 75.2601 0.5536	
25.368070 292.219172	6.73e-01  8.16e-01  3.63e+05	6.4329 79.3868 0.1735	
25.368070 292.219172	6.84e-01  8.48e-01  3.57e+05	-18.8835 80.2201 0.7346	
25.368070 292.219172	4.81e-01  8.89e-01  3.82e+05	56.0647 43.5333 0.2297	
25.368070 292.219172	6.92e-01  8.00e-01  3.63e+05	-23.9349 76.1881 0.6855	
25.368070 292.219172	5.84e-01  6.08e-01  4.12e+05	2.8354 53.1966 0.6480	
25.368070 292.219172	7.07e-01  8.01e-01  3.61e+05	-19.4623 78.4645 0.0122	
25.368070 292.219172	5.35e-01  8.10e-01  3.86e+05	-2.6117 68.8374 0.9229	
25.368070 292.219172	6.26e-01  8.73e-01  3.62e+05	10.9682 79.5436 0.0364	
25.368070 292.219172	4.72e-01  8.42e-01  3.91e+05	-10.6374 65.3801 0.1564	
25.368070 292.219172	4.33e-01  8.41e-01  3.98e+05	20.6373 58.8798 0.0763	
25.368070 292.219172	5.16e-01  7.09e-01  4.06e+05	5.2986 56.9365 0.4069	
25.368070 292.219172	5.34e-01  7.68e-01  3.93e+05	-29.8551 57.7925 0.6540	
25.368070 292.219172	4.34e-01  9.13e-01  3.85e+05	-7.0167 68.7566 0.5561	
25.368070 292.219172	7.40e-01  9.63e-01  3.35e+05	-14.9428 90.4380 0.4017	
25.368070 292.219172	5.57e-01  8.21e-01  3.80e+05	-0.8628 71.6233 0.3526	
25.368070 292.219172	6.11e-01  8.35e-01  3.70e+05	5.4477 76.5633 0.9894	
25.368070 292.219172	4.97e-01  7.91e-01  3.95e+05	-11.6009 62.6382 0.3797	
25.368070 292.219172	3.97e-01  8.37e-01  4.05e+05	12.6558 56.7427 0.2098	
25.368070 292.219172	4.38e-01  9.20e-01  3.83e+05	29.2791 63.6648 0.8900	
25.368070 292.219172	6.89e-01  7.58e-01  3.70e+05	28.6249 71.2832 0.1416	
25.368070 292.219172	5.77e-01  8.16e-01  3.78e+05	-0.0299 72.8238 0.3034	
25.368070 292.219172	5.76e-01  7.13e-01  3.95e+05	2.8608 63.8299 0.0823	
25.368070 292.219172	5.15e-01  8.47e-01  3.83e+05	10.3111 69.5300 0.9790	
25.368070 292.219172	6.15e-01  6.83e-01  3.94e+05	-14.2679 63.0570 0.0840	
25.368070 292.219172	5.98e-01  9.62e-01  3.53e+05	14.3972 82.7964 0.7501	
25.368070 292.219172	7.05e-01  7.60e-01  3.67e+05	13.9768 76.8029 0.2094	
25.368070 292.219172	6.15e-01  9.13e-01  3.58e+05	19.8357 79.7354 0.8646	
25.368070 292.219172	6.08e-01  9.51e-01  3.53e+05	28.5430 79.0203 0.2198	
25.368070 292.219172	6.12e-01  8.10e-01  3.73e+05	-11.5018 74.1146 0.5509	
25.368070 292.219172	6.21e-01  7.03e-01  3.89e+05	13.8370 65.7174 0.3894	
25.368070 292.219172	5.38e-01  7.56e-01  3.94e+05	-18.3189 61.6287 0.9650	
25.368070 292.219172	4.99e-01  7.99e-01  3.94e+05	-10.9294 63.7572 0.2411	
25.368070 292.219172	4.22e-01  8.22e-01  4.03e+05	-3.0712 59.2302 0.1410	
25.368070 292.219172	4.60e-01  7.47e-01  4.10e+05	-36.1026 41.5500 0.1050	
25.368070 292.219172	6.78e-01  8.30e-01  3.61e+05	3.9668 80.8079 0.7544	
25.368070 292.219172	5.77e-01  8.90e-01  3.67e+05	17.3420 76.2963 0.0799	
25.368070 292.219172	4.16e-01  8.32e-01  4.02e+05	-8.2559 59.1541 0.2864	
25.368070 292.219172	6.22e-01  8.90e-01  3.60e+05	-4.7313 81.0577 0.0894	
25.368070 292.219172	6.13e-01  6.87e-01  3.93e+05	-19.3043 62.0049 0.0893	
25.368070 292.219172	6.40e-01  8.04e-01  3.70e+05	-20.8199 73.7284 0.1175	
25.368070 292.219172	5.48e-01  8.39e-01  3.79e+05	-19.1413 69.7953 0.7125	
25.368070 292.219172	5.10e-01  8.87e-01  3.77e+05	0.1560 73.2096 0.9303	
25.368070 292.219172	6.51e-01  7.84e-01  3.71e+05	-14.8770 74.4795 0.7638	
25.368070 292.219172	3.72e-01  8.99e-01  3.98e+05	6.4522 61.7802 0.0445	
25.368070 292.219172	6.28e-01  9.16e-01  3.55e+05	23.9395 79.5920 0.1809	
25.368070 292.219172	5.50e-01  7.64e-01  3.91e+05	21.4188 62.6503 0.3944	
25.368070 292.219172	6.61e-01  8.51e-01  3.60e+05	-5.3415 80.9637 0.9696	
25.368070 292.219172	7.54e-01  9.58e-01  3.33e+05	21.7311 89.4967 0.9108	
25.368070 292.219172	6.44e-01  8.61e-01  3.61e+05	-38.6185 70.8030 0.8829	
25.368070 292.219172	4.90e-01  7.73e-01  3.99e+05	16.3892 59.1326 0.8815	
25.368070 292.219172	6.02e-01  8.70e-01  3.66e+05	1.7490 78.5232 0.6571	
25.368070 292.219172	7.49e-01  9.22e-01  3.39e+05	19.9441 87.8384 0.5980	
25.368070 292.219172	5.70e-01  9.02e-01  3.66e+05	-33.8619 70.8668 0.5346	
25.368070 292.219172	5.54e-01  7.77e-01  3.88e+05	-11.3600 66.7363 0.7071	
25.368070 292.219172	5.64e-01  8.97e-01  3.67e+05	30.6814 71.4854 0.1369	
25.368070 292.219172	6.33e-01  7.76e-01  3.75e+05	-15.1595 72.4858 0.2799	
25.368070 292.219172	6.43e-01  8.52e-01  3.62e+05	12.0389 79.1621 0.1787	
25.368070 292.219172	5.39e-01  7.42e-01  3.96e+05	13.0347 61.7336 0.4950	
25.368070 292.219172	5.50e-01  9.05e-01  3.68e+05	18.9719 75.0029 0.9898	
25.368070 292.219172	4.31e-01  9.24e-01  3.84e+05	-5.2367 69.6032 0.0660	
25.368070 292.219172	5.96e-01  6.62e-01  4.00e+05	-1.1304 60.8224 0.3117	
25.368070 292.219172	6.36e-01  7.30e-01  3.82e+05	5.4415 70.4182 0.0031	
25.368070 292.219172	5.74e-01  9.65e-01  3.56e+05	21.3740 80.0145 0.1854	
25.368070 292.219172	5.16e-01  6.98e-01  4.08e+05	20.8078 51.9100 0.2065	
25.368070 292.219172	6.98e-01  8.09e-01  3.61e+05	21.2213 77.9550 0.2908	
25.368070 292.219172	5.75e-01  8.05e-01  3.80e+05	-13.1638 70.6194 0.7813	
25.368070 292.219172	8.59e-01  9.41e-01  3.23e+05	5.5792 95.9255 0.9834	
25.368070 292.219172	4.35e-01  8.73e-01  3.92e+05	13.3397 64.2205 0.7443	
25.368070 292.219172	4.95e-01  8.47e-01  3.86e+05	25.1701 63.9295 0.2639	
25.368070 292.219172	4.44e-01  8.57e-01  3.93e+05	-14.0966 63.4911 0.2129	
25.368070 292.219172	5.63e-01  8.07e-01  3.82e+05	28.3376 65.1189 0.4310	
25.368070 292.219172	6.65e-01  7.34e-01  3.77e+05	37.2099 63.1398 0.2696	
25.368070 292.219172	4.48e-01  7.76e-01  4.07e+05	-0.5843 56.9956 0.5467	
25.368070 292.219172	6.61e-01  9.74e-01  3.43e+05	9.0519 87.7902 0.8759	
25.368070 292.219172	6.89e-01  7.74e-01  3.67e+05	-6.9099 77.6237 0.4334	
25.368070 292.219172	6.12e-01  8.68e-01  3.65e+05	-4.1664 78.9957 0.2060	
25.368070 292.219172	4.56e-01  9.13e-01  3.82e+05	-12.0095 69.8814 0.2624	
25.368070 292.219172	6.52e-01  7.60e-01  3.75e+05	-19.4634 71.7080 0.2809	
25.368070 292.219172	6.73e-01  7.93e-01  3.67e+05	4.0692 78.0700 0.4142	
25.368070 292.219172	4.59e-01  7.53e-01  4.09e+05	11.9530 54.3362 0.5640	
25.368070 292.219172	6.67e-01  7.99e-01  3.67e+05	15.4226 76.6184 0.6552	
25.368070 292.219172	5.50e-01  7.29e-01  3.97e+05	-2.9501 62.8705 0.2106	
25.368070 292.219172	5.24e-01  7.42e-01  3.99e+05	-0.6406 61.5710 0.1548	
25.368070 292.219172	4.65e-01  8.17e-01  3.96e+05	-7.9224 62.7439 0.3592	
25.368070 292.219172	6.66e-01  8.97e-01  3.53e+05	-24.0958 80.7051 0.7446	
25.368070 292.219172	4.62e-01  7.28e-01  4.13e+05	-13.6975 51.1958 0.8171	
25.368070 292.219172	6.00e-01  8.50e-01  3.69e+05	-0.1862 76.9930 0.4974	
25.368070 292.219172	4.72e-01  7.00e-01  4.16e+05	9.4397 49.7200 0.9256	
25.368070 292.219172	6.03e-01  8.92e-01  3.62e+05	-21.0922 77.2231 0.4538	
25.368070 292.219172	5.91e-01  7.69e-01  3.83e+05	5.4390 69.9615 0.0118	
25.368070 292.219172	6.66e-01  8.31e-01  3.62e+05	-9.2517 79.6374 0.2314	
25.368070 292.219172	3.98e-01  8.60e-01  4.01e+05	22.4928 56.4425 0.6608	
25.368070 292.219172	5.15e-01  8.17e-01  3.88e+05	-0.7424 67.7937 0.3963	
25.368070 292.219172	4.88e-01  8.44e-01  3.88e+05	-0.6175 67.8508 0.0707	
25.368070 292.219172	7.36e-01  9.16e-01  3.41e+05	40.3023 79.4867 0.2775	
25.368070 292.219172	6.48e-01  8.46e-01  3.63e+05	17.5437 78.0382 0.4113	
25.368070 292.219172	4.53e-01  9.19e-01  3.81e+05	14.5801 69.6319 0.5162	
25.368070 292.219172	7.34e-01  8.74e-01  3.47e+05	-26.5394 82.6043 0.1336	
25.368070 292.219172	5.38e-01  8.06e-01  3.86e+05	-17.3782 66.6431 0.0283	
25.368070 292.219172	6.27e-01  7.40e-01  3.82e+05	-28.5878 64.6828 0.4022	
25.368070 292.219172	5.44e-01  7.92e-01  3.87e+05	0.9136 68.1245 0.4381	
25.368070 292.219172	6.64e-01  8.52e-01  3.59e+05	-21.8680 78.4018 0.8884	
25.368070 292.219172	5.62e-01  7.21e-01  3.96e+05	0.0929 63.2489 0.8955	
25.368070 292.219172	5.75e-01  8.71e-01  3.70e+05	-5.2912 76.5548 0.0761	
25.368070 292.219172	4.66e-01  8.71e-01  3.87e+05	-9.2640 67.6890 0.9142	
25.368070 292.219172	6.80e-01  8.05e-01  3.64e+05	-18.9351 77.1168 0.7864	
25.368070 292.219172	4.46e-01  8.36e-01  3.96e+05	2.0307 63.1866 0.9459	
25.368070 292.219172	6.05e-01  6.84e-01  3.95e+05	-26.4447 58.0830 0.3278	
25.368070 292.219172	5.03e-01  7.47e-01  4.02e+05	-3.4284 59.8669 0.8001	
25.368070 292.219172	7.36e-01  7.66e-01  3.61e+05	-53.7123 59.9667 0.6696	
25.368070 292.219172	6.52e-01  7.12e-01  3.83e+05	24.9907 65.9841 0.4953	
25.368070 292.219172	6.16e-01  8.32e-01  3.69e+05	28.8167 71.2609 0.3207	
25.368070 292.219172	4.36e-01  7.91e-01  4.06e+05	-9.4412 56.5814 0.2157	
25.368070 292.219172	5.86e-01  7.62e-01  3.85e+05	-13.0157 67.9913 0.7139	
25.368070 292.219172	8.03e-01  8.49e-01  3.41e+05	14.9407 87.8359 0.0647	
25.368070 292.219172	4.95e-01  9.46e-01  3.70e+05	-37.5341 66.5948 0.8797	
25.368070 292.219172	6.16e-01  8.37e-01  3.69e+05	45.5055 62.4325 0.4099	
25.368070 292.219172	4.51e-01  8.86e-01  3.87e+05	-0.0410 68.2359 0.2324	
25.368070 292.219172	6.77e-01  7.40e-01  3.74e+05	30.8373 68.0000 0.4169	
25.368070 292.219172	5.53e-01  8.73e-01  3.73e+05	-5.1486 75.1448 0.8181	
25.368070 292.219172	6.27e-01  8.18e-01  3.70e+05	-5.5633 76.5268 0.9690	
25.368070 292.219172	4.82e-01  8.64e-01  3.85e+05	-31.1213 61.6756 0.9256	
25.368070 292.219172	6.05e-01  7.37e-01  3.86e+05	-39.1832 56.4581 0.7264	
25.368070 292.219172	6.03e-01  8.81e-01  3.64e+05	-0.8582 79.3420 0.8696	
25.368070 292.219172	7.53e-01  8.43e-01  3.48e+05	11.7046 85.3253 0.4465	
25.368070 292.219172	6.32e-01  8.73e-01  3.61e+05	-9.2833 80.1347 0.6404	
25.368070 292.219172	6.58e-01  8.31e-01  3.63e+05	-20.5515 76.9486 0.2333	
25.368070 292.219172	6.74e-01  7.74e-01  3.69e+05	13.7185 75.6519 0.7337	
25.368070 292.219172	4.35e-01  8.96e-01  3.88e+05	3.9275 67.5645 0.1566	
25.368070 292.219172	5.45e-01  6.89e-01  4.05e+05	-8.1447 57.5606 0.6887	
25.368070 292.219172	5.53e-01  9.16e-01  3.66e+05	-42.4537 65.8652 0.2892	
25.368070 292.219172	5.37e-01  7.75e-01  3.91e+05	43.0674 50.0271 0.1835	
25.368070 292.219172	6.19e-01  8.91e-01  3.60e+05	-14.3638 79.7357 0.8622	
25.368070 292.219172	6.42e-01  8.61e-01  3.61e+05	-46.9684 65.4511 0.5818	
25.368070 292.219172	7.15e-01  8.66e-01  3.50e+05	27.5515 80.7070 0.9164	
25.368070 292.219172	5.38e-01  8.20e-01  3.84e+05	-30.1045 63.2555 0.6110	
25.368070 292.219172	6.74e-01  9.13e-01  3.50e+05	2.8504 85.5564 0.6935	
25.368070 292.219172	5.10e-01  6.92e-01  4.11e+05	15.8077 52.0930 0.4761	
25.368070 292.219172	7.34e-01  9.11e-01  3.42e+05	-10.2587 88.1717 0.3211	
25.368070 292.219172	5.34e-01  7.37e-01  3.98e+05	-12.3041 60.8356 0.0223	
25.368070 292.219172	7.10e-01  8.22e-01  3.57e+05	-7.6716 81.9878 0.5613	
25.368070 292.219172	5.39e-01  6.62e-01  4.11e+05	-8.8870 53.5211 0.0051	
25.368070 292.219172	6.98e-01  8.02e-01  3.62e+05	-7.7723 79.9530 0.6895	
25.368070 292.219172	5.04e-01  8.52e-01  3.84e+05	5.9139 69.6287 0.7367	
25.368070 292.219172	5.42e-01  6.45e-01  4.13e+05	38.0697 36.3119 0.8623	
25.368070 292.219172	6.87e-01  8.30e-01  3.59e+05	-7.2178 81.1131 0.1089	
25.368070 292.219172	5.05e-01  8.64e-01  3.82e+05	-20.1968 68.0137 0.3240	
25.368070 292.219172	7.36e-01  8.60e-01  3.48e+05	-9.0938 85.6196 0.4352	
25.368070 292.219172	4.74e-01  6.79e-01  4.20e+05	8.2590 47.2088 0.3230	
25.368070 292.219172	7.37e-01  9.16e-01  3.41e+05	-25.2912 85.5200 0.9190	
25.368070 292.219172	6.88e-01  9.18e-01  3.47e+05	-22.0978 83.8191 0.8485	
25.368070 292.219172	4.67e-01  8.84e-01  3.85e+05	-23.5105 65.2800 0.5556	
25.368070 292.219172	5.50e-01  8.04e-01  3.84e+05	23.5078 65.5788 0.8172	
25.368070 292.219172	5.72e-01  7.94e-01  3.82e+05	8.0976 70.1585 0.6413	
25.368070 292.219172	6.02e-01  8.32e-01  3.72e+05	10.9231 75.0341 0.4090	
25.368070 292.219172	5.11e-01  7.99e-01  3.91e+05	-18.1622 63.3588 0.2130	
25.368070 292.219172	7.09e-01  8.83e-01  3.49e+05	-0.1200 85.9058 0.2165	
25.368070 292.219172	4.61e-01  7.14e-01  4.16e+05	15.9898 48.3851 0.5262	
25.368070 292.219172	6.63e-01  8.95e-01  3.54e+05	-27.8654 79.1466 0.2369	
25.368070 292.219172	5.26e-01  7.77e-01  3.93e+05	19.7446 62.1411 0.1276	
25.368070 292.219172	5.07e-01  7.98e-01  3.92e+05	-11.9257 64.2407 0.8564	
25.368070 292.219172	7.54e-01  9.51e-01  3.34e+05	22.0090 89.0365 0.9467	
25.368070 292.219172	6.50e-01  7.46e-01  3.77e+05	-5.3608 72.8692 0.1408	
25.368070 292.219172	5.86e-01  7.01e-01  3.95e+05	-12.9931 62.3138 0.7776	
25.368070 292.219172	6.53e-01  8.97e-01  3.55e+05	1.4143 83.4571 0.8041	
25.368070 292.219172	6.10e-01  8.62e-01  3.66e+05	12.6344 77.5015 0.0483	
25.368070 292.219172	6.06e-01  9.12e-01  3.59e+05	-30.3706 75.6980 0.9166	
25.368070 292.219172	5.85e-01  9.44e-01  3.58e+05	-44.6541 69.0199 0.0287	
25.368070 292.219172	5.59e-01  8.22e-01  3.80e+05	-6.8042 71.6028 0.5955	
25.368070 292.219172	6.40e-01  8.35e-01  3.65e+05	4.0284 78.6197 0.5155	
25.368070 292.219172	4.71e-01  5.86e-01  4.40e+05	-10.1063 28.3330 0.6466	
25.368070 292.219172	6.23e-01  8.87e-01  3.60e+05	18.6610 78.8761 0.3673	
25.368070 292.219172	4.77e-01  8.32e-01  3.92e+05	17.8118 63.3158 0.5605	
25.368070 292.219172	5.56e-01  7.63e-01  3.90e+05	-23.0824 62.5694 0.8266	
25.368070 292.219172	5.81e-01  8.46e-01  3.73e+05	-18.1459 73.1070 0.8622	
25.368070 292.219172	5.86e-01  7.31e-01  3.90e+05	-1.2204 66.5331 0.7906	
25.368070 292.219172	5.44e-01  9.50e-01  3.63e+05	9.0301 79.4881 0.1649	
25.368070 292.219172	4.25e-01  7.94e-01  4.08e+05	-24.4248 50.8675 0.6797	
25.368070 292.219172	5.41e-01  8.09e-01  3.85e+05	22.9613 65.3917 0.5257	
25.368070 292.219172	7.44e-01  9.72e-01  3.33e+05	-12.9482 91.3794 0.2989	
25.368070 292.219172	8.14e-01  8.66e-01  3.38e+05	-13.9588 89.4258 0.1085	
25.368070 292.219172	6.51e-01  8.11e-01  3.67e+05	-5.0637 77.6496 0.4584	
25.368070 292.219172	4.72e-01  8.36e-01  3.92e+05	-4.4480 65.5294 0.7713	
25.368070 292.219172	5.69e-01  9.17e-01  3.64e+05	1.1656 79.4057 0.4380	
25.368070 292.219172	5.11e-01  7.99e-01  3.91e+05	-11.9252 64.7919 0.2041	
25.368070 292.219172	5.86e-01  7.98e-01  3.79e+05	-5.4352 71.9226 0.3862	
25.368070 292.219172	5.91e-01  9.40e-01  3.57e+05	-18.6957 80.2039 0.2869	
25.368070 292.219172	6.88e-01  9.62e-01  3.41e+05	1.0703 89.0210 0.4990	
25.368070 292.219172	5.28e-01  8.98e-01  3.73e+05	-25.8579 70.7797 0.6321	
25.368070 292.219172	6.97e-01  7.57e-01  3.69e+05	-21.9077 74.1539 0.1509	
25.368070 292.219172	7.88e-01  8.37e-01  3.45e+05	6.6458 87.4339 0.1393	
25.368070 292.219172	5.98e-01  7.75e-01  3.81e+05	12.5370 70.1966 0.5378	
25.368070 292.219172	5.86e-01  7.88e-01  3.81e+05	3.5232 71.3089 0.5320	
25.368070 292.219172	3.80e-01  8.10e-01  4.13e+05	-5.4358 52.7047 0.2281	
25.368070 292.219172	6.86e-01  8.47e-01  3.57e+05	-11.7036 81.5650 0.2862	
25.368070 292.219172	6.34e-01  6.63e-01  3.94e+05	-13.1581 63.2749 0.5028	
25.368070 292.219172	5.56e-01  9.06e-01  3.67e+05	-39.8340 66.8842 0.9496	
25.368070 292.219172	5.09e-01  7.42e-01  4.02e+05	-19.9885 56.5821 0.0707	
25.368070 292.219172	5.80e-01  7.40e-01  3.90e+05	-3.0291 66.6373 0.7929	
25.368070 292.219172	5.04e-01  8.44e-01  3.85e+05	-19.9906 66.2825 0.9859	
25.368070 292.219172	5.36e-01  6.02e-01  4.23e+05	-16.4957 42.5096 0.9060	
25.368070 292.219172	5.78e-01  8.55e-01  3.72e+05	-2.1678 75.7738 0.5472	
25.368070 292.219172	5.70e-01  8.06e-01  3.81e+05	20.2464 68.5615 0.1882	
25.368070 292.219172	4.14e-01  9.04e-01  3.90e+05	16.3734 64.5587 0.6698	
25.368070 292.219172	7.61e-01  8.01e-01  3.53e+05	22.4152 81.1104 0.4542	
25.368070 292.219172	5.65e-01  8.70e-01  3.71e+05	-13.5816 74.7186 0.5855	
25.368070 292.219172	7.85e-01  8.76e-01  3.40e+05	41.6814 79.2605 0.0124	
25.368070 292.219172	3.27e-01  8.03e-01  4.25e+05	-21.1242 38.9559 0.1990	
25.368070 292.219172	5.63e-01  6.37e-01  4.11e+05	21.4251 49.7463 0.1984	
25.368070 292.219172	5.53e-01  6.84e-01  4.04e+05	-15.2040 56.5259 0.9582	
25.368070 292.219172	5.99e-01  8.77e-01  3.65e+05	27.9712 73.6843 0.4912	
25.368070 292.219172	5.28e-01  8.91e-01  3.74e+05	-10.4176 74.0348 0.3041	
25.368070 292.219172	6.58e-01  6.90e-01  3.85e+05	8.7596 68.5862 0.7212	
25.368070 292.219172	7.52e-01  8.89e-01  3.43e+05	11.5387 87.7601 0.6277	
25.368070 292.219172	4.48e-01  8.51e-01  3.93e+05	-3.1253 64.7082 0.4482	
25.368070 292.219172	6.16e-01  8.39e-01  3.68e+05	-35.4459 68.7918 0.8734	
25.368070 292.219172	6.03e-01  9.68e-01  3.52e+05	6.1679 84.4577 0.0244	
25.368070 292.219172	6.86e-01  7.93e-01  3.65e+05	-13.4643 77.8358 0.1267	
25.368070 292.219172	7.08e-01  7.97e-01  3.61e+05	-30.3508 74.7583 0.8905	
25.368070 292.219172	6.02e-01  6.92e-01  3.94e+05	40.9925 49.4951 0.8687	
25.368070 292.219172	5.72e-01  8.53e-01  3.73e+05	-3.4402 75.1752 0.2912	
25.368070 292.219172	6.31e-01  8.19e-01  3.69e+05	-13.4149 75.8195 0.6798	
25.368070 292.219172	7.09e-01  8.07e-01  3.59e+05	26.1632 77.0850 0.3325	
25.368070 292.219172	5.19e-01  8.80e-01  3.77e+05	-19.9725 70.5622 0.9450	
25.368070 292.219172	5.97e-01  6.13e-01  4.09e+05	12.0340 54.1428 0.0225	
25.368070 292.219172	5.71e-01  9.18e-01  3.63e+05	-6.2402 79.4161 0.6983	
25.368070 292.219172	5.72e-01  7.41e-01  3.91e+05	14.1080 64.6336 0.3486	
25.368070 292.219172	6.27e-01  8.19e-01  3.70e+05	13.7485 75.4736 0.4954	
25.368070 292.219172	6.21e-01  8.30e-01  3.69e+05	15.0458 75.5901 0.6915	
25.368070 292.219172	4.71e-01  9.11e-01  3.80e+05	-10.2273 71.2403 0.4369	
25.368070 292.219172	4.74e-01  7.40e-01  4.08e+05	5.1432 55.7332 0.0749	
25.368070 292.219172	5.75e-01  7.52e-01  3.89e+05	21.7689 63.7638 0.9786	
25.368070 292.219172	7.15e-01  8.68e-01  3.50e+05	-30.2864 79.7890 0.7501	
25.368070 292.219172	4.47e-01  9.58e-01  3.76e+05	17.9796 71.5863 0.6313	
25.368070 292.219172	5.17e-01  8.16e-01  3.88e+05	28.5791 61.5543 0.9403	
25.368070 292.219172	3.79e-01  9.20e-01  3.93e+05	-3.1566 64.7152 0.7753	
25.368070 292.219172	6.79e-01  8.74e-01  3.54e+05	22.9397 80.4821 0.2892	
25.368070 292.219172	5.15e-01  7.89e-01  3.92e+05	12.4806 64.1326 0.7874	
25.368070 292.219172	4.97e-01  9.37e-01  3.72e+05	12.2514 74.8851 0.8161	
25.368070 292.219172	6.73e-01  7.29e-01  3.76e+05	26.1338 68.7678 0.1448	
25.368070 292.219172	7.12e-01  9.52e-01  3.40e+05	34.5849 82.7767 0.7472	
25.368070 292.219172	6.31e-01  8.27e-01  3.68e+05	-4.1276 77.4572 0.9112	
25.368070 292.219172	5.76e-01  7.15e-01  3.95e+05	-11.5886 63.0636 0.9781	
25.368070 292.219172	5.89e-01  7.20e-01  3.92e+05	-10.6148 64.8910 0.9274	
25.368070 292.219172	6.81e-01  8.93e-01  3.51e+05	-28.2787 80.0202 0.5703	
25.368070 292.219172	5.50e-01  8.37e-01  3.79e+05	15.0394 70.7566 0.3863	
25.368070 292.219172	4.63e-01  8.08e-01  3.98e+05	5.4000 61.7990 0.6025	
25.368070 292.219172	7.18e-01  8.60e-01  3.51e+05	5.4166 84.9506 0.8795	
25.368070 292.219172	6.09e-01  7.99e-01  3.75e+05	-14.2167 72.6504 0.9525	
25.368070 292.219172	5.36e-01  7.69e-01  3.92e+05	-31.0582 57.4944 0.9039	
25.368070 292.219172	5.86e-01  9.04e-01  3.63e+05	-18.2048 77.6465 0.1694	
25.368070 292.219172	5.32e-01  7.63e-01  3.94e+05	26.5233 58.8201 0.0474	
25.368070 292.219172	3.55e-01  7.63e-01  4.27e+05	11.6386 40.6646 0.2863	
25.368070 292.219172	4.96e-01  7.58e-01  4.01e+05	-6.5419 60.0578 0.2540	
25.368070 292.219172	7.07e-01  8.59e-01  3.53e+05	-26.0747 80.2575 0.3521	
25.368070 292.219172	6.66e-01  8.44e-01  3.60e+05	-1.2293 81.0370 0.7937	
25.368070 292.219172	4.49e-01  8.95e-01  3.86e+05	30.2303 61.8455 0.7749	
25.368070 292.219172	5.18e-01  8.09e-01  3.89e+05	-39.6122 54.5732 0.9299	
25.368070 292.219172	6.00e-01  7.48e-01  3.85e+05	5.8988 69.0081 0.5612	
25.368070 292.219172	5.44e-01  9.08e-01  3.69e+05	23.6507 73.4398 0.7273	
25.368070 292.219172	6.02e-01  8.43e-01  3.70e+05	-7.6567 76.2987 0.5705	
25.368070 292.219172	6.74e-01  9.61e-01  3.43e+05	-21.1481 85.6904 0.7867	
25.368070 292.219172	5.35e-01  6.70e-01  4.10e+05	-30.4626 45.4287 0.3950	
25.368070 292.219172	6.21e-01  7.41e-01  3.83e+05	10.1604 69.5903 0.0547	
25.368070 292.219172	4.66e-01  8.92e-01  3.83e+05	2.9886 70.0000 0.9088	
25.368070 292.219172	6.09e-01  8.30e-01  3.71e+05	26.6175 71.4864 0.1875	
25.368070 292.219172	4.54e-01  9.67e-01  3.74e+05	-32.8876 67.3444 0.8305	
25.368070 292.219172	5.13e-01  9.62e-01  3.66e+05	-38.0611 68.8815 0.4816	
25.368070 292.219172	6.27e-01  7.64e-01  3.78e+05	1.9531 72.6384 0.4354	
25.368070 292.219172	4.70e-01  7.51e-01  4.07e+05	14.4951 54.7792 0.1892	
25.368070 292.219172	6.20e-01  7.50e-01  3.82e+05	26.5559 65.8575 0.0980	
25.368070 292.219172	6.21e-01  7.04e-01  3.89e+05	-24.9795 62.3472 0.1491	
25.368070 292.219172	7.65e-01  8.50e-01  3.46e+05	-18.2587 85.2032 0.3733	
25.368070 292.219172	5.00e-01  8.61e-01  3.83e+05	-9.8358 69.5511 0.5982	
25.368070 292.219172	4.15e-01  7.64e-01  4.15e+05	2.5535 51.4911 0.8169	
25.368070 292.219172	7.86e-01  8.90e-01  3.38e+05	41.3235 80.3598 0.3664	
25.368070 292.219172	5.33e-01  8.73e-01  3.76e+05	25.9523 69.0905 0.8958	
25.368070 292.219172	6.66e-01  8.61e-01  3.58e+05	12.0862 81.1654 0.9556	
25.368070 292.219172	5.01e-01  7.02e-01  4.10e+05	4.7576 54.4094 0.6731	
25.368070 292.219172	4.90e-01  8.58e-01  3.85e+05	-16.6538 67.1505 0.0658	
25.368070 292.219172	6.61e-01  8.19e-01  3.65e+05	5.2954 78.8878 0.6384	
25.368070 292.219172	7.68e-01  8.26e-01  3.49e+05	-28.0753 81.2977 0.9091	
25.368070 292.219172	6.71e-01  8.12e-01  3.64e+05	-5.4978 79.0554 0.9469	
25.368070 292.219172	6.89e-01  9.44e-01  3.43e+05	-21.5258 85.4664 0.0911	
25.368070 292.219172	4.87e-01  7.96e-01  3.96e+05	18.2920 60.6364 0.6544	
25.368070 292.219172	6.49e-01  8.08e-01  3.68e+05	-26.3836 72.9084 0.8091	
25.368070 292.219172	5.13e-01  8.30e-01  3.86e+05	-24.3403 64.3810 0.5015	
25.368070 292.219172	6.29e-01  8.26e-01  3.68e+05	-5.6706 77.1682 0.6914	
25.368070 292.219172	4.11e-01  8.61e-01  3.98e+05	-14.4360 60.4401 0.1717	
25.368070 292.219172	7.03e-01  8.25e-01  3.58e+05	9.6867 81.5719 0.6252	
25.368070 292.219172	6.68e-01  8.56e-01  3.58e+05	35.3172 73.8999 0.1106	
25.368070 292.219172	6.83e-01  7.50e-01  3.72e+05	-14.3607 74.4855 0.7277	
25.368070 292.219172	6.85e-01  7.79e-01  3.67e+05	-36.7242 68.7876 0.1015	
25.368070 292.219172	5.00e-01  6.95e-01  4.12e+05	-13.5929 51.7527 0.8585	
25.368070 292.219172	6.31e-01  7.72e-01  3.76e+05	23.7132 69.6295 0.8006	
25.368070 292.219172	5.76e-01  8.40e-01  3.74e+05	-30.3433 68.1324 0.8196	
25.368070 292.219172	5.24e-01  7.40e-01  4.00e+05	-5.3283 61.0933 0.4790	
25.368070 292.219172	5.54e-01  6.13e-01  4.17e+05	-38.6445 31.5785 0.8793	
25.368070 292.219172	4.33e-01  9.21e-01  3.84e+05	-21.7572 66.2126 0.4447	
25.368070 292.219172	5.70e-01  7.39e-01  3.92e+05	9.4037 65.0235 0.7492	
25.368070 292.219172	5.08e-01  6.50e-01  4.19e+05	5.3203 48.4306 0.8256	
25.368070 292.219172	6.41e-01  9.79e-01  3.45e+05	-2.8647 87.3823 0.0856	
25.368070 292.219172	3.76e-01  7.97e-01  4.16e+05	21.0979 46.1841 0.8041	
25.368070 292.219172	4.71e-01  8.11e-01  3.96e+05	-10.6414 62.3052 0.8279	
25.368070 292.219172	5.44e-01  7.71e-01  3.91e+05	14.1292 64.7596 0.8944	
25.368070 292.219172	5.98e-01  6.83e-01  3.97e+05	11.3243 62.0498 0.0957	
25.368070 292.219172	6.94e-01  8.19e-01  3.60e+05	13.7747 80.0020 0.7034	
25.368070 292.219172	6.67e-01  6.86e-01  3.84e+05	-1.7061 69.5905 0.7070	
25.368070 292.219172	6.25e-01  7.39e-01  3.83e+05	17.8214 68.2577 0.5879	
25.368070 292.219172	4.76e-01  8.26e-01  3.93e+05	4.0005 65.0181 0.4652	
25.368070 292.219172	5.70e-01  8.74e-01  3.70e+05	-14.4535 75.2743 0.8680	
25.368070 292.219172	4.55e-01  7.22e-01  4.16e+05	-6.2159 50.8152 0.2172	
25.368070 292.219172	7.01e-01  8.81e-01  3.50e+05	-3.5411 85.2788 0.7391	
25.368070 292.219172	5.20e-01  7.87e-01  3.92e+05	-17.6914 63.0689 0.1265	
25.368070 292.219172	3.72e-01  8.72e-01  4.03e+05	31.0866 50.3770 0.4115	
25.368070 292.219172	8.60e-01  9.80e-01  3.18e+05	-21.9233 95.2430 0.7935	
25.368070 292.219172	5.88e-01  7.84e-01  3.81e+05	-50.9652 49.6659 0.8218	
25.368070 292.219172	4.68e-01  9.42e-01  3.75e+05	29.6009 67.8891 0.6766	
25.368070 292.219172	5.47e-01  7.07e-01  4.01e+05	-1.3742 60.3162 0.7768	
25.368070 292.219172	6.98e-01  8.05e-01  3.61e+05	3.2599 80.5409 0.2795	
25.368070 292.219172	6.62e-01  7.48e-01  3.75e+05	-13.5633 72.8596 0.4173	
25.368070 292.219172	7.25e-01  8.39e-01  3.53e+05	4.7905 84.1307 0.7306	
25.368070 292.219172	5.69e-01  7.21e-01  3.95e+05	-28.8048 57.1381 0.8291	
25.368070 292.219172	8.39e-01  8.66e-01  3.34e+05	-0.3235 91.7494 0.8468	
25.368070 292.219172	6.30e-01  7.72e-01  3.76e+05	-8.1131 73.1134 0.3747	
25.368070 292.219172	5.77e-01  8.30e-01  3.76e+05	19.9743 71.1303 0.4417	
25.368070 292.219172	5.83e-01  7.71e-01  3.84e+05	-7.9038 69.1772 0.7794	
25.368070 292.219172	5.82e-01  8.66e-01  3.70e+05	9.3545 76.2869 0.5779	
25.368070 292.219172	6.64e-01  8.35e-01  3.62e+05	-5.6238 80.1055 0.0644	
25.368070 292.219172	6.13e-01  7.93e-01  3.76e+05	-36.8286 63.9884 0.2740	
25.368070 292.219172	6.05e-01  8.48e-01  3.69e+05	11.6866 76.2986 0.1384	
25.368070 292.219172	7.39e-01  8.53e-01  3.49e+05	-23.8761 82.4667 0.9355	
25.368070 292.219172	5.72e-01  8.38e-01  3.75e+05	-30.2035 67.7677 0.9671	
25.368070 292.219172	6.87e-01  8.52e-01  3.56e+05	-28.6964 77.6328 0.2785	
25.368070 292.219172	6.18e-01  6.84e-01  3.93e+05	38.0332 52.7789 0.0140	
25.368070 292.219172	6.37e-01  9.21e-01  3.53e+05	-1.4305 83.9646 0.5169	
25.368070 292.219172	5.17e-01  8.94e-01  3.75e+05	-6.1872 73.9891 0.2122	
25.368070 292.219172	6.15e-01  8.81e-01  3.62e+05	26.6338 75.5566 0.6301	
25.368070 292.219172	8.46e-01  9.06e-01  3.29e+05	29.8135 89.0957 0.7553	
25.368070 292.219172	6.11e-01  7.89e-01  3.77e+05	5.4947 73.1463 0.8227	
25.368070 292.219172	4.94e-01  7.87e-01  3.97e+05	-5.9435 62.7370 0.9703	
25.368070 292.219172	5.01e-01  7.16e-01  4.08e+05	12.2304 54.9079 0.5192	
25.368070 292.219172	4.36e-01  7.99e-01  4.05e+05	-28.1632 50.9820 0.4511	
25.368070 292.219172	6.63e-01  7.41e-01  3.76e+05	-3.5025 73.5791 0.8767	
25.368070 292.219172	5.94e-01  8.52e-01  3.70e+05	-6.4105 76.4800 0.9787	
25.368070 292.219172	4.98e-01  8.05e-01  3.93e+05	12.5878 63.9419 0.9195	
25.368070 292.219172	7.05e-01  9.90e-01  3.36e+05	23.2864 88.2406 0.9224	
25.368070 292.219172	6.74e-01  7.10e-01  3.79e+05	10.1610 71.4557 0.3823	
25.368070 292.219172	2.73e-01  9.43e-01  4.08e+05	21.5101 51.8230 0.7156	
25.368070 292.219172	6.75e-01  9.32e-01  3.47e+05	26.2583 82.6428 0.2322	
25.368070 292.219172	6.54e-01  8.24e-01  3.65e+05	-6.4869 78.6900 0.6308	
25.368070 292.219172	5.58e-01  9.36e-01  3.63e+05	-23.9726 76.2891 0.5447	
25.368070 292.219172	7.01e-01  8.19e-01  3.59e+05	10.8182 80.9456 0.5584	
25.368070 292.219172	5.66e-01  7.89e-01  3.84e+05	-23.3423 65.7781 0.9800	
25.368070 292.219172	4.35e-01  7.71e-01  4.10e+05	32.6131 44.2456 0.7913	
25.368070 292.219172	6.72e-01  6.87e-01  3.83e+05	9.4555 69.4657 0.1586	
25.368070 292.219172	4.61e-01  9.14e-01  3.81e+05	35.3623 62.0040 0.0951	
25.368070 292.219172	5.92e-01  7.64e-01  3.84e+05	-26.6079 64.6052 0.6671	
25.368070 292.219172	4.97e-01  7.58e-01  4.01e+05	-11.1383 59.3381 0.7490	
25.368070 292.219172	6.78e-01  7.72e-01  3.69e+05	14.6310 75.6118 0.6970	
25.368070 292.219172	5.95e-01  9.33e-01  3.58e+05	-1.2898 82.1436 0.2013	
25.368070 292.219172	5.25e-01  8.31e-01  3.84e+05	-11.1059 68.9260 0.5783	
25.368070 292.219172	5.42e-01  8.18e-01  3.83e+05	37.3102 59.5064 0.1207	
25.368070 292.219172	5.86e-01  8.06e-01  3.78e+05	-17.7236 70.5506 0.7055	
25.368070 292.219172	4.10e-01  9.51e-01  3.83e+05	11.6964 69.3405 0.5179	
25.368070 292.219172	5.27e-01  6.90e-01  4.08e+05	9.5913 55.4146 0.4421	
25.368070 292.219172	7.13e-01  7.74e-01  3.64e+05	24.7395 75.5902 0.4780	
25.368070 292.219172	4.36e-01  8.72e-01  3.92e+05	-15.3048 63.8341 0.6001	
25.368070 292.219172	5.18e-01  6.37e-01  4.20e+05	18.6532 44.4283 0.5109	
25.368070 292.219172	4.94e-01  7.19e-01  4.09e+05	11.6781 54.5386 0.8374	
25.368070 292.219172	5.43e-01  8.41e-01  3.79e+05	22.2234 68.6404 0.7291	
25.368070 292.219172	5.82e-01  8.65e-01  3.70e+05	-34.1336 68.8181 0.4749	
25.368070 292.219172	3.75e-01  8.86e-01  4.00e+05	1.7260 60.9763 0.7264	
25.368070 292.219172	3.61e-01  7.72e-01  4.24e+05	-19.8819 40.2856 0.4711	
25.368070 292.219172	6.48e-01  7.05e-01  3.84e+05	-0.2839 69.6252 0.1941	
25.368070 292.219172	6.03e-01  9.03e-01  3.61e+05	33.5697 73.4338 0.6773	
25.368070 292.219172	7.95e-01  8.71e-01  3.39e+05	14.3685 88.6680 0.7675	
25.368070 292.219172	6.19e-01  7.99e-01  3.74e+05	4.6200 74.6249 0.2467	
25.368070 292.219172	5.69e-01  7.91e-01  3.83e+05	-0.9713 70.2615 0.4654	
25.368070 292.219172	4.96e-01  9.38e-01  3.72e+05	8.9878 75.3865 0.5833	
25.368070 292.219172	4.57e-01  9.16e-01  3.81e+05	29.8663 64.6442 0.5937	
25.368070 292.219172	7.21e-01  8.58e-01  3.51e+05	-30.3865 79.5289 0.1042	
25.368070 292.219172	4.35e-01  8.84e-01  3.90e+05	-3.8163 66.5389 0.4868	
25.368070 292.219172	5.29e-01  8.33e-01  3.83e+05	-11.8360 69.3340 0.8665	
25.368070 292.219172	5.24e-01  9.25e-01  3.69e+05	9.1948 76.4047 0.3795	
25.368070 292.219172	3.40e-01  7.45e-01  4.34e+05	-3.2487 36.0565 0.3363	
25.368070 292.219172	4.44e-01  7.23e-01  4.17e+05	20.6952 45.5156 0.7554	
25.368070 292.219172	5.33e-01  7.99e-01  3.88e+05	24.4758 63.2236 0.6451	
25.368070 292.219172	7.60e-01  9.73e-01  3.31e+05	-41.1088 83.4937 0.3668	
25.368070 292.219172	7.65e-01  9.13e-01  3.38e+05	-2.9598 90.3550 0.6282	
25.368070 292.219172	4.68e-01  9.02e-01  3.82e+05	0.9220 71.0070 0.3011	
25.368070 292.219172	6.58e-01  7.85e-01  3.70e+05	-1.8377 76.5342 0.0604	
25.368070 292.219172	8.77e-01  9.45e-01  3.20e+05	-36.3714 89.9275 0.1317	
25.368070 292.219172	6.58e-01  7.95e-01  3.69e+05	3.4439 77.1846 0.0067	
25.368070 292.219172	7.66e-01  8.73e-01  3.43e+05	34.7304 81.3405 0.4890	
25.368070 292.219172	7.02e-01  7.87e-01  3.63e+05	28.3406 74.4290 0.5456	
25.368070 292.219172	5.74e-01  8.25e-01  3.77e+05	-17.6519 71.1098 0.1976	
25.368070 292.219172	3.88e-01  7.55e-01  4.22e+05	-10.9867 45.1512 0.3750	
25.368070 292.219172	5.86e-01  9.10e-01  3.62e+05	-5.8256 79.9557 0.2906	
25.368070 292.219172	4.57e-01  8.69e-01  3.89e+05	4.0598 67.1743 0.6959	
25.368070 292.219172	7.40e-01  7.93e-01  3.57e+05	1.7393 82.4137 0.2560	
25.368070 292.219172	4.96e-01  9.21e-01  3.74e+05	-4.8948 74.4407 0.0142	
25.368070 292.219172	6.61e-01  8.49e-01  3.60e+05	21.9485 77.9767 0.2498	
25.368070 292.219172	5.95e-01  6.72e-01  3.99e+05	20.7856 58.1064 0.2105	
25.368070 292.219172	5.35e-01  8.14e-01  3.85e+05	9.5551 68.6669 0.1802	
25.368070 292.219172	7.15e-01  7.77e-01  3.63e+05	-28.0425 74.7526 0.0517	
25.368070 292.219172	3.74e-01  8.73e-01  4.02e+05	4.2242 59.4437 0.1729	
25.368070 292.219172	6.66e-01  8.45e-01  3.60e+05	-48.8777 64.7241 0.6232	
25.368070 292.219172	4.54e-01  7.35e-01  4.13e+05	-15.8395 50.3982 0.0618	
25.368070 292.219172	4.17e-01  7.44e-01  4.18e+05	-2.7326 49.0209 0.3572	
25.368070 292.219172	4.66e-01  8.96e-01  3.83e+05	-16.3362 68.3767 0.8718	
25.368070 292.219172	5.40e-01  8.18e-01  3.84e+05	22.5242 66.2516 0.5369	
25.368070 292.219172	5.77e-01  7.87e-01  3.83e+05	25.0178 65.9443 0.9626	
25.368070 292.219172	5.08e-01  8.36e-01  3.86e+05	4.5862 68.6612 0.1365	
25.368070 292.219172	4.61e-01  7.39e-01  4.11e+05	-13.7364 52.4777 0.6269	
25.368070 292.219172	4.68e-01  9.07e-01  3.81e+05	-17.0893 69.2951 0.2542	
25.368070 292.219172	4.47e-01  7.91e-01  4.04e+05	-22.8856 54.0169 0.2940	
25.368070 292.219172	4.47e-01  7.22e-01  4.17e+05	-6.9430 49.6746 0.1382	
25.368070 292.219172	4.96e-01  8.13e-01  3.92e+05	22.2363 61.8752 0.7935	
25.368070 292.219172	4.65e-01  8.85e-01  3.85e+05	7.6146 68.9527 0.6399	
25.368070 292.219172	5.85e-01  8.80e-01  3.67e+05	14.2496 76.7623 0.2881	
25.368070 292.219172	4.86e-01  7.38e-01  4.07e+05	20.6338 53.1288 0.4748	
25.368070 292.219172	7.06e-01  8.96e-01  3.47e+05	-4.9657 86.3567 0.4894	
25.368070 292.219172	6.72e-01  8.87e-01  3.53e+05	36.4900 75.6390 0.4134	
25.368070 292.219172	6.14e-01  8.94e-01  3.61e+05	-16.8695 79.0712 0.7615	
25.368070 292.219172	5.78e-01  6.32e-01  4.09e+05	11.5530 54.2529 0.5884	
25.368070 292.219172	6.49e-01  7.26e-01  3.81e+05	-13.2065 70.1945 0.8885	
25.368070 292.219172	6.43e-01  8.37e-01  3.65e+05	29.0670 73.5315 0.7009	
25.368070 292.219172	6.28e-01  8.89e-01  3.59e+05	-21.8101 78.4807 0.4265	
25.368070 292.219172	6.10e-01  9.03e-01  3.60e+05	29.3524 75.7260 0.1785	
25.368070 292.219172	5.40e-01  6.16e-01  4.20e+05	0.1999 48.2807 0.0779	
25.368070 292.219172	6.34e-01  7.59e-01  3.78e+05	11.6818 71.8717 0.6276	
25.368070 292.219172	6.63e-01  7.16e-01  3.80e+05	-24.4793 67.4701 0.8850	
25.368070 292.219172	6.72e-01  8.20e-01  3.63e+05	-1.0871 79.8539 0.1860	
25.368070 292.219172	4.47e-01  7.27e-01  4.16e+05	20.6630 46.4461 0.6660	
25.368070 292.219172	5.10e-01  9.46e-01  3.68e+05	-32.1854 70.4333 0.0122	
25.368070 292.219172	3.80e-01  7.89e-01  4.17e+05	-1.2555 50.1470 0.6748	
25.368070 292.219172	6.10e-01  7.40e-01  3.85e+05	13.6418 67.9948 0.2143	
25.368070 292.219172	2.77e-01  9.28e-01  4.10e+05	-2.2177 54.6889 0.8625	
25.368070 292.219172	3.86e-01  8.06e-01  4.13e+05	3.0364 53.0993 0.2749	
25.368070 292.219172	5.95e-01  9.03e-01  3.62e+05	17.0669 78.4502 0.5382	
25.368070 292.219172	5.62e-01  8.42e-01  3.76e+05	2.9939 73.6302 0.3477	
25.368070 292.219172	3.99e-01  8.58e-01  4.01e+05	17.8050 58.0131 0.7118	
25.368070 292.219172	4.89e-01  7.75e-01  3.99e+05	13.2082 59.9835 0.6580	
25.368070 292.219172	6.28e-01  8.83e-01  3.60e+05	-19.2606 78.6984 0.7137	
25.368070 292.219172	5.98e-01  7.75e-01  3.81e+05	0.0957 71.2553 0.8716	
25.368070 292.219172	6.49e-01  7.74e-01  3.73e+05	32.4268 67.7213 0.1570	
25.368070 292.219172	4.52e-01  7.36e-01  4.13e+05	4.3402 52.5443 0.8425	
25.368070 292.219172	4.99e-01  8.55e-01  3.84e+05	2.7922 69.6408 0.5841	
25.368070 292.219172	6.32e-01  8.08e-01  3.71e+05	36.8751 66.8542 0.3550	
25.368070 292.219172	6.39e-01  8.67e-01  3.61e+05	-6.9411 80.4575 0.0942	
25.368070 292.219172	4.99e-01  8.83e-01  3.80e+05	-10.5056 71.1524 0.2381	
25.368070 292.219172	5.44e-01  7.90e-01  3.88e+05	-9.5682 67.2987 0.9681	
25.368070 292.219172	4.96e-01  7.15e-01  4.09e+05	-20.0169 51.7776 0.2028	
25.368070 292.219172	4.93e-01  6.23e-01  4.27e+05	-0.0339 42.0617 0.7868	
25.368070 292.219172	6.69e-01  9.87e-01  3.40e+05	-16.0762 87.8979 0.6535	
25.368070 292.219172	4.92e-01  7.63e-01  4.01e+05	2.8086 60.2938 0.5053	
25.368070 292.219172	5.45e-01  9.68e-01  3.60e+05	25.7048 77.0514 0.4833	
25.368070 292.219172	5.16e-01  8.82e-01  3.77e+05	13.2839 71.9638 0.0042	
25.368070 292.219172	3.78e-01  8.59e-01  4.04e+05	-4.6986 58.2449 0.4920	
25.368070 292.219172	4.93e-01  7.39e-01  4.05e+05	-5.1498 57.7171 0.6086	
25.368070 292.219172	5.07e-01  6.93e-01  4.11e+05	0.6884 54.1641 0.4150	
25.368070 292.219172	5.96e-01  9.07e-01  3.61e+05	-36.2768 71.9790 0.0666	
25.368070 292.219172	5.57e-01  7.88e-01  3.86e+05	-37.7059 57.7673 0.7568	
25.368070 292.219172	4.29e-01  8.95e-01  3.89e+05	-22.3294 63.3057 0.9774	
25.368070 292.219172	3.85e-01  7.70e-01  4.20e+05	14.2022 46.1852 0.5487	
25.368070 292.219172	5.09e-01  7.54e-01  4.00e+05	-27.4621 54.7367 0.3995	
25.368070 292.219172	6.34e-01  8.37e-01  3.66e+05	-12.2665 77.5206 0.5847	
25.368070 292.219172	5.71e-01  7.53e-01  3.89e+05	-18.3506 64.5330 0.9062	
25.368070 292.219172	4.93e-01  8.88e-01  3.80e+05	18.5370 69.4851 0.3858	
25.368070 292.219172	5.57e-01  8.17e-01  3.81e+05	8.6774 70.8366 0.3737	
25.368070 292.219172	4.59e-01  8.43e-01  3.93e+05	5.7420 64.8470 0.0499	
25.368070 292.219172	4.81e-01  7.91e-01  3.98e+05	-32.1755 53.2296 0.0069	
25.368070 292.219172	5.11e-01  7.24e-01  4.05e+05	1.3330 58.2627 0.9438	
25.368070 292.219172	3.89e-01  8.32e-01  4.07e+05	10.3587 55.7747 0.4262	
25.368070 292.219172	5.76e-01  8.79e-01  3.68e+05	51.1133 58.1031 0.5055	
25.368070 292.219172	5.71e-01  7.45e-01  3.91e+05	-18.4508 63.7197 0.3845	
25.368070 292.219172	6.70e-01  7.35e-01  3.76e+05	-30.8955 66.9920 0.6342	
25.368070 292.219172	4.27e-01  9.12e-01  3.87e+05	3.2103 68.3037 0.8558	
25.368070 292.219172	5.30e-01  9.32e-01  3.67e+05	-13.9632 76.5783 0.5476	
25.368070 292.219172	3.55e-01  7.97e-01  4.20e+05	-5.4681 47.4223 0.6547	
25.368070 292.219172	6.78e-01  8.19e-01  3.62e+05	25.3939 76.0463 0.7145	
25.368070 292.219172	6.17e-01  8.82e-01  3.62e+05	-17.9322 78.3453 0.8066	
25.368070 292.219172	4.14e-01  7.64e-01  4.15e+05	-0.2072 51.3758 0.3784	
25.368070 292.219172	4.99e-01  8.11e-01  3.92e+05	-44.0245 48.9508 0.4529	
25.368070 292.219172	6.35e-01  9.60e-01  3.48e+05	-32.4139 79.7459 0.4906	
25.368070 292.219172	5.40e-01  8.32e-01  3.81e+05	-29.0820 64.9429 0.1480	
25.368070 292.219172	4.95e-01  8.28e-01  3.89e+05	4.6854 66.7803 0.6736	
25.368070 292.219172	5.51e-01  8.89e-01  3.71e+05	-10.7551 75.5746 0.1962	
25.368070 292.219172	7.47e-01  8.05e-01  3.54e+05	31.5897 77.4025 0.4003	
25.368070 292.219172	4.44e-01  7.14e-01  4.19e+05	18.9076 44.6973 0.7842	
25.368070 292.219172	6.21e-01  8.77e-01  3.62e+05	15.3741 78.7571 0.4920	
25.368070 292.219172	7.66e-01  9.52e-01  3.33e+05	-24.8288 88.9780 0.5628	
25.368070 292.219172	6.00e-01  9.21e-01  3.59e+05	-31.8905 75.1908 0.1328	
25.368070 292.219172	4.58e-01  9.28e-01  3.79e+05	21.9715 68.8651 0.6694	
25.368070 292.219172	4.31e-01  6.53e-01  4.34e+05	6.0346 35.6768 0.6308	
25.368070 292.219172	6.70e-01  8.50e-01  3.59e+05	29.3612 76.1585 0.7385	
25.368070 292.219172	5.81e-01  6.18e-01  4.11e+05	3.4365 53.9551 0.0631	
25.368070 292.219172	6.05e-01  8.78e-01  3.64e+05	0.6111 79.2677 0.5496	
25.368070 292.219172	7.01e-01  7.50e-01  3.69e+05	31.6949 70.2516 0.6491	
25.368070 292.219172	5.09e-01  8.02e-01  3.91e+05	-9.4807 65.2164 0.6168	
25.368070 292.219172	8.39e-01  8.97e-01  3.30e+05	14.2447 92.1496 0.0284	
25.368070 292.219172	5.15e-01  6.67e-01  4.14e+05	-8.1789 51.2629 0.6616	
25.368070 292.219172	5.64e-01  7.07e-01  3.98e+05	14.9123 60.2095 0.5732	
25.368070 292.219172	4.68e-01  9.29e-01  3.77e+05	0.6506 73.1020 0.5565	
25.368070 292.219172	5.37e-01  9.57e-01  3.63e+05	17.4161 78.0458 0.0784	
25.368070 292.219172	5.05e-01  7.76e-01  3.97e+05	13.8340 61.5217 0.9289	
25.368070 292.219172	5.45e-01  7.91e-01  3.87e+05	-12.3413 67.0457 0.1809	
25.368070 292.219172	6.03e-01  8.05e-01  3.76e+05	-9.7342 73.3074 0.6458	
25.368070 292.219172	4.70e-01  8.20e-01  3.95e+05	0.7000 63.9928 0.1914	
25.368070 292.219172	6.57e-01  7.66e-01  3.73e+05	11.1285 74.2398 0.2076	
25.368070 292.219172	2.98e-01  8.07e-01  4.30e+05	15.8930 36.9322 0.3602	
25.368070 292.219172	8.02e-01  8.66e-01  3.39e+05	-11.5077 89.1747 0.4452	
25.368070 292.219172	6.82e-01  9.09e-01  3.49e+05	-15.9445 84.3507 0.4697	
25.368070 292.219172	4.98e-01  7.20e-01  4.08e+05	-16.1561 54.0311 0.6112	
25.368070 292.219172	4.86e-01  9.21e-01  3.76e+05	31.3910 66.9682 0.4509	
25.368070 292.219172	5.24e-01  7.47e-01  3.98e+05	42.6628 45.0085 0.0445	
25.368070 292.219172	5.74e-01  8.49e-01  3.73e+05	-7.9509 74.6771 0.5323	
25.368070 292.219172	6.08e-01  7.53e-01  3.83e+05	-38.4811 58.8482 0.1230	
25.368070 292.219172	4.92e-01  7.63e-01  4.01e+05	-4.4338 60.2684 0.5905	
25.368070 292.219172	5.03e-01  7.57e-01  4.00e+05	-18.7339 58.0543 0.2477	
25.368070 292.219172	4.82e-01  7.59e-01  4.04e+05	-7.6717 58.4241 0.4689	
25.368070 292.219172	4.42e-01  8.82e-01  3.89e+05	7.6659 66.6581 0.7319	
25.368070 292.219172	4.52e-01  7.49e-01  4.11e+05	-6.2530 53.8882 0.7149	
25.368070 292.219172	6.61e-01  9.00e-01  3.53e+05	-3.1808 84.0979 0.3090	
25.368070 292.219172	5.72e-01  7.84e-01  3.84e+05	17.0183 67.7662 0.3522	
25.368070 292.219172	3.44e-01  9.06e-01  4.02e+05	-26.1832 53.8534 0.6744	
25.368070 292.219172	5.34e-01  6.38e-01  4.16e+05	-15.0763 48.3929 0.5268	
25.368070 292.219172	4.50e-01  8.82e-01  3.88e+05	-25.7006 62.7766 0.7378	
25.368070 292.219172	3.99e-01  9.45e-01  3.86e+05	-25.9051 63.7186 0.5194	
25.368070 292.219172	4.14e-01  8.86e-01  3.93e+05	29.3012 57.9004 0.3062	
25.368070 292.219172	6.32e-01  9.79e-01  3.46e+05	3.8270 86.8180 0.7052	
25.368070 292.219172	4.91e-01  7.53e-01  4.03e+05	-17.6321 56.6645 0.0988	
25.368070 292.219172	3.76e-01  8.03e-01  4.15e+05	-5.1478 51.1669 0.6230	
25.368070 292.219172	5.21e-01  8.02e-01  3.89e+05	-6.2902 66.7548 0.4733	
25.368070 292.219172	5.38e-01  8.39e-01  3.81e+05	-0.3900 71.5132 0.6206	
25.368070 292.219172	4.94e-01  6.81e-01  4.16e+05	20.3048 46.8523 0.5561	
25.368070 292.219172	5.09e-01  9.46e-01  3.68e+05	-4.0369 77.2242 0.9474	
25.368070 292.219172	5.23e-01  8.90e-01  3.75e+05	-28.3879 68.7053 0.1791	
25.368070 292.219172	6.10e-01  9.42e-01  3.54e+05	-4.4479 83.4803 0.6470	
25.368070 292.219172	6.54e-01  9.31e-01  3.50e+05	53.1064 67.0377 0.1792	
25.368070 292.219172	5.96e-01  7.80e-01  3.81e+05	-14.7977 69.9394 0.4482	
25.368070 292.219172	6.95e-01  8.63e-01  3.54e+05	-15.9875 82.3645 0.2633	
25.368070 292.219172	3.97e-01  7.82e-01  4.15e+05	2.4803 51.5272 0.4665	
25.368070 292.219172	4.47e-01  7.45e-01  4.13e+05	18.2951 49.9916 0.2528	
25.368070 292.219172	4.32e-01  9.37e-01  3.82e+05	-5.8385 70.7011 0.8014	
25.368070 292.219172	4.97e-01  7.81e-01  3.97e+05	1.3608 62.8313 0.8588	
