71.215348 260.803526	5.16e-01  7.89e-01  3.19e+05	-0.0000 58.9922 0.4441	
71.215348 260.803526	5.88e-01  8.12e-01  3.07e+05	-16.4605 64.1300 0.5463	
71.215348 260.803526	6.20e-01  7.75e-01  3.07e+05	12.3387 64.6754 0.9525	
71.215348 260.803526	7.85e-01  9.61e-01  2.68e+05	22.3238 81.5276 0.8330	
71.215348 260.803526	5.24e-01  8.22e-01  3.14e+05	-7.1129 61.9064 0.4957	
71.215348 260.803526	5.76e-01  7.05e-01  3.23e+05	-29.1678 48.8937 0.0479	
71.215348 260.803526	5.40e-01  7.62e-01  3.20e+05	-5.5008 58.5263 0.3924	
71.215348 260.803526	5.69e-01  8.38e-01  3.06e+05	14.0715 65.2245 0.1787	
71.215348 260.803526	4.91e-01  7.34e-01  3.31e+05	-9.8696 50.5942 0.7450	
71.215348 260.803526	7.29e-01  9.32e-01  2.77e+05	-18.4328 78.6896 0.4432	
71.215348 260.803526	5.50e-01  7.49e-01  3.20e+05	2.1526 58.3859 0.6707	
71.215348 260.803526	5.22e-01  9.19e-01  3.02e+05	10.3502 68.1163 0.8772	
71.215348 260.803526	6.56e-01  8.33e-01  2.96e+05	-6.6164 71.5742 0.2480	
71.215348 260.803526	6.06e-01  8.53e-01  2.99e+05	-7.5943 69.6294 0.1527	
71.215348 260.803526	5.99e-01  8.33e-01  3.03e+05	1.9604 68.3099 0.6421	
71.215348 260.803526	9.01e-01  9.47e-01  2.59e+05	-15.0791 87.1950 0.8584	
71.215348 260.803526	6.57e-01  7.88e-01  3.01e+05	-8.4298 68.7017 0.7738	
71.215348 260.803526	6.75e-01  8.71e-01  2.89e+05	15.4754 73.5021 0.0112	
71.215348 260.803526	6.07e-01  8.69e-01  2.97e+05	-21.5849 67.7505 0.4260	
71.215348 260.803526	7.10e-01  7.71e-01  2.97e+05	17.6126 69.1887 0.4794	
71.215348 260.803526	4.65e-01  7.16e-01  3.38e+05	3.2845 46.6361 0.3264	
71.215348 260.803526	7.17e-01  8.28e-01  2.89e+05	-29.5436 68.9878 0.6801	
71.215348 260.803526	6.53e-01  8.71e-01  2.92e+05	-7.5006 73.4671 0.8901	
71.215348 260.803526	6.31e-01  8.91e-01  2.92e+05	11.9159 72.7995 0.5929	
71.215348 260.803526	6.79e-01  7.35e-01  3.05e+05	19.4962 64.2272 0.9450	
71.215348 260.803526	6.41e-01  7.81e-01  3.04e+05	-4.2038 67.5574 0.8956	
71.215348 260.803526	6.43e-01  8.86e-01  2.91e+05	-9.8404 73.5306 0.5042	
71.215348 260.803526	7.19e-01  8.49e-01  2.87e+05	2.4700 76.2272 0.1501	
71.215348 260.803526	6.38e-01  8.64e-01  2.94e+05	-7.0643 72.3154 0.6472	
71.215348 260.803526	4.59e-01  8.17e-01  3.23e+05	-14.0123 54.7410 0.3167	
71.215348 260.803526	7.47e-01  7.74e-01  2.92e+05	5.5375 73.5551 0.4378	
71.215348 260.803526	5.30e-01  7.83e-01  3.18e+05	21.1186 55.7397 0.7180	
71.215348 260.803526	5.61e-01  8.29e-01  3.08e+05	-8.4811 64.9497 0.5158	
71.215348 260.803526	6.57e-01  7.16e-01  3.10e+05	-5.4507 64.0697 0.5566	
71.215348 260.803526	5.63e-01  8.72e-01  3.02e+05	-15.0083 66.8727 0.1139	
71.215348 260.803526	7.34e-01  8.78e-01  2.82e+05	-25.2261 74.3158 0.0507	
71.215348 260.803526	6.35e-01  7.46e-01  3.09e+05	-16.3130 62.7398 0.5705	
71.215348 260.803526	6.92e-01  7.92e-01  2.97e+05	24.7386 67.1328 0.9837	
71.215348 260.803526	6.20e-01  7.58e-01  3.10e+05	-3.3047 64.6195 0.1105	
71.215348 260.803526	6.74e-01  7.06e-01  3.09e+05	4.1953 64.6886 0.2566	
71.215348 260.803526	7.15e-01  8.16e-01  2.91e+05	-23.2992 70.5289 0.7157	
71.215348 260.803526	6.04e-01  8.13e-01  3.05e+05	-8.8158 66.7419 0.3930	
71.215348 260.803526	5.45e-01  7.64e-01  3.19e+05	-17.8098 56.5428 0.8731	
71.215348 260.803526	3.84e-01  8.07e-01  3.36e+05	-13.8875 45.7782 0.4055	
71.215348 260.803526	5.01e-01  9.01e-01  3.06e+05	-13.4045 65.0207 0.5065	
71.215348 260.803526	6.13e-01  8.09e-01  3.04e+05	-8.6970 67.0977 0.8155	
71.215348 260.803526	6.12e-01  8.12e-01  3.04e+05	-27.9124 61.8313 0.2127	
71.215348 260.803526	7.97e-01  8.36e-01  2.80e+05	39.7484 68.8245 0.9389	
71.215348 260.803526	6.96e-01  9.67e-01  2.77e+05	25.4558 76.7791 0.9409	
71.215348 260.803526	7.11e-01  8.34e-01  2.89e+05	10.1610 74.3373 0.2475	
71.215348 260.803526	4.77e-01  8.91e-01  3.11e+05	-1.6355 63.9226 0.4998	
71.215348 260.803526	4.95e-01  7.53e-01  3.28e+05	-9.0787 53.1215 0.9867	
71.215348 260.803526	5.84e-01  7.27e-01  3.19e+05	26.2568 53.4192 0.5577	
71.215348 260.803526	6.41e-01  7.82e-01  3.04e+05	0.7967 67.7595 0.6633	
71.215348 260.803526	6.95e-01  8.66e-01  2.87e+05	-22.6229 72.4698 0.1421	
71.215348 260.803526	7.30e-01  8.98e-01  2.80e+05	-0.7012 79.2717 0.3181	
71.215348 260.803526	6.25e-01  6.99e-01  3.17e+05	-2.9375 60.4994 0.0492	
71.215348 260.803526	4.60e-01  9.57e-01  3.05e+05	12.1875 66.2348 0.4116	
71.215348 260.803526	5.78e-01  8.87e-01  2.99e+05	0.1048 70.4461 0.9513	
71.215348 260.803526	6.19e-01  8.33e-01  3.00e+05	-21.4802 66.2181 0.9360	
71.215348 260.803526	5.52e-01  8.12e-01  3.12e+05	37.2146 51.5475 0.2593	
71.215348 260.803526	5.72e-01  7.98e-01  3.11e+05	-25.7805 58.6939 0.9168	
71.215348 260.803526	7.78e-01  8.66e-01  2.78e+05	16.9216 78.2638 0.0686	
71.215348 260.803526	5.81e-01  8.11e-01  3.08e+05	23.0097 61.4721 0.4283	
71.215348 260.803526	5.03e-01  8.76e-01  3.10e+05	19.2265 61.7855 0.7261	
71.215348 260.803526	8.45e-01  8.91e-01  2.69e+05	16.8653 82.4067 0.8008	
71.215348 260.803526	7.18e-01  8.82e-01  2.83e+05	25.1331 73.7413 0.7027	
71.215348 260.803526	5.03e-01  8.68e-01  3.11e+05	-8.3926 63.5846 0.7538	
71.215348 260.803526	7.04e-01  7.82e-01  2.96e+05	-26.3877 66.6508 0.9342	
71.215348 260.803526	6.52e-01  7.57e-01  3.06e+05	4.0283 66.7468 0.4855	
71.215348 260.803526	6.69e-01  8.60e-01  2.91e+05	-27.0449 69.0564 0.8850	
71.215348 260.803526	6.00e-01  7.09e-01  3.19e+05	-11.6792 58.1941 0.8286	
71.215348 260.803526	7.29e-01  8.85e-01  2.82e+05	28.6510 73.1906 0.1096	
71.215348 260.803526	6.95e-01  7.28e-01  3.04e+05	46.6149 49.1925 0.5814	
71.215348 260.803526	6.48e-01  8.34e-01  2.97e+05	-2.5467 71.4078 0.3989	
71.215348 260.803526	4.60e-01  9.33e-01  3.08e+05	4.7028 65.5200 0.2168	
71.215348 260.803526	6.33e-01  8.13e-01  3.01e+05	-9.8276 68.5502 0.9818	
71.215348 260.803526	6.40e-01  8.76e-01  2.93e+05	14.6846 71.9627 0.0066	
71.215348 260.803526	6.50e-01  8.43e-01  2.95e+05	-35.8248 62.5609 0.2263	
71.215348 260.803526	5.55e-01  9.77e-01  2.91e+05	-13.8783 73.0131 0.9516	
71.215348 260.803526	7.49e-01  7.99e-01  2.89e+05	30.1979 68.8836 0.5228	
71.215348 260.803526	6.83e-01  7.79e-01  2.99e+05	-27.1576 64.7487 0.4887	
71.215348 260.803526	7.39e-01  8.62e-01  2.83e+05	27.9880 72.7467 0.7676	
71.215348 260.803526	6.77e-01  8.87e-01  2.87e+05	-28.5755 70.5121 0.2697	
71.215348 260.803526	7.66e-01  9.21e-01  2.74e+05	-25.7986 77.8254 0.1329	
71.215348 260.803526	4.80e-01  7.86e-01  3.25e+05	12.5060 54.1327 0.4360	
71.215348 260.803526	6.37e-01  7.89e-01  3.03e+05	-6.4378 67.6744 0.1414	
71.215348 260.803526	7.08e-01  8.11e-01  2.92e+05	-4.6292 73.4295 0.7673	
71.215348 260.803526	5.81e-01  7.56e-01  3.15e+05	9.8084 60.7577 0.6182	
71.215348 260.803526	5.88e-01  6.60e-01  3.28e+05	17.3185 50.9358 0.9032	
71.215348 260.803526	4.77e-01  8.96e-01  3.10e+05	-23.3805 59.9196 0.4210	
71.215348 260.803526	5.53e-01  8.50e-01  3.06e+05	8.6093 65.8849 0.9928	
71.215348 260.803526	6.80e-01  8.78e-01  2.88e+05	15.0719 74.2042 0.1898	
71.215348 260.803526	7.29e-01  8.50e-01  2.86e+05	-8.0324 76.4104 0.1110	
71.215348 260.803526	5.48e-01  6.58e-01  3.34e+05	11.8376 48.1621 0.9726	
71.215348 260.803526	6.61e-01  8.84e-01  2.89e+05	37.9533 64.7567 0.8092	
71.215348 260.803526	6.30e-01  9.48e-01  2.86e+05	-10.5051 76.0434 0.8085	
71.215348 260.803526	5.68e-01  7.70e-01  3.15e+05	5.5405 61.3831 0.7208	
71.215348 260.803526	6.36e-01  8.40e-01  2.97e+05	25.0078 66.5811 0.2217	
71.215348 260.803526	6.84e-01  9.39e-01  2.81e+05	-39.8906 68.2371 0.6165	
71.215348 260.803526	5.78e-01  9.53e-01  2.91e+05	-3.9464 74.1598 0.9216	
71.215348 260.803526	6.41e-01  8.44e-01  2.96e+05	10.9274 70.8408 0.5925	
71.215348 260.803526	7.40e-01  8.63e-01  2.83e+05	-35.7573 69.3406 0.2698	
71.215348 260.803526	7.34e-01  8.45e-01  2.86e+05	-33.9050 68.9436 0.6759	
71.215348 260.803526	5.78e-01  6.64e-01  3.29e+05	-6.7534 52.7829 0.8262	
71.215348 260.803526	5.27e-01  9.51e-01  2.97e+05	-11.1072 70.3498 0.1821	
71.215348 260.803526	7.21e-01  8.41e-01  2.87e+05	-12.4352 74.9394 0.1938	
71.215348 260.803526	5.85e-01  7.72e-01  3.12e+05	-0.8078 63.1101 0.6350	
71.215348 260.803526	6.57e-01  8.12e-01  2.98e+05	8.9082 70.1279 0.8853	
71.215348 260.803526	7.18e-01  8.52e-01  2.86e+05	31.7356 69.4843 0.7304	
71.215348 260.803526	5.27e-01  8.92e-01  3.04e+05	-26.0580 62.2703 0.7972	
71.215348 260.803526	6.65e-01  9.63e-01  2.80e+05	17.0362 77.4192 0.2141	
71.215348 260.803526	7.56e-01  8.86e-01  2.79e+05	-35.8741 71.4224 0.8184	
71.215348 260.803526	5.11e-01  6.56e-01  3.40e+05	-13.5106 42.9929 0.8144	
71.215348 260.803526	5.38e-01  8.70e-01  3.06e+05	-43.5771 50.5870 0.4141	
71.215348 260.803526	6.78e-01  7.40e-01  3.05e+05	-0.4412 67.4350 0.6596	
71.215348 260.803526	6.28e-01  8.97e-01  2.92e+05	-11.1164 73.0981 0.0254	
71.215348 260.803526	4.57e-01  7.56e-01  3.33e+05	6.5730 49.9163 0.5213	
71.215348 260.803526	6.00e-01  8.23e-01  3.04e+05	-2.8394 67.6871 0.0336	
71.215348 260.803526	5.70e-01  8.70e-01  3.02e+05	21.8119 65.3113 0.4839	
71.215348 260.803526	7.18e-01  9.57e-01  2.75e+05	21.9900 78.4457 0.3157	
71.215348 260.803526	5.82e-01  7.40e-01  3.17e+05	7.6761 59.9664 0.8940	
71.215348 260.803526	8.06e-01  9.05e-01  2.72e+05	32.0716 76.5640 0.7396	
71.215348 260.803526	7.40e-01  7.96e-01  2.90e+05	36.2738 65.0998 0.7464	
71.215348 260.803526	4.76e-01  7.47e-01  3.31e+05	27.0700 43.6136 0.1998	
71.215348 260.803526	6.73e-01  7.77e-01  3.01e+05	28.6017 63.3147 0.4723	
71.215348 260.803526	5.90e-01  9.15e-01  2.94e+05	-17.0169 70.8261 0.6112	
71.215348 260.803526	6.00e-01  7.55e-01  3.13e+05	-5.5299 62.7265 0.3607	
71.215348 260.803526	4.87e-01  8.98e-01  3.09e+05	-40.5070 51.0223 0.0015	
71.215348 260.803526	5.68e-01  9.91e-01  2.88e+05	11.7741 74.9172 0.7098	
71.215348 260.803526	3.11e-01  9.19e-01  3.30e+05	38.6932 34.9196 0.2420	
71.215348 260.803526	4.75e-01  9.03e-01  3.10e+05	0.2493 64.6229 0.8312	
71.215348 260.803526	6.81e-01  8.07e-01  2.96e+05	-17.7007 69.6086 0.0908	
71.215348 260.803526	5.43e-01  9.29e-01  2.98e+05	14.5055 69.3538 0.7509	
71.215348 260.803526	6.15e-01  7.33e-01  3.14e+05	0.3761 62.4840 0.5274	
71.215348 260.803526	5.68e-01  8.05e-01  3.10e+05	21.3895 60.6406 0.7358	
71.215348 260.803526	6.00e-01  7.81e-01  3.09e+05	15.4793 63.0020 0.3401	
71.215348 260.803526	6.41e-01  9.53e-01  2.84e+05	-8.0249 77.2132 0.0927	
71.215348 260.803526	4.96e-01  7.59e-01  3.27e+05	10.6923 53.4591 0.0167	
71.215348 260.803526	5.66e-01  7.54e-01  3.17e+05	-18.3777 57.3541 0.0934	
71.215348 260.803526	6.70e-01  8.04e-01  2.98e+05	8.0216 70.5037 0.4250	
71.215348 260.803526	4.60e-01  7.92e-01  3.27e+05	-14.2513 52.4084 0.4935	
71.215348 260.803526	5.87e-01  7.71e-01  3.12e+05	-14.4452 61.5204 0.7148	
71.215348 260.803526	6.48e-01  8.78e-01  2.91e+05	-9.9526 73.3368 0.1600	
71.215348 260.803526	5.21e-01  6.56e-01  3.38e+05	8.7367 45.3772 0.5078	
71.215348 260.803526	8.60e-01  9.03e-01  2.67e+05	-17.0905 83.4806 0.6246	
71.215348 260.803526	4.26e-01  7.45e-01  3.39e+05	1.7189 45.5616 0.7366	
71.215348 260.803526	4.86e-01  8.74e-01  3.12e+05	16.1543 61.2777 0.9533	
71.215348 260.803526	5.93e-01  7.89e-01  3.09e+05	-15.6930 63.0574 0.3289	
71.215348 260.803526	6.10e-01  6.61e-01  3.24e+05	16.4140 53.5309 0.9309	
71.215348 260.803526	4.79e-01  8.78e-01  3.12e+05	-29.2222 55.9412 0.9877	
71.215348 260.803526	5.38e-01  6.71e-01  3.33e+05	23.1617 44.1560 0.1400	
71.215348 260.803526	5.61e-01  9.75e-01  2.90e+05	-41.2904 62.0969 0.1885	
71.215348 260.803526	5.14e-01  7.59e-01  3.24e+05	-0.3349 56.2142 0.1824	
71.215348 260.803526	4.49e-01  7.82e-01  3.30e+05	-7.5041 51.6288 0.2522	
71.215348 260.803526	5.32e-01  8.77e-01  3.06e+05	3.9672 66.6953 0.5914	
71.215348 260.803526	6.65e-01  8.86e-01  2.89e+05	0.7799 75.3704 0.8149	
71.215348 260.803526	7.42e-01  8.71e-01  2.82e+05	22.8729 75.1260 0.4739	
71.215348 260.803526	4.58e-01  9.55e-01  3.05e+05	13.1401 65.7624 0.9701	
71.215348 260.803526	5.22e-01  7.52e-01  3.24e+05	9.3644 55.4974 0.6406	
71.215348 260.803526	5.42e-01  8.34e-01  3.10e+05	-39.6716 50.8449 0.4697	
71.215348 260.803526	7.75e-01  7.92e-01  2.87e+05	23.1259 72.6045 0.4659	
71.215348 260.803526	5.31e-01  7.72e-01  3.20e+05	0.6931 58.8856 0.0130	
71.215348 260.803526	5.71e-01  8.76e-01  3.01e+05	4.2978 69.1365 0.3483	
71.215348 260.803526	5.22e-01  9.25e-01  3.01e+05	-30.1787 62.3785 0.4815	
71.215348 260.803526	5.28e-01  9.67e-01  2.95e+05	19.5020 69.5709 0.9200	
71.215348 260.803526	6.75e-01  8.38e-01  2.93e+05	7.5885 72.8572 0.4420	
71.215348 260.803526	6.13e-01  8.44e-01  3.00e+05	-17.4435 67.7365 0.9276	
71.215348 260.803526	6.11e-01  6.66e-01  3.23e+05	-17.9543 53.6699 0.4516	
71.215348 260.803526	6.46e-01  8.17e-01  2.99e+05	10.8353 69.4413 0.0016	
71.215348 260.803526	7.11e-01  9.49e-01  2.77e+05	-20.1227 78.2178 0.7307	
71.215348 260.803526	5.21e-01  8.88e-01  3.06e+05	10.7294 65.9388 0.5788	
71.215348 260.803526	6.30e-01  8.74e-01  2.94e+05	-28.8273 66.8155 0.1527	
71.215348 260.803526	4.15e-01  7.45e-01  3.41e+05	0.9582 44.1219 0.6034	
71.215348 260.803526	6.27e-01  6.52e-01  3.23e+05	5.2079 56.5118 0.2629	
71.215348 260.803526	4.71e-01  9.55e-01  3.04e+05	-4.7502 67.7857 0.2637	
71.215348 260.803526	7.74e-01  9.36e-01  2.72e+05	9.2373 82.4742 0.0299	
71.215348 260.803526	4.71e-01  7.58e-01  3.30e+05	8.6870 51.3205 0.3146	
71.215348 260.803526	5.46e-01  8.38e-01  3.09e+05	8.0748 64.5500 0.4870	
71.215348 260.803526	5.08e-01  8.94e-01  3.07e+05	16.0591 64.3408 0.7242	
71.215348 260.803526	7.35e-01  9.21e-01  2.77e+05	-10.6215 79.8938 0.6686	
71.215348 260.803526	6.80e-01  8.27e-01  2.94e+05	27.0488 67.7639 0.5019	
71.215348 260.803526	4.45e-01  8.36e-01  3.23e+05	20.6498 53.0053 0.1922	
71.215348 260.803526	5.67e-01  8.29e-01  3.07e+05	27.1114 60.1235 0.8067	
71.215348 260.803526	4.63e-01  8.84e-01  3.14e+05	28.4029 55.4476 0.8561	
71.215348 260.803526	5.53e-01  7.93e-01  3.14e+05	23.9533 57.5411 0.2682	
71.215348 260.803526	4.97e-01  8.48e-01  3.14e+05	-36.0951 50.6297 0.2188	
71.215348 260.803526	7.20e-01  8.75e-01  2.84e+05	-1.0310 77.6082 0.3314	
71.215348 260.803526	6.65e-01  9.24e-01  2.84e+05	-13.3837 76.2268 0.7964	
71.215348 260.803526	4.89e-01  7.96e-01  3.22e+05	-0.6600 57.2646 0.6569	
71.215348 260.803526	5.67e-01  9.71e-01  2.90e+05	-19.0622 72.1409 0.4756	
71.215348 260.803526	4.78e-01  9.63e-01  3.02e+05	-34.2467 59.8625 0.2425	
71.215348 260.803526	6.03e-01  8.53e-01  3.00e+05	30.3099 62.9348 0.2674	
71.215348 260.803526	6.10e-01  8.07e-01  3.05e+05	10.4244 66.5954 0.2398	
71.215348 260.803526	5.39e-01  8.03e-01  3.14e+05	-6.6583 61.6513 0.0477	
71.215348 260.803526	5.85e-01  9.28e-01  2.93e+05	-7.9990 72.7991 0.4298	
71.215348 260.803526	5.09e-01  8.61e-01  3.11e+05	-27.3266 57.9653 0.2689	
71.215348 260.803526	5.88e-01  8.37e-01  3.04e+05	-13.7527 66.4394 0.8238	
71.215348 260.803526	4.79e-01  7.89e-01  3.25e+05	-11.2297 54.5792 0.2451	
71.215348 260.803526	4.75e-01  9.20e-01  3.07e+05	-17.7217 63.4411 0.4293	
71.215348 260.803526	7.11e-01  8.66e-01  2.86e+05	-0.6287 76.7661 0.8067	
71.215348 260.803526	4.38e-01  8.42e-01  3.23e+05	8.5410 56.2175 0.3739	
71.215348 260.803526	6.45e-01  8.94e-01  2.90e+05	-20.7136 71.8019 0.8457	
71.215348 260.803526	7.27e-01  8.36e-01  2.87e+05	-7.4433 75.6514 0.5644	
71.215348 260.803526	5.53e-01  9.52e-01  2.94e+05	-21.1379 69.6622 0.1119	
71.215348 260.803526	5.01e-01  7.94e-01  3.21e+05	25.3071 52.3341 0.3172	
71.215348 260.803526	6.71e-01  7.47e-01  3.04e+05	38.3407 55.4860 0.9353	
71.215348 260.803526	5.79e-01  7.17e-01  3.21e+05	-10.8384 57.2693 0.9572	
71.215348 260.803526	4.67e-01  7.64e-01  3.30e+05	-1.2229 52.0984 0.7257	
71.215348 260.803526	6.38e-01  8.52e-01  2.96e+05	-10.2295 71.1784 0.0459	
71.215348 260.803526	5.99e-01  7.90e-01  3.08e+05	-39.6922 52.0688 0.3178	
71.215348 260.803526	5.06e-01  8.39e-01  3.14e+05	-9.6778 61.4310 0.1875	
71.215348 260.803526	4.37e-01  9.32e-01  3.11e+05	-19.8588 60.7980 0.2961	
71.215348 260.803526	7.98e-01  8.37e-01  2.79e+05	-21.9508 76.5394 0.3802	
71.215348 260.803526	5.32e-01  8.32e-01  3.11e+05	-11.2018 62.6509 0.5818	
71.215348 260.803526	5.24e-01  8.06e-01  3.16e+05	9.7304 60.2108 0.0954	
71.215348 260.803526	5.72e-01  7.90e-01  3.12e+05	-25.5497 58.1486 0.7949	
71.215348 260.803526	7.23e-01  8.81e-01  2.83e+05	18.7008 75.8338 0.0192	
71.215348 260.803526	6.41e-01  9.10e-01  2.89e+05	-13.4124 74.1817 0.9626	
71.215348 260.803526	5.05e-01  6.57e-01  3.41e+05	-8.7365 43.5365 0.2188	
71.215348 260.803526	5.91e-01  8.06e-01  3.07e+05	-27.9270 59.7522 0.3863	
71.215348 260.803526	7.07e-01  8.96e-01  2.83e+05	9.2377 77.5012 0.2066	
71.215348 260.803526	5.24e-01  6.03e-01  3.46e+05	-8.3462 38.7568 0.8921	
71.215348 260.803526	6.07e-01  8.38e-01  3.01e+05	-17.6145 66.9092 0.6825	
71.215348 260.803526	4.77e-01  8.37e-01  3.18e+05	7.9743 59.2609 0.4924	
71.215348 260.803526	6.22e-01  8.76e-01  2.95e+05	-9.4685 71.7842 0.8625	
71.215348 260.803526	5.45e-01  8.79e-01  3.04e+05	28.4028 61.5764 0.2288	
71.215348 260.803526	4.60e-01  7.02e-01  3.41e+05	-1.5782 44.3988 0.5775	
71.215348 260.803526	6.66e-01  7.01e-01  3.11e+05	16.4074 61.6726 0.7232	
71.215348 260.803526	4.35e-01  9.28e-01  3.12e+05	4.0894 63.4368 0.9025	
71.215348 260.803526	5.34e-01  8.13e-01  3.14e+05	2.7499 62.3055 0.1043	
71.215348 260.803526	6.76e-01  8.87e-01  2.87e+05	20.7214 73.1403 0.5821	
71.215348 260.803526	5.17e-01  7.49e-01  3.25e+05	10.5041 54.5070 0.1944	
71.215348 260.803526	5.68e-01  6.80e-01  3.28e+05	1.6760 53.8727 0.0635	
71.215348 260.803526	6.22e-01  7.02e-01  3.17e+05	14.1308 58.8379 0.0067	
71.215348 260.803526	5.37e-01  9.63e-01  2.95e+05	13.3662 71.2931 0.4125	
71.215348 260.803526	5.67e-01  6.60e-01  3.31e+05	10.4605 50.7062 0.6823	
71.215348 260.803526	6.14e-01  9.46e-01  2.88e+05	62.4026 43.0896 0.1533	
71.215348 260.803526	7.05e-01  8.93e-01  2.83e+05	-43.3800 64.5874 0.4985	
71.215348 260.803526	6.15e-01  9.08e-01  2.92e+05	1.5823 73.8031 0.9937	
71.215348 260.803526	6.33e-01  8.41e-01  2.98e+05	39.4155 58.9864 0.7545	
71.215348 260.803526	4.93e-01  8.89e-01  3.09e+05	-1.2659 64.8740 0.7877	
71.215348 260.803526	6.03e-01  6.61e-01  3.25e+05	0.9348 55.3624 0.7821	
71.215348 260.803526	7.69e-01  8.13e-01  2.85e+05	5.5354 76.7817 0.3008	
71.215348 260.803526	5.53e-01  8.34e-01  3.08e+05	1.1263 65.3047 0.2031	
71.215348 260.803526	4.51e-01  9.28e-01  3.10e+05	-3.4099 64.6502 0.6883	
71.215348 260.803526	4.74e-01  8.40e-01  3.18e+05	-24.9345 54.2305 0.3822	
71.215348 260.803526	6.23e-01  7.76e-01  3.07e+05	18.7602 63.4485 0.2985	
71.215348 260.803526	5.27e-01  7.68e-01  3.21e+05	-20.8561 54.3200 0.3970	
71.215348 260.803526	5.69e-01  9.44e-01  2.93e+05	-6.7430 72.9850 0.2242	
71.215348 260.803526	7.12e-01  7.34e-01  3.01e+05	-44.0620 53.4564 0.1217	
71.215348 260.803526	6.25e-01  8.03e-01  3.03e+05	5.3461 67.8273 0.8144	
71.215348 260.803526	6.84e-01  8.99e-01  2.85e+05	-26.5982 72.3450 0.7670	
71.215348 260.803526	7.40e-01  8.05e-01  2.89e+05	-37.0494 65.2466 0.0013	
71.215348 260.803526	6.64e-01  8.08e-01  2.98e+05	-6.6203 70.5620 0.5511	
71.215348 260.803526	6.01e-01  8.16e-01  3.05e+05	7.5874 66.8994 0.7271	
71.215348 260.803526	6.00e-01  7.99e-01  3.07e+05	-8.3628 65.5894 0.6051	
71.215348 260.803526	5.00e-01  9.24e-01  3.04e+05	10.0173 67.0896 0.6250	
71.215348 260.803526	6.29e-01  8.38e-01  2.99e+05	-10.5891 69.7200 0.0992	
71.215348 260.803526	7.14e-01  7.40e-01  3.00e+05	-1.7034 69.7277 0.3502	
71.215348 260.803526	7.21e-01  8.67e-01  2.84e+05	4.8671 77.1699 0.0791	
71.215348 260.803526	7.92e-01  8.48e-01  2.79e+05	6.9944 79.5742 0.5038	
71.215348 260.803526	5.61e-01  8.98e-01  3.00e+05	5.0253 69.8585 0.9069	
71.215348 260.803526	6.87e-01  8.12e-01  2.95e+05	24.9853 67.9769 0.7401	
71.215348 260.803526	6.87e-01  7.89e-01  2.97e+05	19.3032 68.4898 0.8583	
71.215348 260.803526	5.65e-01  8.17e-01  3.09e+05	14.0986 63.3445 0.6417	
71.215348 260.803526	6.69e-01  9.32e-01  2.83e+05	24.4277 74.0150 0.6657	
71.215348 260.803526	7.48e-01  8.65e-01  2.82e+05	4.2894 78.4414 0.7715	
71.215348 260.803526	5.70e-01  8.99e-01  2.98e+05	5.1422 70.5088 0.4172	
71.215348 260.803526	6.95e-01  8.47e-01  2.90e+05	13.0100 73.7384 0.9339	
71.215348 260.803526	6.92e-01  7.41e-01  3.03e+05	7.7587 67.9933 0.2077	
71.215348 260.803526	4.76e-01  7.30e-01  3.34e+05	12.2883 47.9559 0.8259	
71.215348 260.803526	6.58e-01  9.53e-01  2.82e+05	-2.9336 78.3666 0.7344	
71.215348 260.803526	4.69e-01  9.13e-01  3.09e+05	-0.2427 64.9368 0.7818	
71.215348 260.803526	6.80e-01  7.00e-01  3.09e+05	3.2988 64.7275 0.5890	
71.215348 260.803526	5.93e-01  7.62e-01  3.13e+05	-2.4476 62.8982 0.6025	
71.215348 260.803526	5.25e-01  8.18e-01  3.14e+05	7.1170 61.6074 0.8107	
71.215348 260.803526	6.38e-01  9.66e-01  2.83e+05	15.3595 76.5687 0.7384	
71.215348 260.803526	6.05e-01  8.83e-01  2.96e+05	11.1959 70.9616 0.2171	
71.215348 260.803526	6.66e-01  7.98e-01  2.99e+05	9.3664 69.7592 0.9126	
71.215348 260.803526	6.25e-01  8.49e-01  2.98e+05	-0.3198 70.9356 0.3222	
71.215348 260.803526	4.21e-01  9.12e-01  3.16e+05	-23.5139 56.5260 0.7665	
71.215348 260.803526	6.57e-01  7.69e-01  3.04e+05	11.9795 66.9007 0.3931	
71.215348 260.803526	6.46e-01  9.36e-01  2.85e+05	8.2156 76.5311 0.8074	
71.215348 260.803526	5.89e-01  7.78e-01  3.11e+05	10.2659 62.9954 0.2140	
71.215348 260.803526	4.73e-01  8.43e-01  3.18e+05	-2.7056 59.8007 0.6479	
71.215348 260.803526	4.60e-01  7.65e-01  3.31e+05	9.9418 50.6187 0.1365	
71.215348 260.803526	6.41e-01  6.56e-01  3.21e+05	-1.5595 58.2634 0.4816	
71.215348 260.803526	6.53e-01  9.59e-01  2.82e+05	-13.3995 77.3541 0.5522	
71.215348 260.803526	5.66e-01  7.21e-01  3.22e+05	-14.1017 55.6957 0.7379	
71.215348 260.803526	4.65e-01  8.66e-01  3.16e+05	-14.0002 59.4968 0.4569	
71.215348 260.803526	7.09e-01  8.29e-01  2.90e+05	-0.5448 74.6680 0.8796	
71.215348 260.803526	6.39e-01  9.56e-01  2.84e+05	-8.0736 77.2362 0.9984	
71.215348 260.803526	6.11e-01  8.18e-01  3.03e+05	-9.2337 67.5734 0.1560	
71.215348 260.803526	4.25e-01  7.49e-01  3.39e+05	18.1929 42.0876 0.7474	
71.215348 260.803526	5.23e-01  9.22e-01  3.01e+05	2.0502 69.1629 0.5217	
71.215348 260.803526	5.42e-01  8.30e-01  3.10e+05	-11.7015 63.1305 0.3060	
71.215348 260.803526	6.13e-01  8.02e-01  3.05e+05	1.3519 67.1918 0.3436	
71.215348 260.803526	5.89e-01  9.09e-01  2.95e+05	4.3839 72.2821 0.8175	
71.215348 260.803526	5.94e-01  9.45e-01  2.90e+05	19.2928 72.1760 0.7561	
71.215348 260.803526	7.25e-01  9.86e-01  2.72e+05	-6.0590 82.8307 0.0641	
71.215348 260.803526	5.92e-01  9.02e-01  2.95e+05	5.3200 71.9768 0.3877	
71.215348 260.803526	6.09e-01  7.23e-01  3.16e+05	12.7515 59.8336 0.3553	
71.215348 260.803526	4.33e-01  7.87e-01  3.32e+05	4.9395 50.8650 0.0441	
71.215348 260.803526	5.97e-01  9.13e-01  2.93e+05	-4.2188 72.9702 0.0444	
71.215348 260.803526	5.04e-01  8.58e-01  3.12e+05	8.9512 62.8726 0.3247	
71.215348 260.803526	7.34e-01  9.52e-01  2.74e+05	7.9914 81.5514 0.0740	
71.215348 260.803526	6.67e-01  8.25e-01  2.95e+05	5.0296 71.9091 0.5648	
71.215348 260.803526	6.92e-01  7.79e-01  2.98e+05	-13.9453 69.4335 0.1014	
71.215348 260.803526	6.50e-01  7.44e-01  3.08e+05	-15.6627 63.9037 0.5239	
71.215348 260.803526	4.17e-01  9.30e-01  3.14e+05	3.6538 62.2667 0.0306	
71.215348 260.803526	6.48e-01  8.11e-01  2.99e+05	-42.8389 55.4205 0.7703	
71.215348 260.803526	5.68e-01  8.67e-01  3.02e+05	4.5550 68.4007 0.2852	
71.215348 260.803526	4.48e-01  9.39e-01  3.09e+05	-29.2944 58.3081 0.5712	
71.215348 260.803526	5.20e-01  7.48e-01  3.25e+05	-2.4295 55.7280 0.7755	
71.215348 260.803526	7.35e-01  8.87e-01  2.81e+05	-10.0092 78.3710 0.4850	
71.215348 260.803526	6.00e-01  9.04e-01  2.94e+05	27.2840 67.4245 0.0910	
71.215348 260.803526	6.47e-01  6.93e-01  3.15e+05	-38.4331 48.3411 0.9716	
71.215348 260.803526	6.19e-01  7.92e-01  3.05e+05	-30.0189 59.8748 0.2230	
71.215348 260.803526	5.13e-01  7.17e-01  3.30e+05	-20.6181 47.8361 0.3667	
71.215348 260.803526	6.03e-01  8.13e-01  3.05e+05	15.9984 65.3556 0.4343	
71.215348 260.803526	6.96e-01  8.79e-01  2.86e+05	22.5689 73.2113 0.7607	
71.215348 260.803526	7.60e-01  9.24e-01  2.74e+05	8.9379 81.3647 0.5666	
71.215348 260.803526	8.18e-01  8.71e-01  2.74e+05	-9.6032 81.5599 0.9713	
71.215348 260.803526	7.78e-01  8.90e-01  2.76e+05	22.2351 78.0185 0.1912	
71.215348 260.803526	6.58e-01  8.10e-01  2.98e+05	6.6735 70.3087 0.6419	
71.215348 260.803526	8.08e-01  8.57e-01  2.76e+05	19.8624 78.5134 0.4092	
71.215348 260.803526	7.40e-01  8.95e-01  2.79e+05	-9.8783 78.9980 0.9915	
71.215348 260.803526	7.39e-01  8.69e-01  2.82e+05	-11.2730 77.5231 0.4945	
71.215348 260.803526	4.99e-01  9.52e-01  3.00e+05	-26.5163 64.3195 0.8244	
71.215348 260.803526	8.08e-01  9.10e-01  2.71e+05	23.6335 79.8925 0.7857	
71.215348 260.803526	5.74e-01  8.54e-01  3.03e+05	-12.8104 66.8213 0.8460	
71.215348 260.803526	7.42e-01  8.27e-01  2.87e+05	-5.4834 76.1324 0.3638	
71.215348 260.803526	7.15e-01  8.90e-01  2.83e+05	-37.6530 68.4800 0.6648	
71.215348 260.803526	7.56e-01  7.78e-01  2.91e+05	-3.2821 74.3973 0.5456	
71.215348 260.803526	5.99e-01  8.22e-01  3.04e+05	-35.7748 57.4550 0.4922	
71.215348 260.803526	6.08e-01  8.85e-01  2.95e+05	27.1386 66.8323 0.7734	
71.215348 260.803526	6.52e-01  8.37e-01  2.96e+05	-35.5995 62.4554 0.8439	
71.215348 260.803526	4.71e-01  7.82e-01  3.27e+05	7.7943 53.8353 0.6921	
71.215348 260.803526	7.36e-01  7.98e-01  2.91e+05	25.6080 69.8589 0.4622	
71.215348 260.803526	4.93e-01  8.19e-01  3.19e+05	5.2735 59.3056 0.1588	
71.215348 260.803526	4.66e-01  6.24e-01  3.52e+05	-2.3544 33.5395 0.3897	
71.215348 260.803526	6.95e-01  8.22e-01  2.93e+05	3.0248 73.4047 0.7887	
71.215348 260.803526	4.77e-01  8.22e-01  3.20e+05	-10.7411 57.4657 0.0596	
71.215348 260.803526	6.79e-01  8.82e-01  2.87e+05	0.8225 75.9181 0.4409	
71.215348 260.803526	5.59e-01  9.16e-01  2.98e+05	-0.1537 70.9865 0.5039	
71.215348 260.803526	7.41e-01  7.94e-01  2.90e+05	19.4170 71.9456 0.2512	
71.215348 260.803526	4.81e-01  8.78e-01  3.12e+05	-6.0697 62.9761 0.3181	
71.215348 260.803526	5.89e-01  6.81e-01  3.24e+05	13.8146 54.1704 0.6102	
71.215348 260.803526	5.84e-01  7.32e-01  3.18e+05	-18.4165 56.9843 0.6603	
71.215348 260.803526	5.75e-01  6.89e-01  3.25e+05	-18.8736 52.0816 0.6967	
71.215348 260.803526	7.01e-01  8.83e-01  2.85e+05	23.9113 73.2614 0.5296	
71.215348 260.803526	5.69e-01  8.78e-01  3.01e+05	-7.1795 68.9557 0.5089	
71.215348 260.803526	5.70e-01  6.78e-01  3.28e+05	-19.5705 50.2173 0.6590	
71.215348 260.803526	6.45e-01  7.12e-01  3.12e+05	2.9936 63.0040 0.0046	
71.215348 260.803526	7.06e-01  8.56e-01  2.87e+05	-12.5438 74.9375 0.9825	
71.215348 260.803526	5.99e-01  8.65e-01  2.99e+05	11.0063 69.5284 0.9566	
71.215348 260.803526	4.57e-01  7.57e-01  3.33e+05	15.4383 47.9989 0.5131	
71.215348 260.803526	5.79e-01  7.98e-01  3.10e+05	-17.6316 62.1696 0.4858	
71.215348 260.803526	4.80e-01  8.59e-01  3.15e+05	-6.7659 61.3310 0.7337	
71.215348 260.803526	4.80e-01  8.49e-01  3.16e+05	8.3107 60.3955 0.0241	
71.215348 260.803526	5.21e-01  7.65e-01  3.22e+05	15.8511 55.1104 0.5313	
71.215348 260.803526	4.82e-01  8.35e-01  3.18e+05	-13.8609 58.3828 0.6480	
71.215348 260.803526	6.16e-01  7.55e-01  3.11e+05	10.1514 63.3177 0.2406	
71.215348 260.803526	5.18e-01  7.88e-01  3.19e+05	-18.1209 56.1519 0.8116	
71.215348 260.803526	6.64e-01  9.08e-01  2.86e+05	7.3459 76.1611 0.6509	
71.215348 260.803526	4.99e-01  7.18e-01  3.32e+05	21.1043 46.1178 0.7750	
71.215348 260.803526	6.49e-01  8.72e-01  2.92e+05	-22.4195 70.2325 0.8413	
71.215348 260.803526	3.44e-01  8.27e-01  3.39e+05	23.9099 38.6134 0.7826	
71.215348 260.803526	5.55e-01  8.00e-01  3.13e+05	41.9938 46.9630 0.4685	
71.215348 260.803526	6.11e-01  8.91e-01  2.94e+05	-3.0168 72.5416 0.5444	
71.215348 260.803526	5.77e-01  7.41e-01  3.18e+05	13.5986 58.4793 0.1793	
71.215348 260.803526	5.63e-01  7.69e-01  3.16e+05	9.9797 60.4324 0.7045	
71.215348 260.803526	8.07e-01  8.99e-01  2.72e+05	-14.4360 81.5627 0.7071	
71.215348 260.803526	5.93e-01  6.85e-01  3.23e+05	1.0252 56.6893 0.7669	
71.215348 260.803526	6.12e-01  7.55e-01  3.11e+05	-2.8227 63.8211 0.0459	
71.215348 260.803526	7.10e-01  8.54e-01  2.87e+05	-16.8924 74.1532 0.2634	
71.215348 260.803526	4.79e-01  9.08e-01  3.08e+05	-30.3651 57.8124 0.3496	
71.215348 260.803526	6.24e-01  8.35e-01  3.00e+05	28.4969 63.9809 0.3605	
71.215348 260.803526	6.84e-01  8.01e-01  2.96e+05	-20.3157 68.6709 0.6968	
71.215348 260.803526	6.76e-01  9.63e-01  2.79e+05	-16.5459 78.0622 0.6440	
71.215348 260.803526	4.97e-01  7.24e-01  3.32e+05	20.9391 46.6189 0.8508	
71.215348 260.803526	4.64e-01  7.92e-01  3.26e+05	23.7505 49.1349 0.6537	
71.215348 260.803526	6.81e-01  8.80e-01  2.87e+05	2.2549 75.8826 0.5015	
71.215348 260.803526	6.84e-01  8.03e-01  2.96e+05	13.0954 70.5687 0.9617	
71.215348 260.803526	6.59e-01  8.45e-01  2.94e+05	-22.6156 69.1673 0.8295	
71.215348 260.803526	6.69e-01  7.83e-01  3.00e+05	-0.1506 69.6633 0.3919	
71.215348 260.803526	6.61e-01  7.91e-01  3.00e+05	-25.0693 64.9706 0.8770	
71.215348 260.803526	4.43e-01  9.34e-01  3.10e+05	-13.4327 63.1985 0.0220	
71.215348 260.803526	8.15e-01  9.07e-01  2.71e+05	33.9213 76.3166 0.2812	
71.215348 260.803526	5.93e-01  7.59e-01  3.13e+05	-16.2145 60.5843 0.4907	
71.215348 260.803526	5.37e-01  8.58e-01  3.07e+05	9.3148 65.2139 0.5743	
71.215348 260.803526	6.68e-01  8.28e-01  2.95e+05	-7.5828 71.8917 0.3030	
71.215348 260.803526	4.34e-01  9.07e-01  3.15e+05	-1.3524 61.8750 0.9548	
71.215348 260.803526	6.66e-01  8.63e-01  2.91e+05	1.8258 74.1651 0.9396	
71.215348 260.803526	5.88e-01  7.22e-01  3.19e+05	-1.0285 59.3650 0.7319	
71.215348 260.803526	6.56e-01  8.27e-01  2.97e+05	-6.7893 71.2118 0.5386	
71.215348 260.803526	6.29e-01  6.91e-01  3.17e+05	-16.3389 57.9403 0.6663	
71.215348 260.803526	7.66e-01  8.91e-01  2.77e+05	12.5582 79.6218 0.2116	
71.215348 260.803526	5.61e-01  8.86e-01  3.01e+05	8.4546 68.8154 0.7740	
71.215348 260.803526	5.51e-01  9.15e-01  2.99e+05	-26.2094 65.4276 0.2174	
71.215348 260.803526	6.36e-01  7.89e-01  3.04e+05	-0.1065 67.9445 0.2608	
71.215348 260.803526	4.94e-01  7.24e-01  3.32e+05	-3.6022 50.7038 0.7224	
71.215348 260.803526	4.13e-01  7.13e-01  3.46e+05	-10.8567 37.9203 0.3887	
71.215348 260.803526	5.88e-01  8.90e-01  2.97e+05	14.1614 69.7725 0.3209	
71.215348 260.803526	4.44e-01  8.13e-01  3.26e+05	-21.5600 50.3211 0.9585	
71.215348 260.803526	5.54e-01  8.54e-01  3.06e+05	9.5465 66.1253 0.7477	
71.215348 260.803526	7.20e-01  8.37e-01  2.88e+05	20.0933 72.9856 0.6679	
71.215348 260.803526	6.98e-01  9.14e-01  2.82e+05	2.8473 78.4700 0.4222	
71.215348 260.803526	6.15e-01  7.73e-01  3.08e+05	-39.2431 52.2575 0.3000	
71.215348 260.803526	4.89e-01  7.80e-01  3.25e+05	5.7577 55.5216 0.0526	
71.215348 260.803526	6.77e-01  8.70e-01  2.89e+05	-10.7182 74.3602 0.4192	
71.215348 260.803526	6.37e-01  8.26e-01  2.99e+05	-34.1131 61.4243 0.8126	
71.215348 260.803526	6.81e-01  9.42e-01  2.81e+05	1.0628 79.0247 0.1148	
71.215348 260.803526	5.10e-01  6.88e-01  3.35e+05	11.6769 47.2490 0.9865	
71.215348 260.803526	4.26e-01  8.05e-01  3.30e+05	-24.5676 45.9508 0.8628	
71.215348 260.803526	6.11e-01  7.98e-01  3.06e+05	-13.9450 65.3227 0.0944	
71.215348 260.803526	7.22e-01  8.34e-01  2.88e+05	-3.0462 75.5351 0.5984	
71.215348 260.803526	3.50e-01  8.63e-01  3.33e+05	-4.1602 50.1353 0.2413	
71.215348 260.803526	5.63e-01  8.96e-01  2.99e+05	16.3831 68.1469 0.3959	
71.215348 260.803526	5.10e-01  8.30e-01  3.15e+05	-2.9827 61.7232 0.5988	
71.215348 260.803526	7.57e-01  8.89e-01  2.78e+05	16.8377 78.3130 0.1175	
71.215348 260.803526	5.87e-01  9.31e-01  2.92e+05	-5.6654 73.3084 0.7352	
71.215348 260.803526	5.82e-01  9.28e-01  2.93e+05	25.2395 68.5491 0.8152	
71.215348 260.803526	8.42e-01  9.65e-01  2.62e+05	10.3119 86.3203 0.3999	
71.215348 260.803526	6.15e-01  9.49e-01  2.87e+05	9.0562 75.5437 0.6726	
71.215348 260.803526	7.52e-01  8.85e-01  2.79e+05	13.3816 78.5559 0.1791	
71.215348 260.803526	5.96e-01  7.27e-01  3.17e+05	-17.3623 57.8849 0.7125	
71.215348 260.803526	4.65e-01  7.29e-01  3.36e+05	3.5714 48.0946 0.1402	
71.215348 260.803526	5.29e-01  7.27e-01  3.26e+05	-3.5096 54.5584 0.4481	
71.215348 260.803526	3.34e-01  9.09e-01  3.28e+05	25.9970 46.6305 0.9288	
71.215348 260.803526	5.45e-01  7.59e-01  3.20e+05	1.9444 58.8727 0.5574	
71.215348 260.803526	5.12e-01  8.56e-01  3.11e+05	-9.5237 63.2020 0.5667	
71.215348 260.803526	6.74e-01  7.56e-01  3.03e+05	15.0678 66.5357 0.8429	
71.215348 260.803526	3.94e-01  8.28e-01  3.31e+05	18.4656 47.8865 0.7794	
71.215348 260.803526	4.85e-01  8.52e-01  3.15e+05	26.4156 55.6970 0.7262	
71.215348 260.803526	6.51e-01  8.26e-01  2.97e+05	-15.2810 69.5307 0.0195	
71.215348 260.803526	6.56e-01  8.36e-01  2.95e+05	31.8946 64.6745 0.3841	
71.215348 260.803526	6.89e-01  8.91e-01  2.85e+05	-22.7682 73.4079 0.7541	
71.215348 260.803526	6.24e-01  8.07e-01  3.03e+05	-9.3533 67.6417 0.0069	
71.215348 260.803526	6.26e-01  8.20e-01  3.01e+05	5.9031 68.9913 0.7833	
71.215348 260.803526	7.82e-01  8.43e-01  2.81e+05	23.2672 75.6316 0.8875	
71.215348 260.803526	7.01e-01  7.45e-01  3.01e+05	-3.5236 69.1646 0.9556	
71.215348 260.803526	8.19e-01  9.07e-01  2.70e+05	38.4872 74.3221 0.1788	
71.215348 260.803526	5.35e-01  8.08e-01  3.14e+05	-11.8369 60.9050 0.7773	
71.215348 260.803526	5.66e-01  8.53e-01  3.04e+05	27.8844 61.4093 0.5624	
71.215348 260.803526	4.34e-01  9.56e-01  3.08e+05	-21.9416 61.7101 0.1521	
71.215348 260.803526	6.51e-01  7.81e-01  3.03e+05	-21.0552 65.0189 0.7249	
71.215348 260.803526	4.27e-01  7.90e-01  3.32e+05	-0.1785 50.8011 0.8072	
71.215348 260.803526	6.98e-01  7.89e-01  2.96e+05	-12.3203 70.7133 0.7029	
71.215348 260.803526	7.83e-01  8.48e-01  2.80e+05	-9.9524 78.7715 0.4114	
71.215348 260.803526	5.83e-01  8.13e-01  3.07e+05	24.8900 61.0521 0.9230	
71.215348 260.803526	6.15e-01  8.62e-01  2.97e+05	-0.4497 71.1188 0.6797	
71.215348 260.803526	7.22e-01  8.33e-01  2.88e+05	-11.4619 74.7015 0.2616	
71.215348 260.803526	6.57e-01  9.55e-01  2.82e+05	10.3472 77.7805 0.7140	
71.215348 260.803526	7.82e-01  9.42e-01  2.70e+05	0.0344 83.6163 0.4333	
71.215348 260.803526	5.00e-01  8.48e-01  3.14e+05	-8.6015 61.8750 0.9342	
71.215348 260.803526	6.26e-01  9.33e-01  2.88e+05	-19.4418 73.2572 0.9952	
71.215348 260.803526	5.60e-01  7.79e-01  3.15e+05	-12.1017 60.5745 0.2889	
71.215348 260.803526	6.40e-01  8.89e-01  2.91e+05	28.4574 68.5288 0.6703	
71.215348 260.803526	3.71e-01  7.80e-01  3.42e+05	8.0288 42.2794 0.6761	
71.215348 260.803526	6.73e-01  8.48e-01  2.92e+05	11.6649 72.7518 0.2452	
71.215348 260.803526	5.70e-01  8.84e-01  3.00e+05	-10.2575 69.0313 0.1062	
71.215348 260.803526	6.01e-01  7.75e-01  3.10e+05	-14.4763 62.8612 0.6636	
71.215348 260.803526	4.36e-01  7.58e-01  3.36e+05	11.7571 46.7525 0.4653	
71.215348 260.803526	4.56e-01  8.99e-01  3.13e+05	7.0180 62.5558 0.6137	
71.215348 260.803526	4.77e-01  6.26e-01  3.50e+05	3.5205 35.8516 0.5043	
71.215348 260.803526	6.34e-01  7.16e-01  3.13e+05	-3.2218 62.5625 0.6923	
71.215348 260.803526	6.37e-01  7.61e-01  3.07e+05	-17.8737 63.5606 0.5093	
71.215348 260.803526	6.43e-01  6.82e-01  3.17e+05	-5.3554 60.3618 0.8222	
71.215348 260.803526	4.52e-01  8.30e-01  3.23e+05	8.9036 56.3702 0.0673	
71.215348 260.803526	7.20e-01  9.05e-01  2.81e+05	-21.4899 76.1498 0.8247	
71.215348 260.803526	6.57e-01  7.87e-01  3.01e+05	11.5993 68.1229 0.5936	
71.215348 260.803526	6.62e-01  8.64e-01  2.91e+05	-12.0433 73.0400 0.5043	
71.215348 260.803526	5.34e-01  9.08e-01  3.02e+05	34.8177 59.5683 0.0430	
71.215348 260.803526	6.56e-01  9.03e-01  2.88e+05	-0.1248 75.7943 0.5062	
71.215348 260.803526	7.17e-01  7.40e-01  3.00e+05	15.8440 68.1263 0.5918	
71.215348 260.803526	7.04e-01  8.24e-01  2.91e+05	-41.8586 61.2091 0.6260	
71.215348 260.803526	6.56e-01  7.85e-01  3.02e+05	19.0558 66.2691 0.7671	
71.215348 260.803526	6.48e-01  7.84e-01  3.03e+05	30.1567 61.3413 0.5398	
71.215348 260.803526	5.28e-01  7.73e-01  3.20e+05	0.3294 58.6292 0.8506	
71.215348 260.803526	6.03e-01  8.40e-01  3.01e+05	-20.2879 66.0386 0.7259	
71.215348 260.803526	6.27e-01  8.09e-01  3.02e+05	47.9425 49.1053 0.0933	
71.215348 260.803526	5.94e-01  8.36e-01  3.03e+05	-18.2957 65.7565 0.6083	
71.215348 260.803526	7.34e-01  8.38e-01  2.86e+05	-49.2947 58.4930 0.8374	
71.215348 260.803526	4.89e-01  8.58e-01  3.14e+05	-13.1304 61.0198 0.9126	
71.215348 260.803526	5.97e-01  8.03e-01  3.07e+05	-8.2130 65.6466 0.5515	
71.215348 260.803526	7.42e-01  8.43e-01  2.85e+05	2.7448 77.0819 0.0285	
71.215348 260.803526	5.85e-01  7.11e-01  3.21e+05	0.0930 58.1813 0.6452	
71.215348 260.803526	5.26e-01  8.21e-01  3.14e+05	-14.2646 60.7099 0.3755	
71.215348 260.803526	6.38e-01  7.78e-01  3.05e+05	-19.1313 64.5228 0.6641	
71.215348 260.803526	4.73e-01  6.98e-01  3.39e+05	16.0299 42.5807 0.6720	
71.215348 260.803526	7.33e-01  8.03e-01  2.90e+05	-24.0304 70.5983 0.6263	
71.215348 260.803526	6.39e-01  8.70e-01  2.93e+05	1.4387 73.0575 0.5286	
71.215348 260.803526	6.69e-01  9.08e-01  2.86e+05	30.7493 70.3384 0.0975	
71.215348 260.803526	5.89e-01  7.36e-01  3.17e+05	26.4479 54.5711 0.4760	
71.215348 260.803526	5.82e-01  7.00e-01  3.23e+05	-5.2096 56.7877 0.6580	
71.215348 260.803526	6.18e-01  8.67e-01  2.96e+05	9.3512 71.0063 0.6823	
71.215348 260.803526	4.98e-01  8.03e-01  3.20e+05	28.4022 51.3500 0.9874	
71.215348 260.803526	6.69e-01  8.86e-01  2.88e+05	-0.8373 75.6099 0.4176	
71.215348 260.803526	6.99e-01  8.03e-01  2.94e+05	-29.2594 66.5015 0.6363	
71.215348 260.803526	5.94e-01  8.85e-01  2.97e+05	59.0187 39.9713 0.0806	
71.215348 260.803526	4.63e-01  8.62e-01  3.17e+05	3.9109 60.5106 0.9272	
71.215348 260.803526	6.23e-01  9.07e-01  2.91e+05	16.0993 72.4699 0.2702	
71.215348 260.803526	7.30e-01  8.24e-01  2.88e+05	43.4609 61.8157 0.4229	
71.215348 260.803526	6.73e-01  7.91e-01  2.99e+05	-1.9024 70.3119 0.2830	
71.215348 260.803526	4.38e-01  8.70e-01  3.19e+05	-36.4033 46.7239 0.9022	
71.215348 260.803526	4.66e-01  8.48e-01  3.18e+05	-2.0652 59.6407 0.2746	
71.215348 260.803526	5.24e-01  7.08e-01  3.30e+05	-20.7508 48.0095 0.6560	
71.215348 260.803526	4.30e-01  9.21e-01  3.13e+05	-17.4043 60.2047 0.2248	
71.215348 260.803526	7.99e-01  8.94e-01  2.73e+05	17.6982 80.3373 0.6647	
71.215348 260.803526	4.77e-01  8.40e-01  3.18e+05	-4.1632 59.8759 0.1263	
71.215348 260.803526	7.39e-01  9.01e-01  2.79e+05	3.5502 79.7427 0.3035	
71.215348 260.803526	5.97e-01  7.86e-01  3.09e+05	-13.0451 63.7527 0.8016	
71.215348 260.803526	4.44e-01  7.53e-01  3.35e+05	21.2457 43.5786 0.3480	
71.215348 260.803526	6.67e-01  7.33e-01  3.07e+05	-3.3467 66.1710 0.7488	
71.215348 260.803526	7.69e-01  8.73e-01  2.79e+05	-38.6489 69.9431 0.2840	
71.215348 260.803526	6.25e-01  7.71e-01  3.07e+05	-38.8053 53.3383 0.8444	
71.215348 260.803526	7.58e-01  8.88e-01  2.78e+05	37.2365 70.9421 0.6253	
71.215348 260.803526	5.96e-01  6.60e-01  3.26e+05	-5.1133 54.4004 0.3790	
71.215348 260.803526	4.98e-01  7.67e-01  3.25e+05	4.4596 55.2721 0.9618	
71.215348 260.803526	5.28e-01  7.82e-01  3.19e+05	5.9863 59.0929 0.5033	
71.215348 260.803526	6.79e-01  9.14e-01  2.84e+05	-29.7422 71.6332 0.7921	
71.215348 260.803526	6.85e-01  7.34e-01  3.04e+05	-8.2844 66.9534 0.4190	
71.215348 260.803526	5.59e-01  6.76e-01  3.29e+05	4.6778 52.3947 0.0166	
71.215348 260.803526	6.50e-01  8.99e-01  2.89e+05	-4.6477 75.1157 0.5792	
71.215348 260.803526	5.98e-01  7.61e-01  3.12e+05	21.7827 59.4058 0.0022	
71.215348 260.803526	4.65e-01  7.22e-01  3.37e+05	-12.0732 45.9060 0.4758	
71.215348 260.803526	5.69e-01  8.30e-01  3.07e+05	6.2448 65.8338 0.3115	
71.215348 260.803526	5.60e-01  7.78e-01  3.15e+05	7.3032 61.2646 0.9542	
71.215348 260.803526	6.10e-01  8.79e-01  2.96e+05	-16.6249 69.9612 0.5730	
71.215348 260.803526	4.18e-01  9.13e-01  3.16e+05	21.4285 57.2704 0.8581	
71.215348 260.803526	5.31e-01  8.26e-01  3.12e+05	-17.3505 60.7346 0.1342	
71.215348 260.803526	5.68e-01  8.59e-01  3.03e+05	-19.2726 65.2457 0.0457	
71.215348 260.803526	6.11e-01  9.03e-01  2.93e+05	5.1116 73.1130 0.4671	
71.215348 260.803526	7.10e-01  7.74e-01  2.96e+05	4.0226 71.4717 0.0283	
71.215348 260.803526	5.94e-01  7.16e-01  3.19e+05	-13.9810 57.7191 0.1118	
71.215348 260.803526	6.45e-01  7.69e-01  3.05e+05	-15.2558 65.4291 0.8173	
71.215348 260.803526	5.03e-01  6.64e-01  3.40e+05	4.1535 44.7941 0.4550	
71.215348 260.803526	5.06e-01  8.24e-01  3.16e+05	-26.4478 55.0230 0.5841	
71.215348 260.803526	7.03e-01  9.01e-01  2.83e+05	29.1953 72.4827 0.3453	
71.215348 260.803526	7.88e-01  8.47e-01  2.80e+05	-0.8455 79.5697 0.5888	
71.215348 260.803526	6.20e-01  7.42e-01  3.12e+05	-14.8750 61.6861 0.2282	
71.215348 260.803526	7.37e-01  9.24e-01  2.77e+05	-32.1614 74.1764 0.0408	
71.215348 260.803526	3.96e-01  7.33e-01  3.46e+05	-10.3344 38.6325 0.2772	
71.215348 260.803526	6.18e-01  9.68e-01  2.85e+05	35.7303 68.4250 0.0704	
71.215348 260.803526	4.85e-01  8.69e-01  3.13e+05	18.6351 60.0342 0.5588	
71.215348 260.803526	6.61e-01  8.50e-01  2.93e+05	-6.2820 72.8835 0.9390	
71.215348 260.803526	5.78e-01  8.13e-01  3.08e+05	-21.6159 61.9434 0.0634	
71.215348 260.803526	7.32e-01  8.02e-01  2.91e+05	-8.9474 73.8920 0.7795	
71.215348 260.803526	4.89e-01  6.99e-01  3.37e+05	-16.9105 44.3514 0.2499	
71.215348 260.803526	6.08e-01  7.65e-01  3.10e+05	14.5829 62.5774 0.4175	
71.215348 260.803526	5.63e-01  9.10e-01  2.98e+05	-6.2004 70.7035 0.9362	
71.215348 260.803526	6.33e-01  8.06e-01  3.02e+05	-13.0661 67.5550 0.4581	
71.215348 260.803526	4.83e-01  7.52e-01  3.30e+05	24.0479 46.7071 0.6495	
71.215348 260.803526	3.32e-01  9.02e-01  3.30e+05	19.6265 48.5978 0.8700	
71.215348 260.803526	6.55e-01  8.67e-01  2.92e+05	2.0761 73.7840 0.5871	
71.215348 260.803526	5.37e-01  7.83e-01  3.17e+05	8.8185 59.5569 0.0475	
71.215348 260.803526	6.62e-01  8.23e-01  2.96e+05	-22.1976 68.1500 0.9956	
71.215348 260.803526	6.26e-01  7.30e-01  3.12e+05	-5.4791 62.8491 0.8507	
71.215348 260.803526	5.19e-01  7.19e-01  3.29e+05	-13.1104 51.1945 0.0730	
71.215348 260.803526	7.06e-01  8.72e-01  2.86e+05	-10.6637 76.0642 0.5923	
71.215348 260.803526	6.97e-01  8.74e-01  2.86e+05	18.5666 74.1563 0.2545	
71.215348 260.803526	8.08e-01  9.42e-01  2.68e+05	-6.9371 84.3953 0.2801	
71.215348 260.803526	5.52e-01  7.23e-01  3.24e+05	-6.2582 56.0433 0.8734	
71.215348 260.803526	6.27e-01  7.78e-01  3.06e+05	19.4762 63.6734 0.0297	
71.215348 260.803526	6.57e-01  8.24e-01  2.97e+05	-17.8112 69.1541 0.5727	
71.215348 260.803526	6.09e-01  8.74e-01  2.97e+05	-12.7769 70.3634 0.4142	
71.215348 260.803526	5.92e-01  8.94e-01  2.96e+05	27.9437 66.0477 0.8585	
71.215348 260.803526	4.88e-01  8.78e-01  3.11e+05	-13.8758 62.2006 0.4217	
71.215348 260.803526	7.26e-01  9.42e-01  2.76e+05	-33.3947 73.9730 0.3597	
71.215348 260.803526	6.05e-01  8.02e-01  3.06e+05	7.2945 66.2992 0.7703	
71.215348 260.803526	5.68e-01  9.34e-01  2.94e+05	-0.5885 72.6079 0.3362	
71.215348 260.803526	4.93e-01  8.76e-01  3.11e+05	-8.3634 63.4342 0.1600	
71.215348 260.803526	6.43e-01  8.65e-01  2.94e+05	20.0070 70.1516 0.0838	
71.215348 260.803526	4.71e-01  8.47e-01  3.18e+05	3.3622 60.0004 0.3613	
71.215348 260.803526	5.56e-01  8.19e-01  3.10e+05	12.9753 63.0662 0.0232	
71.215348 260.803526	7.25e-01  8.14e-01  2.90e+05	20.7307 71.7499 0.8035	
71.215348 260.803526	7.58e-01  9.20e-01  2.75e+05	12.4371 80.6466 0.7162	
71.215348 260.803526	7.78e-01  8.46e-01  2.81e+05	38.3901 69.1174 0.3858	
71.215348 260.803526	6.15e-01  8.65e-01  2.97e+05	-26.4928 66.2334 0.1939	
71.215348 260.803526	6.89e-01  8.14e-01  2.94e+05	-15.7345 70.9876 0.0934	
71.215348 260.803526	6.17e-01  7.83e-01  3.07e+05	-0.6384 66.2163 0.6318	
71.215348 260.803526	5.13e-01  7.11e-01  3.31e+05	-6.2228 51.0977 0.4419	
71.215348 260.803526	6.23e-01  9.03e-01  2.92e+05	13.1540 72.8225 0.3082	
71.215348 260.803526	6.07e-01  7.61e-01  3.11e+05	0.7967 63.9188 0.9478	
71.215348 260.803526	5.45e-01  8.01e-01  3.14e+05	-5.0743 62.0847 0.5547	
71.215348 260.803526	6.15e-01  9.12e-01  2.92e+05	-39.6208 62.5074 0.7398	
71.215348 260.803526	6.79e-01  7.80e-01  2.99e+05	-19.8185 67.1916 0.9590	
71.215348 260.803526	5.68e-01  7.36e-01  3.20e+05	-17.3090 56.2327 0.6363	
71.215348 260.803526	5.30e-01  7.58e-01  3.22e+05	-1.7912 57.5557 0.0880	
71.215348 260.803526	6.79e-01  7.42e-01  3.04e+05	2.7408 67.5813 0.8362	
71.215348 260.803526	6.67e-01  7.16e-01  3.09e+05	9.9638 64.2567 0.4920	
71.215348 260.803526	5.07e-01  8.42e-01  3.13e+05	-4.5775 62.3409 0.9755	
71.215348 260.803526	6.09e-01  7.74e-01  3.09e+05	-22.1321 61.1135 0.0348	
71.215348 260.803526	5.99e-01  8.80e-01  2.97e+05	7.9776 70.8761 0.3810	
71.215348 260.803526	4.63e-01  8.34e-01  3.21e+05	18.7796 55.1800 0.1827	
71.215348 260.803526	5.96e-01  7.54e-01  3.13e+05	-14.2474 60.8819 0.6353	
71.215348 260.803526	9.44e-01  9.77e-01  2.52e+05	5.1641 90.8884 0.9022	
71.215348 260.803526	5.55e-01  9.18e-01  2.98e+05	26.6210 65.7278 0.6976	
71.215348 260.803526	5.04e-01  7.89e-01  3.21e+05	-19.5722 54.5670 0.2236	
71.215348 260.803526	7.77e-01  9.11e-01  2.74e+05	62.7763 52.7918 0.3951	
71.215348 260.803526	6.70e-01  8.75e-01  2.89e+05	13.0743 73.8817 0.1344	
71.215348 260.803526	6.80e-01  7.81e-01  2.99e+05	-4.7910 70.0345 0.0858	
71.215348 260.803526	5.68e-01  8.40e-01  3.06e+05	10.2785 65.9557 0.8528	
71.215348 260.803526	4.94e-01  6.90e-01  3.37e+05	-17.9469 43.4588 0.4362	
71.215348 260.803526	6.11e-01  6.74e-01  3.22e+05	-5.0881 57.0203 0.2749	
71.215348 260.803526	6.43e-01  7.92e-01  3.02e+05	22.7679 64.6257 0.8533	
71.215348 260.803526	5.29e-01  8.13e-01  3.14e+05	-11.4036 60.9003 0.1357	
71.215348 260.803526	5.85e-01  7.65e-01  3.13e+05	-10.4697 61.7259 0.7974	
71.215348 260.803526	5.30e-01  8.64e-01  3.08e+05	31.3159 57.8427 0.6533	
71.215348 260.803526	6.84e-01  7.91e-01  2.98e+05	6.0796 70.7605 0.9753	
71.215348 260.803526	6.24e-01  8.64e-01  2.96e+05	5.7289 71.6304 0.8145	
71.215348 260.803526	4.86e-01  7.43e-01  3.30e+05	7.7365 51.3859 0.2229	
71.215348 260.803526	7.17e-01  8.47e-01  2.87e+05	46.6858 60.0552 0.9390	
71.215348 260.803526	5.96e-01  6.96e-01  3.21e+05	17.4851 55.1895 0.3383	
71.215348 260.803526	6.28e-01  8.11e-01  3.02e+05	-5.8974 68.5481 0.8630	
71.215348 260.803526	5.11e-01  7.46e-01  3.26e+05	14.3916 52.8371 0.3010	
71.215348 260.803526	4.95e-01  6.76e-01  3.39e+05	3.8514 45.4004 0.2834	
71.215348 260.803526	4.57e-01  8.07e-01  3.25e+05	-16.0450 53.0325 0.8302	
71.215348 260.803526	7.04e-01  8.35e-01  2.90e+05	5.8209 74.4658 0.0035	
71.215348 260.803526	6.55e-01  8.18e-01  2.98e+05	-2.2526 70.8541 0.2985	
71.215348 260.803526	6.06e-01  9.14e-01  2.92e+05	-9.5464 73.0395 0.3640	
71.215348 260.803526	5.02e-01  6.82e-01  3.37e+05	-0.4068 47.0674 0.3856	
71.215348 260.803526	7.09e-01  8.09e-01  2.92e+05	-6.1497 73.3004 0.6724	
71.215348 260.803526	6.32e-01  8.85e-01  2.93e+05	-8.8361 72.9132 0.7496	
71.215348 260.803526	4.89e-01  9.71e-01  2.99e+05	-22.8643 66.2879 0.0352	
71.215348 260.803526	5.82e-01  7.04e-01  3.22e+05	-25.1835 51.4752 0.3570	
71.215348 260.803526	5.15e-01  8.14e-01  3.16e+05	-18.7164 58.0068 0.7911	
71.215348 260.803526	5.98e-01  8.29e-01  3.03e+05	-39.6411 55.3465 0.7136	
71.215348 260.803526	5.37e-01  7.52e-01  3.22e+05	28.0724 50.3048 0.4621	
71.215348 260.803526	5.80e-01  7.43e-01  3.17e+05	-13.6184 58.9131 0.2422	
71.215348 260.803526	5.66e-01  8.41e-01  3.06e+05	-18.8769 63.9540 0.5650	
71.215348 260.803526	5.74e-01  8.65e-01  3.02e+05	-7.4802 68.4134 0.7015	
71.215348 260.803526	6.98e-01  8.32e-01  2.91e+05	30.2113 67.8131 0.6671	
71.215348 260.803526	5.42e-01  6.55e-01  3.35e+05	12.8865 46.9103 0.9008	
71.215348 260.803526	6.16e-01  8.43e-01  2.99e+05	-48.4073 50.6230 0.1904	
71.215348 260.803526	4.50e-01  8.18e-01  3.25e+05	10.0093 54.8242 0.6852	
71.215348 260.803526	5.28e-01  7.09e-01  3.29e+05	-0.9651 52.7499 0.6663	
71.215348 260.803526	7.43e-01  8.57e-01  2.83e+05	13.6586 76.6574 0.9159	
71.215348 260.803526	6.75e-01  9.09e-01  2.85e+05	-33.0301 69.6371 0.1736	
71.215348 260.803526	6.87e-01  8.93e-01  2.85e+05	6.2161 76.6203 0.8237	
71.215348 260.803526	5.32e-01  6.94e-01  3.31e+05	9.0034 50.9369 0.3199	
71.215348 260.803526	6.82e-01  8.46e-01  2.91e+05	19.4587 71.5013 0.4039	
71.215348 260.803526	5.97e-01  6.99e-01  3.21e+05	-26.4835 51.8649 0.4607	
71.215348 260.803526	5.14e-01  8.42e-01  3.13e+05	10.0785 62.2225 0.8297	
71.215348 260.803526	5.51e-01  8.96e-01  3.01e+05	-7.7748 68.8436 0.3770	
71.215348 260.803526	5.53e-01  7.83e-01  3.15e+05	-28.4379 54.5432 0.0536	
71.215348 260.803526	6.10e-01  7.40e-01  3.13e+05	19.5462 59.4564 0.3369	
71.215348 260.803526	5.73e-01  9.31e-01  2.94e+05	-5.7627 72.5375 0.6579	
71.215348 260.803526	6.37e-01  8.05e-01  3.02e+05	-2.6686 68.9038 0.7557	
71.215348 260.803526	6.44e-01  8.51e-01  2.95e+05	4.8663 72.0875 0.5669	
71.215348 260.803526	5.89e-01  8.25e-01  3.05e+05	-8.3053 66.6046 0.7084	
71.215348 260.803526	4.72e-01  7.08e-01  3.38e+05	2.4843 46.4529 0.7223	
71.215348 260.803526	6.79e-01  9.60e-01  2.79e+05	-28.1973 74.6530 0.8867	
71.215348 260.803526	6.24e-01  8.75e-01  2.95e+05	-16.9921 70.3993 0.7889	
71.215348 260.803526	5.88e-01  7.99e-01  3.09e+05	2.7787 65.1965 0.1003	
71.215348 260.803526	7.19e-01  9.36e-01  2.77e+05	-8.0142 80.1546 0.8938	
71.215348 260.803526	7.23e-01  7.52e-01  2.98e+05	-14.3547 69.5517 0.8827	
71.215348 260.803526	5.72e-01  8.82e-01  3.00e+05	-4.2409 69.6099 0.3033	
71.215348 260.803526	6.89e-01  7.95e-01  2.97e+05	14.1930 70.1251 0.9758	
71.215348 260.803526	6.47e-01  7.49e-01  3.07e+05	-17.5148 63.5471 0.6334	
71.215348 260.803526	7.17e-01  8.66e-01  2.85e+05	-0.1022 77.0375 0.8815	
71.215348 260.803526	5.82e-01  7.32e-01  3.18e+05	11.4048 58.6309 0.3710	
71.215348 260.803526	6.99e-01  7.44e-01  3.01e+05	21.4370 65.6494 0.4455	
71.215348 260.803526	6.54e-01  7.39e-01  3.08e+05	34.7035 55.7796 0.1402	
71.215348 260.803526	3.83e-01  9.59e-01  3.14e+05	0.0502 61.9684 0.7139	
71.215348 260.803526	6.14e-01  8.66e-01  2.97e+05	-23.5279 67.3275 0.8272	
71.215348 260.803526	5.16e-01  8.70e-01  3.09e+05	-11.4180 64.2246 0.3962	
71.215348 260.803526	5.83e-01  7.68e-01  3.13e+05	27.2284 56.4204 0.4639	
71.215348 260.803526	6.63e-01  7.42e-01  3.06e+05	19.1271 63.7194 0.8575	
71.215348 260.803526	6.05e-01  8.58e-01  2.99e+05	12.9694 69.0841 0.1060	
71.215348 260.803526	5.80e-01  8.10e-01  3.08e+05	-8.3422 64.9960 0.4493	
71.215348 260.803526	5.29e-01  8.61e-01  3.08e+05	-0.7995 65.5308 0.6766	
71.215348 260.803526	6.15e-01  8.72e-01  2.96e+05	3.2066 71.7002 0.6486	
71.215348 260.803526	6.25e-01  9.11e-01  2.90e+05	-22.2188 71.1678 0.4263	
71.215348 260.803526	6.01e-01  6.33e-01  3.30e+05	-33.0793 40.6939 0.7737	
71.215348 260.803526	5.14e-01  8.41e-01  3.13e+05	28.1273 56.3365 0.7940	
71.215348 260.803526	4.80e-01  8.32e-01  3.18e+05	-6.1514 59.2774 0.7393	
71.215348 260.803526	7.64e-01  7.84e-01  2.89e+05	28.2433 69.7059 0.9614	
71.215348 260.803526	3.85e-01  9.17e-01  3.20e+05	-11.6687 57.5677 0.5638	
71.215348 260.803526	5.31e-01  8.69e-01  3.07e+05	-19.1186 63.3705 0.0310	
71.215348 260.803526	5.57e-01  6.51e-01  3.33e+05	-3.0657 49.6799 0.1849	
71.215348 260.803526	7.68e-01  8.26e-01  2.84e+05	-0.2610 77.5587 0.8343	
71.215348 260.803526	6.45e-01  9.24e-01  2.87e+05	2.3011 76.3120 0.1765	
71.215348 260.803526	4.95e-01  7.95e-01  3.22e+05	-4.2911 57.5076 0.0831	
71.215348 260.803526	4.36e-01  8.84e-01  3.17e+05	31.1539 51.5807 0.9351	
71.215348 260.803526	5.79e-01  8.43e-01  3.04e+05	23.5218 63.4902 0.9788	
71.215348 260.803526	5.75e-01  8.10e-01  3.09e+05	-24.0048 60.5936 0.4004	
71.215348 260.803526	6.92e-01  8.59e-01  2.89e+05	19.2789 72.9120 0.8497	
71.215348 260.803526	4.85e-01  8.38e-01  3.17e+05	2.0127 60.4838 0.3710	
71.215348 260.803526	4.65e-01  8.39e-01  3.20e+05	-4.9050 58.6739 0.1633	
71.215348 260.803526	7.71e-01  8.10e-01  2.85e+05	0.7177 76.9439 0.0128	
71.215348 260.803526	6.02e-01  8.17e-01  3.04e+05	17.4379 65.2002 0.2438	
71.215348 260.803526	5.73e-01  6.66e-01  3.29e+05	17.5086 50.0336 0.0945	
71.215348 260.803526	4.82e-01  8.39e-01  3.17e+05	-15.5129 58.2245 0.6462	
71.215348 260.803526	5.07e-01  9.11e-01  3.05e+05	-15.6693 65.5274 0.3406	
71.215348 260.803526	5.76e-01  7.34e-01  3.19e+05	19.9208 56.0223 0.6727	
71.215348 260.803526	6.39e-01  8.17e-01  3.00e+05	-8.2037 69.3843 0.7476	
71.215348 260.803526	5.15e-01  8.37e-01  3.13e+05	19.9834 59.4628 0.5127	
71.215348 260.803526	3.51e-01  7.80e-01  3.46e+05	-6.8901 39.5737 0.8466	
71.215348 260.803526	4.76e-01  8.61e-01  3.15e+05	-13.0749 60.1731 0.5018	
71.215348 260.803526	4.64e-01  7.88e-01  3.27e+05	4.1737 54.0838 0.4399	
71.215348 260.803526	7.67e-01  8.76e-01  2.79e+05	-26.1928 75.5777 0.1474	
71.215348 260.803526	5.92e-01  9.09e-01  2.94e+05	-2.6487 72.5070 0.1866	
71.215348 260.803526	6.34e-01  8.93e-01  2.91e+05	20.0185 71.3341 0.5141	
71.215348 260.803526	7.60e-01  7.87e-01  2.89e+05	-29.6689 69.0726 0.1604	
71.215348 260.803526	5.58e-01  8.18e-01  3.10e+05	-16.8932 62.2750 0.3550	
71.215348 260.803526	6.14e-01  9.08e-01  2.92e+05	1.4753 73.7592 0.3371	
71.215348 260.803526	6.42e-01  8.71e-01  2.93e+05	4.8691 73.0735 0.9888	
71.215348 260.803526	5.84e-01  7.87e-01  3.11e+05	-22.9400 59.9074 0.8267	
71.215348 260.803526	5.63e-01  7.16e-01  3.23e+05	10.2804 55.8047 0.1696	
71.215348 260.803526	7.61e-01  9.01e-01  2.77e+05	-20.5567 78.2162 0.2242	
71.215348 260.803526	4.86e-01  7.43e-01  3.30e+05	16.7302 49.1920 0.4069	
71.215348 260.803526	7.38e-01  9.00e-01  2.79e+05	6.4460 79.5165 0.7987	
71.215348 260.803526	5.85e-01  8.79e-01  2.99e+05	7.8270 69.9289 0.5253	
71.215348 260.803526	8.27e-01  8.73e-01  2.73e+05	-20.2222 80.0552 0.9224	
71.215348 260.803526	6.16e-01  9.20e-01  2.90e+05	-7.1795 74.2167 0.9701	
71.215348 260.803526	6.89e-01  7.50e-01  3.02e+05	-13.8311 67.3754 0.6263	
71.215348 260.803526	5.38e-01  8.00e-01  3.15e+05	8.4231 61.1094 0.6277	
71.215348 260.803526	4.05e-01  8.05e-01  3.33e+05	12.4224 48.3936 0.5510	
71.215348 260.803526	5.84e-01  7.88e-01  3.10e+05	16.4026 62.0672 0.4074	
71.215348 260.803526	5.78e-01  9.29e-01  2.94e+05	-31.3741 65.8112 0.8494	
71.215348 260.803526	5.03e-01  7.58e-01  3.26e+05	6.4324 54.7375 0.0911	
71.215348 260.803526	5.98e-01  8.31e-01  3.03e+05	-8.3239 67.6408 0.9519	
71.215348 260.803526	5.57e-01  7.06e-01  3.25e+05	-15.8284 53.0174 0.9134	
71.215348 260.803526	7.62e-01  8.41e-01  2.83e+05	-19.9772 75.4065 0.3802	
71.215348 260.803526	5.14e-01  8.88e-01  3.07e+05	-12.2477 65.1882 0.5635	
71.215348 260.803526	4.85e-01  7.84e-01  3.25e+05	-2.2909 55.7770 0.6124	
71.215348 260.803526	4.71e-01  7.73e-01  3.28e+05	-1.1972 53.4077 0.9516	
71.215348 260.803526	7.57e-01  8.91e-01  2.78e+05	4.9093 80.0818 0.5554	
71.215348 260.803526	6.46e-01  9.34e-01  2.85e+05	1.2019 76.8944 0.3130	
71.215348 260.803526	5.68e-01  7.90e-01  3.12e+05	0.6132 63.2121 0.8977	
71.215348 260.803526	5.19e-01  8.72e-01  3.08e+05	4.5498 65.4099 0.8936	
71.215348 260.803526	4.98e-01  7.98e-01  3.21e+05	11.9717 56.9903 0.0545	
71.215348 260.803526	5.30e-01  7.25e-01  3.27e+05	-7.8111 53.9744 0.2938	
71.215348 260.803526	6.57e-01  8.54e-01  2.93e+05	-32.3502 65.6303 0.0803	
71.215348 260.803526	6.30e-01  7.44e-01  3.10e+05	-13.0393 63.0280 0.4918	
71.215348 260.803526	4.90e-01  8.50e-01  3.15e+05	14.0146 60.2022 0.1498	
71.215348 260.803526	5.14e-01  9.13e-01  3.03e+05	7.3635 67.6120 0.8096	
71.215348 260.803526	6.10e-01  8.75e-01  2.96e+05	-13.6334 70.3507 0.0065	
71.215348 260.803526	7.17e-01  9.52e-01  2.76e+05	4.1630 81.1074 0.9454	
71.215348 260.803526	6.79e-01  8.16e-01  2.95e+05	-5.8494 71.9640 0.6150	
71.215348 260.803526	6.30e-01  7.32e-01  3.12e+05	-33.7074 53.7825 0.2244	
71.215348 260.803526	6.53e-01  9.20e-01  2.86e+05	7.4678 76.1262 0.9379	
71.215348 260.803526	7.59e-01  9.10e-01  2.76e+05	-21.6929 78.2553 0.9134	
71.215348 260.803526	7.03e-01  9.26e-01  2.80e+05	25.9043 74.9842 0.8216	
71.215348 260.803526	7.20e-01  8.32e-01  2.88e+05	28.6631 69.7890 0.8291	
71.215348 260.803526	5.23e-01  7.72e-01  3.21e+05	-1.9831 58.1257 0.4327	
71.215348 260.803526	6.79e-01  9.00e-01  2.85e+05	21.0423 73.9174 0.1059	
71.215348 260.803526	4.74e-01  8.44e-01  3.18e+05	-5.8442 59.7347 0.1785	
71.215348 260.803526	7.35e-01  9.08e-01  2.79e+05	9.0430 79.4706 0.5671	
71.215348 260.803526	7.40e-01  8.85e-01  2.81e+05	8.8424 78.5933 0.0282	
71.215348 260.803526	4.37e-01  9.31e-01  3.11e+05	16.1084 61.8668 0.9684	
71.215348 260.803526	3.89e-01  9.90e-01  3.10e+05	21.8254 60.9148 0.2306	
71.215348 260.803526	7.37e-01  7.90e-01  2.91e+05	-1.4104 74.0495 0.9821	
71.215348 260.803526	4.81e-01  9.40e-01  3.04e+05	16.5699 65.5725 0.4343	
71.215348 260.803526	6.61e-01  7.14e-01  3.10e+05	23.6097 59.9606 0.4102	
71.215348 260.803526	5.22e-01  7.68e-01  3.21e+05	1.6127 57.7272 0.2998	
71.215348 260.803526	6.31e-01  8.37e-01  2.98e+05	6.0317 70.3591 0.4029	
71.215348 260.803526	7.29e-01  8.89e-01  2.81e+05	-4.7159 78.6447 0.4141	
71.215348 260.803526	7.18e-01  8.60e-01  2.86e+05	-29.3874 70.9198 0.7698	
71.215348 260.803526	6.58e-01  7.64e-01  3.04e+05	1.4105 67.6824 0.9591	
71.215348 260.803526	6.86e-01  9.36e-01  2.81e+05	-56.3378 55.3703 0.6843	
71.215348 260.803526	5.35e-01  7.55e-01  3.22e+05	9.2095 56.9674 0.2268	
71.215348 260.803526	4.10e-01  8.86e-01  3.21e+05	-0.9354 58.2366 0.8290	
71.215348 260.803526	8.32e-01  9.06e-01  2.69e+05	-8.5467 83.7665 0.8531	
71.215348 260.803526	5.49e-01  8.02e-01  3.13e+05	-12.3501 61.3944 0.0507	
71.215348 260.803526	5.90e-01  8.18e-01  3.06e+05	18.0490 64.2796 0.3352	
71.215348 260.803526	5.16e-01  8.57e-01  3.10e+05	2.3622 64.2981 0.9779	
71.215348 260.803526	6.23e-01  7.54e-01  3.10e+05	-8.3611 64.0574 0.7153	
71.215348 260.803526	4.69e-01  8.42e-01  3.19e+05	-5.4083 59.1792 0.1126	
71.215348 260.803526	5.92e-01  6.52e-01  3.28e+05	-4.8123 53.2579 0.6724	
71.215348 260.803526	5.52e-01  8.51e-01  3.06e+05	-14.8964 64.7359 0.2190	
71.215348 260.803526	6.17e-01  9.07e-01  2.92e+05	27.2405 68.7174 0.9640	
71.215348 260.803526	6.35e-01  8.59e-01  2.95e+05	18.6950 69.6726 0.7617	
71.215348 260.803526	5.42e-01  7.98e-01  3.15e+05	14.3577 60.0950 0.4518	
71.215348 260.803526	4.77e-01  8.61e-01  3.15e+05	0.1761 61.6978 0.7230	
71.215348 260.803526	5.67e-01  7.48e-01  3.18e+05	8.6371 59.1260 0.6045	
71.215348 260.803526	2.96e-01  8.41e-01  3.45e+05	22.3538 34.5016 0.8532	
71.215348 260.803526	5.27e-01  8.80e-01  3.06e+05	-3.0536 66.6383 0.2523	
71.215348 260.803526	6.79e-01  7.35e-01  3.05e+05	-6.9616 66.7953 0.0118	
71.215348 260.803526	4.52e-01  9.31e-01  3.09e+05	-14.3566 63.4329 0.1709	
71.215348 260.803526	3.81e-01  8.66e-01  3.28e+05	-10.1421 52.7870 0.3942	
71.215348 260.803526	8.66e-01  9.13e-01  2.65e+05	39.4989 76.2490 0.2892	
71.215348 260.803526	6.08e-01  8.83e-01  2.96e+05	-14.8706 70.4210 0.8117	
71.215348 260.803526	4.65e-01  8.29e-01  3.21e+05	19.6477 54.6393 0.5396	
71.215348 260.803526	5.48e-01  8.41e-01  3.08e+05	9.9863 64.6590 0.7226	
71.215348 260.803526	5.63e-01  8.76e-01  3.02e+05	-0.5735 68.7990 0.8319	
71.215348 260.803526	6.53e-01  8.05e-01  3.00e+05	-9.8101 69.3063 0.9643	
71.215348 260.803526	6.54e-01  7.28e-01  3.09e+05	-2.0002 64.9115 0.2387	
71.215348 260.803526	6.10e-01  9.75e-01  2.85e+05	-7.4214 76.7767 0.9834	
71.215348 260.803526	8.05e-01  9.40e-01  2.68e+05	19.2152 82.2747 0.7256	
71.215348 260.803526	7.63e-01  8.72e-01  2.79e+05	-5.2369 79.4252 0.8225	
71.215348 260.803526	5.83e-01  8.15e-01  3.07e+05	7.3650 65.6401 0.0346	
71.215348 260.803526	7.71e-01  8.93e-01  2.76e+05	-29.2586 75.4878 0.2116	
71.215348 260.803526	6.74e-01  9.27e-01  2.83e+05	-5.8412 77.7132 0.8463	
71.215348 260.803526	4.85e-01  7.76e-01  3.26e+05	-10.8055 54.0156 0.8959	
71.215348 260.803526	5.87e-01  8.64e-01  3.00e+05	7.9245 69.0807 0.8876	
71.215348 260.803526	6.19e-01  7.41e-01  3.12e+05	8.5593 62.7591 0.1525	
71.215348 260.803526	6.62e-01  6.86e-01  3.14e+05	16.7949 60.0995 0.1754	
71.215348 260.803526	4.36e-01  8.39e-01  3.24e+05	20.2216 52.6411 0.4547	
71.215348 260.803526	6.18e-01  6.54e-01  3.24e+05	-10.2342 55.1773 0.6504	
71.215348 260.803526	7.40e-01  8.22e-01  2.87e+05	-12.0433 74.9858 0.7009	
71.215348 260.803526	8.32e-01  9.49e-01  2.65e+05	-19.6152 83.6447 0.8691	
71.215348 260.803526	4.46e-01  7.92e-01  3.29e+05	-8.1222 52.2541 0.6839	
71.215348 260.803526	6.98e-01  7.97e-01  2.95e+05	-8.1941 71.7718 0.7359	
71.215348 260.803526	4.97e-01  8.49e-01  3.14e+05	25.3305 56.8798 0.5977	
71.215348 260.803526	6.31e-01  8.47e-01  2.97e+05	-19.0879 68.6487 0.8574	
71.215348 260.803526	8.21e-01  8.92e-01  2.71e+05	-10.7881 82.4651 0.6561	
71.215348 260.803526	5.95e-01  9.02e-01  2.95e+05	-7.4488 71.9760 0.5074	
71.215348 260.803526	5.23e-01  9.54e-01  2.97e+05	-24.2471 66.9280 0.6726	
71.215348 260.803526	6.71e-01  8.84e-01  2.88e+05	19.4887 73.0139 0.8842	
71.215348 260.803526	7.12e-01  7.98e-01  2.93e+05	19.0724 70.5928 0.2124	
71.215348 260.803526	6.54e-01  9.37e-01  2.84e+05	-15.2013 75.9337 0.9860	
71.215348 260.803526	5.87e-01  8.34e-01  3.04e+05	10.8622 66.6912 0.8948	
71.215348 260.803526	7.20e-01  9.37e-01  2.77e+05	5.5570 80.4519 0.3247	
71.215348 260.803526	5.73e-01  6.94e-01  3.25e+05	14.5229 53.6929 0.8133	
71.215348 260.803526	6.33e-01  8.23e-01  3.00e+05	11.8249 68.8465 0.0075	
71.215348 260.803526	6.64e-01  6.74e-01  3.15e+05	8.0301 61.1512 0.4378	
71.215348 260.803526	4.07e-01  7.77e-01  3.37e+05	2.5252 46.9745 0.4112	
71.215348 260.803526	5.78e-01  8.10e-01  3.08e+05	9.6614 64.6684 0.2988	
71.215348 260.803526	6.40e-01  6.81e-01  3.17e+05	12.8254 58.9692 0.1974	
71.215348 260.803526	5.74e-01  8.13e-01  3.09e+05	-7.0730 64.8733 0.6938	
71.215348 260.803526	4.23e-01  7.59e-01  3.37e+05	5.3793 46.5319 0.0799	
71.215348 260.803526	5.06e-01  7.34e-01  3.29e+05	-6.5197 52.7064 0.3072	
71.215348 260.803526	6.70e-01  8.94e-01  2.87e+05	11.0415 75.2728 0.1049	
71.215348 260.803526	6.50e-01  7.17e-01  3.11e+05	0.4590 63.8169 0.2667	
71.215348 260.803526	6.07e-01  9.46e-01  2.88e+05	-10.5097 74.7539 0.7797	
71.215348 260.803526	4.85e-01  9.02e-01  3.08e+05	19.6730 62.2602 0.2183	
71.215348 260.803526	5.29e-01  8.89e-01  3.05e+05	5.0798 67.2316 0.5901	
71.215348 260.803526	7.24e-01  8.45e-01  2.87e+05	-14.2571 74.9633 0.9348	
71.215348 260.803526	6.18e-01  8.80e-01  2.95e+05	39.3157 60.7731 0.7043	
71.215348 260.803526	5.40e-01  9.06e-01  3.01e+05	-1.5621 69.1922 0.3658	
71.215348 260.803526	5.50e-01  7.70e-01  3.17e+05	9.7614 59.4390 0.6221	
71.215348 260.803526	7.03e-01  9.30e-01  2.80e+05	26.0747 75.1093 0.0309	
71.215348 260.803526	5.44e-01  8.61e-01  3.06e+05	21.5582 62.9590 0.3556	
71.215348 260.803526	6.42e-01  8.48e-01  2.96e+05	16.9049 69.9514 0.8467	
71.215348 260.803526	5.42e-01  8.07e-01  3.13e+05	-5.1062 62.3239 0.1053	
71.215348 260.803526	6.17e-01  8.90e-01  2.94e+05	-2.8355 72.9132 0.9366	
71.215348 260.803526	4.39e-01  7.85e-01  3.31e+05	16.9457 48.6090 0.3994	
71.215348 260.803526	5.40e-01  7.04e-01  3.28e+05	3.1876 53.3104 0.0378	
71.215348 260.803526	5.96e-01  8.31e-01  3.03e+05	28.2099 61.8809 0.3817	
71.215348 260.803526	4.71e-01  8.32e-01  3.20e+05	8.8173 58.1916 0.3045	
71.215348 260.803526	7.05e-01  7.29e-01  3.03e+05	-6.0019 68.1735 0.2879	
71.215348 260.803526	6.21e-01  8.42e-01  2.99e+05	-8.7681 69.7515 0.3278	
71.215348 260.803526	4.29e-01  8.57e-01  3.22e+05	-12.8774 55.8918 0.5643	
71.215348 260.803526	5.85e-01  8.42e-01  3.03e+05	11.6663 67.0068 0.2551	
71.215348 260.803526	6.25e-01  9.29e-01  2.88e+05	7.5574 75.1640 0.8903	
71.215348 260.803526	7.06e-01  8.10e-01  2.93e+05	-4.1754 73.3637 0.1277	
71.215348 260.803526	7.04e-01  8.73e-01  2.86e+05	6.6716 76.4302 0.8420	
71.215348 260.803526	6.13e-01  8.57e-01  2.98e+05	52.6662 47.1645 0.7895	
71.215348 260.803526	6.60e-01  8.92e-01  2.88e+05	-9.4476 74.8742 0.2667	
71.215348 260.803526	4.82e-01  7.84e-01  3.25e+05	20.5125 51.6359 0.7088	
71.215348 260.803526	5.83e-01  7.76e-01  3.12e+05	7.3502 62.8457 0.8318	
71.215348 260.803526	7.11e-01  8.00e-01  2.93e+05	4.8705 72.9777 0.5744	
71.215348 260.803526	5.66e-01  8.23e-01  3.08e+05	20.4665 62.1517 0.7803	
71.215348 260.803526	6.70e-01  7.69e-01  3.02e+05	-16.2176 66.8943 0.8129	
71.215348 260.803526	5.93e-01  9.30e-01  2.92e+05	-47.9997 56.0856 0.8870	
71.215348 260.803526	6.62e-01  9.13e-01  2.86e+05	0.8693 76.6594 0.2518	
71.215348 260.803526	4.26e-01  8.73e-01  3.20e+05	-14.2800 56.6648 0.7127	
71.215348 260.803526	7.40e-01  9.10e-01  2.78e+05	-23.1939 76.8745 0.8558	
71.215348 260.803526	4.71e-01  8.58e-01  3.16e+05	-16.3561 58.6527 0.5133	
71.215348 260.803526	6.19e-01  8.25e-01  3.01e+05	-14.9040 67.4575 0.1426	
71.215348 260.803526	6.39e-01  8.17e-01  3.00e+05	-19.9746 66.9398 0.4402	
71.215348 260.803526	6.49e-01  9.04e-01  2.88e+05	1.4437 75.4641 0.2519	
71.215348 260.803526	5.97e-01  8.36e-01  3.03e+05	21.7792 64.8548 0.5367	
71.215348 260.803526	6.60e-01  8.38e-01  2.95e+05	-18.9863 69.8692 0.0726	
71.215348 260.803526	6.56e-01  7.32e-01  3.08e+05	13.4151 63.9587 0.2959	
71.215348 260.803526	4.79e-01  6.92e-01  3.39e+05	0.0852 45.5401 0.8740	
71.215348 260.803526	6.74e-01  7.67e-01  3.02e+05	-22.1648 65.2108 0.9857	
71.215348 260.803526	4.53e-01  9.03e-01  3.13e+05	0.3514 63.0074 0.8609	
71.215348 260.803526	5.00e-01  7.44e-01  3.28e+05	-5.3886 53.1743 0.3706	
71.215348 260.803526	4.14e-01  8.94e-01  3.19e+05	2.6248 59.1424 0.7767	
71.215348 260.803526	7.24e-01  8.37e-01  2.87e+05	7.8228 75.5168 0.8554	
71.215348 260.803526	4.24e-01  8.97e-01  3.17e+05	32.0155 51.0870 0.9458	
71.215348 260.803526	5.31e-01  8.57e-01  3.08e+05	6.6551 65.0470 0.8628	
71.215348 260.803526	5.89e-01  8.23e-01  3.05e+05	10.4335 66.2265 0.8615	
71.215348 260.803526	5.04e-01  9.09e-01  3.05e+05	-22.5311 63.2543 0.9285	
71.215348 260.803526	5.66e-01  8.98e-01  2.99e+05	-12.4639 69.2309 0.7510	
71.215348 260.803526	6.51e-01  8.73e-01  2.92e+05	7.0625 73.5549 0.5962	
71.215348 260.803526	6.27e-01  8.75e-01  2.94e+05	12.4585 71.5612 0.0435	
71.215348 260.803526	4.93e-01  7.84e-01  3.23e+05	8.9303 55.8612 0.9695	
71.215348 260.803526	5.91e-01  7.33e-01  3.17e+05	10.0572 59.6988 0.4133	
71.215348 260.803526	6.53e-01  8.67e-01  2.92e+05	-6.3818 73.3972 0.0512	
71.215348 260.803526	7.46e-01  8.03e-01  2.89e+05	-9.2203 74.7137 0.1256	
71.215348 260.803526	5.45e-01  8.71e-01  3.05e+05	-19.2600 64.4616 0.0139	
71.215348 260.803526	5.71e-01  7.90e-01  3.12e+05	-29.5322 56.1397 0.7223	
71.215348 260.803526	5.97e-01  8.33e-01  3.03e+05	-7.3983 67.8775 0.4191	
71.215348 260.803526	6.07e-01  8.99e-01  2.94e+05	-3.7019 72.7755 0.4854	
71.215348 260.803526	5.82e-01  7.17e-01  3.20e+05	24.5050 53.1244 0.3074	
71.215348 260.803526	6.81e-01  8.72e-01  2.88e+05	-5.9086 75.2938 0.9307	
71.215348 260.803526	8.70e-01  8.99e-01  2.66e+05	28.6136 80.5263 0.3942	
71.215348 260.803526	6.74e-01  8.15e-01  2.96e+05	12.1987 70.8658 0.2121	
71.215348 260.803526	6.31e-01  9.54e-01  2.85e+05	30.5064 70.8883 0.5138	
71.215348 260.803526	3.70e-01  8.81e-01  3.27e+05	7.7744 53.5728 0.9435	
71.215348 260.803526	5.49e-01  8.62e-01  3.05e+05	-3.5570 66.8517 0.6895	
71.215348 260.803526	5.68e-01  8.05e-01  3.10e+05	9.7965 63.5814 0.1002	
71.215348 260.803526	6.33e-01  8.18e-01  3.00e+05	17.1687 67.4567 0.4246	
71.215348 260.803526	5.08e-01  9.10e-01  3.04e+05	30.6932 60.0563 0.9666	
71.215348 260.803526	4.64e-01  7.86e-01  3.27e+05	-6.9718 53.5805 0.2792	
71.215348 260.803526	5.01e-01  8.21e-01  3.17e+05	-21.7534 56.3325 0.0449	
71.215348 260.803526	3.02e-01  9.48e-01  3.27e+05	-15.8048 51.7198 0.5188	
71.215348 260.803526	6.23e-01  8.96e-01  2.92e+05	7.2772 73.2199 0.9866	
71.215348 260.803526	5.83e-01  8.69e-01  3.00e+05	4.1694 69.4419 0.7096	
71.215348 260.803526	6.03e-01  9.64e-01  2.87e+05	46.0776 60.7207 0.2494	
71.215348 260.803526	5.40e-01  8.96e-01  3.02e+05	-4.5774 68.4970 0.9355	
71.215348 260.803526	5.32e-01  8.07e-01  3.15e+05	-11.0465 60.6944 0.2921	
71.215348 260.803526	5.92e-01  7.34e-01  3.17e+05	-10.3681 59.7761 0.7178	
71.215348 260.803526	5.14e-01  8.11e-01  3.17e+05	-7.6152 60.1830 0.6073	
71.215348 260.803526	7.04e-01  7.51e-01  3.00e+05	-17.1637 67.6565 0.4760	
71.215348 260.803526	7.40e-01  9.41e-01  2.75e+05	9.7434 81.1704 0.9647	
71.215348 260.803526	7.26e-01  7.50e-01  2.97e+05	-6.3799 70.8463 0.0260	
71.215348 260.803526	7.32e-01  7.78e-01  2.93e+05	-8.3522 72.6226 0.9057	
71.215348 260.803526	6.61e-01  7.86e-01  3.01e+05	-0.5370 69.3559 0.6023	
71.215348 260.803526	7.08e-01  8.91e-01  2.83e+05	8.2312 77.4256 0.6800	
71.215348 260.803526	4.84e-01  7.49e-01  3.30e+05	3.7579 52.2428 0.9703	
71.215348 260.803526	5.57e-01  7.91e-01  3.14e+05	-0.7489 62.4665 0.4864	
71.215348 260.803526	8.09e-01  8.51e-01  2.77e+05	12.8738 79.7395 0.7574	
71.215348 260.803526	6.57e-01  8.27e-01  2.96e+05	-4.4987 71.4429 0.7543	
71.215348 260.803526	6.34e-01  8.38e-01  2.98e+05	14.6380 69.3471 0.6353	
71.215348 260.803526	6.49e-01  8.01e-01  3.01e+05	-5.5196 69.2777 0.4870	
71.215348 260.803526	6.20e-01  9.05e-01  2.92e+05	-21.7206 70.6605 0.9251	
71.215348 260.803526	4.99e-01  6.58e-01  3.41e+05	-14.0575 41.3840 0.1835	
71.215348 260.803526	6.35e-01  8.30e-01  2.99e+05	32.2916 62.5641 0.6340	
71.215348 260.803526	8.03e-01  9.84e-01  2.64e+05	-19.0566 84.0474 0.8223	
71.215348 260.803526	5.01e-01  9.18e-01  3.04e+05	2.5937 67.4313 0.1517	
71.215348 260.803526	5.55e-01  6.43e-01  3.35e+05	12.9456 46.9165 0.3788	
71.215348 260.803526	5.62e-01  8.96e-01  3.00e+05	9.7018 69.3189 0.8038	
71.215348 260.803526	5.22e-01  7.90e-01  3.18e+05	-26.5401 53.3392 0.9157	
71.215348 260.803526	6.90e-01  8.95e-01  2.85e+05	-9.7746 76.5310 0.7806	
71.215348 260.803526	5.68e-01  8.28e-01  3.07e+05	14.3240 64.3568 0.6165	
71.215348 260.803526	6.28e-01  8.34e-01  2.99e+05	5.4021 70.0116 0.6781	
71.215348 260.803526	6.36e-01  7.01e-01  3.15e+05	-22.9385 57.1665 0.3425	
71.215348 260.803526	5.28e-01  8.09e-01  3.15e+05	-17.7897 58.9785 0.7360	
71.215348 260.803526	5.53e-01  9.11e-01  2.99e+05	-14.0514 68.9566 0.0567	
71.215348 260.803526	8.40e-01  9.00e-01  2.69e+05	-8.4423 83.8373 0.7429	
71.215348 260.803526	5.51e-01  7.34e-01  3.22e+05	4.8679 57.0434 0.9658	
71.215348 260.803526	5.41e-01  8.85e-01  3.03e+05	12.0897 66.9049 0.0330	
71.215348 260.803526	6.94e-01  8.59e-01  2.88e+05	4.1614 75.3655 0.8844	
71.215348 260.803526	5.36e-01  8.67e-01  3.06e+05	9.6463 65.7212 0.9226	
71.215348 260.803526	6.44e-01  9.52e-01  2.84e+05	-2.3373 77.6708 0.4640	
71.215348 260.803526	6.87e-01  9.51e-01  2.79e+05	-16.2656 78.1035 0.3338	
71.215348 260.803526	5.44e-01  7.16e-01  3.26e+05	-13.0237 53.4752 0.5555	
71.215348 260.803526	6.63e-01  8.76e-01  2.90e+05	6.4215 74.4397 0.5471	
71.215348 260.803526	5.87e-01  7.22e-01  3.19e+05	-21.3601 55.2829 0.9918	
71.215348 260.803526	4.56e-01  7.74e-01  3.30e+05	13.1044 50.4593 0.7249	
71.215348 260.803526	6.72e-01  8.63e-01  2.91e+05	-4.2502 74.3428 0.6015	
71.215348 260.803526	7.13e-01  8.10e-01  2.92e+05	8.8706 73.2805 0.7654	
71.215348 260.803526	3.88e-01  8.56e-01  3.28e+05	11.6781 52.1737 0.1764	
71.215348 260.803526	6.99e-01  9.63e-01  2.77e+05	3.5280 80.7848 0.8216	
71.215348 260.803526	4.35e-01  9.02e-01  3.15e+05	19.6622 58.3815 0.8301	
71.215348 260.803526	5.81e-01  8.86e-01  2.98e+05	-28.9713 64.3782 0.3435	
71.215348 260.803526	5.58e-01  6.76e-01  3.30e+05	-14.5239 50.4370 0.2354	
71.215348 260.803526	6.76e-01  7.98e-01  2.98e+05	-10.9058 70.1263 0.4087	
71.215348 260.803526	6.83e-01  8.26e-01  2.93e+05	-28.9146 67.0738 0.7651	
71.215348 260.803526	5.95e-01  8.97e-01  2.95e+05	21.8384 68.7023 0.6129	
71.215348 260.803526	6.50e-01  8.01e-01  3.00e+05	-13.6154 68.2351 0.4706	
71.215348 260.803526	4.73e-01  9.28e-01  3.07e+05	5.1402 66.1077 0.5688	
71.215348 260.803526	6.03e-01  8.03e-01  3.06e+05	-0.2984 66.5869 0.7430	
71.215348 260.803526	5.96e-01  8.12e-01  3.06e+05	-0.4360 66.7855 0.8789	
71.215348 260.803526	5.96e-01  8.33e-01  3.03e+05	-21.4068 64.7010 0.0892	
71.215348 260.803526	6.49e-01  8.06e-01  3.00e+05	-5.5295 69.6100 0.2249	
71.215348 260.803526	7.45e-01  8.53e-01  2.83e+05	-37.2999 68.2474 0.4557	
71.215348 260.803526	6.28e-01  8.66e-01  2.95e+05	-43.2199 57.8251 0.6909	
71.215348 260.803526	5.13e-01  8.65e-01  3.10e+05	-8.3319 64.1644 0.6741	
71.215348 260.803526	5.32e-01  7.32e-01  3.25e+05	-7.6571 54.8684 0.6110	
71.215348 260.803526	6.93e-01  7.75e-01  2.98e+05	20.2746 67.6426 0.4793	
71.215348 260.803526	6.58e-01  7.64e-01  3.04e+05	10.3244 66.8846 0.5120	
71.215348 260.803526	7.25e-01  8.14e-01  2.90e+05	-37.1548 64.8200 0.0812	
71.215348 260.803526	7.10e-01  8.06e-01  2.93e+05	23.8433 69.4644 0.4010	
71.215348 260.803526	5.84e-01  8.04e-01  3.08e+05	-0.4468 65.4010 0.5604	
71.215348 260.803526	6.28e-01  6.87e-01  3.18e+05	27.9650 52.8867 0.6328	
71.215348 260.803526	6.47e-01  7.38e-01  3.09e+05	-22.8152 61.0558 0.9246	
71.215348 260.803526	5.86e-01  7.72e-01  3.12e+05	4.2830 63.0485 0.7482	
71.215348 260.803526	6.63e-01  7.90e-01  3.00e+05	-22.4285 65.9712 0.4410	
71.215348 260.803526	5.23e-01  9.09e-01  3.03e+05	-18.0001 65.9032 0.9582	
71.215348 260.803526	5.96e-01  8.39e-01  3.02e+05	-7.2861 68.1573 0.7353	
71.215348 260.803526	5.60e-01  7.13e-01  3.24e+05	-18.2876 53.1453 0.6011	
71.215348 260.803526	7.29e-01  8.93e-01  2.81e+05	-14.4945 77.6246 0.7169	
71.215348 260.803526	6.53e-01  9.66e-01  2.81e+05	1.1498 78.8243 0.4890	
71.215348 260.803526	5.46e-01  8.69e-01  3.05e+05	-13.4722 65.9139 0.3595	
71.215348 260.803526	5.26e-01  7.06e-01  3.30e+05	-13.2639 50.5494 0.3552	
71.215348 260.803526	7.88e-01  7.90e-01  2.86e+05	37.2507 67.1132 0.3955	
71.215348 260.803526	6.17e-01  8.62e-01  2.97e+05	26.4755 66.1901 0.0750	
71.215348 260.803526	5.38e-01  8.68e-01  3.06e+05	28.6662 60.1137 0.1791	
71.215348 260.803526	6.42e-01  8.24e-01  2.99e+05	3.2208 70.4701 0.1191	
71.215348 260.803526	5.57e-01  6.61e-01  3.32e+05	4.1163 50.6751 0.1192	
71.215348 260.803526	6.87e-01  9.46e-01  2.80e+05	-37.9083 69.8481 0.9282	
71.215348 260.803526	5.06e-01  8.40e-01  3.14e+05	-5.1057 62.0881 0.7758	
71.215348 260.803526	7.63e-01  8.97e-01  2.77e+05	0.4292 80.7881 0.8578	
71.215348 260.803526	5.78e-01  8.15e-01  3.08e+05	-3.7091 65.6001 0.4091	
71.215348 260.803526	5.86e-01  9.35e-01  2.92e+05	-10.9824 72.8971 0.0794	
71.215348 260.803526	4.28e-01  8.34e-01  3.26e+05	11.3749 53.9346 0.1003	
71.215348 260.803526	5.90e-01  8.57e-01  3.01e+05	18.8719 66.7069 0.5623	
71.215348 260.803526	8.71e-01  9.05e-01  2.65e+05	-18.6295 83.6782 0.4921	
71.215348 260.803526	6.48e-01  8.85e-01  2.91e+05	-1.2359 74.3556 0.8855	
71.215348 260.803526	4.63e-01  9.47e-01  3.06e+05	-25.3875 61.8843 0.4955	
71.215348 260.803526	7.80e-01  8.70e-01  2.78e+05	60.8722 52.4272 0.5177	
71.215348 260.803526	7.48e-01  9.31e-01  2.75e+05	-17.9888 79.6617 0.0237	
71.215348 260.803526	7.04e-01  7.72e-01  2.97e+05	-7.3433 70.7571 0.8419	
