86.644955 284.738274	6.91e-01  9.12e-01  2.31e+05	0.0000 73.1231 0.7559	
86.644955 284.738274	5.30e-01  8.44e-01  2.53e+05	4.2357 60.1592 0.1041	
86.644955 284.738274	4.73e-01  9.50e-01  2.48e+05	-26.9040 57.5317 0.9796	
86.644955 284.738274	4.35e-01  8.02e-01  2.68e+05	-29.5370 39.5982 0.3368	
86.644955 284.738274	7.24e-01  9.28e-01  2.26e+05	-15.3930 73.7455 0.1498	
86.644955 284.738274	6.76e-01  8.89e-01  2.34e+05	-11.2464 70.4151 0.0650	
86.644955 284.738274	7.85e-01  8.67e-01  2.26e+05	27.7551 70.0335 0.8089	
86.644955 284.738274	3.78e-01  7.76e-01  2.79e+05	6.3272 40.1529 0.0739	
86.644955 284.738274	4.58e-01  9.41e-01  2.50e+05	-3.8169 61.8476 0.3884	
86.644955 284.738274	5.85e-01  8.05e-01  2.51e+05	-19.8725 58.0872 0.2186	
86.644955 284.738274	5.33e-01  9.32e-01  2.43e+05	-19.3041 63.1431 0.5516	
86.644955 284.738274	5.98e-01  7.17e-01  2.59e+05	1.1699 55.9935 0.1988	
86.644955 284.738274	5.68e-01  7.03e-01  2.64e+05	-33.1055 40.7329 0.5796	
86.644955 284.738274	6.84e-01  8.71e-01  2.35e+05	-13.8870 69.4591 0.2044	
86.644955 284.738274	4.50e-01  8.44e-01  2.62e+05	-5.5038 54.1015 0.2957	
86.644955 284.738274	5.44e-01  8.03e-01  2.56e+05	-4.0123 58.2846 0.3035	
86.644955 284.738274	6.14e-01  6.98e-01  2.60e+05	-20.0287 52.0832 0.4179	
86.644955 284.738274	6.57e-01  7.23e-01  2.52e+05	-1.5151 60.6751 0.6375	
86.644955 284.738274	6.03e-01  7.30e-01  2.57e+05	14.8905 55.4437 0.1954	
86.644955 284.738274	5.27e-01  7.30e-01  2.66e+05	10.5308 50.1974 0.0512	
86.644955 284.738274	5.84e-01  8.60e-01  2.46e+05	-11.9787 63.6681 0.5706	
86.644955 284.738274	5.96e-01  7.65e-01  2.54e+05	-3.7406 59.2802 0.6972	
86.644955 284.738274	7.39e-01  8.62e-01  2.31e+05	-20.7610 70.0209 0.3488	
86.644955 284.738274	5.57e-01  8.62e-01  2.48e+05	-6.8332 62.9124 0.4001	
86.644955 284.738274	5.12e-01  7.83e-01  2.61e+05	29.6274 45.7676 0.1206	
86.644955 284.738274	6.24e-01  6.57e-01  2.63e+05	-1.5115 53.2618 0.0152	
86.644955 284.738274	5.85e-01  8.41e-01  2.47e+05	-6.6998 63.2955 0.7302	
86.644955 284.738274	6.37e-01  6.60e-01  2.61e+05	6.8983 54.2373 0.3888	
86.644955 284.738274	5.34e-01  7.49e-01  2.63e+05	17.8082 50.4544 0.7356	
86.644955 284.738274	6.13e-01  8.91e-01  2.40e+05	14.0522 66.7215 0.4551	
86.644955 284.738274	5.33e-01  9.05e-01  2.46e+05	-7.5240 63.9289 0.0888	
86.644955 284.738274	5.26e-01  8.99e-01  2.47e+05	-15.9628 61.6312 0.0977	
86.644955 284.738274	5.84e-01  8.93e-01  2.42e+05	-7.5726 66.2522 0.4277	
86.644955 284.738274	6.52e-01  8.22e-01  2.43e+05	0.5222 66.4869 0.4362	
86.644955 284.738274	4.49e-01  7.28e-01  2.76e+05	3.5124 43.2271 0.7756	
86.644955 284.738274	6.39e-01  8.56e-01  2.41e+05	-20.6550 64.4608 0.1455	
86.644955 284.738274	7.07e-01  7.95e-01  2.40e+05	0.9629 68.0221 0.2140	
86.644955 284.738274	6.96e-01  7.77e-01  2.43e+05	-1.4326 66.4289 0.9253	
86.644955 284.738274	5.88e-01  8.17e-01  2.50e+05	-9.5818 61.5896 0.1494	
86.644955 284.738274	6.81e-01  8.87e-01  2.34e+05	7.4250 71.0626 0.4626	
86.644955 284.738274	4.45e-01  8.49e-01  2.62e+05	7.3345 53.9472 0.6213	
86.644955 284.738274	5.02e-01  7.72e-01  2.64e+05	16.2914 50.1475 0.7394	
86.644955 284.738274	6.38e-01  7.99e-01  2.46e+05	-1.0053 64.2807 0.9058	
86.644955 284.738274	6.86e-01  9.01e-01  2.32e+05	-8.7048 71.8631 0.0555	
86.644955 284.738274	4.85e-01  8.03e-01  2.62e+05	17.1894 51.1134 0.5004	
86.644955 284.738274	4.03e-01  9.28e-01  2.58e+05	-1.1796 57.2244 0.5330	
86.644955 284.738274	5.13e-01  8.16e-01  2.58e+05	-1.5469 57.0405 0.4601	
86.644955 284.738274	7.75e-01  8.48e-01  2.29e+05	29.2680 68.0591 0.3160	
86.644955 284.738274	5.84e-01  7.29e-01  2.60e+05	29.3933 47.5073 0.4435	
86.644955 284.738274	6.83e-01  8.48e-01  2.37e+05	-0.8961 69.6010 0.8063	
86.644955 284.738274	2.33e-01  9.71e-01  2.72e+05	13.3228 44.2889 0.0499	
86.644955 284.738274	5.94e-01  8.27e-01  2.48e+05	14.3811 61.7405 0.9961	
86.644955 284.738274	7.08e-01  8.89e-01  2.31e+05	19.9356 70.0583 0.7500	
86.644955 284.738274	5.11e-01  7.30e-01  2.68e+05	10.1894 48.8472 0.7378	
86.644955 284.738274	5.18e-01  8.05e-01  2.58e+05	-6.2867 56.3159 0.9089	
86.644955 284.738274	6.59e-01  7.90e-01  2.45e+05	4.9555 64.8465 0.9587	
86.644955 284.738274	3.50e-01  7.90e-01  2.81e+05	16.8905 34.9117 0.0446	
86.644955 284.738274	5.67e-01  7.98e-01  2.54e+05	4.1405 59.5860 0.0486	
86.644955 284.738274	6.80e-01  8.55e-01  2.37e+05	-32.3583 61.8510 0.8808	
86.644955 284.738274	6.08e-01  8.73e-01  2.42e+05	-2.7183 66.8259 0.0846	
86.644955 284.738274	4.83e-01  7.92e-01  2.64e+05	0.2930 52.7951 0.3375	
86.644955 284.738274	5.81e-01  7.53e-01  2.57e+05	-6.3836 57.0893 0.2845	
86.644955 284.738274	6.61e-01  7.40e-01  2.50e+05	-18.5896 59.2811 0.2639	
86.644955 284.738274	6.45e-01  9.26e-01  2.33e+05	-3.5786 71.5288 0.3760	
86.644955 284.738274	7.88e-01  9.24e-01  2.21e+05	-26.0358 73.3863 0.5658	
86.644955 284.738274	7.09e-01  8.01e-01  2.39e+05	7.7206 68.0708 0.5068	
86.644955 284.738274	7.78e-01  8.52e-01  2.28e+05	-28.6855 68.5980 0.9667	
86.644955 284.738274	4.70e-01  7.87e-01  2.66e+05	16.3139 48.6434 0.0626	
86.644955 284.738274	5.41e-01  8.89e-01  2.47e+05	7.9820 63.3858 0.9727	
86.644955 284.738274	5.79e-01  9.13e-01  2.41e+05	4.7530 67.3383 0.1039	
86.644955 284.738274	6.46e-01  9.54e-01  2.31e+05	-23.3697 69.1661 0.9565	
86.644955 284.738274	5.30e-01  7.32e-01  2.65e+05	-5.1242 51.4350 0.1583	
86.644955 284.738274	6.52e-01  9.17e-01  2.34e+05	-4.0985 71.3999 0.5724	
86.644955 284.738274	5.80e-01  8.45e-01  2.48e+05	11.9666 62.4692 0.4021	
86.644955 284.738274	4.58e-01  7.30e-01  2.74e+05	-25.1775 36.8118 0.5804	
86.644955 284.738274	5.92e-01  6.07e-01  2.73e+05	-7.4160 45.0684 0.2163	
86.644955 284.738274	6.56e-01  7.39e-01  2.51e+05	6.0057 61.3748 0.1810	
86.644955 284.738274	8.04e-01  9.41e-01  2.19e+05	18.4170 77.0028 0.7129	
86.644955 284.738274	6.51e-01  8.16e-01  2.43e+05	-23.2232 61.9137 0.8647	
86.644955 284.738274	5.50e-01  8.51e-01  2.50e+05	24.6937 56.9823 0.3287	
86.644955 284.738274	5.74e-01  6.87e-01  2.65e+05	8.9178 50.9006 0.3190	
86.644955 284.738274	4.56e-01  8.72e-01  2.58e+05	-29.0483 49.1246 0.3675	
86.644955 284.738274	6.89e-01  8.48e-01  2.37e+05	2.4037 69.8694 0.7080	
86.644955 284.738274	7.06e-01  7.48e-01  2.45e+05	15.7685 63.4220 0.8603	
86.644955 284.738274	5.10e-01  8.24e-01  2.57e+05	22.6993 52.8108 0.8118	
86.644955 284.738274	5.06e-01  8.00e-01  2.60e+05	18.9521 51.9461 0.8290	
86.644955 284.738274	4.60e-01  8.21e-01  2.63e+05	21.1011 48.9692 0.2376	
86.644955 284.738274	5.74e-01  9.42e-01  2.39e+05	30.4435 61.6830 0.6125	
86.644955 284.738274	4.53e-01  8.74e-01  2.58e+05	19.2841 53.5460 0.3760	
86.644955 284.738274	3.97e-01  9.65e-01  2.54e+05	-7.0759 59.0543 0.1580	
86.644955 284.738274	6.04e-01  7.43e-01  2.56e+05	0.9372 58.4531 0.8840	
86.644955 284.738274	5.40e-01  6.93e-01  2.69e+05	8.2706 48.3905 0.6364	
86.644955 284.738274	4.67e-01  7.60e-01  2.69e+05	-12.6410 46.8920 0.9213	
86.644955 284.738274	8.24e-01  8.65e-01  2.23e+05	33.9530 68.9918 0.8957	
86.644955 284.738274	5.42e-01  8.04e-01  2.56e+05	22.5385 53.7865 0.7567	
86.644955 284.738274	7.59e-01  9.17e-01  2.24e+05	-5.3464 76.1944 0.9928	
86.644955 284.738274	7.18e-01  8.62e-01  2.33e+05	-26.9784 66.8031 0.8722	
86.644955 284.738274	6.28e-01  8.43e-01  2.43e+05	-45.9901 47.8159 0.9275	
86.644955 284.738274	5.72e-01  9.05e-01  2.42e+05	-14.0793 65.1819 0.8582	
86.644955 284.738274	5.28e-01  7.01e-01  2.69e+05	7.6280 48.1591 0.5965	
86.644955 284.738274	6.42e-01  8.34e-01  2.42e+05	32.9058 57.9045 0.9728	
86.644955 284.738274	5.48e-01  7.05e-01  2.66e+05	-8.4496 50.2199 0.2686	
86.644955 284.738274	5.79e-01  7.50e-01  2.58e+05	-24.0402 51.7674 0.5387	
86.644955 284.738274	6.11e-01  8.39e-01  2.45e+05	-15.0655 63.3009 0.7305	
86.644955 284.738274	5.94e-01  7.37e-01  2.57e+05	15.1172 55.2323 0.9914	
86.644955 284.738274	6.62e-01  8.83e-01  2.36e+05	24.4538 65.9303 0.7564	
86.644955 284.738274	6.65e-01  8.00e-01  2.44e+05	5.6925 65.7108 0.0790	
86.644955 284.738274	5.61e-01  7.69e-01  2.58e+05	-21.2618 53.0725 0.4059	
86.644955 284.738274	5.61e-01  8.46e-01  2.49e+05	18.3242 59.6930 0.8077	
86.644955 284.738274	5.98e-01  7.36e-01  2.57e+05	-8.8599 56.7793 0.4984	
86.644955 284.738274	6.83e-01  8.90e-01  2.33e+05	-29.8667 65.1825 0.0606	
86.644955 284.738274	4.79e-01  8.03e-01  2.63e+05	23.6931 47.8811 0.5805	
86.644955 284.738274	6.48e-01  9.59e-01  2.30e+05	14.7871 71.8295 0.4994	
86.644955 284.738274	5.18e-01  7.41e-01  2.66e+05	-11.5833 50.1205 0.4857	
86.644955 284.738274	5.86e-01  8.27e-01  2.49e+05	19.9226 59.6069 0.0671	
86.644955 284.738274	4.99e-01  7.94e-01  2.62e+05	3.9107 54.1422 0.5889	
86.644955 284.738274	5.11e-01  8.34e-01  2.56e+05	-16.9584 55.7597 0.3945	
86.644955 284.738274	5.77e-01  8.33e-01  2.49e+05	14.4343 60.9390 0.1180	
86.644955 284.738274	6.33e-01  7.78e-01  2.49e+05	14.7712 60.9597 0.3064	
86.644955 284.738274	6.56e-01  7.99e-01  2.44e+05	10.5959 64.5682 0.3168	
86.644955 284.738274	6.19e-01  7.52e-01  2.53e+05	1.6302 60.0648 0.0145	
86.644955 284.738274	5.47e-01  6.45e-01  2.74e+05	0.9805 45.0308 0.7958	
86.644955 284.738274	5.18e-01  7.86e-01  2.60e+05	-2.1391 55.1813 0.8773	
86.644955 284.738274	6.55e-01  9.10e-01  2.34e+05	6.0330 71.0300 0.0777	
86.644955 284.738274	5.46e-01  6.71e-01  2.71e+05	15.1411 45.0693 0.0606	
86.644955 284.738274	6.04e-01  8.35e-01  2.46e+05	0.7676 64.4479 0.5972	
86.644955 284.738274	6.04e-01  9.69e-01  2.33e+05	26.8742 66.4688 0.1039	
86.644955 284.738274	6.07e-01  8.64e-01  2.43e+05	-37.5306 54.7128 0.4304	
86.644955 284.738274	5.74e-01  7.51e-01  2.58e+05	6.8272 56.3539 0.1995	
86.644955 284.738274	5.93e-01  7.08e-01  2.61e+05	-12.5411 53.4798 0.7510	
86.644955 284.738274	6.62e-01  7.72e-01  2.47e+05	14.6117 62.4425 0.3840	
86.644955 284.738274	4.52e-01  9.63e-01  2.49e+05	7.0664 62.5511 0.5352	
86.644955 284.738274	4.91e-01  6.95e-01  2.75e+05	-10.5943 42.9505 0.2916	
86.644955 284.738274	5.46e-01  8.42e-01  2.51e+05	-0.3656 61.2127 0.7590	
86.644955 284.738274	6.21e-01  9.05e-01  2.38e+05	-6.5220 69.0089 0.5100	
86.644955 284.738274	7.21e-01  8.36e-01  2.35e+05	5.4555 70.6760 0.6270	
86.644955 284.738274	6.51e-01  7.27e-01  2.52e+05	-4.5844 60.3646 0.5094	
86.644955 284.738274	6.17e-01  8.29e-01  2.45e+05	12.5115 63.6721 0.8168	
86.644955 284.738274	5.71e-01  9.07e-01  2.42e+05	-7.4178 66.3349 0.7370	
86.644955 284.738274	4.76e-01  7.80e-01  2.66e+05	-13.3739 49.3697 0.3920	
86.644955 284.738274	7.32e-01  8.82e-01  2.30e+05	-10.4157 72.8948 0.5980	
86.644955 284.738274	5.03e-01  8.41e-01  2.56e+05	3.6491 58.1135 0.5469	
86.644955 284.738274	6.55e-01  7.74e-01  2.47e+05	12.5175 62.6115 0.7406	
86.644955 284.738274	6.43e-01  9.36e-01  2.33e+05	-26.9141 66.7647 0.0118	
86.644955 284.738274	6.72e-01  7.53e-01  2.48e+05	14.3641 61.9360 0.5485	
86.644955 284.738274	5.33e-01  8.68e-01  2.50e+05	-10.4428 61.2498 0.4926	
86.644955 284.738274	6.85e-01  9.17e-01  2.31e+05	16.1887 71.2262 0.6260	
86.644955 284.738274	5.35e-01  8.12e-01  2.56e+05	-3.0325 58.4037 0.0097	
86.644955 284.738274	4.34e-01  9.07e-01  2.56e+05	-1.3396 57.9285 0.7368	
86.644955 284.738274	4.04e-01  8.38e-01  2.68e+05	5.8916 49.6121 0.1229	
86.644955 284.738274	4.75e-01  8.19e-01  2.62e+05	-24.0060 48.7705 0.3138	
86.644955 284.738274	5.83e-01  7.37e-01  2.59e+05	-13.1795 54.8817 0.6663	
86.644955 284.738274	5.12e-01  8.60e-01  2.53e+05	-22.3071 55.9020 0.4937	
86.644955 284.738274	4.45e-01  8.67e-01  2.60e+05	28.2426 48.0951 0.9085	
86.644955 284.738274	6.05e-01  8.27e-01  2.47e+05	-25.2967 58.8596 0.4487	
86.644955 284.738274	6.53e-01  7.78e-01  2.47e+05	-8.2862 63.4092 0.4233	
86.644955 284.738274	5.54e-01  8.06e-01  2.54e+05	9.3843 58.5908 0.2885	
86.644955 284.738274	7.10e-01  8.31e-01  2.36e+05	13.4804 68.7871 0.7896	
86.644955 284.738274	6.54e-01  7.40e-01  2.51e+05	-3.9716 61.5259 0.0191	
86.644955 284.738274	4.07e-01  8.55e-01  2.65e+05	-19.9917 47.6684 0.4927	
86.644955 284.738274	5.77e-01  6.43e-01  2.70e+05	18.7413 44.0259 0.0939	
86.644955 284.738274	6.05e-01  8.58e-01  2.44e+05	6.6483 65.5230 0.4501	
86.644955 284.738274	5.87e-01  8.65e-01  2.45e+05	17.7726 62.7672 0.8728	
86.644955 284.738274	5.13e-01  8.69e-01  2.52e+05	20.6379 57.2259 0.6736	
86.644955 284.738274	5.27e-01  6.90e-01  2.71e+05	-13.1251 45.7040 0.7218	
86.644955 284.738274	5.58e-01  7.53e-01  2.60e+05	17.9611 52.7019 0.7808	
86.644955 284.738274	6.13e-01  9.77e-01  2.32e+05	-26.8029 67.3919 0.4856	
86.644955 284.738274	7.11e-01  8.56e-01  2.34e+05	-9.0466 70.8302 0.0258	
86.644955 284.738274	5.65e-01  9.57e-01  2.38e+05	12.0988 68.0885 0.1265	
86.644955 284.738274	5.63e-01  7.99e-01  2.54e+05	-6.5852 59.0814 0.1478	
86.644955 284.738274	4.87e-01  8.63e-01  2.55e+05	4.3849 58.4550 0.3836	
86.644955 284.738274	5.55e-01  8.77e-01  2.47e+05	4.1731 63.9136 0.2898	
86.644955 284.738274	6.02e-01  8.03e-01  2.50e+05	-7.6449 61.8944 0.4377	
86.644955 284.738274	4.34e-01  7.80e-01  2.71e+05	10.9654 46.0093 0.2608	
86.644955 284.738274	5.53e-01  8.28e-01  2.52e+05	-0.6924 60.7405 0.5072	
86.644955 284.738274	5.02e-01  6.82e-01  2.75e+05	18.3692 40.2021 0.3788	
86.644955 284.738274	5.45e-01  7.86e-01  2.57e+05	-8.9424 56.5776 0.8155	
86.644955 284.738274	7.48e-01  9.52e-01  2.22e+05	1.9617 77.3587 0.5245	
86.644955 284.738274	3.61e-01  9.18e-01  2.63e+05	-32.4787 42.0418 0.3745	
86.644955 284.738274	4.37e-01  8.71e-01  2.60e+05	0.9861 55.4798 0.5095	
86.644955 284.738274	4.96e-01  8.74e-01  2.53e+05	5.1311 59.8723 0.2453	
86.644955 284.738274	5.26e-01  7.85e-01  2.60e+05	10.4241 54.7439 0.7078	
86.644955 284.738274	3.22e-01  8.09e-01  2.82e+05	9.6243 36.4226 0.5069	
86.644955 284.738274	4.30e-01  8.20e-01  2.67e+05	1.5780 50.6629 0.5631	
86.644955 284.738274	6.16e-01  9.32e-01  2.36e+05	-5.3113 70.2767 0.7498	
86.644955 284.738274	5.39e-01  8.88e-01  2.47e+05	-13.3491 62.3740 0.9192	
86.644955 284.738274	5.51e-01  9.47e-01  2.40e+05	-7.7740 67.3864 0.0296	
86.644955 284.738274	4.49e-01  8.65e-01  2.59e+05	-0.7159 55.9804 0.1271	
86.644955 284.738274	6.31e-01  9.26e-01  2.35e+05	9.4060 70.3060 0.2024	
86.644955 284.738274	6.11e-01  7.94e-01  2.50e+05	10.0698 61.5351 0.4741	
86.644955 284.738274	6.42e-01  8.12e-01  2.45e+05	30.6132 57.6970 0.9146	
86.644955 284.738274	5.79e-01  8.94e-01  2.43e+05	-18.2005 63.8773 0.2606	
86.644955 284.738274	4.89e-01  8.64e-01  2.55e+05	-15.1989 56.8068 0.7245	
86.644955 284.738274	7.61e-01  8.77e-01  2.28e+05	-12.9713 73.6006 0.1253	
86.644955 284.738274	5.77e-01  8.42e-01  2.48e+05	3.9535 63.0839 0.5845	
86.644955 284.738274	7.00e-01  7.58e-01  2.44e+05	-6.0207 65.2907 0.9805	
86.644955 284.738274	5.56e-01  8.77e-01  2.47e+05	-1.6495 64.0489 0.0565	
86.644955 284.738274	5.58e-01  8.58e-01  2.48e+05	-18.0875 60.4241 0.0943	
86.644955 284.738274	5.61e-01  6.99e-01  2.66e+05	1.7009 51.4793 0.5586	
86.644955 284.738274	6.19e-01  7.79e-01  2.50e+05	0.5594 61.8616 0.5664	
86.644955 284.738274	5.28e-01  5.72e-01  2.86e+05	-25.3291 21.4405 0.3954	
86.644955 284.738274	5.63e-01  6.93e-01  2.66e+05	-8.9976 50.3972 0.8613	
86.644955 284.738274	6.67e-01  8.55e-01  2.38e+05	-9.5457 68.4643 0.3062	
86.644955 284.738274	5.57e-01  7.34e-01  2.62e+05	19.9222 50.3122 0.5196	
86.644955 284.738274	6.02e-01  8.97e-01  2.40e+05	-2.1006 67.8631 0.6105	
86.644955 284.738274	4.15e-01  9.06e-01  2.59e+05	4.2550 56.3895 0.7483	
86.644955 284.738274	4.56e-01  7.21e-01  2.76e+05	-9.8017 42.1443 0.7139	
86.644955 284.738274	6.26e-01  8.02e-01  2.47e+05	-12.2157 62.6655 0.8093	
86.644955 284.738274	7.16e-01  9.63e-01  2.24e+05	-10.1450 75.8043 0.4658	
86.644955 284.738274	8.47e-01  8.90e-01  2.19e+05	8.6557 78.3790 0.8519	
86.644955 284.738274	7.00e-01  8.67e-01  2.34e+05	-13.6149 70.0783 0.5434	
86.644955 284.738274	7.02e-01  9.61e-01  2.25e+05	1.3678 75.8115 0.4587	
86.644955 284.738274	5.36e-01  9.31e-01  2.43e+05	-21.8097 62.3787 0.9241	
86.644955 284.738274	6.89e-01  8.01e-01  2.41e+05	35.4757 57.3268 0.8412	
86.644955 284.738274	6.98e-01  9.09e-01  2.30e+05	-1.4090 73.2889 0.6106	
86.644955 284.738274	5.09e-01  8.51e-01  2.54e+05	-5.9476 59.0895 0.3127	
86.644955 284.738274	5.99e-01  7.96e-01  2.51e+05	-2.3732 61.7042 0.4577	
86.644955 284.738274	6.21e-01  7.46e-01  2.54e+05	-10.5761 58.8660 0.8032	
86.644955 284.738274	4.50e-01  8.05e-01  2.66e+05	11.1524 49.8849 0.0092	
86.644955 284.738274	5.72e-01  8.21e-01  2.51e+05	-21.7147 57.6173 0.5371	
86.644955 284.738274	5.41e-01  8.47e-01  2.51e+05	6.9667 60.8126 0.2162	
86.644955 284.738274	6.72e-01  7.74e-01  2.45e+05	-8.0567 64.4089 0.4136	
86.644955 284.738274	6.06e-01  8.61e-01  2.43e+05	6.3020 65.8084 0.0435	
86.644955 284.738274	3.76e-01  8.38e-01  2.71e+05	21.4019 42.1303 0.3977	
86.644955 284.738274	4.88e-01  7.98e-01  2.63e+05	9.3723 52.8839 0.7797	
86.644955 284.738274	5.30e-01  8.35e-01  2.54e+05	38.4957 45.5313 0.4823	
86.644955 284.738274	7.26e-01  7.73e-01  2.40e+05	-0.4311 67.8682 0.9822	
86.644955 284.738274	5.27e-01  8.41e-01  2.53e+05	23.3508 55.1701 0.9618	
86.644955 284.738274	6.11e-01  7.32e-01  2.56e+05	-2.7070 58.0307 0.0379	
86.644955 284.738274	6.99e-01  8.58e-01  2.35e+05	-3.1358 70.8395 0.9934	
86.644955 284.738274	6.63e-01  7.27e-01  2.51e+05	-0.7792 61.3711 0.5739	
86.644955 284.738274	6.19e-01  9.34e-01  2.35e+05	12.7178 69.5600 0.2892	
86.644955 284.738274	5.76e-01  7.67e-01  2.56e+05	1.8967 58.1308 0.6652	
86.644955 284.738274	4.22e-01  8.08e-01  2.69e+05	-7.7956 48.2077 0.2630	
86.644955 284.738274	3.61e-01  9.73e-01  2.57e+05	-8.3538 56.8809 0.5648	
86.644955 284.738274	5.40e-01  9.15e-01  2.44e+05	-18.8485 62.6444 0.4516	
86.644955 284.738274	3.08e-01  8.87e-01  2.73e+05	-2.8402 45.2101 0.6670	
86.644955 284.738274	4.17e-01  8.16e-01  2.69e+05	-8.8109 48.3043 0.5870	
86.644955 284.738274	5.14e-01  7.99e-01  2.60e+05	-5.5109 55.5884 0.1612	
86.644955 284.738274	6.96e-01  8.14e-01  2.39e+05	-9.4676 67.8518 0.0979	
86.644955 284.738274	6.55e-01  7.52e-01  2.49e+05	23.8874 57.7116 0.4237	
86.644955 284.738274	6.57e-01  8.67e-01  2.38e+05	-10.7775 68.3582 0.3707	
86.644955 284.738274	6.09e-01  8.14e-01  2.48e+05	-0.7436 63.4790 0.7854	
86.644955 284.738274	5.72e-01  8.66e-01  2.46e+05	-0.7633 64.3545 0.2275	
86.644955 284.738274	5.60e-01  8.80e-01  2.46e+05	0.0900 64.4881 0.0063	
86.644955 284.738274	5.57e-01  9.22e-01  2.42e+05	-10.7181 65.9384 0.7198	
86.644955 284.738274	5.92e-01  7.98e-01  2.51e+05	-16.1991 59.2200 0.5803	
86.644955 284.738274	7.39e-01  8.56e-01  2.31e+05	21.3148 69.5779 0.5580	
86.644955 284.738274	4.97e-01  8.81e-01  2.52e+05	-16.5690 58.2856 0.0649	
86.644955 284.738274	4.38e-01  9.23e-01  2.54e+05	-27.1715 52.8370 0.6047	
86.644955 284.738274	5.71e-01  8.76e-01  2.45e+05	-16.3362 62.8780 0.3037	
86.644955 284.738274	3.66e-01  8.17e-01  2.75e+05	9.2314 43.0148 0.9461	
86.644955 284.738274	5.65e-01  8.26e-01  2.51e+05	-0.6308 61.4672 0.6778	
86.644955 284.738274	7.44e-01  8.10e-01  2.35e+05	4.1245 70.6242 0.6200	
86.644955 284.738274	5.27e-01  8.57e-01  2.52e+05	18.1781 58.1768 0.2130	
86.644955 284.738274	6.60e-01  7.87e-01  2.45e+05	22.5821 60.8960 0.1281	
86.644955 284.738274	6.90e-01  7.99e-01  2.41e+05	-5.8692 67.1037 0.8927	
86.644955 284.738274	5.19e-01  9.12e-01  2.47e+05	26.0457 58.4311 0.1169	
86.644955 284.738274	5.63e-01  8.51e-01  2.49e+05	-10.2045 62.0958 0.8832	
86.644955 284.738274	4.13e-01  8.61e-01  2.64e+05	-3.9533 52.6185 0.6999	
86.644955 284.738274	4.60e-01  7.37e-01  2.73e+05	1.1076 45.4667 0.7224	
86.644955 284.738274	5.30e-01  7.39e-01  2.65e+05	-2.0656 52.2331 0.3850	
86.644955 284.738274	7.67e-01  8.43e-01  2.30e+05	25.4746 68.9131 0.2606	
86.644955 284.738274	5.92e-01  7.69e-01  2.54e+05	-13.8460 57.7777 0.7268	
86.644955 284.738274	6.91e-01  8.76e-01  2.34e+05	6.1995 71.1268 0.6285	
86.644955 284.738274	5.24e-01  8.69e-01  2.51e+05	23.9320 56.7381 0.5966	
86.644955 284.738274	5.90e-01  7.77e-01  2.54e+05	-0.8530 59.8636 0.5767	
86.644955 284.738274	3.65e-01  9.33e-01  2.61e+05	22.7670 49.7398 0.4793	
86.644955 284.738274	7.90e-01  9.63e-01  2.18e+05	21.2900 76.5573 0.8363	
86.644955 284.738274	3.38e-01  7.57e-01  2.86e+05	1.2496 32.4414 0.8455	
86.644955 284.738274	7.75e-01  9.38e-01  2.21e+05	28.0086 72.6784 0.9801	
86.644955 284.738274	6.75e-01  7.98e-01  2.43e+05	-18.5719 63.7840 0.7976	
86.644955 284.738274	4.24e-01  7.79e-01  2.72e+05	-4.8882 45.9551 0.2256	
86.644955 284.738274	5.87e-01  7.53e-01  2.56e+05	18.1198 55.0490 0.8049	
86.644955 284.738274	4.95e-01  7.86e-01  2.63e+05	0.4958 53.2657 0.6333	
86.644955 284.738274	6.58e-01  8.79e-01  2.37e+05	-18.1627 67.5141 0.4694	
86.644955 284.738274	6.05e-01  7.76e-01  2.52e+05	6.9032 60.4129 0.8944	
86.644955 284.738274	3.82e-01  8.26e-01  2.72e+05	19.6054 42.3193 0.3833	
86.644955 284.738274	3.82e-01  8.42e-01  2.70e+05	-18.3595 44.6655 0.2652	
86.644955 284.738274	7.17e-01  7.98e-01  2.39e+05	-25.3485 63.9256 0.1964	
86.644955 284.738274	5.79e-01  8.57e-01  2.46e+05	7.9828 63.7814 0.5386	
86.644955 284.738274	4.73e-01  8.39e-01  2.60e+05	12.1505 54.4540 0.0381	
86.644955 284.738274	4.95e-01  7.33e-01  2.69e+05	-17.4965 45.3723 0.1279	
86.644955 284.738274	5.22e-01  8.20e-01  2.56e+05	-2.7002 57.9585 0.2243	
86.644955 284.738274	6.07e-01  7.52e-01  2.54e+05	-2.3941 59.2238 0.7611	
86.644955 284.738274	5.67e-01  6.69e-01  2.68e+05	-17.4583 46.1641 0.9786	
86.644955 284.738274	5.32e-01  7.17e-01  2.67e+05	-12.9697 48.8331 0.3119	
86.644955 284.738274	6.82e-01  8.20e-01  2.40e+05	-0.0235 68.0781 0.9029	
86.644955 284.738274	5.87e-01  7.73e-01  2.54e+05	30.4469 50.9529 0.1913	
86.644955 284.738274	4.03e-01  8.30e-01  2.69e+05	-15.5419 46.6105 0.8152	
86.644955 284.738274	4.72e-01  8.29e-01  2.61e+05	1.1558 54.9192 0.7041	
86.644955 284.738274	4.89e-01  8.46e-01  2.57e+05	-12.8385 56.1048 0.1387	
86.644955 284.738274	4.63e-01  7.56e-01  2.71e+05	16.8261 44.6067 0.8786	
86.644955 284.738274	3.95e-01  8.62e-01  2.66e+05	16.0021 48.6369 0.4147	
86.644955 284.738274	4.78e-01  9.50e-01  2.47e+05	-5.3644 63.5962 0.8192	
86.644955 284.738274	7.01e-01  9.30e-01  2.28e+05	12.0708 73.4140 0.4234	
86.644955 284.738274	7.38e-01  7.95e-01  2.37e+05	23.1742 65.7126 0.8073	
86.644955 284.738274	4.54e-01  8.44e-01  2.61e+05	6.6468 54.3153 0.6514	
86.644955 284.738274	5.66e-01  8.45e-01  2.49e+05	26.0131 57.0874 0.9356	
86.644955 284.738274	3.68e-01  8.05e-01  2.76e+05	-18.8024 38.5310 0.1352	
86.644955 284.738274	5.26e-01  7.93e-01  2.59e+05	2.2760 56.2732 0.6693	
86.644955 284.738274	6.99e-01  7.75e-01  2.43e+05	13.3916 65.1811 0.2669	
86.644955 284.738274	6.32e-01  8.36e-01  2.43e+05	-31.0070 58.4622 0.0118	
86.644955 284.738274	4.99e-01  8.74e-01  2.53e+05	11.0166 59.2737 0.0548	
86.644955 284.738274	4.97e-01  8.16e-01  2.60e+05	-5.7900 55.5613 0.7730	
86.644955 284.738274	4.76e-01  8.83e-01  2.55e+05	1.4670 59.1988 0.1518	
86.644955 284.738274	4.56e-01  9.04e-01  2.54e+05	24.2245 54.1413 0.4396	
86.644955 284.738274	7.49e-01  8.45e-01  2.31e+05	-19.8113 69.9416 0.0143	
86.644955 284.738274	5.62e-01  8.09e-01  2.53e+05	2.5331 60.0260 0.0988	
86.644955 284.738274	4.60e-01  8.35e-01  2.61e+05	-23.1954 49.3337 0.4052	
86.644955 284.738274	5.48e-01  7.77e-01  2.58e+05	8.0803 56.2608 0.4175	
86.644955 284.738274	5.42e-01  7.07e-01  2.67e+05	15.0828 48.2130 0.5732	
86.644955 284.738274	5.14e-01  7.61e-01  2.64e+05	29.1922 44.0221 0.9035	
86.644955 284.738274	7.24e-01  9.11e-01  2.28e+05	9.8157 73.9406 0.4747	
86.644955 284.738274	6.26e-01  7.19e-01  2.56e+05	-1.5167 58.2447 0.2047	
86.644955 284.738274	6.50e-01  9.47e-01  2.31e+05	11.2673 72.0047 0.2738	
86.644955 284.738274	5.58e-01  7.92e-01  2.55e+05	-22.4111 54.1637 0.0353	
86.644955 284.738274	5.59e-01  6.93e-01  2.67e+05	-27.0027 43.0721 0.4713	
86.644955 284.738274	6.61e-01  7.52e-01  2.49e+05	27.7238 56.3966 0.2646	
86.644955 284.738274	6.92e-01  8.09e-01  2.40e+05	-13.7163 66.6147 0.0975	
86.644955 284.738274	6.90e-01  8.83e-01  2.33e+05	21.2112 68.4956 0.0935	
86.644955 284.738274	3.15e-01  9.77e-01  2.62e+05	-11.5114 52.9720 0.4939	
86.644955 284.738274	7.14e-01  7.81e-01  2.41e+05	-33.3880 58.9087 0.6559	
86.644955 284.738274	5.23e-01  7.64e-01  2.62e+05	16.6764 51.1491 0.7983	
86.644955 284.738274	6.13e-01  8.18e-01  2.47e+05	11.7933 62.8899 0.0769	
86.644955 284.738274	6.42e-01  8.38e-01  2.42e+05	-12.1297 65.7018 0.9630	
86.644955 284.738274	4.99e-01  9.06e-01  2.50e+05	27.2334 56.0706 0.9457	
86.644955 284.738274	7.91e-01  8.86e-01  2.24e+05	-35.4309 67.6637 0.4887	
86.644955 284.738274	3.90e-01  8.80e-01  2.64e+05	10.5267 51.2988 0.5709	
86.644955 284.738274	5.22e-01  8.82e-01  2.50e+05	18.4500 59.4840 0.8717	
86.644955 284.738274	5.36e-01  7.95e-01  2.58e+05	6.7549 56.8446 0.9244	
86.644955 284.738274	6.89e-01  7.48e-01  2.46e+05	27.1907 58.3475 0.4570	
86.644955 284.738274	6.17e-01  8.58e-01  2.42e+05	3.5824 66.4855 0.1023	
86.644955 284.738274	5.84e-01  7.50e-01  2.57e+05	-3.6081 57.3995 0.3723	
86.644955 284.738274	5.55e-01  8.99e-01  2.45e+05	-0.8214 65.3812 0.4863	
86.644955 284.738274	6.76e-01  7.54e-01  2.47e+05	-35.7957 52.9980 0.3698	
86.644955 284.738274	5.54e-01  8.24e-01  2.52e+05	2.3385 60.5014 0.1421	
86.644955 284.738274	6.14e-01  7.35e-01  2.56e+05	0.7245 58.5286 0.4892	
86.644955 284.738274	6.98e-01  8.63e-01  2.34e+05	13.1018 69.9116 0.2667	
86.644955 284.738274	6.49e-01  7.27e-01  2.53e+05	40.9806 44.3943 0.7938	
86.644955 284.738274	4.10e-01  9.65e-01  2.53e+05	11.8204 59.1548 0.6958	
86.644955 284.738274	6.38e-01  8.56e-01  2.41e+05	-6.8481 67.2781 0.8538	
86.644955 284.738274	5.67e-01  7.59e-01  2.58e+05	-4.9864 56.6955 0.9871	
86.644955 284.738274	5.94e-01  7.13e-01  2.60e+05	13.6496 53.7233 0.7356	
86.644955 284.738274	5.32e-01  8.63e-01  2.51e+05	-0.1574 61.6807 0.2783	
86.644955 284.738274	4.80e-01  6.39e-01  2.83e+05	2.8679 35.8667 0.2915	
86.644955 284.738274	8.87e-01  8.94e-01  2.16e+05	23.9347 76.8719 0.3437	
86.644955 284.738274	5.95e-01  8.76e-01  2.43e+05	-28.7932 59.7634 0.3989	
86.644955 284.738274	5.47e-01  7.29e-01  2.64e+05	12.3697 51.4329 0.1698	
86.644955 284.738274	4.99e-01  8.10e-01  2.60e+05	-11.8379 54.3209 0.3034	
86.644955 284.738274	6.01e-01  7.92e-01  2.51e+05	13.1058 60.1570 0.5152	
86.644955 284.738274	5.16e-01  9.10e-01  2.47e+05	8.1470 63.1575 0.2372	
86.644955 284.738274	4.84e-01  7.41e-01  2.70e+05	16.0418 45.5539 0.4532	
86.644955 284.738274	5.87e-01  8.50e-01  2.46e+05	-38.7385 51.3363 0.3964	
86.644955 284.738274	5.50e-01  8.04e-01  2.55e+05	-2.7809 58.8261 0.7080	
86.644955 284.738274	4.19e-01  8.81e-01  2.61e+05	6.8000 54.4512 0.1123	
86.644955 284.738274	5.82e-01  6.61e-01  2.68e+05	6.4728 49.5865 0.7784	
86.644955 284.738274	5.79e-01  9.37e-01  2.39e+05	8.9324 68.2282 0.1909	
86.644955 284.738274	5.49e-01  7.20e-01  2.64e+05	-0.2302 52.3424 0.8615	
86.644955 284.738274	5.16e-01  7.55e-01  2.64e+05	5.4849 52.1868 0.3504	
86.644955 284.738274	5.50e-01  8.71e-01  2.48e+05	-16.5191 61.2291 0.0564	
86.644955 284.738274	6.12e-01  7.95e-01  2.49e+05	13.1385 61.0632 0.8296	
86.644955 284.738274	7.47e-01  9.05e-01  2.26e+05	11.8930 74.3592 0.2542	
86.644955 284.738274	6.51e-01  8.70e-01  2.38e+05	19.8970 66.1553 0.3904	
86.644955 284.738274	4.89e-01  8.41e-01  2.58e+05	-24.9000 51.4936 0.1418	
86.644955 284.738274	5.58e-01  8.49e-01  2.49e+05	25.5626 56.9920 0.7595	
86.644955 284.738274	7.59e-01  9.20e-01  2.24e+05	25.4167 72.1627 0.0821	
86.644955 284.738274	3.87e-01  8.92e-01  2.63e+05	-8.6242 52.4586 0.7157	
86.644955 284.738274	4.99e-01  8.05e-01  2.60e+05	-6.8607 54.7952 0.3007	
86.644955 284.738274	2.97e-01  8.60e-01  2.78e+05	-2.3200 40.9047 0.7065	
86.644955 284.738274	4.13e-01  8.13e-01  2.70e+05	3.5214 48.2552 0.1661	
86.644955 284.738274	4.64e-01  9.44e-01  2.49e+05	16.1878 60.4369 0.1246	
86.644955 284.738274	5.15e-01  8.01e-01  2.59e+05	9.9209 55.2716 0.0315	
86.644955 284.738274	6.48e-01  9.30e-01  2.33e+05	-1.2701 71.9705 0.0578	
86.644955 284.738274	4.17e-01  9.17e-01  2.57e+05	-8.5394 56.8184 0.5802	
86.644955 284.738274	6.61e-01  8.83e-01  2.36e+05	-0.7789 70.2589 0.2144	
86.644955 284.738274	5.56e-01  9.09e-01  2.43e+05	-9.9116 65.2627 0.5328	
86.644955 284.738274	4.78e-01  7.71e-01  2.67e+05	12.1901 49.0344 0.5920	
86.644955 284.738274	6.62e-01  7.86e-01  2.45e+05	38.9241 52.0700 0.7486	
86.644955 284.738274	4.87e-01  8.57e-01  2.56e+05	-2.2457 58.1546 0.0509	
86.644955 284.738274	6.29e-01  6.87e-01  2.59e+05	20.1611 52.4004 0.0606	
86.644955 284.738274	5.84e-01  7.51e-01  2.57e+05	-4.5909 57.3875 0.4332	
86.644955 284.738274	7.28e-01  8.03e-01  2.37e+05	-5.7352 69.3440 0.3296	
86.644955 284.738274	5.04e-01  6.39e-01  2.80e+05	-21.1767 33.1035 0.1336	
86.644955 284.738274	4.30e-01  9.44e-01  2.53e+05	5.5192 60.0765 0.7562	
86.644955 284.738274	7.10e-01  8.91e-01  2.31e+05	-18.2019 70.7631 0.1525	
86.644955 284.738274	5.56e-01  8.64e-01  2.48e+05	-23.7504 58.6805 0.7643	
86.644955 284.738274	5.33e-01  9.35e-01  2.43e+05	-6.3534 65.8789 0.2299	
86.644955 284.738274	5.36e-01  8.42e-01  2.52e+05	-4.8278 60.3965 0.9479	
86.644955 284.738274	5.83e-01  8.86e-01  2.43e+05	30.8693 58.5983 0.3221	
86.644955 284.738274	6.75e-01  7.61e-01  2.46e+05	17.2391 61.9164 0.8624	
86.644955 284.738274	7.15e-01  8.20e-01  2.37e+05	-15.6729 68.0377 0.6657	
86.644955 284.738274	5.79e-01  7.11e-01  2.62e+05	15.0594 51.9791 0.4915	
86.644955 284.738274	6.62e-01  8.65e-01  2.38e+05	0.7354 69.3842 0.2759	
86.644955 284.738274	5.62e-01  8.40e-01  2.50e+05	-27.0194 55.9823 0.1839	
86.644955 284.738274	4.79e-01  9.63e-01  2.46e+05	16.6384 62.4456 0.0351	
86.644955 284.738274	4.17e-01  8.35e-01  2.66e+05	11.5280 49.5669 0.5633	
86.644955 284.738274	6.51e-01  7.76e-01  2.47e+05	-24.0588 59.0041 0.2991	
86.644955 284.738274	8.29e-01  8.66e-01  2.23e+05	-9.9961 76.4813 0.2175	
86.644955 284.738274	4.18e-01  8.51e-01  2.65e+05	-1.9949 52.2444 0.9342	
86.644955 284.738274	6.65e-01  7.91e-01  2.44e+05	-28.9800 58.7065 0.6151	
86.644955 284.738274	5.73e-01  9.58e-01  2.37e+05	36.2387 59.4688 0.8165	
86.644955 284.738274	5.89e-01  6.30e-01  2.71e+05	2.8481 47.6414 0.4230	
86.644955 284.738274	6.21e-01  7.82e-01  2.50e+05	-15.0649 60.3969 0.4487	
86.644955 284.738274	5.68e-01  8.15e-01  2.52e+05	1.9059 60.8671 0.1476	
86.644955 284.738274	4.95e-01  8.44e-01  2.57e+05	-28.1664 50.5572 0.4651	
86.644955 284.738274	6.77e-01  7.69e-01  2.45e+05	11.4878 63.8326 0.1076	
86.644955 284.738274	7.13e-01  9.58e-01  2.25e+05	15.9966 74.4620 0.9522	
86.644955 284.738274	3.63e-01  8.10e-01  2.76e+05	-9.1256 41.9249 0.4141	
86.644955 284.738274	6.23e-01  7.00e-01  2.58e+05	-11.5835 55.4005 0.8340	
86.644955 284.738274	7.57e-01  9.73e-01  2.20e+05	9.4123 77.9858 0.7767	
86.644955 284.738274	5.49e-01  9.17e-01  2.43e+05	3.3793 65.9778 0.5976	
86.644955 284.738274	5.85e-01  8.42e-01  2.47e+05	-2.4642 63.7282 0.8825	
86.644955 284.738274	6.69e-01  9.74e-01  2.27e+05	-25.5889 70.4138 0.0711	
86.644955 284.738274	5.15e-01  6.87e-01  2.72e+05	9.6616 45.0727 0.1542	
86.644955 284.738274	3.90e-01  7.83e-01  2.76e+05	12.0625 41.1342 0.2266	
86.644955 284.738274	5.37e-01  7.99e-01  2.57e+05	10.7859 56.6064 0.5146	
86.644955 284.738274	5.63e-01  8.25e-01  2.51e+05	-26.4308 55.2480 0.3974	
86.644955 284.738274	6.34e-01  8.15e-01  2.45e+05	0.2318 65.0416 0.7834	
86.644955 284.738274	5.73e-01  8.08e-01  2.52e+05	11.0671 59.7458 0.6690	
86.644955 284.738274	6.36e-01  9.63e-01  2.31e+05	16.8652 70.9849 0.3348	
86.644955 284.738274	6.68e-01  9.04e-01  2.33e+05	24.7314 67.2580 0.8604	
86.644955 284.738274	7.05e-01  8.84e-01  2.32e+05	-23.1254 68.6948 0.7155	
86.644955 284.738274	6.35e-01  8.74e-01  2.39e+05	16.0308 66.5406 0.9366	
86.644955 284.738274	5.16e-01  7.33e-01  2.67e+05	-17.1169 47.5262 0.2143	
86.644955 284.738274	6.95e-01  7.19e-01  2.49e+05	2.8935 62.8653 0.2033	
86.644955 284.738274	6.23e-01  7.45e-01  2.53e+05	-18.6360 56.9780 0.8226	
86.644955 284.738274	4.75e-01  7.67e-01  2.68e+05	-1.7957 49.8495 0.5299	
86.644955 284.738274	5.37e-01  7.69e-01  2.60e+05	-2.8731 55.3429 0.7983	
86.644955 284.738274	6.24e-01  6.57e-01  2.63e+05	16.7531 50.6474 0.1318	
86.644955 284.738274	4.78e-01  7.48e-01  2.70e+05	8.4620 47.6185 0.5399	
86.644955 284.738274	5.93e-01  7.68e-01  2.54e+05	33.6400 48.9771 0.7715	
86.644955 284.738274	5.92e-01  8.67e-01  2.44e+05	6.6011 65.3179 0.2470	
86.644955 284.738274	6.15e-01  8.96e-01  2.39e+05	3.1708 68.5042 0.4406	
86.644955 284.738274	5.63e-01  8.78e-01  2.46e+05	17.3523 62.2127 0.7638	
86.644955 284.738274	3.75e-01  8.88e-01  2.65e+05	-9.9350 50.8262 0.9545	
86.644955 284.738274	6.10e-01  7.35e-01  2.56e+05	-3.6571 58.1134 0.5862	
86.644955 284.738274	4.80e-01  7.51e-01  2.69e+05	-21.1191 44.1219 0.3280	
86.644955 284.738274	6.51e-01  8.53e-01  2.40e+05	27.4438 62.4112 0.3690	
86.644955 284.738274	7.28e-01  8.48e-01  2.33e+05	-4.7223 71.6955 0.0501	
86.644955 284.738274	4.71e-01  7.83e-01  2.66e+05	32.4927 39.2802 0.2962	
86.644955 284.738274	8.71e-01  9.50e-01  2.13e+05	10.9255 81.2301 0.3526	
86.644955 284.738274	5.29e-01  8.98e-01  2.47e+05	-16.8304 61.5165 0.2622	
86.644955 284.738274	6.58e-01  7.62e-01  2.48e+05	16.2759 61.1699 0.2980	
86.644955 284.738274	5.19e-01  5.59e-01  2.89e+05	2.0382 29.1996 0.3787	
86.644955 284.738274	6.11e-01  7.05e-01  2.59e+05	-3.0934 56.0697 0.4909	
86.644955 284.738274	5.27e-01  9.43e-01  2.43e+05	-6.2830 65.9612 0.0204	
86.644955 284.738274	6.26e-01  8.85e-01  2.39e+05	-2.1280 68.5159 0.5607	
86.644955 284.738274	5.95e-01  8.44e-01  2.46e+05	-5.8340 64.1763 0.8508	
86.644955 284.738274	3.98e-01  9.62e-01  2.54e+05	-12.5992 57.9533 0.5823	
86.644955 284.738274	4.86e-01  8.21e-01  2.60e+05	12.4607 53.9452 0.9169	
86.644955 284.738274	6.89e-01  8.53e-01  2.36e+05	-3.1808 70.1085 0.8030	
86.644955 284.738274	6.36e-01  6.91e-01  2.58e+05	-32.8225 46.5341 0.1916	
86.644955 284.738274	5.80e-01  8.35e-01  2.49e+05	28.3365 56.2788 0.8101	
86.644955 284.738274	4.07e-01  8.59e-01  2.65e+05	-6.3058 51.6878 0.4973	
86.644955 284.738274	5.73e-01  8.41e-01  2.49e+05	8.0931 62.4266 0.1189	
86.644955 284.738274	6.24e-01  8.89e-01  2.39e+05	-22.1904 64.9575 0.5009	
86.644955 284.738274	4.03e-01  8.10e-01  2.71e+05	-2.0753 47.0870 0.8620	
86.644955 284.738274	4.69e-01  7.89e-01  2.66e+05	18.0514 48.0945 0.0503	
86.644955 284.738274	4.86e-01  9.45e-01  2.47e+05	22.5036 59.8534 0.4786	
86.644955 284.738274	4.75e-01  8.28e-01  2.61e+05	4.2004 54.9280 0.6842	
86.644955 284.738274	7.10e-01  9.13e-01  2.29e+05	9.7545 73.4067 0.6765	
86.644955 284.738274	4.78e-01  8.04e-01  2.63e+05	30.7800 43.6252 0.6667	
86.644955 284.738274	4.77e-01  8.37e-01  2.59e+05	-38.2418 40.8966 0.8761	
86.644955 284.738274	5.92e-01  7.70e-01  2.54e+05	-14.5109 57.6561 0.1511	
86.644955 284.738274	6.41e-01  9.12e-01  2.35e+05	-2.3592 70.6751 0.1612	
86.644955 284.738274	7.49e-01  7.67e-01  2.39e+05	3.0902 68.7153 0.2204	
86.644955 284.738274	4.63e-01  7.49e-01  2.71e+05	5.6105 46.7567 0.6461	
86.644955 284.738274	7.01e-01  7.71e-01  2.43e+05	-0.4340 66.4112 0.4643	
86.644955 284.738274	5.29e-01  9.43e-01  2.43e+05	-32.5825 57.8387 0.8107	
86.644955 284.738274	5.18e-01  8.69e-01  2.51e+05	2.8914 61.1021 0.1706	
86.644955 284.738274	6.23e-01  9.22e-01  2.36e+05	14.5131 68.8100 0.0299	
86.644955 284.738274	8.24e-01  8.97e-01  2.21e+05	-43.7994 64.7853 0.0323	
86.644955 284.738274	5.63e-01  9.24e-01  2.41e+05	4.8236 67.1095 0.9193	
86.644955 284.738274	7.39e-01  8.15e-01  2.35e+05	23.7362 66.7054 0.2256	
86.644955 284.738274	6.88e-01  8.51e-01  2.36e+05	-15.0372 68.3679 0.2584	
86.644955 284.738274	5.08e-01  8.42e-01  2.55e+05	16.6314 56.1944 0.4032	
86.644955 284.738274	4.01e-01  8.75e-01  2.64e+05	25.6447 46.2620 0.1415	
86.644955 284.738274	5.09e-01  7.36e-01  2.67e+05	4.8293 50.0200 0.4931	
86.644955 284.738274	5.83e-01  8.11e-01  2.51e+05	-22.8223 57.2367 0.1949	
86.644955 284.738274	4.49e-01  9.14e-01  2.54e+05	-17.9032 56.8001 0.0814	
86.644955 284.738274	6.38e-01  6.73e-01  2.60e+05	26.9952 48.7948 0.0099	
86.644955 284.738274	5.25e-01  8.45e-01  2.53e+05	-22.2269 55.8261 0.8774	
86.644955 284.738274	6.52e-01  8.99e-01  2.35e+05	-33.6265 62.0526 0.5405	
86.644955 284.738274	4.84e-01  9.50e-01  2.47e+05	-17.5600 61.7262 0.1303	
86.644955 284.738274	5.47e-01  6.50e-01  2.73e+05	8.1623 44.7850 0.8658	
86.644955 284.738274	6.49e-01  7.21e-01  2.53e+05	12.6551 58.6803 0.2036	
86.644955 284.738274	6.22e-01  7.56e-01  2.52e+05	0.0208 60.5222 0.6222	
86.644955 284.738274	5.20e-01  7.87e-01  2.60e+05	-6.5880 55.0580 0.0726	
86.644955 284.738274	6.37e-01  9.70e-01  2.30e+05	-0.0768 73.3376 0.9944	
86.644955 284.738274	5.95e-01  7.65e-01  2.54e+05	-0.9117 59.3395 0.5940	
86.644955 284.738274	8.09e-01  8.76e-01  2.24e+05	20.8883 73.8441 0.5354	
86.644955 284.738274	6.47e-01  7.91e-01  2.46e+05	6.0498 64.1013 0.5746	
86.644955 284.738274	4.47e-01  7.98e-01  2.67e+05	-6.8435 49.6969 0.0715	
86.644955 284.738274	6.32e-01  8.42e-01  2.43e+05	24.9238 61.6837 0.4319	
86.644955 284.738274	7.30e-01  9.09e-01  2.27e+05	-9.2557 74.1921 0.6417	
86.644955 284.738274	5.59e-01  8.84e-01  2.46e+05	8.3649 64.1652 0.3982	
86.644955 284.738274	5.89e-01  6.73e-01  2.65e+05	32.5978 40.1502 0.8301	
86.644955 284.738274	6.55e-01  7.83e-01  2.46e+05	-22.4128 60.4071 0.4859	
86.644955 284.738274	4.61e-01  6.47e-01  2.85e+05	-7.4322 33.4885 0.2209	
86.644955 284.738274	4.69e-01  9.21e-01  2.51e+05	3.0454 61.2926 0.8847	
86.644955 284.738274	6.34e-01  8.95e-01  2.37e+05	-15.7729 67.6647 0.4477	
86.644955 284.738274	5.79e-01  7.17e-01  2.61e+05	-22.6141 49.6874 0.8788	
86.644955 284.738274	5.40e-01  7.28e-01  2.65e+05	-8.3079 51.5761 0.8206	
86.644955 284.738274	6.98e-01  8.15e-01  2.39e+05	7.9426 68.2136 0.6060	
86.644955 284.738274	5.71e-01  6.92e-01  2.65e+05	-10.0924 50.8310 0.8691	
86.644955 284.738274	6.68e-01  9.11e-01  2.33e+05	10.2883 71.2888 0.0614	
86.644955 284.738274	5.44e-01  8.06e-01  2.55e+05	4.0103 58.4873 0.4000	
86.644955 284.738274	6.85e-01  8.21e-01  2.40e+05	-7.7606 67.8220 0.3339	
86.644955 284.738274	4.89e-01  8.26e-01  2.59e+05	19.6726 52.5190 0.1252	
86.644955 284.738274	6.89e-01  7.93e-01  2.42e+05	-13.8869 65.4917 0.1301	
86.644955 284.738274	4.77e-01  8.97e-01  2.53e+05	19.5653 57.0447 0.7908	
86.644955 284.738274	7.31e-01  8.60e-01  2.32e+05	-33.1842 64.5420 0.7641	
86.644955 284.738274	6.17e-01  8.40e-01  2.44e+05	-27.0107 59.7023 0.6692	
86.644955 284.738274	6.70e-01  8.94e-01  2.34e+05	15.0198 69.6952 0.1534	
86.644955 284.738274	8.88e-01  9.78e-01  2.09e+05	3.4973 83.4429 0.1254	
86.644955 284.738274	4.86e-01  8.70e-01  2.55e+05	5.2003 58.8607 0.2578	
86.644955 284.738274	5.73e-01  7.54e-01  2.58e+05	-0.4623 56.9163 0.8184	
86.644955 284.738274	6.39e-01  8.79e-01  2.38e+05	3.3207 68.8609 0.8095	
86.644955 284.738274	6.28e-01  7.66e-01  2.51e+05	14.9667 59.8114 0.0794	
86.644955 284.738274	5.18e-01  6.68e-01  2.75e+05	17.0516 40.9284 0.9268	
86.644955 284.738274	5.73e-01  7.19e-01  2.62e+05	-22.7073 49.2142 0.6568	
86.644955 284.738274	7.60e-01  8.70e-01  2.28e+05	-34.6741 65.7875 0.6029	
86.644955 284.738274	4.81e-01  9.22e-01  2.50e+05	3.6952 62.1576 0.7203	
86.644955 284.738274	4.14e-01  7.43e-01  2.78e+05	-4.4441 40.7862 0.7619	
86.644955 284.738274	5.46e-01  9.57e-01  2.40e+05	33.4942 59.2689 0.8895	
86.644955 284.738274	3.31e-01  8.07e-01  2.81e+05	-15.5192 35.2932 0.3495	
86.644955 284.738274	6.60e-01  9.10e-01  2.34e+05	-2.2047 71.5014 0.4953	
86.644955 284.738274	4.64e-01  9.63e-01  2.47e+05	-21.0747 60.1647 0.4911	
86.644955 284.738274	4.70e-01  7.07e-01  2.76e+05	-0.6093 43.2991 0.3527	
86.644955 284.738274	4.51e-01  8.65e-01  2.59e+05	-19.4466 52.6045 0.6863	
86.644955 284.738274	7.69e-01  8.44e-01  2.30e+05	0.5145 73.5891 0.6811	
86.644955 284.738274	3.51e-01  9.45e-01  2.61e+05	-12.0923 53.1859 0.7831	
86.644955 284.738274	4.61e-01  7.08e-01  2.77e+05	10.6623 40.9712 0.6905	
86.644955 284.738274	7.39e-01  8.70e-01  2.30e+05	16.9750 71.3932 0.5907	
86.644955 284.738274	4.42e-01  8.00e-01  2.68e+05	11.2898 48.6381 0.9615	
86.644955 284.738274	4.97e-01  8.10e-01  2.60e+05	22.3005 50.6944 0.6449	
86.644955 284.738274	4.97e-01  8.53e-01  2.55e+05	17.8235 55.8650 0.9025	
86.644955 284.738274	6.41e-01  8.69e-01  2.39e+05	-32.0012 60.5917 0.1901	
86.644955 284.738274	6.12e-01  7.04e-01  2.59e+05	10.5094 55.0896 0.2517	
86.644955 284.738274	6.03e-01  8.00e-01  2.50e+05	-12.8140 60.8969 0.2540	
86.644955 284.738274	4.93e-01  8.85e-01  2.52e+05	26.7776 54.3045 0.3989	
86.644955 284.738274	5.26e-01  8.80e-01  2.49e+05	-4.4303 62.2692 0.6520	
86.644955 284.738274	4.77e-01  7.70e-01  2.67e+05	-0.3390 50.3945 0.4773	
86.644955 284.738274	7.65e-01  9.53e-01  2.21e+05	-14.5301 76.7080 0.7911	
86.644955 284.738274	6.58e-01  8.20e-01  2.42e+05	39.7335 53.6247 0.9931	
86.644955 284.738274	4.28e-01  9.25e-01  2.55e+05	10.4442 57.9246 0.6640	
86.644955 284.738274	4.08e-01  9.12e-01  2.59e+05	17.3523 53.7323 0.8447	
86.644955 284.738274	6.79e-01  8.82e-01  2.34e+05	42.5772 56.9937 0.0796	
86.644955 284.738274	4.77e-01  7.91e-01  2.65e+05	-16.4836 49.5562 0.6828	
86.644955 284.738274	6.78e-01  8.63e-01  2.36e+05	-8.6438 69.6099 0.2130	
86.644955 284.738274	7.03e-01  9.56e-01  2.26e+05	3.0199 75.5950 0.0954	
86.644955 284.738274	4.61e-01  7.80e-01  2.68e+05	8.3292 49.1671 0.2986	
86.644955 284.738274	6.53e-01  8.42e-01  2.41e+05	-9.9784 66.9239 0.7279	
86.644955 284.738274	5.83e-01  8.55e-01  2.46e+05	27.7984 58.0910 0.2288	
86.644955 284.738274	5.05e-01  7.95e-01  2.61e+05	0.7363 54.8768 0.7393	
86.644955 284.738274	6.30e-01  7.39e-01  2.53e+05	13.5203 58.4408 0.1237	
86.644955 284.738274	5.86e-01  8.19e-01  2.50e+05	-0.7015 62.3595 0.4892	
86.644955 284.738274	6.83e-01  8.02e-01  2.42e+05	-10.5666 66.3038 0.4403	
86.644955 284.738274	6.36e-01  8.51e-01  2.41e+05	28.1539 61.0299 0.1448	
86.644955 284.738274	5.76e-01  7.67e-01  2.56e+05	-12.7948 56.7651 0.3300	
86.644955 284.738274	5.38e-01  8.30e-01  2.53e+05	0.1315 59.9580 0.7749	
86.644955 284.738274	5.68e-01  7.36e-01  2.60e+05	3.3195 55.1183 0.2446	
86.644955 284.738274	7.41e-01  9.46e-01  2.23e+05	-17.7148 74.7295 0.2264	
86.644955 284.738274	6.47e-01  8.72e-01  2.38e+05	11.8250 67.9674 0.4149	
86.644955 284.738274	4.68e-01  8.72e-01  2.56e+05	15.4724 55.8600 0.0732	
86.644955 284.738274	5.47e-01  8.17e-01  2.54e+05	-8.6169 58.9781 0.5693	
86.644955 284.738274	6.10e-01  8.55e-01  2.44e+05	8.8114 65.3900 0.1162	
86.644955 284.738274	4.90e-01  7.58e-01  2.67e+05	8.4993 49.7238 0.8597	
86.644955 284.738274	5.74e-01  6.53e-01  2.69e+05	4.1459 48.4062 0.5649	
86.644955 284.738274	4.30e-01  7.52e-01  2.75e+05	-24.8432 36.0512 0.5286	
86.644955 284.738274	6.05e-01  7.46e-01  2.55e+05	-8.7080 58.0752 0.5965	
86.644955 284.738274	6.34e-01  8.46e-01  2.42e+05	6.4880 66.5261 0.8161	
86.644955 284.738274	4.49e-01  9.52e-01  2.50e+05	1.4470 62.1359 0.8350	
86.644955 284.738274	4.35e-01  8.97e-01  2.57e+05	7.0048 56.9023 0.9830	
86.644955 284.738274	6.01e-01  7.37e-01  2.57e+05	-4.2977 57.6254 0.9633	
86.644955 284.738274	6.38e-01  8.70e-01  2.39e+05	11.5513 67.3952 0.7624	
86.644955 284.738274	8.49e-01  8.67e-01  2.21e+05	2.3239 77.9786 0.3545	
86.644955 284.738274	5.71e-01  7.67e-01  2.57e+05	-0.1321 57.7876 0.5231	
86.644955 284.738274	6.59e-01  7.76e-01  2.47e+05	-23.5422 59.7177 0.6528	
86.644955 284.738274	6.93e-01  9.18e-01  2.30e+05	14.6808 71.9948 0.0902	
86.644955 284.738274	4.72e-01  7.82e-01  2.66e+05	2.6392 50.9259 0.8429	
86.644955 284.738274	4.84e-01  9.15e-01  2.50e+05	3.1541 61.8999 0.9035	
86.644955 284.738274	5.91e-01  8.34e-01  2.47e+05	-6.1151 63.3471 0.7254	
86.644955 284.738274	5.59e-01  6.99e-01  2.66e+05	6.9350 50.8737 0.2699	
86.644955 284.738274	6.35e-01  9.04e-01  2.36e+05	-30.4094 63.0930 0.7923	
86.644955 284.738274	6.88e-01  8.13e-01  2.40e+05	6.6997 67.6949 0.4712	
86.644955 284.738274	5.93e-01  6.39e-01  2.69e+05	2.0531 48.8829 0.6631	
86.644955 284.738274	5.34e-01  8.51e-01  2.52e+05	-0.0452 61.0592 0.9931	
86.644955 284.738274	4.86e-01  7.19e-01  2.72e+05	-1.7399 46.3234 0.2872	
86.644955 284.738274	7.01e-01  8.88e-01  2.32e+05	-6.9800 72.1274 0.0449	
86.644955 284.738274	6.16e-01  8.48e-01  2.44e+05	14.0833 64.3899 0.4726	
86.644955 284.738274	5.31e-01  9.80e-01  2.39e+05	-17.8053 66.1529 0.0126	
86.644955 284.738274	6.96e-01  8.32e-01  2.37e+05	-4.4273 69.3192 0.1478	
86.644955 284.738274	6.98e-01  7.73e-01  2.43e+05	24.0050 61.8450 0.7278	
86.644955 284.738274	4.07e-01  8.62e-01  2.65e+05	-0.5240 52.2972 0.1497	
86.644955 284.738274	3.45e-01  8.91e-01  2.68e+05	-12.4973 47.7253 0.4345	
86.644955 284.738274	7.04e-01  9.11e-01  2.30e+05	-26.9950 68.5750 0.1451	
86.644955 284.738274	5.76e-01  9.48e-01  2.38e+05	-33.1114 60.8297 0.1929	
86.644955 284.738274	5.19e-01  7.28e-01  2.67e+05	25.3133 43.5562 0.5531	
86.644955 284.738274	7.55e-01  8.76e-01  2.28e+05	-17.2978 72.3607 0.1103	
86.644955 284.738274	7.27e-01  9.26e-01  2.26e+05	-3.9491 75.2919 0.9398	
86.644955 284.738274	4.78e-01  8.20e-01  2.61e+05	-6.1172 54.4000 0.0097	
86.644955 284.738274	4.64e-01  8.28e-01  2.62e+05	-16.5114 51.6801 0.3796	
86.644955 284.738274	7.09e-01  8.20e-01  2.37e+05	-4.7465 69.3544 0.4051	
86.644955 284.738274	4.08e-01  8.61e-01  2.64e+05	-10.6403 51.2739 0.6181	
86.644955 284.738274	6.22e-01  7.21e-01  2.56e+05	9.1024 57.4064 0.0096	
86.644955 284.738274	5.34e-01  8.80e-01  2.49e+05	-12.6230 61.6415 0.4513	
86.644955 284.738274	6.13e-01  7.34e-01  2.56e+05	28.6163 50.8962 0.0248	
86.644955 284.738274	5.72e-01  9.06e-01  2.42e+05	-12.6035 65.5030 0.9896	
86.644955 284.738274	6.22e-01  8.93e-01  2.39e+05	-14.7865 67.1575 0.0712	
86.644955 284.738274	6.96e-01  8.86e-01  2.33e+05	-1.4224 72.0919 0.2959	
86.644955 284.738274	4.99e-01  8.18e-01  2.59e+05	-21.7880 51.7684 0.7821	
86.644955 284.738274	5.19e-01  8.52e-01  2.53e+05	-2.8554 60.0305 0.5596	
86.644955 284.738274	4.69e-01  7.12e-01  2.75e+05	3.5500 43.6267 0.9947	
86.644955 284.738274	6.20e-01  7.49e-01  2.53e+05	6.1705 59.6558 0.6774	
86.644955 284.738274	5.36e-01  7.80e-01  2.59e+05	-2.8295 56.0233 0.1367	
86.644955 284.738274	3.93e-01  9.17e-01  2.60e+05	-8.6891 54.9855 0.0123	
86.644955 284.738274	4.85e-01  7.78e-01  2.65e+05	16.3302 49.1387 0.9835	
86.644955 284.738274	8.83e-01  9.24e-01  2.14e+05	33.4597 74.2825 0.3777	
86.644955 284.738274	6.22e-01  7.03e-01  2.58e+05	13.5515 55.2413 0.6369	
86.644955 284.738274	7.32e-01  9.02e-01  2.28e+05	-40.8707 62.3429 0.7359	
86.644955 284.738274	6.05e-01  8.14e-01  2.48e+05	-8.8724 62.6085 0.2583	
86.644955 284.738274	5.41e-01  7.55e-01  2.61e+05	17.2807 51.7978 0.3050	
86.644955 284.738274	5.67e-01  9.14e-01  2.42e+05	-36.2559 56.2414 0.4768	
86.644955 284.738274	4.38e-01  8.80e-01  2.59e+05	-10.3647 55.2858 0.6115	
86.644955 284.738274	5.40e-01  8.45e-01  2.52e+05	-6.6266 60.7124 0.1628	
86.644955 284.738274	5.04e-01  8.34e-01  2.57e+05	-1.1397 57.7406 0.0002	
86.644955 284.738274	5.28e-01  8.70e-01  2.50e+05	-27.6783 55.3442 0.3273	
86.644955 284.738274	6.67e-01  7.32e-01  2.50e+05	-1.2026 61.9068 0.1769	
86.644955 284.738274	6.25e-01  8.36e-01  2.44e+05	11.5509 64.7421 0.5042	
86.644955 284.738274	5.78e-01  8.63e-01  2.46e+05	-7.1951 64.2213 0.0307	
86.644955 284.738274	7.20e-01  8.05e-01  2.38e+05	-9.2596 68.6591 0.3009	
86.644955 284.738274	5.09e-01  9.06e-01  2.49e+05	23.2283 58.5327 0.8554	
86.644955 284.738274	5.92e-01  6.24e-01  2.71e+05	20.7403 42.6940 0.2434	
86.644955 284.738274	5.41e-01  9.48e-01  2.41e+05	26.4049 61.9297 0.2670	
86.644955 284.738274	6.62e-01  8.61e-01  2.38e+05	-18.4790 66.6591 0.7600	
86.644955 284.738274	5.64e-01  8.99e-01  2.44e+05	-4.5270 65.6943 0.1250	
86.644955 284.738274	7.16e-01  9.18e-01  2.28e+05	30.3125 68.0876 0.5196	
86.644955 284.738274	6.30e-01  6.69e-01  2.61e+05	-1.4806 54.8251 0.9860	
86.644955 284.738274	5.52e-01  8.50e-01  2.50e+05	17.1461 59.7694 0.8399	
86.644955 284.738274	5.55e-01  7.11e-01  2.65e+05	-1.9284 51.9966 0.3964	
86.644955 284.738274	5.65e-01  8.59e-01  2.48e+05	-2.8806 63.4637 0.5605	
86.644955 284.738274	5.70e-01  8.75e-01  2.45e+05	3.8653 64.7029 0.8394	
86.644955 284.738274	6.17e-01  7.95e-01  2.49e+05	-12.7439 61.4784 0.5122	
86.644955 284.738274	6.46e-01  7.35e-01  2.52e+05	20.2835 57.2905 0.9517	
86.644955 284.738274	5.40e-01  7.93e-01  2.57e+05	2.0056 57.3508 0.6973	
86.644955 284.738274	4.96e-01  8.58e-01  2.55e+05	22.5537 54.4457 0.8360	
86.644955 284.738274	5.71e-01  8.11e-01  2.52e+05	10.4182 59.9328 0.1246	
86.644955 284.738274	6.15e-01  6.55e-01  2.64e+05	2.7367 52.3501 0.4392	
86.644955 284.738274	8.02e-01  8.77e-01  2.24e+05	-23.0277 72.9199 0.7059	
86.644955 284.738274	5.99e-01  6.59e-01  2.66e+05	36.8212 35.7735 0.6790	
86.644955 284.738274	6.46e-01  9.05e-01  2.35e+05	-6.7447 70.2977 0.4633	
86.644955 284.738274	6.50e-01  7.56e-01  2.50e+05	-11.9818 61.2254 0.8394	
86.644955 284.738274	6.04e-01  9.18e-01  2.38e+05	-0.2176 69.1278 0.0993	
86.644955 284.738274	4.86e-01  9.16e-01  2.50e+05	-0.9647 62.1324 0.6097	
86.644955 284.738274	5.78e-01  8.51e-01  2.47e+05	-15.6388 61.9268 0.3305	
86.644955 284.738274	6.56e-01  9.39e-01  2.31e+05	20.0440 69.9645 0.1301	
86.644955 284.738274	5.62e-01  8.70e-01  2.47e+05	1.5192 64.0147 0.8656	
86.644955 284.738274	5.86e-01  9.37e-01  2.38e+05	18.0862 66.7445 0.4519	
86.644955 284.738274	7.55e-01  9.48e-01  2.22e+05	-0.9082 77.4784 0.7231	
86.644955 284.738274	6.33e-01  7.85e-01  2.48e+05	-16.0651 61.0986 0.6982	
86.644955 284.738274	5.74e-01  7.02e-01  2.64e+05	-13.2969 51.2019 0.2905	
86.644955 284.738274	4.10e-01  7.92e-01  2.73e+05	12.5418 44.3150 0.0991	
86.644955 284.738274	6.36e-01  8.01e-01  2.46e+05	14.9281 62.5446 0.6790	
86.644955 284.738274	5.86e-01  7.85e-01  2.53e+05	-12.1429 58.8653 0.2903	
86.644955 284.738274	6.93e-01  9.18e-01  2.30e+05	37.9004 62.9574 0.9385	
86.644955 284.738274	5.58e-01  7.46e-01  2.60e+05	9.3105 54.4334 0.4918	
86.644955 284.738274	6.54e-01  8.79e-01  2.37e+05	-39.9470 57.1003 0.5232	
86.644955 284.738274	4.98e-01  9.23e-01  2.48e+05	-13.7759 61.8229 0.3966	
86.644955 284.738274	3.29e-01  8.59e-01  2.74e+05	-4.2133 44.2552 0.5363	
86.644955 284.738274	4.80e-01  9.60e-01  2.46e+05	23.4863 60.0908 0.2429	
86.644955 284.738274	5.91e-01  6.79e-01  2.64e+05	13.3903 50.7366 0.7081	
86.644955 284.738274	5.36e-01  8.50e-01  2.52e+05	2.3892 61.0377 0.5492	
86.644955 284.738274	5.82e-01  7.46e-01  2.58e+05	-19.8793 53.3935 0.5132	
86.644955 284.738274	5.62e-01  8.59e-01  2.48e+05	-21.9464 59.4326 0.4245	
86.644955 284.738274	4.92e-01  6.80e-01  2.76e+05	-21.1390 37.1472 0.2618	
86.644955 284.738274	5.06e-01  8.93e-01  2.50e+05	5.0228 61.7350 0.4424	
86.644955 284.738274	6.64e-01  8.42e-01  2.40e+05	3.0780 68.2038 0.1727	
86.644955 284.738274	5.46e-01  8.67e-01  2.49e+05	-11.0495 61.8908 0.9067	
86.644955 284.738274	4.94e-01  6.89e-01  2.75e+05	-0.6907 44.0320 0.9797	
86.644955 284.738274	6.70e-01  7.22e-01  2.51e+05	1.9580 61.5258 0.7568	
86.644955 284.738274	7.10e-01  8.16e-01  2.38e+05	32.6992 61.1477 0.4058	
86.644955 284.738274	4.73e-01  8.18e-01  2.62e+05	15.4977 51.8566 0.6212	
86.644955 284.738274	6.47e-01  8.46e-01  2.41e+05	-26.3348 62.2317 0.6681	
86.644955 284.738274	6.98e-01  8.86e-01  2.32e+05	13.0258 71.0711 0.3854	
86.644955 284.738274	6.20e-01  9.16e-01  2.37e+05	-21.9203 66.2927 0.8963	
86.644955 284.738274	6.07e-01  8.27e-01  2.47e+05	-39.3727 50.6887 0.4558	
86.644955 284.738274	5.62e-01  8.35e-01  2.50e+05	-7.1992 61.4297 0.7461	
86.644955 284.738274	4.12e-01  8.23e-01  2.69e+05	9.2093 48.3930 0.8389	
86.644955 284.738274	6.06e-01  8.53e-01  2.44e+05	5.2478 65.4728 0.0200	
86.644955 284.738274	5.21e-01  6.91e-01  2.71e+05	0.3304 47.0043 0.0927	
86.644955 284.738274	6.48e-01  8.38e-01  2.41e+05	1.4848 67.1727 0.5593	
86.644955 284.738274	5.01e-01  8.75e-01  2.53e+05	-5.1053 60.2740 0.0014	
86.644955 284.738274	5.72e-01  8.82e-01  2.45e+05	11.1117 64.3925 0.9701	
86.644955 284.738274	5.26e-01  8.84e-01  2.49e+05	-3.8683 62.5635 0.4066	
86.644955 284.738274	3.06e-01  8.38e-01  2.80e+05	-1.5400 39.3291 0.2919	
86.644955 284.738274	6.02e-01  8.88e-01  2.41e+05	-8.1900 66.8885 0.9519	
86.644955 284.738274	3.83e-01  8.32e-01  2.71e+05	-5.3647 47.0437 0.1260	
86.644955 284.738274	5.51e-01  8.58e-01  2.49e+05	-16.7150 60.3035 0.3904	
86.644955 284.738274	5.58e-01  8.72e-01  2.47e+05	-8.9190 63.2682 0.9970	
86.644955 284.738274	6.14e-01  8.11e-01  2.47e+05	-18.6879 60.8344 0.0452	
86.644955 284.738274	5.68e-01  7.73e-01  2.56e+05	-2.9139 57.9245 0.4842	
86.644955 284.738274	5.45e-01  7.64e-01  2.60e+05	-4.9858 55.3502 0.7668	
86.644955 284.738274	4.49e-01  8.67e-01  2.59e+05	14.7583 54.1706 0.5100	
86.644955 284.738274	6.34e-01  7.33e-01  2.54e+05	3.4907 59.7233 0.2284	
86.644955 284.738274	5.55e-01  8.74e-01  2.47e+05	23.9254 59.2007 0.3696	
86.644955 284.738274	7.61e-01  9.13e-01  2.25e+05	-25.2068 71.9698 0.5138	
86.644955 284.738274	5.74e-01  7.10e-01  2.63e+05	10.0296 52.6556 0.3033	
86.644955 284.738274	5.93e-01  7.67e-01  2.54e+05	-31.9310 50.0045 0.9705	
86.644955 284.738274	4.74e-01  8.61e-01  2.57e+05	-5.3439 57.3094 0.0416	
86.644955 284.738274	6.70e-01  7.44e-01  2.49e+05	-16.0613 60.8431 0.1836	
86.644955 284.738274	6.36e-01  8.43e-01  2.42e+05	12.2604 65.6798 0.6479	
86.644955 284.738274	5.32e-01  8.16e-01  2.56e+05	-22.9411 53.8189 0.1278	
86.644955 284.738274	7.15e-01  8.81e-01  2.31e+05	-36.1008 63.2080 0.0698	
86.644955 284.738274	6.74e-01  7.53e-01  2.47e+05	17.9725 61.1136 0.6736	
86.644955 284.738274	5.58e-01  7.89e-01  2.56e+05	-22.7253 53.7933 0.8294	
86.644955 284.738274	5.87e-01  8.37e-01  2.48e+05	-6.6164 63.1781 0.3002	
86.644955 284.738274	6.57e-01  7.67e-01  2.48e+05	-19.3330 60.5274 0.4300	
86.644955 284.738274	5.06e-01  9.15e-01  2.48e+05	-13.8658 61.8557 0.5456	
86.644955 284.738274	6.52e-01  7.82e-01  2.47e+05	-5.1606 63.9317 0.2758	
86.644955 284.738274	3.38e-01  7.93e-01  2.82e+05	23.0555 29.6599 0.2649	
86.644955 284.738274	3.28e-01  7.53e-01  2.88e+05	10.1828 28.2393 0.2048	
86.644955 284.738274	6.39e-01  7.15e-01  2.55e+05	26.3384 52.7698 0.7322	
86.644955 284.738274	4.61e-01  8.62e-01  2.58e+05	32.0187 46.7743 0.4550	
86.644955 284.738274	5.18e-01  9.28e-01  2.45e+05	14.9204 63.1400 0.1114	
86.644955 284.738274	7.14e-01  8.37e-01  2.35e+05	5.3928 70.4504 0.1275	
86.644955 284.738274	6.10e-01  8.87e-01  2.40e+05	13.3980 66.4293 0.6538	
86.644955 284.738274	5.90e-01  7.12e-01  2.61e+05	32.0253 44.7568 0.1057	
86.644955 284.738274	4.16e-01  8.46e-01  2.65e+05	-7.7965 51.1425 0.7613	
86.644955 284.738274	6.81e-01  7.71e-01  2.45e+05	-0.5342 65.1816 0.8160	
86.644955 284.738274	6.31e-01  7.74e-01  2.50e+05	11.8137 61.2507 0.0269	
86.644955 284.738274	6.84e-01  9.11e-01  2.31e+05	-1.1343 72.7407 0.4130	
86.644955 284.738274	6.52e-01  7.75e-01  2.47e+05	-21.2311 60.1042 0.5598	
86.644955 284.738274	6.36e-01  8.03e-01  2.46e+05	18.0985 61.9005 0.7839	
86.644955 284.738274	5.04e-01  8.19e-01  2.58e+05	7.6067 56.1347 0.9205	
86.644955 284.738274	5.27e-01  8.07e-01  2.57e+05	10.4424 56.4867 0.7777	
86.644955 284.738274	5.77e-01  7.41e-01  2.59e+05	-8.0502 55.6999 0.6437	
86.644955 284.738274	4.94e-01  6.29e-01  2.83e+05	-10.3269 35.0004 0.6391	
86.644955 284.738274	5.50e-01  7.75e-01  2.58e+05	-6.7200 56.3910 0.7865	
86.644955 284.738274	6.05e-01  7.39e-01  2.56e+05	-20.7255 54.3595 0.4119	
86.644955 284.738274	6.57e-01  8.89e-01  2.36e+05	12.8590 69.1770 0.9994	
86.644955 284.738274	5.86e-01  8.76e-01  2.44e+05	6.5070 65.5163 0.5575	
86.644955 284.738274	5.04e-01  9.13e-01  2.48e+05	-17.4121 60.6598 0.8058	
86.644955 284.738274	5.42e-01  7.81e-01  2.58e+05	33.5323 45.7528 0.8669	
86.644955 284.738274	4.92e-01  7.92e-01  2.63e+05	-8.7141 52.8733 0.4332	
86.644955 284.738274	5.11e-01  8.59e-01  2.53e+05	2.4452 59.9559 0.6792	
86.644955 284.738274	6.43e-01  8.38e-01  2.42e+05	12.3492 65.7797 0.9680	
86.644955 284.738274	6.34e-01  6.92e-01  2.58e+05	11.6865 55.6118 0.1961	
86.644955 284.738274	5.76e-01  7.32e-01  2.60e+05	18.1669 52.4535 0.0875	
86.644955 284.738274	5.75e-01  8.69e-01  2.46e+05	6.0890 64.4685 0.3615	
86.644955 284.738274	4.67e-01  7.96e-01  2.65e+05	3.4845 51.7292 0.2356	
86.644955 284.738274	5.57e-01  8.22e-01  2.52e+05	6.0188 60.3106 0.4145	
86.644955 284.738274	6.31e-01  9.13e-01  2.36e+05	0.3298 70.2750 0.6272	
86.644955 284.738274	5.83e-01  8.64e-01  2.45e+05	37.5273 53.0140 0.8265	
86.644955 284.738274	7.07e-01  8.41e-01  2.36e+05	2.7494 70.4078 0.2032	
86.644955 284.738274	2.98e-01  9.08e-01  2.72e+05	-21.0334 41.4356 0.9102	
86.644955 284.738274	6.69e-01  8.53e-01  2.38e+05	-6.2952 68.8645 0.3326	
86.644955 284.738274	5.01e-01  7.87e-01  2.62e+05	7.2740 53.4409 0.6109	
86.644955 284.738274	5.49e-01  7.72e-01  2.59e+05	15.8797 54.1865 0.7445	
86.644955 284.738274	5.26e-01  8.70e-01  2.51e+05	-13.0017 60.3918 0.9931	
86.644955 284.738274	6.94e-01  8.99e-01  2.31e+05	-9.8614 72.0214 0.6003	
86.644955 284.738274	5.75e-01  8.29e-01  2.50e+05	23.6372 57.6522 0.1177	
86.644955 284.738274	6.81e-01  7.90e-01  2.43e+05	7.6921 65.8950 0.8361	
86.644955 284.738274	6.36e-01  7.46e-01  2.52e+05	18.9792 57.7929 0.4009	
86.644955 284.738274	5.24e-01  8.65e-01  2.51e+05	-1.7046 61.2699 0.9997	
86.644955 284.738274	6.01e-01  8.98e-01  2.40e+05	17.6995 65.5582 0.1449	
86.644955 284.738274	6.03e-01  6.96e-01  2.61e+05	-11.3380 53.6029 0.2340	
86.644955 284.738274	6.06e-01  7.33e-01  2.57e+05	6.5147 57.4359 0.4893	
86.644955 284.738274	5.34e-01  8.64e-01  2.50e+05	-3.6270 61.7875 0.1784	
86.644955 284.738274	6.66e-01  7.31e-01  2.50e+05	-3.6363 61.6990 0.8592	
86.644955 284.738274	5.00e-01  7.00e-01  2.73e+05	-11.8972 44.1901 0.8967	
86.644955 284.738274	8.31e-01  9.20e-01  2.18e+05	-10.2491 78.7245 0.4606	
86.644955 284.738274	7.88e-01  8.74e-01  2.25e+05	-27.2490 70.7029 0.5338	
86.644955 284.738274	6.40e-01  8.14e-01  2.45e+05	0.6640 65.3648 0.7074	
86.644955 284.738274	5.38e-01  8.49e-01  2.52e+05	-17.5238 58.5814 0.2550	
86.644955 284.738274	6.47e-01  8.07e-01  2.45e+05	-13.4511 63.9376 0.0182	
86.644955 284.738274	4.08e-01  7.91e-01  2.73e+05	14.4040 43.3148 0.0684	
86.644955 284.738274	7.54e-01  9.62e-01  2.21e+05	3.1164 77.9469 0.0626	
86.644955 284.738274	7.72e-01  9.33e-01  2.22e+05	3.0179 77.4972 0.6530	
86.644955 284.738274	5.49e-01  7.32e-01  2.63e+05	-2.7848 53.2294 0.2479	
86.644955 284.738274	5.94e-01  9.84e-01  2.33e+05	13.3085 70.7305 0.8613	
86.644955 284.738274	7.51e-01  7.73e-01  2.38e+05	13.6315 67.8661 0.6830	
86.644955 284.738274	4.49e-01  9.46e-01  2.51e+05	20.4516 58.2726 0.6544	
86.644955 284.738274	7.16e-01  8.71e-01  2.32e+05	6.3821 72.1008 0.4015	
86.644955 284.738274	4.44e-01  9.05e-01  2.56e+05	-13.0648 57.0947 0.5456	
86.644955 284.738274	4.87e-01  7.88e-01  2.64e+05	13.5547 51.0351 0.3955	
86.644955 284.738274	6.11e-01  8.42e-01  2.45e+05	9.5417 64.6184 0.1414	
86.644955 284.738274	5.13e-01  7.32e-01  2.67e+05	-1.1699 50.2186 0.1449	
86.644955 284.738274	6.92e-01  7.96e-01  2.41e+05	12.9978 66.0426 0.1786	
86.644955 284.738274	6.39e-01  7.50e-01  2.51e+05	17.8903 58.6728 0.1131	
86.644955 284.738274	5.86e-01  7.40e-01  2.58e+05	-3.6339 56.7506 0.4496	
86.644955 284.738274	6.16e-01  7.58e-01  2.53e+05	-6.5697 59.9610 0.8702	
86.644955 284.738274	7.53e-01  8.32e-01  2.32e+05	-3.6280 72.2014 0.1978	
86.644955 284.738274	7.05e-01  8.51e-01  2.35e+05	-6.6186 70.5719 0.4690	
86.644955 284.738274	4.94e-01  9.23e-01  2.48e+05	22.8746 58.8160 0.7269	
86.644955 284.738274	5.99e-01  8.17e-01  2.48e+05	5.8999 62.7650 0.3506	
86.644955 284.738274	7.48e-01  8.36e-01  2.32e+05	-8.5151 71.7062 0.3734	
86.644955 284.738274	4.90e-01  7.53e-01  2.68e+05	-8.6616 49.2307 0.8996	
86.644955 284.738274	5.69e-01  7.78e-01  2.56e+05	-9.0948 57.7067 0.8709	
86.644955 284.738274	6.95e-01  7.29e-01  2.48e+05	21.4476 59.8099 0.5574	
86.644955 284.738274	5.44e-01  7.77e-01  2.59e+05	32.0098 46.5377 0.2997	
86.644955 284.738274	5.89e-01  8.17e-01  2.49e+05	-9.2868 61.7193 0.7470	
86.644955 284.738274	4.75e-01  9.64e-01  2.46e+05	5.4535 64.2235 0.1251	
86.644955 284.738274	6.85e-01  8.51e-01  2.37e+05	-13.5137 68.5232 0.7416	
86.644955 284.738274	4.32e-01  7.97e-01  2.69e+05	-8.5922 47.9431 0.9056	
86.644955 284.738274	5.56e-01  8.89e-01  2.45e+05	10.1765 64.0639 0.0866	
86.644955 284.738274	7.48e-01  8.13e-01  2.34e+05	-16.5539 69.1303 0.9236	
86.644955 284.738274	6.64e-01  7.97e-01  2.44e+05	16.4881 63.6997 0.4972	
86.644955 284.738274	5.89e-01  7.83e-01  2.53e+05	11.8361 58.9776 0.2144	
86.644955 284.738274	4.77e-01  8.10e-01  2.63e+05	-25.8230 47.1698 0.2129	
86.644955 284.738274	5.27e-01  8.17e-01  2.56e+05	15.4316 56.1561 0.6049	
86.644955 284.738274	7.87e-01  9.22e-01  2.22e+05	17.8134 75.6525 0.9950	
86.644955 284.738274	5.17e-01  7.09e-01  2.70e+05	-3.0795 48.2613 0.5680	
86.644955 284.738274	5.16e-01  7.71e-01  2.62e+05	9.8060 52.8940 0.1313	
86.644955 284.738274	6.90e-01  7.62e-01  2.45e+05	25.5638 60.0071 0.6504	
86.644955 284.738274	4.76e-01  7.09e-01  2.75e+05	0.8966 44.1639 0.0458	
86.644955 284.738274	5.14e-01  6.60e-01  2.76e+05	-9.4556 41.9761 0.1200	
86.644955 284.738274	5.29e-01  7.11e-01  2.68e+05	-32.4960 37.6296 0.0783	
86.644955 284.738274	6.69e-01  8.54e-01  2.38e+05	-34.3241 60.0550 0.0537	
86.644955 284.738274	5.36e-01  9.21e-01  2.44e+05	41.4037 50.8245 0.5667	
86.644955 284.738274	4.63e-01  8.92e-01  2.55e+05	-23.3145 54.2152 0.9693	
86.644955 284.738274	5.73e-01  8.11e-01  2.52e+05	-10.5010 60.0443 0.1259	
86.644955 284.738274	5.73e-01  8.09e-01  2.52e+05	-3.5384 60.7906 0.1905	
86.644955 284.738274	4.27e-01  8.59e-01  2.63e+05	19.8831 49.8685 0.2254	
86.644955 284.738274	5.00e-01  9.22e-01  2.48e+05	-1.5890 63.4277 0.0066	
86.644955 284.738274	5.24e-01  8.73e-01  2.50e+05	0.6691 61.8301 0.4135	
86.644955 284.738274	8.14e-01  9.18e-01  2.20e+05	-20.0039 76.0712 0.2050	
86.644955 284.738274	5.02e-01  7.25e-01  2.70e+05	8.4842 47.7156 0.8069	
86.644955 284.738274	7.12e-01  8.09e-01  2.38e+05	-27.9435 63.1811 0.4273	
86.644955 284.738274	7.44e-01  9.13e-01  2.26e+05	-28.0120 70.1968 0.7637	
86.644955 284.738274	4.91e-01  8.95e-01  2.52e+05	6.7749 60.7377 0.2175	
86.644955 284.738274	7.68e-01  9.19e-01  2.23e+05	-5.0132 76.6364 0.5097	
86.644955 284.738274	4.71e-01  7.76e-01  2.67e+05	-11.6737 49.0034 0.7475	
86.644955 284.738274	7.68e-01  8.68e-01  2.28e+05	-23.2768 70.9137 0.6367	
86.644955 284.738274	6.81e-01  8.25e-01  2.39e+05	-8.3380 67.7834 0.8808	
86.644955 284.738274	5.92e-01  7.47e-01  2.57e+05	-23.9904 52.6622 0.7457	
86.644955 284.738274	7.42e-01  8.62e-01  2.30e+05	-32.5117 65.5705 0.9469	
86.644955 284.738274	4.81e-01  8.84e-01  2.54e+05	-7.5876 59.2065 0.8925	
86.644955 284.738274	7.95e-01  9.00e-01  2.23e+05	5.1662 76.9706 0.0327	
86.644955 284.738274	5.49e-01  9.45e-01  2.41e+05	-23.0398 63.5834 0.7530	
86.644955 284.738274	7.29e-01  7.79e-01  2.39e+05	16.7001 66.3192 0.3316	
86.644955 284.738274	4.43e-01  8.80e-01  2.58e+05	5.7772 56.3488 0.5866	
86.644955 284.738274	4.67e-01  6.77e-01  2.80e+05	-6.0947 38.9379 0.8501	
86.644955 284.738274	6.98e-01  9.01e-01  2.31e+05	-7.6659 72.5060 0.5175	
86.644955 284.738274	5.79e-01  8.78e-01  2.44e+05	39.7479 52.0940 0.7295	
86.644955 284.738274	6.30e-01  9.01e-01  2.37e+05	2.4847 69.5571 0.1418	
86.644955 284.738274	7.62e-01  8.37e-01  2.31e+05	4.1708 72.8252 0.9398	
86.644955 284.738274	5.26e-01  9.25e-01  2.45e+05	2.1639 65.1784 0.2961	
86.644955 284.738274	6.44e-01  7.41e-01  2.52e+05	-3.2566 60.9245 0.4515	
86.644955 284.738274	5.30e-01  8.32e-01  2.54e+05	-10.2857 58.5234 0.1401	
86.644955 284.738274	6.00e-01  8.58e-01  2.44e+05	10.1980 64.7507 0.7650	
86.644955 284.738274	5.48e-01  7.45e-01  2.62e+05	10.9164 53.1993 0.0637	
86.644955 284.738274	6.02e-01  7.86e-01  2.51e+05	12.6846 59.8946 0.6750	
86.644955 284.738274	5.93e-01  8.37e-01  2.47e+05	-4.1585 63.7445 0.4129	
86.644955 284.738274	6.48e-01  7.93e-01  2.46e+05	16.8995 62.3090 0.7677	
86.644955 284.738274	4.54e-01  7.73e-01  2.70e+05	23.8030 42.2699 0.1883	
86.644955 284.738274	5.18e-01  8.45e-01  2.54e+05	5.5201 59.2975 0.8571	
86.644955 284.738274	5.56e-01  7.02e-01  2.66e+05	-11.9212 49.9361 0.0695	
86.644955 284.738274	4.85e-01  8.32e-01  2.59e+05	2.2800 56.1486 0.2505	
86.644955 284.738274	6.12e-01  8.07e-01  2.48e+05	-21.1959 59.5907 0.3156	
86.644955 284.738274	7.30e-01  7.78e-01  2.39e+05	12.1637 67.2753 0.9117	
86.644955 284.738274	6.45e-01  8.68e-01  2.39e+05	-1.0085 68.6408 0.2615	
86.644955 284.738274	5.77e-01  8.77e-01  2.45e+05	12.8687 64.0753 0.0188	
86.644955 284.738274	5.31e-01  8.55e-01  2.52e+05	-7.1866 60.6715 0.3358	
86.644955 284.738274	4.77e-01  7.34e-01  2.71e+05	-24.4665 40.0679 0.7590	
86.644955 284.738274	3.94e-01  8.69e-01  2.65e+05	3.4830 51.7008 0.1766	
86.644955 284.738274	5.75e-01  7.61e-01  2.57e+05	-2.3046 57.5910 0.9557	
86.644955 284.738274	5.92e-01  7.23e-01  2.59e+05	-2.5686 55.9984 0.1681	
86.644955 284.738274	5.14e-01  8.38e-01  2.55e+05	21.3845 54.7878 0.1488	
86.644955 284.738274	5.99e-01  7.16e-01  2.59e+05	-12.3110 54.6191 0.9477	
86.644955 284.738274	3.93e-01  8.89e-01  2.63e+05	4.9541 53.1639 0.1895	
86.644955 284.738274	7.63e-01  7.82e-01  2.36e+05	3.6794 70.2049 0.9977	
86.644955 284.738274	5.35e-01  8.36e-01  2.53e+05	2.8511 60.0074 0.3464	
86.644955 284.738274	5.43e-01  8.74e-01  2.48e+05	-24.3000 58.2745 0.7769	
86.644955 284.738274	6.49e-01  9.03e-01  2.35e+05	1.7975 70.6365 0.0633	
86.644955 284.738274	6.05e-01  8.41e-01  2.45e+05	-8.2381 64.4020 0.5077	
86.644955 284.738274	7.09e-01  7.88e-01  2.40e+05	-4.9427 67.6404 0.3222	
86.644955 284.738274	4.19e-01  9.39e-01  2.55e+05	0.2206 59.1802 0.9316	
86.644955 284.738274	5.24e-01  7.48e-01  2.64e+05	5.4104 52.3063 0.5608	
86.644955 284.738274	4.54e-01  7.65e-01  2.70e+05	7.0927 47.2337 0.4902	
86.644955 284.738274	5.47e-01  8.92e-01  2.46e+05	-7.0108 64.1024 0.2554	
86.644955 284.738274	6.85e-01  8.40e-01  2.38e+05	12.0275 68.2650 0.7897	
86.644955 284.738274	6.05e-01  7.47e-01  2.55e+05	-33.6505 48.1132 0.4974	
86.644955 284.738274	7.16e-01  9.22e-01  2.28e+05	-33.6190 66.6956 0.8137	
86.644955 284.738274	5.28e-01  8.02e-01  2.58e+05	-20.7199 53.3096 0.5509	
86.644955 284.738274	6.42e-01  8.96e-01  2.36e+05	35.5523 60.2646 0.6583	
86.644955 284.738274	5.85e-01  7.98e-01  2.52e+05	25.2336 55.4497 0.2847	
86.644955 284.738274	5.46e-01  8.17e-01  2.54e+05	2.3326 59.5159 0.5881	
86.644955 284.738274	7.17e-01  8.53e-01  2.34e+05	-7.4200 71.1921 0.8054	
86.644955 284.738274	5.80e-01  7.87e-01  2.54e+05	1.5619 59.7698 0.2409	
86.644955 284.738274	7.02e-01  7.22e-01  2.48e+05	-28.1580 56.9818 0.4029	
86.644955 284.738274	6.29e-01  7.46e-01  2.53e+05	-6.2846 60.0269 0.7535	
86.644955 284.738274	5.89e-01  8.04e-01  2.51e+05	-30.2169 53.6768 0.8444	
86.644955 284.738274	6.67e-01  6.91e-01  2.55e+05	-35.5668 47.3287 0.0119	
86.644955 284.738274	5.27e-01  8.37e-01  2.54e+05	-2.2886 59.5651 0.1932	
86.644955 284.738274	6.79e-01  9.41e-01  2.29e+05	-34.9049 65.1692 0.4698	
86.644955 284.738274	6.46e-01  8.67e-01  2.39e+05	-33.1809 60.0933 0.3522	
86.644955 284.738274	4.21e-01  8.78e-01  2.61e+05	24.6398 48.9278 0.5436	
86.644955 284.738274	5.38e-01  7.98e-01  2.57e+05	1.6254 57.6258 0.4011	
86.644955 284.738274	5.30e-01  6.78e-01  2.72e+05	-3.5666 46.4148 0.8131	
86.644955 284.738274	6.28e-01  8.58e-01  2.41e+05	22.6993 63.2590 0.8499	
86.644955 284.738274	3.88e-01  7.95e-01  2.75e+05	-14.4092 41.5430 0.3637	
86.644955 284.738274	4.34e-01  7.96e-01  2.69e+05	7.4573 48.2683 0.4972	
86.644955 284.738274	6.80e-01  8.07e-01  2.41e+05	-5.6274 66.9689 0.6089	
86.644955 284.738274	5.94e-01  8.94e-01  2.41e+05	5.5170 67.0934 0.5448	
86.644955 284.738274	5.76e-01  7.72e-01  2.56e+05	-8.5941 57.8783 0.2323	
86.644955 284.738274	4.84e-01  6.43e-01  2.82e+05	9.8236 35.7163 0.1131	
86.644955 284.738274	8.39e-01  8.60e-01  2.22e+05	10.5152 76.6029 0.8533	
86.644955 284.738274	5.47e-01  9.02e-01  2.45e+05	-39.9438 51.3011 0.6400	
86.644955 284.738274	4.91e-01  7.93e-01  2.63e+05	1.8322 53.5577 0.7758	
86.644955 284.738274	4.86e-01  8.67e-01  2.55e+05	-3.0630 58.8051 0.1377	
86.644955 284.738274	5.43e-01  8.58e-01  2.50e+05	-13.3347 60.6647 0.2927	
86.644955 284.738274	6.26e-01  6.94e-01  2.59e+05	6.5044 56.0941 0.5633	
86.644955 284.738274	5.98e-01  7.93e-01  2.51e+05	16.6514 59.1807 0.1706	
86.644955 284.738274	5.08e-01  7.60e-01  2.65e+05	-24.9621 45.8727 0.0781	
86.644955 284.738274	4.85e-01  9.63e-01  2.45e+05	13.8503 63.4965 0.1638	
86.644955 284.738274	6.59e-01  8.34e-01  2.41e+05	24.1139 63.1293 0.5165	
86.644955 284.738274	5.88e-01  7.01e-01  2.62e+05	-8.0500 53.3839 0.2193	
86.644955 284.738274	6.24e-01  8.47e-01  2.43e+05	-22.3681 62.4557 0.5713	
86.644955 284.738274	4.52e-01  9.34e-01  2.52e+05	3.6703 61.0075 0.0775	
86.644955 284.738274	4.34e-01  7.92e-01  2.70e+05	-0.0605 48.4178 0.7505	
86.644955 284.738274	4.17e-01  8.66e-01  2.63e+05	5.3792 53.1819 0.8374	
86.644955 284.738274	7.08e-01  8.69e-01  2.33e+05	31.1408 64.7746 0.2639	
86.644955 284.738274	6.52e-01  7.93e-01  2.46e+05	-8.3341 64.2693 0.0971	
86.644955 284.738274	4.95e-01  8.59e-01  2.55e+05	1.4564 58.8968 0.3558	
86.644955 284.738274	3.86e-01  8.15e-01  2.73e+05	12.4198 44.1739 0.2856	
86.644955 284.738274	6.88e-01  7.90e-01  2.42e+05	25.6703 61.6315 0.2066	
86.644955 284.738274	7.75e-01  8.95e-01  2.25e+05	-17.2631 74.1117 0.3641	
86.644955 284.738274	6.85e-01  7.43e-01  2.47e+05	-5.6835 63.5416 0.8574	
86.644955 284.738274	4.29e-01  7.93e-01  2.70e+05	-5.5632 47.7288 0.8559	
86.644955 284.738274	6.08e-01  9.42e-01  2.35e+05	-1.7067 70.5038 0.2997	
86.644955 284.738274	5.48e-01  7.34e-01  2.63e+05	10.4256 52.3805 0.3105	
86.644955 284.738274	5.61e-01  6.79e-01  2.68e+05	-12.9444 48.0245 0.4485	
86.644955 284.738274	5.29e-01  7.44e-01  2.64e+05	40.2558 33.9265 0.6264	
86.644955 284.738274	6.28e-01  7.68e-01  2.51e+05	-23.7959 56.9976 0.7416	
86.644955 284.738274	6.08e-01  8.67e-01  2.43e+05	-14.1698 64.9959 0.4276	
86.644955 284.738274	6.44e-01  9.37e-01  2.33e+05	11.2441 71.2172 0.2844	
86.644955 284.738274	6.88e-01  8.06e-01  2.41e+05	11.3824 66.6728 0.7455	
86.644955 284.738274	5.28e-01  7.73e-01  2.61e+05	22.1129 50.3051 0.7974	
86.644955 284.738274	4.75e-01  7.80e-01  2.66e+05	3.9096 50.9363 0.7404	
86.644955 284.738274	5.39e-01  8.03e-01  2.56e+05	26.3555 51.7384 0.0002	
86.644955 284.738274	4.99e-01  7.83e-01  2.63e+05	2.2398 53.4070 0.7473	
86.644955 284.738274	6.54e-01  8.71e-01  2.38e+05	12.4660 68.1602 0.4723	
86.644955 284.738274	5.29e-01  7.78e-01  2.60e+05	8.5290 54.7373 0.5491	
86.644955 284.738274	4.18e-01  6.99e-01  2.84e+05	4.2505 35.4777 0.7817	
86.644955 284.738274	6.44e-01  8.31e-01  2.43e+05	9.8030 65.8346 0.7144	
86.644955 284.738274	5.35e-01  8.46e-01  2.52e+05	17.6515 58.1966 0.3387	
86.644955 284.738274	4.94e-01  9.03e-01  2.50e+05	13.2241 60.3670 0.5995	
86.644955 284.738274	6.06e-01  8.25e-01  2.47e+05	-0.6469 63.9894 0.3940	
86.644955 284.738274	5.75e-01  8.40e-01  2.49e+05	-12.8384 61.6458 0.4912	
86.644955 284.738274	5.43e-01  8.68e-01  2.49e+05	-6.6174 62.3751 0.5542	
86.644955 284.738274	5.59e-01  7.87e-01  2.56e+05	-3.3922 58.3096 0.9792	
86.644955 284.738274	8.20e-01  9.88e-01  2.14e+05	3.9015 81.4141 0.1661	
86.644955 284.738274	6.53e-01  8.14e-01  2.43e+05	-31.5719 58.0800 0.0821	
86.644955 284.738274	4.90e-01  7.88e-01  2.63e+05	2.4960 53.0164 0.9244	
86.644955 284.738274	5.79e-01  8.29e-01  2.49e+05	-17.3916 60.0821 0.3996	
86.644955 284.738274	4.95e-01  7.87e-01  2.63e+05	5.6822 53.1169 0.5022	
86.644955 284.738274	5.01e-01  8.67e-01  2.54e+05	-8.8707 59.1992 0.2606	
86.644955 284.738274	5.63e-01  6.99e-01  2.65e+05	-3.3236 51.5668 0.4274	
86.644955 284.738274	6.14e-01  7.90e-01  2.50e+05	7.0979 61.9009 0.8232	
86.644955 284.738274	4.04e-01  9.45e-01  2.56e+05	-40.4203 42.2971 0.3266	
86.644955 284.738274	6.90e-01  7.80e-01  2.43e+05	-17.2727 63.9889 0.1473	
86.644955 284.738274	6.48e-01  7.78e-01  2.47e+05	-18.9257 60.7827 0.3021	
86.644955 284.738274	5.73e-01  8.66e-01  2.46e+05	-6.8643 64.0991 0.6186	
86.644955 284.738274	6.76e-01  9.45e-01  2.29e+05	27.4269 68.7004 0.5023	
86.644955 284.738274	5.43e-01  9.07e-01  2.45e+05	21.3320 61.5007 0.5605	
86.644955 284.738274	5.73e-01  7.71e-01  2.56e+05	-19.0507 55.0159 0.0481	
86.644955 284.738274	7.42e-01  9.17e-01  2.26e+05	5.7407 75.4022 0.0783	
86.644955 284.738274	7.14e-01  7.83e-01  2.40e+05	-3.9414 67.7209 0.4772	
86.644955 284.738274	6.29e-01  8.50e-01  2.42e+05	-0.4708 66.7816 0.4269	
86.644955 284.738274	5.29e-01  7.31e-01  2.66e+05	0.5127 51.5175 0.3547	
86.644955 284.738274	4.23e-01  8.52e-01  2.64e+05	-11.2690 51.5523 0.9129	
86.644955 284.738274	7.02e-01  7.66e-01  2.43e+05	-31.1138 58.4044 0.7066	
86.644955 284.738274	4.29e-01  8.46e-01  2.64e+05	10.3970 51.7799 0.8385	
86.644955 284.738274	6.79e-01  8.92e-01  2.33e+05	-5.2139 71.3947 0.1058	
86.644955 284.738274	5.09e-01  7.70e-01  2.63e+05	43.0752 31.1941 0.4545	
86.644955 284.738274	4.94e-01  8.19e-01  2.59e+05	-14.7627 53.9349 0.9646	
86.644955 284.738274	5.55e-01  8.46e-01  2.50e+05	24.6917 56.9985 0.1659	
86.644955 284.738274	4.88e-01  9.33e-01  2.48e+05	-19.7008 60.2767 0.3841	
86.644955 284.738274	5.97e-01  9.23e-01  2.38e+05	-21.2976 65.6858 0.4879	
86.644955 284.738274	4.06e-01  9.00e-01  2.60e+05	-3.1852 55.2858 0.0230	
86.644955 284.738274	4.80e-01  6.88e-01  2.77e+05	-13.4976 40.0262 0.6777	
86.644955 284.738274	6.78e-01  7.18e-01  2.50e+05	19.6734 58.6198 0.2085	
86.644955 284.738274	6.60e-01  8.74e-01  2.37e+05	-2.8700 69.6755 0.4513	
86.644955 284.738274	6.40e-01  8.82e-01  2.38e+05	37.5982 58.0467 0.4193	
86.644955 284.738274	6.20e-01  9.18e-01  2.37e+05	9.9912 69.2256 0.8042	
86.644955 284.738274	6.53e-01  8.07e-01  2.44e+05	8.8030 65.0956 0.6007	
86.644955 284.738274	4.15e-01  8.80e-01  2.62e+05	17.1482 51.6652 0.7467	
86.644955 284.738274	5.93e-01  7.71e-01  2.54e+05	2.7176 59.5954 0.1110	
86.644955 284.738274	4.10e-01  9.24e-01  2.57e+05	-3.5458 57.4324 0.8137	
86.644955 284.738274	6.68e-01  7.57e-01  2.48e+05	-2.1824 63.5811 0.7460	
86.644955 284.738274	4.89e-01  7.29e-01  2.71e+05	-8.1120 46.9226 0.5547	
86.644955 284.738274	4.85e-01  8.46e-01  2.58e+05	21.5566 53.0192 0.5252	
86.644955 284.738274	4.00e-01  8.83e-01  2.63e+05	-6.5433 53.0933 0.4751	
86.644955 284.738274	4.64e-01  7.71e-01  2.69e+05	-11.4974 47.9196 0.6183	
86.644955 284.738274	6.09e-01  7.78e-01  2.52e+05	-11.4390 60.0701 0.2135	
86.644955 284.738274	7.58e-01  8.10e-01  2.34e+05	-4.1638 71.3262 0.7585	
86.644955 284.738274	5.89e-01  9.00e-01  2.41e+05	-34.6997 57.7044 0.9506	
86.644955 284.738274	7.41e-01  9.09e-01  2.27e+05	-28.5485 69.5815 0.4023	
86.644955 284.738274	5.52e-01  8.54e-01  2.50e+05	-25.3145 57.0029 0.9645	
