86.644955 284.738274	8.54e-01  8.95e-01  1.85e+05	-0.0000 76.0162 0.7119	
86.644955 284.738274	5.06e-01  9.69e-01  2.06e+05	-6.2823 63.4571 0.7925	
86.644955 284.738274	7.80e-01  9.13e-01  1.89e+05	-15.5194 72.2495 0.0160	
86.644955 284.738274	7.17e-01  8.40e-01  1.99e+05	-50.1076 45.8694 0.9400	
86.644955 284.738274	4.31e-01  8.23e-01  2.26e+05	27.7883 40.2287 0.7280	
86.644955 284.738274	5.89e-01  8.15e-01  2.12e+05	11.9418 58.5229 0.5151	
86.644955 284.738274	4.59e-01  7.81e-01  2.27e+05	-6.1320 47.3434 0.6301	
86.644955 284.738274	5.41e-01  8.23e-01  2.15e+05	20.5351 53.2934 0.4580	
86.644955 284.738274	2.73e-01  8.70e-01  2.37e+05	-4.8935 37.3464 0.7592	
86.644955 284.738274	4.73e-01  8.34e-01  2.21e+05	4.8750 52.8983 0.1263	
86.644955 284.738274	3.42e-01  9.00e-01  2.27e+05	-10.9787 46.5539 0.4390	
86.644955 284.738274	7.01e-01  9.23e-01  1.94e+05	-33.9019 62.3995 0.2260	
86.644955 284.738274	6.76e-01  7.34e-01  2.11e+05	-10.5679 59.1319 0.8974	
86.644955 284.738274	6.67e-01  8.17e-01  2.05e+05	14.6956 62.6103 0.4091	
86.644955 284.738274	5.09e-01  8.60e-01  2.15e+05	14.3033 55.6618 0.7631	
86.644955 284.738274	5.45e-01  7.37e-01  2.23e+05	-2.2060 51.1979 0.3330	
86.644955 284.738274	5.74e-01  9.85e-01  1.99e+05	-5.3346 67.8784 0.8898	
86.644955 284.738274	5.15e-01  8.69e-01  2.13e+05	14.7667 56.5894 0.2965	
86.644955 284.738274	7.63e-01  9.16e-01  1.90e+05	13.4144 72.0632 0.9784	
86.644955 284.738274	5.88e-01  7.65e-01  2.16e+05	5.4038 56.1739 0.7465	
86.644955 284.738274	4.80e-01  8.29e-01  2.20e+05	27.3476 45.7036 0.4731	
86.644955 284.738274	3.31e-01  8.27e-01  2.36e+05	13.7511 36.9633 0.3863	
86.644955 284.738274	5.99e-01  7.68e-01  2.15e+05	25.9325 51.1229 0.9203	
86.644955 284.738274	3.15e-01  8.62e-01  2.34e+05	7.8661 40.8033 0.7337	
86.644955 284.738274	4.84e-01  8.38e-01  2.19e+05	16.5395 51.6270 0.3371	
86.644955 284.738274	5.03e-01  7.76e-01  2.23e+05	-6.1632 50.6064 0.1999	
86.644955 284.738274	5.02e-01  6.68e-01  2.35e+05	-15.7790 37.5283 0.5950	
86.644955 284.738274	5.54e-01  7.57e-01  2.20e+05	31.8800 42.9321 0.3361	
86.644955 284.738274	5.46e-01  7.30e-01  2.24e+05	-3.1473 50.5815 0.0573	
86.644955 284.738274	6.11e-01  9.48e-01  1.99e+05	33.6631 59.1884 0.0068	
86.644955 284.738274	5.78e-01  7.21e-01  2.21e+05	-6.8930 52.0134 0.9594	
86.644955 284.738274	3.46e-01  9.27e-01  2.24e+05	9.8541 49.5043 0.4534	
86.644955 284.738274	5.13e-01  9.46e-01  2.07e+05	-8.8973 62.2852 0.7711	
86.644955 284.738274	6.82e-01  8.00e-01  2.05e+05	-3.0215 64.1156 0.7156	
86.644955 284.738274	5.47e-01  6.83e-01  2.28e+05	25.0479 39.4735 0.1569	
86.644955 284.738274	7.91e-01  9.37e-01  1.87e+05	18.1286 73.0134 0.0958	
86.644955 284.738274	6.36e-01  7.67e-01  2.12e+05	5.6846 59.3559 0.1073	
86.644955 284.738274	3.66e-01  8.49e-01  2.30e+05	2.0895 45.3221 0.3644	
86.644955 284.738274	5.74e-01  9.65e-01  2.00e+05	-11.1152 66.1803 0.9126	
86.644955 284.738274	6.57e-01  7.32e-01  2.13e+05	9.6937 57.9381 0.9913	
86.644955 284.738274	5.74e-01  9.63e-01  2.01e+05	-22.2549 63.1855 0.8080	
86.644955 284.738274	6.13e-01  9.29e-01  2.00e+05	-15.1357 65.5183 0.3392	
86.644955 284.738274	4.10e-01  8.49e-01  2.25e+05	7.9870 48.6567 0.9362	
86.644955 284.738274	6.79e-01  9.06e-01  1.97e+05	-13.5255 67.9483 0.1154	
86.644955 284.738274	2.67e-01  9.17e-01  2.33e+05	-23.1746 35.4334 0.6699	
86.644955 284.738274	4.91e-01  9.24e-01  2.11e+05	17.7074 57.7003 0.7800	
86.644955 284.738274	4.85e-01  8.79e-01  2.15e+05	14.5869 55.2165 0.6593	
86.644955 284.738274	4.72e-01  8.92e-01  2.15e+05	26.0438 50.8993 0.8731	
86.644955 284.738274	6.32e-01  9.24e-01  1.99e+05	26.3008 62.6262 0.8469	
86.644955 284.738274	6.24e-01  7.79e-01  2.12e+05	20.0076 56.1473 0.1745	
86.644955 284.738274	6.52e-01  8.36e-01  2.05e+05	40.9859 49.7858 0.4632	
86.644955 284.738274	4.94e-01  7.38e-01  2.28e+05	-12.0250 45.4146 0.1311	
86.644955 284.738274	7.17e-01  7.80e-01  2.04e+05	18.7247 62.2049 0.9813	
86.644955 284.738274	5.11e-01  8.33e-01  2.17e+05	-19.0654 52.3883 0.2179	
86.644955 284.738274	5.36e-01  7.51e-01  2.23e+05	15.1102 49.3347 0.8669	
86.644955 284.738274	5.21e-01  8.07e-01  2.19e+05	4.4423 54.5237 0.9212	
86.644955 284.738274	4.99e-01  8.24e-01  2.19e+05	-4.8376 54.0463 0.1191	
86.644955 284.738274	5.82e-01  6.31e-01  2.30e+05	-36.6115 26.3509 0.1632	
86.644955 284.738274	6.49e-01  7.80e-01  2.09e+05	-10.3796 60.3469 0.3772	
86.644955 284.738274	7.59e-01  8.15e-01  1.98e+05	-5.2506 68.5416 0.4006	
86.644955 284.738274	5.23e-01  7.50e-01  2.24e+05	-7.2219 49.9553 0.9720	
86.644955 284.738274	2.79e-01  9.03e-01  2.33e+05	30.4619 29.1009 0.5548	
86.644955 284.738274	5.61e-01  7.95e-01  2.16e+05	-14.2245 54.8318 0.0531	
86.644955 284.738274	5.76e-01  7.26e-01  2.21e+05	-22.7024 47.6179 0.3950	
86.644955 284.738274	5.00e-01  8.42e-01  2.17e+05	-15.4234 53.4634 0.5658	
86.644955 284.738274	4.94e-01  8.31e-01  2.19e+05	11.0358 53.3311 0.3092	
86.644955 284.738274	6.65e-01  8.56e-01  2.02e+05	-23.9222 61.7141 0.5018	
86.644955 284.738274	4.96e-01  9.34e-01  2.09e+05	25.7486 55.5967 0.7520	
86.644955 284.738274	6.49e-01  8.17e-01  2.06e+05	-16.4491 61.1426 0.9790	
86.644955 284.738274	4.32e-01  7.54e-01  2.33e+05	11.5346 40.8815 0.9322	
86.644955 284.738274	3.90e-01  9.00e-01  2.22e+05	5.5591 51.4968 0.4368	
86.644955 284.738274	5.16e-01  6.70e-01  2.33e+05	-9.7080 41.3239 0.4079	
86.644955 284.738274	4.81e-01  8.37e-01  2.20e+05	7.6512 53.3703 0.6650	
86.644955 284.738274	7.78e-01  9.54e-01  1.86e+05	-3.0010 75.3101 0.0774	
86.644955 284.738274	4.68e-01  7.60e-01  2.28e+05	-12.9813 44.7178 0.8825	
86.644955 284.738274	7.11e-01  9.71e-01  1.90e+05	4.5585 73.2971 0.4816	
86.644955 284.738274	4.63e-01  8.72e-01  2.18e+05	21.6414 50.6934 0.4960	
86.644955 284.738274	5.77e-01  8.79e-01  2.07e+05	2.1752 62.7226 0.9052	
86.644955 284.738274	5.17e-01  9.28e-01  2.08e+05	4.6664 61.9055 0.4513	
86.644955 284.738274	4.32e-01  8.53e-01  2.23e+05	-6.8786 50.9492 0.7195	
86.644955 284.738274	6.20e-01  9.64e-01  1.97e+05	8.9362 68.6738 0.1849	
86.644955 284.738274	4.72e-01  7.62e-01  2.28e+05	-11.8441 45.6683 0.3326	
86.644955 284.738274	4.55e-01  7.99e-01  2.26e+05	27.2895 40.5800 0.2111	
86.644955 284.738274	3.73e-01  8.74e-01  2.27e+05	-3.7258 48.1369 0.6008	
86.644955 284.738274	7.42e-01  8.89e-01  1.94e+05	-26.6704 66.1128 0.5806	
86.644955 284.738274	5.46e-01  8.19e-01  2.15e+05	-14.9642 55.2073 0.5508	
86.644955 284.738274	6.84e-01  8.52e-01  2.01e+05	-25.8482 61.7113 0.5695	
86.644955 284.738274	4.92e-01  8.89e-01  2.14e+05	10.8548 57.1926 0.7928	
86.644955 284.738274	4.69e-01  9.18e-01  2.13e+05	-1.5939 58.6171 0.3045	
86.644955 284.738274	5.58e-01  8.22e-01  2.14e+05	-9.4914 57.4304 0.6054	
86.644955 284.738274	3.81e-01  9.43e-01  2.19e+05	26.8154 47.3351 0.9439	
86.644955 284.738274	6.31e-01  7.07e-01  2.18e+05	-4.7761 55.2168 0.5202	
86.644955 284.738274	5.88e-01  8.19e-01  2.12e+05	30.9160 51.2477 0.7076	
86.644955 284.738274	5.23e-01  7.89e-01  2.20e+05	-6.4590 53.0655 0.0811	
86.644955 284.738274	5.74e-01  6.60e-01  2.28e+05	18.9272 43.2476 0.4778	
86.644955 284.738274	3.88e-01  7.85e-01  2.34e+05	10.3265 39.7927 0.4446	
86.644955 284.738274	6.97e-01  8.34e-01  2.01e+05	-24.7793 61.8815 0.0985	
86.644955 284.738274	4.20e-01  8.12e-01  2.28e+05	1.1756 46.9511 0.0252	
86.644955 284.738274	6.16e-01  7.98e-01  2.11e+05	44.6790 40.5317 0.5513	
86.644955 284.738274	4.58e-01  7.49e-01  2.31e+05	-13.0667 42.6093 0.0123	
86.644955 284.738274	5.32e-01  8.41e-01  2.14e+05	-17.5251 55.0453 0.3853	
86.644955 284.738274	3.46e-01  8.30e-01  2.34e+05	4.0073 41.2440 0.6087	
86.644955 284.738274	4.63e-01  6.57e-01  2.40e+05	-0.5699 34.5528 0.9980	
86.644955 284.738274	4.27e-01  8.93e-01  2.19e+05	-6.0702 53.7770 0.0542	
86.644955 284.738274	6.06e-01  9.72e-01  1.97e+05	-14.9137 67.3368 0.6006	
86.644955 284.738274	7.02e-01  9.28e-01  1.94e+05	6.2707 71.0082 0.5421	
86.644955 284.738274	3.87e-01  8.86e-01  2.24e+05	-13.8833 48.5319 0.7224	
86.644955 284.738274	4.58e-01  8.48e-01  2.21e+05	12.2249 51.6414 0.7282	
86.644955 284.738274	6.39e-01  7.45e-01  2.13e+05	16.2164 56.1868 0.2184	
86.644955 284.738274	7.22e-01  8.27e-01  2.00e+05	22.8287 63.5782 0.4945	
86.644955 284.738274	5.47e-01  7.37e-01  2.23e+05	-17.6336 48.2183 0.9318	
86.644955 284.738274	5.51e-01  8.75e-01  2.10e+05	31.0430 52.5416 0.8902	
86.644955 284.738274	4.93e-01  7.43e-01  2.28e+05	10.5168 46.1441 0.4988	
86.644955 284.738274	4.48e-01  8.88e-01  2.18e+05	-8.7367 54.5373 0.5737	
86.644955 284.738274	4.90e-01  8.17e-01  2.21e+05	12.3106 51.7009 0.6287	
86.644955 284.738274	5.12e-01  8.15e-01  2.19e+05	7.7811 53.9799 0.6901	
86.644955 284.738274	6.17e-01  8.40e-01  2.07e+05	25.4836 57.4179 0.5698	
86.644955 284.738274	6.68e-01  8.69e-01  2.01e+05	-16.5550 64.9643 0.1237	
86.644955 284.738274	3.34e-01  9.06e-01  2.27e+05	9.5573 46.6896 0.2546	
86.644955 284.738274	5.69e-01  8.24e-01  2.13e+05	27.3017 52.3423 0.5330	
86.644955 284.738274	6.98e-01  8.83e-01  1.97e+05	-9.5353 68.4017 0.1544	
86.644955 284.738274	5.64e-01  9.70e-01  2.01e+05	4.9548 66.7039 0.3024	
86.644955 284.738274	5.25e-01  7.07e-01  2.28e+05	17.2164 43.6171 0.8214	
86.644955 284.738274	5.27e-01  8.44e-01  2.15e+05	29.4628 49.4783 0.1253	
86.644955 284.738274	6.43e-01  8.49e-01  2.04e+05	-20.7084 61.3246 0.2285	
86.644955 284.738274	5.15e-01  7.55e-01  2.24e+05	-25.9355 43.0093 0.8353	
86.644955 284.738274	6.74e-01  9.03e-01  1.97e+05	-2.7462 68.8801 0.7318	
86.644955 284.738274	6.81e-01  9.24e-01  1.95e+05	-16.9186 68.0955 0.9152	
86.644955 284.738274	4.13e-01  7.32e-01  2.37e+05	16.5562 34.1014 0.4979	
86.644955 284.738274	6.05e-01  7.78e-01  2.14e+05	16.0741 56.0942 0.7655	
86.644955 284.738274	5.90e-01  7.65e-01  2.16e+05	4.1292 56.4045 0.6469	
86.644955 284.738274	4.51e-01  8.85e-01  2.18e+05	-6.1338 54.8977 0.3744	
86.644955 284.738274	5.88e-01  9.36e-01  2.02e+05	-24.6548 61.5666 0.7462	
86.644955 284.738274	6.72e-01  8.95e-01  1.98e+05	2.7828 68.4004 0.0729	
86.644955 284.738274	5.14e-01  8.32e-01  2.17e+05	-15.8662 53.6420 0.7577	
86.644955 284.738274	3.45e-01  8.46e-01  2.32e+05	-5.3102 42.6152 0.8425	
86.644955 284.738274	4.54e-01  7.29e-01  2.33e+05	8.7263 41.1646 0.1938	
86.644955 284.738274	5.02e-01  9.21e-01  2.10e+05	5.4393 60.6035 0.2969	
86.644955 284.738274	5.48e-01  8.62e-01  2.11e+05	4.6024 59.9006 0.2525	
86.644955 284.738274	5.09e-01  8.11e-01  2.19e+05	13.9931 52.2619 0.2509	
86.644955 284.738274	5.15e-01  6.44e-01  2.36e+05	-9.7878 38.2757 0.4710	
86.644955 284.738274	4.20e-01  8.36e-01  2.26e+05	7.5561 48.4303 0.3752	
86.644955 284.738274	3.79e-01  8.12e-01  2.32e+05	-6.6538 42.5357 0.1472	
86.644955 284.738274	7.18e-01  9.18e-01  1.93e+05	37.1832 61.0843 0.6706	
86.644955 284.738274	3.56e-01  7.80e-01  2.38e+05	-11.5798 34.8519 0.2257	
86.644955 284.738274	6.48e-01  8.95e-01  2.00e+05	-28.7969 60.7822 0.9192	
86.644955 284.738274	4.50e-01  9.56e-01  2.12e+05	32.1263 50.4923 0.7157	
86.644955 284.738274	5.66e-01  8.00e-01  2.15e+05	-19.4812 53.8911 0.2565	
86.644955 284.738274	6.10e-01  8.49e-01  2.07e+05	12.1702 61.7375 0.3261	
86.644955 284.738274	5.72e-01  7.67e-01  2.18e+05	6.4409 55.0802 0.8330	
86.644955 284.738274	5.23e-01  9.18e-01  2.08e+05	-25.3809 56.4932 0.6402	
86.644955 284.738274	6.80e-01  7.01e-01  2.14e+05	11.8265 57.0006 0.9324	
86.644955 284.738274	3.89e-01  7.16e-01  2.42e+05	-13.9319 29.3378 0.3391	
86.644955 284.738274	7.02e-01  8.29e-01  2.01e+05	-10.3390 65.9276 0.7847	
86.644955 284.738274	7.19e-01  7.98e-01  2.02e+05	23.6803 61.6403 0.6837	
86.644955 284.738274	3.85e-01  9.14e-01  2.21e+05	4.1315 52.3438 0.5903	
86.644955 284.738274	7.24e-01  8.34e-01  1.99e+05	38.6796 55.9798 0.8696	
86.644955 284.738274	4.76e-01  9.03e-01  2.14e+05	4.3923 57.9576 0.2476	
86.644955 284.738274	6.35e-01  8.48e-01  2.05e+05	-7.8143 63.7393 0.1782	
86.644955 284.738274	7.25e-01  8.25e-01  2.00e+05	-26.8584 62.1012 0.0344	
86.644955 284.738274	7.18e-01  7.71e-01  2.04e+05	-9.1317 63.9017 0.6539	
86.644955 284.738274	4.08e-01  7.70e-01  2.34e+05	1.1956 41.6547 0.1120	
86.644955 284.738274	6.51e-01  8.46e-01  2.04e+05	-4.3469 64.8398 0.9642	
86.644955 284.738274	5.26e-01  8.00e-01  2.19e+05	4.9172 54.3010 0.0555	
86.644955 284.738274	6.76e-01  7.94e-01  2.06e+05	-39.1091 50.1095 0.1901	
86.644955 284.738274	5.21e-01  7.26e-01  2.27e+05	-12.8529 46.5463 0.3877	
86.644955 284.738274	5.21e-01  8.97e-01  2.11e+05	-11.8604 59.3456 0.1006	
86.644955 284.738274	6.10e-01  7.42e-01  2.16e+05	-2.7122 56.3055 0.2799	
86.644955 284.738274	7.10e-01  7.17e-01  2.10e+05	11.4776 60.0163 0.8846	
86.644955 284.738274	3.84e-01  7.92e-01  2.34e+05	-0.6040 41.3919 0.7142	
86.644955 284.738274	8.00e-01  9.20e-01  1.87e+05	38.0898 64.5293 0.5077	
86.644955 284.738274	8.43e-01  9.88e-01  1.80e+05	14.0522 77.6583 0.1934	
86.644955 284.738274	5.52e-01  8.46e-01  2.12e+05	3.9074 59.2210 0.5458	
86.644955 284.738274	5.24e-01  7.87e-01  2.20e+05	-10.3311 52.3683 0.5575	
86.644955 284.738274	7.68e-01  8.86e-01  1.92e+05	14.2087 70.8660 0.1690	
86.644955 284.738274	6.02e-01  8.47e-01  2.08e+05	23.6311 57.7202 0.3005	
86.644955 284.738274	4.55e-01  7.97e-01  2.26e+05	9.6701 47.6708 0.0180	
86.644955 284.738274	4.91e-01  8.52e-01  2.17e+05	3.2313 55.5944 0.9832	
86.644955 284.738274	4.82e-01  7.89e-01  2.24e+05	-25.8039 43.1797 0.5679	
86.644955 284.738274	4.10e-01  8.81e-01  2.22e+05	21.3058 47.3650 0.3611	
86.644955 284.738274	4.61e-01  9.72e-01  2.09e+05	-4.0555 61.3387 0.8748	
86.644955 284.738274	4.17e-01  9.30e-01  2.17e+05	-20.5830 52.0214 0.8661	
86.644955 284.738274	5.24e-01  9.11e-01  2.09e+05	17.4666 59.0103 0.6312	
86.644955 284.738274	6.69e-01  8.41e-01  2.03e+05	7.6090 65.1904 0.7492	
86.644955 284.738274	4.99e-01  7.50e-01  2.26e+05	3.3862 48.3154 0.9713	
86.644955 284.738274	6.27e-01  9.10e-01  2.01e+05	39.5553 54.0738 0.2303	
86.644955 284.738274	4.89e-01  9.25e-01  2.11e+05	-5.7323 60.0426 0.5138	
86.644955 284.738274	6.95e-01  8.58e-01  1.99e+05	-10.1112 67.0351 0.6401	
86.644955 284.738274	6.75e-01  7.96e-01  2.06e+05	13.6220 62.0918 0.1016	
86.644955 284.738274	6.39e-01  9.00e-01  2.00e+05	-13.9178 65.6582 0.4047	
86.644955 284.738274	4.33e-01  9.37e-01  2.15e+05	-18.3341 54.4985 0.2489	
86.644955 284.738274	4.49e-01  6.99e-01  2.37e+05	-9.7674 36.9651 0.1452	
86.644955 284.738274	5.85e-01  8.40e-01  2.10e+05	-11.3408 59.8771 0.8244	
86.644955 284.738274	6.02e-01  8.72e-01  2.06e+05	-11.8056 62.6706 0.9001	
86.644955 284.738274	6.53e-01  9.43e-01  1.96e+05	17.5168 67.5269 0.1279	
86.644955 284.738274	3.60e-01  8.91e-01  2.26e+05	5.0824 48.3771 0.9682	
86.644955 284.738274	5.89e-01  7.71e-01  2.16e+05	12.7018 55.4133 0.6168	
86.644955 284.738274	4.83e-01  8.83e-01  2.15e+05	1.3912 57.2542 0.0886	
86.644955 284.738274	6.26e-01  8.37e-01  2.07e+05	20.5212 59.7426 0.1908	
86.644955 284.738274	6.34e-01  8.53e-01  2.05e+05	-1.2224 64.4565 0.9932	
86.644955 284.738274	6.06e-01  7.85e-01  2.13e+05	-12.6493 57.5526 0.3526	
86.644955 284.738274	8.22e-01  8.87e-01  1.88e+05	-2.3387 74.4663 0.1964	
86.644955 284.738274	7.15e-01  9.19e-01  1.93e+05	5.8540 71.2170 0.8946	
86.644955 284.738274	5.09e-01  8.17e-01  2.19e+05	4.4882 54.3540 0.5340	
86.644955 284.738274	4.58e-01  7.72e-01  2.28e+05	14.9807 44.3410 0.3271	
86.644955 284.738274	6.72e-01  7.98e-01  2.06e+05	-0.3798 63.5389 0.4073	
86.644955 284.738274	5.66e-01  9.15e-01  2.05e+05	-38.0416 51.6352 0.3760	
86.644955 284.738274	5.49e-01  9.41e-01  2.04e+05	-15.5971 62.7154 0.8797	
86.644955 284.738274	5.75e-01  8.79e-01  2.07e+05	7.6350 62.1594 0.6466	
86.644955 284.738274	5.18e-01  8.93e-01  2.11e+05	-18.3425 57.2569 0.7220	
86.644955 284.738274	5.39e-01  7.93e-01  2.18e+05	18.5604 51.7348 0.9084	
86.644955 284.738274	5.54e-01  8.43e-01  2.12e+05	-3.6658 59.1086 0.7599	
86.644955 284.738274	6.85e-01  9.39e-01  1.94e+05	-11.2855 70.0902 0.8473	
86.644955 284.738274	6.04e-01  7.13e-01  2.20e+05	-6.3818 53.4652 0.9563	
86.644955 284.738274	6.20e-01  8.89e-01  2.03e+05	-18.8917 62.8031 0.7001	
86.644955 284.738274	6.65e-01  7.75e-01  2.09e+05	14.4670 60.1332 0.5447	
86.644955 284.738274	5.48e-01  7.30e-01  2.23e+05	0.9932 50.8566 0.8034	
86.644955 284.738274	5.64e-01  7.02e-01  2.25e+05	-6.7458 49.3974 0.8467	
86.644955 284.738274	4.38e-01  9.20e-01  2.16e+05	19.4440 53.3140 0.4546	
86.644955 284.738274	6.85e-01  7.42e-01  2.10e+05	-3.3009 61.0018 0.5951	
86.644955 284.738274	7.27e-01  8.32e-01  1.99e+05	-0.0269 68.0867 0.6474	
86.644955 284.738274	3.47e-01  8.17e-01  2.35e+05	-15.1957 37.1174 0.7560	
86.644955 284.738274	6.15e-01  8.93e-01  2.03e+05	15.3484 63.7065 0.8063	
86.644955 284.738274	5.41e-01  7.62e-01  2.21e+05	-1.6046 52.8145 0.0150	
86.644955 284.738274	4.74e-01  8.00e-01  2.24e+05	14.1865 48.4894 0.7979	
86.644955 284.738274	5.41e-01  9.76e-01  2.02e+05	-26.6188 60.4257 0.3822	
86.644955 284.738274	7.45e-01  8.93e-01  1.93e+05	-17.6047 69.4522 0.4335	
86.644955 284.738274	4.60e-01  8.12e-01  2.24e+05	-18.1892 46.9928 0.4602	
86.644955 284.738274	5.79e-01  8.52e-01  2.09e+05	-28.5852 54.2802 0.4089	
86.644955 284.738274	4.43e-01  9.25e-01  2.15e+05	35.1452 45.4125 0.5780	
86.644955 284.738274	5.63e-01  7.63e-01  2.19e+05	18.6733 51.2490 0.2293	
86.644955 284.738274	3.65e-01  8.36e-01  2.31e+05	5.9402 43.5584 0.1537	
86.644955 284.738274	6.04e-01  7.87e-01  2.13e+05	-12.4988 57.5772 0.7688	
86.644955 284.738274	7.28e-01  8.67e-01  1.96e+05	17.1639 67.5988 0.7188	
86.644955 284.738274	5.17e-01  7.58e-01  2.24e+05	-14.3914 48.4942 0.9449	
86.644955 284.738274	5.64e-01  6.63e-01  2.29e+05	-16.1550 43.6347 0.3263	
86.644955 284.738274	6.99e-01  8.24e-01  2.02e+05	-16.7353 64.1628 0.7206	
86.644955 284.738274	4.40e-01  7.69e-01  2.30e+05	11.7609 43.1445 0.6393	
86.644955 284.738274	5.49e-01  8.35e-01  2.14e+05	-16.8731 55.9315 0.3192	
86.644955 284.738274	4.28e-01  8.54e-01  2.23e+05	12.0871 49.7342 0.6260	
86.644955 284.738274	6.28e-01  8.00e-01  2.10e+05	33.9522 50.8584 0.9533	
86.644955 284.738274	5.25e-01  7.62e-01  2.23e+05	1.9552 51.5932 0.7991	
86.644955 284.738274	5.93e-01  8.82e-01  2.06e+05	-21.2503 60.1285 0.1815	
86.644955 284.738274	4.34e-01  8.89e-01  2.19e+05	-12.9867 52.7183 0.3031	
86.644955 284.738274	6.47e-01  6.68e-01  2.20e+05	-14.7977 51.6559 0.9471	
86.644955 284.738274	4.66e-01  9.23e-01  2.13e+05	16.7708 56.3248 0.3582	
86.644955 284.738274	4.59e-01  7.19e-01  2.34e+05	1.8416 41.5633 0.1876	
86.644955 284.738274	3.78e-01  9.71e-01  2.17e+05	27.5662 48.8572 0.1343	
86.644955 284.738274	6.88e-01  8.34e-01  2.02e+05	18.0939 63.7827 0.6203	
86.644955 284.738274	5.32e-01  7.62e-01  2.22e+05	12.9903 50.4577 0.1792	
86.644955 284.738274	4.59e-01  7.89e-01  2.26e+05	-14.6918 46.0942 0.1778	
86.644955 284.738274	6.92e-01  7.77e-01  2.06e+05	-24.3592 58.6137 0.3124	
86.644955 284.738274	7.27e-01  8.33e-01  1.99e+05	10.9465 67.1947 0.8339	
86.644955 284.738274	6.56e-01  6.96e-01  2.16e+05	-11.2279 55.2065 0.9857	
86.644955 284.738274	7.64e-01  8.86e-01  1.92e+05	11.3687 71.2104 0.9158	
86.644955 284.738274	6.24e-01  8.35e-01  2.07e+05	2.7927 62.8273 0.6280	
86.644955 284.738274	6.00e-01  7.76e-01  2.14e+05	-4.6689 57.6905 0.5987	
86.644955 284.738274	6.68e-01  7.56e-01  2.10e+05	-25.6798 55.2224 0.1010	
86.644955 284.738274	5.12e-01  7.42e-01  2.26e+05	7.8485 48.1991 0.1275	
86.644955 284.738274	6.32e-01  7.20e-01  2.16e+05	-23.4060 51.3121 0.0809	
86.644955 284.738274	3.52e-01  7.64e-01  2.41e+05	-20.1217 27.5659 0.6768	
86.644955 284.738274	4.49e-01  8.97e-01  2.17e+05	-11.7526 54.7145 0.7334	
86.644955 284.738274	5.62e-01  7.85e-01  2.17e+05	1.8735 55.9807 0.8663	
86.644955 284.738274	4.51e-01  8.06e-01  2.25e+05	15.8662 46.5258 0.7915	
86.644955 284.738274	4.48e-01  8.37e-01  2.23e+05	16.3816 48.7150 0.3971	
86.644955 284.738274	5.47e-01  7.86e-01  2.18e+05	17.4281 52.1896 0.1560	
86.644955 284.738274	6.51e-01  6.95e-01  2.17e+05	-19.7426 52.3179 0.5442	
86.644955 284.738274	6.88e-01  8.66e-01  1.99e+05	-22.7142 63.9356 0.1971	
86.644955 284.738274	5.09e-01  6.66e-01  2.34e+05	21.6263 35.2056 0.9646	
86.644955 284.738274	6.27e-01  8.24e-01  2.08e+05	-9.8528 61.6633 0.7311	
86.644955 284.738274	6.01e-01  8.86e-01  2.05e+05	6.7549 64.0976 0.1039	
86.644955 284.738274	6.05e-01  8.73e-01  2.05e+05	-8.4343 63.4207 0.3184	
86.644955 284.738274	5.93e-01  7.96e-01  2.13e+05	18.4343 55.8003 0.7227	
86.644955 284.738274	3.52e-01  7.00e-01  2.48e+05	15.6268 17.1519 0.6604	
86.644955 284.738274	6.56e-01  9.35e-01  1.96e+05	-3.2066 69.4622 0.7846	
86.644955 284.738274	5.17e-01  8.13e-01  2.18e+05	-15.3339 52.6295 0.3747	
86.644955 284.738274	3.86e-01  8.85e-01  2.24e+05	7.9519 49.6774 0.4661	
86.644955 284.738274	6.29e-01  8.59e-01  2.05e+05	9.9879 63.7085 0.1952	
86.644955 284.738274	5.79e-01  9.65e-01  2.00e+05	-8.2544 66.8614 0.4513	
86.644955 284.738274	6.10e-01  7.57e-01  2.15e+05	47.5945 32.0499 0.9778	
86.644955 284.738274	5.58e-01  8.25e-01  2.14e+05	0.9512 58.3554 0.3617	
86.644955 284.738274	7.06e-01  8.00e-01  2.03e+05	-0.8615 65.4354 0.5121	
86.644955 284.738274	6.21e-01  7.87e-01  2.11e+05	31.4808 51.0457 0.5444	
86.644955 284.738274	5.45e-01  7.14e-01  2.25e+05	-29.4582 39.6119 0.7733	
86.644955 284.738274	6.03e-01  8.77e-01  2.05e+05	-23.5803 59.5797 0.1784	
86.644955 284.738274	4.80e-01  8.45e-01  2.19e+05	34.4449 42.2053 0.1217	
86.644955 284.738274	6.12e-01  8.30e-01  2.08e+05	28.2070 55.1210 0.8034	
86.644955 284.738274	6.04e-01  9.24e-01  2.01e+05	22.3129 62.7100 0.7255	
86.644955 284.738274	4.36e-01  7.99e-01  2.28e+05	0.3750 47.2151 0.6797	
86.644955 284.738274	4.76e-01  8.84e-01  2.16e+05	14.6759 54.9603 0.1353	
86.644955 284.738274	5.72e-01  7.82e-01  2.16e+05	-0.9807 56.4971 0.1521	
86.644955 284.738274	7.51e-01  8.61e-01  1.95e+05	44.1800 54.8901 0.3051	
86.644955 284.738274	5.13e-01  9.38e-01  2.08e+05	-20.4525 59.0713 0.8791	
86.644955 284.738274	6.34e-01  7.04e-01  2.18e+05	-8.2492 54.7132 0.0452	
86.644955 284.738274	4.09e-01  8.13e-01  2.29e+05	5.4330 45.6949 0.9621	
86.644955 284.738274	5.37e-01  7.24e-01  2.25e+05	-31.8924 37.8345 0.2094	
86.644955 284.738274	4.96e-01  9.47e-01  2.08e+05	-12.1447 60.8512 0.8059	
86.644955 284.738274	6.28e-01  6.74e-01  2.21e+05	6.7328 52.3342 0.9396	
86.644955 284.738274	5.85e-01  9.41e-01  2.02e+05	-2.2615 66.3879 0.2669	
86.644955 284.738274	4.93e-01  8.48e-01  2.17e+05	-11.0762 54.4523 0.7135	
86.644955 284.738274	5.16e-01  7.57e-01  2.24e+05	-0.2907 50.5221 0.4170	
86.644955 284.738274	4.35e-01  8.38e-01  2.24e+05	3.9632 50.2825 0.9900	
86.644955 284.738274	5.87e-01  8.92e-01  2.05e+05	45.7416 44.8308 0.3435	
86.644955 284.738274	5.69e-01  6.85e-01  2.26e+05	12.9401 47.1672 0.3968	
86.644955 284.738274	5.49e-01  8.74e-01  2.10e+05	13.3136 59.4147 0.9986	
86.644955 284.738274	5.30e-01  8.45e-01  2.14e+05	12.1095 56.5677 0.2372	
86.644955 284.738274	4.45e-01  9.28e-01  2.14e+05	-17.4281 55.0673 0.6633	
86.644955 284.738274	5.70e-01  8.94e-01  2.07e+05	13.6339 61.7187 0.1277	
86.644955 284.738274	5.48e-01  8.86e-01  2.09e+05	47.7944 38.7055 0.9948	
86.644955 284.738274	7.20e-01  9.03e-01  1.94e+05	-12.7027 69.8350 0.6622	
86.644955 284.738274	3.87e-01  9.08e-01  2.22e+05	-6.5166 51.8504 0.4683	
86.644955 284.738274	6.81e-01  8.91e-01  1.98e+05	-20.9746 65.3911 0.2214	
86.644955 284.738274	7.35e-01  9.38e-01  1.90e+05	-6.6912 72.7325 0.1171	
86.644955 284.738274	5.77e-01  7.58e-01  2.18e+05	5.9511 54.8421 0.1495	
86.644955 284.738274	4.96e-01  8.96e-01  2.13e+05	-34.7554 47.6271 0.8516	
86.644955 284.738274	4.60e-01  7.28e-01  2.33e+05	-3.1122 42.5962 0.3507	
86.644955 284.738274	5.47e-01  6.93e-01  2.27e+05	8.8032 46.9194 0.0532	
86.644955 284.738274	3.80e-01  7.16e-01  2.43e+05	20.6675 23.2393 0.7321	
86.644955 284.738274	5.57e-01  7.70e-01  2.19e+05	22.7601 49.5826 0.9631	
86.644955 284.738274	4.93e-01  6.85e-01  2.34e+05	-8.5059 40.7443 0.7177	
86.644955 284.738274	5.85e-01  7.78e-01  2.15e+05	37.4128 43.1543 0.8327	
86.644955 284.738274	5.47e-01  8.02e-01  2.17e+05	20.1898 52.3206 0.2566	
86.644955 284.738274	7.42e-01  7.58e-01  2.04e+05	-8.7986 64.5682 0.8071	
86.644955 284.738274	6.11e-01  9.02e-01  2.03e+05	-6.7217 65.4523 0.9032	
86.644955 284.738274	3.91e-01  8.37e-01  2.29e+05	-6.7273 46.0249 0.5657	
86.644955 284.738274	4.03e-01  8.55e-01  2.25e+05	12.8682 47.5641 0.4115	
86.644955 284.738274	6.60e-01  8.23e-01  2.05e+05	-2.7433 64.1907 0.9898	
86.644955 284.738274	4.22e-01  7.66e-01  2.33e+05	-16.7071 39.2649 0.6326	
86.644955 284.738274	5.24e-01  7.93e-01  2.20e+05	-12.7309 52.3524 0.4955	
86.644955 284.738274	4.60e-01  9.40e-01  2.12e+05	-32.6744 49.7018 0.6513	
86.644955 284.738274	4.55e-01  7.19e-01  2.34e+05	-0.2196 41.2703 0.1083	
86.644955 284.738274	6.00e-01  9.29e-01  2.01e+05	18.2748 64.0323 0.2262	
86.644955 284.738274	4.30e-01  9.96e-01  2.10e+05	-2.6326 60.9804 0.1451	
86.644955 284.738274	5.47e-01  7.96e-01  2.17e+05	8.8514 55.0201 0.5244	
86.644955 284.738274	4.86e-01  7.39e-01  2.29e+05	-8.9809 45.4745 0.4772	
86.644955 284.738274	4.72e-01  8.29e-01  2.21e+05	2.1207 52.6292 0.4228	
86.644955 284.738274	4.78e-01  7.21e-01  2.31e+05	12.3767 42.0949 0.3181	
86.644955 284.738274	4.77e-01  9.37e-01  2.11e+05	-32.2608 50.9282 0.2278	
86.644955 284.738274	4.94e-01  7.02e-01  2.32e+05	8.2137 42.7564 0.6314	
86.644955 284.738274	6.37e-01  8.23e-01  2.07e+05	30.8232 54.8885 0.2789	
86.644955 284.738274	6.13e-01  7.32e-01  2.17e+05	11.2507 54.6955 0.7791	
86.644955 284.738274	4.77e-01  8.59e-01  2.18e+05	-7.0162 54.7757 0.1196	
86.644955 284.738274	6.60e-01  8.71e-01  2.01e+05	-11.7760 65.6227 0.6975	
86.644955 284.738274	5.00e-01  7.05e-01  2.31e+05	-9.5507 43.3609 0.3698	
86.644955 284.738274	4.96e-01  8.36e-01  2.18e+05	-4.5195 54.7750 0.1524	
86.644955 284.738274	6.04e-01  8.17e-01  2.10e+05	1.0159 60.7443 0.5124	
86.644955 284.738274	6.51e-01  7.51e-01  2.12e+05	-27.0125 53.0795 0.8638	
86.644955 284.738274	7.55e-01  8.23e-01  1.97e+05	37.9210 57.6137 0.0370	
86.644955 284.738274	6.09e-01  8.78e-01  2.05e+05	-33.9838 54.7890 0.5892	
86.644955 284.738274	6.34e-01  9.08e-01  2.00e+05	23.6491 62.9319 0.9293	
86.644955 284.738274	4.22e-01  7.35e-01  2.36e+05	8.3157 38.4234 0.9237	
86.644955 284.738274	6.73e-01  7.84e-01  2.07e+05	7.0943 62.4044 0.1999	
86.644955 284.738274	5.35e-01  7.34e-01  2.24e+05	5.9079 49.8110 0.4048	
86.644955 284.738274	4.87e-01  6.75e-01  2.35e+05	-7.5768 39.2007 0.2353	
86.644955 284.738274	4.60e-01  7.99e-01  2.25e+05	2.2655 49.2186 0.5599	
86.644955 284.738274	6.12e-01  8.79e-01  2.04e+05	16.0613 62.6061 0.9450	
86.644955 284.738274	6.52e-01  9.15e-01  1.98e+05	-21.0968 65.1081 0.2357	
86.644955 284.738274	3.87e-01  8.54e-01  2.27e+05	27.1194 39.2353 0.9984	
86.644955 284.738274	3.94e-01  8.85e-01  2.23e+05	-14.7568 48.7683 0.0958	
86.644955 284.738274	5.34e-01  7.10e-01  2.27e+05	15.3758 45.5801 0.0251	
86.644955 284.738274	3.36e-01  9.00e-01  2.28e+05	6.8138 46.7772 0.2587	
86.644955 284.738274	4.87e-01  7.41e-01  2.28e+05	-6.7061 46.0989 0.9217	
86.644955 284.738274	6.38e-01  8.31e-01  2.06e+05	8.3285 62.9211 0.9301	
86.644955 284.738274	4.53e-01  6.01e-01  2.48e+05	4.0216 23.4124 0.2488	
86.644955 284.738274	4.56e-01  7.96e-01  2.26e+05	-23.6052 42.6233 0.9759	
86.644955 284.738274	5.99e-01  8.88e-01  2.05e+05	13.3537 63.0439 0.6519	
86.644955 284.738274	6.92e-01  7.38e-01  2.09e+05	11.1258 60.2371 0.8575	
86.644955 284.738274	4.87e-01  7.19e-01  2.31e+05	0.3540 44.5072 0.0218	
86.644955 284.738274	5.22e-01  7.57e-01  2.23e+05	3.4873 50.7562 0.0095	
86.644955 284.738274	5.94e-01  8.02e-01  2.12e+05	-30.4062 50.8465 0.8565	
86.644955 284.738274	5.80e-01  8.86e-01  2.06e+05	-24.4758 58.3634 0.6545	
86.644955 284.738274	6.66e-01  7.56e-01  2.10e+05	-46.8773 38.6802 0.6591	
86.644955 284.738274	6.91e-01  7.41e-01  2.09e+05	-36.9079 49.0288 0.4768	
86.644955 284.738274	4.30e-01  8.58e-01  2.22e+05	26.3965 44.4225 0.5422	
86.644955 284.738274	5.26e-01  8.52e-01  2.14e+05	1.9943 58.0595 0.7222	
86.644955 284.738274	5.37e-01  7.24e-01  2.25e+05	2.4880 49.3550 0.2245	
86.644955 284.738274	5.99e-01  7.61e-01  2.16e+05	-13.4561 55.2902 0.7746	
86.644955 284.738274	5.88e-01  7.53e-01  2.17e+05	-2.7646 55.4841 0.6316	
86.644955 284.738274	6.04e-01  7.96e-01  2.12e+05	1.2519 59.4245 0.4419	
86.644955 284.738274	4.13e-01  8.39e-01  2.26e+05	29.1159 39.0776 0.1620	
86.644955 284.738274	4.59e-01  7.53e-01  2.30e+05	11.8360 43.4796 0.4380	
86.644955 284.738274	6.69e-01  8.66e-01  2.01e+05	24.6877 62.1991 0.1713	
86.644955 284.738274	3.92e-01  7.70e-01  2.35e+05	1.7712 39.7754 0.4251	
86.644955 284.738274	4.23e-01  9.53e-01  2.14e+05	-26.9173 51.2582 0.2475	
86.644955 284.738274	5.34e-01  8.30e-01  2.15e+05	-10.3680 56.2013 0.5415	
86.644955 284.738274	6.80e-01  8.72e-01  1.99e+05	-13.7197 66.3411 0.3571	
86.644955 284.738274	5.93e-01  7.66e-01  2.16e+05	-10.7062 55.8022 0.0052	
86.644955 284.738274	4.03e-01  9.16e-01  2.19e+05	-13.2633 52.3590 0.6366	
86.644955 284.738274	5.01e-01  8.57e-01  2.16e+05	8.6566 56.0703 0.2397	
86.644955 284.738274	7.47e-01  8.50e-01  1.96e+05	14.5369 68.3238 0.3559	
86.644955 284.738274	5.31e-01  9.48e-01  2.05e+05	11.7999 62.9150 0.0926	
86.644955 284.738274	8.08e-01  8.54e-01  1.91e+05	32.3230 65.0090 0.7213	
86.644955 284.738274	5.75e-01  6.52e-01  2.29e+05	18.9659 42.3652 0.5355	
86.644955 284.738274	5.38e-01  8.68e-01  2.12e+05	-8.5373 59.1606 0.2352	
86.644955 284.738274	5.35e-01  9.43e-01  2.05e+05	37.5855 51.7610 0.4473	
86.644955 284.738274	6.23e-01  7.59e-01  2.14e+05	-0.8276 58.3118 0.5336	
86.644955 284.738274	6.22e-01  7.47e-01  2.15e+05	-17.3514 54.8022 0.5342	
86.644955 284.738274	4.88e-01  7.52e-01  2.27e+05	9.2730 46.7463 0.3825	
86.644955 284.738274	6.49e-01  8.96e-01  2.00e+05	31.7535 59.4800 0.4329	
86.644955 284.738274	4.67e-01  9.03e-01  2.15e+05	14.7910 55.6262 0.6805	
86.644955 284.738274	5.24e-01  9.24e-01  2.08e+05	-6.8250 61.9118 0.7541	
86.644955 284.738274	6.41e-01  7.82e-01  2.10e+05	4.2618 60.6798 0.8435	
86.644955 284.738274	5.13e-01  9.09e-01  2.10e+05	-18.5572 57.8717 0.3352	
86.644955 284.738274	6.59e-01  8.27e-01  2.05e+05	32.8705 55.3836 0.5602	
86.644955 284.738274	5.31e-01  9.19e-01  2.08e+05	-35.3895 51.3909 0.1317	
86.644955 284.738274	5.94e-01  8.71e-01  2.06e+05	-11.1728 62.2521 0.7748	
86.644955 284.738274	4.00e-01  8.54e-01  2.26e+05	-1.3395 48.8644 0.8106	
86.644955 284.738274	4.82e-01  8.12e-01  2.22e+05	-5.7929 51.7983 0.0054	
86.644955 284.738274	5.38e-01  7.58e-01  2.22e+05	-6.1272 51.9709 0.1703	
86.644955 284.738274	6.77e-01  7.31e-01  2.11e+05	-12.2362 58.6371 0.3260	
86.644955 284.738274	5.84e-01  7.99e-01  2.14e+05	-37.5333 44.7358 0.0405	
86.644955 284.738274	3.92e-01  8.82e-01  2.24e+05	-18.2565 47.2044 0.3944	
86.644955 284.738274	5.70e-01  7.25e-01  2.22e+05	-16.5737 49.4766 0.2619	
86.644955 284.738274	6.27e-01  8.89e-01  2.02e+05	-18.4859 63.3145 0.9417	
86.644955 284.738274	7.71e-01  8.97e-01  1.91e+05	11.1278 72.0128 0.9601	
86.644955 284.738274	7.74e-01  8.59e-01  1.93e+05	20.5695 68.4098 0.4853	
86.644955 284.738274	4.97e-01  7.35e-01  2.28e+05	-7.4600 46.3309 0.7771	
86.644955 284.738274	5.14e-01  7.59e-01  2.24e+05	-11.2742 49.2591 0.5143	
86.644955 284.738274	5.89e-01  8.00e-01  2.13e+05	20.5272 55.0623 0.0974	
86.644955 284.738274	5.68e-01  7.25e-01  2.22e+05	-21.9717 47.1189 0.9859	
86.644955 284.738274	5.22e-01  9.54e-01  2.06e+05	-10.1868 63.0292 0.4292	
86.644955 284.738274	5.14e-01  8.29e-01  2.17e+05	19.4564 52.2233 0.5035	
86.644955 284.738274	4.20e-01  8.61e-01  2.23e+05	10.4614 50.0774 0.2550	
86.644955 284.738274	6.37e-01  9.40e-01  1.97e+05	-13.0252 67.6728 0.2838	
86.644955 284.738274	4.72e-01  8.33e-01  2.21e+05	-18.2828 49.7477 0.6443	
86.644955 284.738274	5.66e-01  8.63e-01  2.10e+05	2.5361 61.1610 0.1320	
86.644955 284.738274	5.70e-01  8.68e-01  2.09e+05	36.2442 49.9821 0.9021	
86.644955 284.738274	4.64e-01  9.15e-01  2.14e+05	-13.1359 56.6414 0.1454	
86.644955 284.738274	6.18e-01  8.12e-01  2.09e+05	3.1592 61.2026 0.2441	
86.644955 284.738274	5.35e-01  8.59e-01  2.13e+05	-25.1572 53.4645 0.6350	
86.644955 284.738274	6.22e-01  7.00e-01  2.19e+05	-1.3133 54.1828 0.6449	
86.644955 284.738274	3.74e-01  8.96e-01  2.24e+05	11.2113 48.9276 0.2314	
86.644955 284.738274	5.55e-01  8.20e-01  2.14e+05	1.2320 57.8355 0.4636	
86.644955 284.738274	7.61e-01  8.96e-01  1.92e+05	20.2768 69.5334 0.8326	
86.644955 284.738274	6.53e-01  7.33e-01  2.13e+05	-15.1908 56.5359 0.9251	
86.644955 284.738274	4.21e-01  8.91e-01  2.20e+05	-17.2047 50.6042 0.0443	
86.644955 284.738274	4.43e-01  7.96e-01  2.27e+05	21.1304 42.6210 0.5279	
86.644955 284.738274	5.37e-01  7.59e-01  2.22e+05	-5.3452 51.9827 0.8254	
86.644955 284.738274	6.58e-01  7.54e-01  2.11e+05	-9.4794 59.4387 0.4990	
86.644955 284.738274	5.92e-01  8.15e-01  2.11e+05	-15.2523 57.9222 0.3935	
86.644955 284.738274	5.10e-01  7.82e-01  2.22e+05	-9.5791 51.0539 0.3593	
86.644955 284.738274	4.98e-01  8.41e-01  2.18e+05	-0.3724 55.4804 0.2253	
86.644955 284.738274	5.20e-01  6.88e-01  2.31e+05	-1.1295 44.6137 0.7582	
86.644955 284.738274	5.81e-01  9.83e-01  1.98e+05	10.3032 67.5527 0.6715	
86.644955 284.738274	7.15e-01  7.82e-01  2.04e+05	-21.6870 61.2380 0.5113	
86.644955 284.738274	5.13e-01  8.83e-01  2.12e+05	-4.2332 59.0767 0.0155	
86.644955 284.738274	7.63e-01  9.27e-01  1.89e+05	-33.7658 65.5952 0.0564	
86.644955 284.738274	3.12e-01  9.04e-01  2.30e+05	-21.1302 40.3226 0.2347	
86.644955 284.738274	4.44e-01  8.87e-01  2.18e+05	12.3001 53.4781 0.9912	
86.644955 284.738274	5.87e-01  6.85e-01  2.24e+05	-4.9655 50.1601 0.3926	
86.644955 284.738274	4.96e-01  6.31e-01  2.39e+05	3.5082 35.4825 0.2710	
86.644955 284.738274	5.80e-01  7.40e-01  2.19e+05	16.0864 51.6243 0.8105	
86.644955 284.738274	5.46e-01  9.11e-01  2.07e+05	3.1951 62.7190 0.6153	
86.644955 284.738274	5.87e-01  7.07e-01  2.22e+05	3.2292 52.0661 0.9572	
86.644955 284.738274	5.18e-01  7.24e-01  2.27e+05	-6.7872 47.3403 0.4424	
86.644955 284.738274	3.79e-01  9.39e-01  2.20e+05	-1.1065 53.8905 0.2101	
86.644955 284.738274	4.98e-01  9.16e-01  2.11e+05	-6.3049 59.9591 0.7541	
86.644955 284.738274	6.05e-01  8.94e-01  2.04e+05	-3.9513 64.9538 0.7700	
86.644955 284.738274	6.26e-01  8.45e-01  2.06e+05	-28.7024 56.7186 0.5746	
86.644955 284.738274	6.88e-01  8.30e-01  2.02e+05	-2.0565 65.9843 0.5742	
86.644955 284.738274	5.91e-01  8.19e-01  2.11e+05	-3.5073 59.9465 0.2859	
86.644955 284.738274	6.57e-01  7.76e-01  2.09e+05	-29.8362 53.7556 0.1889	
86.644955 284.738274	4.67e-01  7.21e-01  2.33e+05	-6.0385 42.2687 0.0752	
86.644955 284.738274	5.11e-01  8.41e-01  2.16e+05	1.9318 56.2614 0.2745	
86.644955 284.738274	6.37e-01  8.42e-01  2.05e+05	23.3114 59.6687 0.4170	
86.644955 284.738274	4.01e-01  7.97e-01  2.32e+05	-20.1656 38.7415 0.9129	
86.644955 284.738274	4.27e-01  8.66e-01  2.22e+05	-9.8716 51.0688 0.2804	
86.644955 284.738274	5.78e-01  7.60e-01  2.18e+05	-23.4407 50.1099 0.0874	
86.644955 284.738274	4.19e-01  9.01e-01  2.19e+05	-19.5608 50.4039 0.0122	
86.644955 284.738274	4.14e-01  9.59e-01  2.15e+05	-25.8729 51.5482 0.7628	
86.644955 284.738274	4.82e-01  7.70e-01  2.26e+05	-23.8313 42.4687 0.2143	
86.644955 284.738274	6.14e-01  6.88e-01  2.21e+05	-12.9318 51.1135 0.7238	
86.644955 284.738274	5.86e-01  7.21e-01  2.21e+05	6.1601 52.7129 0.0733	
86.644955 284.738274	6.32e-01  7.24e-01  2.16e+05	27.1376 49.6191 0.6726	
86.644955 284.738274	7.37e-01  8.27e-01  1.98e+05	7.0641 67.9577 0.3708	
86.644955 284.738274	5.89e-01  7.45e-01  2.18e+05	-19.1622 51.6756 0.5599	
86.644955 284.738274	4.30e-01  8.78e-01  2.21e+05	8.2577 52.5311 0.8756	
86.644955 284.738274	6.20e-01  8.15e-01  2.09e+05	-7.3091 61.1322 0.5546	
86.644955 284.738274	6.17e-01  8.27e-01  2.08e+05	24.9098 56.8856 0.8274	
86.644955 284.738274	3.84e-01  9.58e-01  2.17e+05	-14.5153 53.7182 0.9558	
86.644955 284.738274	5.52e-01  7.21e-01  2.24e+05	7.9662 49.8049 0.3447	
86.644955 284.738274	6.89e-01  7.69e-01  2.07e+05	-6.6952 62.4945 0.2959	
86.644955 284.738274	5.84e-01  7.94e-01  2.14e+05	11.6992 56.9076 0.1798	
86.644955 284.738274	5.78e-01  8.02e-01  2.14e+05	14.5572 56.3268 0.3635	
86.644955 284.738274	5.58e-01  6.69e-01  2.29e+05	-11.9499 44.9320 0.7506	
86.644955 284.738274	6.04e-01  7.44e-01  2.17e+05	-11.2174 54.8690 0.9476	
86.644955 284.738274	6.69e-01  8.46e-01  2.02e+05	-27.9797 59.6468 0.1520	
86.644955 284.738274	4.14e-01  7.33e-01  2.37e+05	9.3272 37.0156 0.0519	
86.644955 284.738274	4.50e-01  7.41e-01  2.32e+05	-1.3956 42.9558 0.9830	
86.644955 284.738274	5.57e-01  7.47e-01  2.21e+05	-33.8709 40.6336 0.4605	
86.644955 284.738274	6.61e-01  7.58e-01  2.10e+05	25.1130 55.1767 0.6982	
86.644955 284.738274	4.72e-01  9.10e-01  2.14e+05	-6.0739 58.0436 0.8345	
86.644955 284.738274	6.69e-01  7.32e-01  2.12e+05	19.3638 56.2663 0.1482	
86.644955 284.738274	6.57e-01  7.95e-01  2.08e+05	-4.2253 62.3652 0.1721	
86.644955 284.738274	6.02e-01  8.69e-01  2.06e+05	27.2801 57.4395 0.1075	
86.644955 284.738274	4.21e-01  9.53e-01  2.14e+05	29.5341 49.6198 0.0070	
86.644955 284.738274	4.22e-01  8.48e-01  2.24e+05	-4.8047 49.9843 0.4322	
86.644955 284.738274	5.48e-01  7.60e-01  2.21e+05	14.0009 51.2749 0.4874	
86.644955 284.738274	7.09e-01  8.73e-01  1.97e+05	12.0638 68.1118 0.4710	
86.644955 284.738274	6.06e-01  8.80e-01  2.05e+05	-18.7124 61.6309 0.2228	
86.644955 284.738274	6.36e-01  7.67e-01  2.12e+05	3.6643 59.4981 0.8084	
86.644955 284.738274	5.45e-01  7.92e-01  2.18e+05	4.1450 55.1360 0.3386	
86.644955 284.738274	4.05e-01  9.25e-01  2.18e+05	-11.2063 53.6359 0.0277	
86.644955 284.738274	5.79e-01  7.87e-01  2.15e+05	-17.5544 54.4899 0.4744	
86.644955 284.738274	5.58e-01  6.91e-01  2.26e+05	4.7123 48.2651 0.6616	
86.644955 284.738274	6.78e-01  8.88e-01  1.98e+05	3.4899 68.2833 0.4251	
86.644955 284.738274	5.67e-01  6.79e-01  2.27e+05	12.0612 46.6862 0.7776	
86.644955 284.738274	5.66e-01  8.03e-01  2.15e+05	-22.3257 53.0011 0.3453	
86.644955 284.738274	5.00e-01  7.11e-01  2.30e+05	-1.1970 45.0475 0.7700	
86.644955 284.738274	6.91e-01  7.60e-01  2.08e+05	-10.2323 61.6086 0.2231	
86.644955 284.738274	6.00e-01  8.08e-01  2.11e+05	-5.1626 59.7306 0.7129	
86.644955 284.738274	3.73e-01  8.28e-01  2.31e+05	4.9877 43.6793 0.2554	
86.644955 284.738274	5.15e-01  8.65e-01  2.14e+05	16.4426 55.8238 0.9991	
86.644955 284.738274	5.07e-01  6.96e-01  2.31e+05	7.0077 43.6132 0.6653	
86.644955 284.738274	6.86e-01  8.30e-01  2.02e+05	11.6421 64.9030 0.3884	
86.644955 284.738274	4.86e-01  8.92e-01  2.14e+05	21.8995 53.8122 0.4288	
86.644955 284.738274	3.29e-01  8.82e-01  2.30e+05	14.6857 42.5217 0.7130	
86.644955 284.738274	7.17e-01  9.74e-01  1.89e+05	-4.6691 73.6609 0.8630	
86.644955 284.738274	6.88e-01  8.11e-01  2.04e+05	-41.0793 50.4529 0.0835	
86.644955 284.738274	4.65e-01  9.35e-01  2.12e+05	19.2270 56.2403 0.1257	
86.644955 284.738274	5.84e-01  7.92e-01  2.14e+05	-35.4101 45.8883 0.3981	
86.644955 284.738274	6.65e-01  7.83e-01  2.08e+05	-4.8748 62.1120 0.8507	
86.644955 284.738274	5.87e-01  9.14e-01  2.03e+05	10.3581 64.3682 0.1006	
86.644955 284.738274	4.73e-01  8.06e-01  2.23e+05	11.4868 49.6805 0.2477	
86.644955 284.738274	7.40e-01  9.40e-01  1.90e+05	23.8419 69.3638 0.0655	
86.644955 284.738274	6.10e-01  6.73e-01  2.23e+05	23.0791 45.8437 0.6108	
86.644955 284.738274	4.85e-01  8.24e-01  2.20e+05	-8.9939 52.5298 0.2413	
86.644955 284.738274	4.95e-01  7.01e-01  2.32e+05	-19.5874 38.8208 0.2862	
86.644955 284.738274	6.14e-01  9.52e-01  1.98e+05	-29.0348 61.9178 0.6427	
86.644955 284.738274	4.42e-01  8.96e-01  2.18e+05	-11.8262 54.0635 0.9983	
86.644955 284.738274	6.03e-01  8.28e-01  2.09e+05	15.6881 59.3099 0.4084	
86.644955 284.738274	5.65e-01  8.49e-01  2.11e+05	-16.3843 57.9976 0.6772	
86.644955 284.738274	6.20e-01  7.19e-01  2.18e+05	5.6851 55.1469 0.8921	
86.644955 284.738274	5.17e-01  8.26e-01  2.17e+05	-24.0794 50.2798 0.9937	
86.644955 284.738274	3.73e-01  8.29e-01  2.31e+05	4.0214 43.9717 0.3444	
86.644955 284.738274	3.68e-01  9.17e-01  2.23e+05	25.8492 44.4365 0.6130	
86.644955 284.738274	4.29e-01  7.57e-01  2.33e+05	-15.1554 39.7191 0.8231	
86.644955 284.738274	6.45e-01  7.46e-01  2.13e+05	-4.5561 58.7377 0.9200	
86.644955 284.738274	4.10e-01  8.61e-01  2.24e+05	-10.1592 49.3010 0.8182	
86.644955 284.738274	5.19e-01  9.16e-01  2.09e+05	22.8389 57.1404 0.9039	
86.644955 284.738274	4.12e-01  9.39e-01  2.17e+05	-22.5189 51.5577 0.4310	
86.644955 284.738274	5.18e-01  7.37e-01  2.26e+05	-17.9460 45.5133 0.8456	
86.644955 284.738274	3.67e-01  7.93e-01  2.36e+05	-23.3364 32.1437 0.9095	
86.644955 284.738274	5.23e-01  9.79e-01  2.03e+05	30.7815 57.5233 0.4771	
86.644955 284.738274	6.21e-01  7.68e-01  2.13e+05	-9.6822 57.9805 0.1629	
86.644955 284.738274	5.28e-01  8.44e-01  2.15e+05	-10.3509 56.6859 0.3860	
86.644955 284.738274	5.89e-01  7.44e-01  2.18e+05	19.3621 51.4916 0.2126	
86.644955 284.738274	3.49e-01  8.84e-01  2.28e+05	16.7930 43.9659 0.4573	
86.644955 284.738274	5.06e-01  7.95e-01  2.21e+05	-25.0042 46.3716 0.9727	
86.644955 284.738274	4.84e-01  9.27e-01  2.11e+05	13.1824 58.6416 0.1427	
86.644955 284.738274	5.32e-01  8.62e-01  2.13e+05	-9.4723 58.3694 0.9671	
86.644955 284.738274	6.57e-01  8.13e-01  2.06e+05	-28.1890 56.9180 0.6110	
86.644955 284.738274	6.92e-01  7.70e-01  2.07e+05	-21.7057 59.2150 0.3598	
86.644955 284.738274	5.92e-01  7.70e-01  2.16e+05	-11.9201 55.7200 0.4199	
86.644955 284.738274	6.12e-01  7.27e-01  2.18e+05	-16.8651 52.8599 0.8729	
86.644955 284.738274	7.70e-01  8.36e-01  1.95e+05	-30.8954 63.0998 0.9737	
86.644955 284.738274	4.14e-01  9.96e-01  2.11e+05	-7.5293 59.5973 0.0959	
86.644955 284.738274	6.80e-01  8.22e-01  2.03e+05	-4.1755 65.0757 0.4874	
86.644955 284.738274	5.94e-01  7.80e-01  2.14e+05	-16.6968 55.3085 0.5429	
86.644955 284.738274	5.73e-01  6.63e-01  2.28e+05	-17.4926 43.9629 0.6072	
86.644955 284.738274	4.55e-01  8.14e-01  2.24e+05	4.3083 49.9719 0.4052	
86.644955 284.738274	4.65e-01  8.28e-01  2.22e+05	-17.6167 48.9783 0.3443	
86.644955 284.738274	3.99e-01  9.27e-01  2.19e+05	14.1814 52.5864 0.0990	
86.644955 284.738274	5.26e-01  8.34e-01  2.16e+05	6.8790 56.4243 0.4763	
86.644955 284.738274	3.48e-01  8.02e-01  2.37e+05	21.4788 31.8456 0.2089	
86.644955 284.738274	6.22e-01  8.99e-01  2.02e+05	1.0516 66.2044 0.1124	
86.644955 284.738274	4.34e-01  8.67e-01  2.21e+05	2.5180 52.6272 0.1964	
86.644955 284.738274	6.85e-01  7.17e-01  2.12e+05	-37.4259 46.3723 0.4396	
86.644955 284.738274	6.50e-01  7.40e-01  2.13e+05	-23.2282 54.0509 0.7413	
86.644955 284.738274	6.58e-01  9.46e-01  1.95e+05	-33.6650 61.5282 0.8174	
86.644955 284.738274	5.40e-01  9.14e-01  2.07e+05	1.8167 62.6443 0.6758	
86.644955 284.738274	5.32e-01  9.21e-01  2.07e+05	8.2337 62.0489 0.6968	
86.644955 284.738274	4.85e-01  8.68e-01  2.16e+05	-4.0728 56.2739 0.7774	
86.644955 284.738274	6.09e-01  8.43e-01  2.08e+05	-12.5595 61.2431 0.0965	
86.644955 284.738274	5.75e-01  9.77e-01  1.99e+05	-5.9481 67.4673 0.7680	
86.644955 284.738274	4.33e-01  8.04e-01  2.27e+05	21.8452 42.1544 0.5441	
86.644955 284.738274	6.84e-01  7.63e-01  2.08e+05	25.1309 56.9736 0.2571	
86.644955 284.738274	5.68e-01  8.56e-01  2.10e+05	37.3063 48.1837 0.4165	
86.644955 284.738274	6.28e-01  7.34e-01  2.15e+05	13.1628 55.5049 0.6089	
86.644955 284.738274	5.35e-01  8.22e-01  2.16e+05	-15.7134 54.4517 0.3929	
86.644955 284.738274	4.73e-01  8.47e-01  2.19e+05	24.3672 48.3071 0.9564	
86.644955 284.738274	3.86e-01  8.98e-01  2.23e+05	-2.0159 51.3339 0.2169	
86.644955 284.738274	4.65e-01  8.79e-01  2.17e+05	14.4281 53.8489 0.4343	
86.644955 284.738274	3.88e-01  9.15e-01  2.21e+05	-1.7808 52.8233 0.8558	
86.644955 284.738274	4.05e-01  8.28e-01  2.28e+05	-6.6302 46.5551 0.4984	
86.644955 284.738274	6.43e-01  8.25e-01  2.06e+05	-2.3917 63.3958 0.8323	
86.644955 284.738274	5.25e-01  7.66e-01  2.22e+05	39.0551 34.2262 0.4593	
86.644955 284.738274	4.07e-01  8.30e-01  2.28e+05	22.5322 41.6891 0.5196	
86.644955 284.738274	5.72e-01  8.17e-01  2.13e+05	-0.6253 58.7786 0.0514	
86.644955 284.738274	6.01e-01  7.66e-01  2.15e+05	-29.4757 49.1652 0.8148	
86.644955 284.738274	5.08e-01  8.34e-01  2.17e+05	-27.1054 48.5281 0.4359	
86.644955 284.738274	4.72e-01  9.19e-01  2.13e+05	-14.4904 57.0851 0.1383	
86.644955 284.738274	6.40e-01  9.03e-01  2.00e+05	15.9512 65.3984 0.1121	
86.644955 284.738274	5.21e-01  9.52e-01  2.06e+05	17.2241 61.3383 0.0803	
86.644955 284.738274	6.17e-01  8.32e-01  2.08e+05	28.3631 55.5131 0.6881	
86.644955 284.738274	5.06e-01  7.77e-01  2.23e+05	-0.4715 51.2487 0.9216	
86.644955 284.738274	5.47e-01  7.35e-01  2.23e+05	3.7267 51.0882 0.8005	
86.644955 284.738274	6.75e-01  8.40e-01  2.02e+05	-0.6034 65.8848 0.0622	
86.644955 284.738274	4.92e-01  9.44e-01  2.09e+05	10.4246 60.7126 0.2632	
86.644955 284.738274	6.73e-01  7.45e-01  2.10e+05	0.6405 60.5816 0.3415	
86.644955 284.738274	6.26e-01  7.80e-01  2.12e+05	8.1255 59.2647 0.1511	
86.644955 284.738274	4.81e-01  5.93e-01  2.45e+05	14.4867 23.5601 0.7502	
86.644955 284.738274	5.35e-01  7.06e-01  2.27e+05	1.4015 47.7890 0.2815	
86.644955 284.738274	6.79e-01  8.37e-01  2.02e+05	10.4423 65.1109 0.7183	
86.644955 284.738274	3.15e-01  7.92e-01  2.42e+05	-10.8918 30.9356 0.0485	
86.644955 284.738274	4.14e-01  8.49e-01  2.25e+05	-8.5489 48.8950 0.0166	
86.644955 284.738274	5.07e-01  8.02e-01  2.20e+05	-7.1897 52.7458 0.0615	
86.644955 284.738274	4.86e-01  5.96e-01  2.45e+05	-5.8831 28.2039 0.2741	
86.644955 284.738274	6.11e-01  9.43e-01  1.99e+05	-4.5203 67.6627 0.4923	
86.644955 284.738274	3.90e-01  8.08e-01  2.32e+05	-2.4023 43.6311 0.1032	
86.644955 284.738274	7.43e-01  7.89e-01  2.01e+05	-15.9628 64.8535 0.6672	
86.644955 284.738274	4.27e-01  8.66e-01  2.22e+05	-28.0890 43.8797 0.6342	
86.644955 284.738274	5.03e-01  6.75e-01  2.34e+05	7.4023 40.9847 0.6681	
86.644955 284.738274	6.08e-01  7.26e-01  2.18e+05	16.2766 52.6250 0.7153	
86.644955 284.738274	6.68e-01  9.67e-01  1.93e+05	-26.0894 66.5526 0.4742	
86.644955 284.738274	5.36e-01  7.73e-01  2.20e+05	-8.3797 52.6472 0.0839	
86.644955 284.738274	5.59e-01  7.40e-01  2.21e+05	-8.4432 51.8384 0.1657	
86.644955 284.738274	6.15e-01  8.15e-01  2.09e+05	1.1469 61.2344 0.1942	
86.644955 284.738274	4.51e-01  8.43e-01  2.22e+05	24.8594 45.7462 0.2611	
86.644955 284.738274	5.75e-01  7.20e-01  2.22e+05	0.6585 52.2769 0.9164	
86.644955 284.738274	4.85e-01  7.06e-01  2.32e+05	8.8199 42.0772 0.7892	
86.644955 284.738274	4.01e-01  7.84e-01  2.33e+05	-1.6306 42.3026 0.5710	
86.644955 284.738274	5.04e-01  9.76e-01  2.05e+05	-29.5581 56.8252 0.8691	
86.644955 284.738274	7.52e-01  9.32e-01  1.90e+05	-27.7330 68.0525 0.3220	
86.644955 284.738274	5.17e-01  8.38e-01  2.16e+05	8.4658 55.9162 0.1461	
86.644955 284.738274	6.72e-01  8.48e-01  2.02e+05	-24.5247 61.4160 0.1869	
86.644955 284.738274	5.04e-01  8.15e-01  2.19e+05	-3.2794 53.9117 0.4830	
86.644955 284.738274	5.00e-01  8.16e-01  2.20e+05	-14.3128 51.8280 0.3491	
86.644955 284.738274	3.69e-01  8.62e-01  2.28e+05	0.7610 46.8539 0.6415	
86.644955 284.738274	4.62e-01  8.12e-01  2.24e+05	-5.9135 50.1953 0.8650	
86.644955 284.738274	5.86e-01  6.99e-01  2.23e+05	15.3821 49.1325 0.5100	
86.644955 284.738274	5.14e-01  9.29e-01  2.08e+05	-4.5645 61.8461 0.6355	
86.644955 284.738274	5.72e-01  9.15e-01  2.05e+05	33.3905 55.1000 0.2919	
86.644955 284.738274	6.67e-01  8.62e-01  2.01e+05	7.6017 66.1951 0.8519	
86.644955 284.738274	5.72e-01  8.12e-01  2.14e+05	7.4388 57.9380 0.0493	
86.644955 284.738274	4.50e-01  7.35e-01  2.33e+05	0.2787 42.4282 0.5731	
86.644955 284.738274	3.94e-01  8.75e-01  2.24e+05	9.2589 49.2473 0.0142	
86.644955 284.738274	5.00e-01  8.74e-01  2.14e+05	21.7718 53.5545 0.1025	
86.644955 284.738274	6.43e-01  7.10e-01  2.16e+05	-1.5137 56.3486 0.7849	
86.644955 284.738274	4.07e-01  7.84e-01  2.32e+05	-6.5538 42.5412 0.5302	
86.644955 284.738274	5.33e-01  8.18e-01  2.17e+05	11.9712 54.9721 0.2901	
86.644955 284.738274	5.19e-01  8.19e-01  2.18e+05	-31.1695 45.7088 0.5105	
86.644955 284.738274	5.83e-01  7.51e-01  2.18e+05	-3.5032 54.9678 0.4837	
86.644955 284.738274	3.48e-01  8.14e-01  2.36e+05	-9.8022 38.5397 0.7453	
86.644955 284.738274	8.10e-01  9.14e-01  1.87e+05	-30.2720 68.6970 0.9110	
86.644955 284.738274	7.54e-01  8.62e-01  1.95e+05	8.8524 70.1231 0.1433	
86.644955 284.738274	5.93e-01  7.54e-01  2.17e+05	15.8893 53.7003 0.4119	
86.644955 284.738274	7.30e-01  9.39e-01  1.91e+05	-23.9167 68.8568 0.1103	
86.644955 284.738274	7.33e-01  9.55e-01  1.89e+05	16.1982 71.8767 0.1707	
86.644955 284.738274	7.73e-01  8.80e-01  1.92e+05	-11.9782 71.2420 0.1752	
86.644955 284.738274	5.15e-01  8.82e-01  2.12e+05	-0.4788 59.2626 0.0380	
86.644955 284.738274	4.99e-01  8.78e-01  2.14e+05	20.9754 54.0610 0.4919	
86.644955 284.738274	5.43e-01  8.26e-01  2.15e+05	-24.2934 52.0608 0.1170	
86.644955 284.738274	5.61e-01  8.81e-01  2.08e+05	1.2931 61.9703 0.9971	
86.644955 284.738274	5.08e-01  7.37e-01  2.27e+05	-0.2849 48.0472 0.1752	
86.644955 284.738274	4.83e-01  9.33e-01  2.11e+05	-0.0940 60.3940 0.3209	
86.644955 284.738274	4.97e-01  7.65e-01  2.25e+05	-10.4929 48.4543 0.4113	
86.644955 284.738274	5.49e-01  9.60e-01  2.03e+05	12.0748 64.4680 0.4844	
86.644955 284.738274	4.41e-01  8.95e-01  2.18e+05	-11.7774 53.9660 0.8095	
86.644955 284.738274	4.14e-01  7.91e-01  2.31e+05	-12.2067 42.7621 0.4374	
86.644955 284.738274	3.40e-01  8.92e-01  2.28e+05	-18.8033 42.9763 0.2314	
86.644955 284.738274	5.47e-01  8.51e-01  2.12e+05	-2.6232 59.2816 0.0388	
86.644955 284.738274	5.20e-01  7.52e-01  2.24e+05	-7.5613 49.7794 0.5875	
86.644955 284.738274	7.25e-01  7.92e-01  2.02e+05	6.6861 65.6378 0.8916	
86.644955 284.738274	5.71e-01  8.27e-01  2.12e+05	-4.0411 59.1507 0.0336	
86.644955 284.738274	3.76e-01  8.45e-01  2.29e+05	15.4500 43.2451 0.2324	
86.644955 284.738274	4.27e-01  8.15e-01  2.27e+05	14.6610 45.5114 0.6891	
86.644955 284.738274	4.84e-01  7.53e-01  2.27e+05	-6.0701 47.0737 0.2565	
86.644955 284.738274	5.90e-01  9.75e-01  1.98e+05	-18.5054 65.7732 0.2241	
86.644955 284.738274	6.63e-01  9.07e-01  1.98e+05	7.0904 68.2184 0.3290	
86.644955 284.738274	5.50e-01  8.34e-01  2.13e+05	12.7569 57.0423 0.8526	
86.644955 284.738274	6.05e-01  8.98e-01  2.03e+05	23.6063 60.8583 0.9244	
86.644955 284.738274	3.97e-01  9.32e-01  2.18e+05	-13.7286 53.0173 0.3210	
86.644955 284.738274	6.63e-01  8.66e-01  2.01e+05	-24.7216 61.8367 0.4793	
86.644955 284.738274	7.83e-01  9.05e-01  1.89e+05	14.3558 72.2702 0.9406	
86.644955 284.738274	7.43e-01  8.94e-01  1.93e+05	-41.3409 58.3976 0.3306	
86.644955 284.738274	4.90e-01  7.52e-01  2.27e+05	-10.2738 46.7574 0.7256	
86.644955 284.738274	6.71e-01  9.73e-01  1.93e+05	40.4712 59.3773 0.8733	
86.644955 284.738274	6.46e-01  9.42e-01  1.97e+05	3.6058 69.3123 0.9955	
86.644955 284.738274	3.89e-01  8.40e-01  2.28e+05	-5.3702 46.3944 0.2128	
86.644955 284.738274	6.00e-01  7.41e-01  2.17e+05	15.2459 53.4461 0.4515	
86.644955 284.738274	4.23e-01  8.19e-01  2.27e+05	11.5599 46.4672 0.3325	
86.644955 284.738274	5.02e-01  8.27e-01  2.19e+05	2.0592 54.6977 0.4964	
86.644955 284.738274	5.57e-01  7.23e-01  2.23e+05	-0.5172 51.0445 0.0330	
86.644955 284.738274	7.18e-01  8.15e-01  2.01e+05	-24.2616 62.2557 0.8544	
86.644955 284.738274	5.47e-01  6.67e-01  2.30e+05	-12.7439 43.4452 0.3549	
86.644955 284.738274	7.71e-01  8.10e-01  1.97e+05	-13.3091 67.7824 0.8462	
86.644955 284.738274	6.31e-01  8.49e-01  2.05e+05	38.8158 51.0324 0.0180	
86.644955 284.738274	6.15e-01  7.02e-01  2.20e+05	5.0336 53.6865 0.9287	
86.644955 284.738274	4.57e-01  8.24e-01  2.23e+05	11.0938 49.9649 0.0163	
86.644955 284.738274	5.15e-01  8.95e-01  2.11e+05	14.9280 58.1388 0.8824	
86.644955 284.738274	4.10e-01  9.13e-01  2.19e+05	-25.7396 47.8135 0.8823	
86.644955 284.738274	5.71e-01  7.46e-01  2.20e+05	25.7809 47.3000 0.3584	
86.644955 284.738274	7.11e-01  9.35e-01  1.92e+05	9.9241 71.2654 0.2482	
86.644955 284.738274	6.90e-01  7.32e-01  2.10e+05	8.8456 60.1880 0.2145	
86.644955 284.738274	5.39e-01  8.44e-01  2.14e+05	46.4915 35.2967 0.3659	
86.644955 284.738274	7.04e-01  8.43e-01  2.00e+05	7.4196 67.0754 0.6152	
86.644955 284.738274	4.97e-01  8.10e-01  2.21e+05	4.1214 52.9652 0.3287	
86.644955 284.738274	5.27e-01  6.81e-01  2.31e+05	-1.7187 44.6765 0.8198	
86.644955 284.738274	5.16e-01  9.24e-01  2.09e+05	-4.8535 61.6959 0.3758	
86.644955 284.738274	5.02e-01  8.79e-01  2.14e+05	1.4393 58.2415 0.3697	
86.644955 284.738274	5.50e-01  7.74e-01  2.19e+05	21.8849 49.7247 0.6486	
86.644955 284.738274	5.45e-01  7.31e-01  2.24e+05	17.5228 47.6349 0.7303	
86.644955 284.738274	5.05e-01  7.28e-01  2.28e+05	13.2258 45.1183 0.6604	
86.644955 284.738274	4.27e-01  8.18e-01  2.27e+05	-13.8233 46.1124 0.2279	
86.644955 284.738274	5.36e-01  9.17e-01  2.08e+05	7.6956 62.0903 0.6555	
86.644955 284.738274	5.43e-01  7.23e-01  2.25e+05	8.8623 49.1030 0.8228	
86.644955 284.738274	4.33e-01  8.22e-01  2.26e+05	-21.7983 43.8405 0.6388	
86.644955 284.738274	6.06e-01  8.65e-01  2.06e+05	10.6930 62.7095 0.5739	
86.644955 284.738274	4.78e-01  6.98e-01  2.34e+05	3.5797 41.3290 0.1356	
86.644955 284.738274	5.44e-01  8.89e-01  2.09e+05	-1.2457 61.4276 0.7205	
86.644955 284.738274	5.25e-01  7.58e-01  2.23e+05	7.8473 50.6329 0.9671	
86.644955 284.738274	6.47e-01  8.47e-01  2.04e+05	16.0970 62.7991 0.0220	
86.644955 284.738274	7.28e-01  9.12e-01  1.93e+05	31.2265 64.5798 0.5432	
86.644955 284.738274	5.85e-01  6.91e-01  2.24e+05	-8.3509 49.9598 0.5881	
86.644955 284.738274	3.91e-01  9.75e-01  2.15e+05	6.1303 56.9512 0.5199	
86.644955 284.738274	5.52e-01  8.03e-01  2.16e+05	-5.2631 56.2931 0.5888	
86.644955 284.738274	4.75e-01  9.16e-01  2.13e+05	-15.8495 56.7025 0.3434	
86.644955 284.738274	4.41e-01  8.15e-01  2.26e+05	1.4152 49.0274 0.2395	
86.644955 284.738274	5.65e-01  7.20e-01  2.23e+05	-23.9459 45.5704 0.3521	
86.644955 284.738274	5.55e-01  7.58e-01  2.20e+05	-24.4022 47.6629 0.5391	
86.644955 284.738274	4.92e-01  8.65e-01  2.16e+05	-23.2680 51.6624 0.5463	
86.644955 284.738274	4.29e-01  8.34e-01  2.25e+05	5.4585 49.2926 0.4527	
86.644955 284.738274	4.59e-01  9.11e-01  2.15e+05	-6.4572 57.2050 0.4360	
86.644955 284.738274	8.12e-01  8.97e-01  1.88e+05	23.3398 70.7461 0.1381	
86.644955 284.738274	4.07e-01  8.02e-01  2.30e+05	8.4138 43.9400 0.0643	
86.644955 284.738274	4.00e-01  8.33e-01  2.28e+05	-5.6906 46.6516 0.2695	
86.644955 284.738274	4.63e-01  7.45e-01  2.30e+05	6.4296 44.2964 0.1661	
86.644955 284.738274	4.86e-01  9.09e-01  2.13e+05	14.1480 57.4119 0.4882	
86.644955 284.738274	6.39e-01  8.62e-01  2.04e+05	-13.9862 63.6439 0.5879	
86.644955 284.738274	7.58e-01  8.63e-01  1.94e+05	-4.6566 70.7449 0.4797	
86.644955 284.738274	4.13e-01  7.19e-01  2.39e+05	9.2140 34.9516 0.6895	
86.644955 284.738274	3.90e-01  8.34e-01  2.29e+05	23.1425 40.0403 0.2798	
86.644955 284.738274	4.99e-01  8.05e-01  2.21e+05	25.3906 46.3899 0.8633	
86.644955 284.738274	7.05e-01  9.10e-01  1.95e+05	-6.8896 70.2743 0.1021	
86.644955 284.738274	4.63e-01  8.35e-01  2.21e+05	-6.3144 52.0654 0.2362	
86.644955 284.738274	5.87e-01  7.33e-01  2.19e+05	11.9167 52.7227 0.2013	
86.644955 284.738274	6.86e-01  9.12e-01  1.96e+05	-35.5325 60.1404 0.1035	
86.644955 284.738274	5.84e-01  6.33e-01  2.30e+05	5.4702 45.3032 0.4932	
86.644955 284.738274	6.43e-01  8.55e-01  2.04e+05	20.6249 61.7003 0.4410	
86.644955 284.738274	5.20e-01  8.00e-01  2.19e+05	14.6295 52.0942 0.7378	
86.644955 284.738274	6.35e-01  8.68e-01  2.03e+05	4.3430 65.1391 0.4696	
86.644955 284.738274	6.32e-01  8.14e-01  2.08e+05	-6.3135 61.8305 0.1231	
86.644955 284.738274	4.88e-01  9.73e-01  2.07e+05	-8.5973 62.3909 0.0796	
86.644955 284.738274	6.58e-01  7.65e-01  2.10e+05	9.8618 60.0407 0.4077	
86.644955 284.738274	4.84e-01  8.73e-01  2.16e+05	13.0728 55.0984 0.9730	
86.644955 284.738274	5.76e-01  7.78e-01  2.16e+05	-1.8680 56.4035 0.9694	
86.644955 284.738274	6.56e-01  7.79e-01  2.09e+05	11.5372 60.4277 0.2083	
86.644955 284.738274	4.80e-01  8.29e-01  2.20e+05	7.5952 52.7051 0.2546	
86.644955 284.738274	4.20e-01  8.66e-01  2.23e+05	-21.9948 46.5664 0.9686	
86.644955 284.738274	4.52e-01  8.41e-01  2.22e+05	-11.5563 50.7949 0.7934	
86.644955 284.738274	5.51e-01  8.57e-01  2.11e+05	-9.5065 59.1814 0.3720	
86.644955 284.738274	6.19e-01  8.00e-01  2.10e+05	1.2627 60.5726 0.3503	
86.644955 284.738274	6.79e-01  7.05e-01  2.13e+05	-21.0005 54.5505 0.6141	
86.644955 284.738274	7.14e-01  8.77e-01  1.96e+05	-4.0519 69.4234 0.9659	
86.644955 284.738274	7.35e-01  7.76e-01  2.03e+05	9.5534 65.0014 0.4689	
86.644955 284.738274	7.32e-01  8.90e-01  1.94e+05	-14.2934 69.4430 0.1850	
86.644955 284.738274	6.10e-01  8.89e-01  2.04e+05	1.7762 65.0336 0.4824	
86.644955 284.738274	6.19e-01  6.64e-01  2.23e+05	-7.0945 50.8087 0.7065	
86.644955 284.738274	5.97e-01  7.27e-01  2.19e+05	33.1587 43.1101 0.4913	
86.644955 284.738274	6.43e-01  8.27e-01  2.06e+05	-10.3171 62.6709 0.9155	
86.644955 284.738274	6.00e-01  8.55e-01  2.07e+05	-13.0807 61.3481 0.8285	
86.644955 284.738274	5.38e-01  9.11e-01  2.08e+05	18.8845 59.4604 0.3762	
86.644955 284.738274	5.98e-01  9.61e-01  1.99e+05	-7.6344 67.6587 0.6886	
86.644955 284.738274	4.01e-01  8.56e-01  2.26e+05	-16.2259 46.3769 0.6999	
86.644955 284.738274	7.38e-01  8.73e-01  1.95e+05	20.5066 67.4090 0.6113	
86.644955 284.738274	4.60e-01  7.51e-01  2.30e+05	4.7505 44.7754 0.5305	
86.644955 284.738274	5.06e-01  8.10e-01  2.20e+05	-6.3271 53.4094 0.3025	
86.644955 284.738274	3.82e-01  7.96e-01  2.34e+05	-16.4020 38.2712 0.7150	
86.644955 284.738274	5.39e-01  6.96e-01  2.28e+05	10.7829 45.9737 0.9176	
86.644955 284.738274	5.94e-01  9.06e-01  2.04e+05	-8.0340 64.6261 0.9226	
86.644955 284.738274	6.00e-01  7.01e-01  2.21e+05	5.3661 52.3828 0.5594	
86.644955 284.738274	5.82e-01  8.39e-01  2.10e+05	3.6448 60.6248 0.4194	
86.644955 284.738274	4.92e-01  8.21e-01  2.20e+05	-4.4963 53.3990 0.6637	
86.644955 284.738274	6.80e-01  9.33e-01  1.95e+05	-30.3845 63.6369 0.1063	
86.644955 284.738274	3.73e-01  8.72e-01  2.27e+05	0.3015 48.1412 0.0079	
86.644955 284.738274	5.66e-01  8.66e-01  2.09e+05	19.7032 58.1354 0.8143	
86.644955 284.738274	5.97e-01  8.72e-01  2.06e+05	-9.9522 62.7019 0.4151	
86.644955 284.738274	5.47e-01  7.07e-01  2.26e+05	13.8164 46.9014 0.2203	
86.644955 284.738274	4.90e-01  8.69e-01  2.16e+05	-3.0183 56.7275 0.9915	
86.644955 284.738274	5.77e-01  9.43e-01  2.02e+05	-24.8768 61.2673 0.4603	
86.644955 284.738274	7.78e-01  8.79e-01  1.92e+05	15.2308 70.7959 0.1932	
86.644955 284.738274	5.50e-01  7.11e-01  2.25e+05	27.2891 41.2945 0.1567	
86.644955 284.738274	5.71e-01  9.12e-01  2.05e+05	-14.6357 62.5316 0.4290	
86.644955 284.738274	6.03e-01  9.75e-01  1.97e+05	-17.8001 66.6212 0.3269	
86.644955 284.738274	5.15e-01  7.14e-01  2.28e+05	0.6560 46.7074 0.2161	
86.644955 284.738274	4.14e-01  9.00e-01  2.20e+05	-15.0438 51.5087 0.9001	
86.644955 284.738274	7.59e-01  9.42e-01  1.88e+05	19.0797 71.7179 0.3041	
86.644955 284.738274	7.12e-01  8.69e-01  1.97e+05	25.2558 64.3290 0.8765	
86.644955 284.738274	4.86e-01  6.92e-01  2.34e+05	16.7064 38.2287 0.3825	
86.644955 284.738274	4.13e-01  7.26e-01  2.38e+05	-9.7573 35.7588 0.3091	
86.644955 284.738274	6.01e-01  9.00e-01  2.04e+05	-15.6977 63.2489 0.8116	
86.644955 284.738274	5.35e-01  8.56e-01  2.13e+05	5.4502 58.6612 0.5004	
86.644955 284.738274	6.54e-01  8.07e-01  2.07e+05	-11.8330 61.8904 0.8123	
86.644955 284.738274	5.91e-01  9.32e-01  2.02e+05	5.1908 66.1334 0.4726	
86.644955 284.738274	6.03e-01  8.96e-01  2.04e+05	0.3731 65.1184 0.5548	
86.644955 284.738274	5.36e-01  7.33e-01  2.24e+05	-6.2910 49.7227 0.5349	
86.644955 284.738274	4.80e-01  7.86e-01  2.25e+05	-23.1456 44.1898 0.1334	
86.644955 284.738274	7.05e-01  7.77e-01  2.05e+05	21.1826 60.5886 0.5767	
86.644955 284.738274	4.05e-01  9.62e-01  2.15e+05	19.8355 53.8181 0.3611	
86.644955 284.738274	6.12e-01  8.46e-01  2.07e+05	-4.8245 62.6900 0.2953	
86.644955 284.738274	5.28e-01  9.13e-01  2.08e+05	25.2373 56.5396 0.8011	
86.644955 284.738274	4.80e-01  8.10e-01  2.22e+05	10.1776 50.8559 0.6355	
86.644955 284.738274	5.31e-01  7.69e-01  2.21e+05	19.5350 48.8869 0.2119	
86.644955 284.738274	6.50e-01  8.37e-01  2.05e+05	1.5083 64.4662 0.7319	
86.644955 284.738274	6.18e-01  8.42e-01  2.07e+05	2.2657 62.9145 0.9229	
86.644955 284.738274	6.12e-01  8.42e-01  2.07e+05	-7.0099 62.2704 0.8962	
86.644955 284.738274	4.63e-01  8.97e-01  2.16e+05	14.9873 54.8643 0.7572	
86.644955 284.738274	5.47e-01  8.07e-01  2.16e+05	-12.8855 54.9648 0.7682	
86.644955 284.738274	3.68e-01  9.49e-01  2.20e+05	4.8642 53.6413 0.3310	
86.644955 284.738274	5.40e-01  9.21e-01  2.07e+05	-17.1535 60.6327 0.1650	
86.644955 284.738274	7.97e-01  9.43e-01  1.86e+05	-25.1314 71.3815 0.5256	
86.644955 284.738274	5.49e-01  7.39e-01  2.22e+05	-24.5865 45.4206 0.6794	
86.644955 284.738274	6.50e-01  8.76e-01  2.01e+05	12.8480 65.2212 0.5017	
86.644955 284.738274	6.23e-01  8.89e-01  2.03e+05	-17.8940 63.2541 0.3377	
86.644955 284.738274	6.78e-01  9.04e-01  1.97e+05	35.1191 59.5526 0.8747	
86.644955 284.738274	7.17e-01  8.58e-01  1.98e+05	26.2742 63.6140 0.2895	
86.644955 284.738274	7.21e-01  8.48e-01  1.98e+05	10.9531 67.6595 0.2414	
86.644955 284.738274	5.48e-01  9.68e-01  2.02e+05	-1.1504 65.9348 0.9336	
86.644955 284.738274	7.16e-01  8.00e-01  2.02e+05	9.2944 65.2878 0.0818	
86.644955 284.738274	6.49e-01  8.66e-01  2.02e+05	-5.0569 65.6716 0.3888	
86.644955 284.738274	6.30e-01  8.52e-01  2.05e+05	-14.7344 62.4480 0.9140	
86.644955 284.738274	6.62e-01  8.52e-01  2.02e+05	20.0984 62.6826 0.4192	
86.644955 284.738274	3.55e-01  7.86e-01  2.38e+05	9.2167 36.2641 0.3584	
86.644955 284.738274	6.90e-01  7.44e-01  2.09e+05	6.8608 61.1113 0.2317	
86.644955 284.738274	4.56e-01  7.18e-01  2.34e+05	-12.9120 39.1483 0.9929	
86.644955 284.738274	5.46e-01  7.30e-01  2.24e+05	9.4852 49.7898 0.6076	
86.644955 284.738274	4.25e-01  7.93e-01  2.29e+05	-3.7235 45.5117 0.4605	
86.644955 284.738274	5.13e-01  8.22e-01  2.18e+05	33.5914 43.7132 0.0607	
86.644955 284.738274	7.90e-01  9.64e-01  1.85e+05	11.5148 75.3364 0.5203	
86.644955 284.738274	6.81e-01  9.26e-01  1.95e+05	-4.9484 70.0799 0.2922	
86.644955 284.738274	4.95e-01  9.63e-01  2.07e+05	-20.4599 59.4758 0.1174	
86.644955 284.738274	5.24e-01  7.15e-01  2.27e+05	7.6330 46.9214 0.5275	
86.644955 284.738274	4.91e-01  7.09e-01  2.31e+05	-28.0776 33.7513 0.7709	
86.644955 284.738274	4.85e-01  8.92e-01  2.14e+05	-10.5910 57.0093 0.3223	
86.644955 284.738274	5.99e-01  7.52e-01  2.17e+05	-0.2157 56.2233 0.0623	
86.644955 284.738274	4.30e-01  6.53e-01  2.44e+05	5.2564 28.6596 0.6697	
86.644955 284.738274	6.12e-01  9.55e-01  1.98e+05	14.8557 66.8015 0.5665	
86.644955 284.738274	7.14e-01  8.05e-01  2.02e+05	-1.3459 66.0900 0.3639	
86.644955 284.738274	6.13e-01  7.23e-01  2.18e+05	-26.4959 48.4974 0.3564	
86.644955 284.738274	4.54e-01  6.81e-01  2.38e+05	21.6069 29.6918 0.3865	
86.644955 284.738274	3.67e-01  8.89e-01  2.26e+05	3.5152 48.9455 0.0548	
86.644955 284.738274	6.10e-01  8.75e-01  2.05e+05	15.8062 62.3692 0.0147	
86.644955 284.738274	5.12e-01  9.08e-01  2.10e+05	-19.0851 57.6367 0.7502	
86.644955 284.738274	5.75e-01  8.54e-01  2.10e+05	9.2002 60.4680 0.2846	
86.644955 284.738274	4.57e-01  9.64e-01  2.10e+05	-5.3760 60.4911 0.1147	
86.644955 284.738274	6.48e-01  8.50e-01  2.04e+05	-15.3158 63.1713 0.1024	
86.644955 284.738274	7.07e-01  9.33e-01  1.93e+05	3.4738 71.6358 0.5238	
86.644955 284.738274	6.29e-01  9.50e-01  1.97e+05	-15.9305 67.1395 0.4789	
86.644955 284.738274	5.14e-01  8.92e-01  2.12e+05	-28.8094 52.4624 0.5342	
86.644955 284.738274	6.01e-01  8.30e-01  2.09e+05	-21.1982 57.5435 0.8767	
86.644955 284.738274	6.09e-01  8.26e-01  2.09e+05	-2.2857 61.4823 0.2655	
86.644955 284.738274	7.10e-01  7.15e-01  2.10e+05	-4.1333 60.7802 0.0175	
86.644955 284.738274	6.23e-01  8.72e-01  2.04e+05	-19.1515 61.9711 0.3336	
86.644955 284.738274	5.21e-01  8.69e-01  2.13e+05	7.4594 58.3975 0.2637	
86.644955 284.738274	3.73e-01  7.64e-01  2.38e+05	12.0546 34.8831 0.5847	
86.644955 284.738274	5.12e-01  8.29e-01  2.17e+05	3.4193 55.4998 0.1295	
86.644955 284.738274	5.78e-01  7.76e-01  2.16e+05	-3.0465 56.4086 0.1325	
86.644955 284.738274	6.54e-01  8.25e-01  2.05e+05	-4.8541 63.8259 0.1377	
86.644955 284.738274	4.18e-01  7.76e-01  2.32e+05	-17.0772 39.8204 0.8918	
86.644955 284.738274	3.11e-01  9.00e-01  2.30e+05	3.2343 44.8234 0.7524	
86.644955 284.738274	4.87e-01  8.45e-01  2.18e+05	29.8396 46.1594 0.4422	
86.644955 284.738274	6.52e-01  8.88e-01  2.00e+05	17.5565 64.8091 0.8359	
86.644955 284.738274	4.11e-01  8.48e-01  2.25e+05	21.2875 44.4099 0.6786	
86.644955 284.738274	5.42e-01  8.79e-01  2.10e+05	11.1976 59.7104 0.0422	
86.644955 284.738274	3.45e-01  8.87e-01  2.28e+05	9.2790 46.0324 0.0106	
86.644955 284.738274	7.36e-01  8.18e-01  1.99e+05	13.3930 66.4903 0.4990	
86.644955 284.738274	5.06e-01  9.12e-01  2.11e+05	-6.0884 60.2253 0.1775	
86.644955 284.738274	5.62e-01  8.63e-01  2.10e+05	-1.4462 60.9008 0.8452	
86.644955 284.738274	5.61e-01  8.14e-01  2.14e+05	18.9209 54.6692 0.9249	
86.644955 284.738274	5.31e-01  7.45e-01  2.24e+05	-12.7352 49.1295 0.8117	
86.644955 284.738274	5.34e-01  8.65e-01  2.12e+05	-7.1480 58.9699 0.0134	
86.644955 284.738274	3.79e-01  7.58e-01  2.38e+05	17.3509 32.5368 0.5248	
86.644955 284.738274	5.38e-01  7.71e-01  2.20e+05	-24.6601 47.2273 0.2082	
86.644955 284.738274	4.47e-01  7.67e-01  2.30e+05	6.9072 44.7770 0.7685	
86.644955 284.738274	7.97e-01  9.23e-01  1.87e+05	-6.5274 74.6284 0.4017	
86.644955 284.738274	5.74e-01  8.26e-01  2.12e+05	36.4332 46.9756 0.7597	
86.644955 284.738274	4.28e-01  7.88e-01  2.30e+05	-6.4567 45.0872 0.3223	
86.644955 284.738274	6.52e-01  8.18e-01  2.06e+05	1.3043 63.5206 0.2565	
86.644955 284.738274	6.41e-01  6.80e-01  2.19e+05	-20.4844 50.1237 0.2408	
86.644955 284.738274	4.57e-01  9.17e-01  2.14e+05	9.8133 56.9828 0.8646	
86.644955 284.738274	6.25e-01  9.11e-01  2.01e+05	-20.0543 63.8942 0.5499	
86.644955 284.738274	5.29e-01  9.38e-01  2.06e+05	15.6718 61.3723 0.6996	
86.644955 284.738274	7.08e-01  8.58e-01  1.98e+05	-6.6721 68.0649 0.2383	
86.644955 284.738274	5.99e-01  8.76e-01  2.06e+05	-9.9057 63.0180 0.6122	
86.644955 284.738274	6.72e-01  8.77e-01  2.00e+05	-2.4620 67.5239 0.6061	
86.644955 284.738274	5.58e-01  7.87e-01  2.17e+05	-1.5842 55.8670 0.6613	
86.644955 284.738274	6.48e-01  7.82e-01  2.09e+05	-11.4045 60.2101 0.5808	
86.644955 284.738274	5.72e-01  8.61e-01  2.09e+05	-29.9058 53.6676 0.6864	
86.644955 284.738274	6.38e-01  7.70e-01  2.11e+05	-30.2145 51.7844 0.6076	
86.644955 284.738274	3.68e-01  8.86e-01  2.26e+05	6.0540 48.5332 0.8415	
86.644955 284.738274	5.08e-01  7.00e-01  2.30e+05	19.8501 40.0966 0.0722	
86.644955 284.738274	4.99e-01  9.59e-01  2.07e+05	-18.4897 60.0896 0.8951	
86.644955 284.738274	6.28e-01  7.80e-01  2.11e+05	-9.4412 59.1673 0.5145	
86.644955 284.738274	5.09e-01  8.87e-01  2.12e+05	-11.1252 58.1538 0.9301	
86.644955 284.738274	3.83e-01  8.21e-01  2.31e+05	-16.3658 41.1515 0.4965	
86.644955 284.738274	6.70e-01  8.14e-01  2.05e+05	-19.0924 61.3654 0.8526	
86.644955 284.738274	4.27e-01  9.32e-01  2.16e+05	-17.7591 53.9209 0.1592	
86.644955 284.738274	6.61e-01  8.34e-01  2.04e+05	-7.2348 64.4423 0.0753	
86.644955 284.738274	5.14e-01  7.15e-01  2.28e+05	5.8524 46.2321 0.8388	
86.644955 284.738274	5.57e-01  9.09e-01  2.06e+05	-4.7386 63.1290 0.3785	
86.644955 284.738274	7.02e-01  8.67e-01  1.98e+05	9.5175 67.8595 0.4680	
86.644955 284.738274	5.59e-01  7.06e-01  2.25e+05	10.7276 48.6464 0.6535	
86.644955 284.738274	4.91e-01  8.81e-01  2.15e+05	17.0480 55.0427 0.0328	
86.644955 284.738274	5.38e-01  9.26e-01  2.07e+05	0.4936 63.1993 0.5043	
86.644955 284.738274	6.10e-01  6.41e-01  2.26e+05	11.0789 47.3556 0.6577	
86.644955 284.738274	6.90e-01  8.14e-01  2.03e+05	19.7302 62.2853 0.3849	
86.644955 284.738274	3.65e-01  7.97e-01  2.35e+05	1.3686 39.8608 0.0110	
86.644955 284.738274	5.42e-01  8.30e-01  2.15e+05	23.6514 52.6331 0.9773	
86.644955 284.738274	8.38e-01  8.90e-01  1.87e+05	5.6251 75.0129 0.0933	
86.644955 284.738274	4.67e-01  8.29e-01  2.22e+05	17.1068 49.4272 0.0149	
86.644955 284.738274	5.14e-01  8.59e-01  2.14e+05	-5.1404 57.5269 0.5232	
86.644955 284.738274	5.19e-01  8.99e-01  2.10e+05	-25.4351 54.9750 0.2636	
86.644955 284.738274	6.42e-01  8.36e-01  2.05e+05	12.9094 62.6377 0.9226	
86.644955 284.738274	6.45e-01  7.52e-01  2.12e+05	7.3536 58.8042 0.3065	
86.644955 284.738274	6.65e-01  9.22e-01  1.97e+05	-36.4227 59.0668 0.9654	
86.644955 284.738274	6.97e-01  9.59e-01  1.92e+05	15.6080 70.6736 0.5267	
86.644955 284.738274	4.23e-01  8.80e-01  2.21e+05	-11.8569 51.4804 0.6782	
86.644955 284.738274	5.87e-01  7.94e-01  2.14e+05	6.2181 57.9151 0.3886	
86.644955 284.738274	6.21e-01  8.95e-01  2.02e+05	3.7359 65.8634 0.2849	
86.644955 284.738274	7.00e-01  8.87e-01  1.97e+05	26.4043 64.1352 0.6428	
86.644955 284.738274	3.13e-01  8.22e-01  2.38e+05	-5.2844 36.2410 0.6656	
86.644955 284.738274	6.13e-01  7.59e-01  2.15e+05	7.5516 57.1786 0.5950	
86.644955 284.738274	5.23e-01  8.27e-01  2.17e+05	12.1725 54.8679 0.6104	
86.644955 284.738274	4.75e-01  7.81e-01  2.26e+05	-10.2641 47.9898 0.9976	
86.644955 284.738274	4.91e-01  8.60e-01  2.17e+05	3.2349 56.1461 0.2279	
86.644955 284.738274	4.96e-01  8.49e-01  2.17e+05	-7.2749 55.3820 0.4331	
86.644955 284.738274	5.76e-01  8.97e-01  2.06e+05	38.2163 50.9417 0.1476	
86.644955 284.738274	6.50e-01  8.23e-01  2.06e+05	4.4169 63.5137 0.0674	
86.644955 284.738274	4.81e-01  7.41e-01  2.29e+05	20.2992 41.3202 0.2041	
86.644955 284.738274	7.50e-01  9.21e-01  1.91e+05	41.8405 59.8111 0.3039	
86.644955 284.738274	3.31e-01  8.45e-01  2.34e+05	-12.6274 39.5136 0.4663	
86.644955 284.738274	5.24e-01  6.65e-01  2.32e+05	-14.9193 40.1679 0.2830	
86.644955 284.738274	5.67e-01  7.66e-01  2.18e+05	-14.5412 53.0136 0.0067	
86.644955 284.738274	6.67e-01  7.06e-01  2.14e+05	13.3083 56.2380 0.3249	
86.644955 284.738274	5.97e-01  9.51e-01  2.00e+05	13.6867 66.1189 0.5984	
86.644955 284.738274	5.63e-01  8.39e-01  2.12e+05	21.3334 55.6554 0.9115	
86.644955 284.738274	5.56e-01  6.86e-01  2.27e+05	18.6846 44.0296 0.2641	
86.644955 284.738274	3.24e-01  8.33e-01  2.36e+05	-4.2528 39.0950 0.3379	
86.644955 284.738274	6.68e-01  7.18e-01  2.13e+05	10.4997 57.6130 0.1612	
86.644955 284.738274	5.80e-01  8.50e-01  2.09e+05	29.7451 53.5448 0.9988	
86.644955 284.738274	6.46e-01  7.80e-01  2.10e+05	-22.1284 56.8807 0.3531	
86.644955 284.738274	5.61e-01  8.81e-01  2.08e+05	10.8965 60.9868 0.9689	
86.644955 284.738274	3.35e-01  8.03e-01  2.38e+05	-7.8617 36.1018 0.8687	
86.644955 284.738274	3.59e-01  8.54e-01  2.30e+05	-11.0360 43.8523 0.2350	
86.644955 284.738274	5.51e-01  8.06e-01  2.16e+05	16.6704 54.1496 0.6889	
86.644955 284.738274	3.06e-01  8.83e-01  2.33e+05	-3.5201 42.6608 0.5860	
86.644955 284.738274	8.42e-01  9.11e-01  1.85e+05	7.7966 75.7641 0.1553	
86.644955 284.738274	6.26e-01  7.08e-01  2.18e+05	21.6364 50.6711 0.6372	
86.644955 284.738274	3.99e-01  8.34e-01  2.28e+05	-10.0129 45.9980 0.7184	
86.644955 284.738274	6.84e-01  7.37e-01  2.10e+05	1.6786 60.7214 0.3181	
86.644955 284.738274	3.98e-01  8.67e-01  2.25e+05	3.2018 49.7413 0.9044	
86.644955 284.738274	4.63e-01  8.61e-01  2.19e+05	21.6761 49.8520 0.1931	
86.644955 284.738274	5.39e-01  9.60e-01  2.04e+05	2.9766 64.9611 0.5498	
86.644955 284.738274	6.57e-01  9.18e-01  1.98e+05	-15.9990 66.9064 0.7371	
86.644955 284.738274	5.53e-01  7.56e-01  2.20e+05	-30.3322 43.8322 0.2645	
86.644955 284.738274	5.91e-01  6.73e-01  2.25e+05	2.3364 49.6582 0.8313	
86.644955 284.738274	5.37e-01  8.25e-01  2.15e+05	4.5151 56.8392 0.3420	
86.644955 284.738274	4.90e-01  7.00e-01  2.32e+05	15.0229 40.1579 0.6191	
86.644955 284.738274	4.26e-01  7.70e-01  2.32e+05	-10.3987 42.2863 0.9772	
86.644955 284.738274	5.42e-01  8.73e-01  2.11e+05	-10.9268 59.3724 0.0388	
86.644955 284.738274	5.17e-01  7.44e-01  2.25e+05	-16.9665 46.4588 0.1022	
86.644955 284.738274	4.00e-01  7.65e-01  2.35e+05	9.9535 38.9613 0.5411	
86.644955 284.738274	6.69e-01  7.37e-01  2.12e+05	-9.9755 59.0035 0.5557	
86.644955 284.738274	4.42e-01  8.88e-01  2.18e+05	-6.8407 54.3803 0.1977	
86.644955 284.738274	6.79e-01  7.06e-01  2.13e+05	-9.0786 57.8204 0.4938	
86.644955 284.738274	5.55e-01  7.33e-01  2.22e+05	-11.2882 50.4221 0.5444	
86.644955 284.738274	5.31e-01  9.50e-01  2.05e+05	13.5928 62.6806 0.8169	
86.644955 284.738274	5.52e-01  7.26e-01  2.23e+05	-4.1547 50.6972 0.8114	
86.644955 284.738274	6.50e-01  8.40e-01  2.04e+05	42.9399 48.2826 0.4928	
86.644955 284.738274	5.16e-01  7.22e-01  2.27e+05	14.6366 45.1269 0.9752	
86.644955 284.738274	6.79e-01  8.78e-01  1.99e+05	5.3692 67.7254 0.9399	
86.644955 284.738274	6.17e-01  8.41e-01  2.07e+05	6.8681 62.4476 0.8921	
86.644955 284.738274	6.35e-01  8.84e-01  2.02e+05	46.1283 47.3285 0.0118	
86.644955 284.738274	5.33e-01  8.46e-01  2.14e+05	-18.1234 55.1675 0.5759	
86.644955 284.738274	4.88e-01  7.68e-01  2.26e+05	-32.3146 36.9278 0.7630	
86.644955 284.738274	4.10e-01  7.80e-01  2.32e+05	8.3167 42.0923 0.6276	
86.644955 284.738274	5.06e-01  7.03e-01  2.30e+05	-13.7227 42.6483 0.3377	
86.644955 284.738274	6.01e-01  7.83e-01  2.13e+05	19.2047 55.2234 0.4773	
86.644955 284.738274	6.60e-01  7.57e-01  2.11e+05	-5.5662 60.2452 0.4534	
86.644955 284.738274	6.83e-01  9.29e-01  1.95e+05	8.6123 69.9667 0.8739	
86.644955 284.738274	5.95e-01  6.80e-01  2.24e+05	21.5566 45.7679 0.7336	
86.644955 284.738274	6.57e-01  7.80e-01  2.09e+05	0.3967 61.6808 0.2160	
86.644955 284.738274	6.01e-01  8.01e-01  2.12e+05	-14.9927 57.6556 0.5396	
86.644955 284.738274	6.54e-01  9.00e-01  1.99e+05	22.4592 63.9946 0.6336	
86.644955 284.738274	7.73e-01  8.37e-01  1.95e+05	-13.7631 69.0638 0.7105	
86.644955 284.738274	7.06e-01  9.05e-01  1.95e+05	-22.8467 66.6440 0.6594	
86.644955 284.738274	4.98e-01  7.80e-01  2.23e+05	-2.1412 50.7931 0.4724	
86.644955 284.738274	5.62e-01  8.64e-01  2.10e+05	-28.7836 53.7513 0.1295	
86.644955 284.738274	7.24e-01  8.68e-01  1.96e+05	18.6576 67.0336 0.6399	
86.644955 284.738274	6.22e-01  8.03e-01  2.10e+05	19.6163 57.7401 0.6025	
86.644955 284.738274	3.75e-01  8.53e-01  2.28e+05	24.1439 39.8128 0.7021	
86.644955 284.738274	8.01e-01  9.36e-01  1.86e+05	-4.6863 75.3976 0.3843	
86.644955 284.738274	5.35e-01  8.19e-01  2.16e+05	-13.6470 54.7867 0.5541	
86.644955 284.738274	5.05e-01  7.49e-01  2.26e+05	-27.5722 40.3243 0.4980	
86.644955 284.738274	3.53e-01  9.15e-01  2.24e+05	3.4163 49.9301 0.5442	
86.644955 284.738274	3.92e-01  8.86e-01  2.23e+05	10.7193 49.7838 0.7562	
86.644955 284.738274	4.80e-01  8.87e-01  2.15e+05	-13.1690 55.8159 0.0403	
86.644955 284.738274	5.51e-01  7.98e-01  2.17e+05	18.4979 52.9567 0.6103	
86.644955 284.738274	4.98e-01  7.29e-01  2.29e+05	-9.7412 45.4580 0.9849	
86.644955 284.738274	5.95e-01  8.55e-01  2.08e+05	8.2257 61.9025 0.6327	
