34.108781 292.060618	4.58e-01  8.40e-01  3.93e+05	-0.0000 73.0235 0.1079	
34.108781 292.060618	7.20e-01  8.38e-01  3.54e+05	-34.0345 88.3466 0.8949	
34.108781 292.060618	5.32e-01  8.81e-01  3.75e+05	26.1390 79.7144 0.0963	
34.108781 292.060618	6.75e-01  8.23e-01  3.62e+05	49.3605 75.9269 0.9194	
34.108781 292.060618	6.59e-01  8.84e-01  3.56e+05	-7.5094 93.3653 0.4422	
34.108781 292.060618	5.79e-01  7.62e-01  3.86e+05	4.3691 77.2666 0.3069	
34.108781 292.060618	4.85e-01  8.18e-01  3.93e+05	15.3084 71.9235 0.7748	
34.108781 292.060618	4.35e-01  7.03e-01  4.23e+05	-13.5068 49.7083 0.0187	
34.108781 292.060618	5.53e-01  7.34e-01  3.95e+05	3.4700 71.7015 0.6927	
34.108781 292.060618	6.36e-01  8.67e-01  3.61e+05	45.4944 78.6912 0.4326	
34.108781 292.060618	4.57e-01  8.88e-01  3.85e+05	-52.5284 57.4489 0.0633	
34.108781 292.060618	7.04e-01  8.16e-01  3.59e+05	-20.9995 89.6796 0.5718	
34.108781 292.060618	5.47e-01  7.78e-01  3.89e+05	1.6164 75.7593 0.8591	
34.108781 292.060618	5.06e-01  7.81e-01  3.95e+05	12.2984 70.7117 0.0885	
34.108781 292.060618	6.11e-01  8.49e-01  3.68e+05	-45.4538 74.9984 0.9593	
34.108781 292.060618	5.12e-01  7.56e-01  3.99e+05	-7.5756 69.3397 0.4581	
34.108781 292.060618	4.51e-01  9.74e-01  3.73e+05	23.0787 81.7034 0.2358	
34.108781 292.060618	5.70e-01  7.01e-01  3.98e+05	20.8206 66.8737 0.0133	
34.108781 292.060618	4.68e-01  6.55e-01  4.26e+05	3.0143 48.5372 0.0769	
34.108781 292.060618	5.41e-01  6.60e-01  4.11e+05	-13.2189 59.8219 0.1912	
34.108781 292.060618	6.77e-01  8.43e-01  3.59e+05	36.4781 84.5375 0.6856	
34.108781 292.060618	6.56e-01  8.28e-01  3.64e+05	-13.2832 88.5154 0.5599	
34.108781 292.060618	5.10e-01  9.00e-01  3.75e+05	37.8303 74.6328 0.1367	
34.108781 292.060618	5.53e-01  8.23e-01  3.81e+05	27.4530 75.7926 0.0558	
34.108781 292.060618	7.48e-01  9.78e-01  3.32e+05	23.3641 102.0006 0.6151	
34.108781 292.060618	4.21e-01  7.86e-01  4.10e+05	22.6734 57.7506 0.3079	
34.108781 292.060618	5.97e-01  7.78e-01  3.81e+05	-41.4900 69.0486 0.7538	
34.108781 292.060618	6.60e-01  8.75e-01  3.57e+05	2.7297 93.0744 0.5629	
34.108781 292.060618	7.19e-01  7.45e-01  3.67e+05	-0.7022 87.9884 0.4165	
34.108781 292.060618	5.15e-01  8.96e-01  3.75e+05	14.4429 82.3965 0.0214	
34.108781 292.060618	5.19e-01  8.02e-01  3.90e+05	1.3092 75.4260 0.0193	
34.108781 292.060618	6.99e-01  8.67e-01  3.52e+05	12.9219 94.3476 0.5501	
34.108781 292.060618	4.80e-01  6.33e-01  4.28e+05	-7.9366 46.1835 0.6461	
34.108781 292.060618	6.46e-01  8.36e-01  3.64e+05	9.4039 88.8783 0.0702	
34.108781 292.060618	4.80e-01  7.68e-01  4.02e+05	-17.1084 65.1534 0.0946	
34.108781 292.060618	5.91e-01  8.54e-01  3.70e+05	-21.8178 83.7201 0.8259	
34.108781 292.060618	6.89e-01  8.05e-01  3.63e+05	-41.4545 80.0749 0.1721	
34.108781 292.060618	5.58e-01  6.89e-01  4.02e+05	-18.1524 64.7416 0.9926	
34.108781 292.060618	7.92e-01  9.16e-01  3.34e+05	-4.6115 103.5772 0.3409	
34.108781 292.060618	5.93e-01  8.56e-01  3.69e+05	29.0086 81.8111 0.4741	
34.108781 292.060618	6.97e-01  9.02e-01  3.48e+05	-25.5559 93.9174 0.7611	
34.108781 292.060618	6.19e-01  8.81e-01  3.62e+05	-40.6135 81.0291 0.3403	
34.108781 292.060618	5.29e-01  8.33e-01  3.83e+05	-53.0044 59.0653 0.6416	
34.108781 292.060618	3.85e-01  7.53e-01  4.23e+05	1.7880 51.5455 0.7157	
34.108781 292.060618	5.09e-01  9.26e-01  3.71e+05	23.8020 82.3686 0.9346	
34.108781 292.060618	6.13e-01  8.47e-01  3.68e+05	14.7076 86.4341 0.2560	
34.108781 292.060618	6.75e-01  8.68e-01  3.56e+05	-10.2270 93.0950 0.1077	
34.108781 292.060618	5.05e-01  8.17e-01  3.89e+05	-6.1546 75.2985 0.8777	
34.108781 292.060618	5.50e-01  6.23e-01  4.16e+05	-6.9118 56.6984 0.4120	
34.108781 292.060618	6.24e-01  8.80e-01  3.61e+05	1.7391 90.9663 0.3992	
34.108781 292.060618	3.91e-01  8.45e-01  4.04e+05	27.9563 59.6379 0.2870	
34.108781 292.060618	7.83e-01  7.99e-01  3.50e+05	-16.8106 94.7886 0.3984	
34.108781 292.060618	5.69e-01  8.13e-01  3.80e+05	-30.2245 75.3547 0.5085	
34.108781 292.060618	6.74e-01  8.26e-01  3.62e+05	-2.1299 90.6442 0.2089	
34.108781 292.060618	4.70e-01  8.68e-01  3.87e+05	-36.0630 68.1622 0.2590	
34.108781 292.060618	6.22e-01  7.75e-01  3.77e+05	22.9156 79.3060 0.2923	
34.108781 292.060618	5.92e-01  8.35e-01  3.73e+05	-22.6516 81.9919 0.3284	
34.108781 292.060618	4.22e-01  7.80e-01  4.11e+05	-2.4277 61.3600 0.1823	
34.108781 292.060618	4.60e-01  6.89e-01  4.21e+05	1.8636 53.4423 0.3820	
34.108781 292.060618	6.36e-01  7.36e-01  3.81e+05	-9.1829 79.7794 0.7067	
34.108781 292.060618	6.67e-01  7.37e-01  3.76e+05	-31.6960 76.8224 0.2485	
34.108781 292.060618	4.90e-01  7.49e-01  4.04e+05	1.4327 66.2027 0.1000	
34.108781 292.060618	4.78e-01  7.56e-01  4.05e+05	1.1647 65.6848 0.5411	
34.108781 292.060618	6.27e-01  7.92e-01  3.74e+05	-1.1341 84.4078 0.1797	
34.108781 292.060618	6.21e-01  8.50e-01  3.66e+05	-33.2081 82.0410 0.4399	
34.108781 292.060618	5.72e-01  7.52e-01  3.89e+05	44.0691 61.5783 0.2995	
34.108781 292.060618	6.34e-01  7.76e-01  3.75e+05	-9.0255 83.1399 0.9035	
34.108781 292.060618	6.92e-01  7.75e-01  3.67e+05	-5.7100 87.9730 0.8391	
34.108781 292.060618	5.26e-01  8.95e-01  3.74e+05	-46.4739 70.6073 0.2266	
34.108781 292.060618	5.10e-01  8.84e-01  3.78e+05	14.9226 80.8687 0.8464	
34.108781 292.060618	3.88e-01  9.35e-01  3.89e+05	17.0186 73.7073 0.8897	
34.108781 292.060618	5.43e-01  8.74e-01  3.74e+05	-26.7061 79.8667 0.4544	
34.108781 292.060618	5.94e-01  9.17e-01  3.60e+05	68.8441 60.2825 0.9906	
34.108781 292.060618	4.35e-01  8.92e-01  3.89e+05	-1.2727 75.9883 0.5413	
34.108781 292.060618	6.01e-01  6.57e-01  4.01e+05	7.0413 68.1125 0.4198	
34.108781 292.060618	4.30e-01  7.23e-01  4.20e+05	3.0019 53.9762 0.9807	
34.108781 292.060618	4.33e-01  8.47e-01  3.97e+05	-37.2339 60.5305 0.6536	
34.108781 292.060618	5.53e-01  8.04e-01  3.84e+05	-30.1262 72.8743 0.2955	
34.108781 292.060618	4.67e-01  8.08e-01  3.98e+05	1.6564 70.4232 0.3737	
34.108781 292.060618	5.06e-01  9.07e-01  3.75e+05	-21.9320 80.9287 0.2851	
34.108781 292.060618	4.49e-01  7.80e-01  4.06e+05	-6.1460 64.5818 0.1165	
34.108781 292.060618	5.98e-01  9.38e-01  3.56e+05	35.1924 86.3641 0.2455	
34.108781 292.060618	6.22e-01  7.34e-01  3.84e+05	-38.4254 68.8255 0.5833	
34.108781 292.060618	5.31e-01  8.12e-01  3.86e+05	-15.7562 75.9102 0.1720	
34.108781 292.060618	6.13e-01  7.51e-01  3.82e+05	-12.8977 78.5635 0.1793	
34.108781 292.060618	4.47e-01  6.97e-01  4.22e+05	-9.5586 51.6649 0.8822	
34.108781 292.060618	4.29e-01  7.45e-01  4.16e+05	-14.5563 55.4970 0.9957	
34.108781 292.060618	6.45e-01  7.49e-01  3.78e+05	6.5068 81.9368 0.1899	
34.108781 292.060618	6.96e-01  8.85e-01  3.50e+05	18.5156 94.3774 0.7612	
34.108781 292.060618	4.68e-01  7.70e-01  4.04e+05	14.8916 64.4133 0.7425	
34.108781 292.060618	3.62e-01  9.36e-01  3.93e+05	-27.3658 67.7718 0.7125	
34.108781 292.060618	6.77e-01  8.70e-01  3.55e+05	5.5904 93.7887 0.8183	
34.108781 292.060618	7.52e-01  8.50e-01  3.47e+05	30.7099 92.5678 0.1977	
34.108781 292.060618	4.98e-01  7.72e-01  3.98e+05	38.1219 58.5456 0.1248	
34.108781 292.060618	6.44e-01  7.47e-01  3.78e+05	-7.4860 81.6788 0.0695	
34.108781 292.060618	5.15e-01  8.23e-01  3.87e+05	6.8623 76.7268 0.3930	
34.108781 292.060618	5.69e-01  7.99e-01  3.82e+05	30.1941 73.9848 0.4936	
34.108781 292.060618	8.18e-01  9.62e-01  3.25e+05	28.7531 103.4695 0.1515	
34.108781 292.060618	2.12e-01  9.24e-01  4.23e+05	-1.1325 51.0252 0.8495	
34.108781 292.060618	4.62e-01  8.94e-01  3.84e+05	40.9379 67.3382 0.9530	
34.108781 292.060618	7.46e-01  8.94e-01  3.43e+05	-23.1311 97.0698 0.5460	
34.108781 292.060618	7.40e-01  8.56e-01  3.48e+05	-42.0497 87.5739 0.2750	
34.108781 292.060618	5.07e-01  8.35e-01  3.86e+05	-19.7461 74.9201 0.6793	
34.108781 292.060618	6.52e-01  8.37e-01  3.63e+05	-22.5322 87.0044 0.2554	
34.108781 292.060618	4.52e-01  8.24e-01  3.97e+05	-6.1394 70.3275 0.3467	
34.108781 292.060618	5.19e-01  7.66e-01  3.96e+05	-19.0975 69.0178 0.4614	
34.108781 292.060618	5.75e-01  7.22e-01  3.94e+05	4.0645 72.8105 0.6565	
34.108781 292.060618	6.73e-01  8.88e-01  3.53e+05	-27.2094 90.8458 0.6409	
34.108781 292.060618	5.31e-01  7.47e-01  3.97e+05	22.0943 67.3099 0.6213	
34.108781 292.060618	5.04e-01  7.81e-01  3.96e+05	40.3960 59.1710 0.8729	
34.108781 292.060618	5.76e-01  8.08e-01  3.79e+05	4.8080 81.2260 0.5563	
34.108781 292.060618	6.75e-01  7.85e-01  3.68e+05	-39.5536 78.2736 0.6189	
34.108781 292.060618	4.89e-01  7.83e-01  3.98e+05	-3.8605 70.1128 0.6250	
34.108781 292.060618	5.02e-01  7.21e-01  4.07e+05	32.9442 55.1323 0.7428	
34.108781 292.060618	2.61e-01  7.96e-01  4.39e+05	16.7470 29.5681 0.3235	
34.108781 292.060618	6.96e-01  7.34e-01  3.72e+05	15.7360 83.7615 0.5510	
34.108781 292.060618	6.63e-01  7.70e-01  3.72e+05	9.0848 85.0709 0.9368	
34.108781 292.060618	4.95e-01  6.96e-01  4.13e+05	8.2993 59.3427 0.1879	
34.108781 292.060618	5.24e-01  6.85e-01  4.09e+05	2.4216 62.2743 0.5980	
34.108781 292.060618	7.42e-01  8.91e-01  3.43e+05	-49.4727 86.2264 0.6770	
34.108781 292.060618	5.56e-01  8.07e-01  3.83e+05	-10.5865 78.7366 0.3684	
34.108781 292.060618	5.18e-01  8.32e-01  3.85e+05	-19.7166 75.6925 0.4372	
34.108781 292.060618	6.38e-01  8.66e-01  3.61e+05	3.8053 90.8360 0.6773	
34.108781 292.060618	5.87e-01  9.55e-01  3.56e+05	-31.7692 88.0928 0.6047	
34.108781 292.060618	6.05e-01  7.08e-01  3.91e+05	0.3826 74.5267 0.8818	
34.108781 292.060618	7.47e-01  8.75e-01  3.45e+05	4.3586 98.6416 0.2020	
34.108781 292.060618	4.24e-01  8.04e-01  4.06e+05	-5.6316 64.5138 0.6170	
34.108781 292.060618	7.80e-01  7.84e-01  3.53e+05	-23.3311 92.1773 0.8020	
34.108781 292.060618	4.19e-01  7.41e-01  4.19e+05	10.2903 54.2018 0.2398	
34.108781 292.060618	5.19e-01  7.66e-01  3.96e+05	14.1949 70.1667 0.2623	
34.108781 292.060618	5.22e-01  7.02e-01  4.07e+05	10.9691 63.2982 0.2888	
34.108781 292.060618	5.18e-01  8.60e-01  3.80e+05	-12.0208 79.8599 0.2997	
34.108781 292.060618	5.12e-01  8.24e-01  3.87e+05	3.8802 76.8225 0.2508	
34.108781 292.060618	6.98e-01  8.83e-01  3.50e+05	-17.6138 94.5590 0.1279	
34.108781 292.060618	5.29e-01  5.96e-01  4.25e+05	-2.5742 49.1751 0.6613	
34.108781 292.060618	6.31e-01  7.98e-01  3.72e+05	-24.1392 81.7336 0.6298	
34.108781 292.060618	6.69e-01  8.06e-01  3.65e+05	28.4738 84.1236 0.7696	
34.108781 292.060618	6.55e-01  7.36e-01  3.78e+05	1.2230 81.9134 0.8731	
34.108781 292.060618	6.21e-01  6.52e-01  3.98e+05	17.1679 68.0657 0.1318	
34.108781 292.060618	3.08e-01  8.29e-01  4.23e+05	-14.4585 49.1496 0.6064	
34.108781 292.060618	6.19e-01  7.70e-01  3.78e+05	23.9722 78.2829 0.4444	
34.108781 292.060618	5.79e-01  8.75e-01  3.69e+05	-9.4613 86.6136 0.3454	
34.108781 292.060618	4.45e-01  8.63e-01  3.92e+05	29.2828 67.9964 0.9274	
34.108781 292.060618	7.28e-01  8.61e-01  3.49e+05	-23.0376 93.9401 0.3403	
34.108781 292.060618	8.64e-01  9.45e-01  3.22e+05	9.0367 108.4149 0.8002	
34.108781 292.060618	4.95e-01  9.30e-01  3.73e+05	-18.0994 82.9468 0.5872	
34.108781 292.060618	4.60e-01  8.23e-01  3.96e+05	-6.1447 71.1312 0.3261	
34.108781 292.060618	3.94e-01  7.79e-01  4.16e+05	15.7092 55.1093 0.5285	
34.108781 292.060618	6.31e-01  7.82e-01  3.75e+05	-33.9668 76.6368 0.3125	
34.108781 292.060618	6.89e-01  8.68e-01  3.54e+05	-48.7038 81.1070 0.8394	
34.108781 292.060618	5.37e-01  7.56e-01  3.94e+05	-4.2529 72.4139 0.9705	
34.108781 292.060618	4.16e-01  7.41e-01  4.19e+05	10.2121 53.7984 0.7831	
34.108781 292.060618	7.48e-01  9.29e-01  3.38e+05	-6.4250 101.7060 0.5629	
34.108781 292.060618	5.20e-01  7.88e-01  3.92e+05	-9.0741 73.4493 0.8885	
34.108781 292.060618	6.93e-01  8.03e-01  3.62e+05	-4.8286 90.2698 0.8667	
34.108781 292.060618	4.49e-01  7.81e-01  4.05e+05	8.9351 64.5526 0.0839	
34.108781 292.060618	5.11e-01  7.62e-01  3.98e+05	1.4590 70.3020 0.2293	
34.108781 292.060618	4.41e-01  7.45e-01  4.14e+05	6.6544 58.7340 0.8088	
34.108781 292.060618	4.73e-01  7.85e-01  4.00e+05	2.8412 68.5745 0.6913	
34.108781 292.060618	6.57e-01  7.90e-01  3.70e+05	-11.9874 85.8139 0.9265	
34.108781 292.060618	4.20e-01  8.53e-01  3.98e+05	-31.3615 62.8765 0.5128	
34.108781 292.060618	7.48e-01  8.85e-01  3.43e+05	30.3409 94.6418 0.5502	
34.108781 292.060618	4.03e-01  8.46e-01  4.02e+05	-14.7022 65.7570 0.2921	
34.108781 292.060618	5.89e-01  7.73e-01  3.83e+05	46.3395 64.4126 0.6340	
34.108781 292.060618	5.47e-01  8.71e-01  3.74e+05	-54.5338 64.2658 0.4175	
34.108781 292.060618	4.57e-01  8.04e-01  4.00e+05	-4.5816 68.6744 0.3028	
34.108781 292.060618	6.14e-01  8.76e-01  3.63e+05	1.6716 89.9079 0.1245	
34.108781 292.060618	5.43e-01  7.30e-01  3.98e+05	-23.7374 66.0719 0.5284	
34.108781 292.060618	7.07e-01  7.80e-01  3.64e+05	12.5901 88.8261 0.0451	
34.108781 292.060618	5.98e-01  8.29e-01  3.73e+05	32.9284 78.4078 0.1779	
34.108781 292.060618	6.60e-01  7.51e-01  3.75e+05	-2.2285 83.6916 0.5191	
34.108781 292.060618	4.70e-01  8.60e-01  3.88e+05	-4.9858 76.1362 0.3442	
34.108781 292.060618	4.20e-01  7.60e-01  4.15e+05	-34.8357 46.6603 0.0556	
34.108781 292.060618	7.56e-01  8.83e-01  3.43e+05	13.0871 98.8721 0.8612	
34.108781 292.060618	6.80e-01  8.80e-01  3.53e+05	-4.8283 94.7439 0.8929	
34.108781 292.060618	6.31e-01  8.32e-01  3.67e+05	-18.1825 85.9789 0.5857	
34.108781 292.060618	5.85e-01  7.09e-01  3.94e+05	5.3698 72.3280 0.9718	
34.108781 292.060618	5.90e-01  8.21e-01  3.75e+05	-39.8877 73.5396 0.3712	
34.108781 292.060618	5.65e-01  8.37e-01  3.76e+05	-27.2882 78.3013 0.3077	
34.108781 292.060618	4.87e-01  8.62e-01  3.85e+05	-15.2202 76.6588 0.1788	
34.108781 292.060618	4.61e-01  7.87e-01  4.02e+05	19.0245 64.6108 0.8824	
34.108781 292.060618	5.77e-01  7.17e-01  3.94e+05	35.0598 63.5380 0.6766	
34.108781 292.060618	5.35e-01  7.62e-01  3.94e+05	-22.4319 69.3869 0.0393	
34.108781 292.060618	4.60e-01  8.27e-01  3.95e+05	-10.4932 71.0077 0.9171	
34.108781 292.060618	4.51e-01  7.49e-01  4.11e+05	-18.6590 58.3080 0.3811	
34.108781 292.060618	5.66e-01  9.90e-01  3.54e+05	31.0617 89.2954 0.3849	
34.108781 292.060618	5.29e-01  9.10e-01  3.71e+05	-8.0216 85.6193 0.1555	
34.108781 292.060618	4.64e-01  7.84e-01  4.02e+05	-8.7906 66.7543 0.7170	
34.108781 292.060618	4.83e-01  7.68e-01  4.02e+05	0.4261 67.7494 0.9992	
34.108781 292.060618	3.28e-01  7.90e-01  4.27e+05	23.2972 41.8035 0.3190	
34.108781 292.060618	5.09e-01  8.50e-01  3.83e+05	16.8404 77.3111 0.3070	
34.108781 292.060618	6.87e-01  8.37e-01  3.58e+05	-14.2639 91.3052 0.2879	
34.108781 292.060618	4.18e-01  9.00e-01  3.90e+05	2.6545 75.0664 0.1743	
34.108781 292.060618	6.96e-01  9.25e-01  3.45e+05	-1.8877 98.7069 0.1957	
34.108781 292.060618	6.18e-01  8.07e-01  3.73e+05	5.1645 84.6651 0.1910	
34.108781 292.060618	4.86e-01  8.23e-01  3.92e+05	-7.1554 73.8557 0.4947	
34.108781 292.060618	5.49e-01  8.48e-01  3.77e+05	58.6857 58.0286 0.5977	
34.108781 292.060618	6.62e-01  8.39e-01  3.61e+05	-24.3589 87.4318 0.9097	
34.108781 292.060618	4.92e-01  8.66e-01  3.83e+05	4.9326 78.8686 0.1460	
34.108781 292.060618	6.71e-01  7.69e-01  3.71e+05	-9.7652 85.5113 0.7289	
34.108781 292.060618	5.97e-01  7.75e-01  3.81e+05	-47.0176 65.1045 0.2508	
34.108781 292.060618	5.03e-01  8.35e-01  3.87e+05	8.2120 76.5986 0.1873	
34.108781 292.060618	4.63e-01  8.42e-01  3.92e+05	0.8319 73.7442 0.3738	
34.108781 292.060618	7.09e-01  8.47e-01  3.54e+05	6.2456 94.3361 0.8661	
34.108781 292.060618	7.16e-01  9.03e-01  3.45e+05	2.8855 98.5311 0.3620	
34.108781 292.060618	4.88e-01  7.45e-01  4.05e+05	-9.5477 64.8006 0.1270	
34.108781 292.060618	5.99e-01  8.01e-01  3.77e+05	13.0668 81.7856 0.4102	
34.108781 292.060618	5.69e-01  7.63e-01  3.88e+05	15.7036 74.8739 0.9026	
34.108781 292.060618	6.52e-01  8.19e-01  3.66e+05	9.4071 88.0017 0.2154	
34.108781 292.060618	5.70e-01  7.45e-01  3.90e+05	29.5168 68.8130 0.4387	
34.108781 292.060618	5.71e-01  8.74e-01  3.70e+05	7.8202 86.1708 0.3210	
34.108781 292.060618	7.51e-01  8.66e-01  3.46e+05	8.0716 98.1071 0.3538	
34.108781 292.060618	4.40e-01  8.08e-01  4.02e+05	-17.4982 65.0191 0.3872	
34.108781 292.060618	3.04e-01  9.44e-01  4.02e+05	32.3939 59.1088 0.9528	
34.108781 292.060618	4.68e-01  7.63e-01  4.05e+05	-26.4549 59.6160 0.1458	
34.108781 292.060618	6.71e-01  8.79e-01  3.55e+05	-15.4866 92.8942 0.1139	
34.108781 292.060618	5.30e-01  6.71e-01  4.11e+05	25.4058 55.8222 0.1334	
34.108781 292.060618	4.15e-01  9.28e-01  3.86e+05	19.1965 75.0887 0.3936	
34.108781 292.060618	4.42e-01  8.94e-01  3.87e+05	-29.0434 71.2113 0.8781	
34.108781 292.060618	4.22e-01  6.95e-01  4.27e+05	8.9844 46.7180 0.9905	
34.108781 292.060618	7.14e-01  9.67e-01  3.37e+05	-13.8210 101.2585 0.1245	
34.108781 292.060618	4.57e-01  7.88e-01  4.03e+05	14.0418 65.4730 0.8535	
34.108781 292.060618	5.86e-01  7.48e-01  3.87e+05	-4.4965 76.5648 0.9647	
34.108781 292.060618	4.71e-01  8.92e-01  3.83e+05	16.9164 77.6225 0.9807	
34.108781 292.060618	6.42e-01  8.44e-01  3.64e+05	30.0366 84.4507 0.4696	
34.108781 292.060618	6.25e-01  9.56e-01  3.50e+05	-53.3645 80.0224 0.0255	
34.108781 292.060618	4.81e-01  7.75e-01  4.01e+05	4.1817 68.1222 0.0846	
34.108781 292.060618	5.53e-01  6.53e-01  4.10e+05	-0.1780 61.9244 0.8725	
34.108781 292.060618	8.02e-01  9.29e-01  3.31e+05	-22.3723 102.4780 0.0711	
34.108781 292.060618	4.14e-01  7.86e-01  4.11e+05	27.7020 54.4475 0.2111	
34.108781 292.060618	4.30e-01  7.19e-01  4.21e+05	-12.5573 51.8550 0.9718	
34.108781 292.060618	6.15e-01  8.93e-01  3.61e+05	2.3301 91.2072 0.1166	
34.108781 292.060618	9.23e-01  9.57e-01  3.14e+05	5.3290 111.9150 0.1684	
34.108781 292.060618	5.20e-01  8.32e-01  3.85e+05	49.7786 60.5076 0.6335	
34.108781 292.060618	3.96e-01  8.65e-01  4.00e+05	-13.5016 67.5091 0.9575	
34.108781 292.060618	5.04e-01  7.87e-01  3.95e+05	2.8686 72.2048 0.2214	
34.108781 292.060618	5.14e-01  7.93e-01  3.92e+05	-35.1686 65.0724 0.8060	
34.108781 292.060618	5.77e-01  8.64e-01  3.70e+05	33.6544 79.3045 0.3270	
34.108781 292.060618	3.27e-01  9.60e-01  3.95e+05	-13.6698 70.4967 0.7313	
34.108781 292.060618	5.88e-01  7.79e-01  3.82e+05	13.6432 78.5886 0.4741	
34.108781 292.060618	5.40e-01  7.52e-01  3.95e+05	35.7181 62.8764 0.6852	
34.108781 292.060618	4.93e-01  7.57e-01  4.02e+05	7.5231 67.1361 0.8370	
34.108781 292.060618	4.69e-01  9.02e-01  3.81e+05	44.4984 66.7350 0.0397	
34.108781 292.060618	4.22e-01  9.01e-01  3.89e+05	-14.8573 74.0950 0.1956	
34.108781 292.060618	5.74e-01  8.66e-01  3.71e+05	-30.6151 80.4942 0.8576	
34.108781 292.060618	4.56e-01  9.05e-01  3.83e+05	8.3598 78.7992 0.7483	
34.108781 292.060618	6.29e-01  8.56e-01  3.64e+05	-2.0119 89.5370 0.7211	
34.108781 292.060618	5.73e-01  8.30e-01  3.76e+05	-18.7435 80.8713 0.4566	
34.108781 292.060618	5.49e-01  7.61e-01  3.92e+05	14.3207 72.8188 0.4636	
34.108781 292.060618	4.27e-01  9.61e-01  3.79e+05	-16.7572 79.9930 0.0008	
34.108781 292.060618	6.60e-01  8.10e-01  3.66e+05	-17.4399 86.7180 0.4154	
34.108781 292.060618	7.18e-01  7.26e-01  3.70e+05	18.9806 84.2871 0.0037	
34.108781 292.060618	3.95e-01  9.29e-01  3.89e+05	-38.3041 65.2968 0.8554	
34.108781 292.060618	5.32e-01  8.24e-01  3.84e+05	7.2416 78.4594 0.8050	
34.108781 292.060618	3.74e-01  7.85e-01  4.19e+05	5.2826 54.7230 0.1148	
34.108781 292.060618	6.49e-01  7.42e-01  3.78e+05	-1.7039 81.9682 0.4401	
34.108781 292.060618	4.61e-01  8.83e-01  3.86e+05	-36.0439 68.7575 0.5046	
34.108781 292.060618	4.64e-01  8.87e-01  3.85e+05	11.8060 77.4369 0.7197	
34.108781 292.060618	4.55e-01  8.49e-01  3.93e+05	-0.6201 73.5516 0.0485	
34.108781 292.060618	5.26e-01  7.22e-01  4.02e+05	-16.9876 65.2439 0.4142	
34.108781 292.060618	5.40e-01  8.31e-01  3.81e+05	23.6351 76.7075 0.7381	
34.108781 292.060618	3.41e-01  8.91e-01  4.05e+05	-19.2102 62.4723 0.0388	
34.108781 292.060618	5.86e-01  9.36e-01  3.59e+05	35.1946 85.2593 0.1299	
34.108781 292.060618	4.98e-01  8.91e-01  3.79e+05	17.1978 79.9316 0.7760	
34.108781 292.060618	5.73e-01  8.09e-01  3.80e+05	18.3889 79.0741 0.6919	
34.108781 292.060618	7.18e-01  8.57e-01  3.51e+05	1.0710 95.7871 0.0752	
34.108781 292.060618	4.57e-01  8.60e-01  3.90e+05	17.6400 72.8797 0.7680	
34.108781 292.060618	3.87e-01  7.91e-01  4.15e+05	14.9815 56.0776 0.0457	
34.108781 292.060618	5.20e-01  8.38e-01  3.83e+05	-8.6643 78.5235 0.4249	
34.108781 292.060618	6.18e-01  7.84e-01  3.76e+05	1.6891 82.9750 0.0927	
34.108781 292.060618	6.17e-01  9.79e-01  3.48e+05	14.8839 95.9618 0.4323	
34.108781 292.060618	4.99e-01  8.54e-01  3.84e+05	-20.3340 75.8384 0.0384	
34.108781 292.060618	5.56e-01  8.83e-01  3.71e+05	-11.6168 85.2806 0.3386	
34.108781 292.060618	6.36e-01  8.47e-01  3.64e+05	-0.4916 89.3714 0.4158	
34.108781 292.060618	6.39e-01  7.09e-01  3.85e+05	24.5915 74.0970 0.8065	
34.108781 292.060618	6.38e-01  8.98e-01  3.57e+05	18.5016 91.3554 0.2899	
34.108781 292.060618	7.18e-01  8.21e-01  3.56e+05	26.5947 89.5430 0.2974	
34.108781 292.060618	3.70e-01  8.19e-01  4.13e+05	-18.5349 56.6683 0.8188	
34.108781 292.060618	6.28e-01  8.09e-01  3.71e+05	4.6724 85.7246 0.0847	
34.108781 292.060618	5.26e-01  7.36e-01  4.00e+05	-40.2972 56.0815 0.3330	
34.108781 292.060618	6.52e-01  7.53e-01  3.76e+05	-29.8178 77.6390 0.5563	
34.108781 292.060618	6.19e-01  9.03e-01  3.59e+05	24.9778 88.7942 0.0190	
34.108781 292.060618	5.49e-01  9.12e-01  3.67e+05	50.5755 71.7548 0.0406	
34.108781 292.060618	6.29e-01  7.59e-01  3.79e+05	-10.0577 81.0625 0.9063	
34.108781 292.060618	5.90e-01  9.20e-01  3.60e+05	34.8601 84.4706 0.0214	
34.108781 292.060618	4.82e-01  9.20e-01  3.77e+05	3.0760 82.8215 0.9713	
34.108781 292.060618	5.36e-01  9.69e-01  3.61e+05	11.2892 90.3673 0.9365	
34.108781 292.060618	4.26e-01  8.45e-01  3.98e+05	6.4421 69.7311 0.2733	
34.108781 292.060618	4.73e-01  6.99e-01  4.16e+05	29.7569 48.6936 0.3591	
34.108781 292.060618	6.36e-01  9.39e-01  3.51e+05	-38.0300 87.8921 0.3617	
34.108781 292.060618	6.03e-01  7.42e-01  3.86e+05	1.6356 77.7521 0.5296	
34.108781 292.060618	5.38e-01  7.92e-01  3.88e+05	-12.5966 75.2659 0.3080	
34.108781 292.060618	4.75e-01  6.74e-01  4.21e+05	-22.4215 48.4351 0.4872	
34.108781 292.060618	7.07e-01  8.45e-01  3.54e+05	-18.8361 92.3831 0.8300	
34.108781 292.060618	7.16e-01  9.49e-01  3.39e+05	31.2422 96.2858 0.5220	
34.108781 292.060618	7.93e-01  9.21e-01  3.33e+05	-22.6897 101.5023 0.8526	
34.108781 292.060618	5.97e-01  7.59e-01  3.84e+05	5.7917 78.5542 0.0686	
34.108781 292.060618	6.71e-01  9.33e-01  3.47e+05	-3.2852 97.6444 0.2956	
34.108781 292.060618	6.15e-01  7.88e-01  3.76e+05	-2.8293 82.9815 0.8426	
34.108781 292.060618	6.92e-01  7.38e-01  3.72e+05	7.2943 84.9918 0.2044	
34.108781 292.060618	7.44e-01  7.99e-01  3.56e+05	-10.1084 93.0738 0.3405	
34.108781 292.060618	7.85e-01  9.16e-01  3.35e+05	-21.0966 101.1277 0.6675	
34.108781 292.060618	6.40e-01  8.12e-01  3.69e+05	2.4967 87.0187 0.0785	
34.108781 292.060618	4.97e-01  9.27e-01  3.73e+05	-2.6630 84.7517 0.1059	
34.108781 292.060618	6.51e-01  8.28e-01  3.65e+05	-3.2290 89.0351 0.0722	
34.108781 292.060618	5.68e-01  8.24e-01  3.78e+05	-17.8902 80.0791 0.4329	
34.108781 292.060618	6.52e-01  8.67e-01  3.59e+05	3.1958 91.9245 0.2838	
34.108781 292.060618	5.80e-01  7.82e-01  3.83e+05	12.2705 78.3497 0.5841	
34.108781 292.060618	3.95e-01  8.83e-01  3.97e+05	24.4192 66.4655 0.4210	
34.108781 292.060618	7.42e-01  8.97e-01  3.43e+05	39.6150 91.5540 0.2822	
34.108781 292.060618	5.59e-01  7.59e-01  3.90e+05	15.7720 73.4381 0.4439	
34.108781 292.060618	5.09e-01  7.62e-01  3.98e+05	38.6144 58.4873 0.2334	
34.108781 292.060618	4.79e-01  7.89e-01  3.99e+05	15.6629 67.8928 0.6079	
34.108781 292.060618	5.66e-01  8.68e-01  3.71e+05	-46.0788 72.2229 0.3413	
34.108781 292.060618	5.48e-01  7.27e-01  3.97e+05	-24.7929 65.9990 0.8855	
34.108781 292.060618	5.16e-01  8.42e-01  3.84e+05	-18.2838 76.7636 0.7135	
34.108781 292.060618	4.86e-01  8.60e-01  3.85e+05	-5.6391 77.6945 0.3172	
34.108781 292.060618	5.87e-01  9.42e-01  3.57e+05	1.0544 92.7555 0.4052	
34.108781 292.060618	6.34e-01  9.02e-01  3.57e+05	-7.6634 92.8827 0.8277	
34.108781 292.060618	5.60e-01  9.17e-01  3.65e+05	2.3335 88.9126 0.5706	
34.108781 292.060618	6.63e-01  7.61e-01  3.73e+05	32.1235 78.5382 0.5908	
34.108781 292.060618	6.83e-01  9.64e-01  3.42e+05	-34.1867 94.2240 0.7733	
34.108781 292.060618	7.11e-01  7.98e-01  3.60e+05	32.7115 85.2447 0.3923	
34.108781 292.060618	5.51e-01  7.16e-01  3.99e+05	14.6577 68.0405 0.1604	
34.108781 292.060618	5.40e-01  7.51e-01  3.95e+05	-32.5743 64.5402 0.4040	
34.108781 292.060618	8.23e-01  9.19e-01  3.30e+05	-56.7071 88.8878 0.5518	
34.108781 292.060618	4.30e-01  8.51e-01  3.96e+05	10.7094 70.3311 0.9157	
34.108781 292.060618	4.89e-01  8.48e-01  3.87e+05	12.9145 75.8218 0.5027	
34.108781 292.060618	6.24e-01  8.34e-01  3.68e+05	2.3230 87.4628 0.2816	
34.108781 292.060618	3.85e-01  8.82e-01  3.99e+05	0.7026 69.5788 0.8775	
34.108781 292.060618	4.40e-01  7.00e-01  4.23e+05	12.9766 50.1338 0.0150	
34.108781 292.060618	6.62e-01  6.78e-01  3.86e+05	27.8985 72.1262 0.0011	
34.108781 292.060618	3.97e-01  8.71e-01  3.99e+05	-25.3713 64.9445 0.7120	
34.108781 292.060618	6.64e-01  7.64e-01  3.72e+05	-15.4269 83.7022 0.8971	
34.108781 292.060618	4.83e-01  7.99e-01  3.96e+05	25.7240 66.4507 0.7817	
34.108781 292.060618	5.88e-01  9.41e-01  3.58e+05	24.3884 89.4212 0.9380	
34.108781 292.060618	5.19e-01  8.23e-01  3.86e+05	-10.9182 76.7521 0.1396	
34.108781 292.060618	6.23e-01  9.21e-01  3.55e+05	-19.0748 91.7869 0.8674	
34.108781 292.060618	7.40e-01  9.72e-01  3.33e+05	-35.0905 97.7984 0.5437	
34.108781 292.060618	5.69e-01  8.92e-01  3.68e+05	-9.3514 87.1898 0.0110	
34.108781 292.060618	4.27e-01  8.77e-01  3.92e+05	0.0724 73.6760 0.9636	
34.108781 292.060618	3.29e-01  8.84e-01  4.09e+05	-0.1346 62.9539 0.8149	
34.108781 292.060618	5.97e-01  8.74e-01  3.66e+05	-12.0436 87.6623 0.0846	
34.108781 292.060618	6.12e-01  9.95e-01  3.47e+05	14.3111 96.7525 0.4624	
34.108781 292.060618	4.53e-01  7.57e-01  4.09e+05	22.8318 58.1748 0.9337	
34.108781 292.060618	6.19e-01  7.25e-01  3.86e+05	-8.3227 77.2164 0.0784	
34.108781 292.060618	4.57e-01  8.44e-01  3.93e+05	-30.7012 66.6557 0.0425	
34.108781 292.060618	6.57e-01  7.91e-01  3.69e+05	-25.5293 82.8870 0.0848	
34.108781 292.060618	6.20e-01  8.01e-01  3.74e+05	-9.4410 83.9696 0.5540	
34.108781 292.060618	5.10e-01  7.60e-01  3.98e+05	-10.1237 69.1675 0.3894	
34.108781 292.060618	4.38e-01  8.71e-01  3.91e+05	-1.7583 74.2187 0.1889	
34.108781 292.060618	5.33e-01  8.88e-01  3.74e+05	-40.4952 74.1972 0.9053	
34.108781 292.060618	4.67e-01  8.59e-01  3.89e+05	-45.0644 61.1573 0.3003	
34.108781 292.060618	6.44e-01  8.62e-01  3.61e+05	23.4504 88.0206 0.1748	
34.108781 292.060618	5.62e-01  9.98e-01  3.53e+05	57.2193 75.6435 0.5257	
34.108781 292.060618	4.96e-01  6.71e-01  4.17e+05	15.0764 54.2459 0.2254	
34.108781 292.060618	6.15e-01  8.75e-01  3.63e+05	-8.0272 89.5866 0.6796	
34.108781 292.060618	5.39e-01  6.64e-01  4.10e+05	18.1339 58.8129 0.0170	
34.108781 292.060618	7.01e-01  7.19e-01  3.74e+05	-9.2651 83.9483 0.4681	
34.108781 292.060618	6.30e-01  7.49e-01  3.80e+05	-30.9521 74.6953 0.5271	
34.108781 292.060618	7.02e-01  8.34e-01  3.57e+05	-12.5467 92.3718 0.3014	
34.108781 292.060618	5.96e-01  6.71e-01  3.99e+05	5.8151 69.2615 0.5868	
34.108781 292.060618	4.63e-01  6.61e-01  4.26e+05	-0.8040 48.9906 0.9662	
34.108781 292.060618	4.53e-01  6.75e-01  4.25e+05	-8.2976 48.9633 0.5216	
34.108781 292.060618	3.02e-01  7.49e-01  4.41e+05	7.9959 31.0410 0.8785	
34.108781 292.060618	5.41e-01  8.12e-01  3.84e+05	58.6749 52.2939 0.8431	
34.108781 292.060618	6.49e-01  8.18e-01  3.67e+05	3.9286 88.1065 0.1887	
34.108781 292.060618	5.08e-01  9.04e-01  3.75e+05	-11.6385 82.9464 0.8170	
34.108781 292.060618	5.91e-01  9.27e-01  3.59e+05	4.5589 91.7905 0.6351	
34.108781 292.060618	3.73e-01  9.09e-01  3.96e+05	19.3982 68.5475 0.0137	
34.108781 292.060618	7.64e-01  8.02e-01  3.52e+05	-19.4481 93.1888 0.6740	
34.108781 292.060618	6.40e-01  9.31e-01  3.52e+05	-34.9785 88.9385 0.9031	
34.108781 292.060618	5.80e-01  8.64e-01  3.70e+05	13.4956 85.2937 0.9297	
34.108781 292.060618	6.24e-01  9.26e-01  3.55e+05	32.3613 88.4210 0.7135	
34.108781 292.060618	5.40e-01  8.48e-01  3.79e+05	18.2462 79.6947 0.2918	
34.108781 292.060618	5.55e-01  6.68e-01  4.07e+05	0.8693 64.1099 0.7881	
34.108781 292.060618	5.36e-01  7.74e-01  3.91e+05	-42.7129 60.7160 0.9544	
34.108781 292.060618	6.49e-01  9.98e-01  3.42e+05	9.5867 99.8136 0.3012	
34.108781 292.060618	4.83e-01  7.93e-01  3.97e+05	-21.8381 67.0711 0.6800	
34.108781 292.060618	6.01e-01  8.51e-01  3.69e+05	36.6568 78.9504 0.1736	
34.108781 292.060618	4.26e-01  8.06e-01  4.05e+05	-10.7705 64.4844 0.8035	
34.108781 292.060618	4.71e-01  9.48e-01  3.74e+05	-35.3923 76.5596 0.8106	
34.108781 292.060618	6.57e-01  8.88e-01  3.55e+05	10.2529 93.2557 0.8952	
34.108781 292.060618	7.71e-01  9.47e-01  3.33e+05	0.8290 104.2047 0.7556	
34.108781 292.060618	6.44e-01  9.62e-01  3.47e+05	20.6532 95.6048 0.8746	
34.108781 292.060618	4.79e-01  8.00e-01  3.97e+05	32.0538 63.2832 0.8748	
34.108781 292.060618	4.73e-01  8.92e-01  3.82e+05	35.0618 71.5792 0.3879	
34.108781 292.060618	6.35e-01  7.73e-01  3.75e+05	21.2269 80.7837 0.8528	
34.108781 292.060618	4.95e-01  6.47e-01  4.22e+05	41.3593 31.8547 0.6193	
34.108781 292.060618	4.30e-01  8.22e-01  4.02e+05	0.8286 67.7227 0.7067	
34.108781 292.060618	5.39e-01  8.48e-01  3.79e+05	-23.2768 78.2886 0.8014	
34.108781 292.060618	5.83e-01  7.51e-01  3.88e+05	45.7792 61.4443 0.5422	
34.108781 292.060618	5.27e-01  8.83e-01  3.75e+05	-31.8784 77.2969 0.0902	
34.108781 292.060618	6.68e-01  9.14e-01  3.50e+05	21.9977 93.7352 0.4956	
34.108781 292.060618	4.03e-01  8.31e-01  4.05e+05	37.3077 54.0843 0.3318	
34.108781 292.060618	4.46e-01  8.40e-01  3.96e+05	8.5557 71.1984 0.9995	
34.108781 292.060618	4.92e-01  8.50e-01  3.86e+05	-8.4887 77.0195 0.3426	
34.108781 292.060618	4.26e-01  8.90e-01  3.90e+05	-6.2514 74.6726 0.9527	
34.108781 292.060618	4.30e-01  7.72e-01  4.11e+05	-0.1938 61.4939 0.0492	
34.108781 292.060618	3.67e-01  9.44e-01  3.91e+05	16.6687 72.4963 0.6728	
34.108781 292.060618	6.12e-01  8.35e-01  3.70e+05	27.8528 82.0464 0.8391	
34.108781 292.060618	5.38e-01  7.56e-01  3.94e+05	-29.6049 66.2928 0.4611	
34.108781 292.060618	4.50e-01  7.02e-01  4.20e+05	-23.3081 48.4961 0.8508	
34.108781 292.060618	5.18e-01  6.31e-01  4.21e+05	18.0217 50.3488 0.1639	
34.108781 292.060618	5.88e-01  7.16e-01  3.92e+05	18.6747 71.2451 0.2843	
34.108781 292.060618	5.04e-01  8.95e-01  3.77e+05	10.7809 82.0093 0.4973	
34.108781 292.060618	7.00e-01  8.46e-01  3.55e+05	-29.6875 89.0186 0.7376	
34.108781 292.060618	4.56e-01  7.97e-01  4.01e+05	-1.5968 67.9201 0.2133	
34.108781 292.060618	5.60e-01  7.42e-01  3.93e+05	16.8660 71.4283 0.3137	
34.108781 292.060618	2.99e-01  8.36e-01  4.23e+05	9.5617 50.0994 0.3285	
34.108781 292.060618	3.49e-01  7.00e-01  4.41e+05	9.2189 29.9997 0.5087	
34.108781 292.060618	3.74e-01  9.10e-01  3.96e+05	5.8981 71.2441 0.9129	
34.108781 292.060618	5.99e-01  8.81e-01  3.65e+05	-1.0467 89.1258 0.3878	
34.108781 292.060618	6.43e-01  8.61e-01  3.61e+05	-6.7452 90.7474 0.9878	
34.108781 292.060618	5.26e-01  7.43e-01  3.99e+05	10.9294 68.8639 0.9512	
34.108781 292.060618	8.02e-01  8.40e-01  3.42e+05	34.7087 93.7171 0.5060	
34.108781 292.060618	7.28e-01  8.34e-01  3.53e+05	6.9015 94.7145 0.7146	
34.108781 292.060618	5.97e-01  6.29e-01  4.06e+05	-31.6327 56.3847 0.6408	
34.108781 292.060618	5.17e-01  8.08e-01  3.89e+05	11.5693 74.9812 0.9313	
34.108781 292.060618	4.43e-01  8.53e-01  3.94e+05	-14.1632 71.3649 0.2605	
34.108781 292.060618	5.46e-01  8.90e-01  3.71e+05	15.6910 84.3118 0.2466	
34.108781 292.060618	5.06e-01  8.06e-01  3.91e+05	1.4831 74.4869 0.6737	
34.108781 292.060618	5.32e-01  7.13e-01  4.03e+05	2.5993 66.8950 0.3316	
34.108781 292.060618	6.86e-01  7.47e-01  3.72e+05	-31.0790 79.6988 0.3803	
34.108781 292.060618	5.20e-01  7.96e-01  3.90e+05	-6.4740 74.5985 0.9626	
34.108781 292.060618	7.05e-01  8.28e-01  3.57e+05	15.5926 91.6302 0.4324	
34.108781 292.060618	5.90e-01  8.09e-01  3.77e+05	-28.9873 77.3969 0.2434	
34.108781 292.060618	5.12e-01  8.26e-01  3.87e+05	-29.5833 71.1223 0.2966	
34.108781 292.060618	4.82e-01  7.94e-01  3.97e+05	30.0561 63.9061 0.6179	
34.108781 292.060618	4.76e-01  7.82e-01  4.00e+05	10.8364 67.6826 0.7217	
34.108781 292.060618	7.12e-01  9.20e-01  3.44e+05	38.1960 91.7150 0.6150	
34.108781 292.060618	6.22e-01  7.63e-01  3.79e+05	19.6949 79.0072 0.7987	
34.108781 292.060618	6.34e-01  7.37e-01  3.81e+05	6.4301 79.9492 0.3996	
34.108781 292.060618	5.64e-01  9.58e-01  3.59e+05	19.6408 90.0598 0.2615	
34.108781 292.060618	5.16e-01  9.10e-01  3.73e+05	40.0349 74.9636 0.5657	
34.108781 292.060618	7.70e-01  8.56e-01  3.44e+05	9.0432 98.5446 0.2111	
34.108781 292.060618	6.12e-01  7.62e-01  3.81e+05	-14.9356 79.0977 0.2411	
34.108781 292.060618	6.16e-01  7.59e-01  3.81e+05	27.2249 75.8431 0.1549	
34.108781 292.060618	5.71e-01  8.36e-01  3.76e+05	-23.3090 80.0254 0.0729	
34.108781 292.060618	5.60e-01  7.51e-01  3.91e+05	28.4232 68.7556 0.7769	
34.108781 292.060618	3.42e-01  7.50e-01  4.32e+05	8.0778 41.6774 0.7444	
34.108781 292.060618	5.02e-01  9.78e-01  3.65e+05	1.5369 89.1732 0.4532	
34.108781 292.060618	6.64e-01  8.85e-01  3.55e+05	33.6219 87.8769 0.4728	
34.108781 292.060618	5.80e-01  7.61e-01  3.86e+05	-43.9722 63.7004 0.9834	
34.108781 292.060618	4.55e-01  7.55e-01  4.09e+05	20.3372 59.1036 0.8843	
34.108781 292.060618	6.53e-01  8.84e-01  3.56e+05	-28.9459 88.6312 0.1614	
34.108781 292.060618	4.28e-01  7.57e-01  4.14e+05	-24.7784 53.6264 0.1079	
34.108781 292.060618	6.98e-01  8.94e-01  3.49e+05	-27.0175 93.0687 0.4670	
34.108781 292.060618	6.44e-01  7.43e-01  3.79e+05	27.8784 76.7702 0.8815	
34.108781 292.060618	6.94e-01  8.67e-01  3.53e+05	-24.4189 91.6509 0.4033	
34.108781 292.060618	6.36e-01  9.94e-01  3.44e+05	13.6684 98.2947 0.0462	
34.108781 292.060618	6.30e-01  8.40e-01  3.66e+05	9.1744 87.9504 0.8583	
34.108781 292.060618	4.79e-01  8.53e-01  3.88e+05	-10.4075 75.7772 0.0277	
34.108781 292.060618	5.64e-01  9.36e-01  3.62e+05	-34.1824 83.9996 0.1990	
34.108781 292.060618	5.28e-01  7.77e-01  3.92e+05	17.3908 71.6322 0.5200	
34.108781 292.060618	5.77e-01  6.49e-01  4.06e+05	15.6410 62.7709 0.8295	
34.108781 292.060618	6.59e-01  8.90e-01  3.55e+05	13.9602 93.0221 0.6458	
34.108781 292.060618	4.58e-01  7.04e-01  4.18e+05	-5.5930 55.2080 0.9975	
34.108781 292.060618	4.23e-01  8.99e-01  3.89e+05	-9.2320 74.9384 0.2900	
34.108781 292.060618	4.78e-01  8.08e-01  3.95e+05	5.0481 71.5931 0.0999	
34.108781 292.060618	5.95e-01  7.14e-01  3.92e+05	20.9227 71.1771 0.9084	
34.108781 292.060618	5.42e-01  8.69e-01  3.75e+05	-18.0692 81.6992 0.3290	
34.108781 292.060618	4.27e-01  7.98e-01  4.06e+05	18.3469 61.7927 0.8999	
34.108781 292.060618	4.44e-01  8.59e-01  3.93e+05	-23.2886 69.6767 0.2220	
34.108781 292.060618	7.14e-01  8.14e-01  3.58e+05	37.2947 84.8682 0.4725	
34.108781 292.060618	4.97e-01  6.73e-01  4.17e+05	-26.4476 50.2379 0.7351	
34.108781 292.060618	3.65e-01  8.11e-01  4.16e+05	6.5868 57.1962 0.9651	
34.108781 292.060618	5.44e-01  8.48e-01  3.78e+05	-23.9441 78.4596 0.7495	
34.108781 292.060618	7.19e-01  9.52e-01  3.39e+05	-1.4886 101.5866 0.3278	
34.108781 292.060618	3.53e-01  7.98e-01  4.20e+05	20.8868 49.4349 0.8125	
34.108781 292.060618	7.38e-01  9.38e-01  3.38e+05	-8.7495 101.5044 0.0801	
34.108781 292.060618	6.30e-01  8.37e-01  3.67e+05	5.0697 88.0020 0.3098	
34.108781 292.060618	3.32e-01  8.01e-01  4.24e+05	-7.4826 50.0210 0.6104	
34.108781 292.060618	5.35e-01  7.32e-01  3.99e+05	8.7426 69.0096 0.2430	
34.108781 292.060618	5.92e-01  6.69e-01  4.00e+05	-20.4325 65.7923 0.4972	
34.108781 292.060618	5.25e-01  8.82e-01  3.76e+05	28.7471 78.2296 0.7164	
34.108781 292.060618	4.96e-01  8.75e-01  3.81e+05	-3.0754 80.1974 0.6889	
34.108781 292.060618	5.75e-01  9.18e-01  3.63e+05	-33.2716 83.8472 0.4112	
34.108781 292.060618	3.87e-01  7.91e-01  4.15e+05	-27.7679 50.9116 0.5558	
34.108781 292.060618	5.48e-01  7.41e-01  3.95e+05	-47.9176 53.8266 0.7787	
34.108781 292.060618	5.79e-01  8.54e-01  3.72e+05	-2.8679 85.4791 0.5964	
34.108781 292.060618	4.28e-01  9.26e-01  3.84e+05	25.2780 74.4755 0.4331	
34.108781 292.060618	5.34e-01  8.50e-01  3.79e+05	-39.0191 71.4169 0.8808	
34.108781 292.060618	4.78e-01  9.47e-01  3.73e+05	-1.5788 84.8110 0.7990	
34.108781 292.060618	6.62e-01  8.79e-01  3.56e+05	-10.1780 93.0335 0.4700	
34.108781 292.060618	6.15e-01  7.59e-01  3.81e+05	-3.0957 80.3652 0.1596	
34.108781 292.060618	4.83e-01  8.97e-01  3.80e+05	30.5069 74.9777 0.7023	
34.108781 292.060618	3.40e-01  8.63e-01  4.10e+05	-17.0344 59.1440 0.8915	
34.108781 292.060618	4.78e-01  8.99e-01  3.80e+05	-32.1554 74.0536 0.5453	
34.108781 292.060618	5.63e-01  8.09e-01  3.81e+05	-28.2799 75.1579 0.1814	
34.108781 292.060618	6.05e-01  9.19e-01  3.58e+05	16.0804 90.9505 0.3786	
34.108781 292.060618	4.84e-01  6.82e-01  4.17e+05	-1.5695 56.1298 0.6593	
34.108781 292.060618	4.96e-01  7.78e-01  3.98e+05	-17.2714 68.2826 0.8792	
34.108781 292.060618	3.73e-01  7.54e-01  4.25e+05	-28.1328 40.6358 0.0882	
34.108781 292.060618	4.93e-01  8.29e-01  3.89e+05	7.7143 75.1366 0.0700	
34.108781 292.060618	5.73e-01  7.27e-01  3.93e+05	28.9860 67.2641 0.8171	
34.108781 292.060618	4.54e-01  7.91e-01  4.03e+05	7.5501 66.5045 0.1238	
34.108781 292.060618	7.07e-01  8.33e-01  3.56e+05	-20.8846 91.1510 0.8025	
34.108781 292.060618	5.49e-01  6.56e-01  4.10e+05	2.5086 61.7438 0.2904	
34.108781 292.060618	7.65e-01  8.88e-01  3.41e+05	-65.0883 76.7272 0.8046	
34.108781 292.060618	4.51e-01  8.52e-01  3.93e+05	-35.3198 64.4228 0.6584	
34.108781 292.060618	5.06e-01  8.78e-01  3.79e+05	44.7824 67.9864 0.4849	
34.108781 292.060618	5.94e-01  7.43e-01  3.87e+05	18.0207 74.7523 0.7678	
34.108781 292.060618	5.30e-01  6.44e-01  4.16e+05	1.0992 57.4398 0.1480	
34.108781 292.060618	4.40e-01  8.29e-01  3.98e+05	-11.9155 68.8206 0.8439	
34.108781 292.060618	4.69e-01  8.92e-01  3.83e+05	-37.4758 69.8265 0.8448	
34.108781 292.060618	5.56e-01  8.71e-01  3.73e+05	-1.5916 84.9688 0.3964	
34.108781 292.060618	4.86e-01  8.48e-01  3.87e+05	-21.5047 73.6045 0.5056	
34.108781 292.060618	5.47e-01  9.38e-01  3.64e+05	-4.8701 89.4433 0.1458	
34.108781 292.060618	5.28e-01  7.70e-01  3.94e+05	22.9863 69.2758 0.9133	
34.108781 292.060618	4.74e-01  8.25e-01  3.93e+05	-6.3198 72.9073 0.3265	
34.108781 292.060618	5.27e-01  8.89e-01  3.74e+05	1.7553 84.1197 0.3683	
34.108781 292.060618	5.68e-01  7.67e-01  3.87e+05	20.5387 73.9937 0.0576	
34.108781 292.060618	7.43e-01  8.32e-01  3.51e+05	-11.8579 95.1082 0.8909	
34.108781 292.060618	6.39e-01  8.21e-01  3.68e+05	-32.7218 81.2771 0.8947	
34.108781 292.060618	7.90e-01  9.33e-01  3.32e+05	-19.0394 102.7105 0.8013	
34.108781 292.060618	6.11e-01  9.39e-01  3.55e+05	5.2514 93.9814 0.3712	
34.108781 292.060618	3.22e-01  8.65e-01  4.13e+05	9.5998 58.5570 0.0823	
34.108781 292.060618	4.20e-01  7.04e-01  4.26e+05	0.4510 48.9512 0.4186	
34.108781 292.060618	5.82e-01  9.32e-01  3.60e+05	9.7514 91.0899 0.7337	
34.108781 292.060618	4.93e-01  8.68e-01  3.83e+05	-15.5444 77.7360 0.0844	
34.108781 292.060618	6.29e-01  8.06e-01  3.71e+05	-17.6597 83.8580 0.7646	
34.108781 292.060618	5.79e-01  7.70e-01  3.85e+05	-31.8353 71.3796 0.8336	
34.108781 292.060618	4.95e-01  8.18e-01  3.91e+05	4.7560 74.4246 0.6149	
34.108781 292.060618	5.72e-01  8.92e-01  3.67e+05	-27.5625 83.5116 0.2738	
34.108781 292.060618	4.99e-01  6.62e-01  4.18e+05	14.9876 53.3215 0.8288	
34.108781 292.060618	4.40e-01  7.28e-01  4.17e+05	37.9005 41.7233 0.5544	
34.108781 292.060618	4.76e-01  6.27e-01  4.30e+05	-5.7722 44.6681 0.5354	
34.108781 292.060618	5.51e-01  8.23e-01  3.81e+05	40.4556 69.6061 0.6033	
34.108781 292.060618	7.56e-01  9.30e-01  3.37e+05	41.9032 93.5141 0.7376	
34.108781 292.060618	5.80e-01  8.81e-01  3.67e+05	-8.1850 87.3886 0.6135	
34.108781 292.060618	6.07e-01  9.24e-01  3.57e+05	17.7646 91.1261 0.5946	
34.108781 292.060618	6.47e-01  9.40e-01  3.49e+05	-40.1835 87.8372 0.3020	
34.108781 292.060618	6.04e-01  8.46e-01  3.69e+05	-38.7367 77.7890 0.8348	
34.108781 292.060618	5.62e-01  7.84e-01  3.85e+05	-25.5307 73.6002 0.9138	
34.108781 292.060618	4.95e-01  7.25e-01  4.07e+05	18.1977 61.1867 0.4023	
34.108781 292.060618	7.36e-01  8.75e-01  3.46e+05	-36.8614 90.8866 0.5689	
34.108781 292.060618	4.94e-01  6.30e-01  4.26e+05	-4.9091 48.7090 0.1184	
34.108781 292.060618	5.16e-01  7.59e-01  3.98e+05	5.8016 70.2073 0.2565	
34.108781 292.060618	5.38e-01  8.83e-01  3.73e+05	37.3889 75.8397 0.1890	
34.108781 292.060618	6.29e-01  8.65e-01  3.63e+05	8.9064 89.7865 0.3806	
34.108781 292.060618	5.53e-01  9.06e-01  3.68e+05	33.9011 80.6878 0.4310	
34.108781 292.060618	5.21e-01  8.27e-01  3.85e+05	-28.7294 72.5952 0.8200	
34.108781 292.060618	5.81e-01  6.92e-01  3.98e+05	15.8286 68.3947 0.3513	
34.108781 292.060618	6.33e-01  8.37e-01  3.66e+05	46.1444 75.4915 0.6127	
34.108781 292.060618	6.29e-01  8.89e-01  3.59e+05	-1.1891 91.9984 0.2570	
34.108781 292.060618	8.29e-01  8.93e-01  3.32e+05	-15.4645 103.2972 0.6581	
34.108781 292.060618	6.53e-01  9.14e-01  3.52e+05	-53.5177 78.8713 0.9088	
34.108781 292.060618	7.90e-01  8.37e-01  3.44e+05	-17.4471 97.5036 0.8422	
34.108781 292.060618	5.39e-01  8.74e-01  3.75e+05	27.0220 79.3348 0.8471	
34.108781 292.060618	4.72e-01  7.61e-01  4.05e+05	0.9401 65.4815 0.5972	
34.108781 292.060618	4.63e-01  9.71e-01  3.71e+05	23.6625 82.2922 0.1799	
34.108781 292.060618	4.76e-01  8.82e-01  3.83e+05	10.7717 78.2836 0.8568	
34.108781 292.060618	6.25e-01  7.82e-01  3.76e+05	-10.8336 82.6806 0.0126	
34.108781 292.060618	5.54e-01  8.83e-01  3.71e+05	-8.9857 85.4424 0.5744	
34.108781 292.060618	4.54e-01  7.09e-01  4.18e+05	4.4691 55.4761 0.6456	
34.108781 292.060618	7.28e-01  8.51e-01  3.51e+05	5.2796 95.9185 0.9871	
34.108781 292.060618	4.62e-01  8.04e-01  3.99e+05	-38.7062 57.6215 0.0935	
34.108781 292.060618	5.70e-01  7.71e-01  3.86e+05	-1.0284 77.3669 0.0452	
34.108781 292.060618	5.22e-01  6.91e-01  4.09e+05	-4.3074 62.6432 0.0555	
34.108781 292.060618	5.91e-01  7.77e-01  3.82e+05	-49.9938 62.3685 0.2020	
34.108781 292.060618	6.53e-01  6.68e-01  3.90e+05	10.0563 74.6747 0.1125	
34.108781 292.060618	5.63e-01  8.39e-01  3.76e+05	34.3543 75.5081 0.8744	
34.108781 292.060618	6.85e-01  8.04e-01  3.63e+05	29.3240 84.8954 0.6994	
34.108781 292.060618	5.20e-01  5.90e-01  4.29e+05	2.2908 46.2235 0.0548	
34.108781 292.060618	4.81e-01  7.65e-01  4.03e+05	-22.4088 63.1993 0.2859	
34.108781 292.060618	3.80e-01  8.17e-01  4.12e+05	-6.1446 60.3705 0.3030	
34.108781 292.060618	3.31e-01  9.05e-01  4.04e+05	-7.3996 65.4238 0.5127	
34.108781 292.060618	6.28e-01  7.01e-01  3.88e+05	-2.7109 76.1747 0.0045	
34.108781 292.060618	5.04e-01  7.87e-01  3.95e+05	10.7666 71.3746 0.3339	
34.108781 292.060618	5.32e-01  8.65e-01  3.77e+05	-30.5051 76.6705 0.6629	
34.108781 292.060618	5.32e-01  8.79e-01  3.75e+05	21.6667 80.7904 0.3671	
34.108781 292.060618	5.85e-01  7.21e-01  3.92e+05	-21.7558 70.6450 0.9173	
34.108781 292.060618	5.47e-01  8.94e-01  3.70e+05	31.7649 80.1707 0.0451	
34.108781 292.060618	5.67e-01  7.45e-01  3.91e+05	-22.2201 71.0380 0.2428	
34.108781 292.060618	5.11e-01  7.28e-01  4.04e+05	6.5152 65.9885 0.8205	
34.108781 292.060618	4.71e-01  7.76e-01  4.02e+05	31.7789 59.2072 0.2097	
34.108781 292.060618	7.66e-01  8.52e-01  3.45e+05	31.2403 93.3938 0.8641	
34.108781 292.060618	4.93e-01  9.15e-01  3.76e+05	-27.7617 78.6402 0.8211	
34.108781 292.060618	7.36e-01  9.15e-01  3.41e+05	10.1677 99.9668 0.7986	
34.108781 292.060618	5.50e-01  7.53e-01  3.93e+05	-7.4552 73.2303 0.5541	
34.108781 292.060618	6.06e-01  8.39e-01  3.70e+05	-51.2360 69.6164 0.5798	
34.108781 292.060618	3.80e-01  8.52e-01  4.05e+05	-3.7492 65.2180 0.2000	
34.108781 292.060618	4.29e-01  8.56e-01  3.96e+05	26.9540 66.3123 0.7780	
34.108781 292.060618	5.00e-01  8.90e-01  3.78e+05	-26.2177 77.5295 0.1499	
34.108781 292.060618	5.81e-01  8.95e-01  3.65e+05	-0.3163 88.8735 0.7623	
34.108781 292.060618	6.50e-01  9.30e-01  3.50e+05	-27.3654 92.1603 0.4124	
34.108781 292.060618	5.34e-01  7.86e-01  3.90e+05	15.3670 73.6810 0.9983	
34.108781 292.060618	5.46e-01  7.84e-01  3.88e+05	47.4871 59.6819 0.5972	
34.108781 292.060618	6.47e-01  8.37e-01  3.64e+05	-13.4805 88.4619 0.1551	
34.108781 292.060618	6.56e-01  8.29e-01  3.64e+05	38.0617 81.0471 0.3069	
34.108781 292.060618	6.16e-01  7.59e-01  3.81e+05	18.5674 78.3907 0.7948	
34.108781 292.060618	6.06e-01  9.07e-01  3.60e+05	39.0963 82.8381 0.3557	
34.108781 292.060618	7.65e-01  8.74e-01  3.43e+05	43.4472 89.8248 0.7185	
34.108781 292.060618	6.50e-01  7.44e-01  3.78e+05	-3.2131 82.2014 0.4635	
34.108781 292.060618	4.79e-01  8.68e-01  3.85e+05	34.8548 69.6890 0.8622	
34.108781 292.060618	5.43e-01  8.49e-01  3.78e+05	35.8640 73.8392 0.4002	
34.108781 292.060618	7.13e-01  7.99e-01  3.60e+05	29.5740 86.6084 0.8474	
34.108781 292.060618	3.20e-01  8.00e-01  4.27e+05	18.9351 44.2477 0.0073	
34.108781 292.060618	5.81e-01  7.36e-01  3.90e+05	5.3638 74.7342 0.9905	
34.108781 292.060618	6.72e-01  7.55e-01  3.73e+05	-17.4162 83.1620 0.8716	
34.108781 292.060618	4.11e-01  9.61e-01  3.81e+05	20.5210 77.5982 0.4545	
34.108781 292.060618	6.25e-01  8.55e-01  3.65e+05	-17.3588 87.4922 0.8143	
34.108781 292.060618	6.03e-01  9.56e-01  3.53e+05	3.7567 94.6472 0.7549	
34.108781 292.060618	6.68e-01  8.23e-01  3.63e+05	-19.6266 87.8392 0.5212	
34.108781 292.060618	6.86e-01  8.15e-01  3.62e+05	-45.7876 78.3556 0.1160	
34.108781 292.060618	5.11e-01  7.57e-01  3.99e+05	38.0036 58.3917 0.1104	
34.108781 292.060618	8.15e-01  9.66e-01  3.25e+05	-2.4426 107.4262 0.6458	
34.108781 292.060618	4.65e-01  8.25e-01  3.95e+05	27.4997 66.7074 0.9466	
34.108781 292.060618	6.37e-01  8.81e-01  3.59e+05	-9.0748 91.4929 0.9757	
34.108781 292.060618	6.02e-01  8.18e-01  3.74e+05	-5.0199 84.3557 0.9884	
34.108781 292.060618	4.72e-01  8.00e-01  3.98e+05	-32.5053 62.2194 0.2153	
34.108781 292.060618	5.85e-01  8.18e-01  3.76e+05	-9.5848 82.5421 0.1611	
34.108781 292.060618	6.89e-01  8.93e-01  3.50e+05	50.9322 81.7207 0.6295	
34.108781 292.060618	4.98e-01  6.81e-01  4.15e+05	31.6749 48.7902 0.5889	
34.108781 292.060618	6.00e-01  7.95e-01  3.78e+05	-14.7787 80.9885 0.6650	
34.108781 292.060618	6.68e-01  8.25e-01  3.63e+05	-8.0448 89.8236 0.6182	
34.108781 292.060618	5.29e-01  7.10e-01  4.04e+05	4.8639 66.0813 0.0425	
34.108781 292.060618	6.30e-01  7.85e-01  3.74e+05	33.2388 77.2252 0.9807	
34.108781 292.060618	6.61e-01  8.87e-01  3.55e+05	2.7609 94.0230 0.6684	
34.108781 292.060618	5.18e-01  8.87e-01  3.76e+05	-8.6149 82.7994 0.3834	
34.108781 292.060618	3.84e-01  7.95e-01  4.15e+05	-13.0414 56.6372 0.7657	
34.108781 292.060618	4.89e-01  9.06e-01  3.77e+05	39.0776 72.5005 0.9363	
34.108781 292.060618	6.25e-01  8.72e-01  3.62e+05	0.8859 90.4403 0.0306	
34.108781 292.060618	6.64e-01  8.32e-01  3.62e+05	-12.1698 89.5345 0.5956	
34.108781 292.060618	4.43e-01  6.23e-01  4.38e+05	8.3450 35.2364 0.3168	
34.108781 292.060618	6.26e-01  7.62e-01  3.79e+05	-5.1304 81.5990 0.2956	
34.108781 292.060618	5.22e-01  8.43e-01  3.82e+05	-6.7434 79.3325 0.3827	
34.108781 292.060618	6.18e-01  9.28e-01  3.55e+05	-15.5822 92.5397 0.7898	
34.108781 292.060618	5.79e-01  8.14e-01  3.78e+05	21.3998 79.3612 0.0602	
34.108781 292.060618	5.22e-01  9.18e-01  3.71e+05	20.1655 83.6983 0.9085	
34.108781 292.060618	7.05e-01  9.39e-01  3.42e+05	-6.7039 99.8276 0.5721	
34.108781 292.060618	5.42e-01  8.38e-01  3.80e+05	-10.6464 80.3369 0.3289	
34.108781 292.060618	5.95e-01  8.60e-01  3.68e+05	27.8348 82.7240 0.3628	
34.108781 292.060618	5.57e-01  8.80e-01  3.71e+05	8.0149 85.4858 0.7426	
34.108781 292.060618	6.65e-01  9.23e-01  3.49e+05	-12.5934 95.7587 0.3015	
34.108781 292.060618	6.61e-01  7.71e-01  3.72e+05	19.6441 83.1118 0.6445	
34.108781 292.060618	3.95e-01  8.69e-01  3.99e+05	-28.4215 63.1191 0.6775	
34.108781 292.060618	4.92e-01  6.55e-01  4.21e+05	39.5847 35.3399 0.0308	
34.108781 292.060618	5.83e-01  8.45e-01  3.72e+05	8.1490 84.6914 0.1680	
34.108781 292.060618	7.31e-01  8.79e-01  3.46e+05	32.9701 92.3323 0.8752	
34.108781 292.060618	5.45e-01  6.90e-01  4.04e+05	11.7046 64.7629 0.8440	
34.108781 292.060618	5.58e-01  7.10e-01  3.99e+05	14.9989 68.0459 0.6600	
34.108781 292.060618	6.75e-01  7.30e-01  3.76e+05	-34.0371 75.9217 0.8097	
34.108781 292.060618	5.08e-01  7.16e-01  4.06e+05	12.6788 63.1435 0.2573	
34.108781 292.060618	7.00e-01  7.55e-01  3.68e+05	40.1487 77.5493 0.3568	
34.108781 292.060618	5.81e-01  6.85e-01  3.99e+05	-7.4281 68.9937 0.5627	
34.108781 292.060618	3.28e-01  8.40e-01  4.17e+05	-9.4205 55.6789 0.6328	
34.108781 292.060618	5.64e-01  8.53e-01  3.74e+05	-14.3328 82.9480 0.3479	
34.108781 292.060618	6.24e-01  7.01e-01  3.89e+05	5.9980 75.5571 0.6822	
34.108781 292.060618	4.90e-01  7.75e-01  3.99e+05	-8.5818 68.7276 0.6193	
34.108781 292.060618	5.36e-01  7.84e-01  3.90e+05	22.4152 71.8920 0.1218	
34.108781 292.060618	6.65e-01  8.63e-01  3.58e+05	57.4233 72.6933 0.3088	
34.108781 292.060618	6.80e-01  8.96e-01  3.51e+05	19.4890 93.8618 0.3851	
34.108781 292.060618	4.88e-01  6.90e-01  4.15e+05	11.0390 56.9480 0.0483	
34.108781 292.060618	6.69e-01  9.82e-01  3.41e+05	-15.5155 99.2243 0.8925	
34.108781 292.060618	7.01e-01  8.60e-01  3.53e+05	-17.6714 93.2071 0.6431	
34.108781 292.060618	5.85e-01  8.22e-01  3.76e+05	16.3036 81.7295 0.4754	
34.108781 292.060618	5.44e-01  6.80e-01  4.07e+05	7.2170 63.9643 0.9334	
34.108781 292.060618	4.99e-01  8.80e-01  3.80e+05	-32.5173 74.0575 0.8960	
34.108781 292.060618	5.20e-01  9.49e-01  3.66e+05	13.6121 87.2829 0.4755	
34.108781 292.060618	4.91e-01  8.58e-01  3.85e+05	61.5646 48.1953 0.7203	
34.108781 292.060618	6.43e-01  9.09e-01  3.54e+05	31.4976 88.8794 0.2189	
34.108781 292.060618	4.22e-01  9.02e-01  3.89e+05	-6.0353 75.5471 0.5561	
34.108781 292.060618	4.62e-01  7.35e-01  4.11e+05	-20.7914 57.1170 0.4480	
34.108781 292.060618	5.60e-01  8.36e-01  3.78e+05	-31.7221 75.9852 0.3923	
34.108781 292.060618	5.84e-01  8.82e-01  3.67e+05	76.8261 43.2872 0.4180	
34.108781 292.060618	5.97e-01  8.04e-01  3.76e+05	-17.5226 81.0375 0.6091	
34.108781 292.060618	4.59e-01  7.76e-01  4.05e+05	4.8488 65.4825 0.4528	
34.108781 292.060618	5.70e-01  7.49e-01  3.90e+05	-13.3419 73.9713 0.0027	
34.108781 292.060618	7.21e-01  9.49e-01  3.39e+05	-16.1668 100.2696 0.3160	
34.108781 292.060618	3.76e-01  7.73e-01  4.21e+05	22.6646 48.3026 0.5681	
34.108781 292.060618	7.44e-01  8.22e-01  3.52e+05	-31.9365 89.7151 0.5907	
34.108781 292.060618	6.27e-01  9.57e-01  3.50e+05	-12.7560 95.5326 0.3145	
34.108781 292.060618	6.10e-01  7.17e-01  3.89e+05	-17.5301 73.9238 0.8320	
34.108781 292.060618	5.16e-01  6.89e-01  4.10e+05	-19.7188 58.6382 0.7613	
34.108781 292.060618	7.09e-01  8.16e-01  3.58e+05	-24.3529 89.1237 0.3452	
34.108781 292.060618	7.44e-01  9.70e-01  3.33e+05	1.1076 103.9439 0.2114	
34.108781 292.060618	5.18e-01  8.29e-01  3.85e+05	-34.5381 69.8004 0.9364	
34.108781 292.060618	4.99e-01  7.22e-01  4.07e+05	5.5115 63.7595 0.3553	
34.108781 292.060618	6.33e-01  7.82e-01  3.74e+05	-48.2053 68.8834 0.9547	
34.108781 292.060618	5.58e-01  8.47e-01  3.76e+05	24.6491 79.4545 0.6153	
34.108781 292.060618	2.94e-01  9.54e-01  4.02e+05	-24.5989 62.6833 0.7998	
34.108781 292.060618	6.79e-01  7.69e-01  3.69e+05	-0.7868 86.7614 0.3546	
34.108781 292.060618	5.73e-01  7.61e-01  3.87e+05	-38.8463 66.1325 0.6329	
34.108781 292.060618	4.74e-01  6.63e-01  4.23e+05	-25.1058 44.8306 0.2599	
34.108781 292.060618	6.28e-01  8.98e-01  3.58e+05	-4.6402 92.4156 0.6707	
34.108781 292.060618	5.13e-01  8.45e-01  3.83e+05	-19.4468 76.6254 0.4796	
34.108781 292.060618	5.82e-01  9.02e-01  3.64e+05	9.5223 88.9966 0.6067	
34.108781 292.060618	6.02e-01  7.36e-01  3.87e+05	23.2255 73.4962 0.5451	
34.108781 292.060618	6.98e-01  7.74e-01  3.66e+05	10.6697 87.9582 0.0092	
34.108781 292.060618	6.60e-01  7.09e-01  3.82e+05	8.8714 79.5104 0.4209	
34.108781 292.060618	6.50e-01  8.45e-01  3.62e+05	69.1345 58.0947 0.4230	
34.108781 292.060618	6.94e-01  8.06e-01  3.62e+05	-1.5078 90.5897 0.1073	
34.108781 292.060618	4.91e-01  9.84e-01  3.65e+05	-15.4513 87.4204 0.6148	
34.108781 292.060618	5.77e-01  6.08e-01  4.14e+05	-28.9409 51.3334 0.5351	
34.108781 292.060618	3.44e-01  8.53e-01  4.12e+05	24.0111 55.7522 0.9960	
34.108781 292.060618	5.98e-01  8.87e-01  3.64e+05	-47.1873 76.0608 0.3802	
34.108781 292.060618	5.79e-01  9.38e-01  3.59e+05	-2.2287 91.8743 0.3775	
34.108781 292.060618	4.76e-01  8.89e-01  3.82e+05	-18.2730 77.5670 0.4949	
34.108781 292.060618	7.38e-01  9.62e-01  3.35e+05	-18.6487 101.5154 0.2002	
34.108781 292.060618	4.86e-01  6.88e-01  4.16e+05	8.8128 56.7296 0.8156	
34.108781 292.060618	5.32e-01  6.05e-01  4.23e+05	-10.7416 50.2444 0.8666	
34.108781 292.060618	5.96e-01  8.58e-01  3.68e+05	38.4701 78.2439 0.4416	
34.108781 292.060618	5.69e-01  6.82e-01  4.02e+05	-9.2406 67.0337 0.5727	
34.108781 292.060618	5.29e-01  6.90e-01  4.07e+05	22.8187 59.4949 0.0783	
34.108781 292.060618	4.55e-01  7.09e-01  4.18e+05	16.6501 53.3686 0.1418	
34.108781 292.060618	3.82e-01  9.36e-01  3.90e+05	24.9731 70.7785 0.6982	
34.108781 292.060618	5.20e-01  8.81e-01  3.77e+05	-1.5620 82.8543 0.9876	
34.108781 292.060618	4.83e-01  7.94e-01  3.97e+05	19.9620 67.8184 0.3142	
34.108781 292.060618	6.74e-01  7.50e-01  3.73e+05	-28.5136 79.8890 0.9255	
34.108781 292.060618	3.12e-01  8.97e-01  4.09e+05	-5.3529 62.1914 0.0958	
34.108781 292.060618	5.29e-01  6.80e-01  4.09e+05	-11.5702 61.3308 0.1527	
34.108781 292.060618	5.02e-01  7.68e-01  3.98e+05	-9.5929 69.3003 0.9066	
34.108781 292.060618	6.81e-01  8.61e-01  3.56e+05	33.5678 87.4398 0.8884	
34.108781 292.060618	5.63e-01  8.27e-01  3.78e+05	-17.6969 79.9811 0.1406	
34.108781 292.060618	6.62e-01  8.99e-01  3.53e+05	-10.1997 94.3446 0.0015	
34.108781 292.060618	6.96e-01  9.12e-01  3.47e+05	34.5148 91.6189 0.5829	
34.108781 292.060618	5.44e-01  7.90e-01  3.87e+05	-3.4235 76.5995 0.6325	
34.108781 292.060618	5.55e-01  9.05e-01  3.68e+05	50.7861 71.4392 0.7846	
34.108781 292.060618	5.71e-01  7.91e-01  3.83e+05	21.7242 76.3826 0.4475	
34.108781 292.060618	4.99e-01  6.75e-01  4.16e+05	1.1932 57.2237 0.3666	
34.108781 292.060618	3.96e-01  9.08e-01  3.92e+05	4.6963 73.4893 0.5981	
34.108781 292.060618	4.64e-01  6.80e-01  4.22e+05	0.8521 52.6608 0.9476	
34.108781 292.060618	4.07e-01  7.20e-01  4.25e+05	15.2689 47.0918 0.4964	
34.108781 292.060618	4.99e-01  7.81e-01  3.96e+05	39.8543 58.9424 0.3557	
34.108781 292.060618	6.73e-01  7.31e-01  3.76e+05	-15.6118 81.5538 0.1128	
34.108781 292.060618	7.15e-01  9.49e-01  3.39e+05	-15.1216 100.0668 0.2565	
34.108781 292.060618	6.57e-01  8.05e-01  3.67e+05	5.5553 87.7147 0.4643	
34.108781 292.060618	6.69e-01  7.90e-01  3.68e+05	-16.6892 85.9881 0.1079	
34.108781 292.060618	5.43e-01  7.99e-01  3.86e+05	10.7343 76.7750 0.5833	
34.108781 292.060618	4.63e-01  7.91e-01  4.01e+05	6.9358 67.7669 0.2263	
34.108781 292.060618	4.97e-01  8.83e-01  3.80e+05	45.9621 66.6781 0.0144	
34.108781 292.060618	5.71e-01  7.77e-01  3.85e+05	-45.4799 63.4525 0.0486	
34.108781 292.060618	4.72e-01  9.14e-01  3.79e+05	-23.1808 78.1580 0.3695	
34.108781 292.060618	4.94e-01  7.61e-01  4.01e+05	-35.9871 58.0241 0.7336	
34.108781 292.060618	6.39e-01  8.37e-01  3.65e+05	28.5849 84.1639 0.9399	
34.108781 292.060618	6.18e-01  8.04e-01  3.73e+05	-22.1345 81.6658 0.8875	
34.108781 292.060618	5.34e-01  8.54e-01  3.79e+05	23.9784 78.1870 0.7740	
34.108781 292.060618	8.05e-01  9.17e-01  3.32e+05	-63.6743 82.7372 0.3684	
34.108781 292.060618	6.03e-01  8.32e-01  3.71e+05	-9.9890 85.1550 0.2310	
34.108781 292.060618	7.09e-01  8.99e-01  3.47e+05	-14.6860 96.7977 0.8518	
34.108781 292.060618	6.80e-01  8.91e-01  3.52e+05	47.5920 82.8594 0.4036	
34.108781 292.060618	4.41e-01  8.28e-01  3.99e+05	15.9641 67.9175 0.4831	
34.108781 292.060618	3.31e-01  9.10e-01  4.04e+05	36.5945 55.4225 0.7948	
34.108781 292.060618	5.22e-01  7.65e-01  3.95e+05	6.8686 71.5053 0.4581	
34.108781 292.060618	5.57e-01  9.14e-01  3.66e+05	4.5303 88.4163 0.9885	
34.108781 292.060618	4.89e-01  7.75e-01  3.99e+05	15.3430 67.4527 0.2767	
34.108781 292.060618	4.20e-01  8.70e-01  3.95e+05	32.6826 64.2817 0.8954	
34.108781 292.060618	5.24e-01  7.64e-01  3.95e+05	-17.3921 69.7276 0.0431	
34.108781 292.060618	4.44e-01  6.41e-01  4.34e+05	-4.9009 40.6047 0.5504	
34.108781 292.060618	6.43e-01  9.15e-01  3.54e+05	-0.0026 94.6656 0.3769	
34.108781 292.060618	4.95e-01  8.36e-01  3.88e+05	24.5891 72.3733 0.3452	
34.108781 292.060618	3.42e-01  9.03e-01  4.03e+05	8.9809 66.4067 0.4108	
34.108781 292.060618	7.09e-01  9.40e-01  3.41e+05	-23.0392 97.6674 0.3347	
34.108781 292.060618	4.56e-01  8.69e-01  3.89e+05	-8.7551 75.2639 0.3720	
34.108781 292.060618	5.39e-01  7.33e-01  3.98e+05	-6.6744 69.8475 0.6720	
34.108781 292.060618	5.08e-01  7.51e-01  4.00e+05	41.3799 54.7079 0.7874	
34.108781 292.060618	7.40e-01  9.19e-01  3.40e+05	-20.7865 98.7405 0.4552	
34.108781 292.060618	4.99e-01  8.94e-01  3.78e+05	57.1712 59.0940 0.4273	
34.108781 292.060618	7.00e-01  7.68e-01  3.66e+05	-28.9920 83.3224 0.0455	
34.108781 292.060618	5.19e-01  6.00e-01  4.27e+05	17.1067 44.8777 0.9703	
34.108781 292.060618	5.82e-01  8.49e-01  3.72e+05	43.0796 73.7324 0.3465	
34.108781 292.060618	4.50e-01  8.62e-01  3.91e+05	-6.4600 74.2217 0.3228	
34.108781 292.060618	5.22e-01  9.44e-01  3.67e+05	-35.8604 80.4870 0.4517	
34.108781 292.060618	7.07e-01  9.03e-01  3.46e+05	5.3463 97.8373 0.0593	
34.108781 292.060618	4.06e-01  8.33e-01  4.04e+05	30.7338 58.6482 0.5502	
34.108781 292.060618	6.15e-01  8.93e-01  3.61e+05	17.6655 89.4981 0.6998	
34.108781 292.060618	7.59e-01  8.85e-01  3.42e+05	-49.1629 87.1632 0.1241	
34.108781 292.060618	4.72e-01  6.60e-01  4.24e+05	-14.9604 48.0100 0.3707	
34.108781 292.060618	4.35e-01  8.80e-01  3.91e+05	1.9550 74.7241 0.3833	
34.108781 292.060618	6.23e-01  8.18e-01  3.70e+05	-21.2449 83.5134 0.2420	
34.108781 292.060618	5.48e-01  8.42e-01  3.78e+05	-11.6365 81.1141 0.0930	
34.108781 292.060618	3.61e-01  7.83e-01  4.22e+05	-1.4714 52.6359 0.5054	
34.108781 292.060618	5.70e-01  9.35e-01  3.61e+05	41.6306 80.9558 0.0448	
34.108781 292.060618	4.07e-01  8.28e-01  4.04e+05	-37.1057 54.3305 0.4014	
34.108781 292.060618	3.25e-01  8.21e-01  4.21e+05	-8.6178 52.2319 0.4547	
34.108781 292.060618	3.61e-01  9.48e-01  3.92e+05	-29.0297 68.2770 0.0820	
34.108781 292.060618	4.29e-01  9.13e-01  3.86e+05	-0.9153 77.5377 0.2567	
34.108781 292.060618	5.83e-01  9.02e-01  3.64e+05	-15.1328 88.3003 0.4593	
34.108781 292.060618	3.64e-01  8.37e-01  4.11e+05	16.0246 59.1305 0.6754	
34.108781 292.060618	3.85e-01  7.34e-01  4.27e+05	1.2587 48.1146 0.0378	
34.108781 292.060618	5.13e-01  8.82e-01  3.77e+05	5.2176 82.2152 0.7166	
34.108781 292.060618	5.99e-01  6.78e-01  3.97e+05	-1.6860 70.5940 0.3719	
34.108781 292.060618	5.52e-01  8.47e-01  3.77e+05	43.1773 70.5180 0.0813	
34.108781 292.060618	4.56e-01  9.14e-01  3.82e+05	-0.1749 80.1135 0.0099	
34.108781 292.060618	4.32e-01  7.94e-01  4.06e+05	-16.4134 62.4054 0.4315	
34.108781 292.060618	3.76e-01  8.67e-01  4.03e+05	26.9548 61.0195 0.9159	
34.108781 292.060618	6.57e-01  8.06e-01  3.67e+05	42.2479 77.0996 0.2449	
34.108781 292.060618	4.51e-01  8.17e-01  3.99e+05	27.3572 64.0217 0.6144	
34.108781 292.060618	3.90e-01  8.61e-01  4.02e+05	-8.0956 67.1808 0.2092	
34.108781 292.060618	6.87e-01  8.68e-01  3.54e+05	3.6971 94.4466 0.8835	
34.108781 292.060618	4.68e-01  7.75e-01  4.03e+05	15.7218 64.9130 0.8679	
34.108781 292.060618	6.32e-01  9.87e-01  3.45e+05	66.3819 72.8716 0.4707	
34.108781 292.060618	6.00e-01  8.08e-01  3.76e+05	3.6617 83.3631 0.7750	
34.108781 292.060618	5.25e-01  7.98e-01  3.89e+05	16.9450 73.6429 0.7209	
34.108781 292.060618	7.09e-01  8.84e-01  3.49e+05	10.4115 96.4061 0.2525	
34.108781 292.060618	4.10e-01  8.76e-01  3.96e+05	28.4280 65.8529 0.6137	
34.108781 292.060618	5.01e-01  7.97e-01  3.93e+05	24.7345 68.7152 0.4939	
34.108781 292.060618	4.42e-01  9.20e-01  3.83e+05	-11.8664 78.4447 0.6915	
34.108781 292.060618	6.87e-01  8.07e-01  3.63e+05	4.3339 90.0839 0.2099	
34.108781 292.060618	6.24e-01  7.18e-01  3.86e+05	19.9539 74.8749 0.8236	
34.108781 292.060618	4.48e-01  9.40e-01  3.79e+05	-15.0684 80.3467 0.9850	
34.108781 292.060618	5.17e-01  7.82e-01  3.93e+05	-10.0229 72.4503 0.5767	
34.108781 292.060618	4.83e-01  7.40e-01  4.07e+05	15.6615 62.1928 0.9477	
34.108781 292.060618	5.88e-01  7.48e-01  3.87e+05	6.8667 76.5876 0.6148	
34.108781 292.060618	6.68e-01  7.48e-01  3.74e+05	12.4383 83.2125 0.7296	
34.108781 292.060618	4.81e-01  6.85e-01  4.17e+05	-14.7303 54.1936 0.8298	
34.108781 292.060618	3.84e-01  7.69e-01  4.20e+05	-16.2907 51.5867 0.1632	
34.108781 292.060618	6.11e-01  8.39e-01  3.69e+05	-4.8458 86.8148 0.2155	
34.108781 292.060618	4.79e-01  8.06e-01  3.96e+05	17.2128 69.4276 0.9239	
34.108781 292.060618	5.68e-01  7.72e-01  3.87e+05	-9.9283 76.5812 0.4449	
34.108781 292.060618	5.16e-01  7.03e-01  4.07e+05	46.1208 43.9118 0.7094	
34.108781 292.060618	5.36e-01  7.42e-01  3.97e+05	-43.9138 55.5850 0.6264	
34.108781 292.060618	7.08e-01  7.78e-01  3.64e+05	-33.3299 83.1368 0.2339	
34.108781 292.060618	3.59e-01  7.26e-01  4.34e+05	12.0061 39.0412 0.3195	
34.108781 292.060618	5.51e-01  8.21e-01  3.81e+05	-33.9817 72.6757 0.0095	
34.108781 292.060618	2.94e-01  9.13e-01  4.10e+05	-34.2578 51.6956 0.7375	
34.108781 292.060618	6.34e-01  8.77e-01  3.60e+05	22.7239 88.5752 0.2714	
34.108781 292.060618	7.30e-01  8.74e-01  3.47e+05	14.4465 96.5478 0.5385	
34.108781 292.060618	6.74e-01  8.83e-01  3.54e+05	19.5652 92.5771 0.6362	
34.108781 292.060618	7.17e-01  8.27e-01  3.55e+05	-45.2818 82.1125 0.4169	
34.108781 292.060618	4.85e-01  7.59e-01  4.03e+05	17.6707 64.5722 0.5660	
34.108781 292.060618	4.03e-01  8.25e-01  4.06e+05	4.9537 64.6927 0.1375	
34.108781 292.060618	3.85e-01  8.52e-01  4.04e+05	35.3938 55.7766 0.5956	
34.108781 292.060618	4.00e-01  8.67e-01  3.99e+05	-17.8006 67.2228 0.8655	
34.108781 292.060618	6.24e-01  8.17e-01  3.70e+05	-20.4234 83.7218 0.5017	
34.108781 292.060618	7.73e-01  8.95e-01  3.39e+05	34.8513 95.2839 0.4812	
34.108781 292.060618	5.74e-01  7.23e-01  3.94e+05	-6.8852 72.5568 0.9623	
34.108781 292.060618	5.94e-01  7.55e-01  3.85e+05	6.3886 77.8953 0.3445	
34.108781 292.060618	7.06e-01  7.90e-01  3.62e+05	25.8383 86.6164 0.0344	
34.108781 292.060618	6.15e-01  7.92e-01  3.76e+05	49.9277 66.8260 0.8131	
34.108781 292.060618	6.27e-01  7.31e-01  3.83e+05	45.2069 64.8347 0.0149	
34.108781 292.060618	6.50e-01  9.59e-01  3.47e+05	-17.3094 96.4074 0.6297	
34.108781 292.060618	2.89e-01  9.75e-01  3.99e+05	3.0583 69.1409 0.0227	
34.108781 292.060618	7.50e-01  8.18e-01  3.52e+05	24.3743 92.1686 0.9062	
34.108781 292.060618	6.24e-01  7.13e-01  3.87e+05	-10.1089 76.3619 0.6483	
34.108781 292.060618	6.13e-01  7.77e-01  3.78e+05	-20.0041 79.4132 0.8466	
34.108781 292.060618	6.09e-01  8.40e-01  3.69e+05	29.1995 81.7403 0.2704	
34.108781 292.060618	5.55e-01  7.99e-01  3.84e+05	21.6786 75.6250 0.3950	
34.108781 292.060618	6.17e-01  8.90e-01  3.61e+05	15.8973 89.7367 0.4853	
34.108781 292.060618	5.35e-01  8.84e-01  3.74e+05	-0.8365 84.2992 0.1097	
34.108781 292.060618	5.77e-01  8.54e-01  3.72e+05	-21.3901 82.5855 0.5665	
34.108781 292.060618	4.65e-01  9.26e-01  3.78e+05	-11.2116 81.2038 0.8537	
34.108781 292.060618	6.57e-01  7.04e-01  3.83e+05	-2.0182 79.2339 0.9196	
34.108781 292.060618	4.94e-01  8.51e-01  3.86e+05	2.8152 77.7304 0.3683	
34.108781 292.060618	6.62e-01  6.82e-01  3.86e+05	1.2307 77.6890 0.5185	
34.108781 292.060618	6.33e-01  8.06e-01  3.71e+05	-38.0487 77.1144 0.3105	
34.108781 292.060618	5.45e-01  7.26e-01  3.98e+05	19.3770 67.3037 0.8480	
34.108781 292.060618	6.52e-01  8.29e-01  3.64e+05	-20.2629 86.9483 0.4924	
34.108781 292.060618	6.37e-01  8.59e-01  3.62e+05	22.0441 87.6522 0.9197	
34.108781 292.060618	5.94e-01  7.46e-01  3.86e+05	12.3076 76.3458 0.9313	
34.108781 292.060618	6.09e-01  8.02e-01  3.75e+05	-8.2814 83.2108 0.6683	
34.108781 292.060618	6.22e-01  6.87e-01  3.92e+05	5.5916 73.8526 0.2406	
34.108781 292.060618	2.88e-01  8.77e-01  4.18e+05	-15.8135 53.6473 0.6022	
34.108781 292.060618	5.29e-01  9.11e-01  3.70e+05	-28.8548 81.1839 0.1346	
34.108781 292.060618	4.27e-01  8.49e-01  3.97e+05	9.9900 69.8631 0.9949	
34.108781 292.060618	6.79e-01  8.72e-01  3.54e+05	-17.3827 92.6196 0.1374	
34.108781 292.060618	5.06e-01  8.32e-01  3.87e+05	-24.6012 73.0548 0.4858	
34.108781 292.060618	6.25e-01  8.45e-01  3.66e+05	13.4944 87.4438 0.9178	
34.108781 292.060618	6.31e-01  6.40e-01  3.98e+05	-19.6323 67.2603 0.2196	
34.108781 292.060618	6.08e-01  7.36e-01  3.86e+05	4.0390 77.5634 0.6071	
34.108781 292.060618	7.23e-01  9.16e-01  3.43e+05	-7.0058 99.4976 0.0194	
34.108781 292.060618	5.64e-01  6.61e-01  4.07e+05	28.9802 57.4985 0.2787	
34.108781 292.060618	5.30e-01  8.70e-01  3.77e+05	21.9826 79.8405 0.5695	
34.108781 292.060618	5.86e-01  7.38e-01  3.89e+05	24.6760 71.5988 0.5448	
34.108781 292.060618	5.17e-01  9.23e-01  3.71e+05	-26.3910 81.9221 0.7052	
34.108781 292.060618	3.06e-01  8.15e-01  4.26e+05	-7.8653 47.7704 0.3277	
34.108781 292.060618	5.32e-01  7.94e-01  3.89e+05	-42.8963 62.6075 0.8446	
34.108781 292.060618	7.08e-01  9.52e-01  3.40e+05	-36.0681 94.3489 0.0454	
34.108781 292.060618	5.57e-01  7.28e-01  3.96e+05	26.4819 66.5216 0.9190	
34.108781 292.060618	6.35e-01  7.53e-01  3.79e+05	20.4679 79.0884 0.5449	
34.108781 292.060618	5.05e-01  7.66e-01  3.98e+05	7.1989 69.6752 0.0871	
34.108781 292.060618	5.14e-01  8.79e-01  3.78e+05	-30.9494 76.1576 0.4001	
34.108781 292.060618	4.95e-01  6.57e-01  4.20e+05	-1.7875 53.9060 0.9257	
34.108781 292.060618	5.13e-01  7.63e-01  3.97e+05	-8.2817 70.0267 0.9722	
34.108781 292.060618	5.22e-01  8.01e-01  3.89e+05	25.9434 71.0065 0.5077	
34.108781 292.060618	5.80e-01  9.04e-01  3.64e+05	13.7586 88.3843 0.4512	
34.108781 292.060618	6.52e-01  8.91e-01  3.55e+05	-16.9194 92.1878 0.6594	
34.108781 292.060618	4.54e-01  8.36e-01  3.95e+05	-54.0204 47.9346 0.3338	
34.108781 292.060618	3.83e-01  7.20e-01  4.30e+05	2.7646 44.7564 0.6964	
34.108781 292.060618	4.91e-01  8.55e-01  3.85e+05	-11.0872 77.1147 0.7377	
34.108781 292.060618	4.99e-01  7.29e-01  4.06e+05	-6.3732 64.5283 0.8828	
34.108781 292.060618	4.57e-01  7.29e-01  4.14e+05	-23.2800 54.4459 0.5157	
34.108781 292.060618	4.55e-01  8.91e-01  3.85e+05	32.6773 70.6713 0.8522	
34.108781 292.060618	5.86e-01  6.86e-01  3.98e+05	18.1901 67.6854 0.7651	
34.108781 292.060618	4.73e-01  8.03e-01  3.97e+05	27.2587 65.1125 0.2751	
34.108781 292.060618	4.81e-01  6.96e-01  4.15e+05	-14.0577 56.1491 0.2019	
34.108781 292.060618	5.73e-01  9.14e-01  3.64e+05	9.5594 89.1915 0.8492	
34.108781 292.060618	6.34e-01  8.75e-01  3.60e+05	-2.3682 91.3221 0.4531	
34.108781 292.060618	5.75e-01  7.63e-01  3.87e+05	25.0442 72.8921 0.1759	
34.108781 292.060618	6.69e-01  9.73e-01  3.42e+05	-9.9470 99.4873 0.4944	
34.108781 292.060618	4.37e-01  8.54e-01  3.95e+05	8.2679 71.8078 0.5693	
34.108781 292.060618	4.62e-01  7.98e-01  4.00e+05	3.1569 68.6406 0.3661	
34.108781 292.060618	7.91e-01  9.17e-01  3.34e+05	-0.6439 103.6613 0.9966	
34.108781 292.060618	5.05e-01  9.86e-01  3.63e+05	-27.3401 85.7915 0.8124	
34.108781 292.060618	9.01e-01  9.44e-01  3.18e+05	-17.3106 109.1227 0.9283	
34.108781 292.060618	5.29e-01  7.87e-01  3.90e+05	20.2331 72.1197 0.8484	
34.108781 292.060618	4.40e-01  8.06e-01  4.03e+05	9.6935 66.4212 0.1108	
34.108781 292.060618	5.23e-01  8.27e-01  3.85e+05	-13.2251 77.1123 0.0959	
34.108781 292.060618	5.23e-01  7.14e-01  4.04e+05	-34.1520 56.5009 0.6116	
34.108781 292.060618	6.88e-01  7.77e-01  3.67e+05	-19.6204 85.8328 0.0362	
34.108781 292.060618	5.86e-01  6.43e-01  4.06e+05	9.2539 64.4080 0.2888	
34.108781 292.060618	6.24e-01  8.50e-01  3.66e+05	-14.4292 87.5399 0.1775	
34.108781 292.060618	4.89e-01  7.77e-01  3.99e+05	-9.5217 68.8710 0.4103	
34.108781 292.060618	5.32e-01  8.38e-01  3.82e+05	24.0922 76.3771 0.4753	
34.108781 292.060618	3.60e-01  8.07e-01  4.17e+05	-10.8855 55.1993 0.3025	
34.108781 292.060618	6.95e-01  7.19e-01  3.75e+05	-7.0872 83.6297 0.1450	
34.108781 292.060618	5.69e-01  8.02e-01  3.81e+05	30.2424 74.3384 0.0235	
34.108781 292.060618	5.03e-01  6.75e-01  4.15e+05	-10.2666 56.9338 0.4654	
34.108781 292.060618	5.85e-01  8.23e-01  3.75e+05	-34.9099 75.8057 0.7039	
34.108781 292.060618	5.60e-01  6.49e-01  4.09e+05	21.4111 58.6922 0.7580	
34.108781 292.060618	7.97e-01  9.56e-01  3.28e+05	-57.5161 89.0728 0.8694	
34.108781 292.060618	4.08e-01  8.13e-01  4.07e+05	-26.2879 58.2416 0.1371	
34.108781 292.060618	3.87e-01  7.87e-01  4.16e+05	42.2978 38.7959 0.3531	
34.108781 292.060618	5.17e-01  6.87e-01  4.10e+05	-8.2269 61.0407 0.5365	
34.108781 292.060618	5.05e-01  8.71e-01  3.81e+05	14.8502 79.2782 0.8687	
34.108781 292.060618	5.45e-01  9.42e-01  3.64e+05	-36.1584 82.0479 0.4491	
34.108781 292.060618	5.72e-01  6.71e-01  4.03e+05	7.9138 66.1912 0.7066	
34.108781 292.060618	6.88e-01  8.15e-01  3.61e+05	-40.2594 81.4710 0.5112	
34.108781 292.060618	4.57e-01  7.33e-01  4.13e+05	-0.4257 59.7161 0.8570	
34.108781 292.060618	6.75e-01  7.31e-01  3.76e+05	11.4599 82.4941 0.9578	
34.108781 292.060618	6.36e-01  8.98e-01  3.57e+05	-6.7315 92.8234 0.1775	
34.108781 292.060618	5.71e-01  7.77e-01  3.85e+05	10.3053 77.3852 0.8719	
34.108781 292.060618	4.99e-01  8.48e-01  3.85e+05	-23.9106 74.1979 0.4649	
34.108781 292.060618	3.91e-01  7.95e-01  4.14e+05	14.6804 57.2943 0.9723	
34.108781 292.060618	7.83e-01  8.72e-01  3.41e+05	1.7483 100.6721 0.7681	
34.108781 292.060618	4.59e-01  7.74e-01  4.05e+05	14.4307 63.8489 0.5004	
34.108781 292.060618	5.92e-01  8.81e-01  3.66e+05	27.2367 84.3624 0.5250	
34.108781 292.060618	6.78e-01  7.85e-01  3.67e+05	-20.4881 85.4912 0.3771	
34.108781 292.060618	5.99e-01  7.29e-01  3.88e+05	-45.7365 60.8057 0.7934	
34.108781 292.060618	3.25e-01  7.93e-01  4.27e+05	4.8158 47.4612 0.2461	
34.108781 292.060618	4.47e-01  8.36e-01  3.96e+05	20.7133 68.2561 0.5980	
34.108781 292.060618	5.04e-01  7.91e-01  3.94e+05	10.7127 71.8152 0.2764	
34.108781 292.060618	3.95e-01  8.99e-01  3.94e+05	0.6545 72.5225 0.7937	
34.108781 292.060618	4.60e-01  7.66e-01  4.06e+05	31.6945 56.2109 0.6565	
34.108781 292.060618	5.23e-01  7.34e-01  4.01e+05	-5.5299 68.2520 0.1303	
34.108781 292.060618	2.86e-01  9.23e-01  4.09e+05	21.5111 58.6549 0.6254	
34.108781 292.060618	5.70e-01  7.70e-01  3.87e+05	-38.6976 66.8027 0.6677	
34.108781 292.060618	5.02e-01  8.93e-01  3.78e+05	-39.6514 72.1304 0.9206	
34.108781 292.060618	6.64e-01  9.10e-01  3.51e+05	1.9456 95.7096 0.5903	
34.108781 292.060618	5.82e-01  9.04e-01  3.64e+05	-21.8693 86.9998 0.8902	
34.108781 292.060618	7.67e-01  8.95e-01  3.40e+05	-15.9277 99.8400 0.0500	
34.108781 292.060618	7.03e-01  7.78e-01  3.65e+05	17.7175 87.4566 0.5773	
34.108781 292.060618	5.65e-01  7.23e-01  3.95e+05	18.0407 69.5225 0.9426	
34.108781 292.060618	3.33e-01  8.65e-01  4.11e+05	20.5628 57.2897 0.5374	
34.108781 292.060618	5.37e-01  7.80e-01  3.90e+05	35.2957 66.0603 0.4432	
34.108781 292.060618	3.48e-01  8.72e-01  4.07e+05	-0.8863 63.7731 0.7727	
34.108781 292.060618	4.00e-01  8.06e-01  4.10e+05	-27.4583 55.5023 0.2325	
34.108781 292.060618	5.33e-01  8.71e-01  3.76e+05	25.2354 79.1813 0.2386	
34.108781 292.060618	4.65e-01  8.13e-01  3.97e+05	27.4937 65.2928 0.8367	
34.108781 292.060618	4.51e-01  8.49e-01  3.93e+05	-1.2459 73.1467 0.3288	
34.108781 292.060618	4.76e-01  7.13e-01  4.13e+05	-11.9594 58.4001 0.2819	
34.108781 292.060618	5.22e-01  6.26e-01  4.21e+05	5.6255 52.9554 0.6059	
34.108781 292.060618	5.15e-01  9.53e-01  3.66e+05	-5.6829 88.0835 0.9655	
34.108781 292.060618	6.38e-01  9.37e-01  3.51e+05	-23.7155 92.8199 0.5323	
34.108781 292.060618	4.04e-01  7.02e-01  4.29e+05	-12.5595 43.7259 0.9632	
34.108781 292.060618	3.65e-01  8.02e-01  4.17e+05	5.7052 55.9680 0.1664	
34.108781 292.060618	6.06e-01  9.04e-01  3.60e+05	-12.8198 90.4460 0.3149	
34.108781 292.060618	4.39e-01  7.10e-01  4.21e+05	13.6856 51.6563 0.5181	
34.108781 292.060618	5.59e-01  8.34e-01  3.78e+05	-17.6147 80.2225 0.7190	
34.108781 292.060618	4.52e-01  9.44e-01  3.77e+05	-7.7161 81.9998 0.1757	
34.108781 292.060618	4.34e-01  7.52e-01  4.14e+05	-9.3117 58.3338 0.2729	
34.108781 292.060618	5.41e-01  8.87e-01  3.72e+05	-42.9651 73.5329 0.3207	
34.108781 292.060618	5.74e-01  6.37e-01  4.09e+05	26.4861 56.7378 0.5800	
34.108781 292.060618	3.88e-01  8.85e-01  3.98e+05	23.8204 66.1436 0.3337	
34.108781 292.060618	5.07e-01  6.96e-01  4.10e+05	28.7429 54.4399 0.3495	
34.108781 292.060618	6.18e-01  9.09e-01  3.58e+05	-27.7687 88.2753 0.4843	
34.108781 292.060618	4.35e-01  8.38e-01  3.98e+05	-21.2441 67.0364 0.6040	
34.108781 292.060618	4.76e-01  7.72e-01  4.02e+05	-12.3795 66.1279 0.4647	
34.108781 292.060618	6.37e-01  7.50e-01  3.79e+05	-9.9358 81.0220 0.2281	
34.108781 292.060618	5.31e-01  8.91e-01  3.73e+05	-19.9593 82.1595 0.7208	
34.108781 292.060618	5.52e-01  7.96e-01  3.85e+05	4.1928 77.9355 0.0266	
34.108781 292.060618	6.42e-01  9.11e-01  3.54e+05	-5.2132 94.2307 0.6752	
34.108781 292.060618	4.57e-01  7.59e-01  4.08e+05	15.0419 61.3944 0.7191	
34.108781 292.060618	7.20e-01  9.36e-01  3.40e+05	9.4900 100.3297 0.5260	
34.108781 292.060618	5.02e-01  9.35e-01  3.71e+05	21.5348 83.0562 0.7307	
34.108781 292.060618	4.71e-01  6.87e-01  4.19e+05	0.5385 54.9343 0.0002	
34.108781 292.060618	6.36e-01  7.15e-01  3.85e+05	-21.5116 75.3205 0.3369	
34.108781 292.060618	5.64e-01  8.10e-01  3.81e+05	21.5405 77.5355 0.2181	
34.108781 292.060618	6.83e-01  8.66e-01  3.55e+05	26.0467 90.4048 0.0167	
34.108781 292.060618	4.13e-01  7.94e-01  4.10e+05	-23.4774 57.4842 0.0593	
34.108781 292.060618	6.29e-01  8.35e-01  3.67e+05	-10.7066 87.3266 0.9001	
34.108781 292.060618	5.55e-01  8.33e-01  3.79e+05	-32.6968 74.8944 0.4430	
34.108781 292.060618	7.24e-01  9.02e-01  3.44e+05	6.6429 98.7437 0.9929	
34.108781 292.060618	4.71e-01  8.49e-01  3.90e+05	-4.1719 75.1954 0.8630	
34.108781 292.060618	4.49e-01  8.38e-01  3.95e+05	-20.7451 68.7679 0.1631	
34.108781 292.060618	4.53e-01  8.65e-01  3.90e+05	-43.5386 61.2272 0.1509	
34.108781 292.060618	5.17e-01  8.86e-01  3.76e+05	-34.5635 75.5692 0.7506	
34.108781 292.060618	6.78e-01  8.45e-01  3.58e+05	-2.8430 92.2151 0.1792	
34.108781 292.060618	6.90e-01  8.60e-01  3.55e+05	4.1930 94.0800 0.7310	
34.108781 292.060618	8.03e-01  8.98e-01  3.35e+05	-36.8517 96.4982 0.2198	
34.108781 292.060618	6.21e-01  6.89e-01  3.91e+05	-2.3247 74.2792 0.0227	
34.108781 292.060618	4.93e-01  8.64e-01  3.84e+05	-1.0175 78.9248 0.8277	
34.108781 292.060618	7.02e-01  8.01e-01  3.61e+05	22.6928 87.9884 0.7609	
34.108781 292.060618	5.41e-01  8.39e-01  3.80e+05	-25.5721 76.9143 0.0336	
34.108781 292.060618	5.03e-01  7.83e-01  3.96e+05	17.0872 69.5884 0.4893	
34.108781 292.060618	4.11e-01  8.70e-01  3.96e+05	11.6117 70.1997 0.7020	
34.108781 292.060618	2.67e-01  9.34e-01  4.11e+05	-19.1351 58.1130 0.8923	
34.108781 292.060618	6.90e-01  8.53e-01  3.56e+05	-17.7595 91.9178 0.8223	
34.108781 292.060618	5.18e-01  8.56e-01  3.81e+05	-27.6273 75.6184 0.2584	
