89.585386 279.822145	6.02e-01  7.01e-01  4.43e+05	-0.0000 71.9069 0.4703	
89.585386 279.822145	6.64e-01  8.13e-01  4.12e+05	-8.8317 86.5329 0.2381	
89.585386 279.822145	5.60e-01  6.70e-01  4.58e+05	39.7263 49.8489 0.5064	
89.585386 279.822145	5.71e-01  8.22e-01  4.27e+05	-12.3560 79.3777 0.0069	
89.585386 279.822145	6.92e-01  8.22e-01  4.06e+05	-54.1975 71.3846 0.7588	
89.585386 279.822145	6.32e-01  9.49e-01  3.96e+05	-32.2176 88.3813 0.1694	
89.585386 279.822145	7.78e-01  8.94e-01  3.82e+05	44.1106 89.0596 0.0945	
89.585386 279.822145	4.38e-01  7.98e-01  4.57e+05	-14.5796 62.8155 0.0027	
89.585386 279.822145	4.23e-01  8.92e-01  4.41e+05	-1.6765 73.0383 0.5170	
89.585386 279.822145	5.20e-01  8.08e-01  4.39e+05	26.8570 69.3239 0.3753	
89.585386 279.822145	4.03e-01  8.39e-01  4.55e+05	9.7277 64.4668 0.2747	
89.585386 279.822145	5.79e-01  8.65e-01  4.18e+05	-29.7948 79.0042 0.1979	
89.585386 279.822145	5.71e-01  9.38e-01  4.07e+05	-14.0914 88.1275 0.3235	
89.585386 279.822145	4.91e-01  8.66e-01  4.33e+05	2.4655 77.1249 0.8820	
89.585386 279.822145	5.22e-01  6.32e-01  4.74e+05	12.9459 51.4298 0.0000	
89.585386 279.822145	8.29e-01  9.28e-01  3.70e+05	9.0596 103.4706 0.1495	
89.585386 279.822145	4.10e-01  9.22e-01  4.38e+05	31.9128 67.6272 0.1665	
89.585386 279.822145	6.14e-01  7.52e-01  4.32e+05	3.6532 77.8614 0.4432	
89.585386 279.822145	6.46e-01  8.01e-01  4.17e+05	24.0941 81.1751 0.0098	
89.585386 279.822145	6.24e-01  8.03e-01  4.21e+05	30.9923 77.1506 0.1512	
89.585386 279.822145	3.99e-01  9.12e-01  4.42e+05	-3.4062 72.5447 0.1773	
89.585386 279.822145	7.32e-01  8.89e-01  3.90e+05	3.7270 96.3952 0.2689	
89.585386 279.822145	5.71e-01  9.64e-01  4.03e+05	3.9890 90.9952 0.7161	
89.585386 279.822145	5.06e-01  8.51e-01  4.33e+05	-43.6620 63.6574 0.3130	
89.585386 279.822145	5.33e-01  7.29e-01  4.51e+05	11.1934 66.5340 0.5632	
89.585386 279.822145	4.67e-01  8.98e-01  4.32e+05	26.9184 73.0581 0.6568	
89.585386 279.822145	5.99e-01  8.92e-01  4.10e+05	-33.0669 81.5346 0.2329	
89.585386 279.822145	5.81e-01  9.15e-01  4.09e+05	7.0118 88.0784 0.7137	
89.585386 279.822145	7.13e-01  8.95e-01  3.92e+05	9.5265 95.2073 0.8005	
89.585386 279.822145	5.58e-01  7.63e-01  4.40e+05	-33.7632 65.4715 0.4358	
89.585386 279.822145	5.15e-01  8.94e-01  4.24e+05	35.4613 73.6183 0.5287	
89.585386 279.822145	6.19e-01  9.07e-01  4.04e+05	-12.5162 89.5769 0.4453	
89.585386 279.822145	5.76e-01  8.38e-01  4.23e+05	-52.8345 62.8503 0.6782	
89.585386 279.822145	5.85e-01  7.68e-01  4.34e+05	1.7581 76.7468 0.8238	
89.585386 279.822145	6.23e-01  9.09e-01  4.03e+05	-11.6797 90.0464 0.9945	
89.585386 279.822145	6.31e-01  9.75e-01  3.92e+05	0.0222 95.6265 0.7831	
89.585386 279.822145	7.47e-01  8.35e-01  3.95e+05	72.8597 59.6031 0.4155	
89.585386 279.822145	5.46e-01  9.01e-01  4.17e+05	11.6380 83.8909 0.9358	
89.585386 279.822145	4.85e-01  7.20e-01  4.63e+05	18.9780 57.4162 0.0824	
89.585386 279.822145	6.07e-01  8.76e-01  4.11e+05	14.2304 86.2930 0.8788	
89.585386 279.822145	5.80e-01  8.09e-01  4.27e+05	24.7256 76.0917 0.1902	
89.585386 279.822145	6.10e-01  8.03e-01  4.23e+05	10.4098 81.3062 0.3073	
89.585386 279.822145	7.60e-01  9.04e-01  3.83e+05	19.2898 97.0505 0.7220	
89.585386 279.822145	7.02e-01  7.20e-01  4.22e+05	28.7168 77.5941 0.5202	
89.585386 279.822145	5.36e-01  8.03e-01  4.37e+05	0.1316 75.4465 0.2765	
89.585386 279.822145	7.22e-01  8.03e-01  4.04e+05	-24.3253 87.0708 0.0799	
89.585386 279.822145	5.72e-01  8.68e-01  4.19e+05	16.2878 82.5554 0.9899	
89.585386 279.822145	4.57e-01  8.39e-01  4.45e+05	-16.5675 69.2838 0.0086	
89.585386 279.822145	6.98e-01  7.97e-01  4.09e+05	37.7631 79.7986 0.1179	
89.585386 279.822145	5.27e-01  8.40e-01  4.32e+05	35.6640 69.4084 0.8097	
89.585386 279.822145	5.86e-01  9.55e-01  4.02e+05	23.8437 88.2992 0.6343	
89.585386 279.822145	5.94e-01  9.24e-01  4.06e+05	-15.1264 88.6045 0.2862	
89.585386 279.822145	4.83e-01  8.08e-01  4.46e+05	-25.3367 65.9418 0.5103	
89.585386 279.822145	6.43e-01  7.83e-01  4.21e+05	-27.0105 78.4753 0.3796	
89.585386 279.822145	5.09e-01  9.18e-01  4.21e+05	17.6911 81.2465 0.8814	
89.585386 279.822145	6.34e-01  9.10e-01  4.01e+05	11.5607 90.9113 0.4113	
89.585386 279.822145	6.03e-01  9.29e-01  4.03e+05	24.4712 87.4704 0.5621	
89.585386 279.822145	6.17e-01  8.30e-01  4.17e+05	-18.2548 82.7090 0.7871	
89.585386 279.822145	6.33e-01  8.16e-01  4.17e+05	-53.8579 65.5573 0.3381	
89.585386 279.822145	5.74e-01  8.79e-01  4.16e+05	-26.9665 80.8162 0.1197	
89.585386 279.822145	5.18e-01  8.04e-01  4.40e+05	16.8081 71.8765 0.4406	
89.585386 279.822145	3.47e-01  8.80e-01  4.59e+05	23.2729 58.7967 0.6470	
89.585386 279.822145	7.30e-01  9.24e-01  3.85e+05	-15.4878 97.2025 0.5059	
89.585386 279.822145	6.24e-01  7.04e-01  4.39e+05	-22.7583 70.7847 0.3391	
89.585386 279.822145	5.34e-01  7.75e-01  4.42e+05	9.8779 71.8823 0.1136	
89.585386 279.822145	3.64e-01  8.82e-01  4.55e+05	33.3175 56.6137 0.4494	
89.585386 279.822145	6.27e-01  8.10e-01  4.19e+05	-17.9935 81.9693 0.5525	
89.585386 279.822145	5.83e-01  7.23e-01  4.43e+05	22.4065 68.6028 0.6442	
89.585386 279.822145	5.94e-01  6.94e-01  4.46e+05	-18.9417 67.6919 0.3765	
89.585386 279.822145	5.48e-01  8.83e-01  4.20e+05	26.6305 79.0211 0.0082	
89.585386 279.822145	7.91e-01  8.69e-01  3.84e+05	9.8762 98.2276 0.3989	
89.585386 279.822145	4.82e-01  6.97e-01  4.69e+05	-2.3949 56.7829 0.1187	
89.585386 279.822145	5.51e-01  8.43e-01  4.27e+05	2.0633 80.3964 0.4369	
89.585386 279.822145	5.38e-01  9.44e-01  4.12e+05	-21.9974 84.4684 0.5869	
89.585386 279.822145	5.17e-01  9.12e-01  4.20e+05	-36.2551 74.9873 0.8729	
89.585386 279.822145	6.53e-01  8.26e-01  4.12e+05	-18.8939 85.0093 0.7187	
89.585386 279.822145	4.09e-01  9.44e-01  4.34e+05	9.8338 76.1361 0.1491	
89.585386 279.822145	5.47e-01  9.04e-01  4.17e+05	-9.5113 84.4596 0.5870	
89.585386 279.822145	6.54e-01  7.42e-01  4.26e+05	-24.3344 76.8088 0.5467	
89.585386 279.822145	7.43e-01  9.09e-01  3.85e+05	-16.7744 96.8379 0.1102	
89.585386 279.822145	6.79e-01  9.17e-01  3.93e+05	18.6775 93.1537 0.6822	
89.585386 279.822145	5.33e-01  7.88e-01  4.40e+05	-21.5339 70.5588 0.7885	
89.585386 279.822145	5.67e-01  7.05e-01  4.50e+05	-0.2908 68.4961 0.1886	
89.585386 279.822145	5.59e-01  8.99e-01  4.16e+05	-24.1865 82.0144 0.0317	
89.585386 279.822145	5.04e-01  8.52e-01  4.33e+05	-9.3840 76.4959 0.9886	
89.585386 279.822145	4.81e-01  8.82e-01  4.32e+05	11.8554 76.7517 0.7279	
89.585386 279.822145	6.30e-01  8.68e-01  4.09e+05	2.4446 88.4722 0.8692	
89.585386 279.822145	5.88e-01  7.49e-01  4.37e+05	-7.9523 74.8211 0.3113	
89.585386 279.822145	6.99e-01  9.19e-01  3.90e+05	-25.6534 92.8333 0.6900	
89.585386 279.822145	5.49e-01  8.68e-01  4.23e+05	-16.0977 80.6967 0.2686	
89.585386 279.822145	3.78e-01  9.02e-01  4.48e+05	-18.5215 66.9491 0.1134	
89.585386 279.822145	5.88e-01  8.26e-01  4.23e+05	11.9090 81.2245 0.4411	
89.585386 279.822145	6.00e-01  8.41e-01  4.18e+05	16.9463 82.5261 0.4453	
89.585386 279.822145	5.86e-01  6.59e-01  4.55e+05	5.9695 65.1478 0.6022	
89.585386 279.822145	6.91e-01  8.04e-01  4.09e+05	44.9629 75.9530 0.4717	
89.585386 279.822145	5.63e-01  8.58e-01  4.22e+05	26.2775 78.3417 0.3762	
89.585386 279.822145	6.55e-01  8.64e-01  4.05e+05	-18.9992 87.9198 0.3446	
89.585386 279.822145	5.29e-01  7.47e-01  4.49e+05	20.8379 65.7136 0.8096	
89.585386 279.822145	8.34e-01  9.30e-01  3.70e+05	-27.1427 100.5954 0.4867	
89.585386 279.822145	5.97e-01  8.97e-01  4.10e+05	15.8327 86.7754 0.0225	
89.585386 279.822145	6.37e-01  8.39e-01  4.12e+05	35.2960 79.4336 0.2087	
89.585386 279.822145	5.68e-01  8.10e-01  4.29e+05	3.8952 78.9573 0.1572	
89.585386 279.822145	5.95e-01  8.17e-01  4.23e+05	-26.2950 77.5773 0.7044	
89.585386 279.822145	6.47e-01  7.27e-01  4.30e+05	9.5106 78.0782 0.1482	
89.585386 279.822145	3.06e-01  9.10e-01  4.61e+05	-14.4515 60.1804 0.8821	
89.585386 279.822145	6.15e-01  6.92e-01  4.43e+05	1.5827 72.2539 0.1092	
89.585386 279.822145	6.27e-01  9.82e-01  3.92e+05	16.4611 94.3043 0.9235	
89.585386 279.822145	4.89e-01  8.65e-01  4.34e+05	-15.4847 75.2041 0.7697	
89.585386 279.822145	5.28e-01  8.48e-01  4.30e+05	0.1733 78.8571 0.1916	
89.585386 279.822145	6.62e-01  8.05e-01  4.14e+05	21.6585 83.4728 0.0735	
89.585386 279.822145	6.29e-01  7.99e-01  4.21e+05	24.3832 79.5278 0.7519	
89.585386 279.822145	6.87e-01  9.45e-01  3.88e+05	-2.4404 97.0720 0.6607	
89.585386 279.822145	7.73e-01  8.48e-01  3.90e+05	23.5986 93.5593 0.7127	
89.585386 279.822145	4.49e-01  8.71e-01  4.40e+05	4.0895 73.4913 0.4479	
89.585386 279.822145	6.57e-01  7.21e-01  4.30e+05	12.4478 78.0043 0.9188	
89.585386 279.822145	5.16e-01  7.69e-01  4.47e+05	9.2954 69.3332 0.2888	
89.585386 279.822145	7.84e-01  8.99e-01  3.81e+05	24.3906 96.9341 0.6995	
89.585386 279.822145	8.03e-01  9.36e-01  3.73e+05	-14.5493 101.9099 0.0024	
89.585386 279.822145	7.78e-01  8.61e-01  3.87e+05	10.9086 96.8797 0.1954	
89.585386 279.822145	6.20e-01  7.62e-01  4.29e+05	-14.4130 78.1322 0.7852	
89.585386 279.822145	5.00e-01  8.86e-01  4.28e+05	-8.6630 79.2728 0.3935	
89.585386 279.822145	3.48e-01  7.86e-01  4.79e+05	-0.9025 49.5707 0.9618	
89.585386 279.822145	6.10e-01  9.59e-01  3.98e+05	-13.9946 92.2301 0.3584	
89.585386 279.822145	5.44e-01  9.54e-01  4.09e+05	18.5115 86.4907 0.8648	
89.585386 279.822145	5.55e-01  7.49e-01  4.43e+05	-3.6203 71.9383 0.2480	
89.585386 279.822145	5.53e-01  8.79e-01  4.20e+05	-14.3572 82.2770 0.9601	
89.585386 279.822145	4.42e-01  6.99e-01  4.77e+05	9.8228 49.8955 0.7699	
89.585386 279.822145	5.50e-01  8.81e-01  4.20e+05	0.1216 83.5029 0.0189	
89.585386 279.822145	4.94e-01  9.22e-01  4.23e+05	-1.8709 82.2148 0.6412	
89.585386 279.822145	6.00e-01  8.02e-01  4.25e+05	-23.1370 77.7027 0.8456	
89.585386 279.822145	5.59e-01  6.48e-01  4.63e+05	-2.8813 60.5756 0.9249	
89.585386 279.822145	4.37e-01  8.45e-01  4.48e+05	-10.3491 68.8786 0.8576	
89.585386 279.822145	5.94e-01  7.47e-01  4.36e+05	11.0309 74.8431 0.1999	
89.585386 279.822145	6.29e-01  8.04e-01  4.20e+05	-20.0789 81.2121 0.7044	
89.585386 279.822145	6.64e-01  8.36e-01  4.09e+05	-34.4634 81.6703 0.6818	
89.585386 279.822145	6.45e-01  7.71e-01  4.23e+05	-2.4976 82.1605 0.0404	
89.585386 279.822145	7.32e-01  8.99e-01  3.88e+05	-27.7422 93.0173 0.9076	
89.585386 279.822145	4.65e-01  8.58e-01  4.40e+05	-0.4296 73.9148 0.5694	
89.585386 279.822145	5.07e-01  8.55e-01  4.32e+05	-2.1876 77.5679 0.9260	
89.585386 279.822145	4.99e-01  9.19e-01  4.22e+05	-6.5915 82.0991 0.1653	
89.585386 279.822145	5.98e-01  8.19e-01  4.23e+05	6.8725 82.0530 0.7985	
89.585386 279.822145	7.22e-01  8.85e-01  3.92e+05	-34.9525 89.0620 0.5985	
89.585386 279.822145	5.43e-01  9.10e-01  4.16e+05	12.7167 84.2038 0.1860	
89.585386 279.822145	5.21e-01  7.90e-01  4.42e+05	-20.7136 69.7263 0.8542	
89.585386 279.822145	5.24e-01  6.76e-01  4.64e+05	8.1345 59.2623 0.7235	
89.585386 279.822145	3.74e-01  8.21e-01  4.65e+05	12.8870 57.6542 0.7514	
89.585386 279.822145	7.15e-01  8.58e-01  3.97e+05	7.3650 93.2597 0.0938	
89.585386 279.822145	5.19e-01  7.65e-01  4.47e+05	9.0858 69.2871 0.1923	
89.585386 279.822145	6.01e-01  8.32e-01  4.20e+05	-13.6564 82.4757 0.5661	
89.585386 279.822145	4.59e-01  8.18e-01  4.48e+05	-13.1181 67.9439 0.1747	
89.585386 279.822145	5.05e-01  7.58e-01  4.51e+05	-0.9707 67.5724 0.8337	
89.585386 279.822145	4.16e-01  7.89e-01  4.63e+05	-2.4146 60.4228 0.5393	
89.585386 279.822145	5.20e-01  6.87e-01  4.63e+05	33.7890 50.5014 0.7109	
89.585386 279.822145	5.73e-01  8.55e-01  4.21e+05	-38.3932 73.8130 0.4547	
89.585386 279.822145	5.43e-01  6.77e-01  4.60e+05	-4.7634 62.1883 0.2188	
89.585386 279.822145	6.15e-01  7.42e-01  4.33e+05	45.8306 62.0056 0.2984	
89.585386 279.822145	6.45e-01  8.81e-01  4.04e+05	16.0953 88.9555 0.5050	
89.585386 279.822145	5.64e-01  7.65e-01  4.39e+05	-13.8835 73.1923 0.5504	
89.585386 279.822145	5.55e-01  7.64e-01  4.40e+05	41.1660 60.9880 0.2512	
89.585386 279.822145	6.46e-01  7.50e-01  4.26e+05	-4.8354 80.4832 0.7597	
89.585386 279.822145	4.05e-01  8.01e-01  4.63e+05	16.9674 58.1687 0.4368	
89.585386 279.822145	6.94e-01  7.97e-01  4.10e+05	59.0671 65.1561 0.2187	
89.585386 279.822145	5.73e-01  8.61e-01  4.20e+05	-15.0771 82.3130 0.0284	
89.585386 279.822145	4.07e-01  8.28e-01  4.57e+05	26.0067 58.6994 0.3937	
89.585386 279.822145	3.67e-01  7.50e-01  4.83e+05	-2.6541 46.3634 0.0205	
89.585386 279.822145	7.30e-01  8.58e-01  3.95e+05	33.5169 88.3154 0.8805	
89.585386 279.822145	7.04e-01  8.56e-01  3.99e+05	14.0106 91.6183 0.4797	
89.585386 279.822145	6.33e-01  7.79e-01  4.24e+05	2.8108 81.8044 0.3670	
89.585386 279.822145	2.71e-01  9.38e-01  4.62e+05	-10.7926 59.9864 0.2062	
89.585386 279.822145	6.15e-01  9.14e-01  4.04e+05	25.2853 87.1096 0.7266	
89.585386 279.822145	7.88e-01  9.46e-01  3.74e+05	-18.4919 100.9959 0.1110	
89.585386 279.822145	5.99e-01  9.37e-01  4.03e+05	-15.8925 89.7139 0.0296	
89.585386 279.822145	7.20e-01  8.94e-01  3.91e+05	-2.0611 96.0431 0.3870	
89.585386 279.822145	5.32e-01  7.06e-01  4.57e+05	-10.6829 63.6303 0.5489	
89.585386 279.822145	4.94e-01  7.75e-01  4.50e+05	-12.7242 66.9836 0.5309	
89.585386 279.822145	5.04e-01  8.00e-01  4.43e+05	-2.3927 71.9240 0.7885	
89.585386 279.822145	5.17e-01  8.85e-01  4.25e+05	13.1994 80.0565 0.8310	
89.585386 279.822145	7.80e-01  9.39e-01  3.76e+05	38.6976 94.2751 0.7998	
89.585386 279.822145	5.92e-01  6.66e-01  4.52e+05	-9.1397 66.4009 0.8797	
89.585386 279.822145	6.33e-01  7.58e-01  4.27e+05	1.6635 80.1223 0.9347	
89.585386 279.822145	7.41e-01  8.24e-01  3.98e+05	4.4569 92.8814 0.2929	
89.585386 279.822145	7.42e-01  8.90e-01  3.88e+05	-25.3014 93.7352 0.3479	
89.585386 279.822145	5.32e-01  7.58e-01  4.46e+05	-20.5523 67.5384 0.2501	
89.585386 279.822145	7.15e-01  8.90e-01  3.92e+05	6.8222 95.2537 0.3229	
89.585386 279.822145	7.15e-01  8.66e-01  3.96e+05	13.0759 93.1165 0.9650	
89.585386 279.822145	5.77e-01  6.60e-01  4.57e+05	1.3320 64.4834 0.3327	
89.585386 279.822145	6.23e-01  8.37e-01  4.15e+05	-18.4112 83.6867 0.5963	
89.585386 279.822145	6.51e-01  8.59e-01  4.07e+05	-40.3513 79.7239 0.3823	
89.585386 279.822145	5.95e-01  7.17e-01  4.42e+05	-2.8784 72.7434 0.1660	
89.585386 279.822145	6.03e-01  9.83e-01  3.95e+05	21.8462 91.7943 0.2479	
89.585386 279.822145	5.04e-01  6.48e-01  4.74e+05	-16.3063 50.1745 0.5103	
89.585386 279.822145	7.01e-01  8.36e-01  4.03e+05	16.2090 89.6902 0.5835	
89.585386 279.822145	5.92e-01  8.31e-01  4.22e+05	-18.4084 80.7078 0.4867	
89.585386 279.822145	6.43e-01  8.50e-01  4.10e+05	13.2663 87.1342 0.1642	
89.585386 279.822145	5.33e-01  9.76e-01  4.07e+05	13.7543 88.2101 0.8432	
89.585386 279.822145	5.38e-01  7.31e-01  4.50e+05	27.6872 62.3676 0.2837	
89.585386 279.822145	6.23e-01  8.87e-01  4.07e+05	-52.2188 72.4769 0.3076	
89.585386 279.822145	6.43e-01  9.13e-01  4.00e+05	-1.6664 92.3986 0.3513	
89.585386 279.822145	4.76e-01  8.15e-01  4.46e+05	11.7651 69.6764 0.6655	
89.585386 279.822145	6.88e-01  8.84e-01  3.97e+05	-14.6008 92.3390 0.4432	
89.585386 279.822145	6.30e-01  7.31e-01  4.33e+05	-10.9008 76.7101 0.0097	
89.585386 279.822145	4.41e-01  9.37e-01  4.30e+05	-0.1605 78.9838 0.6705	
89.585386 279.822145	5.05e-01  7.83e-01  4.46e+05	-26.9657 64.9437 0.8537	
89.585386 279.822145	5.56e-01  7.03e-01  4.52e+05	-0.8954 67.1270 0.7074	
89.585386 279.822145	4.48e-01  6.82e-01  4.80e+05	-0.2515 48.8183 0.6423	
89.585386 279.822145	5.71e-01  9.55e-01  4.04e+05	-40.0725 81.0815 0.0239	
89.585386 279.822145	5.77e-01  9.05e-01  4.11e+05	-12.4424 86.4749 0.8813	
89.585386 279.822145	5.94e-01  8.33e-01  4.21e+05	-47.7448 68.0802 0.6247	
89.585386 279.822145	5.50e-01  6.34e-01  4.68e+05	-19.3395 54.1340 0.8881	
89.585386 279.822145	6.92e-01  9.37e-01  3.88e+05	16.2116 95.6215 0.0052	
89.585386 279.822145	8.72e-01  9.18e-01  3.66e+05	14.6874 104.4174 0.0058	
89.585386 279.822145	4.80e-01  7.39e-01  4.60e+05	13.5877 60.6704 0.9556	
89.585386 279.822145	4.51e-01  9.70e-01  4.22e+05	-35.6224 74.5287 0.7102	
89.585386 279.822145	4.61e-01  8.78e-01  4.37e+05	-12.0829 74.5125 0.8974	
89.585386 279.822145	4.91e-01  9.28e-01  4.22e+05	-1.2448 82.4686 0.0176	
89.585386 279.822145	4.34e-01  9.34e-01  4.31e+05	-3.6145 78.0053 0.5983	
89.585386 279.822145	5.31e-01  8.24e-01  4.34e+05	13.6699 75.7164 0.2062	
89.585386 279.822145	5.91e-01  8.51e-01  4.18e+05	23.5379 80.9843 0.7040	
89.585386 279.822145	6.31e-01  7.79e-01  4.24e+05	24.0982 78.0802 0.1797	
89.585386 279.822145	4.58e-01  8.89e-01  4.35e+05	24.5054 72.1548 0.8500	
89.585386 279.822145	6.41e-01  7.61e-01  4.25e+05	36.3487 72.4373 0.5423	
89.585386 279.822145	6.36e-01  7.73e-01  4.24e+05	29.5787 76.1340 0.8009	
89.585386 279.822145	8.36e-01  8.67e-01  3.78e+05	0.9508 101.0787 0.0702	
89.585386 279.822145	5.33e-01  7.98e-01  4.38e+05	18.4970 72.3373 0.1402	
89.585386 279.822145	5.51e-01  7.30e-01  4.48e+05	25.9292 64.5289 0.8466	
89.585386 279.822145	6.94e-01  9.08e-01  3.92e+05	6.1883 95.1784 0.6804	
89.585386 279.822145	5.52e-01  8.96e-01  4.17e+05	12.2787 83.8689 0.9439	
89.585386 279.822145	7.21e-01  7.93e-01  4.06e+05	3.8820 89.5658 0.2818	
89.585386 279.822145	6.91e-01  9.06e-01  3.93e+05	-3.8110 94.9789 0.2445	
89.585386 279.822145	6.59e-01  8.22e-01  4.12e+05	-19.3887 85.0340 0.3380	
89.585386 279.822145	7.80e-01  8.17e-01  3.93e+05	19.2357 93.0426 0.4524	
89.585386 279.822145	5.45e-01  7.53e-01  4.45e+05	5.6772 71.0896 0.1162	
89.585386 279.822145	6.87e-01  9.26e-01  3.91e+05	24.8135 92.7377 0.8774	
89.585386 279.822145	6.34e-01  7.78e-01  4.24e+05	3.1920 81.7798 0.1209	
89.585386 279.822145	6.59e-01  7.65e-01  4.21e+05	-8.2269 82.4757 0.2992	
89.585386 279.822145	5.26e-01  8.63e-01  4.28e+05	36.7599 71.0050 0.5848	
89.585386 279.822145	7.48e-01  8.91e-01  3.87e+05	-13.4803 96.6059 0.8112	
89.585386 279.822145	7.55e-01  8.10e-01  3.98e+05	26.6631 89.1163 0.9703	
89.585386 279.822145	6.86e-01  8.17e-01  4.08e+05	40.5634 79.0089 0.2958	
89.585386 279.822145	4.25e-01  9.33e-01  4.33e+05	12.1879 76.2984 0.3038	
89.585386 279.822145	5.45e-01  8.53e-01  4.26e+05	30.2734 74.8926 0.5316	
89.585386 279.822145	5.54e-01  8.40e-01  4.27e+05	-3.7570 80.3185 0.4927	
89.585386 279.822145	5.68e-01  8.32e-01  4.26e+05	28.1728 75.8796 0.2954	
89.585386 279.822145	5.65e-01  8.58e-01  4.21e+05	-32.5029 76.1775 0.6256	
89.585386 279.822145	5.84e-01  8.30e-01  4.23e+05	27.4861 77.3591 0.6150	
89.585386 279.822145	6.04e-01  7.99e-01  4.25e+05	20.7575 78.5119 0.6551	
89.585386 279.822145	4.94e-01  8.95e-01  4.28e+05	17.7530 77.9748 0.7449	
89.585386 279.822145	8.01e-01  8.50e-01  3.85e+05	-29.2395 93.7344 0.4142	
89.585386 279.822145	5.45e-01  7.51e-01  4.45e+05	21.8735 67.7728 0.9896	
89.585386 279.822145	6.48e-01  8.33e-01  4.12e+05	4.2095 87.1786 0.7460	
89.585386 279.822145	8.28e-01  8.55e-01  3.81e+05	-39.7561 91.7578 0.4302	
89.585386 279.822145	5.63e-01  7.70e-01  4.38e+05	-16.1826 73.1386 0.5276	
89.585386 279.822145	6.22e-01  8.80e-01  4.08e+05	13.4774 87.7109 0.5590	
89.585386 279.822145	7.68e-01  8.36e-01  3.92e+05	13.0691 94.5157 0.0221	
89.585386 279.822145	4.38e-01  8.01e-01  4.56e+05	-1.8255 64.8007 0.1082	
89.585386 279.822145	6.27e-01  9.00e-01  4.04e+05	21.5123 87.9208 0.5806	
89.585386 279.822145	5.24e-01  7.16e-01  4.56e+05	-7.5439 64.3769 0.4649	
89.585386 279.822145	4.84e-01  6.44e-01  4.80e+05	-21.9609 43.4290 0.0803	
89.585386 279.822145	4.64e-01  8.01e-01  4.51e+05	-13.7322 66.4306 0.5656	
89.585386 279.822145	6.53e-01  7.80e-01  4.20e+05	-36.6514 75.1343 0.3265	
89.585386 279.822145	4.70e-01  7.07e-01  4.69e+05	13.8846 54.6734 0.3740	
89.585386 279.822145	5.99e-01  6.35e-01  4.57e+05	20.3232 60.8491 0.3141	
89.585386 279.822145	6.30e-01  8.84e-01  4.06e+05	13.6083 88.5758 0.5848	
89.585386 279.822145	6.09e-01  6.91e-01  4.44e+05	5.3479 71.3558 0.3119	
89.585386 279.822145	4.97e-01  7.66e-01  4.51e+05	0.2763 67.5879 0.1310	
89.585386 279.822145	5.38e-01  8.16e-01  4.34e+05	42.0554 64.3651 0.7198	
89.585386 279.822145	6.25e-01  7.99e-01  4.21e+05	-43.7663 70.3684 0.2697	
89.585386 279.822145	7.34e-01  8.81e-01  3.91e+05	38.8795 87.8502 0.9304	
89.585386 279.822145	3.80e-01  7.26e-01  4.85e+05	-6.8770 43.9563 0.9071	
89.585386 279.822145	7.32e-01  8.47e-01  3.96e+05	11.4927 93.1880 0.1754	
89.585386 279.822145	6.36e-01  7.41e-01  4.30e+05	-24.5154 74.9630 0.8542	
89.585386 279.822145	6.40e-01  8.28e-01  4.14e+05	44.4853 73.9665 0.7869	
89.585386 279.822145	6.13e-01  8.13e-01  4.21e+05	-38.1425 73.7903 0.9602	
89.585386 279.822145	4.86e-01  8.55e-01  4.36e+05	24.3514 71.6412 0.1141	
89.585386 279.822145	7.84e-01  8.98e-01  3.81e+05	-3.4467 99.9080 0.0127	
89.585386 279.822145	6.33e-01  7.99e-01  4.20e+05	10.3474 82.8927 0.6093	
89.585386 279.822145	5.32e-01  7.96e-01  4.39e+05	-11.4620 73.5026 0.2441	
89.585386 279.822145	4.07e-01  9.15e-01  4.40e+05	-33.6208 65.6387 0.8432	
89.585386 279.822145	6.98e-01  8.76e-01  3.97e+05	18.5883 91.7308 0.7090	
89.585386 279.822145	4.23e-01  7.85e-01  4.63e+05	-17.9413 58.0902 0.6569	
89.585386 279.822145	5.74e-01  8.82e-01  4.16e+05	16.8909 83.6874 0.2677	
89.585386 279.822145	7.40e-01  9.34e-01  3.82e+05	-23.0372 96.8188 0.4079	
89.585386 279.822145	6.30e-01  7.72e-01  4.25e+05	-11.8074 80.2279 0.1278	
89.585386 279.822145	8.33e-01  9.05e-01  3.73e+05	-9.5367 102.4871 0.2720	
89.585386 279.822145	7.54e-01  8.63e-01  3.90e+05	27.7270 92.1269 0.5651	
89.585386 279.822145	6.86e-01  8.02e-01  4.10e+05	39.6367 78.3592 0.4817	
89.585386 279.822145	7.96e-01  9.77e-01  3.68e+05	-43.7199 95.0508 0.8774	
89.585386 279.822145	4.17e-01  8.29e-01  4.55e+05	-11.4587 64.6436 0.3435	
89.585386 279.822145	5.95e-01  7.81e-01  4.30e+05	11.1580 78.1185 0.4248	
89.585386 279.822145	5.78e-01  7.36e-01  4.41e+05	11.9589 71.9600 0.1512	
89.585386 279.822145	6.93e-01  7.93e-01  4.11e+05	-2.3651 87.5704 0.7152	
89.585386 279.822145	6.27e-01  8.14e-01  4.18e+05	33.2538 77.4187 0.8152	
89.585386 279.822145	5.28e-01  8.17e-01  4.35e+05	26.5149 71.2698 0.6005	
89.585386 279.822145	6.08e-01  8.36e-01  4.18e+05	-9.3160 83.9225 0.0232	
89.585386 279.822145	7.14e-01  8.29e-01  4.01e+05	8.4099 91.2618 0.7639	
89.585386 279.822145	5.39e-01  7.36e-01  4.49e+05	7.0830 68.5536 0.4257	
89.585386 279.822145	4.75e-01  9.24e-01  4.26e+05	-15.8096 79.2481 0.1695	
89.585386 279.822145	6.14e-01  8.41e-01  4.16e+05	12.9931 84.3056 0.7122	
89.585386 279.822145	6.00e-01  8.06e-01  4.24e+05	-45.1180 67.7898 0.0056	
89.585386 279.822145	6.50e-01  8.20e-01  4.14e+05	-36.8572 78.1732 0.4841	
89.585386 279.822145	5.04e-01  7.82e-01  4.47e+05	6.6364 69.8000 0.4678	
89.585386 279.822145	6.31e-01  9.72e-01  3.92e+05	14.1118 94.3431 0.8303	
89.585386 279.822145	6.27e-01  8.49e-01  4.12e+05	42.1025 76.0322 0.6083	
89.585386 279.822145	6.21e-01  8.43e-01  4.14e+05	16.6445 84.4130 0.6627	
89.585386 279.822145	5.73e-01  7.63e-01  4.37e+05	-0.5451 75.1507 0.9143	
89.585386 279.822145	5.82e-01  9.23e-01  4.08e+05	-11.3752 88.2541 0.7777	
89.585386 279.822145	6.18e-01  7.74e-01  4.27e+05	-12.3787 79.2263 0.7038	
89.585386 279.822145	4.74e-01  6.53e-01  4.80e+05	-0.6782 48.4566 0.1472	
89.585386 279.822145	4.59e-01  8.58e-01  4.41e+05	-32.1303 65.8927 0.3802	
89.585386 279.822145	5.72e-01  8.98e-01  4.14e+05	-23.0391 83.2930 0.8762	
89.585386 279.822145	4.47e-01  7.51e-01  4.65e+05	8.2250 58.9345 0.3324	
89.585386 279.822145	4.95e-01  8.56e-01  4.34e+05	-4.1920 76.4609 0.3898	
89.585386 279.822145	5.47e-01  7.72e-01  4.41e+05	5.2925 73.2565 0.3390	
89.585386 279.822145	4.44e-01  9.13e-01  4.33e+05	-16.5856 75.3758 0.4072	
89.585386 279.822145	6.45e-01  8.94e-01  4.02e+05	-39.5068 82.3491 0.4942	
89.585386 279.822145	5.92e-01  6.53e-01  4.55e+05	-14.0029 63.9587 0.7475	
89.585386 279.822145	6.98e-01  8.26e-01  4.05e+05	-40.2153 80.8205 0.7642	
89.585386 279.822145	7.78e-01  8.94e-01  3.82e+05	-7.2446 99.1507 0.2996	
89.585386 279.822145	5.83e-01  8.77e-01  4.15e+05	-39.0615 76.2839 0.5154	
89.585386 279.822145	5.78e-01  5.91e-01  4.71e+05	41.8749 36.1911 0.8672	
89.585386 279.822145	5.39e-01  7.79e-01  4.41e+05	-2.4053 73.3965 0.2929	
89.585386 279.822145	5.38e-01  7.72e-01  4.42e+05	-4.2544 72.4444 0.7095	
89.585386 279.822145	6.42e-01  8.76e-01  4.06e+05	-36.6407 82.0659 0.2826	
89.585386 279.822145	5.42e-01  8.01e-01  4.36e+05	-31.9040 68.8521 0.7684	
89.585386 279.822145	7.09e-01  8.01e-01  4.07e+05	50.6133 73.6594 0.6323	
89.585386 279.822145	5.82e-01  7.51e-01  4.38e+05	18.4271 72.5321 0.2239	
89.585386 279.822145	4.48e-01  8.37e-01  4.47e+05	-14.9863 68.3669 0.0656	
89.585386 279.822145	5.58e-01  8.37e-01  4.27e+05	7.0915 80.1450 0.3595	
89.585386 279.822145	7.13e-01  8.26e-01  4.02e+05	-29.6420 86.3334 0.3366	
89.585386 279.822145	4.77e-01  8.13e-01  4.46e+05	39.7935 58.2437 0.8785	
89.585386 279.822145	6.72e-01  8.27e-01  4.09e+05	63.5397 61.7213 0.7139	
89.585386 279.822145	4.07e-01  7.53e-01  4.73e+05	-0.1637 54.0435 0.1365	
89.585386 279.822145	5.56e-01  7.02e-01  4.52e+05	-24.8166 62.1500 0.4937	
89.585386 279.822145	7.99e-01  9.38e-01  3.73e+05	-7.3976 102.5671 0.1529	
89.585386 279.822145	6.91e-01  8.20e-01  4.07e+05	4.5363 89.3327 0.9393	
89.585386 279.822145	5.96e-01  9.30e-01  4.04e+05	-1.3830 90.4758 0.1699	
89.585386 279.822145	4.68e-01  8.13e-01  4.48e+05	-23.3911 65.5048 0.3207	
89.585386 279.822145	6.43e-01  8.88e-01  4.03e+05	9.5917 90.3057 0.0205	
89.585386 279.822145	6.11e-01  8.13e-01  4.21e+05	-20.2557 80.3583 0.4514	
89.585386 279.822145	5.26e-01  8.59e-01  4.28e+05	-20.0821 77.0852 0.9421	
89.585386 279.822145	6.01e-01  9.32e-01  4.03e+05	14.5035 89.7579 0.8247	
89.585386 279.822145	6.33e-01  7.65e-01  4.26e+05	-4.4946 80.5931 0.6258	
89.585386 279.822145	6.42e-01  9.20e-01  3.99e+05	6.1195 92.5973 0.2222	
89.585386 279.822145	5.25e-01  6.38e-01  4.72e+05	3.1266 54.1914 0.7992	
89.585386 279.822145	7.95e-01  9.81e-01  3.68e+05	39.5533 97.0431 0.6633	
89.585386 279.822145	5.28e-01  7.39e-01  4.51e+05	-16.9080 65.8864 0.6810	
89.585386 279.822145	6.12e-01  9.18e-01  4.04e+05	-15.4664 89.4193 0.6350	
89.585386 279.822145	6.85e-01  8.85e-01  3.98e+05	22.1033 90.6431 0.8911	
89.585386 279.822145	5.33e-01  8.73e-01  4.24e+05	12.9830 80.3837 0.5617	
89.585386 279.822145	7.49e-01  8.89e-01  3.87e+05	0.0907 97.4359 0.1619	
89.585386 279.822145	4.52e-01  8.98e-01  4.35e+05	-29.2407 70.7013 0.0061	
89.585386 279.822145	5.39e-01  6.76e-01  4.61e+05	8.9363 61.0807 0.9046	
89.585386 279.822145	7.08e-01  9.49e-01  3.84e+05	31.7583 93.3050 0.6664	
89.585386 279.822145	4.75e-01  9.02e-01  4.30e+05	-20.8117 76.1473 0.5303	
89.585386 279.822145	6.85e-01  8.32e-01  4.06e+05	-7.2794 89.4689 0.6511	
89.585386 279.822145	6.13e-01  8.30e-01  4.18e+05	-17.5742 82.5461 0.6689	
89.585386 279.822145	6.46e-01  8.57e-01  4.08e+05	29.7093 83.7930 0.5969	
89.585386 279.822145	6.17e-01  9.44e-01  3.99e+05	-34.6342 86.0699 0.1776	
89.585386 279.822145	6.13e-01  6.74e-01  4.46e+05	-34.9899 60.9610 0.6423	
89.585386 279.822145	6.31e-01  6.91e-01  4.40e+05	-12.7150 72.6549 0.7802	
89.585386 279.822145	4.70e-01  7.61e-01  4.58e+05	-42.3895 47.5050 0.8898	
89.585386 279.822145	6.88e-01  8.10e-01  4.09e+05	-3.3446 88.4604 0.2335	
89.585386 279.822145	5.56e-01  8.87e-01  4.18e+05	-18.6478 82.2942 0.8259	
89.585386 279.822145	5.56e-01  7.82e-01  4.37e+05	-22.3929 71.9546 0.8711	
89.585386 279.822145	5.72e-01  9.16e-01  4.11e+05	-30.3462 82.3347 0.4242	
89.585386 279.822145	7.85e-01  9.61e-01  3.72e+05	16.4272 101.9778 0.8158	
89.585386 279.822145	6.74e-01  7.33e-01  4.24e+05	-7.6430 81.1299 0.6682	
89.585386 279.822145	6.19e-01  7.77e-01  4.26e+05	16.4502 78.8961 0.9914	
89.585386 279.822145	6.46e-01  8.09e-01  4.16e+05	28.9618 80.2666 0.1197	
89.585386 279.822145	4.80e-01  6.96e-01  4.69e+05	-13.8184 54.6248 0.5923	
89.585386 279.822145	6.55e-01  7.17e-01  4.31e+05	-22.7633 75.0900 0.7779	
89.585386 279.822145	6.47e-01  8.03e-01  4.17e+05	-29.1300 79.8167 0.2537	
89.585386 279.822145	6.60e-01  8.10e-01  4.13e+05	-23.5065 83.2150 0.5832	
89.585386 279.822145	4.90e-01  7.95e-01  4.47e+05	-20.1330 67.0391 0.6769	
89.585386 279.822145	5.60e-01  6.61e-01  4.60e+05	-12.2256 61.2580 0.2450	
89.585386 279.822145	6.85e-01  8.27e-01  4.06e+05	-27.4982 85.1971 0.2640	
89.585386 279.822145	6.13e-01  8.93e-01  4.07e+05	-1.9078 89.0847 0.6980	
89.585386 279.822145	7.27e-01  8.90e-01  3.90e+05	22.2437 93.6615 0.2243	
89.585386 279.822145	5.70e-01  7.92e-01  4.32e+05	-2.1881 77.5963 0.3759	
89.585386 279.822145	6.53e-01  7.97e-01  4.17e+05	17.6835 83.0747 0.3993	
89.585386 279.822145	6.60e-01  7.76e-01  4.19e+05	-18.2212 81.8627 0.1152	
89.585386 279.822145	6.91e-01  8.03e-01  4.09e+05	-20.8059 85.7485 0.9698	
89.585386 279.822145	6.17e-01  6.91e-01  4.42e+05	-11.1141 71.6025 0.6170	
89.585386 279.822145	6.44e-01  8.61e-01  4.08e+05	-35.5607 81.6313 0.0902	
89.585386 279.822145	5.52e-01  7.54e-01  4.43e+05	-31.1490 65.1326 0.2364	
89.585386 279.822145	5.72e-01  7.71e-01  4.36e+05	-15.7893 74.1637 0.4754	
89.585386 279.822145	6.85e-01  9.14e-01  3.93e+05	58.7567 74.8772 0.9785	
89.585386 279.822145	5.52e-01  7.51e-01  4.43e+05	11.2484 71.0605 0.7179	
89.585386 279.822145	5.50e-01  8.82e-01  4.20e+05	50.3164 66.7107 0.6194	
89.585386 279.822145	6.46e-01  8.21e-01  4.14e+05	-38.5872 77.0943 0.3462	
89.585386 279.822145	4.65e-01  6.88e-01  4.74e+05	7.5503 52.2621 0.9074	
89.585386 279.822145	5.15e-01  7.02e-01  4.61e+05	-5.0304 61.8250 0.6107	
89.585386 279.822145	5.42e-01  8.87e-01  4.21e+05	12.0532 82.3720 0.1500	
89.585386 279.822145	5.45e-01  7.37e-01  4.47e+05	-33.3266 61.2507 0.4306	
89.585386 279.822145	4.89e-01  9.37e-01  4.21e+05	38.5645 73.5518 0.4693	
89.585386 279.822145	4.82e-01  7.88e-01  4.50e+05	26.6280 62.8776 0.9054	
89.585386 279.822145	4.11e-01  9.38e-01  4.35e+05	-12.0940 75.4987 0.8327	
89.585386 279.822145	3.58e-01  8.26e-01  4.68e+05	6.6327 57.1701 0.0998	
89.585386 279.822145	6.34e-01  7.78e-01  4.24e+05	17.4913 79.9921 0.4695	
89.585386 279.822145	4.45e-01  7.48e-01  4.66e+05	-7.5062 58.2741 0.2028	
89.585386 279.822145	6.63e-01  8.69e-01  4.03e+05	-20.4681 88.4775 0.9316	
89.585386 279.822145	5.63e-01  8.09e-01  4.31e+05	-11.6316 77.6634 0.3573	
89.585386 279.822145	6.61e-01  9.29e-01  3.94e+05	-34.5886 88.0558 0.0286	
89.585386 279.822145	3.37e-01  9.45e-01  4.48e+05	2.3098 69.5769 0.1707	
89.585386 279.822145	6.72e-01  8.69e-01  4.02e+05	-24.3805 88.1265 0.8563	
89.585386 279.822145	6.41e-01  8.85e-01  4.04e+05	13.1153 89.4643 0.5002	
89.585386 279.822145	6.09e-01  8.39e-01  4.17e+05	22.3440 81.8587 0.6046	
89.585386 279.822145	5.65e-01  9.17e-01  4.12e+05	44.8537 74.9120 0.5341	
89.585386 279.822145	5.53e-01  9.43e-01  4.09e+05	-15.6402 86.9564 0.7991	
89.585386 279.822145	5.17e-01  8.48e-01  4.32e+05	-19.9012 75.2339 0.5648	
89.585386 279.822145	7.09e-01  7.94e-01  4.08e+05	10.7238 88.2285 0.1938	
89.585386 279.822145	5.31e-01  9.39e-01  4.14e+05	-14.6043 85.1759 0.7230	
89.585386 279.822145	6.82e-01  8.21e-01  4.08e+05	38.0640 80.2380 0.5676	
89.585386 279.822145	4.96e-01  6.27e-01  4.81e+05	17.5546 44.3957 0.6253	
89.585386 279.822145	5.54e-01  9.66e-01  4.05e+05	7.5148 89.7385 0.2217	
89.585386 279.822145	5.89e-01  7.54e-01  4.36e+05	-34.0077 67.7291 0.7267	
89.585386 279.822145	5.62e-01  9.92e-01  4.00e+05	-31.4736 86.7521 0.5912	
89.585386 279.822145	6.59e-01  7.37e-01  4.26e+05	-0.4570 80.5261 0.5921	
89.585386 279.822145	6.64e-01  7.32e-01  4.26e+05	7.4485 80.2353 0.3974	
89.585386 279.822145	7.84e-01  9.18e-01  3.78e+05	-30.1518 96.4119 0.6402	
89.585386 279.822145	5.87e-01  7.24e-01  4.42e+05	-11.4509 71.7692 0.5589	
89.585386 279.822145	6.38e-01  7.34e-01  4.31e+05	12.7260 77.4742 0.7620	
89.585386 279.822145	5.62e-01  7.65e-01  4.39e+05	-2.7690 74.2030 0.4877	
89.585386 279.822145	5.86e-01  8.75e-01  4.15e+05	8.4693 85.4056 0.7496	
89.585386 279.822145	7.64e-01  8.59e-01  3.89e+05	16.8630 95.0926 0.6905	
89.585386 279.822145	5.82e-01  8.50e-01  4.20e+05	-42.6304 71.8327 0.4264	
89.585386 279.822145	6.07e-01  7.52e-01  4.33e+05	-21.6576 74.2135 0.3472	
89.585386 279.822145	5.30e-01  9.03e-01  4.20e+05	-26.5155 79.3433 0.7899	
89.585386 279.822145	6.76e-01  7.50e-01  4.21e+05	12.9874 82.0237 0.1310	
89.585386 279.822145	6.73e-01  7.77e-01  4.17e+05	8.1610 84.5986 0.1107	
89.585386 279.822145	4.40e-01  8.72e-01  4.42e+05	22.3347 69.2888 0.2515	
89.585386 279.822145	4.32e-01  9.31e-01  4.32e+05	-4.4161 77.5337 0.3733	
89.585386 279.822145	5.22e-01  7.78e-01  4.44e+05	-14.4132 70.1500 0.9498	
89.585386 279.822145	5.52e-01  9.00e-01  4.17e+05	12.2216 84.2146 0.3542	
89.585386 279.822145	6.02e-01  8.83e-01  4.11e+05	28.7716 82.7607 0.2386	
89.585386 279.822145	6.62e-01  8.02e-01  4.15e+05	-2.4423 85.9056 0.6248	
89.585386 279.822145	6.06e-01  8.29e-01  4.19e+05	-36.4907 75.4393 0.4122	
89.585386 279.822145	6.54e-01  6.74e-01  4.39e+05	2.8325 74.3598 0.2196	
89.585386 279.822145	7.35e-01  9.68e-01  3.78e+05	11.0135 100.5218 0.7689	
89.585386 279.822145	5.29e-01  9.15e-01  4.18e+05	20.2748 81.9883 0.3817	
89.585386 279.822145	5.09e-01  7.49e-01  4.52e+05	15.0247 65.2915 0.6145	
89.585386 279.822145	4.14e-01  8.52e-01  4.51e+05	-5.0479 67.6228 0.5809	
89.585386 279.822145	4.90e-01  9.30e-01  4.22e+05	-22.9860 79.2958 0.5277	
89.585386 279.822145	7.48e-01  9.03e-01  3.85e+05	-7.3295 97.9354 0.0661	
89.585386 279.822145	6.03e-01  7.64e-01  4.32e+05	7.7122 77.6394 0.6268	
89.585386 279.822145	6.65e-01  7.72e-01  4.19e+05	4.7087 83.8475 0.3080	
89.585386 279.822145	6.65e-01  8.52e-01  4.06e+05	15.7455 88.4570 0.7515	
89.585386 279.822145	7.45e-01  8.47e-01  3.94e+05	22.5700 92.0398 0.6084	
89.585386 279.822145	6.40e-01  8.78e-01  4.06e+05	-5.2510 89.7284 0.8014	
89.585386 279.822145	4.75e-01  9.03e-01  4.30e+05	-20.1842 76.3925 0.9772	
89.585386 279.822145	7.60e-01  8.44e-01  3.92e+05	-19.5214 93.4253 0.7053	
89.585386 279.822145	5.95e-01  7.39e-01  4.38e+05	13.2617 73.7773 0.7187	
89.585386 279.822145	6.47e-01  7.56e-01  4.25e+05	-15.8773 79.5744 0.4146	
89.585386 279.822145	5.96e-01  9.47e-01  4.02e+05	13.8738 90.5221 0.4858	
89.585386 279.822145	5.77e-01  7.89e-01  4.32e+05	-34.6294 69.7850 0.1420	
89.585386 279.822145	5.71e-01  8.29e-01  4.26e+05	11.9278 80.0307 0.2864	
89.585386 279.822145	6.10e-01  8.57e-01  4.14e+05	3.8634 86.0999 0.6056	
89.585386 279.822145	4.93e-01  7.94e-01  4.47e+05	29.7039 63.6164 0.1590	
89.585386 279.822145	5.46e-01  8.84e-01  4.20e+05	-34.3262 75.9901 0.2000	
89.585386 279.822145	5.97e-01  8.45e-01  4.18e+05	15.1085 82.9834 0.8870	
89.585386 279.822145	7.48e-01  8.27e-01  3.97e+05	19.7359 91.5356 0.7148	
89.585386 279.822145	6.49e-01  8.14e-01  4.15e+05	-43.7712 73.8999 0.2636	
89.585386 279.822145	7.68e-01  8.16e-01  3.95e+05	-0.7276 94.2078 0.9133	
89.585386 279.822145	6.77e-01  8.52e-01  4.04e+05	-20.2747 88.3366 0.0616	
89.585386 279.822145	6.05e-01  8.29e-01  4.20e+05	-4.5610 83.5785 0.8470	
89.585386 279.822145	5.02e-01  9.44e-01  4.18e+05	10.2748 84.0316 0.2929	
89.585386 279.822145	5.33e-01  9.16e-01  4.17e+05	15.5624 83.4463 0.3932	
89.585386 279.822145	5.52e-01  8.07e-01  4.33e+05	-4.7083 77.2012 0.8921	
89.585386 279.822145	4.02e-01  8.64e-01  4.51e+05	-21.5540 64.3693 0.4664	
89.585386 279.822145	5.81e-01  7.77e-01  4.33e+05	-22.1513 74.0069 0.9110	
89.585386 279.822145	7.44e-01  8.74e-01  3.90e+05	51.0681 81.6416 0.3426	
89.585386 279.822145	6.34e-01  9.28e-01  3.99e+05	50.9321 77.6003 0.3728	
89.585386 279.822145	5.91e-01  9.76e-01  3.98e+05	4.0641 93.0696 0.6528	
89.585386 279.822145	6.63e-01  9.49e-01  3.91e+05	20.4861 93.7158 0.8588	
89.585386 279.822145	5.43e-01  8.77e-01  4.22e+05	-8.6379 82.1668 0.7929	
89.585386 279.822145	5.03e-01  8.18e-01  4.40e+05	-5.6921 73.4627 0.5018	
89.585386 279.822145	6.53e-01  9.04e-01  4.00e+05	32.4051 86.6085 0.5854	
89.585386 279.822145	6.56e-01  8.84e-01  4.02e+05	-4.0789 91.3356 0.7156	
89.585386 279.822145	4.55e-01  6.17e-01  4.93e+05	9.2825 35.5465 0.8696	
89.585386 279.822145	7.07e-01  8.07e-01  4.06e+05	-18.0086 87.7831 0.3961	
89.585386 279.822145	7.70e-01  8.73e-01  3.86e+05	28.9387 93.4133 0.4795	
89.585386 279.822145	7.56e-01  8.36e-01  3.94e+05	12.0471 93.9839 0.9898	
89.585386 279.822145	5.72e-01  6.93e-01  4.51e+05	7.2032 67.3367 0.5923	
89.585386 279.822145	5.46e-01  8.43e-01  4.27e+05	-4.0797 79.8976 0.0920	
89.585386 279.822145	3.84e-01  9.18e-01  4.44e+05	11.3037 70.8255 0.2670	
89.585386 279.822145	7.43e-01  9.11e-01  3.85e+05	-12.8482 97.5433 0.2829	
89.585386 279.822145	6.06e-01  8.10e-01  4.23e+05	-37.2642 73.3834 0.5356	
89.585386 279.822145	5.76e-01  7.05e-01  4.48e+05	22.7407 65.6885 0.0980	
89.585386 279.822145	6.11e-01  8.27e-01  4.19e+05	-0.2595 84.0364 0.9238	
89.585386 279.822145	5.23e-01  8.51e-01  4.30e+05	24.5229 74.7150 0.7689	
89.585386 279.822145	5.90e-01  7.24e-01  4.41e+05	-7.3462 72.5977 0.5909	
89.585386 279.822145	6.09e-01  8.16e-01  4.21e+05	-7.2594 82.7003 0.6371	
89.585386 279.822145	7.41e-01  9.19e-01  3.84e+05	2.1850 98.7087 0.5568	
89.585386 279.822145	6.06e-01  8.09e-01  4.23e+05	-45.3646 68.4556 0.3712	
89.585386 279.822145	5.27e-01  8.65e-01  4.27e+05	-31.5326 73.7776 0.3952	
89.585386 279.822145	6.09e-01  8.76e-01  4.11e+05	12.7413 86.6005 0.5919	
89.585386 279.822145	4.48e-01  7.13e-01  4.73e+05	-37.5102 38.8254 0.2953	
89.585386 279.822145	5.82e-01  6.45e-01  4.59e+05	-0.8631 63.3374 0.3428	
89.585386 279.822145	5.66e-01  7.78e-01  4.36e+05	43.8232 61.9861 0.8167	
89.585386 279.822145	5.31e-01  7.24e-01  4.53e+05	-7.6046 66.2445 0.5762	
89.585386 279.822145	6.02e-01  8.45e-01  4.17e+05	-4.8930 84.5184 0.8350	
89.585386 279.822145	5.20e-01  7.47e-01  4.51e+05	31.3927 60.3090 0.4202	
89.585386 279.822145	6.77e-01  7.15e-01  4.27e+05	-21.6319 77.2999 0.4841	
89.585386 279.822145	6.69e-01  7.18e-01  4.28e+05	-8.0490 79.4134 0.2035	
89.585386 279.822145	4.05e-01  7.60e-01  4.72e+05	9.4510 53.7604 0.9167	
89.585386 279.822145	4.68e-01  7.72e-01  4.56e+05	-12.1276 63.7389 0.0561	
89.585386 279.822145	6.66e-01  9.34e-01  3.93e+05	17.8549 93.5386 0.3492	
89.585386 279.822145	3.64e-01  8.27e-01  4.66e+05	10.8577 57.4926 0.7196	
89.585386 279.822145	4.64e-01  8.27e-01  4.46e+05	11.0980 69.8365 0.0871	
89.585386 279.822145	8.29e-01  9.36e-01  3.69e+05	13.5465 103.3822 0.3081	
89.585386 279.822145	5.54e-01  8.91e-01  4.18e+05	-12.3309 83.6457 0.5562	
89.585386 279.822145	6.98e-01  7.38e-01  4.19e+05	-14.2472 82.5776 0.1150	
89.585386 279.822145	5.16e-01  8.20e-01  4.37e+05	17.7138 73.0531 0.9811	
89.585386 279.822145	7.19e-01  8.70e-01  3.95e+05	-2.8324 94.4696 0.8911	
89.585386 279.822145	3.80e-01  7.69e-01  4.75e+05	1.4039 52.2685 0.3049	
89.585386 279.822145	7.33e-01  7.87e-01  4.05e+05	-6.7585 89.7804 0.1890	
89.585386 279.822145	7.63e-01  9.52e-01  3.76e+05	-6.0393 101.5252 0.9777	
89.585386 279.822145	5.15e-01  7.44e-01  4.52e+05	-3.7994 67.0074 0.2472	
89.585386 279.822145	6.56e-01  8.23e-01  4.12e+05	-10.8971 86.4455 0.9697	
89.585386 279.822145	5.38e-01  6.64e-01  4.64e+05	1.7214 60.0380 0.6328	
89.585386 279.822145	6.72e-01  8.55e-01  4.04e+05	-35.3267 83.3279 0.6921	
89.585386 279.822145	6.14e-01  8.45e-01  4.15e+05	5.7530 85.4129 0.0409	
89.585386 279.822145	5.11e-01  9.01e-01  4.23e+05	26.2239 77.5997 0.9903	
89.585386 279.822145	5.06e-01  8.61e-01  4.31e+05	49.1892 60.6225 0.4701	
89.585386 279.822145	5.30e-01  6.72e-01  4.64e+05	4.5345 59.8040 0.0095	
89.585386 279.822145	4.69e-01  7.06e-01  4.70e+05	14.1392 54.4307 0.3131	
89.585386 279.822145	5.89e-01  9.15e-01  4.08e+05	13.0799 87.9917 0.9450	
89.585386 279.822145	6.30e-01  8.82e-01  4.07e+05	7.5508 89.1120 0.9536	
89.585386 279.822145	5.81e-01  9.39e-01  4.05e+05	-56.5267 70.1478 0.0702	
89.585386 279.822145	5.14e-01  7.58e-01  4.49e+05	-11.9655 67.5458 0.9573	
89.585386 279.822145	3.64e-01  8.50e-01  4.61e+05	1.2164 61.6775 0.2380	
89.585386 279.822145	4.87e-01  8.44e-01  4.38e+05	-10.8951 73.9688 0.0211	
89.585386 279.822145	6.43e-01  9.42e-01  3.95e+05	40.3996 85.1723 0.2243	
89.585386 279.822145	6.92e-01  8.33e-01  4.05e+05	12.1395 89.5225 0.8234	
89.585386 279.822145	5.89e-01  7.91e-01  4.29e+05	-29.8313 73.3655 0.3514	
89.585386 279.822145	5.66e-01  7.91e-01  4.33e+05	1.4378 77.1467 0.9976	
89.585386 279.822145	6.22e-01  8.19e-01  4.18e+05	-11.5563 83.4368 0.4347	
89.585386 279.822145	3.96e-01  7.83e-01  4.69e+05	-10.6077 55.7349 0.6660	
89.585386 279.822145	4.66e-01  9.20e-01  4.28e+05	-36.3502 70.9135 0.1080	
89.585386 279.822145	3.82e-01  7.76e-01  4.73e+05	-16.4558 51.1229 0.1906	
89.585386 279.822145	7.00e-01  7.29e-01  4.21e+05	8.7514 82.8053 0.6185	
89.585386 279.822145	6.27e-01  7.71e-01  4.26e+05	14.9489 79.4003 0.8273	
89.585386 279.822145	7.42e-01  8.41e-01  3.95e+05	-8.3479 93.7831 0.8058	
89.585386 279.822145	5.61e-01  6.99e-01  4.52e+05	5.1018 67.0240 0.2746	
89.585386 279.822145	5.91e-01  8.70e-01  4.15e+05	-11.6820 84.9641 0.7000	
89.585386 279.822145	8.16e-01  9.19e-01  3.74e+05	-1.6714 102.7033 0.3668	
89.585386 279.822145	5.97e-01  7.01e-01  4.44e+05	3.0393 71.3432 0.1392	
89.585386 279.822145	6.41e-01  9.42e-01  3.95e+05	4.8152 94.0439 0.1120	
89.585386 279.822145	6.03e-01  7.36e-01  4.37e+05	-4.0896 75.3695 0.4596	
89.585386 279.822145	7.92e-01  9.29e-01  3.75e+05	8.2051 101.6955 0.5100	
89.585386 279.822145	5.56e-01  8.60e-01  4.23e+05	19.4330 79.9168 0.1688	
89.585386 279.822145	5.37e-01  8.90e-01  4.21e+05	-13.8089 81.9307 0.5485	
89.585386 279.822145	6.84e-01  7.84e-01  4.14e+05	11.6581 85.5329 0.3442	
89.585386 279.822145	6.79e-01  9.27e-01  3.92e+05	-45.4149 84.0749 0.0645	
89.585386 279.822145	5.81e-01  8.05e-01  4.28e+05	-18.2004 77.6246 0.7712	
89.585386 279.822145	4.05e-01  7.91e-01  4.65e+05	5.5883 58.9415 0.1380	
89.585386 279.822145	4.39e-01  8.96e-01  4.37e+05	13.9324 73.7582 0.6604	
89.585386 279.822145	6.54e-01  7.58e-01  4.23e+05	-18.5151 79.8162 0.6202	
89.585386 279.822145	5.25e-01  9.93e-01  4.06e+05	-13.5802 88.8643 0.6578	
89.585386 279.822145	6.32e-01  7.56e-01  4.28e+05	-22.3819 76.6926 0.0916	
89.585386 279.822145	6.17e-01  7.60e-01  4.30e+05	39.0680 68.5746 0.7646	
89.585386 279.822145	6.11e-01  7.94e-01  4.25e+05	17.8084 79.3747 0.5992	
89.585386 279.822145	5.49e-01  8.43e-01  4.27e+05	5.8101 80.0131 0.1499	
89.585386 279.822145	4.11e-01  7.96e-01  4.63e+05	-27.8233 53.9037 0.0040	
89.585386 279.822145	5.11e-01  8.93e-01  4.25e+05	36.6859 72.5041 0.8284	
89.585386 279.822145	6.95e-01  9.68e-01  3.83e+05	20.6551 96.7383 0.7980	
89.585386 279.822145	6.04e-01  8.10e-01  4.23e+05	-17.6512 80.2142 0.0858	
89.585386 279.822145	6.82e-01  9.14e-01  3.93e+05	-15.2897 93.7162 0.2756	
89.585386 279.822145	4.33e-01  7.55e-01  4.67e+05	-2.5283 58.0337 0.0998	
89.585386 279.822145	6.59e-01  8.53e-01  4.07e+05	-18.2299 87.6052 0.6189	
89.585386 279.822145	5.14e-01  8.20e-01  4.38e+05	-6.2057 74.7308 0.5730	
89.585386 279.822145	6.76e-01  8.11e-01  4.11e+05	38.7851 78.6885 0.7427	
89.585386 279.822145	6.99e-01  8.60e-01  3.99e+05	20.5069 90.3586 0.8420	
89.585386 279.822145	4.78e-01  7.44e-01  4.60e+05	0.6961 62.6799 0.1171	
89.585386 279.822145	4.23e-01  8.88e-01  4.42e+05	-5.9061 72.4714 0.9970	
89.585386 279.822145	5.85e-01  7.56e-01  4.36e+05	-35.9838 66.5156 0.1455	
89.585386 279.822145	6.91e-01  7.91e-01  4.12e+05	-8.1100 86.9226 0.4138	
89.585386 279.822145	8.21e-01  8.91e-01  3.77e+05	-22.7819 98.9453 0.1391	
89.585386 279.822145	6.21e-01  8.45e-01  4.14e+05	26.4328 81.9978 0.6277	
89.585386 279.822145	5.52e-01  7.12e-01  4.51e+05	14.2987 66.0931 0.2919	
89.585386 279.822145	5.77e-01  8.57e-01  4.20e+05	-29.1343 78.4439 0.8314	
89.585386 279.822145	7.01e-01  8.52e-01  4.00e+05	34.8972 85.3677 0.4772	
89.585386 279.822145	6.10e-01  8.06e-01  4.23e+05	4.7363 82.1359 0.3427	
89.585386 279.822145	4.51e-01  8.99e-01  4.35e+05	4.6262 76.3480 0.8532	
89.585386 279.822145	5.47e-01  7.86e-01  4.38e+05	26.0992 70.2346 0.4188	
89.585386 279.822145	5.12e-01  7.86e-01  4.45e+05	14.5688 69.7851 0.6102	
89.585386 279.822145	6.79e-01  7.34e-01  4.23e+05	2.3952 81.9322 0.2613	
89.585386 279.822145	6.20e-01  8.70e-01  4.10e+05	-14.7724 86.6767 0.1737	
89.585386 279.822145	6.21e-01  7.67e-01  4.28e+05	28.5311 74.6073 0.1543	
89.585386 279.822145	5.44e-01  8.89e-01  4.20e+05	20.1273 81.1677 0.6766	
89.585386 279.822145	3.57e-01  9.24e-01  4.48e+05	16.0957 67.7550 0.4988	
89.585386 279.822145	4.47e-01  8.49e-01  4.45e+05	3.4111 71.0687 0.8924	
89.585386 279.822145	7.23e-01  8.83e-01  3.92e+05	-0.0292 95.5402 0.4861	
89.585386 279.822145	7.87e-01  8.39e-01  3.89e+05	-20.8557 94.5034 0.1523	
89.585386 279.822145	7.37e-01  8.88e-01  3.89e+05	-11.8328 96.0275 0.1626	
89.585386 279.822145	5.91e-01  8.91e-01  4.11e+05	-5.3711 87.2091 0.4669	
89.585386 279.822145	5.96e-01  8.64e-01  4.15e+05	-2.3077 85.6525 0.0611	
89.585386 279.822145	5.75e-01  7.45e-01  4.40e+05	29.0728 67.6234 0.9596	
89.585386 279.822145	5.89e-01  9.33e-01  4.05e+05	33.3137 83.8210 0.2035	
89.585386 279.822145	4.42e-01  7.66e-01  4.63e+05	-18.0191 58.1173 0.3489	
89.585386 279.822145	6.75e-01  7.85e-01  4.15e+05	1.6909 85.7008 0.5579	
89.585386 279.822145	5.09e-01  7.91e-01  4.44e+05	-18.8859 68.9854 0.3178	
89.585386 279.822145	4.51e-01  7.10e-01  4.73e+05	-10.7464 52.9395 0.0815	
89.585386 279.822145	4.14e-01  7.67e-01  4.68e+05	-11.5231 55.8400 0.0585	
89.585386 279.822145	5.33e-01  8.69e-01  4.25e+05	17.6929 79.1518 0.1761	
89.585386 279.822145	6.91e-01  7.82e-01  4.13e+05	-21.2769 84.0116 0.3374	
89.585386 279.822145	6.63e-01  9.35e-01  3.93e+05	42.9660 84.8634 0.7629	
89.585386 279.822145	5.16e-01  6.02e-01  4.82e+05	22.0811 41.3342 0.7192	
89.585386 279.822145	3.81e-01  7.32e-01  4.83e+05	24.4695 38.7514 0.3311	
89.585386 279.822145	5.71e-01  7.37e-01  4.43e+05	-14.3899 70.8729 0.6492	
89.585386 279.822145	4.85e-01  8.21e-01  4.43e+05	-7.6132 71.7431 0.2940	
89.585386 279.822145	5.66e-01  9.56e-01  4.05e+05	-16.9028 88.5905 0.1827	
89.585386 279.822145	4.59e-01  6.98e-01  4.74e+05	1.3490 53.3366 0.6422	
89.585386 279.822145	4.54e-01  8.28e-01  4.48e+05	-27.5130 63.9831 0.5668	
89.585386 279.822145	6.01e-01  9.04e-01  4.08e+05	-5.5582 88.8368 0.9892	
89.585386 279.822145	6.68e-01  8.71e-01  4.02e+05	12.4467 90.5024 0.1293	
89.585386 279.822145	6.03e-01  8.73e-01  4.12e+05	23.6925 83.6428 0.7668	
89.585386 279.822145	5.27e-01  8.08e-01  4.37e+05	-18.9223 72.6143 0.6996	
89.585386 279.822145	4.82e-01  6.92e-01  4.70e+05	5.7482 55.7555 0.0969	
89.585386 279.822145	7.05e-01  9.40e-01  3.86e+05	-21.1558 95.5399 0.2562	
89.585386 279.822145	4.09e-01  8.66e-01  4.49e+05	-13.1673 67.6644 0.3188	
89.585386 279.822145	5.43e-01  7.91e-01  4.38e+05	-10.1855 74.3260 0.6283	
89.585386 279.822145	6.73e-01  8.97e-01  3.97e+05	-37.7616 85.3266 0.1454	
89.585386 279.822145	5.71e-01  8.85e-01  4.16e+05	-1.3219 85.3854 0.0285	
89.585386 279.822145	4.42e-01  8.21e-01  4.51e+05	22.8974 63.5405 0.4195	
89.585386 279.822145	6.56e-01  8.21e-01  4.12e+05	-52.2915 69.4454 0.9351	
89.585386 279.822145	6.16e-01  7.36e-01  4.34e+05	9.2704 76.1225 0.8433	
89.585386 279.822145	6.32e-01  9.49e-01  3.96e+05	-49.9052 79.7301 0.3519	
89.585386 279.822145	5.02e-01  6.57e-01  4.73e+05	12.2138 52.3025 0.1674	
89.585386 279.822145	7.16e-01  9.23e-01  3.87e+05	9.4931 97.0462 0.4682	
89.585386 279.822145	5.32e-01  7.60e-01  4.46e+05	9.8286 70.0546 0.9013	
89.585386 279.822145	6.57e-01  7.75e-01  4.20e+05	7.7507 83.1873 0.9609	
89.585386 279.822145	6.17e-01  9.73e-01  3.94e+05	-1.7246 94.5933 0.5704	
89.585386 279.822145	4.25e-01  7.69e-01  4.65e+05	8.6336 58.3337 0.6229	
89.585386 279.822145	7.05e-01  8.80e-01  3.95e+05	1.2260 94.2675 0.7223	
89.585386 279.822145	5.66e-01  6.77e-01  4.55e+05	11.7262 64.1784 0.5886	
89.585386 279.822145	7.02e-01  9.49e-01  3.85e+05	-13.8290 97.2367 0.3457	
89.585386 279.822145	6.22e-01  7.32e-01  4.34e+05	38.1906 66.6819 0.5239	
89.585386 279.822145	4.80e-01  7.22e-01  4.64e+05	10.6540 59.0601 0.9806	
89.585386 279.822145	5.34e-01  8.09e-01  4.36e+05	-26.4305 71.0862 0.3337	
89.585386 279.822145	7.27e-01  8.45e-01  3.97e+05	36.3846 86.0663 0.6810	
89.585386 279.822145	5.49e-01  9.09e-01  4.15e+05	-30.2041 80.0705 0.3465	
89.585386 279.822145	6.43e-01  8.09e-01  4.17e+05	-34.1917 77.8994 0.0872	
89.585386 279.822145	6.59e-01  8.03e-01  4.15e+05	7.7955 85.5275 0.9468	
89.585386 279.822145	5.62e-01  8.32e-01  4.27e+05	-39.7314 69.8714 0.2054	
89.585386 279.822145	7.15e-01  8.91e-01  3.92e+05	8.7833 95.1780 0.5366	
89.585386 279.822145	5.80e-01  6.50e-01  4.58e+05	38.4201 50.7970 0.0892	
89.585386 279.822145	5.21e-01  7.92e-01  4.42e+05	3.7752 72.8059 0.7854	
89.585386 279.822145	6.05e-01  8.85e-01  4.10e+05	24.5348 84.4228 0.1363	
89.585386 279.822145	5.66e-01  8.42e-01  4.24e+05	-8.5366 81.1156 0.0125	
89.585386 279.822145	5.68e-01  7.49e-01  4.41e+05	4.8088 73.1379 0.8599	
89.585386 279.822145	6.79e-01  8.06e-01  4.11e+05	-41.4351 77.0876 0.5292	
89.585386 279.822145	6.36e-01  7.96e-01  4.20e+05	-38.3753 74.2438 0.7365	
89.585386 279.822145	6.52e-01  7.95e-01  4.17e+05	10.1239 84.0814 0.4355	
89.585386 279.822145	4.52e-01  8.92e-01  4.36e+05	-32.9947 68.4414 0.7911	
89.585386 279.822145	5.32e-01  8.86e-01  4.22e+05	-5.6336 82.1784 0.8465	
89.585386 279.822145	6.42e-01  7.62e-01  4.25e+05	1.1192 81.2527 0.2554	
89.585386 279.822145	7.06e-01  7.48e-01  4.16e+05	-4.5756 85.1316 0.1309	
89.585386 279.822145	6.75e-01  8.79e-01  4.00e+05	-24.7804 88.9629 0.5302	
89.585386 279.822145	5.95e-01  7.44e-01  4.37e+05	18.2626 73.2073 0.0056	
89.585386 279.822145	6.12e-01  8.21e-01  4.20e+05	39.5995 73.6469 0.4978	
89.585386 279.822145	5.72e-01  9.10e-01  4.12e+05	2.1056 87.2639 0.0918	
89.585386 279.822145	5.46e-01  7.61e-01  4.43e+05	19.2844 69.7240 0.7687	
89.585386 279.822145	4.60e-01  9.27e-01  4.28e+05	-11.1101 79.0387 0.3615	
89.585386 279.822145	5.28e-01  6.96e-01  4.59e+05	-39.4493 48.9572 0.5060	
89.585386 279.822145	6.49e-01  8.93e-01  4.02e+05	3.6658 91.4399 0.5203	
89.585386 279.822145	4.27e-01  7.97e-01  4.59e+05	23.5167 58.2936 0.2381	
89.585386 279.822145	6.57e-01  9.58e-01  3.91e+05	-0.8029 96.1305 0.8218	
89.585386 279.822145	6.68e-01  8.36e-01  4.08e+05	12.7023 88.0154 0.6371	
89.585386 279.822145	4.98e-01  8.31e-01  4.39e+05	-28.2316 68.8457 0.4149	
89.585386 279.822145	4.64e-01  9.22e-01  4.28e+05	-26.9396 74.9619 0.5006	
89.585386 279.822145	6.53e-01  7.44e-01  4.26e+05	-42.1156 68.8278 0.4639	
89.585386 279.822145	4.77e-01  8.83e-01  4.33e+05	-4.1591 77.3722 0.0564	
89.585386 279.822145	3.67e-01  8.96e-01  4.52e+05	14.9629 65.7845 0.3691	
89.585386 279.822145	6.14e-01  8.80e-01  4.10e+05	-37.7631 79.7034 0.9831	
89.585386 279.822145	5.48e-01  7.87e-01  4.37e+05	25.2322 70.7058 0.4079	
89.585386 279.822145	8.11e-01  8.79e-01  3.80e+05	19.3398 98.4806 0.5275	
89.585386 279.822145	6.08e-01  8.38e-01  4.18e+05	-2.1869 84.5629 0.8841	
89.585386 279.822145	3.25e-01  7.99e-01  4.81e+05	1.4032 47.8738 0.7864	
89.585386 279.822145	5.91e-01  7.53e-01  4.36e+05	11.0636 75.1754 0.2537	
89.585386 279.822145	5.91e-01  7.46e-01  4.37e+05	12.2526 74.2644 0.9725	
89.585386 279.822145	5.66e-01  8.08e-01  4.30e+05	1.8787 78.5812 0.5133	
89.585386 279.822145	6.17e-01  8.07e-01  4.21e+05	-28.8098 77.7172 0.4973	
89.585386 279.822145	6.08e-01  8.69e-01  4.12e+05	-5.6478 86.8315 0.6290	
89.585386 279.822145	8.21e-01  9.17e-01  3.73e+05	7.3040 102.6174 0.9790	
89.585386 279.822145	5.61e-01  8.10e-01  4.31e+05	32.1196 71.5556 0.9504	
89.585386 279.822145	4.05e-01  8.90e-01  4.45e+05	29.3671 64.6929 0.0683	
89.585386 279.822145	6.82e-01  9.00e-01  3.95e+05	14.0978 93.0629 0.9616	
89.585386 279.822145	5.45e-01  8.33e-01  4.29e+05	0.7769 79.0494 0.8403	
89.585386 279.822145	4.74e-01  8.54e-01  4.39e+05	42.0600 61.3698 0.9199	
89.585386 279.822145	5.80e-01  8.67e-01  4.17e+05	17.2216 82.9122 0.3325	
89.585386 279.822145	6.72e-01  7.93e-01  4.14e+05	47.0322 72.1518 0.4302	
89.585386 279.822145	5.85e-01  8.00e-01  4.28e+05	18.5836 77.4886 0.3587	
89.585386 279.822145	5.54e-01  7.84e-01  4.37e+05	5.7782 75.1093 0.9050	
89.585386 279.822145	7.64e-01  9.32e-01  3.79e+05	-48.9439 88.0127 0.1557	
89.585386 279.822145	7.45e-01  7.78e-01  4.05e+05	-41.7084 79.9769 0.9397	
89.585386 279.822145	6.61e-01  9.37e-01  3.93e+05	20.1225 92.9307 0.2855	
89.585386 279.822145	5.24e-01  7.28e-01  4.54e+05	-3.7166 66.1952 0.0893	
89.585386 279.822145	6.20e-01  7.31e-01  4.34e+05	17.9623 74.4493 0.1683	
89.585386 279.822145	6.79e-01  8.26e-01  4.08e+05	37.1143 80.8510 0.1016	
89.585386 279.822145	7.36e-01  8.12e-01  4.01e+05	-3.6535 91.8721 0.7017	
89.585386 279.822145	6.01e-01  8.27e-01  4.21e+05	0.4038 83.2078 0.1262	
89.585386 279.822145	7.26e-01  8.56e-01  3.96e+05	17.3277 92.5105 0.4194	
89.585386 279.822145	4.65e-01  7.68e-01  4.57e+05	-30.5859 56.1998 0.5965	
89.585386 279.822145	4.06e-01  7.66e-01  4.70e+05	-1.2285 55.8854 0.1577	
89.585386 279.822145	6.30e-01  8.21e-01  4.17e+05	4.4442 84.9296 0.0575	
89.585386 279.822145	6.31e-01  6.72e-01  4.44e+05	21.6948 68.4900 0.5157	
89.585386 279.822145	5.75e-01  7.56e-01  4.38e+05	3.3852 74.6188 0.9275	
89.585386 279.822145	6.03e-01  8.08e-01  4.24e+05	32.8212 74.9636 0.4671	
89.585386 279.822145	5.74e-01  8.68e-01  4.18e+05	17.9765 82.3832 0.4580	
89.585386 279.822145	5.77e-01  8.86e-01  4.15e+05	-37.9593 77.1669 0.3926	
89.585386 279.822145	5.58e-01  8.44e-01  4.25e+05	5.1150 80.9581 0.4628	
89.585386 279.822145	6.18e-01  8.77e-01  4.09e+05	-41.0129 78.1795 0.6823	
89.585386 279.822145	7.18e-01  8.19e-01  4.03e+05	2.1891 91.0983 0.6487	
89.585386 279.822145	6.38e-01  9.63e-01  3.93e+05	-13.0320 94.3605 0.5758	
89.585386 279.822145	5.68e-01  6.01e-01  4.71e+05	-6.7429 54.8798 0.3634	
89.585386 279.822145	7.20e-01  7.74e-01  4.10e+05	-13.2060 87.2141 0.3910	
89.585386 279.822145	6.20e-01  6.87e-01  4.43e+05	-13.2540 71.1423 0.1431	
89.585386 279.822145	5.22e-01  8.71e-01  4.27e+05	37.0316 71.2186 0.2953	
89.585386 279.822145	4.40e-01  8.81e-01  4.40e+05	-32.7446 66.0424 0.4222	
89.585386 279.822145	8.01e-01  8.94e-01  3.79e+05	-63.0480 78.4717 0.9650	
89.585386 279.822145	5.16e-01  9.05e-01  4.22e+05	-15.4834 81.2055 0.6855	
89.585386 279.822145	7.48e-01  8.56e-01  3.92e+05	-9.7414 94.9846 0.1703	
89.585386 279.822145	6.77e-01  7.83e-01  4.15e+05	-5.1775 85.6088 0.9174	
89.585386 279.822145	5.76e-01  6.53e-01  4.58e+05	-13.0656 62.1678 0.8630	
89.585386 279.822145	6.00e-01  7.56e-01  4.34e+05	-4.1113 76.9293 0.2570	
89.585386 279.822145	7.65e-01  9.58e-01  3.75e+05	5.0011 101.9916 0.0476	
89.585386 279.822145	4.57e-01  8.39e-01  4.45e+05	15.8058 69.4278 0.2778	
89.585386 279.822145	5.54e-01  7.80e-01  4.38e+05	-14.9283 73.3988 0.7436	
89.585386 279.822145	5.40e-01  9.11e-01  4.17e+05	-6.2853 84.7683 0.1561	
89.585386 279.822145	5.43e-01  8.98e-01  4.18e+05	-38.6115 74.8309 0.6077	
89.585386 279.822145	6.03e-01  7.50e-01  4.34e+05	-31.5739 69.9416 0.7767	
89.585386 279.822145	6.62e-01  8.70e-01  4.03e+05	-13.1853 89.8713 0.0636	
89.585386 279.822145	4.91e-01  7.95e-01  4.47e+05	17.6881 67.8448 0.0986	
89.585386 279.822145	5.25e-01  8.14e-01  4.37e+05	-9.4023 74.7994 0.0746	
89.585386 279.822145	5.33e-01  9.14e-01  4.17e+05	18.5396 82.6357 0.4740	
89.585386 279.822145	5.55e-01  9.08e-01  4.15e+05	-38.2032 77.0061 0.1368	
89.585386 279.822145	5.42e-01  9.14e-01  4.16e+05	8.4857 84.9449 0.0993	
89.585386 279.822145	5.86e-01  7.76e-01  4.32e+05	2.1404 77.5458 0.6438	
89.585386 279.822145	7.43e-01  8.32e-01  3.97e+05	-50.0320 79.1608 0.4678	
89.585386 279.822145	5.63e-01  7.55e-01  4.41e+05	-31.3102 66.3796 0.0431	
89.585386 279.822145	5.71e-01  7.09e-01  4.48e+05	-6.1682 69.1512 0.6325	
89.585386 279.822145	5.84e-01  8.67e-01  4.17e+05	-14.4274 83.8342 0.4701	
89.585386 279.822145	6.92e-01  9.49e-01  3.87e+05	-27.1035 93.7986 0.9636	
89.585386 279.822145	6.35e-01  7.60e-01  4.27e+05	0.2895 80.4564 0.7416	
89.585386 279.822145	7.07e-01  7.31e-01  4.19e+05	-17.5732 82.1552 0.1736	
89.585386 279.822145	5.97e-01  6.73e-01  4.50e+05	-23.2571 64.2267 0.3110	
89.585386 279.822145	4.39e-01  7.69e-01  4.63e+05	3.7196 60.6734 0.1976	
89.585386 279.822145	5.86e-01  8.82e-01  4.14e+05	47.4602 72.0939 0.0771	
89.585386 279.822145	7.27e-01  9.13e-01  3.87e+05	-9.4174 97.1719 0.7329	
89.585386 279.822145	7.79e-01  8.83e-01  3.84e+05	32.5817 93.3179 0.8818	
89.585386 279.822145	6.14e-01  7.69e-01  4.29e+05	-4.9887 79.3087 0.2413	
89.585386 279.822145	5.56e-01  7.46e-01  4.44e+05	0.1043 71.8157 0.0248	
89.585386 279.822145	5.26e-01  8.23e-01  4.35e+05	35.6018 67.5957 0.3251	
89.585386 279.822145	7.21e-01  8.56e-01  3.96e+05	18.3416 91.9723 0.3802	
89.585386 279.822145	6.49e-01  7.88e-01  4.19e+05	19.3637 81.6108 0.1642	
89.585386 279.822145	7.11e-01  9.04e-01  3.91e+05	73.4217 62.0709 0.6763	
89.585386 279.822145	5.36e-01  9.02e-01  4.19e+05	-52.9500 65.2659 0.6388	
89.585386 279.822145	6.28e-01  6.99e-01  4.39e+05	-31.7155 67.2437 0.5435	
89.585386 279.822145	6.23e-01  9.22e-01  4.01e+05	1.2065 91.7083 0.3992	
89.585386 279.822145	4.90e-01  8.69e-01  4.33e+05	-28.3958 71.9296 0.6259	
89.585386 279.822145	6.83e-01  7.42e-01  4.21e+05	14.7670 81.6250 0.1270	
89.585386 279.822145	4.84e-01  8.22e-01  4.43e+05	11.4557 71.2771 0.5128	
89.585386 279.822145	6.81e-01  8.52e-01  4.03e+05	-13.4552 89.9606 0.8821	
89.585386 279.822145	5.37e-01  9.41e-01  4.12e+05	59.6887 63.3635 0.6626	
89.585386 279.822145	5.28e-01  8.97e-01  4.21e+05	22.5907 79.8133 0.1997	
89.585386 279.822145	6.34e-01  7.26e-01  4.33e+05	-3.7434 77.2950 0.7205	
89.585386 279.822145	5.20e-01  7.19e-01  4.56e+05	-5.6119 64.5289 0.4099	
89.585386 279.822145	6.80e-01  8.23e-01  4.08e+05	1.0208 88.8689 0.0531	
89.585386 279.822145	5.72e-01  9.00e-01  4.13e+05	9.9845 86.0330 0.0674	
89.585386 279.822145	4.46e-01  8.93e-01  4.37e+05	-39.3320 64.4127 0.5285	
89.585386 279.822145	6.22e-01  9.25e-01  4.01e+05	26.9181 87.8079 0.1296	
89.585386 279.822145	6.98e-01  8.40e-01  4.02e+05	-20.0606 89.0075 0.1656	
89.585386 279.822145	7.05e-01  7.37e-01  4.18e+05	17.8100 82.4138 0.9825	
89.585386 279.822145	7.34e-01  8.02e-01  4.03e+05	14.7047 89.9137 0.5711	
89.585386 279.822145	6.65e-01  9.24e-01  3.94e+05	-6.4368 94.3714 0.4176	
89.585386 279.822145	5.01e-01  7.91e-01  4.46e+05	30.4391 63.8196 0.5857	
89.585386 279.822145	4.54e-01  8.03e-01  4.53e+05	-22.8323 62.8108 0.7634	
89.585386 279.822145	3.90e-01  8.54e-01  4.55e+05	4.2130 65.1742 0.5059	
89.585386 279.822145	6.74e-01  7.13e-01  4.28e+05	-33.3362 72.5469 0.3355	
89.585386 279.822145	4.38e-01  8.42e-01  4.48e+05	-10.1350 68.7098 0.6543	
89.585386 279.822145	5.58e-01  9.56e-01  4.06e+05	3.6708 89.5780 0.4536	
89.585386 279.822145	4.25e-01  6.41e-01  4.94e+05	6.6624 34.9668 0.9624	
89.585386 279.822145	6.33e-01  6.99e-01  4.38e+05	7.9321 74.3052 0.6103	
89.585386 279.822145	6.75e-01  8.82e-01  3.99e+05	14.7024 91.3536 0.5441	
89.585386 279.822145	6.96e-01  8.33e-01  4.04e+05	21.4949 87.9977 0.5175	
89.585386 279.822145	3.99e-01  8.75e-01  4.49e+05	17.6883 66.4408 0.8444	
89.585386 279.822145	5.84e-01  7.69e-01  4.34e+05	0.8338 76.7093 0.8371	
89.585386 279.822145	6.69e-01  9.60e-01  3.89e+05	-46.1812 85.1987 0.7733	
89.585386 279.822145	6.12e-01  8.32e-01  4.18e+05	30.6434 78.7742 0.0240	
89.585386 279.822145	5.30e-01  6.84e-01  4.61e+05	25.9670 55.9309 0.0554	
89.585386 279.822145	5.95e-01  8.31e-01  4.21e+05	-0.5476 83.0097 0.5565	
89.585386 279.822145	6.62e-01  9.69e-01  3.88e+05	-11.6676 96.3548 0.7715	
89.585386 279.822145	6.64e-01  7.50e-01  4.23e+05	0.5178 82.0942 0.8599	
89.585386 279.822145	6.63e-01  9.67e-01  3.88e+05	-39.0921 88.7585 0.9421	
89.585386 279.822145	7.03e-01  8.82e-01  3.95e+05	25.0399 90.8992 0.1620	
89.585386 279.822145	5.30e-01  8.54e-01  4.28e+05	-0.1284 79.5632 0.5686	
89.585386 279.822145	6.02e-01  8.77e-01  4.12e+05	-19.0298 84.9512 0.6269	
89.585386 279.822145	6.38e-01  8.05e-01  4.18e+05	24.3068 80.8099 0.2359	
89.585386 279.822145	6.35e-01  7.97e-01  4.20e+05	-36.7480 75.0095 0.9960	
89.585386 279.822145	5.64e-01  8.01e-01  4.32e+05	-18.3667 75.6497 0.7729	
89.585386 279.822145	6.91e-01  8.25e-01  4.06e+05	46.5962 76.7100 0.5183	
89.585386 279.822145	6.45e-01  8.85e-01  4.04e+05	14.5608 89.5489 0.2718	
89.585386 279.822145	6.23e-01  8.23e-01  4.18e+05	19.6542 82.3242 0.3347	
89.585386 279.822145	6.50e-01  8.29e-01  4.12e+05	5.7974 86.9374 0.4532	
89.585386 279.822145	7.15e-01  8.73e-01  3.95e+05	-8.0805 94.0706 0.0670	
89.585386 279.822145	4.30e-01  7.47e-01  4.69e+05	-20.9141 52.4749 0.9207	
89.585386 279.822145	6.73e-01  8.24e-01  4.09e+05	-6.1005 88.2364 0.8817	
89.585386 279.822145	7.96e-01  9.50e-01  3.72e+05	30.1343 98.7845 0.2535	
89.585386 279.822145	5.37e-01  8.95e-01  4.20e+05	3.5839 83.4676 0.4399	
89.585386 279.822145	5.30e-01  6.70e-01  4.64e+05	3.5212 59.6541 0.5939	
89.585386 279.822145	6.52e-01  8.41e-01  4.10e+05	-0.6310 88.1252 0.9897	
89.585386 279.822145	5.54e-01  8.56e-01  4.24e+05	-29.9440 76.0652 0.9771	
89.585386 279.822145	8.69e-01  9.38e-01  3.64e+05	-2.8518 106.2575 0.1631	
89.585386 279.822145	6.28e-01  8.85e-01  4.07e+05	-25.3613 85.8153 0.2314	
89.585386 279.822145	6.68e-01  7.63e-01  4.20e+05	-2.4570 83.4331 0.0540	
89.585386 279.822145	4.12e-01  8.03e-01  4.61e+05	-22.5134 57.5306 0.4789	
89.585386 279.822145	7.01e-01  8.12e-01  4.06e+05	15.5501 88.1711 0.5754	
89.585386 279.822145	7.24e-01  8.88e-01  3.91e+05	-15.0548 94.7476 0.1835	
89.585386 279.822145	5.11e-01  6.99e-01  4.62e+05	23.0968 56.5610 0.2782	
89.585386 279.822145	7.07e-01  8.78e-01  3.95e+05	-13.9966 93.2845 0.4064	
89.585386 279.822145	6.12e-01  7.27e-01  4.37e+05	-7.1446 75.1820 0.5395	
89.585386 279.822145	6.97e-01  7.48e-01  4.18e+05	-33.0669 77.8588 0.3766	
89.585386 279.822145	5.72e-01  7.74e-01  4.35e+05	12.9969 74.9720 0.7829	
89.585386 279.822145	6.26e-01  9.53e-01  3.96e+05	-7.2375 93.6114 0.5903	
89.585386 279.822145	3.35e-01  7.46e-01  4.91e+05	15.3224 35.8555 0.1024	
89.585386 279.822145	6.57e-01  6.85e-01  4.36e+05	10.0700 75.0637 0.6642	
89.585386 279.822145	4.81e-01  7.90e-01  4.50e+05	12.0670 67.4653 0.0806	
89.585386 279.822145	7.94e-01  9.15e-01  3.77e+05	-6.1063 101.2309 0.3091	
89.585386 279.822145	5.53e-01  6.74e-01  4.59e+05	0.4106 63.3445 0.8795	
89.585386 279.822145	4.85e-01  7.66e-01  4.54e+05	-39.8683 52.7401 0.7998	
89.585386 279.822145	6.40e-01  9.12e-01  4.00e+05	-28.7870 87.5653 0.8028	
89.585386 279.822145	5.60e-01  8.39e-01  4.26e+05	-3.0705 80.8240 0.7670	
89.585386 279.822145	4.17e-01  9.46e-01  4.32e+05	10.7689 76.8566 0.2029	
89.585386 279.822145	5.21e-01  7.03e-01  4.59e+05	-23.1219 58.5051 0.5321	
89.585386 279.822145	8.36e-01  9.87e-01  3.62e+05	-27.9124 103.3031 0.8965	
89.585386 279.822145	7.49e-01  8.82e-01  3.88e+05	37.6977 89.4300 0.2923	
89.585386 279.822145	6.99e-01  9.40e-01  3.87e+05	-28.9543 93.1187 0.3183	
89.585386 279.822145	4.88e-01  8.21e-01  4.42e+05	3.6350 72.4440 0.4953	
89.585386 279.822145	6.47e-01  7.79e-01  4.21e+05	-33.5923 75.8778 0.8414	
89.585386 279.822145	7.36e-01  8.74e-01  3.91e+05	-25.3242 92.3688 0.2032	
89.585386 279.822145	7.33e-01  8.46e-01  3.96e+05	19.7479 91.7665 0.2119	
89.585386 279.822145	6.28e-01  8.01e-01  4.20e+05	6.5526 83.0711 0.2491	
89.585386 279.822145	6.32e-01  7.73e-01  4.25e+05	11.3436 80.5606 0.9013	
89.585386 279.822145	4.68e-01  8.12e-01  4.48e+05	7.0010 69.0894 0.6341	
89.585386 279.822145	5.11e-01  7.74e-01  4.47e+05	0.0845 69.9901 0.9304	
89.585386 279.822145	3.80e-01  8.03e-01  4.68e+05	-21.4593 53.1995 0.9867	
89.585386 279.822145	5.78e-01  8.23e-01  4.25e+05	-9.1395 80.5180 0.3409	
89.585386 279.822145	4.75e-01  9.42e-01  4.23e+05	25.5453 78.2110 0.4484	
89.585386 279.822145	5.90e-01  7.52e-01  4.36e+05	10.2114 75.0627 0.2492	
89.585386 279.822145	5.51e-01  7.35e-01  4.47e+05	13.0079 68.8929 0.8062	
89.585386 279.822145	6.70e-01  8.81e-01  4.00e+05	5.1711 91.9874 0.7055	
89.585386 279.822145	7.19e-01  8.97e-01  3.90e+05	-36.4723 88.9920 0.9185	
89.585386 279.822145	5.94e-01  8.04e-01  4.26e+05	15.4959 79.2252 0.0083	
89.585386 279.822145	4.61e-01  7.96e-01  4.53e+05	-42.3814 51.7364 0.5321	
89.585386 279.822145	5.24e-01  9.23e-01  4.18e+05	0.1098 84.6519 0.5480	
89.585386 279.822145	6.69e-01  8.22e-01  4.10e+05	49.1846 72.9911 0.2721	
89.585386 279.822145	6.92e-01  8.71e-01  3.99e+05	-13.5390 91.8469 0.8227	
89.585386 279.822145	6.05e-01  6.83e-01  4.46e+05	0.7143 70.2739 0.3917	
89.585386 279.822145	5.02e-01  7.90e-01  4.46e+05	32.5989 62.7057 0.8723	
89.585386 279.822145	5.47e-01  7.67e-01  4.41e+05	-6.6597 72.6391 0.7422	
89.585386 279.822145	7.10e-01  9.92e-01  3.78e+05	39.1290 93.1248 0.6075	
89.585386 279.822145	7.08e-01  8.39e-01  4.01e+05	-31.2946 86.3606 0.0956	
89.585386 279.822145	5.72e-01  9.57e-01  4.04e+05	15.3125 89.3779 0.4645	
89.585386 279.822145	6.13e-01  7.13e-01  4.39e+05	31.2904 67.3070 0.2770	
89.585386 279.822145	5.89e-01  9.38e-01  4.04e+05	3.0526 90.4554 0.2787	
89.585386 279.822145	5.01e-01  7.99e-01  4.44e+05	10.6202 70.8650 0.7424	
89.585386 279.822145	5.41e-01  6.28e-01  4.71e+05	5.1701 55.1345 0.9945	
89.585386 279.822145	4.41e-01  9.23e-01  4.32e+05	-14.4656 76.4409 0.9593	
89.585386 279.822145	5.71e-01  6.83e-01  4.53e+05	-18.1914 64.0184 0.1793	
89.585386 279.822145	5.86e-01  9.63e-01  4.01e+05	12.8278 91.1015 0.7838	
89.585386 279.822145	5.48e-01  6.89e-01  4.57e+05	33.4355 55.1777 0.5226	
89.585386 279.822145	4.04e-01  7.48e-01  4.75e+05	8.0524 52.0947 0.6819	
89.585386 279.822145	5.75e-01  9.52e-01  4.04e+05	-47.3018 77.1842 0.8130	
89.585386 279.822145	6.76e-01  8.48e-01  4.05e+05	3.5797 90.1811 0.9089	
89.585386 279.822145	5.22e-01  8.24e-01  4.35e+05	16.5485 74.3622 0.8968	
89.585386 279.822145	5.19e-01  9.35e-01  4.16e+05	7.4738 84.8764 0.5902	
89.585386 279.822145	4.75e-01  8.25e-01  4.44e+05	-15.8919 69.7958 0.8768	
89.585386 279.822145	4.77e-01  6.70e-01  4.76e+05	-35.2766 38.1071 0.1710	
89.585386 279.822145	5.90e-01  6.89e-01  4.48e+05	7.1213 69.0184 0.0326	
89.585386 279.822145	4.58e-01  7.65e-01  4.60e+05	-40.9411 47.5090 0.3999	
89.585386 279.822145	5.34e-01  9.11e-01  4.18e+05	11.6274 83.6783 0.2426	
89.585386 279.822145	6.60e-01  7.87e-01  4.17e+05	25.8310 80.6571 0.3689	
89.585386 279.822145	4.30e-01  9.21e-01  4.35e+05	-12.8944 75.4192 0.9724	
89.585386 279.822145	7.05e-01  8.22e-01  4.04e+05	-6.3444 90.3367 0.5656	
89.585386 279.822145	8.03e-01  9.16e-01  3.76e+05	23.4180 99.2091 0.2993	
89.585386 279.822145	4.56e-01  8.21e-01  4.49e+05	-18.5619 66.5837 0.0609	
89.585386 279.822145	5.31e-01  8.06e-01  4.37e+05	18.6797 72.9417 0.9747	
89.585386 279.822145	7.61e-01  8.12e-01  3.97e+05	-32.6056 87.7083 0.5250	
89.585386 279.822145	5.80e-01  8.97e-01  4.12e+05	-33.7382 80.1760 0.5685	
89.585386 279.822145	5.78e-01  9.47e-01  4.04e+05	-6.5982 90.1390 0.1597	
89.585386 279.822145	5.88e-01  7.87e-01  4.30e+05	34.6185 70.7010 0.3438	
89.585386 279.822145	5.75e-01  8.84e-01  4.15e+05	-11.5315 84.8331 0.9945	
89.585386 279.822145	4.78e-01  7.70e-01  4.54e+05	-24.1158 61.2386 0.1598	
89.585386 279.822145	6.04e-01  8.19e-01  4.22e+05	11.8688 81.9538 0.2992	
89.585386 279.822145	6.36e-01  8.42e-01  4.12e+05	-14.6144 85.8041 0.2639	
89.585386 279.822145	5.58e-01  8.24e-01  4.29e+05	13.1155 78.3450 0.9168	
89.585386 279.822145	4.79e-01  7.81e-01  4.52e+05	23.1204 63.1141 0.9407	
89.585386 279.822145	6.22e-01  7.91e-01  4.23e+05	-13.7847 80.8397 0.7684	
89.585386 279.822145	4.62e-01  8.84e-01  4.35e+05	5.9503 75.8533 0.8235	
89.585386 279.822145	7.03e-01  8.86e-01  3.94e+05	-17.3279 92.9342 0.3806	
89.585386 279.822145	4.68e-01  7.43e-01  4.62e+05	5.3797 60.8868 0.5411	
89.585386 279.822145	6.68e-01  7.93e-01  4.15e+05	9.8196 85.1952 0.2277	
89.585386 279.822145	4.52e-01  7.44e-01  4.65e+05	-15.6755 56.9657 0.5230	
89.585386 279.822145	6.57e-01  7.90e-01  4.17e+05	-12.4735 83.7651 0.9354	
89.585386 279.822145	5.33e-01  8.24e-01  4.33e+05	40.9662 65.3719 0.0180	
89.585386 279.822145	7.12e-01  8.60e-01  3.97e+05	-5.3587 93.3191 0.4154	
89.585386 279.822145	5.22e-01  8.40e-01  4.32e+05	55.3353 54.3476 0.1898	
89.585386 279.822145	6.31e-01  8.59e-01  4.10e+05	-20.0078 85.5859 0.6391	
89.585386 279.822145	5.63e-01  9.27e-01  4.10e+05	-17.1692 86.2262 0.6094	
89.585386 279.822145	5.29e-01  7.81e-01  4.42e+05	-28.4007 66.8111 0.3545	
89.585386 279.822145	5.17e-01  7.31e-01  4.54e+05	23.4455 61.4588 0.6294	
89.585386 279.822145	4.09e-01  8.21e-01  4.58e+05	-15.5826 61.6552 0.6151	
89.585386 279.822145	4.82e-01  6.73e-01  4.74e+05	-11.3679 51.9521 0.1324	
89.585386 279.822145	3.83e-01  8.63e-01  4.55e+05	3.0184 65.5222 0.8128	
89.585386 279.822145	4.35e-01  9.21e-01  4.34e+05	-8.2011 76.5312 0.4797	
89.585386 279.822145	9.04e-01  9.39e-01  3.59e+05	8.6186 107.5495 0.6735	
89.585386 279.822145	5.89e-01  9.12e-01  4.08e+05	1.5699 88.7055 0.1300	
89.585386 279.822145	5.26e-01  9.14e-01  4.19e+05	-11.7533 83.3594 0.3772	
89.585386 279.822145	4.04e-01  8.87e-01  4.46e+05	-13.8614 69.3290 0.0240	
89.585386 279.822145	6.67e-01  8.03e-01  4.14e+05	-60.3436 61.8682 0.8026	
89.585386 279.822145	4.33e-01  8.31e-01  4.51e+05	19.0042 65.0052 0.2583	
89.585386 279.822145	6.87e-01  8.47e-01  4.03e+05	-23.8725 87.7862 0.9653	
89.585386 279.822145	5.92e-01  8.08e-01  4.25e+05	21.2792 78.0967 0.5882	
89.585386 279.822145	4.12e-01  9.92e-01  4.25e+05	-48.8206 64.8792 0.2247	
89.585386 279.822145	5.46e-01  6.15e-01  4.73e+05	-7.2114 53.6859 0.6164	
89.585386 279.822145	6.44e-01  8.35e-01  4.12e+05	-14.5496 85.9229 0.2255	
89.585386 279.822145	5.64e-01  8.17e-01  4.29e+05	37.9607 69.5950 0.2828	
89.585386 279.822145	6.38e-01  8.10e-01  4.17e+05	-8.8136 84.3242 0.1139	
89.585386 279.822145	5.89e-01  8.44e-01  4.20e+05	-12.6815 82.5899 0.4657	
89.585386 279.822145	3.22e-01  9.07e-01  4.58e+05	8.1748 63.0702 0.9796	
89.585386 279.822145	3.84e-01  7.97e-01  4.68e+05	2.8288 56.9382 0.9493	
89.585386 279.822145	6.37e-01  8.26e-01  4.15e+05	-29.8078 80.6212 0.5603	
89.585386 279.822145	8.02e-01  9.11e-01  3.77e+05	23.7816 98.7465 0.9863	
89.585386 279.822145	6.90e-01  7.83e-01  4.13e+05	-12.2394 85.7844 0.3542	
89.585386 279.822145	7.60e-01  8.80e-01  3.87e+05	-31.4511 92.3438 0.9349	
89.585386 279.822145	3.82e-01  7.78e-01  4.73e+05	9.7241 53.1311 0.5665	
89.585386 279.822145	6.38e-01  8.84e-01  4.05e+05	8.4731 89.7419 0.7680	
89.585386 279.822145	4.68e-01  9.07e-01  4.30e+05	25.6762 74.4169 0.9352	
89.585386 279.822145	5.29e-01  8.13e-01  4.36e+05	-2.6494 75.7382 0.1796	
89.585386 279.822145	5.98e-01  9.18e-01  4.06e+05	5.5756 89.5650 0.5692	
89.585386 279.822145	8.69e-01  9.01e-01  3.69e+05	-7.5832 104.2201 0.6986	
89.585386 279.822145	5.08e-01  9.22e-01  4.20e+05	-23.0750 80.0957 0.2706	
89.585386 279.822145	6.27e-01  7.13e-01  4.36e+05	5.2291 75.4287 0.4332	
89.585386 279.822145	5.51e-01  9.29e-01  4.12e+05	-39.5060 77.7609 0.3893	
89.585386 279.822145	6.08e-01  8.81e-01  4.10e+05	31.4915 81.9912 0.7494	
89.585386 279.822145	7.82e-01  8.31e-01  3.91e+05	-36.4034 88.8159 0.8649	
89.585386 279.822145	5.90e-01  8.33e-01  4.21e+05	-21.5084 79.9804 0.4684	
89.585386 279.822145	6.93e-01  7.90e-01  4.11e+05	14.4732 86.2231 0.6764	
89.585386 279.822145	6.25e-01  7.58e-01  4.28e+05	7.8682 79.1284 0.4805	
89.585386 279.822145	5.90e-01  9.30e-01  4.05e+05	1.1789 90.0140 0.3692	
89.585386 279.822145	5.58e-01  8.54e-01  4.23e+05	9.9525 81.3295 0.2231	
89.585386 279.822145	4.66e-01  7.15e-01  4.68e+05	24.6884 51.4227 0.5585	
89.585386 279.822145	5.85e-01  9.46e-01  4.03e+05	10.2187 90.2272 0.0362	
89.585386 279.822145	2.89e-01  8.32e-01  4.82e+05	-5.5028 46.9735 0.1915	
89.585386 279.822145	7.08e-01  8.60e-01  3.98e+05	-17.5533 91.5237 0.2222	
89.585386 279.822145	6.05e-01  9.20e-01  4.05e+05	-20.5911 87.9602 0.8619	
89.585386 279.822145	4.78e-01  8.15e-01  4.46e+05	18.0013 68.4241 0.5880	
89.585386 279.822145	6.99e-01  8.59e-01  3.99e+05	38.8221 84.0393 0.2002	
89.585386 279.822145	6.23e-01  8.06e-01  4.21e+05	-0.2619 83.2512 0.0417	
89.585386 279.822145	5.11e-01  9.04e-01  4.23e+05	-52.1749 63.4684 0.3959	
89.585386 279.822145	5.23e-01  8.98e-01  4.22e+05	23.1286 79.3181 0.9729	
89.585386 279.822145	5.66e-01  8.29e-01  4.26e+05	-53.0111 60.5637 0.5634	
89.585386 279.822145	6.12e-01  8.19e-01  4.20e+05	-36.4136 75.0133 0.0650	
89.585386 279.822145	5.49e-01  7.51e-01  4.44e+05	15.5174 69.9245 0.9740	
89.585386 279.822145	6.55e-01  8.45e-01  4.09e+05	19.0829 86.5382 0.6046	
89.585386 279.822145	5.81e-01  9.03e-01  4.11e+05	-21.2322 84.8740 0.8604	
89.585386 279.822145	5.95e-01  8.76e-01  4.13e+05	16.7945 84.9103 0.3046	
89.585386 279.822145	5.45e-01  8.91e-01  4.19e+05	19.1096 81.6335 0.7892	
89.585386 279.822145	5.76e-01  8.24e-01  4.26e+05	40.9791 69.7838 0.5094	
89.585386 279.822145	5.51e-01  8.05e-01  4.33e+05	1.5633 77.0602 0.6500	
89.585386 279.822145	5.26e-01  7.51e-01  4.48e+05	-19.2190 66.4828 0.2280	
89.585386 279.822145	6.67e-01  7.83e-01  4.17e+05	-3.6186 84.8331 0.4693	
89.585386 279.822145	6.48e-01  6.94e-01  4.36e+05	-5.1588 75.6399 0.6608	
89.585386 279.822145	4.62e-01  7.77e-01  4.56e+05	17.8341 62.2849 0.5269	
89.585386 279.822145	5.24e-01  7.49e-01  4.49e+05	-0.9735 68.6636 0.3896	
89.585386 279.822145	5.70e-01  8.01e-01  4.31e+05	-16.3259 76.5974 0.1300	
89.585386 279.822145	6.22e-01  7.07e-01  4.39e+05	25.6355 69.9445 0.6652	
89.585386 279.822145	3.65e-01  8.75e-01  4.56e+05	16.1597 62.8990 0.3981	
89.585386 279.822145	5.60e-01  7.53e-01  4.42e+05	-15.2315 71.2760 0.2710	
89.585386 279.822145	7.14e-01  9.16e-01  3.88e+05	28.7945 92.6448 0.8510	
89.585386 279.822145	5.88e-01  8.28e-01  4.23e+05	-2.1998 82.1662 0.7152	
89.585386 279.822145	5.57e-01  7.76e-01  4.38e+05	-20.5342 71.9681 0.0971	
89.585386 279.822145	7.58e-01  8.77e-01  3.88e+05	7.6462 97.0166 0.5714	
89.585386 279.822145	5.31e-01  7.42e-01  4.49e+05	4.0437 68.5759 0.5519	
89.585386 279.822145	6.26e-01  8.49e-01  4.13e+05	-38.8340 77.6550 0.5683	
89.585386 279.822145	5.42e-01  6.06e-01  4.75e+05	-10.0415 51.0950 0.3719	
89.585386 279.822145	5.29e-01  7.88e-01  4.41e+05	8.7269 72.8443 0.1044	
89.585386 279.822145	5.38e-01  6.57e-01  4.65e+05	-7.0557 58.6293 0.1982	
89.585386 279.822145	5.71e-01  7.55e-01  4.39e+05	4.4726 74.0427 0.5989	
89.585386 279.822145	6.96e-01  7.64e-01  4.15e+05	-23.2140 82.4919 0.1781	
89.585386 279.822145	6.11e-01  7.90e-01  4.25e+05	23.2702 77.5500 0.3430	
89.585386 279.822145	6.10e-01  8.03e-01  4.23e+05	-10.3872 81.4046 0.7797	
89.585386 279.822145	5.18e-01  7.58e-01  4.49e+05	-17.6119 66.7211 0.3312	
89.585386 279.822145	5.21e-01  8.61e-01  4.29e+05	-1.2740 79.3671 0.5493	
89.585386 279.822145	5.24e-01  8.34e-01  4.33e+05	-16.8609 75.4462 0.2423	
89.585386 279.822145	4.70e-01  7.43e-01  4.61e+05	-14.0257 59.8980 0.0528	
89.585386 279.822145	5.36e-01  8.03e-01  4.37e+05	-34.9375 66.8893 0.0280	
89.585386 279.822145	4.83e-01  8.73e-01  4.33e+05	8.2465 76.6142 0.1142	
89.585386 279.822145	7.54e-01  9.46e-01  3.78e+05	-21.9037 98.5213 0.2721	
89.585386 279.822145	4.92e-01  7.16e-01  4.63e+05	11.1304 59.8108 0.9238	
