76.338759 287.546985	7.40e-01  8.00e-01  6.29e+02	0.0000 53.3005 0.2689	
76.338759 287.546985	7.74e-01  9.38e-01  5.90e+02	14.8662 78.7990 0.7702	
76.338759 287.546985	7.96e-01  8.55e-01  6.04e+02	28.8215 65.4902 0.7069	
76.338759 287.546985	6.93e-01  9.22e-01  6.09e+02	-11.5169 67.6007 0.8781	
76.338759 287.546985	8.63e-01  9.06e-01  5.80e+02	16.4003 84.0551 0.9103	
76.338759 287.546985	7.41e-01  7.84e-01  6.32e+02	19.7744 46.2273 0.0969	
76.338759 287.546985	8.00e-01  8.76e-01  5.99e+02	8.5991 74.4020 0.0394	
76.338759 287.546985	7.04e-01  9.02e-01  6.12e+02	6.6752 66.4431 0.5060	
76.338759 287.546985	7.69e-01  8.70e-01  6.06e+02	29.7205 63.6513 0.7855	
76.338759 287.546985	7.55e-01  9.34e-01  5.95e+02	-9.4680 77.0735 0.4279	
76.338759 287.546985	5.79e-01  8.99e-01  6.35e+02	7.0731 46.6266 0.3142	
76.338759 287.546985	7.80e-01  7.94e-01  6.21e+02	6.6726 59.0268 0.3866	
76.338759 287.546985	7.62e-01  9.16e-01  5.98e+02	-36.4371 66.5909 0.0044	
76.338759 287.546985	7.85e-01  8.95e-01  5.98e+02	-23.8805 71.8182 0.5300	
76.338759 287.546985	7.74e-01  9.07e-01  5.97e+02	7.1613 75.8377 0.3919	
76.338759 287.546985	7.09e-01  8.69e-01  6.19e+02	-1.6354 61.4275 0.5980	
76.338759 287.546985	7.54e-01  8.98e-01  6.03e+02	-39.7749 60.5270 0.9193	
76.338759 287.546985	6.46e-01  9.23e-01  6.17e+02	7.4931 62.3007 0.7129	
76.338759 287.546985	7.82e-01  9.17e-01  5.94e+02	-10.0662 77.6313 0.7110	
76.338759 287.546985	7.44e-01  9.07e-01  6.03e+02	10.4628 71.8038 0.2581	
76.338759 287.546985	7.06e-01  8.92e-01  6.14e+02	-9.3719 64.5230 0.4224	
76.338759 287.546985	7.31e-01  9.22e-01  6.02e+02	-19.2598 70.5514 0.0331	
76.338759 287.546985	7.19e-01  8.81e-01  6.14e+02	3.5354 65.1637 0.7590	
76.338759 287.546985	7.04e-01  9.08e-01  6.10e+02	21.6368 64.2386 0.5636	
76.338759 287.546985	8.44e-01  9.29e-01  5.79e+02	-35.6443 78.4356 0.8362	
76.338759 287.546985	6.91e-01  9.26e-01  6.08e+02	-0.4034 68.9904 0.6114	
76.338759 287.546985	7.92e-01  8.36e-01  6.09e+02	10.8465 67.3997 0.4990	
76.338759 287.546985	6.87e-01  9.37e-01  6.06e+02	7.5476 69.9832 0.1756	
76.338759 287.546985	7.95e-01  9.14e-01  5.92e+02	44.7087 65.6517 0.6890	
76.338759 287.546985	7.15e-01  8.77e-01  6.16e+02	5.8004 63.5554 0.7480	
76.338759 287.546985	7.13e-01  8.73e-01  6.17e+02	39.9459 48.6647 0.7173	
76.338759 287.546985	8.67e-01  9.36e-01  5.74e+02	-5.7849 88.8170 0.1303	
76.338759 287.546985	8.45e-01  9.12e-01  5.83e+02	4.6695 84.2547 0.7817	
76.338759 287.546985	7.69e-01  8.77e-01  6.05e+02	10.6378 70.3543 0.2472	
76.338759 287.546985	6.10e-01  9.14e-01  6.26e+02	-3.0237 55.6695 0.9337	
76.338759 287.546985	7.79e-01  9.52e-01  5.86e+02	17.3884 80.4338 0.6711	
76.338759 287.546985	8.04e-01  9.40e-01  5.84e+02	-16.0946 81.9301 0.9550	
76.338759 287.546985	7.83e-01  8.80e-01  6.01e+02	-36.6830 63.6821 0.6490	
76.338759 287.546985	7.70e-01  9.08e-01  5.98e+02	-32.1868 68.6265 0.9123	
76.338759 287.546985	7.38e-01  8.89e-01  6.08e+02	10.5348 68.2657 0.7830	
76.338759 287.546985	6.12e-01  9.05e-01  6.28e+02	-6.1690 53.7928 0.3698	
76.338759 287.546985	6.85e-01  9.27e-01  6.09e+02	-29.4973 61.7599 0.1073	
76.338759 287.546985	7.75e-01  9.30e-01  5.92e+02	-42.3238 66.8968 0.7770	
76.338759 287.546985	9.03e-01  9.08e-01  5.72e+02	-5.5953 89.5606 0.8853	
76.338759 287.546985	7.33e-01  8.83e-01  6.11e+02	-0.5350 67.4365 0.2953	
76.338759 287.546985	6.35e-01  9.44e-01  6.14e+02	7.9151 64.8079 0.5751	
76.338759 287.546985	7.60e-01  8.42e-01  6.15e+02	8.4972 63.9864 0.4030	
76.338759 287.546985	7.27e-01  9.33e-01  6.00e+02	-18.4131 72.0736 0.3335	
76.338759 287.546985	6.42e-01  8.90e-01  6.26e+02	-7.4181 55.1408 0.8209	
76.338759 287.546985	7.21e-01  9.07e-01  6.07e+02	-16.8455 67.5346 0.5950	
76.338759 287.546985	8.19e-01  9.20e-01  5.86e+02	22.5317 79.4127 0.0565	
76.338759 287.546985	6.64e-01  8.87e-01  6.23e+02	9.7002 57.5147 0.4609	
76.338759 287.546985	8.37e-01  9.47e-01  5.77e+02	-13.8539 86.2633 0.8075	
76.338759 287.546985	6.72e-01  8.54e-01  6.29e+02	3.3588 52.4177 0.6987	
76.338759 287.546985	8.17e-01  8.68e-01  5.97e+02	-44.7415 61.4546 0.3850	
76.338759 287.546985	7.18e-01  8.89e-01  6.12e+02	27.2805 60.5342 0.4974	
76.338759 287.546985	8.97e-01  9.93e-01  5.56e+02	-14.3907 95.9646 0.2926	
76.338759 287.546985	6.47e-01  9.24e-01  6.17e+02	-15.3776 61.2513 0.1490	
76.338759 287.546985	7.23e-01  8.94e-01  6.10e+02	-16.1685 65.9392 0.3721	
76.338759 287.546985	8.43e-01  8.51e-01  5.96e+02	51.8332 56.9119 0.3010	
76.338759 287.546985	7.66e-01  9.22e-01  5.96e+02	-38.5932 66.7408 0.1099	
76.338759 287.546985	7.76e-01  8.96e-01  5.99e+02	-10.2676 74.1180 0.0225	
76.338759 287.546985	7.45e-01  8.72e-01  6.11e+02	17.4426 64.9612 0.0714	
76.338759 287.546985	8.99e-01  9.32e-01  5.68e+02	7.1514 91.3522 0.5613	
76.338759 287.546985	7.09e-01  9.56e-01  5.98e+02	-12.4381 74.6850 0.4167	
76.338759 287.546985	7.53e-01  9.03e-01  6.02e+02	17.3098 71.0312 0.0444	
76.338759 287.546985	6.76e-01  8.48e-01  6.30e+02	-16.7982 48.9461 0.7391	
76.338759 287.546985	6.86e-01  9.38e-01  6.06e+02	-12.8115 69.1116 0.9850	
76.338759 287.546985	7.80e-01  8.30e-01  6.13e+02	1.8073 65.5634 0.8322	
76.338759 287.546985	6.84e-01  8.97e-01  6.16e+02	-16.4638 61.0410 0.9402	
76.338759 287.546985	7.94e-01  8.38e-01  6.09e+02	18.3912 66.2720 0.9201	
76.338759 287.546985	8.14e-01  9.24e-01  5.86e+02	-9.3302 82.0325 0.3077	
76.338759 287.546985	7.70e-01  9.10e-01  5.97e+02	-8.1430 75.5801 0.3948	
76.338759 287.546985	7.83e-01  8.23e-01  6.14e+02	-3.5739 64.8618 0.0055	
76.338759 287.546985	8.14e-01  9.06e-01  5.90e+02	27.0987 75.6659 0.8030	
76.338759 287.546985	8.30e-01  8.68e-01  5.95e+02	-23.7803 73.7776 0.5771	
76.338759 287.546985	6.61e-01  9.30e-01  6.13e+02	5.8961 65.8043 0.8283	
76.338759 287.546985	8.54e-01  9.41e-01  5.75e+02	8.2917 87.9687 0.4328	
76.338759 287.546985	8.95e-01  9.73e-01  5.61e+02	-17.4945 93.4926 0.5539	
76.338759 287.546985	8.03e-01  9.19e-01  5.89e+02	23.1069 77.4638 0.9571	
76.338759 287.546985	7.12e-01  8.39e-01  6.25e+02	5.4444 56.0234 0.7126	
76.338759 287.546985	7.99e-01  9.01e-01  5.94e+02	43.2530 65.0121 0.3500	
76.338759 287.546985	6.46e-01  9.53e-01  6.10e+02	-21.0243 64.8527 0.7799	
76.338759 287.546985	7.78e-01  9.16e-01  5.94e+02	5.9207 77.5624 0.2634	
76.338759 287.546985	7.66e-01  8.20e-01  6.19e+02	-20.7222 58.0572 0.4999	
76.338759 287.546985	7.15e-01  8.70e-01  6.17e+02	-10.2834 61.8381 0.3828	
76.338759 287.546985	6.05e-01  9.13e-01  6.27e+02	19.8857 51.3421 0.8451	
76.338759 287.546985	7.68e-01  9.27e-01  5.94e+02	11.6536 77.1819 0.9422	
76.338759 287.546985	8.08e-01  9.44e-01  5.83e+02	2.9887 84.3304 0.1895	
76.338759 287.546985	7.68e-01  8.98e-01  6.00e+02	-14.5182 72.7242 0.9560	
76.338759 287.546985	7.70e-01  8.93e-01  6.01e+02	35.3472 64.6953 0.2962	
76.338759 287.546985	8.19e-01  9.67e-01  5.76e+02	0.5512 87.9560 0.1924	
76.338759 287.546985	7.76e-01  9.41e-01  5.89e+02	39.4868 70.3918 0.2929	
76.338759 287.546985	7.82e-01  8.30e-01  6.13e+02	16.2954 63.9451 0.4545	
76.338759 287.546985	6.19e-01  9.22e-01  6.22e+02	28.7744 51.4841 0.5459	
76.338759 287.546985	6.78e-01  8.82e-01  6.21e+02	-7.3234 59.0216 0.1993	
76.338759 287.546985	7.34e-01  8.55e-01  6.17e+02	-10.8759 61.9907 0.3543	
76.338759 287.546985	7.80e-01  8.87e-01  6.01e+02	3.2357 73.9770 0.7251	
76.338759 287.546985	9.16e-01  9.35e-01  5.64e+02	-5.3986 93.3279 0.7823	
76.338759 287.546985	8.01e-01  8.99e-01  5.94e+02	-5.6796 77.8232 0.0189	
76.338759 287.546985	7.79e-01  9.48e-01  5.87e+02	0.1863 81.9340 0.5583	
76.338759 287.546985	7.44e-01  9.17e-01  6.01e+02	-23.0317 70.4034 0.5455	
76.338759 287.546985	8.42e-01  9.44e-01  5.76e+02	17.4643 85.8425 0.9544	
76.338759 287.546985	7.17e-01  9.64e-01  5.95e+02	-8.1168 77.2837 0.3097	
76.338759 287.546985	7.80e-01  8.67e-01  6.05e+02	21.2110 67.9373 0.2785	
76.338759 287.546985	7.26e-01  7.70e-01  6.38e+02	-13.5741 41.3375 0.6404	
76.338759 287.546985	8.17e-01  9.44e-01  5.81e+02	-6.4824 84.8872 0.4649	
76.338759 287.546985	6.82e-01  8.96e-01  6.17e+02	-6.3107 62.3113 0.0388	
76.338759 287.546985	7.37e-01  9.71e-01  5.89e+02	-12.3829 79.6562 0.6347	
76.338759 287.546985	8.93e-01  9.21e-01  5.72e+02	-19.6100 87.8413 0.3226	
76.338759 287.546985	8.37e-01  9.34e-01  5.79e+02	21.1760 83.4034 0.0585	
76.338759 287.546985	7.12e-01  7.90e-01  6.37e+02	8.3191 44.4122 0.1687	
76.338759 287.546985	8.38e-01  9.07e-01  5.85e+02	16.6398 81.3713 0.1508	
76.338759 287.546985	7.39e-01  8.94e-01  6.07e+02	-3.1436 69.8530 0.4851	
76.338759 287.546985	6.26e-01  9.63e-01  6.10e+02	-19.6303 64.8553 0.3224	
76.338759 287.546985	6.66e-01  9.86e-01  5.98e+02	3.2975 75.4570 0.3971	
76.338759 287.546985	6.66e-01  8.79e-01  6.24e+02	9.2770 56.1402 0.2531	
76.338759 287.546985	7.37e-01  9.37e-01  5.98e+02	3.7430 75.8229 0.1792	
76.338759 287.546985	8.91e-01  9.23e-01  5.71e+02	8.6779 89.6657 0.8605	
76.338759 287.546985	7.84e-01  8.90e-01  5.99e+02	7.4060 74.5818 0.1812	
76.338759 287.546985	7.23e-01  9.60e-01  5.94e+02	-0.6540 77.7406 0.4101	
76.338759 287.546985	7.43e-01  8.68e-01  6.12e+02	-6.8266 65.9580 0.3492	
76.338759 287.546985	8.17e-01  8.91e-01  5.93e+02	15.2049 77.3951 0.5465	
76.338759 287.546985	8.88e-01  9.92e-01  5.58e+02	-6.3360 95.9897 0.5805	
76.338759 287.546985	6.08e-01  9.47e-01  6.17e+02	-15.1348 60.6746 0.7023	
76.338759 287.546985	8.41e-01  9.43e-01  5.77e+02	-21.0421 84.7637 0.5347	
76.338759 287.546985	7.57e-01  8.57e-01  6.12e+02	28.1355 60.3367 0.9778	
76.338759 287.546985	7.52e-01  9.51e-01  5.91e+02	16.6550 77.7252 0.1774	
76.338759 287.546985	7.21e-01  9.02e-01  6.08e+02	14.9013 67.3202 0.1851	
76.338759 287.546985	7.22e-01  9.32e-01  6.01e+02	11.4643 72.7268 0.7067	
76.338759 287.546985	7.19e-01  9.59e-01  5.95e+02	-30.5286 70.8307 0.9223	
76.338759 287.546985	7.93e-01  8.56e-01  6.05e+02	16.9513 69.3404 0.3834	
76.338759 287.546985	8.20e-01  9.86e-01  5.72e+02	-35.9225 82.5229 0.1008	
76.338759 287.546985	7.70e-01  8.42e-01  6.13e+02	-33.7868 56.6598 0.5088	
76.338759 287.546985	8.22e-01  8.92e-01  5.91e+02	-29.8739 73.7301 0.7987	
76.338759 287.546985	9.17e-01  9.67e-01  5.58e+02	-1.5924 96.3393 0.7777	
76.338759 287.546985	7.01e-01  9.33e-01  6.05e+02	-29.2763 65.1757 0.4972	
76.338759 287.546985	7.67e-01  8.71e-01  6.07e+02	-1.3292 70.0519 0.8614	
76.338759 287.546985	7.65e-01  8.82e-01  6.05e+02	-17.7101 69.2987 0.9342	
76.338759 287.546985	7.03e-01  8.56e-01  6.23e+02	13.9202 56.4461 0.1833	
76.338759 287.546985	6.18e-01  9.41e-01  6.17e+02	-20.6323 59.0871 0.7854	
76.338759 287.546985	7.61e-01  9.02e-01  6.01e+02	-7.2146 73.4995 0.8698	
76.338759 287.546985	7.41e-01  9.82e-01  5.86e+02	-14.0201 81.1632 0.6556	
76.338759 287.546985	8.82e-01  9.68e-01  5.64e+02	12.0514 92.7913 0.3903	
76.338759 287.546985	6.49e-01  9.81e-01  6.02e+02	-34.4295 64.4265 0.0862	
76.338759 287.546985	7.44e-01  9.51e-01  5.93e+02	23.9174 74.9665 0.2845	
76.338759 287.546985	7.60e-01  9.00e-01  6.02e+02	-1.6441 73.3168 0.7045	
76.338759 287.546985	6.70e-01  8.99e-01  6.19e+02	3.3497 61.3437 0.4069	
76.338759 287.546985	8.30e-01  9.85e-01  5.70e+02	-6.6844 90.4874 0.5833	
76.338759 287.546985	7.78e-01  7.89e-01  6.23e+02	-4.0858 58.2285 0.7014	
76.338759 287.546985	7.34e-01  9.30e-01  5.99e+02	-18.9210 72.3544 0.7590	
76.338759 287.546985	7.85e-01  8.11e-01  6.16e+02	15.4983 61.3507 0.2435	
76.338759 287.546985	7.30e-01  8.55e-01  6.18e+02	-4.3602 62.1680 0.1409	
76.338759 287.546985	7.10e-01  9.71e-01  5.94e+02	47.0828 62.0636 0.0760	
76.338759 287.546985	8.16e-01  8.80e-01  5.95e+02	41.6367 65.3109 0.9299	
76.338759 287.546985	7.69e-01  8.86e-01  6.03e+02	-17.0837 70.4286 0.0990	
76.338759 287.546985	7.01e-01  9.15e-01  6.09e+02	-36.6198 57.9152 0.6228	
76.338759 287.546985	8.19e-01  9.58e-01  5.78e+02	-6.6219 86.7321 0.4858	
76.338759 287.546985	6.85e-01  9.20e-01  6.11e+02	13.2006 65.9027 0.7148	
76.338759 287.546985	6.96e-01  8.57e-01  6.24e+02	5.9806 57.0932 0.5235	
76.338759 287.546985	7.46e-01  8.53e-01  6.15e+02	-4.4531 64.2337 0.0945	
76.338759 287.546985	6.36e-01  9.11e-01  6.22e+02	0.3507 59.2000 0.0093	
76.338759 287.546985	8.23e-01  9.70e-01  5.74e+02	-0.9148 88.5976 0.2808	
76.338759 287.546985	7.04e-01  9.03e-01  6.11e+02	-3.2186 66.8114 0.7007	
76.338759 287.546985	7.28e-01  8.27e-01  6.25e+02	-21.6298 52.2131 0.2947	
76.338759 287.546985	7.43e-01  9.07e-01  6.03e+02	-0.0416 72.4504 0.2645	
76.338759 287.546985	5.98e-01  9.76e-01  6.12e+02	-9.1007 66.1161 0.2110	
76.338759 287.546985	7.20e-01  8.66e-01  6.17e+02	-8.6314 62.0774 0.5579	
76.338759 287.546985	7.44e-01  8.88e-01  6.07e+02	4.4317 69.5584 0.6262	
76.338759 287.546985	7.63e-01  9.03e-01  6.00e+02	14.2197 72.8133 0.1487	
76.338759 287.546985	7.30e-01  9.28e-01  6.01e+02	38.5835 63.1701 0.6299	
76.338759 287.546985	8.92e-01  9.30e-01  5.70e+02	-9.3617 90.3840 0.6163	
76.338759 287.546985	8.47e-01  9.44e-01  5.75e+02	-33.5739 81.4766 0.5442	
76.338759 287.546985	7.54e-01  8.76e-01  6.08e+02	7.3020 68.6487 0.1401	
76.338759 287.546985	7.44e-01  8.48e-01  6.17e+02	-12.5943 61.8197 0.7746	
76.338759 287.546985	7.10e-01  9.33e-01  6.03e+02	6.9865 72.1531 0.1081	
76.338759 287.546985	8.55e-01  9.20e-01  5.79e+02	-6.0199 86.1139 0.7286	
76.338759 287.546985	8.19e-01  9.57e-01  5.78e+02	29.5452 81.7037 0.0759	
76.338759 287.546985	7.78e-01  8.36e-01  6.12e+02	29.3853 59.3396 0.5283	
76.338759 287.546985	7.99e-01  9.38e-01  5.86e+02	0.7560 82.6995 0.4507	
76.338759 287.546985	7.50e-01  9.30e-01  5.97e+02	24.9155 72.3005 0.3130	
76.338759 287.546985	7.04e-01  9.37e-01  6.03e+02	-16.0600 70.4528 0.8696	
76.338759 287.546985	8.39e-01  9.78e-01  5.70e+02	-3.0188 90.7311 0.0018	
76.338759 287.546985	8.03e-01  9.26e-01  5.88e+02	-2.8415 81.6568 0.8092	
76.338759 287.546985	6.55e-01  9.21e-01  6.16e+02	25.5525 58.2794 0.8509	
76.338759 287.546985	7.30e-01  8.99e-01  6.08e+02	10.9460 68.6689 0.5142	
76.338759 287.546985	7.94e-01  8.19e-01  6.13e+02	29.7929 58.7861 0.4890	
76.338759 287.546985	7.77e-01  8.99e-01  5.99e+02	13.4534 74.0316 0.7855	
76.338759 287.546985	7.87e-01  9.37e-01  5.88e+02	-5.4261 81.1013 0.6300	
76.338759 287.546985	7.99e-01  8.65e-01  6.02e+02	-0.0806 73.4142 0.5065	
76.338759 287.546985	7.48e-01  8.73e-01  6.10e+02	-10.0153 67.1831 0.5140	
76.338759 287.546985	8.02e-01  8.84e-01  5.97e+02	-15.8407 74.6823 0.8178	
76.338759 287.546985	7.53e-01  9.00e-01  6.03e+02	2.4165 72.5610 0.5180	
76.338759 287.546985	7.45e-01  8.78e-01  6.10e+02	-0.0831 68.1465 0.3388	
76.338759 287.546985	6.68e-01  8.52e-01  6.31e+02	-25.9591 44.3514 0.9457	
76.338759 287.546985	7.93e-01  9.33e-01  5.88e+02	1.3013 81.5269 0.3275	
76.338759 287.546985	8.12e-01  8.72e-01  5.98e+02	16.6899 74.0256 0.4786	
76.338759 287.546985	7.64e-01  9.75e-01  5.84e+02	21.5559 80.8897 0.8263	
76.338759 287.546985	7.81e-01  8.94e-01  5.99e+02	11.0669 74.3298 0.3543	
76.338759 287.546985	7.34e-01  9.57e-01  5.93e+02	41.6977 66.4979 0.4249	
76.338759 287.546985	8.10e-01  8.95e-01  5.93e+02	6.7716 78.2726 0.1214	
76.338759 287.546985	7.47e-01  8.54e-01  6.15e+02	-11.8855 63.5190 0.7566	
76.338759 287.546985	6.24e-01  8.57e-01  6.38e+02	-14.5980 41.5532 0.0202	
76.338759 287.546985	8.34e-01  8.99e-01  5.87e+02	-24.8083 77.9572 0.8260	
76.338759 287.546985	6.60e-01  9.20e-01  6.15e+02	-7.0056 63.7673 0.0973	
76.338759 287.546985	8.11e-01  9.03e-01  5.91e+02	17.6058 77.7810 0.5513	
76.338759 287.546985	8.29e-01  9.58e-01  5.76e+02	-4.1282 87.7783 0.3552	
76.338759 287.546985	7.64e-01  8.96e-01  6.02e+02	15.2788 71.7888 0.2745	
76.338759 287.546985	7.92e-01  8.00e-01  6.17e+02	13.7734 60.9947 0.0314	
76.338759 287.546985	7.16e-01  8.69e-01  6.17e+02	1.6032 62.7334 0.0503	
76.338759 287.546985	7.83e-01  8.82e-01  6.01e+02	-1.0597 73.6697 0.9522	
76.338759 287.546985	8.02e-01  8.81e-01  5.98e+02	-5.9859 75.6110 0.1599	
76.338759 287.546985	8.30e-01  9.78e-01  5.72e+02	-29.5305 85.0006 0.4502	
76.338759 287.546985	7.43e-01  8.67e-01  6.12e+02	-19.7524 63.1508 0.2448	
76.338759 287.546985	7.30e-01  8.88e-01  6.10e+02	15.7588 66.0418 0.1360	
76.338759 287.546985	7.81e-01  8.67e-01  6.05e+02	-3.5435 71.3082 0.9436	
76.338759 287.546985	7.09e-01  9.05e-01  6.10e+02	-38.6249 55.8224 0.1646	
76.338759 287.546985	8.34e-01  9.57e-01  5.75e+02	27.4641 83.7754 0.1405	
76.338759 287.546985	8.04e-01  9.19e-01  5.89e+02	18.9945 78.7135 0.0040	
76.338759 287.546985	6.31e-01  9.89e-01  6.03e+02	-10.4315 71.7493 0.3463	
76.338759 287.546985	6.47e-01  9.19e-01  6.18e+02	-1.7348 62.1746 0.9973	
76.338759 287.546985	8.50e-01  9.18e-01  5.80e+02	-7.8227 85.2119 0.3197	
76.338759 287.546985	7.57e-01  8.67e-01  6.10e+02	-10.8044 67.1330 0.3259	
76.338759 287.546985	6.05e-01  9.42e-01  6.19e+02	16.1570 58.8422 0.3109	
76.338759 287.546985	8.14e-01  8.87e-01  5.94e+02	17.5843 76.1160 0.2272	
76.338759 287.546985	7.58e-01  8.10e-01  6.22e+02	-18.8440 55.5956 0.0211	
76.338759 287.546985	8.43e-01  9.03e-01  5.85e+02	37.1897 74.4249 0.3021	
76.338759 287.546985	7.56e-01  9.48e-01  5.91e+02	-0.7843 79.5139 0.5733	
76.338759 287.546985	7.26e-01  9.22e-01  6.03e+02	-7.3265 72.2217 0.1479	
76.338759 287.546985	7.23e-01  8.31e-01  6.25e+02	9.7789 55.6986 0.0048	
76.338759 287.546985	6.97e-01  9.79e-01  5.94e+02	-7.0074 77.4575 0.0291	
76.338759 287.546985	7.79e-01  8.74e-01  6.04e+02	2.2937 72.0532 0.5713	
76.338759 287.546985	7.23e-01  9.22e-01  6.03e+02	32.5611 64.5472 0.5468	
76.338759 287.546985	6.53e-01  8.69e-01  6.29e+02	0.0865 52.6715 0.0010	
76.338759 287.546985	6.58e-01  9.32e-01  6.13e+02	17.6903 63.5807 0.4345	
76.338759 287.546985	7.34e-01  9.65e-01  5.91e+02	-12.5948 78.4650 0.1806	
76.338759 287.546985	8.09e-01  9.38e-01  5.84e+02	-18.6910 81.6288 0.3125	
76.338759 287.546985	8.16e-01  9.37e-01  5.83e+02	-35.1257 76.6552 0.7837	
76.338759 287.546985	7.37e-01  9.46e-01  5.95e+02	13.7949 76.0921 0.8135	
76.338759 287.546985	7.49e-01  8.69e-01  6.11e+02	-17.1745 65.1625 0.5010	
76.338759 287.546985	6.64e-01  9.17e-01  6.15e+02	-10.6308 63.2123 0.4094	
76.338759 287.546985	7.01e-01  9.76e-01  5.95e+02	-24.0848 73.8616 0.7322	
76.338759 287.546985	7.70e-01  8.45e-01  6.12e+02	-46.0805 47.8115 0.4991	
76.338759 287.546985	7.86e-01  8.93e-01  5.98e+02	-22.5048 72.2033 0.0251	
76.338759 287.546985	8.52e-01  9.35e-01  5.76e+02	-59.2439 64.5119 0.2079	
76.338759 287.546985	6.98e-01  8.45e-01  6.27e+02	-0.2273 55.0772 0.7474	
76.338759 287.546985	7.12e-01  8.52e-01  6.22e+02	-27.0258 52.3856 0.0394	
76.338759 287.546985	7.68e-01  9.44e-01  5.90e+02	28.4663 75.0970 0.0157	
76.338759 287.546985	6.80e-01  9.88e-01  5.95e+02	1.4195 77.2513 0.1449	
76.338759 287.546985	7.05e-01  8.82e-01  6.16e+02	-12.7321 62.0438 0.7313	
76.338759 287.546985	7.60e-01  8.92e-01  6.04e+02	4.9575 72.0078 0.6973	
76.338759 287.546985	7.89e-01  8.63e-01  6.04e+02	16.2167 69.8806 0.3697	
76.338759 287.546985	7.77e-01  9.57e-01  5.86e+02	-3.8711 82.6808 0.3618	
76.338759 287.546985	7.17e-01  8.82e-01  6.14e+02	11.1748 64.1140 0.8141	
76.338759 287.546985	8.42e-01  9.44e-01  5.76e+02	-5.1017 87.4343 0.9237	
76.338759 287.546985	6.03e-01  9.78e-01  6.10e+02	-32.1790 59.5579 0.4137	
76.338759 287.546985	7.00e-01  9.07e-01  6.11e+02	-20.0427 63.8953 0.3323	
76.338759 287.546985	8.83e-01  9.24e-01  5.73e+02	9.8936 88.9215 0.4170	
76.338759 287.546985	7.67e-01  8.79e-01  6.05e+02	11.3345 70.4193 0.6098	
76.338759 287.546985	7.73e-01  8.93e-01  6.01e+02	18.9327 71.5922 0.5735	
76.338759 287.546985	8.00e-01  8.38e-01  6.07e+02	-19.7295 66.7750 0.1213	
76.338759 287.546985	7.56e-01  8.57e-01  6.12e+02	-19.9971 63.3594 0.5425	
76.338759 287.546985	6.46e-01  9.34e-01  6.14e+02	22.3581 60.8545 0.2600	
76.338759 287.546985	7.64e-01  9.22e-01  5.96e+02	24.6583 72.9945 0.2856	
76.338759 287.546985	8.07e-01  9.14e-01  5.90e+02	16.9856 78.7554 0.3174	
76.338759 287.546985	7.72e-01  8.45e-01  6.12e+02	-17.3844 64.4335 0.4803	
76.338759 287.546985	6.71e-01  9.83e-01  5.98e+02	19.1378 73.2123 0.9446	
76.338759 287.546985	8.07e-01  9.41e-01  5.84e+02	-6.7172 83.6126 0.8061	
76.338759 287.546985	7.21e-01  9.71e-01  5.92e+02	-16.6865 77.1394 0.4292	
76.338759 287.546985	7.78e-01  9.65e-01  5.84e+02	-19.4257 81.4998 0.1237	
76.338759 287.546985	7.97e-01  8.30e-01  6.10e+02	25.5462 63.1302 0.2101	
76.338759 287.546985	8.16e-01  9.66e-01  5.77e+02	6.3583 87.2567 0.3207	
76.338759 287.546985	7.91e-01  9.59e-01  5.83e+02	-24.4546 80.7683 0.9518	
76.338759 287.546985	8.18e-01  8.85e-01  5.93e+02	56.7557 54.0352 0.8873	
76.338759 287.546985	7.99e-01  9.76e-01  5.78e+02	-20.9407 84.4641 0.2543	
76.338759 287.546985	7.03e-01  9.48e-01  6.01e+02	-3.4711 73.8934 0.0552	
76.338759 287.546985	6.76e-01  9.11e-01  6.15e+02	-29.9086 57.1328 0.7892	
76.338759 287.546985	8.79e-01  9.60e-01  5.66e+02	16.9939 91.0245 0.6416	
76.338759 287.546985	7.25e-01  9.27e-01  6.02e+02	26.3457 68.3214 0.0099	
76.338759 287.546985	7.89e-01  9.40e-01  5.87e+02	26.6826 77.4355 0.0532	
76.338759 287.546985	7.57e-01  8.87e-01  6.05e+02	-26.4052 66.0613 0.3416	
76.338759 287.546985	8.37e-01  9.18e-01  5.83e+02	-7.1255 83.8805 0.8089	
76.338759 287.546985	8.07e-01  9.51e-01  5.81e+02	-2.4659 85.0138 0.8853	
76.338759 287.546985	7.57e-01  8.61e-01  6.11e+02	6.5395 66.9753 0.4419	
76.338759 287.546985	7.40e-01  9.57e-01  5.92e+02	-40.5641 67.9296 0.7862	
76.338759 287.546985	7.91e-01  9.50e-01  5.85e+02	-6.2635 83.1080 0.5965	
76.338759 287.546985	7.43e-01  8.73e-01  6.11e+02	-5.2213 67.0284 0.5348	
76.338759 287.546985	7.29e-01  9.14e-01  6.04e+02	-4.1820 71.6717 0.1517	
76.338759 287.546985	6.51e-01  9.70e-01  6.04e+02	14.3246 70.1788 0.2522	
76.338759 287.546985	8.41e-01  9.81e-01  5.69e+02	-15.9008 89.9447 0.3924	
76.338759 287.546985	8.04e-01  9.35e-01  5.85e+02	-9.1316 82.3780 0.8097	
76.338759 287.546985	7.78e-01  8.32e-01  6.13e+02	-22.1848 61.7920 0.1012	
76.338759 287.546985	8.11e-01  8.94e-01  5.93e+02	-2.4266 78.5122 0.5957	
76.338759 287.546985	7.62e-01  9.07e-01  6.00e+02	-14.1491 73.2710 0.8153	
76.338759 287.546985	7.38e-01  9.59e-01  5.92e+02	-24.2052 75.3199 0.4930	
76.338759 287.546985	7.55e-01  8.69e-01  6.09e+02	-1.5818 68.2005 0.6611	
76.338759 287.546985	7.16e-01  9.23e-01  6.04e+02	16.5805 69.6436 0.9477	
76.338759 287.546985	8.50e-01  9.33e-01  5.77e+02	45.7851 74.2084 0.6198	
76.338759 287.546985	7.86e-01  9.03e-01  5.96e+02	-17.6817 74.8611 0.2323	
76.338759 287.546985	7.73e-01  8.75e-01  6.05e+02	-0.8461 71.4569 0.7555	
76.338759 287.546985	6.63e-01  8.96e-01  6.21e+02	2.2451 59.8523 0.9656	
76.338759 287.546985	7.92e-01  9.85e-01  5.77e+02	-21.1759 84.8081 0.2493	
76.338759 287.546985	8.40e-01  9.48e-01  5.76e+02	-17.0331 86.1467 0.1144	
76.338759 287.546985	5.21e-01  9.55e-01  6.29e+02	-12.2818 51.3574 0.0788	
76.338759 287.546985	7.70e-01  8.00e-01  6.22e+02	1.5893 58.8252 0.0039	
76.338759 287.546985	7.96e-01  9.44e-01  5.85e+02	-26.3225 78.8376 0.6487	
76.338759 287.546985	7.32e-01  8.56e-01  6.17e+02	15.9020 60.6782 0.8428	
76.338759 287.546985	7.49e-01  8.93e-01  6.05e+02	-7.7425 70.6052 0.2103	
76.338759 287.546985	7.44e-01  9.29e-01  5.98e+02	28.9703 70.0436 0.6974	
76.338759 287.546985	7.51e-01  8.65e-01  6.11e+02	-18.4181 64.4427 0.3637	
76.338759 287.546985	8.37e-01  8.95e-01  5.88e+02	5.9638 81.3895 0.8864	
76.338759 287.546985	8.69e-01  9.22e-01  5.76e+02	2.9568 87.8418 0.4504	
76.338759 287.546985	8.14e-01  8.98e-01  5.91e+02	0.9270 79.4870 0.8653	
76.338759 287.546985	8.00e-01  9.56e-01  5.82e+02	3.6900 84.7777 0.6767	
76.338759 287.546985	7.98e-01  8.73e-01  6.00e+02	8.2370 73.9690 0.8256	
76.338759 287.546985	6.90e-01  8.88e-01  6.17e+02	16.4242 60.2240 0.6047	
76.338759 287.546985	7.79e-01  8.89e-01  6.00e+02	-13.7321 72.9211 0.7749	
76.338759 287.546985	6.45e-01  9.39e-01  6.13e+02	3.2632 65.5679 0.3014	
76.338759 287.546985	8.31e-01  8.88e-01  5.90e+02	11.4487 79.3536 0.1499	
76.338759 287.546985	7.88e-01  9.22e-01  5.91e+02	-27.6163 74.5738 0.5948	
76.338759 287.546985	8.44e-01  9.11e-01  5.83e+02	26.1883 79.9924 0.8425	
76.338759 287.546985	7.30e-01  8.13e-01  6.27e+02	13.6792 52.4840 0.2852	
76.338759 287.546985	7.34e-01  8.48e-01  6.19e+02	5.9174 61.3338 0.4545	
76.338759 287.546985	7.46e-01  8.04e-01  6.26e+02	1.0759 55.2989 0.1584	
76.338759 287.546985	7.53e-01  9.03e-01  6.02e+02	-43.3375 58.7607 0.8236	
76.338759 287.546985	7.46e-01  8.55e-01  6.15e+02	3.8305 64.4861 0.2183	
76.338759 287.546985	8.92e-01  9.95e-01  5.57e+02	-1.4742 96.7981 0.3984	
76.338759 287.546985	5.51e-01  9.76e-01  6.19e+02	-3.9778 61.2361 0.3116	
76.338759 287.546985	7.49e-01  9.93e-01  5.82e+02	10.8392 83.7252 0.7907	
76.338759 287.546985	6.50e-01  8.90e-01  6.25e+02	-7.7191 56.2137 0.8694	
76.338759 287.546985	7.03e-01  9.08e-01  6.10e+02	0.8725 67.6487 0.0500	
76.338759 287.546985	7.97e-01  8.61e-01  6.03e+02	22.7405 68.8142 0.3251	
76.338759 287.546985	8.87e-01  9.11e-01  5.75e+02	-32.9950 82.0527 0.4827	
76.338759 287.546985	8.32e-01  9.79e-01  5.71e+02	33.7176 83.7798 0.4115	
76.338759 287.546985	7.38e-01  8.66e-01  6.14e+02	-5.7740 65.0885 0.7808	
76.338759 287.546985	6.72e-01  8.42e-01  6.32e+02	17.9530 46.3745 0.2577	
76.338759 287.546985	7.09e-01  7.76e-01  6.41e+02	6.1863 40.2286 0.9638	
76.338759 287.546985	7.36e-01  8.57e-01  6.16e+02	25.7894 58.1072 0.7141	
76.338759 287.546985	8.58e-01  9.35e-01  5.75e+02	-14.9913 86.8607 0.1698	
76.338759 287.546985	8.29e-01  8.76e-01  5.93e+02	-20.7937 75.6666 0.8143	
76.338759 287.546985	7.16e-01  9.72e-01  5.93e+02	23.2407 75.0723 0.1564	
76.338759 287.546985	7.33e-01  9.65e-01  5.92e+02	-28.4256 74.1283 0.9559	
76.338759 287.546985	8.69e-01  8.83e-01  5.84e+02	2.4175 83.7707 0.0602	
76.338759 287.546985	6.72e-01  9.40e-01  6.08e+02	-11.4218 68.0516 0.2720	
76.338759 287.546985	6.21e-01  8.76e-01  6.33e+02	-22.2968 43.3484 0.3453	
76.338759 287.546985	8.47e-01  9.28e-01  5.79e+02	4.1141 86.2183 0.4412	
76.338759 287.546985	8.11e-01  9.26e-01  5.86e+02	-0.4898 82.4320 0.8923	
76.338759 287.546985	7.16e-01  8.80e-01  6.15e+02	-10.9866 63.6352 0.5729	
76.338759 287.546985	7.64e-01  8.92e-01  6.03e+02	-5.3105 72.5341 0.1974	
76.338759 287.546985	8.91e-01  9.26e-01  5.71e+02	18.4797 88.5162 0.7369	
76.338759 287.546985	6.90e-01  9.55e-01  6.01e+02	-11.7165 72.5393 0.1217	
76.338759 287.546985	7.81e-01  8.96e-01  5.98e+02	38.5304 64.8206 0.7054	
76.338759 287.546985	7.89e-01  8.11e-01  6.16e+02	-40.4052 49.4159 0.4466	
76.338759 287.546985	8.10e-01  8.85e-01  5.95e+02	8.3171 76.8949 0.1902	
76.338759 287.546985	6.84e-01  8.86e-01  6.19e+02	-15.3778 59.1503 0.8678	
76.338759 287.546985	7.63e-01  8.05e-01  6.22e+02	8.8202 57.8647 0.3657	
76.338759 287.546985	7.53e-01  8.19e-01  6.21e+02	14.3081 57.6665 0.7645	
76.338759 287.546985	7.86e-01  8.33e-01  6.11e+02	-21.0195 63.4855 0.2794	
76.338759 287.546985	8.46e-01  9.67e-01  5.71e+02	-31.3642 84.6625 0.3127	
76.338759 287.546985	8.70e-01  9.52e-01  5.70e+02	-31.4503 85.2990 0.8813	
76.338759 287.546985	7.07e-01  9.10e-01  6.09e+02	24.9474 63.6645 0.7494	
76.338759 287.546985	6.77e-01  8.83e-01  6.21e+02	28.4337 52.2604 0.9896	
76.338759 287.546985	7.25e-01  9.43e-01  5.98e+02	1.5471 75.5905 0.4248	
76.338759 287.546985	7.20e-01  9.53e-01  5.97e+02	-10.0280 75.7888 0.3544	
76.338759 287.546985	8.38e-01  9.90e-01  5.67e+02	-2.2053 91.9354 0.6982	
76.338759 287.546985	7.27e-01  9.32e-01  6.00e+02	-12.6213 73.0893 0.0851	
76.338759 287.546985	8.13e-01  9.40e-01  5.83e+02	-6.1448 84.0699 0.9693	
76.338759 287.546985	6.54e-01  9.69e-01  6.04e+02	-3.5740 71.6396 0.8555	
76.338759 287.546985	6.42e-01  8.89e-01  6.26e+02	1.4710 55.3151 0.8449	
76.338759 287.546985	7.86e-01  8.51e-01  6.07e+02	44.8944 53.3055 0.2946	
76.338759 287.546985	7.49e-01  9.40e-01  5.95e+02	-16.8330 75.8129 0.3522	
76.338759 287.546985	7.76e-01  9.73e-01  5.82e+02	-20.9039 82.0130 0.8167	
76.338759 287.546985	7.41e-01  9.48e-01  5.94e+02	-8.6346 77.4684 0.5836	
76.338759 287.546985	7.75e-01  8.85e-01  6.02e+02	-36.0997 63.7328 0.3279	
76.338759 287.546985	8.30e-01  8.67e-01  5.95e+02	-3.4317 77.2921 0.6930	
76.338759 287.546985	8.16e-01  9.33e-01  5.84e+02	19.0541 81.6186 0.2603	
76.338759 287.546985	7.73e-01  9.56e-01  5.87e+02	7.8290 81.8646 0.8479	
76.338759 287.546985	8.70e-01  9.11e-01  5.78e+02	3.7750 86.6440 0.4310	
76.338759 287.546985	7.37e-01  8.68e-01  6.13e+02	12.2649 64.3231 0.6255	
76.338759 287.546985	7.74e-01  9.13e-01  5.96e+02	6.3768 76.6064 0.0042	
76.338759 287.546985	8.03e-01  9.82e-01  5.75e+02	-23.9596 84.7615 0.7483	
76.338759 287.546985	8.15e-01  8.79e-01  5.95e+02	-17.7625 75.2098 0.5976	
76.338759 287.546985	6.69e-01  8.11e-01  6.41e+02	9.0399 39.6310 0.4966	
76.338759 287.546985	6.91e-01  8.63e-01  6.23e+02	-7.7623 57.2026 0.7826	
76.338759 287.546985	6.49e-01  9.85e-01  6.01e+02	37.0519 63.8534 0.0579	
76.338759 287.546985	8.44e-01  9.59e-01  5.73e+02	-7.3762 89.0792 0.1841	
76.338759 287.546985	6.48e-01  9.43e-01  6.12e+02	-4.4445 66.4964 0.1565	
76.338759 287.546985	8.14e-01  9.22e-01  5.86e+02	6.9667 82.0451 0.3896	
76.338759 287.546985	6.99e-01  8.98e-01  6.14e+02	6.9752 64.8730 0.7166	
76.338759 287.546985	6.95e-01  8.57e-01  6.24e+02	31.1219 47.9311 0.2126	
76.338759 287.546985	6.99e-01  9.59e-01  5.99e+02	-12.1377 74.1103 0.3010	
76.338759 287.546985	6.39e-01  8.61e-01  6.34e+02	-15.4421 45.6509 0.4649	
76.338759 287.546985	7.88e-01  8.68e-01  6.03e+02	12.1399 71.2906 0.6187	
76.338759 287.546985	7.58e-01  9.20e-01  5.97e+02	-1.4993 75.9645 0.8242	
76.338759 287.546985	7.32e-01  9.02e-01  6.06e+02	23.4892 66.2378 0.1644	
76.338759 287.546985	7.96e-01  9.40e-01  5.86e+02	-0.5087 82.6352 0.1677	
76.338759 287.546985	7.82e-01  9.26e-01  5.91e+02	-45.7131 65.0507 0.9585	
76.338759 287.546985	7.97e-01  8.73e-01  6.00e+02	9.2665 73.6153 0.7889	
76.338759 287.546985	6.96e-01  8.75e-01  6.20e+02	29.1558 53.3938 0.3199	
76.338759 287.546985	7.51e-01  9.24e-01  5.98e+02	-29.3181 69.9317 0.6582	
76.338759 287.546985	8.44e-01  9.44e-01  5.76e+02	-23.4585 84.6421 0.4455	
76.338759 287.546985	7.86e-01  9.77e-01  5.80e+02	7.7324 85.6402 0.9625	
76.338759 287.546985	6.72e-01  9.18e-01  6.14e+02	-14.6529 63.5719 0.0919	
76.338759 287.546985	7.22e-01  8.94e-01  6.10e+02	-24.5555 63.2035 0.2915	
76.338759 287.546985	7.45e-01  9.11e-01  6.02e+02	-33.1859 65.3568 0.3733	
76.338759 287.546985	7.89e-01  8.82e-01  6.00e+02	-16.7219 72.5605 0.6565	
76.338759 287.546985	6.70e-01  9.09e-01  6.16e+02	-4.7199 63.2013 0.1339	
76.338759 287.546985	8.90e-01  9.61e-01  5.64e+02	0.7820 93.5895 0.0098	
76.338759 287.546985	8.09e-01  9.22e-01  5.87e+02	12.8786 80.8545 0.2746	
76.338759 287.546985	8.94e-01  9.47e-01  5.66e+02	46.8520 79.9429 0.1696	
76.338759 287.546985	7.48e-01  8.66e-01  6.12e+02	8.3590 66.0910 0.8878	
76.338759 287.546985	8.19e-01  9.43e-01  5.81e+02	-3.5089 85.2196 0.4018	
76.338759 287.546985	6.82e-01  8.71e-01  6.23e+02	1.6307 57.6597 0.1428	
76.338759 287.546985	8.31e-01  9.06e-01  5.86e+02	-14.8514 80.9534 0.4358	
76.338759 287.546985	7.76e-01  9.26e-01  5.93e+02	1.8508 78.8082 0.9785	
76.338759 287.546985	7.47e-01  8.38e-01  6.18e+02	-4.9815 61.5884 0.3097	
76.338759 287.546985	8.01e-01  9.43e-01  5.84e+02	-6.2570 83.1869 0.2253	
76.338759 287.546985	7.63e-01  8.49e-01  6.12e+02	-3.1173 66.0966 0.2026	
76.338759 287.546985	7.24e-01  8.65e-01  6.17e+02	26.2078 57.3436 0.7179	
76.338759 287.546985	6.69e-01  9.78e-01  5.99e+02	20.3967 71.9200 0.7075	
76.338759 287.546985	7.93e-01  9.62e-01  5.82e+02	-2.7333 84.8212 0.9554	
76.338759 287.546985	7.92e-01  9.55e-01  5.83e+02	23.7312 80.5699 0.0059	
76.338759 287.546985	8.16e-01  8.84e-01  5.94e+02	9.2569 77.4035 0.3870	
76.338759 287.546985	8.10e-01  9.10e-01  5.90e+02	-35.9480 72.0431 0.2161	
76.338759 287.546985	8.28e-01  9.93e-01  5.69e+02	12.2429 90.5781 0.7790	
76.338759 287.546985	7.74e-01  9.66e-01  5.84e+02	-17.3091 81.6986 0.1742	
76.338759 287.546985	8.16e-01  8.80e-01  5.95e+02	-7.5791 77.0482 0.7826	
76.338759 287.546985	7.99e-01  8.76e-01  5.99e+02	6.2104 74.5909 0.0592	
76.338759 287.546985	6.78e-01  9.73e-01  5.99e+02	-50.3791 55.4832 0.4117	
76.338759 287.546985	5.25e-01  9.62e-01  6.26e+02	-11.6711 53.8451 0.9334	
76.338759 287.546985	8.27e-01  9.18e-01  5.85e+02	-13.4169 82.1121 0.8373	
76.338759 287.546985	7.79e-01  8.62e-01  6.06e+02	-44.2683 54.6519 0.8009	
76.338759 287.546985	8.15e-01  8.72e-01  5.97e+02	15.6728 74.5617 0.0925	
76.338759 287.546985	6.09e-01  8.87e-01  6.33e+02	9.3446 48.4539 0.9052	
76.338759 287.546985	7.72e-01  9.44e-01  5.89e+02	3.0538 80.5912 0.3392	
76.338759 287.546985	6.15e-01  9.38e-01  6.19e+02	34.7372 50.7727 0.5554	
76.338759 287.546985	6.99e-01  9.03e-01  6.12e+02	-24.8977 61.4840 0.7595	
76.338759 287.546985	7.57e-01  9.60e-01  5.89e+02	-3.3065 81.0256 0.7071	
76.338759 287.546985	7.74e-01  9.33e-01  5.92e+02	20.5182 76.7583 0.6154	
76.338759 287.546985	7.33e-01  8.20e-01  6.25e+02	18.1222 53.1517 0.7361	
76.338759 287.546985	7.73e-01  9.11e-01  5.97e+02	61.6736 45.2535 0.0046	
76.338759 287.546985	7.81e-01  8.83e-01  6.01e+02	30.5804 66.9572 0.8179	
76.338759 287.546985	8.00e-01  9.82e-01  5.76e+02	-33.8961 80.9919 0.5747	
76.338759 287.546985	6.91e-01  9.54e-01  6.01e+02	11.8573 72.5589 0.9847	
76.338759 287.546985	7.76e-01  8.90e-01  6.01e+02	-26.3079 69.0480 0.5554	
76.338759 287.546985	5.99e-01  8.73e-01  6.38e+02	-4.6966 43.3420 0.3705	
76.338759 287.546985	7.23e-01  8.87e-01  6.12e+02	-11.9007 65.6632 0.2737	
76.338759 287.546985	7.25e-01  8.37e-01  6.23e+02	-14.7584 56.2187 0.2816	
76.338759 287.546985	7.68e-01  9.11e-01  5.97e+02	-8.8772 75.4561 0.5525	
76.338759 287.546985	7.42e-01  9.48e-01  5.94e+02	8.4011 77.6302 0.6439	
76.338759 287.546985	7.42e-01  8.38e-01  6.19e+02	1.0854 60.9380 0.2406	
76.338759 287.546985	7.88e-01  9.52e-01  5.85e+02	19.2297 81.0835 0.4708	
76.338759 287.546985	8.02e-01  9.35e-01  5.86e+02	8.1696 82.2141 0.2431	
76.338759 287.546985	8.46e-01  9.74e-01  5.69e+02	-13.8113 89.9604 0.3901	
76.338759 287.546985	6.79e-01  9.21e-01  6.12e+02	7.2628 66.3082 0.9285	
76.338759 287.546985	7.47e-01  8.63e-01  6.12e+02	16.3141 64.0780 0.4385	
76.338759 287.546985	8.24e-01  9.55e-01  5.77e+02	20.1217 84.7082 0.7009	
76.338759 287.546985	7.94e-01  8.51e-01  6.06e+02	11.3365 69.8253 0.1377	
76.338759 287.546985	7.26e-01  9.78e-01  5.90e+02	7.1234 80.1146 0.6951	
76.338759 287.546985	5.49e-01  9.36e-01  6.30e+02	2.4000 51.9297 0.0582	
76.338759 287.546985	7.96e-01  9.20e-01  5.90e+02	18.7090 77.9598 0.9809	
76.338759 287.546985	6.29e-01  9.61e-01  6.10e+02	-46.5707 48.8735 0.0530	
76.338759 287.546985	8.30e-01  9.59e-01  5.76e+02	-31.7437 82.0519 0.2372	
76.338759 287.546985	7.76e-01  9.26e-01  5.93e+02	-12.8937 77.7147 0.4170	
76.338759 287.546985	7.84e-01  9.43e-01  5.87e+02	31.2593 75.5686 0.5454	
76.338759 287.546985	7.61e-01  9.19e-01  5.97e+02	21.8882 73.0708 0.9849	
76.338759 287.546985	7.79e-01  8.74e-01  6.04e+02	-41.8774 58.6044 0.7517	
76.338759 287.546985	7.65e-01  9.47e-01  5.90e+02	21.6272 77.4079 0.3309	
76.338759 287.546985	7.30e-01  9.13e-01  6.04e+02	-38.6946 60.4109 0.9982	
76.338759 287.546985	7.78e-01  9.79e-01  5.81e+02	0.8226 85.3963 0.6506	
76.338759 287.546985	8.52e-01  9.48e-01  5.74e+02	24.0104 85.6355 0.2985	
76.338759 287.546985	7.19e-01  9.13e-01  6.06e+02	11.1437 69.5414 0.1973	
76.338759 287.546985	7.18e-01  9.00e-01  6.10e+02	22.0607 64.4947 0.2916	
76.338759 287.546985	8.40e-01  9.08e-01  5.84e+02	-3.7354 83.3638 0.8237	
76.338759 287.546985	8.65e-01  8.91e-01  5.83e+02	-19.1261 81.9982 0.9600	
76.338759 287.546985	7.39e-01  8.92e-01  6.07e+02	-30.4024 62.6464 0.7907	
76.338759 287.546985	7.21e-01  8.74e-01  6.15e+02	0.5340 64.3076 0.5985	
76.338759 287.546985	8.43e-01  9.19e-01  5.81e+02	-3.5950 84.8746 0.7469	
76.338759 287.546985	8.79e-01  9.65e-01  5.65e+02	7.0365 92.7816 0.0599	
76.338759 287.546985	5.63e-01  9.84e-01  6.15e+02	-10.7268 63.5212 0.7800	
76.338759 287.546985	7.59e-01  8.67e-01  6.09e+02	-8.6379 67.9034 0.5827	
76.338759 287.546985	7.30e-01  8.21e-01  6.26e+02	-31.7210 45.8654 0.7101	
76.338759 287.546985	7.56e-01  9.10e-01  6.00e+02	13.2657 73.1799 0.9587	
76.338759 287.546985	7.36e-01  8.90e-01  6.08e+02	-3.3226 68.8457 0.0589	
76.338759 287.546985	7.97e-01  8.03e-01  6.16e+02	12.0007 62.6805 0.0575	
76.338759 287.546985	7.05e-01  9.26e-01  6.06e+02	8.0191 70.2348 0.4600	
76.338759 287.546985	7.98e-01  8.18e-01  6.12e+02	-38.5737 54.0383 0.4549	
76.338759 287.546985	7.34e-01  9.43e-01  5.96e+02	-44.7035 62.2207 0.3472	
76.338759 287.546985	8.23e-01  9.08e-01  5.88e+02	-15.0217 80.2348 0.8985	
76.338759 287.546985	7.01e-01  8.08e-01  6.35e+02	8.9216 46.5565 0.4938	
76.338759 287.546985	8.21e-01  9.31e-01  5.83e+02	-25.8206 80.0950 0.0224	
76.338759 287.546985	6.44e-01  9.58e-01  6.09e+02	25.6673 63.8509 0.2957	
76.338759 287.546985	8.08e-01  8.55e-01  6.02e+02	2.1722 73.0375 0.7945	
76.338759 287.546985	6.98e-01  8.73e-01  6.20e+02	-13.9090 59.0118 0.1373	
76.338759 287.546985	7.69e-01  8.36e-01  6.14e+02	-1.7710 64.9648 0.9140	
76.338759 287.546985	7.17e-01  9.22e-01  6.04e+02	-0.7268 71.5817 0.7393	
76.338759 287.546985	8.53e-01  9.57e-01  5.72e+02	61.2104 65.9070 0.4501	
76.338759 287.546985	7.30e-01  9.22e-01  6.02e+02	14.7463 71.6308 0.7146	
76.338759 287.546985	8.21e-01  8.53e-01  6.00e+02	29.5532 68.4631 0.4418	
76.338759 287.546985	7.84e-01  8.93e-01  5.98e+02	-12.4563 74.3461 0.3614	
76.338759 287.546985	8.19e-01  8.61e-01  5.98e+02	-18.8209 72.9574 0.2958	
76.338759 287.546985	7.94e-01  9.06e-01  5.94e+02	11.0562 77.5037 0.2702	
76.338759 287.546985	6.91e-01  8.97e-01  6.15e+02	-19.1419 61.1304 0.2499	
76.338759 287.546985	8.20e-01  9.45e-01  5.80e+02	8.5588 85.2198 0.1887	
76.338759 287.546985	7.36e-01  9.49e-01  5.95e+02	4.8602 77.4033 0.3305	
76.338759 287.546985	7.69e-01  8.72e-01  6.06e+02	13.5455 69.1982 0.2067	
76.338759 287.546985	7.84e-01  9.55e-01  5.85e+02	23.4260 79.8158 0.4914	
76.338759 287.546985	8.07e-01  8.40e-01  6.06e+02	-13.4977 69.5358 0.8904	
76.338759 287.546985	7.08e-01  9.22e-01  6.06e+02	-15.0572 68.7574 0.6706	
76.338759 287.546985	7.85e-01  9.52e-01  5.85e+02	-6.9720 82.6844 0.4931	
76.338759 287.546985	8.14e-01  8.99e-01  5.91e+02	24.4067 75.7112 0.7522	
76.338759 287.546985	6.23e-01  9.58e-01  6.12e+02	-16.5572 64.2195 0.3847	
76.338759 287.546985	7.70e-01  7.96e-01  6.23e+02	-4.6164 57.8598 0.4440	
76.338759 287.546985	7.48e-01  9.43e-01  5.94e+02	-7.2850 77.7203 0.8916	
76.338759 287.546985	7.68e-01  8.90e-01  6.02e+02	-24.1183 68.8488 0.4384	
76.338759 287.546985	8.20e-01  9.22e-01  5.85e+02	-2.6122 82.9034 0.0775	
76.338759 287.546985	8.19e-01  9.26e-01  5.84e+02	-38.9085 73.7189 0.8111	
76.338759 287.546985	7.64e-01  9.76e-01  5.84e+02	19.2175 81.6417 0.3290	
76.338759 287.546985	7.39e-01  9.58e-01  5.92e+02	-9.2407 78.5979 0.4965	
76.338759 287.546985	7.23e-01  8.58e-01  6.18e+02	5.5791 61.4489 0.4933	
76.338759 287.546985	7.69e-01  8.06e-01  6.21e+02	-6.3055 59.2999 0.5684	
76.338759 287.546985	7.60e-01  8.87e-01  6.04e+02	0.2450 71.5741 0.5024	
76.338759 287.546985	7.52e-01  8.84e-01  6.07e+02	26.5027 64.9284 0.2578	
76.338759 287.546985	7.44e-01  9.01e-01  6.04e+02	2.9383 71.6763 0.4688	
76.338759 287.546985	7.49e-01  9.66e-01  5.89e+02	8.1815 80.6968 0.2396	
76.338759 287.546985	7.67e-01  8.68e-01  6.07e+02	17.0780 67.5718 0.5958	
76.338759 287.546985	7.20e-01  9.46e-01  5.98e+02	28.5278 69.7829 0.5504	
76.338759 287.546985	7.82e-01  8.76e-01  6.03e+02	6.3009 72.5518 0.1438	
76.338759 287.546985	7.74e-01  9.21e-01  5.94e+02	22.1260 74.6394 0.1399	
76.338759 287.546985	7.26e-01  9.71e-01  5.91e+02	-34.9054 71.4595 0.2570	
76.338759 287.546985	4.54e-01  9.93e-01  6.28e+02	-10.8313 52.9001 0.3361	
76.338759 287.546985	7.48e-01  9.43e-01  5.94e+02	-4.3236 77.9496 0.6628	
76.338759 287.546985	7.37e-01  8.97e-01  6.07e+02	8.9354 69.4721 0.9029	
76.338759 287.546985	8.48e-01  9.42e-01  5.76e+02	1.1858 87.8915 0.0073	
76.338759 287.546985	7.83e-01  9.43e-01  5.87e+02	-4.4932 81.6238 0.0296	
76.338759 287.546985	7.52e-01  9.13e-01  6.00e+02	-14.3658 72.9176 0.1676	
76.338759 287.546985	6.51e-01  9.47e-01  6.10e+02	8.8941 67.0748 0.0180	
76.338759 287.546985	6.51e-01  9.34e-01  6.13e+02	2.0614 65.4389 0.1632	
76.338759 287.546985	8.44e-01  9.38e-01  5.77e+02	-13.3275 86.0404 0.2919	
76.338759 287.546985	7.86e-01  8.24e-01  6.13e+02	-42.9702 49.3837 0.2520	
76.338759 287.546985	7.84e-01  9.47e-01  5.87e+02	-22.7204 79.0431 0.7230	
76.338759 287.546985	6.34e-01  8.42e-01  6.40e+02	-2.0340 41.8287 0.6670	
76.338759 287.546985	7.07e-01  8.40e-01  6.26e+02	1.0364 55.5332 0.7645	
76.338759 287.546985	6.54e-01  9.55e-01  6.08e+02	-22.2023 65.8884 0.9868	
76.338759 287.546985	7.09e-01  8.53e-01  6.22e+02	-0.5271 58.5778 0.6680	
76.338759 287.546985	7.58e-01  8.20e-01  6.20e+02	13.5637 58.8957 0.4830	
76.338759 287.546985	8.34e-01  9.05e-01  5.86e+02	-1.7398 82.4224 0.8403	
76.338759 287.546985	7.54e-01  8.42e-01  6.16e+02	-16.4263 61.5726 0.5389	
76.338759 287.546985	7.24e-01  9.32e-01  6.01e+02	-2.0800 73.8008 0.3291	
76.338759 287.546985	6.71e-01  9.57e-01  6.04e+02	11.1757 70.9124 0.8396	
76.338759 287.546985	7.79e-01  8.95e-01  5.99e+02	3.0278 74.9736 0.6853	
76.338759 287.546985	8.65e-01  9.54e-01  5.70e+02	-47.3210 77.3478 0.5322	
76.338759 287.546985	7.15e-01  8.25e-01  6.28e+02	-9.6295 53.0464 0.2391	
76.338759 287.546985	8.09e-01  8.84e-01  5.96e+02	4.6350 76.9214 0.3838	
76.338759 287.546985	6.54e-01  9.33e-01  6.13e+02	13.5788 64.2589 0.7935	
76.338759 287.546985	8.21e-01  9.23e-01  5.85e+02	-28.0353 78.2759 0.9132	
76.338759 287.546985	7.68e-01  9.04e-01  5.99e+02	-0.2614 74.9028 0.2093	
76.338759 287.546985	8.31e-01  9.48e-01  5.78e+02	-39.3554 77.5136 0.7895	
76.338759 287.546985	7.87e-01  9.44e-01  5.87e+02	-0.2127 82.1683 0.2863	
76.338759 287.546985	8.35e-01  9.41e-01  5.78e+02	-23.4284 83.3393 0.7173	
76.338759 287.546985	8.47e-01  9.69e-01  5.70e+02	-3.0534 90.5722 0.2152	
76.338759 287.546985	7.76e-01  8.60e-01  6.07e+02	5.0943 69.5398 0.0303	
76.338759 287.546985	7.54e-01  8.64e-01  6.11e+02	19.2298 64.5119 0.3117	
76.338759 287.546985	8.04e-01  9.18e-01  5.89e+02	3.7711 80.7469 0.1418	
76.338759 287.546985	8.11e-01  8.52e-01  6.02e+02	20.3554 70.2088 0.2503	
76.338759 287.546985	8.12e-01  8.62e-01  6.00e+02	4.3517 74.4583 0.1406	
76.338759 287.546985	6.05e-01  9.26e-01  6.23e+02	13.5253 56.1540 0.4632	
76.338759 287.546985	7.26e-01  9.27e-01  6.02e+02	-13.7667 72.0529 0.7189	
76.338759 287.546985	7.93e-01  9.20e-01  5.91e+02	5.6792 79.6524 0.7363	
76.338759 287.546985	7.16e-01  8.01e-01  6.33e+02	-4.0556 48.5538 0.4862	
76.338759 287.546985	7.90e-01  9.51e-01  5.85e+02	35.1161 75.5184 0.2198	
76.338759 287.546985	7.76e-01  8.69e-01  6.05e+02	-29.1819 64.6695 0.4660	
76.338759 287.546985	6.32e-01  9.73e-01  6.07e+02	-19.5788 67.2754 0.8513	
76.338759 287.546985	7.25e-01  9.34e-01  6.00e+02	16.5365 72.3781 0.9497	
76.338759 287.546985	7.18e-01  9.68e-01  5.93e+02	-18.9433 75.9865 0.4901	
76.338759 287.546985	7.58e-01  9.22e-01  5.97e+02	-4.3534 76.2263 0.1945	
76.338759 287.546985	8.19e-01  9.33e-01  5.83e+02	12.4814 83.2863 0.3983	
76.338759 287.546985	6.06e-01  9.41e-01  6.19e+02	1.7083 61.0790 0.2055	
76.338759 287.546985	7.71e-01  8.80e-01  6.04e+02	-7.9366 71.4767 0.6210	
76.338759 287.546985	8.05e-01  9.00e-01  5.93e+02	-1.2525 78.6017 0.6304	
76.338759 287.546985	7.15e-01  7.86e-01  6.37e+02	-10.3879 43.5583 0.9405	
76.338759 287.546985	7.95e-01  9.76e-01  5.78e+02	-58.2111 64.2145 0.5689	
76.338759 287.546985	7.06e-01  9.79e-01  5.93e+02	11.5565 77.7479 0.7977	
76.338759 287.546985	7.30e-01  7.84e-01  6.34e+02	16.1839 45.1048 0.9938	
76.338759 287.546985	8.40e-01  9.61e-01  5.73e+02	-19.4138 87.0558 0.4697	
76.338759 287.546985	7.62e-01  9.12e-01  5.98e+02	3.0905 75.2935 0.1959	
76.338759 287.546985	7.20e-01  8.91e-01  6.11e+02	11.2599 66.0665 0.5412	
76.338759 287.546985	8.04e-01  8.96e-01  5.94e+02	33.0640 70.6481 0.4493	
76.338759 287.546985	7.93e-01  9.47e-01  5.85e+02	-6.7867 82.9608 0.2844	
76.338759 287.546985	6.13e-01  9.11e-01  6.26e+02	-2.5330 55.5931 0.3792	
76.338759 287.546985	7.85e-01  8.33e-01  6.12e+02	23.0007 62.7012 0.1032	
76.338759 287.546985	8.46e-01  9.92e-01  5.66e+02	7.9679 92.4054 0.8551	
76.338759 287.546985	7.73e-01  8.78e-01  6.04e+02	-20.7052 68.7929 0.6883	
76.338759 287.546985	8.57e-01  9.37e-01  5.75e+02	-28.3762 83.5410 0.0017	
76.338759 287.546985	7.73e-01  8.61e-01  6.08e+02	3.8473 69.1749 0.2245	
76.338759 287.546985	7.15e-01  9.52e-01  5.98e+02	15.3389 74.1811 0.7223	
76.338759 287.546985	8.38e-01  9.27e-01  5.81e+02	-17.7479 83.4820 0.5290	
76.338759 287.546985	7.48e-01  8.79e-01  6.09e+02	7.5328 68.3404 0.5284	
76.338759 287.546985	7.33e-01  8.87e-01  6.10e+02	7.0467 67.6299 0.6478	
76.338759 287.546985	6.81e-01  9.42e-01  6.06e+02	17.5989 68.2729 0.7378	
76.338759 287.546985	7.44e-01  9.33e-01  5.97e+02	24.1035 72.3049 0.1673	
76.338759 287.546985	7.70e-01  8.91e-01  6.02e+02	-7.6014 72.9796 0.1781	
76.338759 287.546985	6.85e-01  8.83e-01  6.20e+02	-13.4691 59.1383 0.9629	
76.338759 287.546985	8.28e-01  8.96e-01  5.89e+02	0.6961 80.7569 0.5733	
76.338759 287.546985	7.66e-01  9.36e-01  5.92e+02	30.0144 73.0575 0.5049	
76.338759 287.546985	7.80e-01  9.96e-01  5.76e+02	-20.8490 85.0623 0.1650	
76.338759 287.546985	6.70e-01  9.37e-01  6.09e+02	-19.5044 65.5274 0.1248	
76.338759 287.546985	7.46e-01  9.31e-01  5.97e+02	6.5606 75.8495 0.6605	
76.338759 287.546985	6.87e-01  9.63e-01  6.00e+02	-18.3629 71.9761 0.3497	
76.338759 287.546985	7.51e-01  8.02e-01  6.26e+02	-26.1184 49.4328 0.3638	
76.338759 287.546985	8.04e-01  9.79e-01  5.76e+02	15.3133 86.4777 0.2934	
76.338759 287.546985	8.09e-01  8.19e-01  6.09e+02	4.8537 68.0253 0.9787	
76.338759 287.546985	7.96e-01  9.11e-01  5.92e+02	-7.9483 78.7790 0.7082	
76.338759 287.546985	8.10e-01  8.61e-01  6.00e+02	-31.0499 67.3822 0.4941	
76.338759 287.546985	7.90e-01  9.37e-01  5.88e+02	23.5056 78.2485 0.6010	
76.338759 287.546985	7.84e-01  8.89e-01  5.99e+02	-22.4192 71.4155 0.7235	
76.338759 287.546985	7.76e-01  9.59e-01  5.85e+02	-46.7006 68.5069 0.0092	
76.338759 287.546985	6.73e-01  9.00e-01  6.18e+02	-20.9859 58.3624 0.5515	
76.338759 287.546985	9.13e-01  9.42e-01  5.63e+02	-10.0205 93.3049 0.7552	
76.338759 287.546985	8.06e-01  9.68e-01  5.78e+02	-52.0707 69.5591 0.4061	
76.338759 287.546985	7.81e-01  9.53e-01  5.86e+02	52.0666 64.1783 0.8652	
76.338759 287.546985	8.23e-01  8.40e-01  6.02e+02	24.5143 68.8748 0.4989	
76.338759 287.546985	8.52e-01  8.85e-01  5.87e+02	-10.3692 81.4998 0.5844	
76.338759 287.546985	8.60e-01  9.07e-01  5.81e+02	-43.7674 73.2512 0.7739	
76.338759 287.546985	7.23e-01  8.29e-01  6.25e+02	-0.4894 56.2584 0.2615	
76.338759 287.546985	8.82e-01  9.58e-01  5.66e+02	11.1019 91.9114 0.7166	
76.338759 287.546985	8.35e-01  9.22e-01  5.82e+02	-11.3810 83.7695 0.8074	
76.338759 287.546985	7.07e-01  9.31e-01  6.04e+02	32.4654 63.9819 0.5566	
76.338759 287.546985	7.95e-01  8.53e-01  6.05e+02	-13.5853 69.7450 0.3217	
76.338759 287.546985	8.30e-01  9.20e-01  5.84e+02	-14.0135 82.5403 0.1640	
76.338759 287.546985	8.50e-01  9.12e-01  5.82e+02	5.0888 84.7123 0.5201	
76.338759 287.546985	7.54e-01  7.87e-01  6.28e+02	-38.7448 36.7689 0.7702	
76.338759 287.546985	7.45e-01  7.68e-01  6.35e+02	-38.7915 27.2696 0.1408	
76.338759 287.546985	6.92e-01  9.53e-01  6.01e+02	-11.8634 72.5099 0.2238	
76.338759 287.546985	8.22e-01  9.08e-01  5.88e+02	11.0777 80.7065 0.5210	
76.338759 287.546985	6.89e-01  8.49e-01  6.27e+02	-15.4822 52.0205 0.2750	
76.338759 287.546985	6.75e-01  8.59e-01  6.28e+02	2.8100 54.0877 0.0921	
76.338759 287.546985	5.23e-01  9.82e-01  6.21e+02	3.2916 59.4630 0.2688	
76.338759 287.546985	8.40e-01  9.64e-01  5.73e+02	-54.1419 71.2961 0.8980	
76.338759 287.546985	6.38e-01  8.79e-01  6.30e+02	-3.7942 52.1314 0.7190	
76.338759 287.546985	8.25e-01  9.20e-01  5.85e+02	5.1855 83.1239 0.5409	
76.338759 287.546985	7.95e-01  8.41e-01  6.08e+02	-7.8625 69.0535 0.0832	
76.338759 287.546985	6.26e-01  8.84e-01  6.31e+02	-9.7640 50.4381 0.7665	
76.338759 287.546985	7.84e-01  8.96e-01  5.98e+02	24.2432 71.6354 0.7752	
76.338759 287.546985	6.82e-01  8.69e-01  6.24e+02	-2.2590 57.2456 0.3416	
76.338759 287.546985	7.83e-01  9.13e-01  5.94e+02	-12.8131 76.8789 0.0923	
76.338759 287.546985	7.56e-01  9.27e-01  5.96e+02	40.0712 65.3608 0.1642	
76.338759 287.546985	6.98e-01  8.38e-01  6.28e+02	-15.9383 51.2550 0.0282	
76.338759 287.546985	8.15e-01  9.37e-01  5.83e+02	-34.1741 77.0137 0.6973	
76.338759 287.546985	7.25e-01  8.52e-01  6.19e+02	-1.2981 60.9410 0.2995	
76.338759 287.546985	8.01e-01  9.62e-01  5.80e+02	-53.0016 67.1906 0.7952	
76.338759 287.546985	8.39e-01  8.80e-01  5.90e+02	-3.2525 80.0218 0.6265	
76.338759 287.546985	8.38e-01  9.54e-01  5.75e+02	-1.2028 88.1869 0.0952	
76.338759 287.546985	9.04e-01  9.68e-01  5.60e+02	5.8041 95.1572 0.4582	
76.338759 287.546985	6.87e-01  8.60e-01  6.25e+02	-31.2234 47.0832 0.8031	
76.338759 287.546985	6.92e-01  8.65e-01  6.23e+02	8.9028 57.6735 0.1192	
76.338759 287.546985	8.12e-01  8.59e-01  6.00e+02	6.9087 73.8788 0.8829	
76.338759 287.546985	7.60e-01  8.58e-01  6.11e+02	13.3956 65.9111 0.8250	
76.338759 287.546985	6.82e-01  9.30e-01  6.09e+02	52.2575 44.5458 0.5439	
76.338759 287.546985	8.35e-01  8.66e-01  5.94e+02	53.0066 57.2260 0.5276	
76.338759 287.546985	7.97e-01  8.03e-01  6.15e+02	-0.8924 64.0050 0.4811	
76.338759 287.546985	7.67e-01  9.20e-01  5.96e+02	-16.4083 75.2592 0.5969	
76.338759 287.546985	7.34e-01  8.53e-01  6.18e+02	-26.6284 56.4256 0.2581	
76.338759 287.546985	8.08e-01  9.05e-01  5.91e+02	-30.6794 73.5012 0.7484	
76.338759 287.546985	7.36e-01  9.00e-01  6.06e+02	13.8003 69.1001 0.9204	
76.338759 287.546985	7.20e-01  8.54e-01  6.20e+02	-16.0384 58.3550 0.0224	
76.338759 287.546985	7.69e-01  8.56e-01  6.10e+02	-22.7582 64.1062 0.9321	
76.338759 287.546985	7.39e-01  9.62e-01  5.91e+02	-26.0617 75.1426 0.5398	
76.338759 287.546985	8.78e-01  9.76e-01  5.63e+02	1.3543 93.8918 0.8973	
76.338759 287.546985	6.50e-01  9.26e-01  6.16e+02	2.2507 63.7126 0.8202	
76.338759 287.546985	7.64e-01  9.24e-01  5.95e+02	8.3083 76.6989 0.1655	
76.338759 287.546985	7.98e-01  8.90e-01  5.97e+02	-21.8618 73.3058 0.7812	
76.338759 287.546985	7.68e-01  9.50e-01  5.89e+02	1.0939 80.9857 0.5041	
76.338759 287.546985	8.43e-01  9.15e-01  5.82e+02	9.1515 84.0266 0.4642	
76.338759 287.546985	7.07e-01  9.18e-01  6.07e+02	52.6495 45.6884 0.0114	
76.338759 287.546985	6.16e-01  8.90e-01  6.31e+02	-2.7471 51.0695 0.5461	
76.338759 287.546985	7.03e-01  9.26e-01  6.06e+02	-12.4073 69.3925 0.8718	
76.338759 287.546985	7.87e-01  9.30e-01  5.90e+02	-31.0013 74.2279 0.7028	
76.338759 287.546985	7.58e-01  9.65e-01  5.87e+02	10.9971 81.1759 0.7800	
76.338759 287.546985	7.19e-01  8.99e-01  6.10e+02	-26.4879 62.8092 0.4254	
76.338759 287.546985	7.35e-01  9.14e-01  6.03e+02	14.2392 71.1277 0.5087	
76.338759 287.546985	7.35e-01  9.64e-01  5.91e+02	-14.1036 78.2247 0.2533	
76.338759 287.546985	7.15e-01  8.65e-01  6.18e+02	41.3886 45.8316 0.6551	
76.338759 287.546985	6.74e-01  9.06e-01  6.16e+02	10.7834 62.3581 0.2067	
76.338759 287.546985	7.30e-01  9.48e-01  5.96e+02	-0.3333 76.7643 0.5150	
76.338759 287.546985	6.42e-01  9.16e-01  6.20e+02	-15.8848 58.7627 0.4265	
76.338759 287.546985	7.02e-01  8.17e-01  6.32e+02	1.1823 49.5519 0.5902	
76.338759 287.546985	6.21e-01  9.41e-01  6.17e+02	12.7895 61.7063 0.0514	
76.338759 287.546985	7.72e-01  8.72e-01  6.06e+02	6.0237 70.6136 0.4104	
76.338759 287.546985	8.11e-01  9.80e-01  5.74e+02	-16.1956 87.1304 0.3702	
76.338759 287.546985	7.94e-01  7.98e-01  6.17e+02	-4.9114 62.3409 0.8524	
76.338759 287.546985	7.11e-01  8.20e-01  6.30e+02	-6.6763 51.5356 0.6520	
76.338759 287.546985	7.44e-01  9.37e-01  5.96e+02	5.0703 76.6803 0.9027	
76.338759 287.546985	8.64e-01  8.85e-01  5.84e+02	-23.3527 80.1013 0.3238	
76.338759 287.546985	9.14e-01  9.67e-01  5.58e+02	2.6786 96.1038 0.7845	
76.338759 287.546985	7.90e-01  8.45e-01  6.08e+02	-1.7862 69.3566 0.1987	
76.338759 287.546985	8.22e-01  9.20e-01  5.85e+02	15.9428 81.3741 0.3930	
76.338759 287.546985	8.23e-01  9.41e-01  5.81e+02	-20.3729 82.9069 0.5566	
76.338759 287.546985	7.46e-01  8.25e-01  6.21e+02	-22.2046 55.0085 0.7257	
76.338759 287.546985	8.11e-01  8.81e-01  5.96e+02	1.6008 77.0115 0.0224	
76.338759 287.546985	7.89e-01  9.60e-01  5.83e+02	14.1413 83.0946 0.8863	
76.338759 287.546985	7.93e-01  8.97e-01  5.96e+02	21.4806 73.8261 0.5805	
76.338759 287.546985	7.20e-01  9.11e-01  6.07e+02	23.9484 65.9644 0.6119	
76.338759 287.546985	7.26e-01  9.67e-01  5.92e+02	-37.5808 69.5278 0.6731	
76.338759 287.546985	7.43e-01  9.46e-01  5.94e+02	24.8935 73.7969 0.5813	
76.338759 287.546985	7.73e-01  8.64e-01  6.07e+02	6.5705 69.4319 0.3885	
76.338759 287.546985	8.35e-01  9.90e-01  5.68e+02	37.4681 83.6785 0.9885	
76.338759 287.546985	9.10e-01  9.50e-01  5.62e+02	13.4172 93.3405 0.1568	
76.338759 287.546985	6.65e-01  9.37e-01  6.10e+02	-9.3039 67.0200 0.6618	
76.338759 287.546985	8.48e-01  8.86e-01  5.87e+02	29.4318 76.3492 0.9251	
76.338759 287.546985	7.83e-01  8.97e-01  5.98e+02	-2.7057 75.6554 0.8284	
76.338759 287.546985	7.21e-01  9.16e-01  6.05e+02	7.9246 70.6090 0.9269	
76.338759 287.546985	7.27e-01  7.76e-01  6.37e+02	-3.0557 45.0622 0.8318	
76.338759 287.546985	7.56e-01  8.99e-01  6.03e+02	-25.1710 68.2606 0.5605	
76.338759 287.546985	7.42e-01  9.83e-01  5.86e+02	-18.8992 80.4584 0.6762	
76.338759 287.546985	6.27e-01  9.39e-01  6.16e+02	11.1580 62.4034 0.2478	
76.338759 287.546985	6.67e-01  9.59e-01  6.04e+02	31.2278 64.4560 0.0009	
76.338759 287.546985	7.20e-01  9.22e-01  6.04e+02	-12.6277 70.6471 0.0363	
76.338759 287.546985	8.65e-01  9.43e-01  5.72e+02	13.0579 88.6282 0.5828	
76.338759 287.546985	8.23e-01  8.44e-01  6.01e+02	11.1751 72.6799 0.3030	
76.338759 287.546985	6.63e-01  8.20e-01  6.40e+02	8.5551 41.0373 0.2392	
76.338759 287.546985	6.84e-01  9.45e-01  6.05e+02	4.4778 71.1744 0.5075	
76.338759 287.546985	8.21e-01  8.67e-01  5.97e+02	39.6976 65.2165 0.7334	
76.338759 287.546985	8.15e-01  9.57e-01  5.79e+02	-20.7882 83.7954 0.1358	
76.338759 287.546985	7.98e-01  8.84e-01  5.98e+02	-3.2468 75.7050 0.6731	
76.338759 287.546985	7.49e-01  9.67e-01  5.88e+02	31.5373 74.8106 0.3041	
76.338759 287.546985	7.50e-01  9.66e-01  5.88e+02	-25.9928 76.9529 0.8146	
76.338759 287.546985	7.43e-01  8.50e-01  6.16e+02	-14.3747 61.7262 0.3348	
76.338759 287.546985	6.94e-01  9.70e-01  5.97e+02	-10.4883 75.4411 0.3618	
76.338759 287.546985	6.62e-01  8.56e-01  6.31e+02	-6.9731 50.7053 0.1181	
76.338759 287.546985	6.91e-01  9.63e-01  5.99e+02	-9.2444 74.3302 0.6759	
76.338759 287.546985	7.68e-01  8.93e-01  6.02e+02	-38.1005 62.6825 0.6209	
76.338759 287.546985	7.93e-01  8.99e-01  5.95e+02	-23.4103 73.6625 0.2014	
76.338759 287.546985	6.74e-01  9.18e-01  6.13e+02	2.3137 65.6467 0.4294	
76.338759 287.546985	8.55e-01  9.51e-01  5.73e+02	-30.4109 84.1611 0.0119	
76.338759 287.546985	7.71e-01  8.41e-01  6.13e+02	16.2690 63.9216 0.6377	
76.338759 287.546985	7.64e-01  9.16e-01  5.97e+02	-10.5020 75.4394 0.3107	
76.338759 287.546985	6.66e-01  8.77e-01  6.25e+02	-1.8681 56.3426 0.1061	
76.338759 287.546985	6.76e-01  8.89e-01  6.20e+02	-41.4949 44.0257 0.9118	
76.338759 287.546985	8.80e-01  9.03e-01  5.78e+02	15.8610 85.5108 0.3466	
76.338759 287.546985	7.36e-01  9.88e-01  5.86e+02	-9.6525 81.9999 0.5587	
76.338759 287.546985	7.62e-01  8.80e-01  6.06e+02	-17.2171 68.6979 0.3156	
76.338759 287.546985	7.72e-01  8.80e-01  6.04e+02	-25.1114 67.4229 0.5801	
76.338759 287.546985	7.33e-01  8.46e-01  6.19e+02	42.4434 43.7724 0.7174	
76.338759 287.546985	8.54e-01  9.07e-01  5.82e+02	20.8780 82.1508 0.9480	
76.338759 287.546985	7.60e-01  8.80e-01  6.06e+02	-1.2468 70.4586 0.5504	
76.338759 287.546985	7.82e-01  9.35e-01  5.90e+02	-23.6568 76.9801 0.9998	
76.338759 287.546985	7.58e-01  9.52e-01  5.90e+02	27.2996 75.4458 0.3439	
76.338759 287.546985	6.97e-01  8.92e-01  6.15e+02	24.6129 59.1355 0.9037	
76.338759 287.546985	9.03e-01  9.44e-01  5.65e+02	-10.3959 92.5070 0.3638	
76.338759 287.546985	7.59e-01  8.85e-01  6.05e+02	-8.8228 70.4758 0.2124	
76.338759 287.546985	7.07e-01  9.19e-01  6.07e+02	27.0180 64.4499 0.6437	
76.338759 287.546985	8.65e-01  9.32e-01  5.75e+02	-25.1333 84.8519 0.5033	
76.338759 287.546985	7.45e-01  9.68e-01  5.89e+02	-29.9292 75.2917 0.6751	
76.338759 287.546985	8.64e-01  9.55e-01  5.70e+02	23.7132 87.5303 0.5685	
76.338759 287.546985	8.97e-01  9.66e-01  5.62e+02	-29.3469 89.9340 0.3729	
76.338759 287.546985	7.41e-01  9.56e-01  5.92e+02	-12.4541 78.0634 0.5932	
76.338759 287.546985	7.33e-01  8.42e-01  6.20e+02	-10.9616 59.3296 0.4541	
76.338759 287.546985	8.02e-01  9.06e-01  5.92e+02	35.3534 70.7863 0.8536	
76.338759 287.546985	8.41e-01  9.15e-01  5.83e+02	22.4197 81.3241 0.7088	
76.338759 287.546985	8.60e-01  9.19e-01  5.78e+02	-17.4230 84.9177 0.0430	
76.338759 287.546985	6.30e-01  9.51e-01  6.13e+02	-2.2138 65.8111 0.5499	
76.338759 287.546985	7.50e-01  9.73e-01  5.87e+02	-5.1859 81.9134 0.1015	
76.338759 287.546985	7.68e-01  9.03e-01  5.99e+02	23.5109 71.1087 0.6123	
76.338759 287.546985	6.60e-01  8.45e-01  6.34e+02	-3.8561 47.7572 0.9355	
76.338759 287.546985	8.51e-01  8.91e-01  5.86e+02	-10.2943 82.0593 0.5774	
76.338759 287.546985	7.35e-01  9.31e-01  5.99e+02	28.6685 69.3138 0.2146	
76.338759 287.546985	8.45e-01  8.89e-01  5.87e+02	-32.3283 75.1843 0.2683	
76.338759 287.546985	7.20e-01  8.71e-01  6.16e+02	-0.6256 63.5472 0.1948	
76.338759 287.546985	7.88e-01  9.37e-01  5.88e+02	24.1929 77.8178 0.1421	
76.338759 287.546985	7.17e-01  8.65e-01  6.18e+02	-5.9188 61.7794 0.7839	
76.338759 287.546985	7.82e-01  9.16e-01  5.94e+02	3.5923 78.0188 0.5455	
76.338759 287.546985	7.55e-01  8.44e-01  6.15e+02	-8.4872 63.4730 0.1012	
76.338759 287.546985	8.28e-01  9.00e-01  5.88e+02	-3.6134 81.1134 0.8364	
76.338759 287.546985	8.70e-01  9.51e-01  5.70e+02	54.4429 72.6910 0.7879	
76.338759 287.546985	8.13e-01  9.51e-01  5.80e+02	-10.8205 84.9296 0.2787	
76.338759 287.546985	7.58e-01  8.84e-01  6.06e+02	-7.8648 70.4400 0.2588	
76.338759 287.546985	5.76e-01  9.35e-01  6.26e+02	-21.7659 51.1236 0.9501	
76.338759 287.546985	7.13e-01  9.93e-01  5.89e+02	-3.8622 81.0413 0.7568	
76.338759 287.546985	8.08e-01  8.93e-01  5.94e+02	-19.5531 75.6321 0.8681	
76.338759 287.546985	6.23e-01  9.59e-01  6.12e+02	-24.2241 61.9473 0.8417	
76.338759 287.546985	7.52e-01  9.14e-01  6.00e+02	12.5183 73.4474 0.9614	
76.338759 287.546985	7.32e-01  8.12e-01  6.27e+02	-2.1842 54.2214 0.9884	
76.338759 287.546985	9.05e-01  9.41e-01  5.65e+02	8.6971 92.6520 0.1945	
76.338759 287.546985	7.58e-01  9.73e-01  5.85e+02	-7.7101 82.5065 0.6220	
76.338759 287.546985	7.51e-01  9.08e-01  6.01e+02	-1.7114 73.5376 0.6473	
76.338759 287.546985	6.44e-01  9.95e-01  5.99e+02	-10.8958 73.9518 0.4300	
76.338759 287.546985	7.51e-01  8.67e-01  6.11e+02	4.5363 67.0703 0.5771	
76.338759 287.546985	6.50e-01  8.88e-01  6.25e+02	-9.3675 55.5033 0.9188	
76.338759 287.546985	7.57e-01  9.19e-01  5.98e+02	5.5262 75.5519 0.6855	
76.338759 287.546985	7.55e-01  9.42e-01  5.93e+02	-13.6774 77.4045 0.6778	
76.338759 287.546985	5.18e-01  9.49e-01  6.31e+02	-8.6664 50.1475 0.6401	
76.338759 287.546985	8.58e-01  9.51e-01  5.72e+02	29.6590 84.7322 0.6154	
76.338759 287.546985	7.52e-01  9.82e-01  5.84e+02	46.1579 69.4396 0.5217	
76.338759 287.546985	7.66e-01  8.86e-01  6.04e+02	-29.9370 65.6301 0.7230	
76.338759 287.546985	7.89e-01  9.41e-01  5.87e+02	-1.1332 81.9584 0.6066	
76.338759 287.546985	6.56e-01  8.72e-01  6.28e+02	-6.4158 53.2985 0.5997	
76.338759 287.546985	7.88e-01  8.44e-01  6.08e+02	11.7785 67.8919 0.7239	
76.338759 287.546985	7.69e-01  9.05e-01  5.99e+02	18.5266 72.8998 0.5459	
76.338759 287.546985	6.41e-01  9.12e-01  6.21e+02	14.6562 58.1525 0.4291	
76.338759 287.546985	8.08e-01  9.04e-01  5.91e+02	-4.2767 79.4617 0.4354	
76.338759 287.546985	9.00e-01  9.59e-01  5.63e+02	15.6369 92.9242 0.5793	
76.338759 287.546985	6.28e-01  9.68e-01  6.09e+02	-34.3487 59.4560 0.3244	
76.338759 287.546985	8.22e-01  8.34e-01  6.03e+02	20.5075 69.2481 0.2294	
76.338759 287.546985	7.51e-01  8.73e-01  6.09e+02	7.7358 67.7954 0.3691	
76.338759 287.546985	8.36e-01  8.55e-01  5.96e+02	-18.5623 74.4626 0.7079	
76.338759 287.546985	7.72e-01  8.82e-01  6.03e+02	7.8708 71.8478 0.3852	
76.338759 287.546985	6.75e-01  9.56e-01  6.04e+02	12.2918 70.8759 0.0904	
76.338759 287.546985	8.89e-01  9.54e-01  5.66e+02	-12.7258 91.9861 0.3282	
76.338759 287.546985	6.66e-01  9.10e-01  6.17e+02	-0.6485 63.0068 0.4017	
76.338759 287.546985	7.23e-01  8.64e-01  6.17e+02	3.2089 62.6753 0.0150	
76.338759 287.546985	6.30e-01  9.19e-01  6.21e+02	-6.3910 59.4851 0.9630	
76.338759 287.546985	8.09e-01  8.78e-01  5.97e+02	28.3014 70.7846 0.3190	
76.338759 287.546985	8.02e-01  9.33e-01  5.86e+02	2.2124 82.3868 0.9167	
76.338759 287.546985	7.18e-01  8.79e-01  6.15e+02	-6.5160 64.2630 0.7687	
76.338759 287.546985	7.81e-01  9.31e-01  5.91e+02	-22.1501 76.7571 0.0735	
76.338759 287.546985	8.21e-01  8.63e-01  5.97e+02	7.3896 75.6111 0.4808	
76.338759 287.546985	7.42e-01  9.59e-01  5.91e+02	-37.8992 69.9916 0.2531	
76.338759 287.546985	6.80e-01  9.24e-01  6.11e+02	-20.8557 64.0065 0.9221	
76.338759 287.546985	7.09e-01  8.93e-01  6.13e+02	-0.2387 65.7751 0.1254	
76.338759 287.546985	8.04e-01  9.40e-01  5.84e+02	4.6068 83.3132 0.7682	
76.338759 287.546985	7.88e-01  9.40e-01  5.87e+02	-5.6128 81.5350 0.5543	
76.338759 287.546985	7.65e-01  8.91e-01  6.03e+02	15.3608 71.0732 0.7214	
76.338759 287.546985	7.80e-01  9.24e-01  5.92e+02	-2.9836 78.8358 0.4515	
76.338759 287.546985	6.64e-01  9.39e-01  6.10e+02	43.4698 52.1475 0.1439	
76.338759 287.546985	6.23e-01  8.70e-01  6.35e+02	13.6014 45.4867 0.3421	
76.338759 287.546985	8.14e-01  9.15e-01  5.88e+02	-6.0737 81.2870 0.9940	
76.338759 287.546985	8.50e-01  9.06e-01  5.83e+02	17.0510 82.5201 0.2134	
76.338759 287.546985	8.30e-01  8.86e-01  5.91e+02	-17.8434 77.8578 0.1818	
76.338759 287.546985	7.43e-01  9.18e-01  6.01e+02	-3.7643 73.8969 0.8720	
76.338759 287.546985	7.87e-01  9.29e-01  5.90e+02	-18.1808 78.2826 0.4365	
76.338759 287.546985	7.49e-01  9.31e-01  5.97e+02	45.3354 61.5656 0.4328	
76.338759 287.546985	8.75e-01  9.38e-01  5.71e+02	-57.0192 69.6755 0.4605	
76.338759 287.546985	8.00e-01  8.81e-01  5.98e+02	-30.9253 69.0159 0.8377	
76.338759 287.546985	7.66e-01  9.52e-01  5.89e+02	-11.1830 80.3068 0.1309	
76.338759 287.546985	8.26e-01  9.53e-01  5.77e+02	26.9110 82.8006 0.8394	
76.338759 287.546985	7.44e-01  8.46e-01  6.17e+02	10.7010 61.7503 0.3287	
76.338759 287.546985	8.15e-01  9.64e-01  5.77e+02	5.4470 87.0422 0.7044	
76.338759 287.546985	7.82e-01  8.55e-01  6.07e+02	36.9596 59.0594 0.0427	
76.338759 287.546985	7.98e-01  9.77e-01  5.77e+02	15.9631 85.5654 0.8178	
76.338759 287.546985	6.59e-01  8.97e-01  6.21e+02	-18.0952 56.8113 0.6904	
76.338759 287.546985	7.66e-01  9.19e-01  5.96e+02	-35.2594 68.2253 0.2291	
76.338759 287.546985	8.68e-01  9.87e-01  5.63e+02	-27.8966 89.8564 0.8646	
76.338759 287.546985	7.30e-01  8.93e-01  6.09e+02	4.9742 68.5422 0.6673	
76.338759 287.546985	6.89e-01  9.04e-01  6.14e+02	-6.4363 64.6197 0.1205	
76.338759 287.546985	8.49e-01  9.39e-01  5.76e+02	-11.4957 87.0004 0.4561	
76.338759 287.546985	8.03e-01  9.30e-01  5.87e+02	5.3952 81.9802 0.5862	
76.338759 287.546985	7.84e-01  9.05e-01  5.96e+02	15.5278 75.3849 0.5508	
76.338759 287.546985	7.77e-01  9.17e-01  5.94e+02	-17.5979 75.7362 0.2595	
76.338759 287.546985	8.10e-01  9.58e-01  5.79e+02	-4.1164 85.9600 0.7702	
76.338759 287.546985	8.15e-01  9.27e-01  5.85e+02	-56.1385 61.0903 0.6274	
76.338759 287.546985	7.29e-01  8.31e-01  6.24e+02	-21.6776 53.3598 0.7925	
76.338759 287.546985	8.41e-01  9.13e-01  5.83e+02	-41.3680 73.2355 0.9610	
76.338759 287.546985	8.41e-01  9.42e-01  5.77e+02	4.8126 87.1499 0.1495	
76.338759 287.546985	7.71e-01  9.09e-01  5.97e+02	15.1292 74.5047 0.2112	
76.338759 287.546985	7.42e-01  8.58e-01  6.15e+02	-16.5944 62.2722 0.5589	
76.338759 287.546985	7.59e-01  9.29e-01  5.95e+02	13.5436 76.1148 0.1269	
76.338759 287.546985	7.58e-01  9.93e-01  5.81e+02	24.7807 81.6002 0.7756	
76.338759 287.546985	7.88e-01  8.77e-01  6.01e+02	-27.0780 68.6068 0.0193	
76.338759 287.546985	7.20e-01  9.17e-01  6.05e+02	2.4689 71.1044 0.9999	
76.338759 287.546985	7.85e-01  9.43e-01  5.87e+02	-16.0116 80.2809 0.5150	
76.338759 287.546985	6.39e-01  8.54e-01  6.36e+02	5.4999 45.9110 0.4043	
76.338759 287.546985	8.16e-01  9.29e-01  5.84e+02	18.3175 81.3725 0.2883	
76.338759 287.546985	8.21e-01  8.66e-01  5.97e+02	9.5350 75.6799 0.5435	
76.338759 287.546985	8.41e-01  9.48e-01  5.76e+02	19.2465 85.7270 0.1195	
76.338759 287.546985	6.00e-01  9.42e-01  6.20e+02	-8.4165 59.8276 0.2334	
76.338759 287.546985	7.30e-01  9.85e-01  5.88e+02	-16.6380 79.9807 0.1614	
76.338759 287.546985	6.08e-01  9.04e-01  6.28e+02	-22.8067 48.3190 0.9198	
76.338759 287.546985	6.66e-01  9.28e-01  6.12e+02	-3.1417 66.3222 0.1498	
76.338759 287.546985	7.39e-01  8.55e-01  6.16e+02	5.3219 63.4762 0.5784	
76.338759 287.546985	7.14e-01  8.94e-01  6.12e+02	-6.0710 66.4732 0.6521	
76.338759 287.546985	8.38e-01  9.79e-01  5.70e+02	8.6923 90.3752 0.0301	
76.338759 287.546985	7.89e-01  8.79e-01  6.01e+02	38.5241 63.1627 0.1287	
76.338759 287.546985	6.04e-01  9.12e-01  6.27e+02	-16.9389 51.6960 0.5685	
76.338759 287.546985	7.93e-01  9.17e-01  5.92e+02	37.7180 69.8914 0.1673	
76.338759 287.546985	7.13e-01  8.87e-01  6.13e+02	-8.0395 64.9468 0.7629	
76.338759 287.546985	6.89e-01  8.77e-01  6.20e+02	6.2842 59.8387 0.6304	
76.338759 287.546985	6.61e-01  8.63e-01  6.29e+02	-0.0570 52.5853 0.3630	
76.338759 287.546985	7.98e-01  9.11e-01  5.92e+02	25.9393 74.8772 0.7500	
76.338759 287.546985	7.13e-01  9.07e-01  6.09e+02	-20.4408 65.4813 0.6872	
76.338759 287.546985	7.59e-01  8.41e-01  6.15e+02	23.3407 59.8900 0.3325	
76.338759 287.546985	7.52e-01  8.89e-01  6.06e+02	22.8468 67.0621 0.9450	
76.338759 287.546985	7.27e-01  9.48e-01  5.97e+02	-5.9431 76.1313 0.1380	
76.338759 287.546985	7.06e-01  9.43e-01  6.02e+02	4.8136 73.2792 0.1020	
76.338759 287.546985	5.78e-01  9.24e-01  6.28e+02	-5.0917 53.1725 0.9173	
76.338759 287.546985	7.76e-01  9.16e-01  5.95e+02	24.5675 73.5715 0.4576	
76.338759 287.546985	7.37e-01  8.44e-01  6.19e+02	12.1379 60.0804 0.5801	
76.338759 287.546985	7.47e-01  8.76e-01  6.09e+02	-8.8445 67.6468 0.5429	
76.338759 287.546985	7.97e-01  8.82e-01  5.98e+02	-8.5432 74.8918 0.1019	
76.338759 287.546985	8.14e-01  8.43e-01  6.03e+02	20.1444 69.4042 0.1839	
76.338759 287.546985	8.33e-01  8.67e-01  5.94e+02	15.0610 76.3243 0.3705	
76.338759 287.546985	7.23e-01  8.71e-01  6.15e+02	-4.6454 63.9402 0.8094	
76.338759 287.546985	7.41e-01  9.22e-01  6.00e+02	25.9676 69.7956 0.7933	
76.338759 287.546985	7.81e-01  9.39e-01  5.89e+02	5.7744 80.7847 0.0182	
76.338759 287.546985	7.96e-01  8.88e-01  5.97e+02	-14.3790 74.6962 0.0761	
76.338759 287.546985	7.46e-01  8.81e-01  6.08e+02	13.0364 67.6732 0.2383	
76.338759 287.546985	7.57e-01  9.04e-01  6.01e+02	36.2363 64.1795 0.0663	
76.338759 287.546985	7.36e-01  8.13e-01  6.26e+02	-22.6218 50.4852 0.5528	
76.338759 287.546985	8.12e-01  9.71e-01  5.76e+02	26.5393 83.6427 0.7732	
76.338759 287.546985	8.05e-01  9.14e-01  5.90e+02	-36.4567 71.6588 0.6704	
76.338759 287.546985	8.42e-01  8.90e-01  5.88e+02	19.3959 79.2518 0.6402	
76.338759 287.546985	7.81e-01  8.54e-01  6.08e+02	20.3520 66.3271 0.7525	
76.338759 287.546985	6.64e-01  8.47e-01  6.33e+02	-8.3770 48.5891 0.8751	
76.338759 287.546985	7.40e-01  8.80e-01  6.10e+02	7.6189 67.4721 0.4307	
76.338759 287.546985	8.47e-01  9.52e-01  5.74e+02	26.1125 84.9197 0.7376	
76.338759 287.546985	8.91e-01  9.21e-01  5.72e+02	-47.3372 76.3611 0.8595	
76.338759 287.546985	8.15e-01  9.43e-01  5.82e+02	-29.2120 79.7184 0.3858	
76.338759 287.546985	8.21e-01  9.25e-01  5.84e+02	36.4159 75.0944 0.4409	
76.338759 287.546985	8.09e-01  8.63e-01  6.00e+02	-34.0258 66.0533 0.7396	
76.338759 287.546985	7.35e-01  8.32e-01  6.22e+02	0.0482 58.9138 0.8048	
76.338759 287.546985	8.09e-01  9.56e-01  5.80e+02	-24.4545 82.1747 0.1173	
76.338759 287.546985	7.46e-01  8.92e-01  6.06e+02	58.7799 38.7524 0.3723	
76.338759 287.546985	7.27e-01  8.64e-01  6.16e+02	0.2636 63.4145 0.6223	
76.338759 287.546985	7.44e-01  8.97e-01  6.05e+02	0.8260 71.1089 0.5562	
76.338759 287.546985	6.16e-01  8.71e-01  6.36e+02	7.1787 45.8553 0.4849	
76.338759 287.546985	7.07e-01  8.63e-01  6.20e+02	-14.2080 58.6043 0.6413	
76.338759 287.546985	6.60e-01  8.63e-01  6.29e+02	18.2108 49.1392 0.4401	
76.338759 287.546985	8.66e-01  9.04e-01  5.80e+02	-36.9911 77.2914 0.0655	
76.338759 287.546985	8.13e-01  9.06e-01  5.90e+02	-0.4654 80.3271 0.6445	
76.338759 287.546985	8.22e-01  8.62e-01  5.98e+02	-19.0070 73.3385 0.4928	
76.338759 287.546985	6.87e-01  8.47e-01  6.28e+02	-18.6083 50.2728 0.2693	
76.338759 287.546985	6.09e-01  9.51e-01  6.16e+02	19.2601 60.3714 0.0290	
76.338759 287.546985	6.78e-01  8.38e-01  6.32e+02	-18.3425 46.3668 0.0072	
76.338759 287.546985	7.59e-01  8.69e-01  6.09e+02	8.4290 68.2272 0.6243	
76.338759 287.546985	8.01e-01  9.23e-01  5.89e+02	-16.2850 79.4373 0.2909	
76.338759 287.546985	7.17e-01  8.02e-01  6.33e+02	7.4837 48.4845 0.3456	
76.338759 287.546985	7.40e-01  8.58e-01  6.15e+02	19.3642 61.3007 0.5903	
76.338759 287.546985	8.63e-01  8.96e-01  5.82e+02	13.9448 83.2972 0.1711	
76.338759 287.546985	8.68e-01  9.15e-01  5.77e+02	-1.9155 87.0033 0.7862	
76.338759 287.546985	6.88e-01  9.53e-01  6.02e+02	-17.3334 70.8337 0.9089	
76.338759 287.546985	8.11e-01  8.46e-01  6.03e+02	2.4949 72.3292 0.3421	
76.338759 287.546985	8.06e-01  9.65e-01  5.79e+02	-19.4221 84.2122 0.3388	
76.338759 287.546985	8.05e-01  9.22e-01  5.88e+02	-22.0341 78.3700 0.5915	
76.338759 287.546985	7.88e-01  8.76e-01  6.02e+02	-46.8448 56.5787 0.8092	
76.338759 287.546985	7.25e-01  8.65e-01  6.17e+02	-17.2819 60.7296 0.2026	
76.338759 287.546985	8.00e-01  8.95e-01  5.95e+02	29.6993 71.5506 0.4544	
76.338759 287.546985	8.42e-01  8.94e-01  5.87e+02	14.1686 80.8622 0.3784	
76.338759 287.546985	7.97e-01  8.81e-01  5.99e+02	-22.4900 71.8653 0.3404	
76.338759 287.546985	8.60e-01  9.17e-01  5.79e+02	14.0444 85.3204 0.7158	
76.338759 287.546985	7.05e-01  8.69e-01  6.19e+02	-14.1485 59.4427 0.9120	
76.338759 287.546985	7.16e-01  8.96e-01  6.11e+02	16.4580 65.2435 0.4903	
76.338759 287.546985	8.34e-01  9.27e-01  5.81e+02	6.0289 84.7830 0.9840	
76.338759 287.546985	7.18e-01  9.46e-01  5.99e+02	43.4038 61.5124 0.1222	
76.338759 287.546985	8.45e-01  9.42e-01  5.76e+02	-5.0608 87.5663 0.5332	
76.338759 287.546985	6.88e-01  8.87e-01  6.18e+02	6.9848 61.3717 0.1052	
76.338759 287.546985	7.66e-01  9.40e-01  5.91e+02	-25.5109 75.3570 0.1785	
76.338759 287.546985	7.63e-01  9.86e-01  5.82e+02	11.5163 84.0771 0.7226	
76.338759 287.546985	7.63e-01  9.37e-01  5.93e+02	6.5315 78.6056 0.5341	
76.338759 287.546985	7.96e-01  8.96e-01  5.95e+02	-27.9455 71.9025 0.1530	
76.338759 287.546985	7.98e-01  8.58e-01  6.03e+02	7.8663 71.7806 0.3030	
76.338759 287.546985	8.39e-01  9.12e-01  5.84e+02	-9.3579 83.2084 0.6672	
76.338759 287.546985	8.30e-01  9.12e-01  5.85e+02	-8.8545 82.3509 0.4058	
76.338759 287.546985	8.49e-01  8.77e-01  5.89e+02	-18.0941 78.7661 0.8610	
76.338759 287.546985	7.59e-01  8.49e-01  6.13e+02	-19.1995 62.6743 0.8554	
76.338759 287.546985	7.01e-01  8.83e-01  6.17e+02	-4.4141 62.9252 0.3617	
76.338759 287.546985	8.80e-01  9.29e-01  5.72e+02	-2.1160 89.5420 0.8136	
76.338759 287.546985	8.60e-01  9.25e-01  5.77e+02	13.5128 86.1904 0.9159	
76.338759 287.546985	8.20e-01  9.41e-01  5.81e+02	-19.6536 82.7923 0.8462	
76.338759 287.546985	7.22e-01  9.28e-01  6.02e+02	-22.9002 69.3147 0.5969	
76.338759 287.546985	7.34e-01  7.96e-01  6.31e+02	-12.1713 49.8905 0.2055	
76.338759 287.546985	7.45e-01  9.81e-01  5.86e+02	6.8430 82.2771 0.0092	
76.338759 287.546985	8.41e-01  9.80e-01  5.69e+02	-14.0503 90.1303 0.0376	
76.338759 287.546985	7.16e-01  8.93e-01  6.12e+02	-13.1414 65.4807 0.2585	
76.338759 287.546985	7.64e-01  8.48e-01  6.13e+02	14.8930 64.3208 0.3822	
76.338759 287.546985	7.60e-01  8.89e-01  6.04e+02	-21.9754 68.3860 0.5396	
76.338759 287.546985	7.97e-01  9.25e-01  5.89e+02	1.5177 80.9059 0.9727	
76.338759 287.546985	7.52e-01  8.93e-01  6.05e+02	-11.4491 70.4699 0.7097	
76.338759 287.546985	7.15e-01  9.31e-01  6.03e+02	-48.1913 54.4674 0.8989	
76.338759 287.546985	6.78e-01  8.80e-01  6.22e+02	6.6800 58.6044 0.3381	
76.338759 287.546985	7.52e-01  7.98e-01  6.26e+02	23.2463 50.1145 0.2887	
76.338759 287.546985	7.83e-01  9.43e-01  5.88e+02	32.1169 75.1263 0.5318	
76.338759 287.546985	7.54e-01  8.48e-01  6.14e+02	19.8992 61.5241 0.8829	
76.338759 287.546985	7.35e-01  9.24e-01  6.01e+02	-1.3910 74.0540 0.6490	
76.338759 287.546985	7.40e-01  8.86e-01  6.09e+02	-33.0039 60.2502 0.1059	
76.338759 287.546985	6.91e-01  8.64e-01  6.23e+02	3.2224 57.7770 0.2381	
76.338759 287.546985	7.20e-01  8.34e-01  6.25e+02	-20.6415 52.6833 0.4589	
76.338759 287.546985	6.82e-01  9.29e-01  6.09e+02	3.8197 68.2947 0.2559	
76.338759 287.546985	8.19e-01  9.56e-01  5.78e+02	-3.5517 86.6710 0.6581	
76.338759 287.546985	8.26e-01  8.57e-01  5.98e+02	28.2922 70.1826 0.5729	
76.338759 287.546985	6.28e-01  9.05e-01  6.25e+02	-1.5185 56.4907 0.1965	
76.338759 287.546985	7.12e-01  8.93e-01  6.12e+02	39.5500 53.0774 0.5090	
76.338759 287.546985	7.78e-01  9.17e-01  5.94e+02	-28.7619 72.2501 0.1000	
76.338759 287.546985	7.04e-01  9.57e-01  5.99e+02	35.7132 66.2851 0.0460	
76.338759 287.546985	8.48e-01  8.78e-01  5.89e+02	-29.5195 75.2141 0.7125	
76.338759 287.546985	7.47e-01  8.86e-01  6.07e+02	-5.6388 69.4595 0.4037	
76.338759 287.546985	7.98e-01  9.81e-01  5.77e+02	16.9339 85.8624 0.4256	
76.338759 287.546985	8.38e-01  8.85e-01  5.89e+02	-29.5497 75.0290 0.4825	
76.338759 287.546985	7.45e-01  8.23e-01  6.22e+02	-5.6892 58.4595 0.5462	
76.338759 287.546985	8.41e-01  9.68e-01  5.72e+02	52.0808 73.3508 0.5001	
76.338759 287.546985	7.04e-01  9.01e-01  6.12e+02	-7.4546 66.1489 0.2084	
76.338759 287.546985	6.69e-01  8.92e-01  6.21e+02	-16.5646 57.6872 0.2090	
76.338759 287.546985	8.28e-01  9.63e-01  5.75e+02	5.2528 88.1645 0.9314	
76.338759 287.546985	7.75e-01  9.29e-01  5.92e+02	19.9869 76.4839 0.7407	
76.338759 287.546985	8.35e-01  8.97e-01  5.88e+02	-25.0057 77.6812 0.0397	
76.338759 287.546985	7.55e-01  9.56e-01  5.90e+02	-19.3941 78.1159 0.4412	
76.338759 287.546985	7.39e-01  8.87e-01  6.09e+02	2.0540 68.7804 0.3183	
76.338759 287.546985	7.41e-01  9.17e-01  6.01e+02	-2.4480 73.6951 0.7925	
76.338759 287.546985	7.74e-01  9.15e-01  5.96e+02	-12.3318 76.1046 0.9649	
76.338759 287.546985	7.57e-01  8.10e-01  6.23e+02	-6.0037 58.0589 0.9705	
76.338759 287.546985	6.28e-01  9.52e-01  6.13e+02	-24.6756 61.0124 0.6447	
76.338759 287.546985	8.37e-01  9.43e-01  5.78e+02	52.6064 69.2427 0.2023	
