88.885889 293.147658	8.00e-01  8.71e-01  7.25e+02	0.0000 86.5073 0.4127	
88.885889 293.147658	8.01e-01  9.18e-01  7.12e+02	45.7316 81.7493 0.0893	
88.885889 293.147658	6.94e-01  9.44e-01  7.29e+02	-18.1646 82.0747 0.0707	
88.885889 293.147658	7.58e-01  8.91e-01  7.30e+02	3.7553 83.6885 0.5500	
88.885889 293.147658	8.17e-01  9.01e-01  7.13e+02	-23.2940 90.3811 0.9364	
88.885889 293.147658	8.56e-01  9.01e-01  7.04e+02	-42.4715 88.4402 0.6377	
88.885889 293.147658	7.21e-01  9.27e-01  7.28e+02	47.9645 69.9177 0.0571	
88.885889 293.147658	8.30e-01  9.55e-01  6.96e+02	46.3594 90.9266 0.5509	
88.885889 293.147658	8.68e-01  9.46e-01  6.90e+02	16.4823 103.6738 0.0049	
88.885889 293.147658	7.58e-01  8.59e-01  7.39e+02	4.0836 77.7856 0.2630	
88.885889 293.147658	8.67e-01  9.70e-01  6.84e+02	-13.9729 106.7893 0.0615	
88.885889 293.147658	8.02e-01  9.65e-01  7.00e+02	-21.2871 97.9228 0.8627	
88.885889 293.147658	7.98e-01  9.65e-01  7.01e+02	0.8381 99.8064 0.9505	
88.885889 293.147658	6.69e-01  9.89e-01  7.21e+02	-9.8088 88.3795 0.9513	
88.885889 293.147658	6.50e-01  9.75e-01  7.29e+02	-6.0668 83.8393 0.7896	
88.885889 293.147658	7.73e-01  8.42e-01  7.39e+02	-24.5969 73.3191 0.2799	
88.885889 293.147658	7.22e-01  9.17e-01  7.31e+02	12.2469 82.1959 0.5894	
88.885889 293.147658	7.99e-01  9.13e-01  7.14e+02	14.6482 91.6530 0.5497	
88.885889 293.147658	6.29e-01  9.12e-01  7.53e+02	12.0425 66.5824 0.0736	
88.885889 293.147658	6.80e-01  9.77e-01  7.22e+02	15.4897 86.6563 0.1482	
88.885889 293.147658	7.62e-01  9.02e-01  7.26e+02	-5.3762 86.0074 0.0490	
88.885889 293.147658	8.11e-01  9.42e-01  7.04e+02	23.3515 95.3934 0.7932	
88.885889 293.147658	7.33e-01  9.43e-01  7.21e+02	15.3732 87.6617 0.1758	
88.885889 293.147658	8.04e-01  9.44e-01  7.05e+02	-1.7038 97.6700 0.5843	
88.885889 293.147658	8.70e-01  9.38e-01  6.91e+02	-41.8795 95.5273 0.6403	
88.885889 293.147658	7.16e-01  9.07e-01  7.35e+02	15.9318 78.7274 0.5269	
88.885889 293.147658	8.05e-01  9.16e-01  7.12e+02	13.1408 93.0516 0.3153	
88.885889 293.147658	7.07e-01  9.40e-01  7.27e+02	-22.8726 82.1208 0.5169	
88.885889 293.147658	7.48e-01  8.59e-01  7.41e+02	-24.3485 72.5353 0.6846	
88.885889 293.147658	7.75e-01  9.02e-01  7.23e+02	-16.1670 86.4492 0.8321	
88.885889 293.147658	8.56e-01  9.24e-01  6.98e+02	5.2046 100.9139 0.5311	
88.885889 293.147658	7.09e-01  9.48e-01  7.25e+02	1.2789 86.7617 0.4929	
88.885889 293.147658	7.62e-01  9.38e-01  7.16e+02	-12.5675 90.8482 0.7294	
88.885889 293.147658	7.43e-01  8.88e-01  7.34e+02	11.0278 80.1214 0.9096	
88.885889 293.147658	8.15e-01  9.84e-01  6.92e+02	14.9001 102.8917 0.9567	
88.885889 293.147658	8.30e-01  8.95e-01  7.12e+02	-30.5330 89.0595 0.9340	
88.885889 293.147658	7.84e-01  7.95e-01  7.49e+02	6.4415 69.9412 0.4467	
88.885889 293.147658	7.50e-01  8.90e-01  7.32e+02	-17.3518 80.4683 0.6098	
88.885889 293.147658	7.68e-01  8.87e-01  7.29e+02	-4.4903 84.2450 0.7580	
88.885889 293.147658	7.41e-01  9.78e-01  7.10e+02	6.9406 95.0035 0.6016	
88.885889 293.147658	7.16e-01  8.71e-01  7.45e+02	8.5190 72.9270 0.1475	
88.885889 293.147658	6.99e-01  8.34e-01  7.60e+02	-36.3026 49.7882 0.1185	
88.885889 293.147658	8.89e-01  9.10e-01  6.94e+02	9.9871 102.6131 0.5621	
88.885889 293.147658	9.00e-01  9.34e-01  6.86e+02	-22.6019 104.6402 0.9199	
88.885889 293.147658	8.57e-01  9.35e-01  6.95e+02	-43.7501 92.6484 0.1235	
88.885889 293.147658	7.00e-01  8.32e-01  7.60e+02	-23.9178 56.4874 0.0857	
88.885889 293.147658	7.95e-01  8.93e-01  7.21e+02	8.9177 88.6839 0.7323	
88.885889 293.147658	7.35e-01  9.38e-01  7.22e+02	-7.2662 88.0083 0.5606	
88.885889 293.147658	7.17e-01  9.01e-01  7.36e+02	-23.0793 75.8607 0.8217	
88.885889 293.147658	6.96e-01  9.32e-01  7.32e+02	22.4418 79.1814 0.2710	
88.885889 293.147658	8.26e-01  9.79e-01  6.91e+02	8.2522 104.1659 0.8519	
88.885889 293.147658	7.98e-01  8.99e-01  7.18e+02	27.7613 86.1043 0.9510	
88.885889 293.147658	6.71e-01  9.39e-01  7.35e+02	14.6102 78.7139 0.9602	
88.885889 293.147658	6.95e-01  9.31e-01  7.32e+02	-26.1829 77.7043 0.8543	
88.885889 293.147658	7.64e-01  9.05e-01  7.24e+02	13.5100 85.8135 0.8020	
88.885889 293.147658	6.09e-01  9.35e-01  7.49e+02	-22.0463 66.6436 0.2379	
88.885889 293.147658	7.77e-01  9.48e-01  7.10e+02	35.1526 88.2627 0.6572	
88.885889 293.147658	8.04e-01  8.18e-01  7.38e+02	-34.1078 70.5485 0.7222	
88.885889 293.147658	8.15e-01  8.98e-01  7.15e+02	14.4445 91.4151 0.0004	
88.885889 293.147658	8.46e-01  8.80e-01  7.12e+02	-18.1660 92.3645 0.5564	
88.885889 293.147658	8.33e-01  9.45e-01  6.98e+02	-13.8973 100.2089 0.6283	
88.885889 293.147658	8.56e-01  8.84e-01  7.08e+02	-3.9914 95.9121 0.7008	
88.885889 293.147658	8.27e-01  9.24e-01  7.05e+02	-30.9897 92.5788 0.0252	
88.885889 293.147658	7.27e-01  8.99e-01  7.35e+02	-51.3484 62.0802 0.0370	
88.885889 293.147658	8.09e-01  9.27e-01  7.08e+02	8.7852 95.5730 0.5821	
88.885889 293.147658	7.82e-01  8.45e-01  7.36e+02	-4.9688 79.2289 0.5824	
88.885889 293.147658	7.95e-01  8.81e-01  7.24e+02	5.3892 87.1728 0.4195	
88.885889 293.147658	8.51e-01  9.23e-01  7.00e+02	-13.5212 99.4581 0.5825	
88.885889 293.147658	7.56e-01  8.78e-01  7.34e+02	7.1566 80.8036 0.8323	
88.885889 293.147658	7.09e-01  8.49e-01  7.53e+02	-9.6069 66.5618 0.8673	
88.885889 293.147658	6.71e-01  9.47e-01  7.33e+02	11.4133 80.7130 0.1762	
88.885889 293.147658	7.36e-01  9.57e-01  7.16e+02	-26.2869 87.7229 0.1681	
88.885889 293.147658	7.43e-01  9.32e-01  7.22e+02	20.5415 86.0487 0.1157	
88.885889 293.147658	7.67e-01  9.03e-01  7.24e+02	6.9386 86.6929 0.8712	
88.885889 293.147658	7.24e-01  9.29e-01  7.27e+02	-6.3559 85.3094 0.7330	
88.885889 293.147658	7.75e-01  9.40e-01  7.12e+02	20.8702 91.3833 0.9407	
88.885889 293.147658	8.75e-01  9.61e-01  6.85e+02	-12.4741 106.6962 0.2053	
88.885889 293.147658	7.11e-01  9.20e-01  7.32e+02	4.8517 81.9494 0.6136	
88.885889 293.147658	7.55e-01  9.43e-01  7.16e+02	-15.5907 90.3397 0.6102	
88.885889 293.147658	6.91e-01  9.33e-01  7.33e+02	-18.7832 79.4579 0.6886	
88.885889 293.147658	6.76e-01  9.31e-01  7.37e+02	-0.6028 79.2044 0.3468	
88.885889 293.147658	8.46e-01  9.45e-01  6.95e+02	-24.8352 99.5473 0.9333	
88.885889 293.147658	8.05e-01  8.70e-01  7.24e+02	9.9346 86.4564 0.0793	
88.885889 293.147658	7.55e-01  9.32e-01  7.19e+02	10.1817 89.4525 0.8668	
88.885889 293.147658	7.62e-01  8.54e-01  7.39e+02	7.2475 77.4720 0.4385	
88.885889 293.147658	7.09e-01  9.09e-01  7.36e+02	-45.4321 65.6067 0.3432	
88.885889 293.147658	8.10e-01  9.11e-01  7.12e+02	-36.4354 86.4218 0.8979	
88.885889 293.147658	8.07e-01  9.36e-01  7.07e+02	8.8672 96.4116 0.4635	
88.885889 293.147658	7.12e-01  8.80e-01  7.43e+02	-14.2154 73.1549 0.3001	
88.885889 293.147658	7.00e-01  9.70e-01  7.20e+02	12.7346 88.5015 0.1398	
88.885889 293.147658	6.43e-01  9.52e-01  7.37e+02	27.1142 74.0439 0.0891	
88.885889 293.147658	7.96e-01  8.88e-01  7.22e+02	13.3261 87.4737 0.8216	
88.885889 293.147658	6.36e-01  9.63e-01  7.35e+02	15.4573 78.5651 0.0779	
88.885889 293.147658	7.77e-01  9.20e-01  7.17e+02	-7.4311 90.7592 0.8199	
88.885889 293.147658	8.32e-01  8.98e-01  7.10e+02	-1.6671 94.8522 0.8438	
88.885889 293.147658	7.43e-01  9.25e-01  7.24e+02	-18.2166 85.4066 0.5200	
88.885889 293.147658	7.43e-01  9.44e-01  7.19e+02	2.8307 90.2388 0.6800	
88.885889 293.147658	8.92e-01  9.29e-01  6.89e+02	-5.3499 105.5026 0.2374	
88.885889 293.147658	8.29e-01  8.76e-01  7.17e+02	-7.6631 91.0095 0.6672	
88.885889 293.147658	7.38e-01  9.01e-01  7.32e+02	19.2570 80.1050 0.4169	
88.885889 293.147658	7.81e-01  8.55e-01  7.34e+02	-1.8317 80.9376 0.7604	
88.885889 293.147658	7.04e-01  8.78e-01  7.46e+02	-31.0708 65.7009 0.1228	
88.885889 293.147658	6.77e-01  9.37e-01  7.35e+02	-6.5312 80.3038 0.9956	
88.885889 293.147658	8.63e-01  9.39e-01  6.93e+02	-1.8604 103.7022 0.8549	
88.885889 293.147658	7.97e-01  8.39e-01  7.34e+02	9.7859 80.0912 0.4849	
88.885889 293.147658	8.21e-01  8.85e-01  7.17e+02	39.4438 82.4733 0.0928	
88.885889 293.147658	8.69e-01  9.23e-01  6.96e+02	-12.7521 101.5794 0.1396	
88.885889 293.147658	7.08e-01  8.73e-01  7.46e+02	-13.1886 71.1094 0.4507	
88.885889 293.147658	6.21e-01  9.17e-01  7.52e+02	-11.3842 66.7818 0.8133	
88.885889 293.147658	7.64e-01  9.21e-01  7.20e+02	30.0917 84.2187 0.8134	
88.885889 293.147658	8.26e-01  8.75e-01  7.18e+02	22.9253 87.8773 0.4822	
88.885889 293.147658	7.81e-01  8.59e-01  7.33e+02	2.2690 81.6110 0.4952	
88.885889 293.147658	7.78e-01  9.51e-01  7.09e+02	17.7724 93.9228 0.2867	
88.885889 293.147658	7.45e-01  9.17e-01  7.26e+02	-14.1137 85.0649 0.8400	
88.885889 293.147658	8.19e-01  8.92e-01  7.15e+02	-6.9636 92.0540 0.1365	
88.885889 293.147658	6.55e-01  9.26e-01  7.42e+02	2.4512 75.1533 0.1126	
88.885889 293.147658	7.03e-01  9.15e-01  7.35e+02	-27.4508 75.1151 0.2473	
88.885889 293.147658	7.32e-01  9.26e-01  7.26e+02	29.9649 80.6563 0.7304	
88.885889 293.147658	7.01e-01  9.06e-01  7.38e+02	24.7101 74.0137 0.0636	
88.885889 293.147658	8.59e-01  9.19e-01  6.99e+02	-10.1233 100.3245 0.9026	
88.885889 293.147658	8.15e-01  8.71e-01  7.21e+02	-9.3868 88.2185 0.8688	
88.885889 293.147658	8.10e-01  8.80e-01  7.20e+02	2.2995 89.1728 0.6323	
88.885889 293.147658	8.36e-01  9.17e-01  7.05e+02	-12.9339 96.9378 0.2636	
88.885889 293.147658	7.14e-01  8.67e-01  7.47e+02	-8.3133 71.7615 0.9913	
88.885889 293.147658	7.38e-01  8.25e-01  7.53e+02	-7.6854 67.0237 0.3377	
88.885889 293.147658	8.31e-01  8.62e-01  7.20e+02	12.1926 88.6936 0.3222	
88.885889 293.147658	7.79e-01  8.68e-01  7.31e+02	-0.0913 82.9732 0.3542	
88.885889 293.147658	8.29e-01  8.52e-01  7.23e+02	1.0728 87.8952 0.3808	
88.885889 293.147658	6.73e-01  9.63e-01  7.28e+02	-12.6421 83.9968 0.8631	
88.885889 293.147658	6.73e-01  8.85e-01  7.51e+02	-20.6809 65.8018 0.1287	
88.885889 293.147658	7.80e-01  9.30e-01  7.14e+02	12.2741 91.9977 0.6057	
88.885889 293.147658	7.53e-01  8.69e-01  7.37e+02	3.9708 78.8280 0.7682	
88.885889 293.147658	7.55e-01  8.81e-01  7.33e+02	-14.6185 80.2667 0.2060	
88.885889 293.147658	7.84e-01  9.07e-01  7.19e+02	-7.3540 89.6238 0.1823	
88.885889 293.147658	8.06e-01  8.85e-01  7.20e+02	52.3181 72.6275 0.1409	
88.885889 293.147658	7.31e-01  8.30e-01  7.53e+02	-30.9466 59.5251 0.2811	
88.885889 293.147658	8.20e-01  8.73e-01  7.20e+02	-15.5327 88.1927 0.0917	
88.885889 293.147658	7.85e-01  8.58e-01  7.32e+02	-23.4441 78.7591 0.2879	
88.885889 293.147658	7.53e-01  9.64e-01  7.11e+02	20.1503 92.4813 0.6007	
88.885889 293.147658	6.84e-01  8.82e-01  7.49e+02	14.3907 68.6158 0.1989	
88.885889 293.147658	8.28e-01  8.43e-01  7.25e+02	9.8360 85.8077 0.5038	
88.885889 293.147658	6.63e-01  9.48e-01  7.34e+02	27.8913 75.6767 0.8740	
88.885889 293.147658	7.42e-01  9.89e-01  7.06e+02	-10.2012 96.5067 0.1778	
88.885889 293.147658	7.50e-01  9.01e-01  7.29e+02	-24.2782 80.5506 0.9043	
88.885889 293.147658	8.14e-01  9.89e-01  6.91e+02	7.7661 104.1470 0.7303	
88.885889 293.147658	7.75e-01  8.13e-01  7.47e+02	-13.9411 70.7523 0.8688	
88.885889 293.147658	8.07e-01  9.00e-01  7.16e+02	-19.0720 89.9354 0.8198	
88.885889 293.147658	7.95e-01  9.26e-01  7.12e+02	-38.3732 85.9603 0.6335	
88.885889 293.147658	8.05e-01  8.19e-01  7.37e+02	-6.5379 78.4261 0.5574	
88.885889 293.147658	7.63e-01  9.02e-01  7.26e+02	5.0864 86.0647 0.6583	
88.885889 293.147658	8.38e-01  9.88e-01  6.86e+02	32.7829 101.6359 0.7104	
88.885889 293.147658	7.69e-01  8.99e-01  7.25e+02	-12.4164 85.6237 0.0633	
88.885889 293.147658	8.36e-01  9.12e-01  7.06e+02	-12.8507 96.3694 0.4633	
88.885889 293.147658	7.73e-01  9.53e-01  7.10e+02	-37.6398 87.4856 0.2209	
88.885889 293.147658	8.26e-01  9.28e-01  7.04e+02	5.0187 98.0248 0.4829	
88.885889 293.147658	8.30e-01  8.68e-01  7.19e+02	-30.5224 84.9676 0.8155	
88.885889 293.147658	8.26e-01  9.40e-01  7.01e+02	20.9482 97.4147 0.1927	
88.885889 293.147658	6.26e-01  9.53e-01  7.40e+02	-12.1637 75.7490 0.1907	
88.885889 293.147658	7.96e-01  8.10e-01  7.42e+02	13.2903 74.4137 0.3002	
88.885889 293.147658	8.37e-01  8.68e-01  7.17e+02	2.1150 91.2795 0.7751	
88.885889 293.147658	8.13e-01  8.87e-01  7.18e+02	6.7363 90.4718 0.7813	
88.885889 293.147658	7.60e-01  9.59e-01  7.11e+02	-2.2844 94.7025 0.2569	
88.885889 293.147658	8.39e-01  9.46e-01  6.96e+02	-11.0341 101.3579 0.1778	
88.885889 293.147658	7.65e-01  8.95e-01  7.27e+02	-28.0382 80.5240 0.5752	
88.885889 293.147658	8.46e-01  9.50e-01  6.94e+02	-2.2538 103.1808 0.3319	
88.885889 293.147658	7.92e-01  8.76e-01  7.26e+02	-1.1940 86.2044 0.4489	
88.885889 293.147658	8.93e-01  9.08e-01  6.94e+02	-7.3129 103.0404 0.6934	
88.885889 293.147658	7.95e-01  9.03e-01  7.18e+02	34.6808 83.8042 0.0537	
88.885889 293.147658	7.82e-01  8.83e-01  7.26e+02	-7.3553 85.5028 0.4421	
88.885889 293.147658	8.27e-01  9.54e-01  6.97e+02	42.7366 92.1203 0.7910	
88.885889 293.147658	7.04e-01  9.01e-01  7.39e+02	37.3392 67.8056 0.6230	
88.885889 293.147658	6.05e-01  8.85e-01  7.66e+02	-10.1432 54.9718 0.5593	
88.885889 293.147658	8.07e-01  9.80e-01  6.95e+02	-19.7100 100.7617 0.2768	
88.885889 293.147658	6.27e-01  9.45e-01  7.43e+02	28.5290 69.5141 0.7549	
88.885889 293.147658	8.42e-01  8.80e-01  7.12e+02	-11.0648 93.0273 0.5766	
88.885889 293.147658	8.07e-01  9.92e-01  6.92e+02	38.8373 96.6234 0.4925	
88.885889 293.147658	8.22e-01  9.89e-01  6.89e+02	-3.9595 105.2358 0.2355	
88.885889 293.147658	8.27e-01  9.12e-01  7.08e+02	5.5239 95.8746 0.5902	
88.885889 293.147658	7.25e-01  8.72e-01  7.43e+02	13.6939 73.9287 0.1043	
88.885889 293.147658	7.84e-01  9.12e-01  7.18e+02	-17.5527 88.9043 0.9988	
88.885889 293.147658	8.13e-01  9.42e-01  7.03e+02	-11.6640 97.7506 0.1746	
88.885889 293.147658	8.04e-01  9.36e-01  7.07e+02	-17.1750 94.9308 0.8806	
88.885889 293.147658	7.50e-01  9.16e-01  7.25e+02	38.4450 77.7558 0.5059	
88.885889 293.147658	7.61e-01  9.34e-01  7.17e+02	26.1959 87.1798 0.4616	
88.885889 293.147658	7.75e-01  9.21e-01  7.18e+02	9.9380 90.2579 0.9165	
88.885889 293.147658	6.60e-01  9.74e-01  7.27e+02	-23.7564 81.7209 0.3884	
88.885889 293.147658	6.79e-01  8.09e-01  7.72e+02	-2.0332 49.6050 0.7048	
88.885889 293.147658	8.37e-01  9.14e-01  7.05e+02	20.3594 95.4136 0.4021	
88.885889 293.147658	7.95e-01  9.91e-01  6.94e+02	-15.8423 101.7063 0.7281	
88.885889 293.147658	6.84e-01  8.85e-01  7.48e+02	27.0963 65.5042 0.7151	
88.885889 293.147658	8.30e-01  9.29e-01  7.03e+02	-38.6325 90.8294 0.8586	
88.885889 293.147658	8.24e-01  8.31e-01  7.29e+02	12.4955 82.8905 0.3865	
88.885889 293.147658	7.17e-01  9.45e-01  7.24e+02	-11.3520 86.5901 0.0198	
88.885889 293.147658	9.19e-01  9.69e-01  6.73e+02	-12.4826 111.8626 0.4404	
88.885889 293.147658	8.27e-01  8.97e-01  7.12e+02	-27.5184 89.8627 0.1766	
88.885889 293.147658	6.75e-01  9.51e-01  7.31e+02	47.2843 67.9569 0.3186	
88.885889 293.147658	8.46e-01  9.14e-01  7.03e+02	12.7586 97.8209 0.5416	
88.885889 293.147658	7.49e-01  8.10e-01  7.54e+02	4.2594 66.1549 0.6806	
88.885889 293.147658	7.68e-01  9.10e-01  7.22e+02	12.0644 87.5121 0.7409	
88.885889 293.147658	8.05e-01  8.59e-01  7.27e+02	6.6787 85.1011 0.5831	
88.885889 293.147658	8.48e-01  9.15e-01  7.02e+02	6.5101 98.7549 0.6318	
88.885889 293.147658	7.96e-01  9.55e-01  7.04e+02	-19.3484 96.3455 0.7802	
88.885889 293.147658	7.86e-01  9.38e-01  7.10e+02	-5.6507 94.6002 0.3773	
88.885889 293.147658	7.63e-01  9.43e-01  7.14e+02	-9.6187 92.1375 0.7378	
88.885889 293.147658	8.26e-01  8.99e-01  7.12e+02	27.9767 89.9115 0.9412	
88.885889 293.147658	7.43e-01  9.37e-01  7.20e+02	-29.2540 84.3381 0.8657	
88.885889 293.147658	8.23e-01  9.66e-01  6.95e+02	-25.9331 99.2297 0.2517	
88.885889 293.147658	7.65e-01  8.19e-01  7.48e+02	11.0756 70.6463 0.3097	
88.885889 293.147658	7.75e-01  9.40e-01  7.13e+02	-6.8864 93.3300 0.3714	
88.885889 293.147658	7.15e-01  8.99e-01  7.37e+02	-18.7945 76.3981 0.2900	
88.885889 293.147658	7.83e-01  9.01e-01  7.21e+02	30.0620 83.6175 0.8747	
88.885889 293.147658	6.33e-01  8.96e-01  7.56e+02	-3.2095 64.4671 0.4211	
88.885889 293.147658	7.38e-01  9.03e-01  7.31e+02	-25.3920 78.8532 0.6615	
88.885889 293.147658	8.69e-01  9.78e-01  6.82e+02	-13.5775 107.7897 0.1539	
88.885889 293.147658	8.63e-01  9.07e-01  7.01e+02	-15.6192 98.5381 0.8880	
88.885889 293.147658	7.25e-01  8.87e-01  7.38e+02	20.3617 75.3236 0.0994	
88.885889 293.147658	6.63e-01  9.87e-01  7.23e+02	17.2707 86.1153 0.1244	
88.885889 293.147658	8.59e-01  8.94e-01  7.05e+02	10.1844 97.1287 0.0142	
88.885889 293.147658	8.99e-01  9.29e-01  6.87e+02	-58.6833 88.7296 0.8641	
88.885889 293.147658	7.98e-01  9.27e-01  7.11e+02	43.5097 83.9978 0.7186	
88.885889 293.147658	7.16e-01  9.54e-01  7.21e+02	37.2485 80.5053 0.0640	
88.885889 293.147658	8.63e-01  9.83e-01  6.82e+02	31.5156 103.9344 0.4829	
88.885889 293.147658	5.95e-01  9.25e-01  7.55e+02	-39.4711 52.2289 0.3742	
88.885889 293.147658	8.07e-01  9.49e-01  7.03e+02	14.0542 97.6533 0.7796	
88.885889 293.147658	8.91e-01  9.27e-01  6.90e+02	-5.7775 105.0694 0.3181	
88.885889 293.147658	7.79e-01  9.42e-01  7.11e+02	15.7741 93.1759 0.8787	
88.885889 293.147658	8.13e-01  8.70e-01  7.22e+02	-32.2259 82.1322 0.2953	
88.885889 293.147658	7.89e-01  9.56e-01  7.05e+02	15.5448 96.3176 0.5130	
88.885889 293.147658	8.20e-01  8.78e-01  7.19e+02	34.4612 83.4844 0.3451	
88.885889 293.147658	8.58e-01  8.70e-01  7.11e+02	-9.2236 93.8235 0.5775	
88.885889 293.147658	8.02e-01  9.06e-01  7.15e+02	-4.6397 91.9780 0.2788	
88.885889 293.147658	8.86e-01  9.41e-01  6.87e+02	-15.3464 105.1887 0.4450	
88.885889 293.147658	7.14e-01  9.50e-01  7.23e+02	1.7075 87.6593 0.1501	
88.885889 293.147658	7.90e-01  9.09e-01  7.17e+02	-6.7967 90.6942 0.9434	
88.885889 293.147658	7.29e-01  9.46e-01  7.21e+02	-2.4469 88.8979 0.2890	
88.885889 293.147658	8.92e-01  9.06e-01  6.94e+02	6.1073 102.7540 0.5721	
88.885889 293.147658	7.36e-01  9.16e-01  7.28e+02	16.9998 83.2013 0.3086	
88.885889 293.147658	8.11e-01  9.42e-01  7.04e+02	-4.0486 98.1504 0.8233	
88.885889 293.147658	7.68e-01  8.20e-01  7.46e+02	-2.1220 72.3328 0.0401	
88.885889 293.147658	8.16e-01  9.00e-01  7.13e+02	-13.2688 92.2100 0.5447	
88.885889 293.147658	8.20e-01  8.83e-01  7.17e+02	-15.0634 89.7740 0.4229	
88.885889 293.147658	7.91e-01  8.45e-01  7.34e+02	17.2824 79.0729 0.0431	
88.885889 293.147658	7.11e-01  9.12e-01  7.34e+02	3.3190 80.5785 0.0176	
88.885889 293.147658	7.47e-01  8.18e-01  7.53e+02	3.3042 67.5379 0.1128	
88.885889 293.147658	7.70e-01  8.89e-01  7.27e+02	-17.9156 83.2374 0.1654	
88.885889 293.147658	5.98e-01  9.63e-01  7.43e+02	50.7469 54.9915 0.3753	
88.885889 293.147658	8.83e-01  9.71e-01  6.81e+02	7.8366 108.9984 0.3754	
88.885889 293.147658	9.17e-01  9.30e-01  6.83e+02	-10.4377 107.9117 0.0496	
88.885889 293.147658	7.29e-01  8.57e-01  7.46e+02	33.7045 64.5212 0.1354	
88.885889 293.147658	7.41e-01  8.83e-01  7.36e+02	-13.2606 78.6256 0.8386	
88.885889 293.147658	8.53e-01  9.86e-01  6.83e+02	1.4928 108.0061 0.2619	
88.885889 293.147658	8.05e-01  9.03e-01  7.15e+02	34.2104 85.4415 0.9047	
88.885889 293.147658	8.00e-01  9.18e-01  7.13e+02	-26.3079 89.7812 0.0834	
88.885889 293.147658	7.60e-01  8.70e-01  7.35e+02	18.6452 78.0824 0.4130	
88.885889 293.147658	8.31e-01  9.06e-01  7.09e+02	2.6393 95.7187 0.9406	
88.885889 293.147658	7.55e-01  8.00e-01  7.55e+02	14.5892 63.8830 0.9802	
88.885889 293.147658	7.96e-01  8.82e-01  7.23e+02	22.8063 84.5473 0.2495	
88.885889 293.147658	7.28e-01  9.12e-01  7.31e+02	-0.3998 83.1128 0.6565	
88.885889 293.147658	7.70e-01  9.15e-01  7.20e+02	36.9337 81.3463 0.4011	
88.885889 293.147658	7.80e-01  8.97e-01  7.23e+02	12.6038 86.8416 0.5476	
88.885889 293.147658	7.95e-01  8.78e-01  7.24e+02	-21.2462 84.3703 0.0076	
88.885889 293.147658	8.12e-01  9.29e-01  7.07e+02	-29.6040 92.0443 0.7378	
88.885889 293.147658	7.67e-01  8.94e-01  7.27e+02	28.3708 80.6272 0.9031	
88.885889 293.147658	8.39e-01  9.48e-01  6.96e+02	-22.5876 99.5380 0.2645	
88.885889 293.147658	8.25e-01  9.55e-01  6.97e+02	43.7811 91.5583 0.6376	
88.885889 293.147658	8.24e-01  9.60e-01  6.96e+02	-47.5442 90.2643 0.8112	
88.885889 293.147658	7.11e-01  9.82e-01  7.15e+02	13.5521 91.4985 0.9908	
88.885889 293.147658	9.03e-01  9.35e-01  6.85e+02	20.9067 105.4316 0.0673	
88.885889 293.147658	5.50e-01  9.23e-01  7.65e+02	-11.6480 55.6472 0.6364	
88.885889 293.147658	8.78e-01  9.43e-01  6.88e+02	49.0444 93.6432 0.3187	
88.885889 293.147658	8.72e-01  9.32e-01  6.93e+02	-5.0272 103.6878 0.9129	
88.885889 293.147658	7.80e-01  8.79e-01  7.28e+02	23.0316 81.7132 0.3381	
88.885889 293.147658	7.72e-01  9.48e-01  7.11e+02	24.1025 91.2715 0.4695	
88.885889 293.147658	7.78e-01  9.40e-01  7.12e+02	-2.5705 93.9850 0.2795	
88.885889 293.147658	6.83e-01  8.57e-01  7.57e+02	-32.7157 55.1572 0.2054	
88.885889 293.147658	8.84e-01  9.86e-01  6.77e+02	-9.6306 110.6435 0.3141	
88.885889 293.147658	8.01e-01  9.34e-01  7.08e+02	-48.0865 82.9378 0.9163	
88.885889 293.147658	6.91e-01  8.41e-01  7.60e+02	-3.1029 61.7240 0.4265	
88.885889 293.147658	8.24e-01  9.22e-01  7.06e+02	30.8706 92.0679 0.3675	
88.885889 293.147658	7.53e-01  9.28e-01  7.21e+02	42.3526 78.3486 0.8063	
88.885889 293.147658	7.44e-01  8.97e-01  7.31e+02	-10.7263 81.9687 0.4490	
88.885889 293.147658	8.43e-01  9.80e-01  6.87e+02	32.7193 101.1416 0.8136	
88.885889 293.147658	6.83e-01  9.17e-01  7.39e+02	17.1233 75.5493 0.7246	
88.885889 293.147658	7.64e-01  9.14e-01  7.22e+02	24.8418 84.6814 0.8527	
88.885889 293.147658	7.56e-01  8.20e-01  7.50e+02	-3.3008 69.8199 0.4373	
88.885889 293.147658	7.72e-01  8.89e-01  7.27e+02	-34.4587 78.1965 0.2949	
88.885889 293.147658	8.36e-01  9.24e-01  7.03e+02	0.0640 98.7057 0.7126	
88.885889 293.147658	7.06e-01  8.83e-01  7.44e+02	-1.9493 74.0804 0.0478	
88.885889 293.147658	7.10e-01  8.72e-01  7.46e+02	8.5137 72.1096 0.0719	
88.885889 293.147658	8.04e-01  8.87e-01  7.20e+02	-16.5840 87.9345 0.3149	
88.885889 293.147658	8.89e-01  9.41e-01  6.86e+02	4.5002 106.5524 0.0663	
88.885889 293.147658	7.79e-01  8.94e-01  7.24e+02	-18.5875 85.1849 0.9023	
88.885889 293.147658	8.33e-01  9.80e-01  6.89e+02	-31.9999 100.4426 0.2062	
88.885889 293.147658	7.07e-01  8.84e-01  7.43e+02	5.1858 74.4615 0.3757	
88.885889 293.147658	8.82e-01  9.35e-01  6.90e+02	-26.5700 101.8052 0.3523	
88.885889 293.147658	8.41e-01  9.08e-01  7.06e+02	-43.7143 86.8465 0.1587	
88.885889 293.147658	7.46e-01  9.65e-01  7.12e+02	-38.1033 86.0211 0.1536	
88.885889 293.147658	8.12e-01  8.88e-01  7.18e+02	40.6734 81.1254 0.5775	
88.885889 293.147658	7.79e-01  8.59e-01  7.33e+02	8.7144 80.9309 0.9806	
88.885889 293.147658	7.10e-01  9.70e-01  7.18e+02	35.4184 83.3426 0.1651	
88.885889 293.147658	7.94e-01  9.39e-01  7.09e+02	20.8409 93.4747 0.1670	
88.885889 293.147658	7.13e-01  9.77e-01  7.15e+02	-44.9838 80.3539 0.0220	
88.885889 293.147658	8.37e-01  9.75e-01  6.89e+02	22.9749 102.7163 0.9850	
88.885889 293.147658	7.85e-01  8.92e-01  7.23e+02	-38.6225 78.7272 0.2126	
88.885889 293.147658	6.64e-01  8.77e-01  7.55e+02	-10.0718 64.6105 0.6553	
88.885889 293.147658	7.91e-01  9.08e-01  7.17e+02	-7.6034 90.5783 0.4309	
88.885889 293.147658	6.96e-01  9.32e-01  7.32e+02	47.9919 66.5742 0.8075	
88.885889 293.147658	7.53e-01  8.45e-01  7.43e+02	-8.3944 74.1155 0.0280	
88.885889 293.147658	7.19e-01  9.35e-01  7.26e+02	41.4635 75.1900 0.4094	
88.885889 293.147658	7.41e-01  9.46e-01  7.18e+02	17.6995 88.7510 0.1824	
88.885889 293.147658	7.44e-01  9.58e-01  7.14e+02	27.3336 88.5480 0.1781	
88.885889 293.147658	7.89e-01  8.95e-01  7.21e+02	22.6075 85.7899 0.5875	
88.885889 293.147658	8.51e-01  9.34e-01  6.97e+02	-16.8197 100.3561 0.9444	
88.885889 293.147658	7.91e-01  9.45e-01  7.08e+02	30.4337 91.2481 0.1505	
88.885889 293.147658	7.22e-01  9.56e-01  7.20e+02	14.7903 88.5014 0.3090	
88.885889 293.147658	7.66e-01  8.37e-01  7.43e+02	-22.3854 71.7510 0.1196	
88.885889 293.147658	7.89e-01  9.44e-01  7.08e+02	24.4451 92.7486 0.5117	
88.885889 293.147658	7.51e-01  9.63e-01  7.11e+02	6.5629 94.0531 0.8350	
88.885889 293.147658	8.30e-01  9.78e-01  6.90e+02	-14.3508 103.7926 0.4673	
88.885889 293.147658	7.79e-01  9.26e-01  7.15e+02	55.2170 73.7739 0.9342	
88.885889 293.147658	6.08e-01  9.72e-01  7.38e+02	-18.5362 76.0605 0.0405	
88.885889 293.147658	8.53e-01  9.63e-01  6.89e+02	-33.3201 100.0830 0.6358	
88.885889 293.147658	7.58e-01  8.48e-01  7.41e+02	-49.7959 57.2940 0.6275	
88.885889 293.147658	8.27e-01  8.40e-01  7.27e+02	-3.5294 85.5092 0.5769	
88.885889 293.147658	7.03e-01  9.27e-01  7.32e+02	-31.0367 76.1960 0.4189	
88.885889 293.147658	7.11e-01  8.92e-01  7.40e+02	-32.7670 69.4063 0.7934	
88.885889 293.147658	7.92e-01  8.97e-01  7.20e+02	53.5888 71.6811 0.2737	
88.885889 293.147658	7.24e-01  8.13e-01  7.60e+02	9.8811 60.9900 0.0741	
88.885889 293.147658	8.30e-01  9.53e-01  6.97e+02	-0.6154 101.7568 0.3839	
88.885889 293.147658	8.26e-01  8.61e-01  7.21e+02	-23.0385 85.6689 0.1280	
88.885889 293.147658	7.77e-01  9.08e-01  7.21e+02	-13.4426 88.0979 0.8740	
88.885889 293.147658	8.23e-01  8.77e-01  7.18e+02	-31.1908 85.1078 0.4894	
88.885889 293.147658	8.32e-01  9.29e-01  7.02e+02	-43.8462 88.7745 0.0357	
88.885889 293.147658	7.41e-01  8.60e-01  7.42e+02	30.2409 68.9467 0.9897	
88.885889 293.147658	7.01e-01  8.34e-01  7.59e+02	2.8267 62.0571 0.4664	
88.885889 293.147658	8.58e-01  9.44e-01  6.93e+02	21.5386 101.5042 0.5082	
88.885889 293.147658	7.19e-01  8.60e-01  7.48e+02	-12.5778 70.4076 0.5652	
88.885889 293.147658	8.01e-01  9.21e-01  7.12e+02	-23.8251 90.9617 0.3656	
88.885889 293.147658	9.08e-01  9.40e-01  6.83e+02	-11.9580 107.7706 0.2680	
88.885889 293.147658	8.08e-01  8.85e-01  7.19e+02	33.5173 83.3086 0.7637	
88.885889 293.147658	8.02e-01  9.49e-01  7.04e+02	3.6748 98.0879 0.5205	
88.885889 293.147658	7.94e-01  9.14e-01  7.15e+02	-13.6075 91.2911 0.3490	
88.885889 293.147658	9.06e-01  9.36e-01  6.84e+02	10.4041 107.3728 0.1358	
88.885889 293.147658	7.60e-01  9.38e-01  7.16e+02	-38.8455 82.9222 0.9269	
88.885889 293.147658	7.84e-01  9.62e-01  7.05e+02	-35.8804 91.0264 0.4486	
88.885889 293.147658	7.54e-01  8.80e-01  7.34e+02	37.4622 72.0780 0.4063	
88.885889 293.147658	7.16e-01  8.50e-01  7.51e+02	-13.1799 67.5023 0.2604	
88.885889 293.147658	8.28e-01  8.93e-01  7.12e+02	-8.0783 93.3276 0.6467	
88.885889 293.147658	7.10e-01  9.57e-01  7.22e+02	6.8105 88.0622 0.0838	
88.885889 293.147658	6.60e-01  9.46e-01  7.36e+02	7.5300 79.5360 0.3938	
88.885889 293.147658	7.72e-01  8.42e-01  7.40e+02	29.1718 71.5139 0.5874	
88.885889 293.147658	8.04e-01  9.17e-01  7.12e+02	-9.4101 93.4176 0.0532	
88.885889 293.147658	5.83e-01  9.69e-01  7.44e+02	-0.3544 74.2004 0.6160	
88.885889 293.147658	7.82e-01  9.49e-01  7.08e+02	-9.1486 95.4536 0.4815	
88.885889 293.147658	6.94e-01  9.06e-01  7.40e+02	-22.6814 73.5377 0.9607	
88.885889 293.147658	8.72e-01  9.37e-01  6.91e+02	41.3156 95.8423 0.9062	
88.885889 293.147658	7.37e-01  9.11e-01  7.29e+02	-27.1509 79.7102 0.5933	
88.885889 293.147658	7.99e-01  8.39e-01  7.34e+02	-0.0910 81.1549 0.2284	
88.885889 293.147658	7.37e-01  8.95e-01  7.33e+02	11.7746 80.5359 0.7800	
88.885889 293.147658	8.57e-01  9.24e-01  6.98e+02	-19.1038 99.3803 0.7244	
88.885889 293.147658	6.04e-01  9.26e-01  7.53e+02	-23.9480 62.5328 0.4355	
88.885889 293.147658	7.56e-01  9.47e-01  7.15e+02	11.8805 91.5682 0.5062	
88.885889 293.147658	7.99e-01  9.38e-01  7.08e+02	-29.5734 91.6152 0.6775	
88.885889 293.147658	7.80e-01  9.29e-01  7.14e+02	-35.4536 85.7518 0.8014	
88.885889 293.147658	8.42e-01  9.53e-01  6.94e+02	-17.2054 101.5904 0.0480	
88.885889 293.147658	8.52e-01  9.24e-01  6.99e+02	-39.4943 92.5170 0.0056	
88.885889 293.147658	7.57e-01  8.41e-01  7.44e+02	23.0663 70.7275 0.7242	
88.885889 293.147658	7.42e-01  9.00e-01  7.31e+02	-33.0464 75.9800 0.2209	
88.885889 293.147658	7.68e-01  9.05e-01  7.24e+02	3.2251 87.3564 0.0479	
88.885889 293.147658	7.67e-01  8.43e-01  7.41e+02	-32.5976 69.2098 0.1677	
88.885889 293.147658	7.49e-01  9.35e-01  7.20e+02	-47.2822 76.1387 0.8837	
88.885889 293.147658	7.15e-01  9.23e-01  7.30e+02	-0.6279 83.2099 0.9632	
88.885889 293.147658	7.69e-01  9.32e-01  7.16e+02	17.7808 90.0240 0.9991	
88.885889 293.147658	9.01e-01  9.53e-01  6.81e+02	3.9020 109.1019 0.2170	
88.885889 293.147658	7.89e-01  8.95e-01  7.21e+02	-16.4455 87.2592 0.3855	
88.885889 293.147658	7.58e-01  9.25e-01  7.20e+02	-0.3179 89.3150 0.9479	
88.885889 293.147658	7.61e-01  8.49e-01  7.40e+02	-1.8865 76.6752 0.1913	
88.885889 293.147658	8.60e-01  9.81e-01  6.83e+02	2.1964 108.1905 0.5447	
88.885889 293.147658	7.89e-01  8.13e-01  7.43e+02	13.6321 73.4512 0.5114	
88.885889 293.147658	7.50e-01  8.86e-01  7.33e+02	-6.5796 81.3708 0.3384	
88.885889 293.147658	7.25e-01  8.82e-01  7.40e+02	-19.6664 74.4347 0.0619	
88.885889 293.147658	6.76e-01  9.06e-01  7.44e+02	-11.4036 73.0526 0.6952	
88.885889 293.147658	7.51e-01  9.44e-01  7.17e+02	13.7916 90.3454 0.1946	
88.885889 293.147658	8.17e-01  9.79e-01  6.93e+02	0.9918 103.5499 0.9901	
88.885889 293.147658	6.84e-01  9.14e-01  7.40e+02	-22.9549 73.5777 0.5114	
88.885889 293.147658	7.76e-01  9.06e-01  7.22e+02	20.2580 86.2259 0.4581	
88.885889 293.147658	7.99e-01  9.13e-01  7.14e+02	8.9452 92.2552 0.6796	
88.885889 293.147658	7.07e-01  9.16e-01  7.34e+02	3.1912 80.7090 0.6656	
88.885889 293.147658	6.69e-01  8.71e-01  7.56e+02	-23.7552 60.4498 0.3021	
88.885889 293.147658	8.71e-01  9.43e-01  6.90e+02	1.8132 104.8740 0.1110	
88.885889 293.147658	7.49e-01  9.86e-01  7.06e+02	-2.8969 97.2657 0.7183	
88.885889 293.147658	7.83e-01  8.72e-01  7.29e+02	14.8044 82.8591 0.7674	
88.885889 293.147658	8.61e-01  9.88e-01  6.81e+02	5.5956 108.8634 0.0164	
88.885889 293.147658	8.07e-01  9.07e-01  7.14e+02	42.4398 82.6147 0.4141	
88.885889 293.147658	7.82e-01  8.54e-01  7.34e+02	0.8376 80.9826 0.4962	
88.885889 293.147658	7.32e-01  9.04e-01  7.32e+02	-21.5607 79.2330 0.6351	
88.885889 293.147658	8.29e-01  9.64e-01  6.94e+02	-58.2441 85.0390 0.0215	
88.885889 293.147658	7.67e-01  8.77e-01  7.31e+02	10.2611 81.9918 0.5157	
88.885889 293.147658	7.93e-01  9.51e-01  7.05e+02	-31.5866 92.1784 0.6067	
88.885889 293.147658	7.00e-01  9.31e-01  7.31e+02	16.3180 80.9575 0.1757	
88.885889 293.147658	7.61e-01  9.25e-01  7.20e+02	33.5004 83.1119 0.2907	
88.885889 293.147658	7.04e-01  9.06e-01  7.38e+02	-24.0493 74.5999 0.3518	
88.885889 293.147658	7.52e-01  9.27e-01  7.21e+02	11.0014 88.0273 0.9097	
88.885889 293.147658	7.77e-01  9.76e-01  7.02e+02	18.2470 97.3231 0.7678	
88.885889 293.147658	8.68e-01  9.28e-01  6.94e+02	24.9992 99.8291 0.8110	
88.885889 293.147658	7.79e-01  8.41e-01  7.38e+02	24.5444 74.1078 0.6017	
88.885889 293.147658	8.36e-01  9.02e-01  7.08e+02	34.5839 89.3835 0.3527	
88.885889 293.147658	7.55e-01  9.34e-01  7.19e+02	-19.7441 88.0395 0.8272	
88.885889 293.147658	6.65e-01  8.65e-01  7.59e+02	-3.4661 62.5454 0.7691	
88.885889 293.147658	7.60e-01  8.30e-01  7.46e+02	6.4623 72.4956 0.6436	
88.885889 293.147658	8.03e-01  8.81e-01  7.22e+02	6.9132 88.2053 0.1507	
88.885889 293.147658	7.33e-01  9.67e-01  7.14e+02	-2.3678 92.7406 0.4846	
88.885889 293.147658	8.65e-01  9.65e-01  6.86e+02	-24.6382 103.9864 0.6136	
88.885889 293.147658	7.76e-01  9.16e-01  7.19e+02	-34.4359 83.2880 0.1907	
88.885889 293.147658	7.61e-01  9.00e-01  7.26e+02	6.0990 85.4912 0.1086	
88.885889 293.147658	6.94e-01  9.12e-01  7.38e+02	-2.1913 77.9300 0.5771	
88.885889 293.147658	8.32e-01  9.26e-01  7.03e+02	-15.9535 97.1829 0.5310	
88.885889 293.147658	6.41e-01  9.75e-01  7.31e+02	-31.4160 76.8911 0.1857	
88.885889 293.147658	7.73e-01  8.40e-01  7.40e+02	-33.8408 69.0912 0.5963	
88.885889 293.147658	7.57e-01  9.35e-01  7.18e+02	25.2754 87.0683 0.5482	
88.885889 293.147658	6.88e-01  9.18e-01  7.38e+02	-5.4116 78.3285 0.8859	
88.885889 293.147658	8.15e-01  9.06e-01  7.12e+02	4.3162 93.6392 0.3122	
88.885889 293.147658	7.55e-01  9.30e-01  7.20e+02	-9.5782 89.1947 0.8867	
88.885889 293.147658	7.32e-01  7.73e-01  7.69e+02	-18.2010 49.9233 0.4004	
88.885889 293.147658	7.86e-01  9.58e-01  7.05e+02	-9.8687 97.0623 0.7287	
88.885889 293.147658	7.25e-01  8.90e-01  7.38e+02	11.3830 77.7593 0.2764	
88.885889 293.147658	8.58e-01  9.83e-01  6.83e+02	28.4424 104.3193 0.8494	
88.885889 293.147658	7.02e-01  9.01e-01  7.39e+02	-15.9453 75.6218 0.0892	
88.885889 293.147658	8.32e-01  8.72e-01  7.17e+02	-32.1852 85.3356 0.2711	
88.885889 293.147658	7.59e-01  8.40e-01  7.43e+02	39.1950 63.4007 0.5405	
88.885889 293.147658	8.23e-01  8.91e-01  7.14e+02	22.9555 89.7611 0.3117	
88.885889 293.147658	7.08e-01  8.96e-01  7.40e+02	14.9083 75.6768 0.8823	
88.885889 293.147658	8.42e-01  9.14e-01  7.04e+02	5.4221 98.0471 0.6289	
88.885889 293.147658	7.03e-01  8.95e-01  7.41e+02	-16.2379 74.2572 0.1582	
88.885889 293.147658	6.51e-01  9.41e-01  7.39e+02	20.0349 74.9198 0.1732	
88.885889 293.147658	8.24e-01  8.79e-01  7.17e+02	3.9927 91.0113 0.7115	
88.885889 293.147658	7.69e-01  9.19e-01  7.20e+02	4.6947 89.5992 0.7208	
88.885889 293.147658	6.64e-01  9.80e-01  7.25e+02	-12.9962 85.6560 0.3205	
88.885889 293.147658	8.27e-01  9.36e-01  7.02e+02	68.6955 71.5608 0.5504	
88.885889 293.147658	7.60e-01  9.79e-01  7.05e+02	34.4884 91.2920 0.8601	
88.885889 293.147658	7.27e-01  8.23e-01  7.56e+02	34.1630 55.0567 0.4191	
88.885889 293.147658	6.70e-01  8.97e-01  7.48e+02	6.2640 70.9318 0.6545	
88.885889 293.147658	7.35e-01  8.60e-01  7.44e+02	-5.1613 74.2487 0.8050	
88.885889 293.147658	8.29e-01  8.87e-01  7.14e+02	-42.9456 82.4234 0.5423	
88.885889 293.147658	6.12e-01  9.51e-01  7.44e+02	-4.5133 74.1401 0.2091	
88.885889 293.147658	8.40e-01  8.75e-01  7.14e+02	23.5010 89.5975 0.0363	
88.885889 293.147658	6.40e-01  9.30e-01  7.45e+02	2.9165 73.5466 0.4041	
88.885889 293.147658	5.86e-01  9.52e-01  7.49e+02	-8.6154 70.1833 0.9082	
88.885889 293.147658	7.29e-01  9.53e-01  7.19e+02	8.9765 89.6042 0.3196	
88.885889 293.147658	9.19e-01  9.49e-01  6.78e+02	25.4121 107.5515 0.3086	
88.885889 293.147658	7.38e-01  8.65e-01  7.42e+02	-4.0964 75.6799 0.9433	
88.885889 293.147658	8.32e-01  8.63e-01  7.19e+02	-25.6048 86.0653 0.4713	
88.885889 293.147658	6.95e-01  8.96e-01  7.43e+02	23.0167 71.4428 0.4283	
88.885889 293.147658	7.26e-01  8.74e-01  7.42e+02	-0.8434 75.5720 0.4655	
88.885889 293.147658	8.38e-01  9.57e-01  6.94e+02	-6.2258 102.9879 0.6554	
88.885889 293.147658	7.81e-01  8.77e-01  7.28e+02	-18.7864 82.5354 0.9604	
88.885889 293.147658	7.52e-01  8.74e-01  7.36e+02	-25.5682 75.7462 0.2676	
88.885889 293.147658	8.83e-01  9.51e-01  6.85e+02	23.1153 104.5926 0.3942	
88.885889 293.147658	7.73e-01  8.93e-01  7.26e+02	15.0027 84.8778 0.1664	
88.885889 293.147658	7.79e-01  8.97e-01  7.23e+02	-17.0641 85.9588 0.8426	
88.885889 293.147658	8.03e-01  9.40e-01  7.06e+02	34.6981 90.5772 0.8512	
88.885889 293.147658	6.00e-01  9.75e-01  7.39e+02	-4.0611 77.7439 0.4305	
88.885889 293.147658	8.39e-01  8.67e-01  7.17e+02	-8.2881 90.9981 0.6544	
88.885889 293.147658	7.30e-01  8.67e-01  7.43e+02	10.0858 74.2340 0.5060	
88.885889 293.147658	8.13e-01  8.59e-01  7.25e+02	9.9784 86.0713 0.2116	
88.885889 293.147658	6.79e-01  9.62e-01  7.27e+02	-11.3982 84.6256 0.6763	
88.885889 293.147658	7.67e-01  9.51e-01  7.11e+02	-56.8180 75.2923 0.5550	
88.885889 293.147658	7.52e-01  8.67e-01  7.38e+02	2.1609 78.4063 0.9575	
88.885889 293.147658	7.44e-01  9.62e-01  7.13e+02	48.1821 79.9111 0.5974	
88.885889 293.147658	8.54e-01  8.66e-01  7.13e+02	-22.5341 90.4458 0.6545	
88.885889 293.147658	8.20e-01  9.43e-01  7.02e+02	18.9438 97.5876 0.4991	
88.885889 293.147658	6.62e-01  9.09e-01  7.46e+02	-24.9606 68.0502 0.5464	
88.885889 293.147658	7.27e-01  8.73e-01  7.42e+02	23.3877 71.8948 0.4912	
88.885889 293.147658	7.37e-01  9.40e-01  7.21e+02	-18.3690 87.0091 0.9527	
88.885889 293.147658	8.06e-01  9.16e-01  7.12e+02	4.7445 93.8356 0.5528	
88.885889 293.147658	8.46e-01  9.43e-01  6.96e+02	-23.4044 99.6204 0.8674	
88.885889 293.147658	6.91e-01  9.11e-01  7.39e+02	12.4213 76.4669 0.7150	
88.885889 293.147658	7.57e-01  8.79e-01  7.33e+02	10.4082 80.7301 0.4865	
88.885889 293.147658	7.97e-01  9.34e-01  7.09e+02	19.6313 93.4158 0.3381	
88.885889 293.147658	8.48e-01  8.73e-01  7.13e+02	17.9957 91.8310 0.7749	
88.885889 293.147658	7.23e-01  8.88e-01  7.38e+02	-23.2680 74.4158 0.0561	
88.885889 293.147658	6.15e-01  8.56e-01  7.73e+02	-5.3858 48.5860 0.2187	
88.885889 293.147658	6.48e-01  9.13e-01  7.48e+02	28.8932 65.0128 0.8561	
88.885889 293.147658	7.83e-01  9.14e-01  7.18e+02	-26.8066 86.6933 0.3467	
88.885889 293.147658	7.07e-01  9.14e-01  7.35e+02	15.2473 78.9545 0.0027	
88.885889 293.147658	8.48e-01  9.23e-01  7.00e+02	-20.4497 97.8315 0.0274	
88.885889 293.147658	8.03e-01  9.48e-01  7.04e+02	-45.1254 87.1701 0.3667	
88.885889 293.147658	7.59e-01  8.84e-01  7.31e+02	19.6844 80.3048 0.9833	
88.885889 293.147658	7.96e-01  8.69e-01  7.27e+02	23.4805 82.2822 0.7305	
88.885889 293.147658	7.81e-01  8.96e-01  7.23e+02	15.1687 86.4419 0.0301	
88.885889 293.147658	8.06e-01  8.60e-01  7.27e+02	28.6424 80.6125 0.4424	
88.885889 293.147658	6.66e-01  8.95e-01  7.49e+02	-4.6777 69.9573 0.5988	
88.885889 293.147658	6.60e-01  8.69e-01  7.59e+02	19.1622 59.6275 0.5570	
88.885889 293.147658	8.01e-01  8.74e-01  7.24e+02	-5.2429 87.0751 0.2257	
88.885889 293.147658	8.55e-01  9.64e-01  6.89e+02	-21.2072 103.5504 0.2307	
88.885889 293.147658	7.76e-01  9.44e-01  7.11e+02	6.2415 94.2410 0.0128	
88.885889 293.147658	7.94e-01  9.17e-01  7.14e+02	21.6298 90.1386 0.5668	
88.885889 293.147658	5.00e-01  9.53e-01  7.64e+02	8.6796 56.8512 0.9191	
88.885889 293.147658	8.26e-01  9.35e-01  7.02e+02	-5.9604 98.8325 0.1448	
88.885889 293.147658	6.92e-01  9.63e-01  7.24e+02	11.7340 86.4185 0.2321	
88.885889 293.147658	8.87e-01  9.56e-01  6.83e+02	8.1544 107.7608 0.0708	
88.885889 293.147658	7.45e-01  9.26e-01  7.23e+02	2.1887 87.6834 0.7465	
88.885889 293.147658	7.73e-01  8.51e-01  7.37e+02	-0.2346 79.0065 0.0071	
88.885889 293.147658	7.93e-01  9.25e-01  7.12e+02	-12.9632 92.8630 0.4944	
88.885889 293.147658	7.44e-01  9.14e-01  7.27e+02	7.6062 85.2484 0.0515	
88.885889 293.147658	7.53e-01  8.11e-01  7.53e+02	23.3424 63.3508 0.9075	
88.885889 293.147658	7.29e-01  9.64e-01  7.16e+02	-6.4382 91.5080 0.5773	
88.885889 293.147658	8.27e-01  9.52e-01  6.98e+02	-26.5977 97.7798 0.8588	
88.885889 293.147658	8.92e-01  9.17e-01  6.92e+02	67.5353 79.3619 0.9058	
88.885889 293.147658	7.20e-01  9.15e-01  7.31e+02	22.6741 79.3643 0.5806	
88.885889 293.147658	7.25e-01  8.58e-01  7.47e+02	3.1243 71.9789 0.4372	
88.885889 293.147658	8.62e-01  9.29e-01  6.96e+02	46.8223 90.9150 0.3919	
88.885889 293.147658	7.85e-01  8.89e-01  7.24e+02	13.3935 86.1586 0.3134	
88.885889 293.147658	6.31e-01  8.74e-01  7.64e+02	-3.1426 58.0197 0.9416	
88.885889 293.147658	8.36e-01  9.00e-01  7.09e+02	-19.7092 93.5064 0.7433	
88.885889 293.147658	8.56e-01  9.33e-01  6.96e+02	38.0842 94.7985 0.0655	
88.885889 293.147658	9.05e-01  9.71e-01  6.76e+02	-73.1373 84.1367 0.2066	
88.885889 293.147658	7.93e-01  8.94e-01  7.21e+02	-7.3730 88.7657 0.0404	
88.885889 293.147658	7.60e-01  9.44e-01  7.15e+02	1.2430 92.4466 0.4418	
88.885889 293.147658	7.51e-01  9.17e-01  7.24e+02	-20.3193 84.6643 0.4016	
88.885889 293.147658	7.84e-01  8.35e-01  7.39e+02	-20.4938 75.2011 0.1219	
88.885889 293.147658	7.82e-01  9.35e-01  7.12e+02	2.3749 93.7548 0.4534	
88.885889 293.147658	8.65e-01  9.41e-01  6.92e+02	-2.6352 104.1326 0.5997	
88.885889 293.147658	6.91e-01  8.36e-01  7.61e+02	-17.3693 57.8154 0.1038	
88.885889 293.147658	7.74e-01  8.84e-01  7.28e+02	-0.7134 84.8182 0.2842	
88.885889 293.147658	8.86e-01  9.33e-01  6.89e+02	45.2172 95.2008 0.3958	
88.885889 293.147658	8.54e-01  9.01e-01  7.04e+02	2.2791 97.8829 0.4050	
88.885889 293.147658	6.65e-01  9.68e-01  7.28e+02	3.3163 84.5926 0.0213	
88.885889 293.147658	7.18e-01  8.32e-01  7.56e+02	2.4606 65.0529 0.1006	
88.885889 293.147658	7.33e-01  9.40e-01  7.22e+02	8.7534 87.9725 0.8869	
88.885889 293.147658	6.85e-01  9.17e-01  7.39e+02	21.1423 74.8942 0.5289	
88.885889 293.147658	6.84e-01  9.28e-01  7.36e+02	-34.9207 71.6350 0.2173	
88.885889 293.147658	8.13e-01  9.71e-01  6.96e+02	9.2375 101.7226 0.3374	
88.885889 293.147658	7.66e-01  9.16e-01  7.21e+02	-1.4141 88.9075 0.8770	
88.885889 293.147658	8.34e-01  9.63e-01  6.94e+02	15.4745 102.1466 0.9317	
88.885889 293.147658	6.24e-01  8.91e-01  7.60e+02	-18.6211 58.6883 0.3711	
88.885889 293.147658	8.33e-01  9.32e-01  7.01e+02	55.6126 82.4644 0.5314	
88.885889 293.147658	8.22e-01  9.59e-01  6.97e+02	8.1427 101.3690 0.4630	
88.885889 293.147658	7.74e-01  8.69e-01  7.32e+02	-13.0708 81.3478 0.2671	
88.885889 293.147658	6.48e-01  9.09e-01  7.49e+02	-29.4439 63.6697 0.8627	
88.885889 293.147658	7.47e-01  9.07e-01  7.28e+02	-40.5261 74.5593 0.3810	
88.885889 293.147658	8.56e-01  9.18e-01  7.00e+02	-17.5968 98.7161 0.9064	
88.885889 293.147658	8.24e-01  9.50e-01  6.99e+02	-28.0733 96.7272 0.9252	
88.885889 293.147658	8.95e-01  9.47e-01  6.83e+02	-13.6338 107.1349 0.8850	
88.885889 293.147658	6.41e-01  9.72e-01  7.32e+02	-24.3678 78.6509 0.5810	
88.885889 293.147658	7.87e-01  9.79e-01  6.99e+02	-9.3394 100.0091 0.3027	
88.885889 293.147658	7.14e-01  8.39e-01  7.55e+02	-32.6974 57.2355 0.3499	
88.885889 293.147658	7.18e-01  8.10e-01  7.62e+02	3.8469 59.3474 0.3664	
88.885889 293.147658	7.24e-01  8.83e-01  7.40e+02	-23.3648 73.3252 0.8554	
88.885889 293.147658	7.30e-01  9.12e-01  7.30e+02	-40.8784 72.7309 0.3916	
88.885889 293.147658	8.18e-01  9.80e-01  6.93e+02	-31.8216 98.8140 0.7100	
88.885889 293.147658	8.02e-01  9.24e-01  7.11e+02	-24.4972 91.4291 0.8686	
88.885889 293.147658	7.70e-01  8.64e-01  7.34e+02	17.8059 78.8521 0.4701	
88.885889 293.147658	7.36e-01  8.96e-01  7.33e+02	-22.7184 78.1837 0.9931	
88.885889 293.147658	8.01e-01  9.77e-01  6.97e+02	-8.8271 101.2782 0.3643	
88.885889 293.147658	8.08e-01  8.68e-01  7.24e+02	-5.2253 87.0754 0.2276	
88.885889 293.147658	7.05e-01  8.98e-01  7.40e+02	-6.5026 76.7249 0.6917	
88.885889 293.147658	7.95e-01  9.60e-01  7.03e+02	14.8963 97.6757 0.0219	
88.885889 293.147658	8.65e-01  9.82e-01  6.82e+02	-36.6485 102.3774 0.4118	
88.885889 293.147658	6.91e-01  8.48e-01  7.58e+02	-1.4018 63.3894 0.5910	
88.885889 293.147658	7.13e-01  8.79e-01  7.43e+02	7.8484 74.0849 0.7248	
88.885889 293.147658	8.57e-01  9.38e-01  6.95e+02	-20.7612 100.6991 0.4752	
88.885889 293.147658	8.29e-01  9.50e-01  6.98e+02	-28.1782 97.3229 0.7140	
88.885889 293.147658	9.32e-01  9.42e-01  6.77e+02	12.6794 110.3368 0.7947	
88.885889 293.147658	7.13e-01  9.29e-01  7.29e+02	-38.7812 74.5183 0.9357	
88.885889 293.147658	8.12e-01  8.62e-01  7.25e+02	0.9063 86.7865 0.9003	
88.885889 293.147658	7.22e-01  8.86e-01  7.40e+02	15.5151 75.6994 0.6075	
88.885889 293.147658	7.64e-01  8.55e-01  7.38e+02	-29.0026 72.7139 0.8043	
88.885889 293.147658	7.90e-01  8.45e-01  7.34e+02	-33.2876 73.5299 0.9382	
88.885889 293.147658	7.06e-01  9.94e-01  7.12e+02	38.4068 85.6359 0.5512	
88.885889 293.147658	8.29e-01  8.64e-01  7.20e+02	6.9351 89.2467 0.1624	
88.885889 293.147658	7.88e-01  9.64e-01  7.03e+02	8.8932 98.1336 0.0018	
88.885889 293.147658	7.98e-01  9.54e-01  7.04e+02	7.8973 97.9974 0.8873	
88.885889 293.147658	8.55e-01  9.24e-01  6.99e+02	-49.9452 87.6229 0.7958	
88.885889 293.147658	7.87e-01  8.97e-01  7.21e+02	-8.5071 88.3607 0.2323	
88.885889 293.147658	7.76e-01  8.95e-01  7.24e+02	2.2647 87.0193 0.8304	
88.885889 293.147658	7.36e-01  9.52e-01  7.18e+02	1.1013 90.8273 0.8608	
88.885889 293.147658	8.34e-01  8.51e-01  7.22e+02	15.7421 86.9209 0.6227	
88.885889 293.147658	7.27e-01  9.04e-01  7.33e+02	22.2838 78.3335 0.3856	
88.885889 293.147658	7.61e-01  9.59e-01  7.10e+02	6.4997 94.6521 0.1182	
88.885889 293.147658	6.98e-01  9.39e-01  7.30e+02	-4.5933 83.6421 0.6730	
88.885889 293.147658	9.21e-01  9.80e-01  6.70e+02	-11.2504 113.3134 0.0067	
88.885889 293.147658	7.60e-01  8.59e-01  7.38e+02	39.9946 67.2636 0.1602	
88.885889 293.147658	7.16e-01  9.26e-01  7.29e+02	25.0195 80.0390 0.2004	
88.885889 293.147658	8.40e-01  9.10e-01  7.06e+02	-37.0968 89.9934 0.5191	
88.885889 293.147658	6.85e-01  9.12e-01  7.40e+02	-17.4563 74.8053 0.2709	
88.885889 293.147658	8.75e-01  9.38e-01  6.90e+02	7.0437 104.5602 0.5469	
88.885889 293.147658	7.77e-01  8.69e-01  7.31e+02	5.6726 82.5303 0.3198	
88.885889 293.147658	8.14e-01  9.07e-01  7.12e+02	50.9223 78.8099 0.2232	
88.885889 293.147658	7.50e-01  8.20e-01  7.51e+02	0.6323 68.7103 0.9143	
88.885889 293.147658	7.24e-01  9.09e-01  7.32e+02	-4.8503 81.7798 0.0422	
88.885889 293.147658	8.22e-01  8.72e-01  7.19e+02	-23.7105 86.5737 0.7189	
88.885889 293.147658	7.30e-01  9.48e-01  7.20e+02	-55.8201 69.9105 0.9877	
88.885889 293.147658	7.49e-01  9.17e-01  7.25e+02	-1.9506 86.7591 0.9804	
88.885889 293.147658	8.13e-01  8.69e-01  7.22e+02	28.9383 83.3076 0.6567	
88.885889 293.147658	8.47e-01  9.63e-01  6.91e+02	-5.9413 104.5776 0.1868	
88.885889 293.147658	7.39e-01  8.94e-01  7.33e+02	26.0704 77.1185 0.1623	
88.885889 293.147658	7.40e-01  9.29e-01  7.23e+02	49.6351 72.2500 0.0342	
88.885889 293.147658	7.62e-01  9.69e-01  7.08e+02	-33.6867 90.2274 0.6561	
88.885889 293.147658	7.09e-01  9.39e-01  7.27e+02	-6.2154 85.0068 0.3655	
88.885889 293.147658	7.30e-01  8.85e-01  7.38e+02	9.4324 77.9616 0.4716	
88.885889 293.147658	8.77e-01  9.21e-01  6.94e+02	52.1771 88.8792 0.5133	
88.885889 293.147658	8.63e-01  9.21e-01  6.97e+02	1.9312 101.5564 0.0735	
88.885889 293.147658	8.47e-01  9.65e-01  6.90e+02	30.7807 100.4075 0.2153	
88.885889 293.147658	7.91e-01  9.29e-01  7.12e+02	50.6405 79.3281 0.3140	
88.885889 293.147658	8.51e-01  9.63e-01  6.89e+02	41.5549 96.7134 0.0873	
88.885889 293.147658	8.02e-01  8.51e-01  7.30e+02	-11.1630 82.8646 0.5701	
88.885889 293.147658	7.99e-01  8.33e-01  7.35e+02	9.0717 79.5347 0.5544	
88.885889 293.147658	7.99e-01  8.94e-01  7.19e+02	-40.7841 80.1299 0.8419	
88.885889 293.147658	8.29e-01  9.28e-01  7.04e+02	-15.7163 97.1301 0.8692	
88.885889 293.147658	7.85e-01  8.57e-01  7.32e+02	-42.7610 69.9130 0.6315	
88.885889 293.147658	6.72e-01  8.99e-01  7.47e+02	-9.7220 71.3172 0.8790	
88.885889 293.147658	6.88e-01  9.05e-01  7.41e+02	34.2573 67.7616 0.3757	
88.885889 293.147658	6.71e-01  8.41e-01  7.64e+02	27.0354 50.7057 0.8251	
88.885889 293.147658	8.08e-01  9.33e-01  7.07e+02	-0.8147 96.7168 0.3340	
88.885889 293.147658	7.12e-01  9.68e-01  7.18e+02	-30.9722 85.0449 0.2838	
88.885889 293.147658	8.18e-01  9.09e-01  7.11e+02	5.5689 94.3427 0.6376	
88.885889 293.147658	8.08e-01  9.00e-01  7.15e+02	-8.7994 91.6628 0.4274	
88.885889 293.147658	7.93e-01  9.49e-01  7.06e+02	18.7603 95.2607 0.2543	
88.885889 293.147658	8.52e-01  9.45e-01  6.94e+02	-42.3503 94.1082 0.3920	
88.885889 293.147658	8.15e-01  8.58e-01  7.25e+02	7.3045 86.2917 0.0630	
88.885889 293.147658	8.49e-01  9.27e-01  6.99e+02	-1.5063 100.5602 0.4226	
88.885889 293.147658	8.61e-01  8.82e-01  7.07e+02	-26.6687 92.5728 0.4728	
88.885889 293.147658	8.10e-01  9.05e-01  7.14e+02	7.6310 92.6883 0.7071	
88.885889 293.147658	7.86e-01  8.98e-01  7.21e+02	17.2970 87.1140 0.0121	
88.885889 293.147658	9.04e-01  9.43e-01  6.83e+02	-11.2998 107.8385 0.8697	
88.885889 293.147658	7.61e-01  9.77e-01  7.05e+02	17.5767 95.7962 0.3353	
88.885889 293.147658	8.55e-01  9.29e-01  6.97e+02	-8.0375 101.1506 0.8567	
88.885889 293.147658	7.59e-01  9.07e-01  7.25e+02	-34.6377 79.3042 0.9748	
88.885889 293.147658	7.63e-01  8.96e-01  7.27e+02	29.2614 80.0113 0.4371	
88.885889 293.147658	7.27e-01  8.60e-01  7.46e+02	-28.7251 67.0166 0.7155	
88.885889 293.147658	6.76e-01  8.75e-01  7.53e+02	-4.3031 67.1436 0.3968	
88.885889 293.147658	7.06e-01  8.57e-01  7.52e+02	25.5196 63.5624 0.1647	
88.885889 293.147658	7.20e-01  9.58e-01  7.19e+02	30.6953 84.3997 0.6958	
88.885889 293.147658	7.14e-01  9.08e-01  7.35e+02	-10.2902 79.6183 0.8530	
88.885889 293.147658	8.36e-01  9.47e-01  6.97e+02	12.6841 100.8413 0.3783	
88.885889 293.147658	8.24e-01  9.14e-01  7.08e+02	23.3691 93.0582 0.6165	
88.885889 293.147658	7.47e-01  8.95e-01  7.31e+02	-23.2976 79.3845 0.9548	
88.885889 293.147658	7.33e-01  8.85e-01  7.37e+02	39.7880 68.1191 0.4833	
88.885889 293.147658	7.21e-01  9.14e-01  7.32e+02	-7.0660 82.0534 0.5294	
88.885889 293.147658	8.44e-01  9.20e-01  7.02e+02	5.3029 98.9655 0.6277	
88.885889 293.147658	7.81e-01  9.19e-01  7.17e+02	-2.8398 91.1896 0.8843	
88.885889 293.147658	7.10e-01  8.55e-01  7.51e+02	14.8615 67.2329 0.6941	
88.885889 293.147658	8.53e-01  8.82e-01  7.09e+02	4.6548 95.1823 0.0085	
88.885889 293.147658	7.85e-01  9.84e-01  6.98e+02	10.9718 100.3674 0.2685	
88.885889 293.147658	7.09e-01  9.49e-01  7.24e+02	1.3636 86.8349 0.4230	
88.885889 293.147658	8.08e-01  9.35e-01  7.06e+02	29.1814 92.4899 0.4218	
88.885889 293.147658	6.57e-01  8.48e-01  7.66e+02	13.5411 54.6131 0.4933	
88.885889 293.147658	7.22e-01  8.74e-01  7.43e+02	-0.9423 75.0358 0.6488	
88.885889 293.147658	7.14e-01  8.22e-01  7.60e+02	15.0247 60.0153 0.5565	
88.885889 293.147658	7.28e-01  9.57e-01  7.18e+02	-7.1674 90.2479 0.1078	
88.885889 293.147658	8.08e-01  8.76e-01  7.22e+02	33.8117 81.7934 0.5570	
88.885889 293.147658	8.48e-01  9.06e-01  7.05e+02	-9.7592 97.3223 0.5155	
88.885889 293.147658	7.39e-01  8.56e-01  7.44e+02	13.2089 73.0815 0.0465	
88.885889 293.147658	7.50e-01  8.80e-01  7.35e+02	7.7513 80.1130 0.5040	
88.885889 293.147658	7.19e-01  9.63e-01  7.18e+02	26.6357 86.4157 0.8495	
88.885889 293.147658	9.44e-01  9.79e-01  6.65e+02	22.2338 113.7361 0.0335	
88.885889 293.147658	6.41e-01  9.79e-01  7.29e+02	16.8377 82.1019 0.3772	
88.885889 293.147658	6.67e-01  8.94e-01  7.50e+02	-1.4015 70.0051 0.0397	
88.885889 293.147658	7.15e-01  8.59e-01  7.49e+02	-19.7135 67.6565 0.1739	
88.885889 293.147658	7.87e-01  9.45e-01  7.08e+02	-64.1512 71.2721 0.5260	
88.885889 293.147658	7.71e-01  8.66e-01  7.34e+02	27.0558 76.5711 0.0350	
88.885889 293.147658	6.85e-01  9.42e-01  7.31e+02	15.0247 81.2446 0.2910	
88.885889 293.147658	8.34e-01  8.77e-01  7.15e+02	-49.7293 77.6407 0.6577	
88.885889 293.147658	8.46e-01  9.19e-01  7.02e+02	-12.2726 98.5543 0.6702	
88.885889 293.147658	8.24e-01  8.98e-01  7.12e+02	-11.0275 93.1035 0.6724	
88.885889 293.147658	7.18e-01  9.27e-01  7.29e+02	58.8011 60.3957 0.1537	
88.885889 293.147658	8.75e-01  9.74e-01  6.82e+02	31.9362 104.0802 0.7526	
88.885889 293.147658	7.75e-01  9.43e-01  7.12e+02	-28.9443 89.5314 0.5509	
88.885889 293.147658	7.67e-01  9.03e-01  7.24e+02	24.5939 83.4531 0.7288	
88.885889 293.147658	8.20e-01  9.48e-01  7.00e+02	-8.7741 99.5582 0.5420	
88.885889 293.147658	7.14e-01  9.75e-01  7.16e+02	-21.5990 89.2036 0.7343	
88.885889 293.147658	7.99e-01  8.65e-01  7.27e+02	33.3646 78.5820 0.6732	
88.885889 293.147658	8.69e-01  9.03e-01  7.00e+02	-8.2597 99.6479 0.4401	
88.885889 293.147658	7.29e-01  9.09e-01  7.31e+02	-44.4332 69.6225 0.7242	
88.885889 293.147658	6.54e-01  8.77e-01  7.58e+02	-10.3444 62.6470 0.7368	
88.885889 293.147658	7.34e-01  9.05e-01  7.31e+02	21.8942 79.7877 0.7298	
88.885889 293.147658	6.91e-01  9.73e-01  7.21e+02	8.6150 88.3894 0.8628	
88.885889 293.147658	8.23e-01  9.65e-01  6.95e+02	-7.4015 102.2978 0.7584	
88.885889 293.147658	7.29e-01  9.45e-01  7.21e+02	-15.7965 87.3117 0.4788	
88.885889 293.147658	8.99e-01  9.57e-01  6.80e+02	9.2844 108.9605 0.9755	
88.885889 293.147658	8.18e-01  9.14e-01  7.09e+02	11.4759 94.5773 0.6500	
88.885889 293.147658	7.40e-01  8.62e-01  7.42e+02	33.0594 67.9485 0.1076	
88.885889 293.147658	7.35e-01  8.72e-01  7.40e+02	-25.4290 72.5059 0.2767	
88.885889 293.147658	8.10e-01  9.00e-01  7.15e+02	38.9778 83.5608 0.7048	
88.885889 293.147658	7.84e-01  8.23e-01  7.42e+02	12.8960 74.6058 0.5667	
88.885889 293.147658	7.64e-01  9.40e-01  7.15e+02	-23.9595 89.2143 0.2447	
88.885889 293.147658	8.66e-01  8.98e-01  7.02e+02	-25.7323 95.5890 0.7843	
88.885889 293.147658	7.78e-01  9.26e-01  7.16e+02	-20.1045 89.6372 0.8600	
88.885889 293.147658	6.87e-01  8.66e-01  7.53e+02	17.7937 64.6961 0.6847	
88.885889 293.147658	9.00e-01  9.24e-01  6.88e+02	42.1050 97.2082 0.0013	
88.885889 293.147658	8.69e-01  9.07e-01  6.99e+02	9.7465 99.9902 0.1657	
88.885889 293.147658	8.16e-01  9.22e-01  7.08e+02	-11.5431 95.4039 0.5901	
88.885889 293.147658	7.59e-01  9.22e-01  7.21e+02	10.9243 88.3207 0.3354	
88.885889 293.147658	7.54e-01  9.44e-01  7.16e+02	-36.8871 83.9341 0.2588	
88.885889 293.147658	7.48e-01  9.69e-01  7.10e+02	-12.4638 93.9839 0.2150	
88.885889 293.147658	7.91e-01  9.66e-01  7.02e+02	8.7052 98.8533 0.2653	
88.885889 293.147658	7.33e-01  8.61e-01  7.44e+02	13.1668 73.0653 0.7562	
88.885889 293.147658	7.47e-01  8.86e-01  7.34e+02	28.8167 75.9540 0.8340	
88.885889 293.147658	7.65e-01  8.68e-01  7.34e+02	-22.8286 77.5299 0.3700	
88.885889 293.147658	9.17e-01  9.26e-01  6.84e+02	11.8692 107.3315 0.0866	
88.885889 293.147658	7.35e-01  9.07e-01  7.30e+02	-18.3075 81.1828 0.2885	
88.885889 293.147658	7.37e-01  8.44e-01  7.48e+02	-26.5219 66.4541 0.5438	
88.885889 293.147658	8.17e-01  9.38e-01  7.03e+02	-28.1105 94.3716 0.0241	
88.885889 293.147658	7.26e-01  9.13e-01  7.31e+02	15.6493 81.4730 0.4128	
88.885889 293.147658	7.35e-01  9.52e-01  7.18e+02	-12.6895 89.8062 0.1945	
88.885889 293.147658	7.97e-01  9.37e-01  7.08e+02	11.5535 95.2118 0.3788	
88.885889 293.147658	6.56e-01  8.93e-01  7.53e+02	-20.1554 64.6158 0.5516	
88.885889 293.147658	6.82e-01  9.47e-01  7.31e+02	-4.5231 83.0294 0.7669	
88.885889 293.147658	7.34e-01  8.11e-01  7.58e+02	-22.2455 59.2121 0.0200	
88.885889 293.147658	7.74e-01  9.13e-01  7.20e+02	12.5398 88.6978 0.0639	
88.885889 293.147658	7.18e-01  8.42e-01  7.53e+02	-18.6256 64.9866 0.9370	
88.885889 293.147658	8.64e-01  9.45e-01  6.91e+02	46.0592 93.7476 0.2385	
88.885889 293.147658	7.79e-01  9.52e-01  7.08e+02	-0.8887 95.9400 0.6823	
88.885889 293.147658	7.75e-01  9.68e-01  7.05e+02	14.5333 96.5218 0.2926	
88.885889 293.147658	7.37e-01  9.65e-01  7.14e+02	-1.1692 92.9886 0.7751	
88.885889 293.147658	7.43e-01  8.58e-01  7.42e+02	-10.3862 74.6245 0.1562	
88.885889 293.147658	7.13e-01  8.85e-01  7.42e+02	-10.8920 74.8135 0.4628	
88.885889 293.147658	7.67e-01  8.71e-01  7.33e+02	13.3588 80.4500 0.2397	
88.885889 293.147658	7.34e-01  9.17e-01  7.28e+02	3.2720 84.7584 0.9639	
88.885889 293.147658	8.54e-01  8.72e-01  7.11e+02	-20.6003 91.9294 0.9462	
88.885889 293.147658	7.22e-01  9.36e-01  7.25e+02	-23.8888 83.0312 0.4950	
88.885889 293.147658	7.89e-01  8.70e-01  7.28e+02	13.6938 83.6775 0.7436	
88.885889 293.147658	7.99e-01  8.79e-01  7.23e+02	-22.9206 84.4892 0.6514	
88.885889 293.147658	8.65e-01  9.29e-01  6.95e+02	19.4814 100.8299 0.1166	
88.885889 293.147658	8.87e-01  9.64e-01  6.81e+02	-26.7990 105.6478 0.0048	
88.885889 293.147658	7.91e-01  9.10e-01  7.17e+02	-67.5086 61.3688 0.2481	
88.885889 293.147658	8.22e-01  8.92e-01  7.14e+02	43.7905 81.6681 0.5547	
88.885889 293.147658	8.51e-01  9.60e-01  6.90e+02	-2.2957 104.8137 0.7242	
88.885889 293.147658	6.68e-01  9.38e-01  7.36e+02	47.2966 63.7012 0.0875	
88.885889 293.147658	8.54e-01  9.61e-01  6.89e+02	28.9646 101.2680 0.8743	
88.885889 293.147658	7.98e-01  9.38e-01  7.08e+02	-28.2061 91.9213 0.1276	
88.885889 293.147658	8.19e-01  9.21e-01  7.08e+02	31.7312 90.8410 0.8149	
88.885889 293.147658	6.73e-01  7.94e-01  7.78e+02	-8.6167 41.8678 0.4312	
88.885889 293.147658	8.12e-01  8.41e-01  7.30e+02	11.0729 82.7907 0.6722	
88.885889 293.147658	7.44e-01  8.74e-01  7.38e+02	26.3736 73.9498 0.3020	
88.885889 293.147658	5.56e-01  9.68e-01  7.49e+02	1.8891 70.2051 0.7085	
88.885889 293.147658	7.26e-01  8.98e-01  7.35e+02	35.8511 71.6469 0.2106	
88.885889 293.147658	8.05e-01  8.73e-01  7.23e+02	-20.9868 84.8887 0.2943	
88.885889 293.147658	7.51e-01  9.22e-01  7.23e+02	26.4013 83.7777 0.3009	
88.885889 293.147658	7.50e-01  8.95e-01  7.30e+02	47.3127 68.4412 0.6527	
88.885889 293.147658	8.18e-01  9.01e-01  7.13e+02	8.1494 93.0446 0.0569	
88.885889 293.147658	7.70e-01  9.47e-01  7.12e+02	21.3031 91.7365 0.9662	
88.885889 293.147658	7.92e-01  9.67e-01  7.02e+02	2.9249 99.3477 0.3996	
88.885889 293.147658	7.38e-01  8.97e-01  7.33e+02	-11.2933 81.1023 0.1755	
88.885889 293.147658	6.71e-01  9.21e-01  7.41e+02	-16.1316 74.6728 0.9179	
88.885889 293.147658	7.10e-01  9.27e-01  7.30e+02	5.4936 83.1270 0.6084	
88.885889 293.147658	8.66e-01  9.48e-01  6.90e+02	44.0095 95.3966 0.9603	
88.885889 293.147658	7.28e-01  9.77e-01  7.12e+02	-6.1593 93.4723 0.4773	
88.885889 293.147658	7.67e-01  9.05e-01  7.24e+02	-6.1196 87.0610 0.6950	
88.885889 293.147658	7.08e-01  9.34e-01  7.29e+02	13.4027 83.0993 0.6963	
88.885889 293.147658	7.19e-01  8.77e-01  7.43e+02	22.0740 71.5962 0.5335	
88.885889 293.147658	9.07e-01  9.52e-01  6.80e+02	44.6649 100.1773 0.3472	
88.885889 293.147658	7.96e-01  8.64e-01  7.28e+02	7.1563 84.5292 0.5485	
88.885889 293.147658	6.26e-01  8.76e-01  7.64e+02	20.2292 54.0109 0.6314	
88.885889 293.147658	6.65e-01  8.37e-01  7.67e+02	3.7219 54.6057 0.5498	
88.885889 293.147658	7.90e-01  9.79e-01  6.99e+02	-11.2231 100.1843 0.9306	
88.885889 293.147658	7.95e-01  9.52e-01  7.05e+02	-21.2005 95.4545 0.9389	
88.885889 293.147658	6.97e-01  9.18e-01  7.36e+02	-36.2403 70.9539 0.7118	
88.885889 293.147658	6.84e-01  9.51e-01  7.29e+02	-5.2239 83.9590 0.2365	
88.885889 293.147658	8.27e-01  9.07e-01  7.09e+02	24.4924 92.2445 0.4700	
88.885889 293.147658	7.51e-01  9.72e-01  7.09e+02	1.0405 95.5907 0.4509	
88.885889 293.147658	7.72e-01  8.94e-01  7.26e+02	9.1699 85.7398 0.6299	
88.885889 293.147658	8.83e-01  9.26e-01  6.91e+02	42.6437 95.2297 0.5573	
88.885889 293.147658	9.14e-01  9.39e-01  6.81e+02	47.6021 98.0988 0.0922	
88.885889 293.147658	7.73e-01  8.82e-01  7.29e+02	31.0249 78.3349 0.4379	
88.885889 293.147658	7.99e-01  9.22e-01  7.12e+02	12.1826 93.1677 0.8953	
88.885889 293.147658	6.62e-01  9.60e-01  7.31e+02	-4.1303 82.7276 0.6582	
88.885889 293.147658	7.71e-01  8.56e-01  7.36e+02	18.6252 77.3445 0.5270	
88.885889 293.147658	8.70e-01  9.63e-01  6.85e+02	1.5101 107.1689 0.8310	
88.885889 293.147658	7.26e-01  9.51e-01  7.20e+02	31.9101 83.5383 0.7138	
88.885889 293.147658	7.74e-01  9.15e-01  7.19e+02	0.1243 89.8239 0.4313	
88.885889 293.147658	7.60e-01  9.29e-01  7.19e+02	-54.1929 71.9764 0.4143	
88.885889 293.147658	7.54e-01  8.61e-01  7.39e+02	-22.2046 74.4832 0.4669	
88.885889 293.147658	7.97e-01  9.64e-01  7.01e+02	-18.6815 97.8174 0.4796	
88.885889 293.147658	7.62e-01  9.18e-01  7.21e+02	12.0657 87.8354 0.3456	
88.885889 293.147658	7.15e-01  9.10e-01  7.34e+02	-8.2092 80.3556 0.1099	
88.885889 293.147658	7.11e-01  9.78e-01  7.15e+02	28.2899 87.5712 0.7507	
88.885889 293.147658	8.02e-01  9.15e-01  7.13e+02	-0.3192 93.3801 0.8922	
88.885889 293.147658	6.81e-01  9.05e-01  7.43e+02	-8.9025 74.1695 0.5147	
88.885889 293.147658	6.90e-01  8.74e-01  7.50e+02	2.0322 69.4618 0.8253	
88.885889 293.147658	6.95e-01  9.05e-01  7.40e+02	-6.5010 76.5248 0.1658	
88.885889 293.147658	8.84e-01  8.99e-01  6.98e+02	33.7050 95.4536 0.1770	
88.885889 293.147658	8.42e-01  9.15e-01  7.04e+02	-24.3353 95.2884 0.7669	
88.885889 293.147658	7.12e-01  8.83e-01  7.43e+02	-3.7679 74.9881 0.5429	
88.885889 293.147658	7.51e-01  9.51e-01  7.15e+02	14.5491 91.3868 0.2484	
88.885889 293.147658	6.11e-01  8.99e-01  7.60e+02	10.0702 60.3788 0.2227	
88.885889 293.147658	7.70e-01  9.14e-01  7.21e+02	43.2428 77.8787 0.4301	
88.885889 293.147658	8.02e-01  8.58e-01  7.28e+02	-1.7755 84.8108 0.2313	
88.885889 293.147658	8.06e-01  9.16e-01  7.12e+02	12.5573 93.1603 0.0755	
88.885889 293.147658	8.64e-01  9.39e-01  6.93e+02	50.7249 90.5365 0.9470	
88.885889 293.147658	7.29e-01  9.31e-01  7.25e+02	-14.2959 85.4292 0.1185	
88.885889 293.147658	7.59e-01  8.33e-01  7.45e+02	22.7319 69.6063 0.6477	
88.885889 293.147658	6.57e-01  8.45e-01  7.66e+02	-16.4302 52.9089 0.5990	
88.885889 293.147658	7.87e-01  9.70e-01  7.02e+02	17.2486 97.7747 0.2275	
88.885889 293.147658	6.65e-01  8.89e-01  7.52e+02	10.5249 67.5550 0.5181	
88.885889 293.147658	8.46e-01  9.18e-01  7.02e+02	-40.2952 90.5527 0.5098	
88.885889 293.147658	8.11e-01  9.10e-01  7.12e+02	29.8036 89.0153 0.6449	
88.885889 293.147658	7.93e-01  9.06e-01  7.18e+02	-22.6309 88.0052 0.8563	
88.885889 293.147658	7.27e-01  9.89e-01  7.09e+02	7.4390 95.1684 0.9254	
88.885889 293.147658	6.99e-01  9.50e-01  7.26e+02	-31.2839 79.9184 0.3824	
88.885889 293.147658	7.68e-01  8.89e-01  7.28e+02	-12.7720 83.8270 0.5568	
88.885889 293.147658	8.01e-01  8.78e-01  7.23e+02	-0.4505 87.7001 0.5861	
88.885889 293.147658	7.71e-01  9.63e-01  7.07e+02	-7.6582 96.2846 0.4170	
88.885889 293.147658	8.68e-01  9.35e-01  6.93e+02	0.8794 103.6922 0.2616	
88.885889 293.147658	7.69e-01  8.55e-01  7.37e+02	4.4107 79.0424 0.1133	
88.885889 293.147658	7.83e-01  9.97e-01  6.96e+02	-15.6698 101.1199 0.1028	
88.885889 293.147658	7.70e-01  9.74e-01  7.04e+02	-20.8115 95.7141 0.6299	
88.885889 293.147658	7.46e-01  9.38e-01  7.20e+02	-29.6344 84.6580 0.3835	
88.885889 293.147658	8.46e-01  9.31e-01  6.99e+02	-46.2265 89.6549 0.8310	
88.885889 293.147658	8.37e-01  9.54e-01  6.95e+02	-13.8346 101.7623 0.3803	
88.885889 293.147658	7.63e-01  9.34e-01  7.17e+02	44.6962 79.6180 0.2490	
88.885889 293.147658	6.65e-01  9.54e-01  7.32e+02	-26.9716 77.5187 0.7911	
88.885889 293.147658	6.51e-01  9.64e-01  7.32e+02	4.4371 82.0742 0.2144	
88.885889 293.147658	7.77e-01  9.36e-01  7.13e+02	11.6625 92.6128 0.2305	
88.885889 293.147658	8.01e-01  8.49e-01  7.31e+02	30.0435 77.4253 0.9039	
88.885889 293.147658	7.86e-01  9.69e-01  7.02e+02	14.7848 97.9267 0.6638	
88.885889 293.147658	7.87e-01  9.32e-01  7.12e+02	-27.1541 89.9941 0.3951	
88.885889 293.147658	8.70e-01  9.06e-01  6.99e+02	-50.8955 86.6663 0.7851	
88.885889 293.147658	7.35e-01  9.56e-01  7.17e+02	-14.4189 90.0565 0.4148	
88.885889 293.147658	7.90e-01  8.53e-01  7.32e+02	-6.2553 81.7998 0.0410	
88.885889 293.147658	7.71e-01  9.27e-01  7.17e+02	-16.6552 89.8039 0.6710	
88.885889 293.147658	7.76e-01  9.10e-01  7.20e+02	-22.7284 86.3064 0.2446	
88.885889 293.147658	7.56e-01  9.67e-01  7.09e+02	-33.4409 89.2538 0.9762	
88.885889 293.147658	6.60e-01  9.34e-01  7.39e+02	-35.9030 68.7719 0.3031	
88.885889 293.147658	7.44e-01  9.00e-01  7.30e+02	-4.2798 83.1065 0.8940	
88.885889 293.147658	6.33e-01  8.49e-01  7.71e+02	5.6654 50.2772 0.7545	
88.885889 293.147658	5.86e-01  8.52e-01  7.81e+02	15.8127 35.5984 0.4521	
88.885889 293.147658	8.11e-01  9.67e-01  6.97e+02	-39.4226 93.4890 0.6954	
88.885889 293.147658	7.83e-01  9.60e-01  7.05e+02	1.8908 97.4738 0.2833	
88.885889 293.147658	8.11e-01  8.44e-01  7.29e+02	-11.7840 83.0403 0.9721	
88.885889 293.147658	7.90e-01  8.96e-01  7.21e+02	-19.6521 86.7109 0.8882	
88.885889 293.147658	7.62e-01  8.32e-01  7.45e+02	23.9673 69.3730 0.2267	
88.885889 293.147658	8.26e-01  9.40e-01  7.01e+02	-3.8135 99.6281 0.6025	
88.885889 293.147658	7.01e-01  9.14e-01  7.36e+02	-14.2294 78.1000 0.9595	
88.885889 293.147658	8.45e-01  9.98e-01  6.82e+02	6.4202 108.3939 0.8870	
88.885889 293.147658	6.78e-01  9.50e-01  7.31e+02	-15.0283 81.7339 0.1658	
88.885889 293.147658	8.15e-01  9.27e-01  7.07e+02	-0.0565 96.6799 0.6212	
88.885889 293.147658	8.67e-01  9.08e-01  6.99e+02	29.5066 95.9804 0.3757	
88.885889 293.147658	7.53e-01  9.05e-01  7.27e+02	-15.4723 83.9373 0.0346	
88.885889 293.147658	8.04e-01  9.39e-01  7.06e+02	-26.1922 93.4133 0.7365	
88.885889 293.147658	8.06e-01  9.76e-01  6.96e+02	43.2416 92.4995 0.3799	
88.885889 293.147658	7.12e-01  9.24e-01  7.31e+02	-17.9420 80.8673 0.9197	
88.885889 293.147658	7.23e-01  8.67e-01  7.44e+02	-16.4165 71.9958 0.7927	
88.885889 293.147658	6.44e-01  9.00e-01  7.53e+02	-8.0325 67.0904 0.3608	
88.885889 293.147658	7.55e-01  9.36e-01  7.18e+02	-36.6752 82.8621 0.2692	
88.885889 293.147658	8.34e-01  9.10e-01  7.07e+02	44.7700 85.6792 0.6338	
88.885889 293.147658	6.64e-01  9.89e-01  7.22e+02	-38.0239 79.6546 0.8204	
88.885889 293.147658	8.60e-01  9.30e-01  6.96e+02	-8.9846 101.8108 0.8297	
88.885889 293.147658	8.48e-01  8.93e-01  7.08e+02	25.9635 92.6758 0.4209	
88.885889 293.147658	7.88e-01  8.36e-01  7.37e+02	24.4424 75.0162 0.9131	
88.885889 293.147658	8.52e-01  9.53e-01  6.92e+02	-38.1249 96.8842 0.3981	
88.885889 293.147658	7.72e-01  8.95e-01  7.25e+02	-36.7352 78.1149 0.1660	
88.885889 293.147658	7.47e-01  9.02e-01  7.29e+02	20.8673 81.3858 0.0702	
88.885889 293.147658	8.34e-01  9.60e-01  6.94e+02	-23.4219 100.4246 0.4391	
88.885889 293.147658	6.98e-01  9.07e-01  7.39e+02	-4.4243 77.5257 0.7145	
88.885889 293.147658	8.05e-01  9.25e-01  7.10e+02	-0.0280 95.1610 0.2624	
88.885889 293.147658	7.41e-01  9.49e-01  7.18e+02	4.3116 90.7644 0.0072	
88.885889 293.147658	7.57e-01  8.53e-01  7.40e+02	-4.8234 76.6298 0.8129	
88.885889 293.147658	8.36e-01  8.70e-01  7.17e+02	-33.3049 85.1152 0.5480	
88.885889 293.147658	7.17e-01  8.92e-01  7.39e+02	2.8984 77.5558 0.4436	
88.885889 293.147658	8.66e-01  9.24e-01  6.96e+02	1.4796 102.2320 0.2352	
88.885889 293.147658	6.27e-01  9.27e-01  7.48e+02	-15.0056 69.3680 0.3968	
88.885889 293.147658	5.79e-01  9.31e-01  7.57e+02	-11.2975 63.2949 0.3615	
88.885889 293.147658	7.74e-01  9.10e-01  7.21e+02	2.5690 88.9921 0.3347	
88.885889 293.147658	6.28e-01  9.57e-01  7.39e+02	38.2356 67.7415 0.6960	
88.885889 293.147658	6.54e-01  9.14e-01  7.47e+02	-0.6308 72.2489 0.0579	
88.885889 293.147658	8.19e-01  9.81e-01  6.92e+02	22.1068 101.6945 0.1372	
88.885889 293.147658	8.00e-01  9.28e-01  7.10e+02	29.0334 90.3342 0.7250	
88.885889 293.147658	8.66e-01  9.20e-01  6.97e+02	-38.1505 94.3013 0.2585	
88.885889 293.147658	8.27e-01  9.45e-01  6.99e+02	-3.9346 100.3444 0.3415	
88.885889 293.147658	7.15e-01  9.09e-01  7.34e+02	-16.6033 79.0721 0.1085	
88.885889 293.147658	8.34e-01  8.77e-01  7.15e+02	-12.5123 91.2176 0.4343	
88.885889 293.147658	8.49e-01  9.35e-01  6.97e+02	-1.1763 101.6230 0.0684	
88.885889 293.147658	7.75e-01  9.42e-01  7.12e+02	-14.5024 92.9205 0.1867	
88.885889 293.147658	7.54e-01  9.45e-01  7.16e+02	15.8468 90.4716 0.0486	
88.885889 293.147658	7.99e-01  9.37e-01  7.08e+02	0.1650 96.1721 0.1582	
88.885889 293.147658	6.89e-01  9.55e-01  7.27e+02	-26.7066 81.2347 0.5873	
88.885889 293.147658	8.38e-01  9.15e-01  7.05e+02	-28.2109 93.5706 0.6252	
88.885889 293.147658	8.15e-01  8.83e-01  7.18e+02	-46.1823 77.7676 0.7694	
88.885889 293.147658	7.75e-01  9.48e-01  7.10e+02	20.5467 92.6158 0.5910	
88.885889 293.147658	8.20e-01  9.08e-01  7.11e+02	-27.4106 90.6184 0.6500	
88.885889 293.147658	8.02e-01  9.28e-01  7.09e+02	-1.0065 95.2966 0.2984	
88.885889 293.147658	8.07e-01  9.04e-01  7.15e+02	-22.4474 89.6030 0.6903	
88.885889 293.147658	8.02e-01  9.48e-01  7.04e+02	-7.3216 97.7488 0.7747	
88.885889 293.147658	9.00e-01  9.25e-01  6.88e+02	-44.4931 96.2410 0.6926	
88.885889 293.147658	6.70e-01  9.75e-01  7.25e+02	34.6130 79.4044 0.5726	
88.885889 293.147658	7.34e-01  8.58e-01  7.44e+02	-28.2644 68.1440 0.8176	
88.885889 293.147658	7.14e-01  8.49e-01  7.52e+02	-28.4412 61.9908 0.3295	
88.885889 293.147658	7.04e-01  8.36e-01  7.58e+02	-11.4142 62.2261 0.8828	
88.885889 293.147658	8.42e-01  9.25e-01  7.01e+02	22.6106 96.8896 0.7248	
88.885889 293.147658	8.42e-01  8.88e-01  7.11e+02	-17.0910 93.1335 0.9377	
88.885889 293.147658	8.42e-01  8.58e-01  7.18e+02	35.6237 83.3194 0.9248	
88.885889 293.147658	7.71e-01  9.41e-01  7.13e+02	-15.1427 92.1014 0.5052	
88.885889 293.147658	8.83e-01  9.78e-01  6.79e+02	-39.0050 102.8891 0.0170	
88.885889 293.147658	8.61e-01  9.14e-01  7.00e+02	-16.4876 99.0310 0.3667	
88.885889 293.147658	8.03e-01  9.33e-01  7.08e+02	52.7022 80.3627 0.8842	
88.885889 293.147658	8.00e-01  9.25e-01  7.11e+02	-13.2425 93.6517 0.0435	
88.885889 293.147658	8.01e-01  9.03e-01  7.16e+02	-16.1309 90.1709 0.7269	
88.885889 293.147658	8.45e-01  9.21e-01  7.02e+02	-52.1677 84.5696 0.3756	
88.885889 293.147658	9.09e-01  9.32e-01  6.84e+02	-8.6438 107.3798 0.7295	
88.885889 293.147658	6.96e-01  9.23e-01  7.34e+02	7.0854 80.3146 0.1913	
88.885889 293.147658	6.89e-01  9.34e-01  7.33e+02	48.8243 65.2175 0.7206	
88.885889 293.147658	7.08e-01  9.34e-01  7.29e+02	26.2558 80.0720 0.0553	
88.885889 293.147658	6.45e-01  8.36e-01  7.72e+02	17.8520 46.1053 0.7944	
88.885889 293.147658	8.18e-01  9.30e-01  7.05e+02	38.7071 89.4158 0.1591	
88.885889 293.147658	7.05e-01  8.49e-01  7.54e+02	-26.2233 61.1748 0.0143	
88.885889 293.147658	7.83e-01  9.22e-01  7.15e+02	-47.3003 79.0228 0.5184	
88.885889 293.147658	7.27e-01  8.71e-01  7.42e+02	-3.3454 75.1895 0.1321	
88.885889 293.147658	6.89e-01  9.20e-01  7.37e+02	-20.1209 76.3068 0.0329	
88.885889 293.147658	8.81e-01  9.53e-01  6.85e+02	-21.5620 104.9598 0.2275	
88.885889 293.147658	7.86e-01  9.00e-01  7.21e+02	-4.8805 89.0231 0.7435	
88.885889 293.147658	8.46e-01  8.82e-01  7.11e+02	33.2388 88.3584 0.4333	
88.885889 293.147658	8.37e-01  9.89e-01  6.86e+02	-22.3286 104.5423 0.3886	
88.885889 293.147658	8.71e-01  9.08e-01  6.98e+02	30.1724 96.3105 0.0975	
88.885889 293.147658	6.76e-01  8.99e-01  7.46e+02	6.8273 72.2172 0.3481	
88.885889 293.147658	8.93e-01  9.07e-01  6.94e+02	21.6943 101.0238 0.7447	
88.885889 293.147658	8.52e-01  9.65e-01  6.89e+02	-19.1832 103.8731 0.0680	
88.885889 293.147658	7.75e-01  8.93e-01  7.25e+02	5.5193 86.2246 0.4866	
88.885889 293.147658	8.94e-01  9.39e-01  6.86e+02	8.2629 106.6194 0.4374	
88.885889 293.147658	7.07e-01  8.27e-01  7.60e+02	-13.7581 59.9481 0.4409	
88.885889 293.147658	8.26e-01  8.90e-01  7.14e+02	33.8448 86.4590 0.1466	
88.885889 293.147658	8.45e-01  9.89e-01  6.84e+02	37.8989 100.6487 0.2643	
88.885889 293.147658	7.64e-01  8.53e-01  7.39e+02	34.5964 69.7566 0.8084	
88.885889 293.147658	7.81e-01  9.59e-01  7.06e+02	4.8329 97.0068 0.5139	
88.885889 293.147658	8.42e-01  9.22e-01  7.02e+02	-46.2819 87.7771 0.8280	
88.885889 293.147658	7.96e-01  9.16e-01  7.14e+02	2.3346 92.8299 0.5424	
88.885889 293.147658	7.39e-01  9.24e-01  7.25e+02	5.2769 86.4902 0.6899	
88.885889 293.147658	9.13e-01  9.70e-01  6.74e+02	-23.2332 109.6313 0.6518	
88.885889 293.147658	8.01e-01  9.53e-01  7.03e+02	-19.0909 96.7163 0.4611	
88.885889 293.147658	8.45e-01  9.74e-01  6.88e+02	4.2002 105.8101 0.9331	
88.885889 293.147658	7.32e-01  9.52e-01  7.19e+02	-7.7694 89.8906 0.6874	
88.885889 293.147658	8.13e-01  8.38e-01  7.30e+02	-17.8850 81.3552 0.3488	
88.885889 293.147658	7.04e-01  8.84e-01  7.44e+02	-40.9101 61.7272 0.8526	
88.885889 293.147658	8.33e-01  9.52e-01  6.96e+02	-20.7975 99.8532 0.7467	
88.885889 293.147658	8.11e-01  9.46e-01  7.03e+02	-8.4287 98.3429 0.7284	
88.885889 293.147658	7.52e-01  8.95e-01  7.30e+02	-5.0302 83.3580 0.1181	
88.885889 293.147658	7.78e-01  9.32e-01  7.14e+02	2.7401 92.8466 0.8300	
88.885889 293.147658	7.94e-01  8.60e-01  7.30e+02	29.4022 78.4512 0.5402	
88.885889 293.147658	7.27e-01  9.21e-01  7.28e+02	6.9322 84.2325 0.2430	
88.885889 293.147658	7.94e-01  9.24e-01  7.12e+02	-11.3738 93.1090 0.1439	
88.885889 293.147658	6.98e-01  8.26e-01  7.62e+02	2.8883 59.2353 0.7151	
88.885889 293.147658	7.89e-01  9.53e-01  7.06e+02	-4.0199 97.0880 0.6270	
88.885889 293.147658	7.12e-01  8.85e-01  7.42e+02	-6.8140 75.2545 0.0800	
88.885889 293.147658	8.70e-01  9.26e-01  6.95e+02	-13.7249 101.9118 0.3476	
88.885889 293.147658	7.18e-01  8.65e-01  7.46e+02	-1.0883 72.4409 0.3511	
88.885889 293.147658	7.29e-01  8.94e-01  7.36e+02	-7.8445 79.5270 0.6141	
88.885889 293.147658	7.77e-01  9.06e-01  7.21e+02	-15.1076 87.5467 0.8930	
88.885889 293.147658	6.97e-01  8.65e-01  7.51e+02	-32.7732 60.2035 0.3075	
88.885889 293.147658	7.01e-01  9.13e-01  7.36e+02	14.5759 78.0702 0.2033	
88.885889 293.147658	7.34e-01  9.90e-01  7.08e+02	20.4209 94.0863 0.9180	
88.885889 293.147658	8.42e-01  8.73e-01  7.14e+02	5.7705 92.4768 0.9687	
88.885889 293.147658	7.87e-01  9.42e-01  7.09e+02	11.0110 94.7146 0.8830	
88.885889 293.147658	7.94e-01  9.42e-01  7.08e+02	7.4902 95.9447 0.0896	
88.885889 293.147658	7.52e-01  9.37e-01  7.18e+02	21.4530 87.9026 0.1306	
88.885889 293.147658	7.81e-01  9.60e-01  7.06e+02	5.7791 97.0252 0.1395	
88.885889 293.147658	6.82e-01  9.24e-01  7.38e+02	-26.8661 73.8758 0.2045	
88.885889 293.147658	8.57e-01  8.84e-01  7.08e+02	-14.7973 94.9837 0.2597	
88.885889 293.147658	8.11e-01  8.59e-01  7.26e+02	-25.4021 82.3023 0.7479	
88.885889 293.147658	7.91e-01  8.88e-01  7.23e+02	-20.0049 85.6730 0.6507	
88.885889 293.147658	8.37e-01  9.38e-01  6.99e+02	44.0626 90.4597 0.9389	
88.885889 293.147658	8.60e-01  9.49e-01  6.91e+02	9.1483 104.1290 0.0293	
88.885889 293.147658	8.10e-01  9.36e-01  7.06e+02	3.6496 97.1450 0.3866	
88.885889 293.147658	7.10e-01  8.67e-01  7.48e+02	-7.5422 71.0907 0.8520	
88.885889 293.147658	6.24e-01  9.37e-01  7.46e+02	3.5302 72.6694 0.8322	
88.885889 293.147658	8.64e-01  9.35e-01  6.94e+02	-3.6785 103.2358 0.5080	
88.885889 293.147658	8.02e-01  9.93e-01  6.93e+02	23.5371 101.0129 0.9373	
88.885889 293.147658	8.30e-01  9.25e-01  7.04e+02	-26.6032 94.5098 0.7030	
88.885889 293.147658	6.88e-01  9.15e-01  7.39e+02	25.1054 73.5748 0.0164	
88.885889 293.147658	8.57e-01  9.12e-01  7.01e+02	-49.4867 86.4612 0.1135	
88.885889 293.147658	7.27e-01  9.25e-01  7.27e+02	-46.5445 71.3428 0.0180	
88.885889 293.147658	8.54e-01  9.24e-01  6.99e+02	32.9168 95.3547 0.0477	
88.885889 293.147658	7.54e-01  9.56e-01  7.13e+02	-22.1204 90.9010 0.7340	
88.885889 293.147658	7.96e-01  8.84e-01  7.23e+02	-48.3001 73.5277 0.1601	
88.885889 293.147658	6.83e-01  9.33e-01  7.35e+02	-33.5572 73.2891 0.5421	
88.885889 293.147658	6.94e-01  9.30e-01  7.33e+02	6.7603 81.3221 0.7533	
88.885889 293.147658	7.75e-01  8.48e-01  7.37e+02	-3.2237 78.5830 0.0108	
88.885889 293.147658	8.37e-01  9.40e-01  6.99e+02	-11.7433 100.1462 0.8837	
88.885889 293.147658	7.79e-01  8.24e-01  7.43e+02	-31.9094 67.9196 0.4156	
88.885889 293.147658	7.10e-01  8.80e-01  7.44e+02	-20.1599 71.5596 0.1394	
88.885889 293.147658	8.07e-01  9.63e-01  6.99e+02	-21.2609 98.1451 0.3413	
88.885889 293.147658	6.58e-01  9.53e-01  7.34e+02	-17.3564 79.1241 0.5801	
88.885889 293.147658	7.16e-01  8.93e-01  7.39e+02	7.9339 77.3691 0.9665	
88.885889 293.147658	7.64e-01  9.36e-01  7.16e+02	3.8792 91.6529 0.0605	
88.885889 293.147658	8.72e-01  9.22e-01  6.95e+02	19.6627 100.6432 0.3306	
88.885889 293.147658	7.41e-01  9.78e-01  7.09e+02	7.9310 95.0282 0.7408	
88.885889 293.147658	7.20e-01  8.72e-01  7.44e+02	32.7371 66.5206 0.5868	
88.885889 293.147658	7.35e-01  8.73e-01  7.40e+02	12.8999 75.6597 0.4020	
88.885889 293.147658	8.99e-01  9.70e-01  6.77e+02	-13.6760 109.9321 0.4165	
88.885889 293.147658	7.55e-01  8.61e-01  7.39e+02	11.8521 76.9719 0.6823	
88.885889 293.147658	8.39e-01  9.31e-01  7.00e+02	-30.0050 95.4359 0.6870	
88.885889 293.147658	7.24e-01  9.18e-01  7.30e+02	-3.4818 83.5862 0.5942	
88.885889 293.147658	7.28e-01  8.96e-01  7.35e+02	-20.3318 77.4780 0.6668	
88.885889 293.147658	7.88e-01  9.80e-01  6.99e+02	9.3024 100.2779 0.9093	
88.885889 293.147658	8.15e-01  8.87e-01  7.17e+02	-19.7499 88.7945 0.9693	
88.885889 293.147658	8.45e-01  8.68e-01  7.15e+02	28.1733 87.9864 0.6068	
88.885889 293.147658	7.43e-01  8.25e-01  7.51e+02	15.6580 66.6971 0.5480	
88.885889 293.147658	7.80e-01  8.49e-01  7.36e+02	2.6217 79.7089 0.7820	
88.885889 293.147658	8.33e-01  9.89e-01  6.87e+02	12.7689 105.6793 0.7094	
88.885889 293.147658	7.07e-01  9.14e-01  7.35e+02	1.6702 80.3563 0.0133	
88.885889 293.147658	7.19e-01  9.36e-01  7.26e+02	-37.1730 77.6421 0.4795	
