64.332982 295.855940	4.16e-01  7.57e-01  3.00e+05	0.0000 48.4626 0.7458	
64.332982 295.855940	5.22e-01  7.56e-01  2.86e+05	24.6889 54.8472 0.2266	
64.332982 295.855940	3.57e-01  9.67e-01  2.81e+05	24.4504 59.3924 0.4907	
64.332982 295.855940	5.39e-01  6.80e-01  2.94e+05	-2.8937 54.0137 0.0851	
64.332982 295.855940	4.58e-01  8.41e-01  2.84e+05	-3.4537 62.0029 0.3702	
64.332982 295.855940	4.75e-01  7.63e-01  2.91e+05	2.6633 56.1605 0.4904	
64.332982 295.855940	7.27e-01  7.91e-01  2.59e+05	-37.5522 68.4729 0.8603	
64.332982 295.855940	4.38e-01  9.40e-01  2.74e+05	1.2804 68.6860 0.9341	
64.332982 295.855940	4.02e-01  7.88e-01  2.98e+05	-2.5090 50.7444 0.1875	
64.332982 295.855940	3.95e-01  8.62e-01  2.89e+05	-6.8166 57.7064 0.0550	
64.332982 295.855940	6.71e-01  7.56e-01  2.69e+05	-41.2341 59.2657 0.8614	
64.332982 295.855940	3.46e-01  7.73e-01  3.08e+05	-21.1297 34.9382 0.0914	
64.332982 295.855940	5.62e-01  8.63e-01  2.69e+05	-27.8206 66.5293 0.2478	
64.332982 295.855940	2.72e-01  8.91e-01  3.02e+05	-4.0040 47.1376 0.5864	
64.332982 295.855940	6.27e-01  8.58e-01  2.63e+05	-14.5121 74.6331 0.4534	
64.332982 295.855940	4.58e-01  9.61e-01  2.70e+05	-19.5644 68.9910 0.8483	
64.332982 295.855940	5.24e-01  7.52e-01  2.87e+05	32.3259 50.5605 0.3809	
64.332982 295.855940	5.89e-01  7.78e-01  2.76e+05	-0.0676 67.7967 0.5057	
64.332982 295.855940	5.91e-01  6.31e-01  2.94e+05	19.6087 50.7420 0.8059	
64.332982 295.855940	4.40e-01  8.56e-01  2.84e+05	-16.1674 59.7011 0.4476	
64.332982 295.855940	4.59e-01  8.34e-01  2.84e+05	-6.7356 61.2019 0.4551	
64.332982 295.855940	3.94e-01  8.78e-01  2.87e+05	20.1283 56.0361 0.0690	
64.332982 295.855940	3.28e-01  7.69e-01  3.11e+05	1.6122 37.0626 0.5172	
64.332982 295.855940	5.08e-01  7.81e-01  2.85e+05	-26.1027 55.3708 0.7670	
64.332982 295.855940	5.30e-01  9.47e-01  2.63e+05	5.5395 75.3435 0.8253	
64.332982 295.855940	6.53e-01  7.49e-01  2.71e+05	-27.3137 64.9968 0.0286	
64.332982 295.855940	4.78e-01  8.34e-01  2.82e+05	10.8250 62.3351 0.9799	
64.332982 295.855940	4.92e-01  9.30e-01  2.69e+05	-4.9001 71.6992 0.9519	
64.332982 295.855940	4.85e-01  7.79e-01  2.88e+05	-12.0518 57.5109 0.6146	
64.332982 295.855940	5.07e-01  7.94e-01  2.84e+05	12.0115 61.0573 0.8871	
64.332982 295.855940	5.48e-01  7.61e-01  2.82e+05	-11.3350 61.9839 0.4086	
64.332982 295.855940	6.01e-01  9.00e-01  2.61e+05	44.1181 63.2275 0.1196	
64.332982 295.855940	5.54e-01  7.49e-01  2.83e+05	-34.2411 52.1855 0.9062	
64.332982 295.855940	5.80e-01  8.69e-01  2.66e+05	17.3306 71.6298 0.7051	
64.332982 295.855940	5.14e-01  7.68e-01  2.86e+05	-6.1425 60.2737 0.7547	
64.332982 295.855940	3.77e-01  8.72e-01  2.90e+05	4.4658 57.1420 0.3701	
64.332982 295.855940	3.47e-01  7.98e-01  3.04e+05	3.4112 44.5948 0.4761	
64.332982 295.855940	3.19e-01  7.60e-01  3.14e+05	-2.4839 33.3797 0.3100	
64.332982 295.855940	4.17e-01  7.16e-01  3.06e+05	6.5033 42.5116 0.7706	
64.332982 295.855940	5.41e-01  8.31e-01  2.75e+05	-0.1069 68.1436 0.8010	
64.332982 295.855940	6.54e-01  8.11e-01  2.65e+05	25.6244 70.2516 0.5995	
64.332982 295.855940	2.79e-01  9.45e-01  2.93e+05	-2.4241 54.5102 0.6972	
64.332982 295.855940	4.37e-01  8.56e-01  2.84e+05	-31.1994 53.0365 0.1707	
64.332982 295.855940	3.83e-01  8.19e-01  2.96e+05	3.6459 52.0895 0.0326	
64.332982 295.855940	5.45e-01  8.14e-01  2.77e+05	-6.7996 66.8063 0.5119	
64.332982 295.855940	3.47e-01  8.89e-01  2.92e+05	-2.7103 55.8906 0.8315	
64.332982 295.855940	6.49e-01  9.64e-01  2.50e+05	-15.6996 81.9364 0.8088	
64.332982 295.855940	6.03e-01  6.50e-01  2.90e+05	11.7223 56.4713 0.2710	
64.332982 295.855940	7.19e-01  7.67e-01  2.62e+05	-1.5152 76.1174 0.6793	
64.332982 295.855940	4.72e-01  6.53e-01  3.07e+05	-9.0841 40.7922 0.2592	
64.332982 295.855940	5.04e-01  8.11e-01  2.82e+05	-9.1014 62.8444 0.0777	
64.332982 295.855940	6.83e-01  8.63e-01  2.56e+05	-40.0100 68.9510 0.5134	
64.332982 295.855940	2.84e-01  9.32e-01  2.94e+05	-35.2223 40.5346 0.3591	
64.332982 295.855940	5.38e-01  9.09e-01  2.67e+05	-17.1808 71.5723 0.7405	
64.332982 295.855940	5.73e-01  7.71e-01  2.78e+05	-2.1603 65.9776 0.9342	
64.332982 295.855940	4.97e-01  7.63e-01  2.89e+05	0.0908 58.3134 0.9765	
64.332982 295.855940	6.19e-01  8.54e-01  2.64e+05	-35.2781 66.5021 0.4731	
64.332982 295.855940	6.31e-01  7.82e-01  2.70e+05	-6.8059 70.9320 0.6321	
64.332982 295.855940	3.69e-01  8.87e-01  2.89e+05	23.7738 52.9071 0.2698	
64.332982 295.855940	6.55e-01  7.73e-01  2.69e+05	-25.2534 67.7615 0.9524	
64.332982 295.855940	7.58e-01  8.80e-01  2.47e+05	-8.7637 84.1995 0.2617	
64.332982 295.855940	3.25e-01  7.86e-01  3.09e+05	11.4676 37.7302 0.6730	
64.332982 295.855940	5.16e-01  6.96e-01  2.95e+05	-9.9814 52.3845 0.9517	
64.332982 295.855940	5.68e-01  9.68e-01  2.57e+05	-14.0566 77.9050 0.1024	
64.332982 295.855940	4.65e-01  8.39e-01  2.83e+05	-20.3640 59.1812 0.9630	
64.332982 295.855940	4.66e-01  6.65e-01  3.06e+05	-0.4296 42.5893 0.5461	
64.332982 295.855940	6.26e-01  7.18e-01  2.78e+05	-8.2577 65.5026 0.1539	
64.332982 295.855940	5.60e-01  7.26e-01  2.85e+05	-3.0722 60.8356 0.0847	
64.332982 295.855940	6.06e-01  6.10e-01  2.94e+05	26.1436 47.0627 0.9012	
64.332982 295.855940	4.80e-01  9.30e-01  2.71e+05	-36.7289 60.8437 0.7612	
64.332982 295.855940	5.82e-01  8.68e-01  2.66e+05	23.4015 70.0079 0.0739	
64.332982 295.855940	4.33e-01  7.67e-01  2.96e+05	1.8591 51.9690 0.3483	
64.332982 295.855940	4.50e-01  9.60e-01  2.71e+05	8.5013 70.5395 0.5738	
64.332982 295.855940	4.53e-01  8.40e-01  2.84e+05	-22.3505 57.3517 0.6369	
64.332982 295.855940	4.74e-01  7.70e-01  2.91e+05	-10.6739 55.8180 0.9179	
64.332982 295.855940	3.66e-01  8.91e-01  2.89e+05	11.5576 56.9816 0.5580	
64.332982 295.855940	3.41e-01  8.73e-01  2.95e+05	26.1020 46.8132 0.1865	
64.332982 295.855940	5.59e-01  9.45e-01  2.60e+05	-20.4004 74.5217 0.7657	
64.332982 295.855940	6.89e-01  8.02e-01  2.62e+05	33.7661 68.5575 0.4544	
64.332982 295.855940	4.35e-01  7.50e-01  2.99e+05	-5.1367 49.8337 0.7179	
64.332982 295.855940	5.14e-01  8.03e-01  2.82e+05	18.4148 60.9280 0.5011	
64.332982 295.855940	4.29e-01  8.46e-01  2.87e+05	-28.2080 52.8171 0.0515	
64.332982 295.855940	5.33e-01  9.45e-01  2.63e+05	13.0350 74.4731 0.7832	
64.332982 295.855940	5.73e-01  8.87e-01  2.65e+05	13.5866 73.2129 0.0133	
64.332982 295.855940	6.27e-01  7.54e-01  2.74e+05	-22.9101 64.9583 0.8564	
64.332982 295.855940	4.61e-01  5.91e-01  3.18e+05	1.9558 27.3278 0.5715	
64.332982 295.855940	3.99e-01  9.47e-01  2.78e+05	16.8142 63.9098 0.3514	
64.332982 295.855940	5.15e-01  7.45e-01  2.89e+05	12.4865 56.9663 0.9840	
64.332982 295.855940	5.30e-01  8.29e-01  2.77e+05	-10.5898 66.3311 0.3270	
64.332982 295.855940	4.95e-01  8.06e-01  2.83e+05	-26.9792 56.1560 0.6477	
64.332982 295.855940	3.85e-01  8.65e-01  2.90e+05	22.3416 52.8708 0.8484	
64.332982 295.855940	3.72e-01  8.21e-01  2.98e+05	16.7569 48.1717 0.4439	
64.332982 295.855940	6.47e-01  8.10e-01  2.66e+05	23.2658 70.4637 0.9641	
64.332982 295.855940	4.62e-01  8.93e-01  2.77e+05	5.8009 66.6238 0.7763	
64.332982 295.855940	6.67e-01  7.85e-01  2.66e+05	8.9222 73.3898 0.0791	
64.332982 295.855940	4.93e-01  8.90e-01  2.74e+05	15.4521 67.3076 0.7668	
64.332982 295.855940	4.62e-01  7.96e-01  2.89e+05	5.7007 57.9217 0.7315	
64.332982 295.855940	5.63e-01  8.12e-01  2.75e+05	5.5713 68.1595 0.2914	
64.332982 295.855940	5.49e-01  6.42e-01  2.98e+05	3.9696 50.7266 0.7636	
64.332982 295.855940	3.12e-01  8.71e-01  2.99e+05	11.5194 48.5109 0.8530	
64.332982 295.855940	3.76e-01  9.05e-01  2.86e+05	-30.8500 51.9559 0.8035	
64.332982 295.855940	4.55e-01  6.79e-01  3.06e+05	26.1661 34.3357 0.5378	
64.332982 295.855940	5.21e-01  9.68e-01  2.62e+05	1.1227 76.3419 0.8087	
64.332982 295.855940	5.59e-01  6.41e-01  2.96e+05	19.2745 48.2268 0.8147	
64.332982 295.855940	4.74e-01  8.02e-01  2.87e+05	-0.7856 59.9757 0.6860	
64.332982 295.855940	5.70e-01  7.99e-01  2.75e+05	0.8288 68.0152 0.0827	
64.332982 295.855940	4.46e-01  9.58e-01  2.71e+05	-25.7126 65.7041 0.9023	
64.332982 295.855940	4.65e-01  8.02e-01  2.88e+05	13.7929 57.4333 0.9410	
64.332982 295.855940	5.38e-01  5.93e-01  3.06e+05	-3.5383 42.5612 0.3782	
64.332982 295.855940	6.97e-01  8.16e-01  2.60e+05	-26.6753 73.0572 0.9359	
64.332982 295.855940	3.70e-01  8.26e-01  2.97e+05	4.4739 51.2536 0.8555	
64.332982 295.855940	4.66e-01  7.39e-01  2.96e+05	-4.2357 52.3685 0.2837	
64.332982 295.855940	5.92e-01  6.78e-01  2.87e+05	24.0124 54.2910 0.6218	
64.332982 295.855940	5.23e-01  7.16e-01  2.91e+05	-25.8051 50.0166 0.2456	
64.332982 295.855940	6.26e-01  7.40e-01  2.76e+05	1.4011 67.7433 0.1416	
64.332982 295.855940	4.36e-01  8.19e-01  2.89e+05	15.4185 55.8008 0.2178	
64.332982 295.855940	5.18e-01  7.61e-01  2.86e+05	-18.5882 57.3389 0.3100	
64.332982 295.855940	4.69e-01  7.81e-01  2.90e+05	24.6508 51.8427 0.5567	
64.332982 295.855940	2.62e-01  9.03e-01  3.01e+05	27.4901 38.7885 0.8751	
64.332982 295.855940	6.12e-01  9.40e-01  2.56e+05	56.4282 56.8600 0.1588	
64.332982 295.855940	7.61e-01  8.40e-01  2.51e+05	-11.1581 81.9903 0.3022	
64.332982 295.855940	5.92e-01  7.61e-01  2.77e+05	10.8147 65.7716 0.0319	
64.332982 295.855940	3.86e-01  8.89e-01  2.87e+05	-24.5589 54.5068 0.9407	
64.332982 295.855940	4.51e-01  6.86e-01  3.05e+05	-19.2154 39.2167 0.9895	
64.332982 295.855940	3.63e-01  9.34e-01  2.84e+05	40.9479 46.4616 0.6315	
64.332982 295.855940	4.17e-01  8.12e-01  2.93e+05	5.5422 54.9115 0.3833	
64.332982 295.855940	5.41e-01  6.76e-01  2.94e+05	16.9647 51.1331 0.3991	
64.332982 295.855940	5.26e-01  9.10e-01  2.68e+05	12.4572 71.8060 0.3948	
64.332982 295.855940	3.68e-01  8.24e-01  2.98e+05	8.2588 50.3046 0.6042	
64.332982 295.855940	7.34e-01  8.66e-01  2.51e+05	18.6952 80.5738 0.7832	
64.332982 295.855940	5.02e-01  8.71e-01  2.75e+05	-22.1038 64.5700 0.4010	
64.332982 295.855940	4.83e-01  8.29e-01  2.82e+05	15.5207 61.3269 0.9978	
64.332982 295.855940	6.16e-01  8.98e-01  2.59e+05	-15.9609 76.2314 0.0064	
64.332982 295.855940	5.86e-01  8.37e-01  2.69e+05	3.3794 71.8276 0.7415	
64.332982 295.855940	6.38e-01  8.83e-01  2.59e+05	-23.5838 74.6694 0.7733	
64.332982 295.855940	5.82e-01  7.74e-01  2.77e+05	-37.6090 55.3373 0.5693	
64.332982 295.855940	5.22e-01  8.95e-01  2.70e+05	10.6847 70.6823 0.8177	
64.332982 295.855940	7.92e-01  8.77e-01  2.44e+05	28.8351 81.2123 0.6149	
64.332982 295.855940	4.51e-01  8.20e-01  2.87e+05	-23.8742 54.4634 0.7948	
64.332982 295.855940	4.06e-01  9.40e-01  2.78e+05	-2.3877 66.0533 0.3286	
64.332982 295.855940	3.45e-01  7.64e-01  3.09e+05	8.3093 38.2510 0.6960	
64.332982 295.855940	6.42e-01  7.78e-01  2.70e+05	33.1320 63.5914 0.1038	
64.332982 295.855940	3.80e-01  7.41e-01  3.08e+05	-10.7163 39.6832 0.6335	
64.332982 295.855940	4.56e-01  8.65e-01  2.81e+05	6.2568 63.7138 0.3813	
64.332982 295.855940	4.50e-01  7.78e-01  2.93e+05	-30.0158 46.1788 0.6008	
64.332982 295.855940	3.92e-01  9.59e-01  2.77e+05	18.1810 64.0310 0.6140	
64.332982 295.855940	3.78e-01  8.33e-01  2.95e+05	20.4019 49.0417 0.6215	
64.332982 295.855940	6.21e-01  6.99e-01  2.81e+05	28.2777 57.4197 0.1022	
64.332982 295.855940	3.94e-01  7.72e-01  3.01e+05	-7.9502 47.0285 0.4622	
64.332982 295.855940	6.35e-01  8.15e-01  2.66e+05	55.0402 49.1750 0.5266	
64.332982 295.855940	5.83e-01  7.92e-01  2.75e+05	-14.1261 66.9961 0.6859	
64.332982 295.855940	5.26e-01  6.51e-01  3.00e+05	3.7578 48.9569 0.6481	
64.332982 295.855940	7.13e-01  9.63e-01  2.44e+05	3.6859 86.4799 0.0043	
64.332982 295.855940	4.94e-01  8.92e-01  2.73e+05	-5.9537 68.9774 0.7061	
64.332982 295.855940	8.20e-01  9.13e-01  2.39e+05	-36.1783 81.5346 0.0010	
64.332982 295.855940	5.19e-01  7.06e-01  2.93e+05	-27.0729 47.5124 0.7546	
64.332982 295.855940	6.03e-01  6.98e-01  2.84e+05	-9.2892 61.5436 0.8577	
64.332982 295.855940	5.54e-01  7.16e-01  2.87e+05	-31.8929 50.0791 0.4425	
64.332982 295.855940	4.70e-01  7.29e-01  2.97e+05	2.7694 51.7218 0.8048	
64.332982 295.855940	7.75e-01  8.31e-01  2.50e+05	3.8968 82.9635 0.1461	
64.332982 295.855940	6.75e-01  7.64e-01  2.67e+05	-30.6721 66.3178 0.4048	
64.332982 295.855940	5.27e-01  8.64e-01  2.73e+05	7.6385 69.2589 0.5965	
64.332982 295.855940	3.60e-01  8.78e-01  2.91e+05	6.5347 55.7583 0.4073	
64.332982 295.855940	5.54e-01  6.44e-01  2.97e+05	-6.2045 51.2604 0.7607	
64.332982 295.855940	5.43e-01  8.77e-01  2.70e+05	10.0635 71.0363 0.4195	
64.332982 295.855940	6.90e-01  7.12e-01  2.72e+05	-26.7590 65.1252 0.7043	
64.332982 295.855940	5.63e-01  6.86e-01  2.90e+05	5.9347 56.9363 0.0225	
64.332982 295.855940	5.45e-01  6.78e-01  2.93e+05	10.3890 53.5212 0.9589	
64.332982 295.855940	5.20e-01  7.47e-01  2.88e+05	18.5004 56.0879 0.8847	
64.332982 295.855940	5.12e-01  8.23e-01  2.79e+05	-0.6154 65.2401 0.4138	
64.332982 295.855940	5.93e-01  8.44e-01  2.68e+05	-41.1509 60.2095 0.7846	
64.332982 295.855940	6.08e-01  6.67e-01  2.87e+05	-5.5977 59.5888 0.6978	
64.332982 295.855940	7.06e-01  8.60e-01  2.54e+05	30.9674 74.7010 0.4587	
64.332982 295.855940	5.82e-01  8.94e-01  2.63e+05	8.0172 75.0568 0.2978	
64.332982 295.855940	5.62e-01  8.31e-01  2.73e+05	32.9203 61.5325 0.7406	
64.332982 295.855940	4.09e-01  8.89e-01  2.84e+05	-40.4288 46.9242 0.8146	
64.332982 295.855940	5.25e-01  7.02e-01  2.93e+05	0.7556 54.8792 0.0147	
64.332982 295.855940	5.93e-01  6.28e-01  2.94e+05	-28.9345 45.9713 0.5265	
64.332982 295.855940	4.55e-01  9.26e-01  2.74e+05	-8.5929 68.3846 0.9678	
64.332982 295.855940	5.23e-01  7.33e-01  2.89e+05	-18.6705 54.9758 0.6288	
64.332982 295.855940	4.49e-01  6.82e-01  3.06e+05	2.8394 42.5469 0.4799	
64.332982 295.855940	6.88e-01  7.55e-01  2.67e+05	-40.1881 61.2867 0.1954	
64.332982 295.855940	4.45e-01  8.59e-01  2.83e+05	14.2725 60.9128 0.8888	
64.332982 295.855940	4.92e-01  8.52e-01  2.78e+05	-3.6327 65.8566 0.4614	
64.332982 295.855940	3.69e-01  8.34e-01  2.96e+05	14.8586 50.1450 0.4709	
64.332982 295.855940	4.88e-01  9.45e-01  2.68e+05	-29.3159 66.4256 0.9331	
64.332982 295.855940	5.47e-01  8.48e-01  2.72e+05	-11.9547 68.8552 0.1160	
64.332982 295.855940	5.16e-01  6.72e-01  2.98e+05	8.8534 49.6667 0.7663	
64.332982 295.855940	4.19e-01  8.65e-01  2.86e+05	-21.5552 56.7469 0.2992	
64.332982 295.855940	5.05e-01  8.28e-01  2.80e+05	20.5485 61.7282 0.6727	
64.332982 295.855940	4.38e-01  7.89e-01  2.93e+05	8.5673 54.2567 0.9387	
64.332982 295.855940	2.55e-01  8.94e-01  3.03e+05	6.5323 44.9614 0.7696	
64.332982 295.855940	3.58e-01  8.34e-01  2.98e+05	4.7825 50.7891 0.6439	
64.332982 295.855940	3.69e-01  8.82e-01  2.90e+05	11.0352 56.4264 0.1329	
64.332982 295.855940	4.07e-01  8.67e-01  2.87e+05	15.1823 57.8216 0.3498	
64.332982 295.855940	5.51e-01  6.93e-01  2.91e+05	21.0260 52.6828 0.3859	
64.332982 295.855940	5.26e-01  9.37e-01  2.65e+05	-32.1744 67.3822 0.5113	
64.332982 295.855940	3.69e-01  7.55e-01  3.07e+05	-15.2306 38.7050 0.3383	
64.332982 295.855940	3.52e-01  7.66e-01  3.08e+05	-13.6791 38.4231 0.2635	
64.332982 295.855940	3.33e-01  8.53e-01  2.98e+05	4.2637 49.9884 0.0075	
64.332982 295.855940	5.65e-01  7.70e-01  2.79e+05	12.3398 64.0515 0.9573	
64.332982 295.855940	3.47e-01  9.61e-01  2.83e+05	-6.0755 62.5970 0.6351	
64.332982 295.855940	6.47e-01  7.93e-01  2.67e+05	-9.0636 72.5612 0.8765	
64.332982 295.855940	6.76e-01  9.38e-01  2.49e+05	-7.8677 83.0998 0.9124	
64.332982 295.855940	2.71e-01  8.28e-01  3.11e+05	-16.8696 33.2658 0.9860	
64.332982 295.855940	7.65e-01  9.73e-01  2.38e+05	7.5756 89.0827 0.7774	
64.332982 295.855940	4.49e-01  8.01e-01  2.90e+05	6.0331 57.0578 0.7865	
64.332982 295.855940	6.01e-01  7.36e-01  2.79e+05	-20.1150 62.2544 0.5957	
64.332982 295.855940	5.04e-01  7.90e-01  2.84e+05	-15.6618 59.5984 0.7607	
64.332982 295.855940	5.62e-01  6.26e-01  2.98e+05	-11.6837 49.1348 0.0152	
64.332982 295.855940	4.68e-01  8.00e-01  2.88e+05	13.1262 57.6935 0.6009	
64.332982 295.855940	3.33e-01  8.68e-01  2.96e+05	5.6416 51.6940 0.3591	
64.332982 295.855940	5.49e-01  7.31e-01  2.86e+05	9.8338 59.5343 0.8575	
64.332982 295.855940	5.03e-01  9.42e-01  2.67e+05	-37.1766 63.4100 0.7380	
64.332982 295.855940	4.58e-01  8.31e-01  2.85e+05	-36.2662 49.2427 0.4463	
64.332982 295.855940	3.80e-01  8.21e-01  2.96e+05	-0.2371 52.1213 0.8256	
64.332982 295.855940	5.08e-01  6.62e-01  3.01e+05	-27.6684 39.4931 0.1582	
64.332982 295.855940	4.33e-01  9.32e-01  2.76e+05	17.8252 65.2140 0.9170	
64.332982 295.855940	6.00e-01  8.24e-01  2.69e+05	44.4449 56.6103 0.1497	
64.332982 295.855940	5.71e-01  8.67e-01  2.67e+05	39.3273 61.5283 0.6499	
64.332982 295.855940	4.38e-01  7.07e-01  3.04e+05	6.8755 44.1050 0.3519	
64.332982 295.855940	4.73e-01  8.89e-01  2.76e+05	8.4921 66.9014 0.8473	
64.332982 295.855940	5.76e-01  8.66e-01  2.67e+05	29.9573 66.8464 0.0432	
64.332982 295.855940	4.96e-01  8.67e-01  2.76e+05	-20.2376 64.3948 0.4500	
64.332982 295.855940	4.80e-01  8.31e-01  2.82e+05	44.6036 44.7176 0.2668	
64.332982 295.855940	4.75e-01  8.83e-01  2.77e+05	-8.1193 66.5555 0.6560	
64.332982 295.855940	4.50e-01  7.66e-01  2.94e+05	-24.3516 48.0054 0.3135	
64.332982 295.855940	5.21e-01  6.86e-01  2.96e+05	-30.9779 42.6893 0.3197	
64.332982 295.855940	4.52e-01  8.29e-01  2.86e+05	-15.3147 58.4779 0.2963	
64.332982 295.855940	7.83e-01  9.16e-01  2.42e+05	7.8609 87.2639 0.2720	
64.332982 295.855940	4.33e-01  8.51e-01  2.86e+05	4.3117 60.5839 0.9946	
64.332982 295.855940	4.35e-01  7.19e-01  3.03e+05	11.0799 44.7349 0.0096	
64.332982 295.855940	5.77e-01  9.64e-01  2.57e+05	28.5825 74.1411 0.1843	
64.332982 295.855940	4.93e-01  9.14e-01  2.71e+05	7.4071 70.4156 0.4220	
64.332982 295.855940	4.95e-01  8.55e-01  2.78e+05	10.9457 65.5371 0.3928	
64.332982 295.855940	6.70e-01  7.64e-01  2.68e+05	9.6580 72.0763 0.5248	
64.332982 295.855940	5.90e-01  7.58e-01  2.78e+05	-0.9483 66.3497 0.6089	
64.332982 295.855940	5.25e-01  7.40e-01  2.88e+05	-7.1284 58.4403 0.9455	
64.332982 295.855940	3.75e-01  8.17e-01  2.97e+05	8.1283 50.3847 0.2240	
64.332982 295.855940	5.88e-01  7.68e-01  2.77e+05	20.4199 63.7336 0.9272	
64.332982 295.855940	5.13e-01  7.95e-01  2.83e+05	0.3568 62.8873 0.9436	
64.332982 295.855940	5.36e-01  6.41e-01  3.00e+05	18.2271 45.6603 0.9470	
64.332982 295.855940	4.53e-01  8.30e-01  2.86e+05	-7.0049 60.1799 0.8736	
64.332982 295.855940	3.74e-01  9.03e-01  2.86e+05	-28.7226 52.7145 0.6429	
64.332982 295.855940	4.25e-01  7.72e-01  2.97e+05	23.0910 46.0618 0.1282	
64.332982 295.855940	5.29e-01  8.86e-01  2.70e+05	-28.2238 65.6009 0.0985	
64.332982 295.855940	5.98e-01  8.04e-01  2.72e+05	-14.6012 68.9206 0.2932	
64.332982 295.855940	3.92e-01  7.59e-01  3.03e+05	-12.3053 44.0711 0.6923	
64.332982 295.855940	5.43e-01  7.33e-01  2.87e+05	-24.0911 54.8795 0.8656	
64.332982 295.855940	5.42e-01  6.49e-01  2.98e+05	23.0240 45.2834 0.8734	
64.332982 295.855940	4.96e-01  7.94e-01  2.85e+05	19.6527 57.9491 0.9388	
64.332982 295.855940	3.30e-01  9.10e-01  2.91e+05	9.9592 55.4821 0.4960	
64.332982 295.855940	4.98e-01  7.13e-01  2.95e+05	9.7770 52.3131 0.0750	
64.332982 295.855940	5.95e-01  7.19e-01  2.82e+05	-41.9252 47.5748 0.0938	
64.332982 295.855940	6.91e-01  7.12e-01  2.71e+05	47.6095 52.0216 0.4153	
64.332982 295.855940	5.02e-01  7.45e-01  2.90e+05	15.5347 54.9337 0.4480	
64.332982 295.855940	5.31e-01  6.90e-01  2.94e+05	-17.3670 51.5414 0.2443	
64.332982 295.855940	6.94e-01  9.32e-01  2.48e+05	-33.4432 77.1293 0.4342	
64.332982 295.855940	4.18e-01  8.40e-01  2.89e+05	-9.7574 57.3644 0.4058	
64.332982 295.855940	3.34e-01  9.07e-01  2.91e+05	21.2543 52.2794 0.4227	
64.332982 295.855940	3.98e-01  9.08e-01  2.83e+05	20.2081 59.4213 0.0988	
64.332982 295.855940	6.95e-01  7.81e-01  2.64e+05	-44.2029 61.1546 0.5042	
64.332982 295.855940	2.38e-01  8.46e-01  3.13e+05	5.6958 34.0759 0.9319	
64.332982 295.855940	6.08e-01  7.17e-01  2.81e+05	9.5906 63.6135 0.3939	
64.332982 295.855940	6.13e-01  7.74e-01  2.73e+05	12.8162 68.1654 0.1798	
64.332982 295.855940	6.38e-01  6.84e-01  2.81e+05	-25.3104 58.9046 0.5698	
64.332982 295.855940	3.74e-01  6.88e-01  3.16e+05	-3.8500 29.3984 0.1277	
64.332982 295.855940	6.88e-01  8.99e-01  2.52e+05	-43.4262 69.5646 0.5438	
64.332982 295.855940	5.15e-01  7.33e-01  2.90e+05	21.3270 53.0123 0.8193	
64.332982 295.855940	6.58e-01  7.98e-01  2.66e+05	19.6310 71.5761 0.3035	
64.332982 295.855940	5.92e-01  7.55e-01  2.78e+05	10.7419 65.3634 0.9453	
64.332982 295.855940	6.34e-01  7.45e-01  2.74e+05	17.3035 66.5114 0.6390	
64.332982 295.855940	5.75e-01  6.69e-01  2.91e+05	6.4339 56.4528 0.3936	
64.332982 295.855940	4.45e-01  9.42e-01  2.73e+05	-17.7926 67.0161 0.8307	
64.332982 295.855940	4.66e-01  8.16e-01  2.86e+05	-2.1386 60.4727 0.1392	
64.332982 295.855940	4.70e-01  7.03e-01  3.00e+05	-9.1485 47.7014 0.3956	
64.332982 295.855940	4.13e-01  8.02e-01  2.94e+05	5.2984 53.3900 0.2424	
64.332982 295.855940	2.81e-01  8.69e-01  3.03e+05	8.1478 44.7268 0.4433	
64.332982 295.855940	4.08e-01  9.68e-01  2.75e+05	32.5928 60.2638 0.0470	
64.332982 295.855940	7.66e-01  9.58e-01  2.39e+05	-24.1332 85.4203 0.7392	
64.332982 295.855940	5.00e-01  8.72e-01  2.75e+05	8.6344 67.6622 0.2691	
64.332982 295.855940	4.85e-01  6.71e-01  3.03e+05	16.9146 43.1154 0.9902	
64.332982 295.855940	4.62e-01  7.46e-01  2.95e+05	-13.7299 51.0763 0.4682	
64.332982 295.855940	4.68e-01  7.60e-01  2.93e+05	-17.3912 52.2518 0.6893	
64.332982 295.855940	6.37e-01  7.12e-01  2.78e+05	17.1193 64.1147 0.1761	
64.332982 295.855940	4.97e-01  8.66e-01  2.76e+05	42.9655 52.0334 0.2580	
64.332982 295.855940	6.45e-01  8.36e-01  2.63e+05	-20.8609 72.8896 0.3551	
64.332982 295.855940	4.93e-01  8.30e-01  2.81e+05	18.6918 61.4931 0.8520	
64.332982 295.855940	3.41e-01  8.19e-01  3.02e+05	20.9703 41.8495 0.8973	
64.332982 295.855940	4.56e-01  8.50e-01  2.83e+05	22.1029 58.6322 0.1245	
64.332982 295.855940	5.92e-01  9.50e-01  2.57e+05	5.8199 79.2591 0.0799	
64.332982 295.855940	7.74e-01  8.87e-01  2.45e+05	-5.6439 85.6210 0.0470	
64.332982 295.855940	5.61e-01  6.79e-01  2.91e+05	-7.9744 55.8185 0.5513	
64.332982 295.855940	4.15e-01  7.60e-01  3.00e+05	7.7952 48.1996 0.2580	
64.332982 295.855940	7.01e-01  9.53e-01  2.46e+05	14.8883 84.1504 0.0890	
64.332982 295.855940	3.66e-01  7.68e-01  3.06e+05	-10.9266 41.8289 0.8316	
64.332982 295.855940	4.38e-01  8.64e-01  2.83e+05	-19.7762 59.1391 0.1970	
64.332982 295.855940	4.15e-01  9.33e-01  2.78e+05	-1.5945 66.2043 0.7925	
64.332982 295.855940	4.05e-01  8.52e-01  2.89e+05	23.5549 53.0641 0.2376	
64.332982 295.855940	4.89e-01  8.11e-01  2.84e+05	-6.5999 61.8230 0.0286	
64.332982 295.855940	6.29e-01  6.86e-01  2.82e+05	-9.9410 62.7240 0.3910	
64.332982 295.855940	5.19e-01  8.94e-01  2.70e+05	53.7506 46.8102 0.7677	
64.332982 295.855940	4.85e-01  6.36e-01  3.08e+05	8.3865 40.2290 0.4484	
64.332982 295.855940	5.73e-01  9.20e-01  2.62e+05	7.2581 76.2673 0.4838	
64.332982 295.855940	3.49e-01  7.77e-01  3.07e+05	-1.4856 41.8200 0.8354	
64.332982 295.855940	6.65e-01  8.14e-01  2.63e+05	16.1814 73.9616 0.4306	
64.332982 295.855940	7.65e-01  8.12e-01  2.53e+05	11.3799 80.6912 0.9244	
64.332982 295.855940	7.50e-01  8.15e-01  2.54e+05	16.3434 79.1444 0.3193	
64.332982 295.855940	5.55e-01  8.18e-01  2.75e+05	-44.5856 51.7594 0.1883	
64.332982 295.855940	7.22e-01  8.19e-01  2.57e+05	-23.3918 75.9042 0.6107	
64.332982 295.855940	5.22e-01  7.16e-01  2.92e+05	17.0980 53.4050 0.3990	
64.332982 295.855940	4.44e-01  7.75e-01  2.94e+05	-2.2498 53.9616 0.4842	
64.332982 295.855940	5.62e-01  7.80e-01  2.78e+05	-18.8493 63.0885 0.8102	
64.332982 295.855940	4.67e-01  8.68e-01  2.79e+05	-16.4771 63.0567 0.8368	
64.332982 295.855940	5.70e-01  9.39e-01  2.60e+05	3.2328 77.4936 0.3185	
64.332982 295.855940	3.81e-01  8.91e-01  2.87e+05	-35.0701 48.1619 0.0056	
64.332982 295.855940	4.74e-01  7.27e-01  2.96e+05	2.0207 52.0564 0.1191	
64.332982 295.855940	5.13e-01  8.34e-01  2.78e+05	-30.9686 58.4412 0.0720	
64.332982 295.855940	2.00e-01  9.00e-01  3.11e+05	4.2701 37.2676 0.0424	
64.332982 295.855940	5.83e-01  7.95e-01  2.74e+05	7.3341 68.2051 0.0318	
64.332982 295.855940	4.75e-01  6.53e-01  3.07e+05	19.3881 37.4800 0.3201	
64.332982 295.855940	2.73e-01  9.25e-01  2.97e+05	6.7360 51.2433 0.7800	
64.332982 295.855940	4.37e-01  8.59e-01  2.84e+05	-15.5638 59.7614 0.8059	
64.332982 295.855940	6.30e-01  8.05e-01  2.68e+05	-15.8782 70.9879 0.2912	
64.332982 295.855940	7.08e-01  8.54e-01  2.55e+05	31.0261 74.4632 0.9904	
64.332982 295.855940	2.81e-01  8.48e-01  3.06e+05	7.3091 41.7464 0.1803	
64.332982 295.855940	6.61e-01  7.14e-01  2.75e+05	-13.9927 66.9768 0.7086	
64.332982 295.855940	5.21e-01  7.02e-01  2.93e+05	-19.5149 50.9148 0.5967	
64.332982 295.855940	4.23e-01  7.87e-01  2.95e+05	-13.5148 51.3630 0.7989	
64.332982 295.855940	5.53e-01  7.72e-01  2.81e+05	1.1567 64.3948 0.2461	
64.332982 295.855940	6.47e-01  7.59e-01  2.71e+05	16.6503 68.7566 0.0624	
64.332982 295.855940	5.38e-01  7.55e-01  2.85e+05	19.2772 58.3790 0.2790	
64.332982 295.855940	2.94e-01  8.10e-01  3.10e+05	17.9363 33.8111 0.5061	
64.332982 295.855940	5.10e-01  8.49e-01  2.76e+05	10.2013 66.4091 0.0063	
64.332982 295.855940	3.30e-01  9.46e-01  2.87e+05	-15.0658 58.0604 0.5460	
64.332982 295.855940	3.77e-01  7.54e-01  3.06e+05	7.4864 41.9329 0.4194	
64.332982 295.855940	6.21e-01  9.26e-01  2.56e+05	12.7575 78.7476 0.1932	
64.332982 295.855940	3.90e-01  6.86e-01  3.14e+05	2.7105 32.7925 0.8784	
64.332982 295.855940	7.61e-01  9.04e-01  2.45e+05	-4.4421 85.8899 0.7029	
64.332982 295.855940	5.00e-01  8.66e-01  2.76e+05	28.4493 61.4958 0.1621	
64.332982 295.855940	2.53e-01  8.00e-01  3.18e+05	-12.6436 24.7212 0.8005	
64.332982 295.855940	4.99e-01  7.72e-01  2.87e+05	18.7978 56.4919 0.4732	
64.332982 295.855940	4.58e-01  7.72e-01  2.92e+05	-5.3094 55.0463 0.6526	
64.332982 295.855940	4.92e-01  6.22e-01  3.09e+05	7.1859 39.3214 0.8240	
64.332982 295.855940	3.77e-01  8.27e-01  2.96e+05	23.2264 46.8474 0.4579	
64.332982 295.855940	5.05e-01  7.72e-01  2.86e+05	-0.9731 60.0702 0.9081	
64.332982 295.855940	3.09e-01  9.68e-01  2.87e+05	-13.4511 58.5006 0.6765	
64.332982 295.855940	4.78e-01  7.68e-01  2.90e+05	-26.5481 50.3643 0.2463	
64.332982 295.855940	3.91e-01  8.49e-01  2.91e+05	24.9704 50.5555 0.6226	
64.332982 295.855940	5.16e-01  6.21e-01  3.05e+05	-2.2171 43.5409 0.4736	
64.332982 295.855940	5.04e-01  8.39e-01  2.78e+05	-2.2615 65.8775 0.4471	
64.332982 295.855940	5.62e-01  8.17e-01  2.74e+05	-27.0284 63.1586 0.8916	
64.332982 295.855940	2.66e-01  8.61e-01  3.07e+05	0.6906 41.9756 0.3658	
64.332982 295.855940	5.07e-01  9.41e-01  2.66e+05	-9.4703 73.0883 0.4055	
64.332982 295.855940	3.29e-01  8.38e-01  3.01e+05	9.0684 47.0402 0.7441	
64.332982 295.855940	6.26e-01  7.64e-01  2.73e+05	7.0733 69.2522 0.1190	
64.332982 295.855940	6.99e-01  7.74e-01  2.64e+05	16.9103 73.3275 0.5906	
64.332982 295.855940	4.45e-01  8.05e-01  2.90e+05	1.3633 57.3848 0.5374	
64.332982 295.855940	4.98e-01  8.12e-01  2.82e+05	-20.9872 59.4778 0.8439	
64.332982 295.855940	5.37e-01  8.57e-01  2.72e+05	-3.9324 69.7481 0.8124	
64.332982 295.855940	4.41e-01  9.41e-01  2.74e+05	-18.2762 66.5357 0.3180	
64.332982 295.855940	6.12e-01  9.13e-01  2.58e+05	18.0535 76.4524 0.8865	
64.332982 295.855940	3.81e-01  7.40e-01  3.07e+05	1.6729 41.1491 0.1439	
64.332982 295.855940	6.43e-01  6.76e-01  2.81e+05	11.0831 62.8920 0.9669	
64.332982 295.855940	3.72e-01  8.87e-01  2.89e+05	-26.0314 52.1560 0.6055	
64.332982 295.855940	6.98e-01  8.15e-01  2.60e+05	29.9808 71.7708 0.9915	
64.332982 295.855940	6.41e-01  9.12e-01  2.56e+05	13.2710 79.0185 0.8997	
64.332982 295.855940	5.80e-01  7.94e-01  2.75e+05	0.2793 68.3592 0.4397	
64.332982 295.855940	3.72e-01  7.42e-01  3.09e+05	-6.6813 39.4546 0.9922	
64.332982 295.855940	5.35e-01  7.43e-01  2.86e+05	22.4610 55.7389 0.8897	
64.332982 295.855940	5.79e-01  8.87e-01  2.65e+05	-24.9228 70.5147 0.6894	
64.332982 295.855940	7.55e-01  8.95e-01  2.46e+05	-20.4173 82.7936 0.3303	
64.332982 295.855940	5.22e-01  8.85e-01  2.71e+05	16.1212 68.9318 0.0118	
64.332982 295.855940	5.62e-01  8.14e-01  2.75e+05	10.9235 67.6122 0.2789	
64.332982 295.855940	5.23e-01  6.33e-01  3.03e+05	0.8002 46.3013 0.8697	
64.332982 295.855940	5.89e-01  8.28e-01  2.70e+05	13.0818 70.3105 0.0427	
64.332982 295.855940	6.13e-01  7.70e-01  2.74e+05	-12.9746 67.8064 0.0575	
64.332982 295.855940	2.64e-01  9.24e-01  2.98e+05	-2.1671 50.4543 0.7855	
64.332982 295.855940	4.14e-01  9.49e-01  2.76e+05	5.4541 67.2254 0.9938	
64.332982 295.855940	5.94e-01  7.13e-01  2.83e+05	3.5892 62.7302 0.3065	
64.332982 295.855940	5.25e-01  6.37e-01  3.02e+05	-19.9267 42.6013 0.0542	
64.332982 295.855940	5.49e-01  9.22e-01  2.64e+05	-23.3468 71.4521 0.6277	
64.332982 295.855940	3.06e-01  9.05e-01  2.95e+05	-20.2170 49.2142 0.2391	
64.332982 295.855940	5.27e-01  7.38e-01  2.88e+05	-27.5870 51.9502 0.0385	
64.332982 295.855940	6.36e-01  7.58e-01  2.73e+05	-21.9376 66.2925 0.1979	
64.332982 295.855940	6.12e-01  7.63e-01  2.75e+05	13.5654 67.0760 0.6827	
64.332982 295.855940	6.51e-01  8.93e-01  2.56e+05	25.5710 75.4433 0.8639	
64.332982 295.855940	6.42e-01  7.23e-01  2.76e+05	-21.2121 64.2544 0.4178	
64.332982 295.855940	4.28e-01  8.03e-01  2.92e+05	6.6278 55.0218 0.2341	
64.332982 295.855940	5.95e-01  9.79e-01  2.53e+05	-11.9772 80.4006 0.5478	
64.332982 295.855940	5.19e-01  8.61e-01  2.74e+05	14.0101 67.3111 0.3009	
64.332982 295.855940	5.07e-01  7.43e-01  2.90e+05	23.2518 52.4194 0.4017	
64.332982 295.855940	5.80e-01  6.97e-01  2.86e+05	-21.0867 56.2144 0.3981	
64.332982 295.855940	5.33e-01  8.62e-01  2.72e+05	-8.3957 69.4003 0.2894	
64.332982 295.855940	5.50e-01  7.70e-01  2.81e+05	21.8818 60.1364 0.1396	
64.332982 295.855940	3.49e-01  7.77e-01  3.07e+05	3.3698 41.7757 0.4416	
64.332982 295.855940	3.75e-01  7.87e-01  3.02e+05	-25.1494 39.8113 0.5816	
64.332982 295.855940	4.18e-01  8.43e-01  2.88e+05	3.2643 58.4127 0.4840	
64.332982 295.855940	5.56e-01  8.40e-01  2.72e+05	-19.8258 67.1370 0.2819	
64.332982 295.855940	5.15e-01  7.69e-01  2.86e+05	-28.0868 53.8076 0.9822	
64.332982 295.855940	3.66e-01  8.12e-01  2.99e+05	-12.6096 47.5919 0.6527	
64.332982 295.855940	4.84e-01  8.32e-01  2.82e+05	9.4037 62.9310 0.5422	
64.332982 295.855940	6.48e-01  8.41e-01  2.62e+05	-15.8863 74.6553 0.5523	
64.332982 295.855940	4.72e-01  6.36e-01  3.09e+05	2.7649 38.9304 0.2058	
64.332982 295.855940	4.86e-01  8.16e-01  2.83e+05	-34.3998 52.0665 0.7341	
64.332982 295.855940	2.83e-01  8.97e-01  2.99e+05	15.2077 47.0180 0.7457	
64.332982 295.855940	4.21e-01  8.45e-01  2.88e+05	-31.7353 49.6814 0.3754	
64.332982 295.855940	3.60e-01  7.63e-01  3.07e+05	3.8123 41.2438 0.1047	
64.332982 295.855940	5.60e-01  8.11e-01  2.75e+05	8.8948 67.5802 0.1291	
64.332982 295.855940	4.82e-01  7.45e-01  2.93e+05	-10.0688 54.0273 0.7066	
64.332982 295.855940	6.53e-01  7.25e-01  2.74e+05	19.8436 65.7159 0.6323	
64.332982 295.855940	5.64e-01  8.87e-01  2.66e+05	1.4552 73.8605 0.9267	
64.332982 295.855940	3.72e-01  9.72e-01  2.78e+05	26.9435 60.1490 0.2740	
64.332982 295.855940	4.89e-01  8.98e-01  2.73e+05	7.7746 68.9138 0.6196	
64.332982 295.855940	4.57e-01  9.57e-01  2.70e+05	-29.7771 64.8317 0.8822	
64.332982 295.855940	5.05e-01  6.67e-01  3.00e+05	5.0533 48.1457 0.4567	
64.332982 295.855940	4.18e-01  9.37e-01  2.77e+05	-38.2770 54.7853 0.8703	
64.332982 295.855940	5.26e-01  6.63e-01  2.98e+05	-10.2686 49.4949 0.3431	
64.332982 295.855940	4.07e-01  9.15e-01  2.81e+05	44.9374 45.7692 0.4841	
64.332982 295.855940	4.94e-01  7.97e-01  2.85e+05	11.1451 60.3614 0.5053	
64.332982 295.855940	3.32e-01  8.30e-01  3.02e+05	-4.5245 46.8773 0.9603	
64.332982 295.855940	5.18e-01  8.18e-01  2.79e+05	7.2044 64.8588 0.9511	
64.332982 295.855940	5.11e-01  7.66e-01  2.86e+05	-6.3276 59.7923 0.3818	
64.332982 295.855940	3.52e-01  8.76e-01  2.93e+05	21.3788 50.6868 0.5112	
64.332982 295.855940	4.87e-01  8.24e-01  2.82e+05	5.8622 62.9095 0.6778	
64.332982 295.855940	6.64e-01  7.80e-01  2.67e+05	-19.0989 70.8804 0.1190	
64.332982 295.855940	6.63e-01  8.34e-01  2.61e+05	28.6762 71.3114 0.5325	
64.332982 295.855940	6.19e-01  8.40e-01  2.65e+05	-38.6179 63.6190 0.8648	
64.332982 295.855940	4.60e-01  7.68e-01  2.93e+05	-21.4484 50.7041 0.6724	
64.332982 295.855940	6.09e-01  6.97e-01  2.83e+05	-18.4808 59.9390 0.1536	
64.332982 295.855940	5.55e-01  7.32e-01  2.85e+05	-13.5718 59.4929 0.8865	
64.332982 295.855940	3.83e-01  8.74e-01  2.89e+05	-30.8387 49.2675 0.8283	
64.332982 295.855940	5.75e-01  8.86e-01  2.65e+05	22.7539 70.9340 0.6606	
64.332982 295.855940	5.44e-01  7.71e-01  2.82e+05	5.9629 63.2762 0.2181	
64.332982 295.855940	5.62e-01  8.09e-01  2.75e+05	-17.4068 65.8939 0.0621	
64.332982 295.855940	4.85e-01  7.99e-01  2.86e+05	42.6269 43.2374 0.2901	
64.332982 295.855940	3.96e-01  7.81e-01  3.00e+05	24.9067 42.3188 0.0361	
64.332982 295.855940	6.06e-01  6.94e-01  2.84e+05	10.2966 61.3466 0.4054	
64.332982 295.855940	5.25e-01  8.22e-01  2.78e+05	-23.3901 61.9048 0.6635	
64.332982 295.855940	5.60e-01  8.48e-01  2.71e+05	10.1664 70.1493 0.3550	
64.332982 295.855940	5.49e-01  6.95e-01  2.91e+05	0.7734 56.7585 0.3811	
64.332982 295.855940	3.92e-01  9.03e-01  2.84e+05	-15.1837 59.9035 0.6465	
64.332982 295.855940	3.48e-01  8.71e-01  2.94e+05	-33.6162 42.2885 0.6762	
64.332982 295.855940	4.86e-01  8.18e-01  2.83e+05	-16.2726 60.3965 0.7501	
64.332982 295.855940	4.39e-01  7.71e-01  2.95e+05	0.3596 53.1502 0.4027	
64.332982 295.855940	3.89e-01  9.11e-01  2.84e+05	-0.2285 62.1394 0.9072	
64.332982 295.855940	4.67e-01  6.96e-01  3.02e+05	5.5235 46.9059 0.9552	
64.332982 295.855940	3.35e-01  8.82e-01  2.94e+05	-17.9202 50.6984 0.9100	
64.332982 295.855940	5.02e-01  8.12e-01  2.82e+05	-9.5745 62.7028 0.8605	
64.332982 295.855940	5.58e-01  7.97e-01  2.77e+05	37.3437 55.5037 0.7681	
64.332982 295.855940	6.37e-01  7.64e-01  2.72e+05	22.1631 66.7846 0.6447	
64.332982 295.855940	6.13e-01  7.99e-01  2.71e+05	25.3385 66.4478 0.7925	
64.332982 295.855940	4.59e-01  7.07e-01  3.01e+05	-7.6373 46.9883 0.8522	
64.332982 295.855940	4.61e-01  7.34e-01  2.97e+05	-14.9969 49.0064 0.8281	
64.332982 295.855940	5.16e-01  7.66e-01  2.86e+05	6.4754 60.1366 0.9346	
64.332982 295.855940	3.40e-01  8.31e-01  3.00e+05	5.4645 48.0436 0.2797	
64.332982 295.855940	5.07e-01  9.44e-01  2.66e+05	-2.4941 73.8508 0.4732	
64.332982 295.855940	3.87e-01  7.72e-01  3.02e+05	-16.8622 43.6513 0.1014	
64.332982 295.855940	5.04e-01  7.30e-01  2.92e+05	8.9098 55.0696 0.2855	
64.332982 295.855940	1.85e-01  8.79e-01  3.16e+05	-8.0962 29.3004 0.6103	
64.332982 295.855940	5.36e-01  7.55e-01  2.85e+05	14.9488 59.5682 0.6604	
64.332982 295.855940	5.51e-01  9.53e-01  2.61e+05	-29.4225 71.3823 0.6268	
64.332982 295.855940	4.13e-01  8.43e-01  2.89e+05	-16.3356 55.6173 0.8708	
64.332982 295.855940	3.60e-01  7.20e-01  3.14e+05	-9.8254 32.1866 0.5297	
64.332982 295.855940	3.13e-01  9.65e-01  2.86e+05	22.8645 55.6312 0.9067	
64.332982 295.855940	6.47e-01  7.31e-01  2.74e+05	6.3318 68.3509 0.8973	
64.332982 295.855940	4.53e-01  6.93e-01  3.04e+05	2.9575 44.7404 0.1897	
64.332982 295.855940	3.79e-01  8.72e-01  2.90e+05	16.4851 55.0305 0.3482	
64.332982 295.855940	6.75e-01  7.36e-01  2.71e+05	55.1354 44.8649 0.8503	
64.332982 295.855940	3.99e-01  8.73e-01  2.87e+05	-11.9767 58.3396 0.2705	
64.332982 295.855940	5.40e-01  7.61e-01  2.83e+05	-10.8665 61.3494 0.8391	
64.332982 295.855940	5.83e-01  8.10e-01  2.73e+05	1.7871 69.7545 0.8762	
64.332982 295.855940	4.01e-01  8.00e-01  2.96e+05	11.9485 50.6128 0.7857	
64.332982 295.855940	4.82e-01  7.99e-01  2.86e+05	-24.0585 55.4845 0.8025	
64.332982 295.855940	5.13e-01  7.33e-01  2.90e+05	-12.6723 55.6571 0.4833	
64.332982 295.855940	4.16e-01  8.03e-01  2.94e+05	28.8416 45.7363 0.4328	
64.332982 295.855940	7.32e-01  9.42e-01  2.44e+05	-6.4285 86.1835 0.4109	
64.332982 295.855940	5.67e-01  6.60e-01  2.93e+05	-15.5007 52.7652 0.8764	
64.332982 295.855940	6.32e-01  8.58e-01  2.62e+05	32.9039 68.9405 0.4824	
64.332982 295.855940	5.47e-01  8.35e-01  2.74e+05	23.9533 64.7074 0.3355	
64.332982 295.855940	4.80e-01  9.60e-01  2.67e+05	-10.1838 72.3922 0.0163	
64.332982 295.855940	5.82e-01  7.37e-01  2.81e+05	8.9200 63.2365 0.2797	
64.332982 295.855940	5.79e-01  6.65e-01  2.91e+05	-24.3468 51.2333 0.0146	
64.332982 295.855940	5.47e-01  5.95e-01  3.05e+05	0.1678 44.3282 0.2571	
64.332982 295.855940	4.18e-01  8.78e-01  2.84e+05	-31.9109 52.9365 0.9538	
64.332982 295.855940	5.32e-01  7.50e-01  2.86e+05	-2.5555 60.4871 0.9419	
64.332982 295.855940	8.23e-01  9.07e-01  2.39e+05	-5.8512 88.8432 0.0100	
64.332982 295.855940	4.90e-01  7.25e-01  2.94e+05	-24.9315 47.5571 0.8739	
64.332982 295.855940	5.35e-01  6.93e-01  2.93e+05	25.0557 49.0751 0.7673	
64.332982 295.855940	3.59e-01  9.67e-01  2.80e+05	-11.3508 63.4515 0.8861	
64.332982 295.855940	3.75e-01  7.83e-01  3.02e+05	12.7268 44.7620 0.2188	
64.332982 295.855940	5.42e-01  8.76e-01  2.70e+05	35.4075 62.2470 0.5409	
64.332982 295.855940	4.36e-01  8.30e-01  2.88e+05	-8.1097 58.4528 0.7759	
64.332982 295.855940	5.31e-01  7.40e-01  2.87e+05	49.6437 32.8921 0.9416	
64.332982 295.855940	4.41e-01  7.24e-01  3.01e+05	15.8923 44.7593 0.9451	
64.332982 295.855940	3.78e-01  8.43e-01  2.94e+05	-16.7097 51.6758 0.1995	
64.332982 295.855940	4.27e-01  7.96e-01  2.93e+05	14.0532 52.7746 0.3400	
64.332982 295.855940	7.04e-01  8.74e-01  2.53e+05	-1.4741 81.5594 0.4675	
64.332982 295.855940	4.35e-01  9.74e-01  2.71e+05	-10.5957 70.1431 0.9990	
64.332982 295.855940	6.18e-01  8.55e-01  2.64e+05	9.8264 74.6420 0.4959	
64.332982 295.855940	7.05e-01  8.06e-01  2.60e+05	-33.3177 70.2063 0.7507	
64.332982 295.855940	4.26e-01  8.07e-01  2.92e+05	13.2485 54.0089 0.7792	
64.332982 295.855940	6.33e-01  7.51e-01  2.74e+05	41.5397 55.2017 0.8931	
64.332982 295.855940	5.68e-01  5.97e-01  3.01e+05	-16.7861 44.4081 0.8471	
64.332982 295.855940	3.84e-01  9.00e-01  2.86e+05	9.2736 59.9490 0.1823	
64.332982 295.855940	4.21e-01  7.52e-01  3.00e+05	4.0194 48.4941 0.9418	
64.332982 295.855940	4.40e-01  9.35e-01  2.75e+05	9.8007 67.7155 0.1860	
64.332982 295.855940	5.32e-01  6.88e-01  2.94e+05	0.7701 54.2255 0.3431	
64.332982 295.855940	4.84e-01  6.69e-01  3.03e+05	21.6944 40.4178 0.2181	
64.332982 295.855940	5.92e-01  6.94e-01  2.85e+05	0.1174 60.8330 0.4150	
64.332982 295.855940	4.94e-01  8.02e-01  2.84e+05	5.2428 61.6359 0.4354	
64.332982 295.855940	6.97e-01  9.74e-01  2.44e+05	9.0017 85.8373 0.1479	
64.332982 295.855940	4.91e-01  8.98e-01  2.73e+05	15.5132 67.7537 0.7739	
64.332982 295.855940	4.51e-01  7.93e-01  2.91e+05	-12.0487 55.5032 0.3485	
64.332982 295.855940	7.23e-01  8.71e-01  2.51e+05	-7.7782 82.0506 0.6441	
64.332982 295.855940	5.68e-01  8.35e-01  2.71e+05	-12.1984 69.4268 0.2932	
64.332982 295.855940	4.41e-01  8.95e-01  2.79e+05	-9.1929 64.6334 0.4945	
64.332982 295.855940	6.04e-01  6.72e-01  2.87e+05	28.6676 52.6637 0.7449	
64.332982 295.855940	4.30e-01  8.47e-01  2.86e+05	30.8347 51.5082 0.3530	
64.332982 295.855940	4.86e-01  6.94e-01  2.99e+05	-0.0011 49.5264 0.5646	
64.332982 295.855940	5.04e-01  9.78e-01  2.63e+05	-16.7689 73.9817 0.0222	
64.332982 295.855940	3.38e-01  8.82e-01  2.94e+05	7.1507 53.7417 0.5055	
64.332982 295.855940	5.82e-01  6.70e-01  2.90e+05	18.0292 54.7127 0.9388	
64.332982 295.855940	4.01e-01  7.83e-01  2.99e+05	4.6184 49.7236 0.4063	
64.332982 295.855940	2.85e-01  8.68e-01  3.03e+05	-28.6443 35.8976 0.2126	
64.332982 295.855940	4.84e-01  8.12e-01  2.84e+05	-10.2156 60.9903 0.8084	
64.332982 295.855940	4.07e-01  7.37e-01  3.04e+05	-14.2284 42.2625 0.7974	
64.332982 295.855940	5.27e-01  8.67e-01  2.72e+05	20.6926 66.7233 0.9043	
64.332982 295.855940	3.09e-01  9.20e-01  2.93e+05	25.6041 48.8996 0.4952	
64.332982 295.855940	5.34e-01  6.52e-01  2.98e+05	1.1137 50.1533 0.3595	
64.332982 295.855940	6.76e-01  8.02e-01  2.63e+05	26.9196 70.6371 0.2321	
64.332982 295.855940	5.06e-01  6.62e-01  3.01e+05	20.1516 43.5461 0.9801	
64.332982 295.855940	4.35e-01  7.91e-01  2.93e+05	-4.0783 54.7167 0.9835	
64.332982 295.855940	6.46e-01  8.83e-01  2.58e+05	-21.7534 75.6539 0.9790	
64.332982 295.855940	5.44e-01  9.16e-01  2.65e+05	-18.9971 71.9839 0.5330	
64.332982 295.855940	7.23e-01  8.50e-01  2.54e+05	-10.1544 80.5796 0.1147	
64.332982 295.855940	5.64e-01  9.17e-01  2.63e+05	-39.1524 64.9060 0.2363	
64.332982 295.855940	3.37e-01  7.99e-01  3.05e+05	-8.0261 42.8243 0.3204	
64.332982 295.855940	3.07e-01  9.35e-01  2.91e+05	-26.1802 50.0937 0.9497	
64.332982 295.855940	3.65e-01  7.05e-01  3.15e+05	10.0208 29.8781 0.6894	
64.332982 295.855940	6.86e-01  8.47e-01  2.58e+05	26.4856 74.4117 0.1900	
64.332982 295.855940	5.99e-01  6.94e-01  2.84e+05	7.2544 61.1014 0.2012	
64.332982 295.855940	4.01e-01  8.83e-01  2.86e+05	0.1275 60.6855 0.9904	
64.332982 295.855940	4.73e-01  8.55e-01  2.80e+05	1.0239 64.5995 0.3233	
64.332982 295.855940	4.91e-01  6.62e-01  3.03e+05	-5.0668 45.6251 0.4255	
64.332982 295.855940	6.50e-01  8.99e-01  2.56e+05	8.6627 79.3885 0.1588	
64.332982 295.855940	4.55e-01  7.22e-01  3.00e+05	-7.0972 48.5088 0.1262	
64.332982 295.855940	4.99e-01  9.50e-01  2.66e+05	-10.2069 73.0188 0.0153	
64.332982 295.855940	5.28e-01  7.59e-01  2.85e+05	-3.5970 60.8735 0.0744	
64.332982 295.855940	5.13e-01  7.74e-01  2.85e+05	-9.7356 60.2892 0.7519	
64.332982 295.855940	5.53e-01  9.26e-01  2.63e+05	11.1657 74.9028 0.2797	
64.332982 295.855940	4.62e-01  6.60e-01  3.07e+05	-7.7105 40.5437 0.8307	
64.332982 295.855940	2.86e-01  8.26e-01  3.09e+05	-8.1546 38.8253 0.7991	
64.332982 295.855940	5.59e-01  7.52e-01  2.82e+05	8.4430 62.5892 0.7129	
64.332982 295.855940	6.97e-01  9.77e-01  2.44e+05	-6.3506 86.1822 0.7663	
64.332982 295.855940	5.87e-01  8.29e-01  2.70e+05	29.7909 64.9260 0.5944	
64.332982 295.855940	5.91e-01  6.74e-01  2.88e+05	29.3976 51.0448 0.8020	
64.332982 295.855940	4.83e-01  6.76e-01  3.02e+05	25.6204 39.1098 0.3529	
64.332982 295.855940	2.89e-01  8.83e-01  3.00e+05	-6.6141 47.9369 0.7394	
64.332982 295.855940	3.53e-01  8.58e-01  2.95e+05	-6.0416 52.9012 0.7176	
64.332982 295.855940	4.81e-01  9.16e-01  2.72e+05	37.7258 59.0503 0.0405	
64.332982 295.855940	5.91e-01  6.42e-01  2.92e+05	1.6847 55.6453 0.7501	
64.332982 295.855940	4.19e-01  9.04e-01  2.81e+05	-23.7434 59.6442 0.8366	
64.332982 295.855940	7.46e-01  9.02e-01  2.46e+05	-15.8929 83.6832 0.6372	
64.332982 295.855940	6.32e-01  7.84e-01  2.70e+05	10.2184 70.6709 0.3974	
64.332982 295.855940	3.89e-01  8.67e-01  2.89e+05	-14.1593 56.2374 0.4165	
64.332982 295.855940	3.84e-01  9.03e-01  2.85e+05	7.8859 60.5194 0.7918	
64.332982 295.855940	5.88e-01  9.47e-01  2.57e+05	8.5243 78.6412 0.4052	
64.332982 295.855940	5.36e-01  7.88e-01  2.81e+05	-34.2628 54.4045 0.3377	
64.332982 295.855940	7.21e-01  7.49e-01  2.64e+05	-28.0274 69.7046 0.1459	
64.332982 295.855940	6.51e-01  8.60e-01  2.60e+05	-38.4896 67.4858 0.7665	
64.332982 295.855940	4.95e-01  6.87e-01  2.99e+05	0.5494 49.7167 0.9104	
64.332982 295.855940	3.47e-01  9.25e-01  2.87e+05	-15.5416 57.4792 0.1291	
64.332982 295.855940	5.94e-01  7.95e-01  2.73e+05	-32.5363 61.4036 0.3421	
64.332982 295.855940	4.75e-01  9.47e-01  2.69e+05	-2.4840 71.8280 0.7520	
64.332982 295.855940	4.55e-01  8.71e-01  2.80e+05	-25.0040 59.4106 0.7542	
64.332982 295.855940	6.87e-01  8.81e-01  2.54e+05	-1.6282 80.9598 0.8218	
64.332982 295.855940	5.31e-01  7.39e-01  2.87e+05	-14.4681 57.5613 0.5615	
64.332982 295.855940	4.56e-01  8.37e-01  2.85e+05	-9.5973 60.7643 0.3166	
64.332982 295.855940	7.53e-01  8.85e-01  2.47e+05	48.4143 69.4579 0.6348	
64.332982 295.855940	4.99e-01  8.97e-01  2.72e+05	9.8270 69.2747 0.1429	
64.332982 295.855940	5.80e-01  9.46e-01  2.58e+05	-14.4704 77.2220 0.5671	
64.332982 295.855940	3.58e-01  7.69e-01  3.07e+05	11.8711 40.2326 0.4006	
64.332982 295.855940	4.90e-01  6.75e-01  3.01e+05	-5.3775 47.1436 0.8663	
64.332982 295.855940	5.62e-01  9.33e-01  2.62e+05	-25.3245 72.3396 0.5436	
64.332982 295.855940	6.08e-01  8.17e-01  2.69e+05	25.8045 67.3377 0.0235	
64.332982 295.855940	7.38e-01  9.17e-01  2.46e+05	28.4182 80.6724 0.3413	
64.332982 295.855940	4.57e-01  8.34e-01  2.85e+05	20.5491 57.7844 0.6685	
64.332982 295.855940	6.33e-01  6.73e-01  2.83e+05	-3.6337 62.6520 0.6075	
64.332982 295.855940	5.84e-01  7.04e-01  2.85e+05	15.0624 59.2501 0.7332	
64.332982 295.855940	3.50e-01  7.88e-01  3.05e+05	-0.3414 43.8057 0.5403	
64.332982 295.855940	6.91e-01  7.55e-01  2.67e+05	22.6557 69.9866 0.2869	
64.332982 295.855940	5.79e-01  6.28e-01  2.95e+05	25.3603 46.3084 0.7037	
64.332982 295.855940	4.87e-01  8.75e-01  2.76e+05	-21.5352 63.8686 0.8544	
64.332982 295.855940	5.86e-01  8.53e-01  2.67e+05	-29.5084 66.8431 0.3456	
64.332982 295.855940	4.03e-01  8.64e-01  2.88e+05	43.8052 39.6717 0.0508	
64.332982 295.855940	5.27e-01  7.68e-01  2.84e+05	-4.0838 61.6304 0.0770	
64.332982 295.855940	3.96e-01  8.42e-01  2.91e+05	-19.2806 52.7058 0.5917	
64.332982 295.855940	6.09e-01  7.96e-01  2.71e+05	-13.2874 69.3732 0.6192	
64.332982 295.855940	4.49e-01  9.54e-01  2.71e+05	-3.4731 70.4065 0.2483	
64.332982 295.855940	3.75e-01  7.82e-01  3.02e+05	25.5043 38.8820 0.4409	
64.332982 295.855940	3.41e-01  9.78e-01  2.81e+05	26.6294 58.0227 0.2267	
64.332982 295.855940	5.74e-01  8.56e-01  2.68e+05	-7.4709 72.0160 0.4893	
64.332982 295.855940	4.25e-01  8.13e-01  2.91e+05	25.9582 49.7883 0.7596	
64.332982 295.855940	5.33e-01  8.36e-01  2.75e+05	10.3906 67.1716 0.4678	
64.332982 295.855940	6.37e-01  8.25e-01  2.65e+05	18.5063 72.2336 0.3371	
64.332982 295.855940	6.58e-01  8.13e-01  2.64e+05	-28.8814 69.4472 0.0281	
64.332982 295.855940	3.64e-01  8.36e-01  2.96e+05	10.1289 50.9286 0.9021	
64.332982 295.855940	5.25e-01  7.81e-01  2.83e+05	7.9284 62.2334 0.1551	
64.332982 295.855940	6.65e-01  8.68e-01  2.58e+05	15.8532 77.3360 0.9898	
64.332982 295.855940	6.48e-01  8.57e-01  2.60e+05	-3.0532 77.2525 0.1551	
64.332982 295.855940	3.93e-01  8.54e-01  2.90e+05	13.4678 55.5289 0.0916	
64.332982 295.855940	7.82e-01  8.89e-01  2.44e+05	34.9403 78.9459 0.3960	
64.332982 295.855940	5.17e-01  8.63e-01  2.74e+05	15.9633 66.9072 0.7010	
64.332982 295.855940	4.63e-01  7.00e-01  3.02e+05	17.9314 43.6951 0.9981	
64.332982 295.855940	5.52e-01  8.58e-01  2.71e+05	-10.8293 70.1986 0.3899	
64.332982 295.855940	6.05e-01  7.09e-01  2.82e+05	24.8320 58.3314 0.1815	
64.332982 295.855940	5.52e-01  9.07e-01  2.65e+05	25.5694 69.8407 0.2507	
64.332982 295.855940	7.58e-01  8.47e-01  2.50e+05	-17.7891 81.0746 0.5084	
64.332982 295.855940	4.56e-01  8.36e-01  2.85e+05	22.5473 57.1733 0.1944	
64.332982 295.855940	5.38e-01  6.80e-01  2.94e+05	-11.4860 52.6899 0.6158	
64.332982 295.855940	4.51e-01  9.41e-01  2.73e+05	-22.1717 66.0488 0.7670	
64.332982 295.855940	4.83e-01  7.38e-01  2.94e+05	18.8514 50.8895 0.3155	
64.332982 295.855940	7.56e-01  9.60e-01  2.40e+05	11.0176 87.7472 0.2721	
64.332982 295.855940	4.85e-01  8.34e-01  2.81e+05	17.3900 61.4819 0.9833	
64.332982 295.855940	4.80e-01  8.62e-01  2.78e+05	-23.6606 61.4627 0.7214	
64.332982 295.855940	5.08e-01  9.24e-01  2.68e+05	-25.6132 67.9293 0.2849	
64.332982 295.855940	6.00e-01  8.36e-01  2.68e+05	-10.5366 72.0565 0.4081	
64.332982 295.855940	4.46e-01  8.30e-01  2.87e+05	32.4588 50.4772 0.6446	
64.332982 295.855940	5.84e-01  7.63e-01  2.78e+05	-29.3563 59.2797 0.3981	
64.332982 295.855940	4.67e-01  7.00e-01  3.01e+05	-9.5674 46.8521 0.8224	
64.332982 295.855940	3.24e-01  7.96e-01  3.08e+05	2.3144 40.8665 0.8058	
64.332982 295.855940	3.59e-01  9.24e-01  2.86e+05	14.8405 58.8477 0.4752	
64.332982 295.855940	5.55e-01  6.51e-01  2.96e+05	13.6843 50.7818 0.7667	
64.332982 295.855940	3.52e-01  8.50e-01  2.96e+05	24.5658 45.9759 0.4357	
64.332982 295.855940	3.27e-01  7.52e-01  3.14e+05	4.8465 33.2618 0.2310	
64.332982 295.855940	3.68e-01  9.62e-01  2.80e+05	-29.2544 57.8515 0.7098	
64.332982 295.855940	5.68e-01  7.54e-01  2.81e+05	20.0056 60.9779 0.6978	
64.332982 295.855940	6.33e-01  8.09e-01  2.67e+05	-22.6697 69.6606 0.0849	
64.332982 295.855940	4.93e-01  8.04e-01  2.84e+05	-29.3653 54.5183 0.7579	
64.332982 295.855940	4.55e-01  8.51e-01  2.83e+05	30.5563 54.8064 0.6985	
64.332982 295.855940	6.04e-01  8.48e-01  2.66e+05	30.7333 67.2339 0.4277	
64.332982 295.855940	3.55e-01  7.81e-01  3.05e+05	-10.7382 42.1675 0.1188	
64.332982 295.855940	4.09e-01  8.34e-01  2.91e+05	0.5141 56.6880 0.9330	
64.332982 295.855940	5.31e-01  7.40e-01  2.87e+05	13.0578 57.9735 0.1592	
64.332982 295.855940	4.41e-01  7.71e-01  2.95e+05	19.5107 49.5629 0.1349	
64.332982 295.855940	5.70e-01  6.65e-01  2.92e+05	-10.8139 54.7711 0.8183	
64.332982 295.855940	6.62e-01  7.77e-01  2.67e+05	23.8485 69.0474 0.4339	
64.332982 295.855940	7.37e-01  8.91e-01  2.48e+05	11.6008 83.3870 0.9487	
64.332982 295.855940	5.60e-01  9.28e-01  2.62e+05	-5.0890 76.0555 0.6312	
64.332982 295.855940	5.90e-01  6.58e-01  2.90e+05	4.8155 56.9525 0.3140	
64.332982 295.855940	7.16e-01  8.57e-01  2.54e+05	-8.3058 80.8051 0.9213	
64.332982 295.855940	3.36e-01  8.47e-01  2.99e+05	-10.5372 48.7067 0.0521	
64.332982 295.855940	3.80e-01  8.45e-01  2.93e+05	17.2231 51.9927 0.5528	
64.332982 295.855940	6.05e-01  7.86e-01  2.73e+05	4.0516 69.4868 0.5016	
64.332982 295.855940	3.84e-01  9.41e-01  2.81e+05	-29.9496 56.9778 0.8041	
64.332982 295.855940	5.33e-01  6.65e-01  2.97e+05	-2.5456 51.5229 0.7150	
64.332982 295.855940	5.80e-01  8.14e-01  2.72e+05	19.3065 67.1387 0.1501	
64.332982 295.855940	4.78e-01  8.52e-01  2.80e+05	7.4663 64.2961 0.5735	
64.332982 295.855940	3.58e-01  9.47e-01  2.83e+05	-11.7409 61.5317 0.1106	
64.332982 295.855940	4.70e-01  6.94e-01  3.01e+05	22.4023 41.8719 0.7152	
64.332982 295.855940	5.72e-01  6.60e-01  2.92e+05	23.7524 50.1543 0.8544	
64.332982 295.855940	5.02e-01  6.92e-01  2.97e+05	-1.8588 51.1554 0.6282	
64.332982 295.855940	4.19e-01  8.88e-01  2.83e+05	11.3910 61.7428 0.2100	
64.332982 295.855940	5.25e-01  7.67e-01  2.85e+05	32.5903 52.1276 0.2126	
64.332982 295.855940	6.30e-01  7.82e-01  2.70e+05	-15.8439 69.3852 0.6150	
64.332982 295.855940	3.04e-01  7.88e-01  3.12e+05	8.1385 35.0643 0.1290	
64.332982 295.855940	6.62e-01  9.17e-01  2.53e+05	21.0006 78.8294 0.1238	
64.332982 295.855940	4.48e-01  8.59e-01  2.83e+05	-26.1216 57.0462 0.3938	
64.332982 295.855940	3.75e-01  9.11e-01  2.85e+05	36.0981 48.9925 0.5481	
64.332982 295.855940	5.42e-01  7.36e-01  2.86e+05	-21.0869 56.3198 0.4520	
64.332982 295.855940	6.09e-01  7.18e-01  2.80e+05	18.7903 61.7264 0.7555	
64.332982 295.855940	6.54e-01  6.89e-01  2.78e+05	-16.4105 63.8324 0.5908	
64.332982 295.855940	2.76e-01  9.40e-01  2.94e+05	-17.1283 50.8739 0.7969	
64.332982 295.855940	6.38e-01  8.12e-01  2.66e+05	-28.9365 67.9364 0.1082	
64.332982 295.855940	4.90e-01  7.90e-01  2.86e+05	3.4891 60.1761 0.9287	
64.332982 295.855940	5.26e-01  6.98e-01  2.93e+05	-10.5626 53.5510 0.6709	
64.332982 295.855940	5.49e-01  7.16e-01  2.88e+05	-30.9890 50.1415 0.8425	
64.332982 295.855940	4.16e-01  8.00e-01  2.94e+05	21.5052 49.2451 0.0903	
64.332982 295.855940	5.86e-01  7.79e-01  2.76e+05	-32.2061 59.5605 0.1211	
64.332982 295.855940	6.15e-01  7.28e-01  2.78e+05	16.8154 63.6999 0.5794	
64.332982 295.855940	5.19e-01  6.96e-01  2.95e+05	-8.2396 52.9311 0.3318	
64.332982 295.855940	4.01e-01  8.29e-01  2.93e+05	14.7353 53.2608 0.2306	
64.332982 295.855940	5.36e-01  6.98e-01  2.92e+05	-18.7212 52.4976 0.1001	
64.332982 295.855940	6.12e-01  6.90e-01  2.83e+05	-35.8006 51.0267 0.7735	
64.332982 295.855940	4.76e-01  7.75e-01  2.90e+05	-3.8189 57.4292 0.2424	
64.332982 295.855940	2.48e-01  9.19e-01  3.01e+05	-13.7982 45.7207 0.3752	
64.332982 295.855940	3.93e-01  7.21e-01  3.09e+05	-5.0757 39.5564 0.6640	
64.332982 295.855940	5.02e-01  6.15e-01  3.08e+05	9.2985 39.3126 0.1623	
64.332982 295.855940	6.92e-01  8.21e-01  2.60e+05	26.0813 73.3134 0.9629	
64.332982 295.855940	5.46e-01  8.59e-01  2.71e+05	-34.3730 61.7754 0.8286	
64.332982 295.855940	4.40e-01  7.55e-01  2.97e+05	-9.3994 50.5659 0.7927	
64.332982 295.855940	5.43e-01  7.21e-01  2.88e+05	18.4704 55.8764 0.2402	
64.332982 295.855940	4.01e-01  8.20e-01  2.94e+05	3.5828 54.1725 0.6171	
64.332982 295.855940	5.98e-01  8.63e-01  2.65e+05	-41.2152 62.0782 0.3984	
64.332982 295.855940	6.10e-01  7.55e-01  2.76e+05	-23.2678 63.4785 0.3132	
64.332982 295.855940	4.22e-01  9.32e-01  2.77e+05	-13.3748 65.4263 0.0674	
64.332982 295.855940	4.92e-01  5.99e-01  3.12e+05	-7.9883 34.9198 0.5080	
64.332982 295.855940	4.59e-01  7.31e-01  2.98e+05	-34.7112 37.0272 0.4988	
64.332982 295.855940	5.82e-01  7.39e-01  2.81e+05	8.6489 63.4410 0.6476	
64.332982 295.855940	3.95e-01  7.42e-01  3.05e+05	3.1151 43.3756 0.6805	
64.332982 295.855940	5.38e-01  8.56e-01  2.73e+05	5.0627 69.6055 0.3333	
64.332982 295.855940	5.18e-01  7.37e-01  2.89e+05	2.3487 57.8589 0.9511	
64.332982 295.855940	5.24e-01  8.97e-01  2.69e+05	-21.2509 68.5545 0.0003	
64.332982 295.855940	4.03e-01  9.82e-01  2.74e+05	-43.7367 53.5919 0.4898	
64.332982 295.855940	4.12e-01  7.49e-01  3.02e+05	15.3602 44.3473 0.7595	
64.332982 295.855940	5.36e-01  6.32e-01  3.01e+05	-8.5703 47.1557 0.0980	
64.332982 295.855940	6.48e-01  7.69e-01  2.70e+05	44.6497 55.8529 0.5874	
64.332982 295.855940	7.32e-01  9.67e-01  2.42e+05	11.6724 86.8287 0.8309	
64.332982 295.855940	3.55e-01  8.59e-01  2.95e+05	-2.9794 53.4498 0.3529	
64.332982 295.855940	2.57e-01  8.63e-01  3.08e+05	4.9706 40.5618 0.3095	
64.332982 295.855940	3.61e-01  7.97e-01  3.02e+05	3.2716 46.5205 0.3489	
64.332982 295.855940	6.48e-01  7.17e-01  2.76e+05	-17.0798 65.4240 0.4594	
64.332982 295.855940	6.33e-01  8.43e-01  2.64e+05	-13.3530 74.2695 0.6921	
64.332982 295.855940	2.83e-01  8.45e-01  3.06e+05	1.0137 42.2823 0.1993	
64.332982 295.855940	5.79e-01  9.27e-01  2.60e+05	10.3389 76.6980 0.4283	
64.332982 295.855940	6.66e-01  9.11e-01  2.53e+05	-36.6338 72.7621 0.8109	
64.332982 295.855940	6.02e-01  8.48e-01  2.66e+05	4.7706 73.6357 0.7907	
64.332982 295.855940	5.21e-01  9.38e-01  2.65e+05	-31.7230 67.2920 0.1864	
64.332982 295.855940	5.44e-01  7.65e-01  2.83e+05	-10.1801 62.1466 0.5497	
64.332982 295.855940	5.56e-01  8.14e-01  2.75e+05	-25.7749 63.0080 0.2701	
64.332982 295.855940	6.02e-01  8.21e-01  2.69e+05	-12.0635 70.9045 0.3345	
64.332982 295.855940	4.25e-01  7.38e-01  3.01e+05	5.3156 47.0348 0.2726	
64.332982 295.855940	5.64e-01  7.54e-01  2.81e+05	20.0085 60.5368 0.0989	
64.332982 295.855940	3.78e-01  9.39e-01  2.81e+05	-5.0161 63.5569 0.3406	
64.332982 295.855940	5.34e-01  7.43e-01  2.87e+05	17.9595 57.2268 0.3720	
64.332982 295.855940	3.98e-01  7.92e-01  2.98e+05	-9.6164 49.7734 0.2299	
64.332982 295.855940	6.46e-01  8.53e-01  2.61e+05	4.9543 76.8225 0.2839	
64.332982 295.855940	4.56e-01  8.42e-01  2.84e+05	-21.7325 58.0156 0.5473	
64.332982 295.855940	4.32e-01  7.92e-01  2.93e+05	-5.9102 54.3821 0.6158	
64.332982 295.855940	2.56e-01  9.33e-01  2.98e+05	-21.6402 45.8201 0.0413	
64.332982 295.855940	3.64e-01  7.82e-01  3.04e+05	13.0846 42.9387 0.7713	
64.332982 295.855940	6.08e-01  7.30e-01  2.79e+05	18.7034 62.7994 0.9088	
64.332982 295.855940	4.87e-01  9.11e-01  2.72e+05	-26.9669 64.7054 0.8473	
64.332982 295.855940	5.64e-01  7.21e-01  2.86e+05	15.1732 58.8279 0.2146	
64.332982 295.855940	4.24e-01  7.22e-01  3.04e+05	25.9094 36.6315 0.4613	
64.332982 295.855940	4.24e-01  6.87e-01  3.09e+05	7.4052 38.8385 0.9471	
64.332982 295.855940	6.88e-01  7.59e-01  2.67e+05	-17.7620 71.3580 0.8737	
64.332982 295.855940	6.39e-01  8.82e-01  2.59e+05	-11.1116 77.4782 0.5616	
64.332982 295.855940	4.07e-01  8.07e-01  2.95e+05	-3.9647 53.4072 0.0014	
64.332982 295.855940	3.40e-01  9.55e-01  2.84e+05	13.1075 60.2799 0.8891	
64.332982 295.855940	3.58e-01  8.02e-01  3.02e+05	4.6077 46.6527 0.4828	
64.332982 295.855940	4.98e-01  6.28e-01  3.07e+05	-8.7139 40.9487 0.1718	
64.332982 295.855940	5.18e-01  8.65e-01  2.74e+05	17.0975 66.9521 0.5827	
64.332982 295.855940	4.81e-01  6.95e-01  3.00e+05	17.0364 45.9152 0.1714	
64.332982 295.855940	4.83e-01  8.39e-01  2.81e+05	20.6679 60.7255 0.2725	
64.332982 295.855940	4.35e-01  7.33e-01  3.01e+05	7.8212 47.3010 0.5946	
64.332982 295.855940	3.23e-01  8.32e-01  3.03e+05	-4.0133 45.9345 0.5515	
64.332982 295.855940	4.96e-01  7.01e-01  2.97e+05	-13.7565 49.7078 0.4708	
64.332982 295.855940	4.42e-01  9.70e-01  2.70e+05	5.8445 70.9314 0.5774	
64.332982 295.855940	5.09e-01  9.39e-01  2.67e+05	15.5479 71.9491 0.4792	
64.332982 295.855940	3.86e-01  7.56e-01  3.04e+05	-19.7989 39.6943 0.9252	
64.332982 295.855940	7.12e-01  9.02e-01  2.50e+05	-3.3189 83.3878 0.7905	
64.332982 295.855940	5.68e-01  7.78e-01  2.78e+05	29.2729 59.2947 0.7980	
64.332982 295.855940	5.89e-01  7.38e-01  2.80e+05	-29.6082 57.3263 0.0308	
64.332982 295.855940	2.06e-01  8.48e-01  3.18e+05	0.8920 27.8572 0.5068	
64.332982 295.855940	5.12e-01  7.77e-01  2.85e+05	-18.5299 58.2782 0.7544	
64.332982 295.855940	4.50e-01  8.24e-01  2.87e+05	-11.6694 58.6961 0.8341	
64.332982 295.855940	4.88e-01  7.59e-01  2.90e+05	14.0576 55.2749 0.1498	
64.332982 295.855940	5.83e-01  8.25e-01  2.71e+05	-2.3365 70.8223 0.2958	
64.332982 295.855940	3.87e-01  8.39e-01  2.93e+05	-17.1541 52.1633 0.8623	
64.332982 295.855940	5.92e-01  6.19e-01  2.95e+05	-10.2228 52.2808 0.8998	
64.332982 295.855940	5.99e-01  7.81e-01  2.74e+05	-23.7628 64.6028 0.0312	
64.332982 295.855940	4.71e-01  6.72e-01  3.04e+05	-19.2150 40.0825 0.0231	
64.332982 295.855940	7.62e-01  8.53e-01  2.49e+05	-32.6671 76.8369 0.6440	
64.332982 295.855940	7.92e-01  8.03e-01  2.51e+05	-3.6925 82.3567 0.5859	
64.332982 295.855940	4.43e-01  6.68e-01  3.09e+05	5.4770 39.0575 0.3147	
64.332982 295.855940	4.61e-01  8.15e-01  2.87e+05	-2.3990 59.8956 0.2567	
64.332982 295.855940	4.72e-01  8.30e-01  2.83e+05	10.7340 61.4782 0.5108	
64.332982 295.855940	5.20e-01  7.16e-01  2.92e+05	15.2271 53.7976 0.0816	
64.332982 295.855940	5.44e-01  9.69e-01  2.60e+05	32.2141 70.8526 0.6253	
64.332982 295.855940	4.61e-01  7.12e-01  3.00e+05	3.6838 48.5126 0.1706	
64.332982 295.855940	5.85e-01  8.64e-01  2.66e+05	17.4303 71.6403 0.1475	
64.332982 295.855940	5.15e-01  6.99e-01  2.95e+05	-10.1643 52.5308 0.3344	
64.332982 295.855940	4.57e-01  6.75e-01  3.06e+05	5.8632 42.4268 0.3720	
64.332982 295.855940	7.10e-01  8.66e-01  2.53e+05	-3.3453 81.3895 0.5012	
64.332982 295.855940	4.53e-01  8.25e-01  2.86e+05	-2.8782 60.0580 0.3202	
64.332982 295.855940	2.41e-01  9.11e-01  3.03e+05	-9.7968 44.7532 0.1833	
64.332982 295.855940	2.66e-01  9.67e-01  2.92e+05	11.9368 54.4214 0.2657	
64.332982 295.855940	5.92e-01  8.96e-01  2.62e+05	-21.8977 73.0357 0.7989	
64.332982 295.855940	5.75e-01  9.87e-01  2.55e+05	17.5446 78.7071 0.4200	
64.332982 295.855940	7.38e-01  8.93e-01  2.48e+05	11.6708 83.5013 0.3082	
64.332982 295.855940	6.61e-01  7.33e-01  2.72e+05	-3.0092 69.7908 0.6787	
64.332982 295.855940	3.46e-01  7.91e-01  3.05e+05	4.2266 43.3952 0.8039	
64.332982 295.855940	3.94e-01  9.67e-01  2.76e+05	10.4265 66.5060 0.2809	
64.332982 295.855940	6.22e-01  8.79e-01  2.61e+05	27.6572 71.9192 0.8970	
64.332982 295.855940	6.87e-01  7.87e-01  2.64e+05	9.4634 74.7205 0.2310	
64.332982 295.855940	4.09e-01  7.58e-01  3.01e+05	-6.8966 47.3001 0.3202	
64.332982 295.855940	3.77e-01  8.90e-01  2.88e+05	28.5084 51.8331 0.9576	
64.332982 295.855940	4.44e-01  6.69e-01  3.09e+05	-14.1529 37.2647 0.8396	
64.332982 295.855940	6.04e-01  9.28e-01  2.58e+05	-19.6322 76.4298 0.3188	
64.332982 295.855940	4.58e-01  7.04e-01  3.02e+05	-12.6558 45.4517 0.9121	
64.332982 295.855940	7.79e-01  8.53e-01  2.48e+05	-9.2612 83.8571 0.2284	
64.332982 295.855940	5.82e-01  7.66e-01  2.78e+05	15.8030 64.3773 0.1810	
64.332982 295.855940	4.12e-01  9.14e-01  2.80e+05	-7.3851 64.0135 0.1265	
64.332982 295.855940	2.88e-01  8.62e-01  3.03e+05	20.9164 40.2884 0.0738	
64.332982 295.855940	4.86e-01  7.13e-01  2.97e+05	5.5312 51.4671 0.0644	
64.332982 295.855940	5.29e-01  8.29e-01  2.77e+05	7.0379 66.7173 0.3174	
64.332982 295.855940	6.15e-01  8.60e-01  2.64e+05	-11.7029 74.4815 0.1320	
64.332982 295.855940	3.43e-01  7.85e-01  3.06e+05	17.4899 38.5297 0.7516	
64.332982 295.855940	3.51e-01  8.94e-01  2.91e+05	-14.2200 55.0503 0.0204	
64.332982 295.855940	5.79e-01  7.57e-01  2.79e+05	19.5970 62.3299 0.8388	
64.332982 295.855940	4.79e-01  7.76e-01  2.89e+05	-6.7542 57.5216 0.2594	
64.332982 295.855940	5.26e-01  7.72e-01  2.84e+05	2.2418 62.0277 0.8278	
64.332982 295.855940	4.82e-01  8.24e-01  2.83e+05	-3.3461 62.6294 0.3899	
64.332982 295.855940	6.20e-01  8.13e-01  2.68e+05	2.3767 72.6132 0.4171	
64.332982 295.855940	7.65e-01  8.17e-01  2.53e+05	9.4030 81.2005 0.3712	
64.332982 295.855940	5.91e-01  8.20e-01  2.71e+05	21.5280 67.7631 0.3794	
64.332982 295.855940	6.08e-01  7.37e-01  2.78e+05	-1.2717 66.0408 0.2427	
64.332982 295.855940	2.64e-01  8.00e-01  3.16e+05	-13.4116 27.0203 0.0350	
64.332982 295.855940	6.39e-01  7.07e-01  2.78e+05	-10.8488 65.2935 0.5548	
64.332982 295.855940	3.32e-01  8.47e-01  2.99e+05	-31.1453 38.3344 0.0912	
64.332982 295.855940	4.64e-01  8.78e-01  2.79e+05	-5.5789 65.5451 0.7106	
64.332982 295.855940	5.67e-01  9.18e-01  2.62e+05	-32.5098 68.7945 0.4019	
64.332982 295.855940	5.38e-01  8.68e-01  2.71e+05	25.3469 66.0727 0.8372	
64.332982 295.855940	6.38e-01  7.84e-01  2.69e+05	16.4352 69.9939 0.4879	
64.332982 295.855940	4.76e-01  6.59e-01  3.06e+05	-1.8959 43.1233 0.0548	
64.332982 295.855940	4.38e-01  9.67e-01  2.71e+05	-7.4478 70.2584 0.9732	
64.332982 295.855940	2.30e-01  9.68e-01  2.97e+05	-26.1138 44.5653 0.6586	
64.332982 295.855940	5.00e-01  7.88e-01  2.85e+05	-23.2117 56.4890 0.8848	
64.332982 295.855940	4.39e-01  7.31e-01  3.01e+05	12.1439 46.6243 0.0041	
64.332982 295.855940	5.39e-01  6.64e-01  2.96e+05	40.7058 32.9412 0.5754	
64.332982 295.855940	7.53e-01  8.24e-01  2.53e+05	26.7530 76.9577 0.8433	
64.332982 295.855940	4.89e-01  7.78e-01  2.88e+05	-6.7074 58.7382 0.5454	
64.332982 295.855940	4.96e-01  8.48e-01  2.78e+05	-13.9355 64.4415 0.4231	
64.332982 295.855940	6.07e-01  7.51e-01  2.77e+05	-3.8501 67.0033 0.2930	
64.332982 295.855940	6.57e-01  7.20e-01  2.74e+05	32.8222 60.1887 0.8596	
64.332982 295.855940	3.21e-01  8.87e-01  2.95e+05	3.4224 52.7257 0.2676	
64.332982 295.855940	6.60e-01  7.51e-01  2.71e+05	-20.4803 68.0294 0.4032	
64.332982 295.855940	4.25e-01  8.52e-01  2.86e+05	-22.8049 55.5647 0.6134	
64.332982 295.855940	4.17e-01  7.18e-01  3.06e+05	15.1434 40.4508 0.5531	
64.332982 295.855940	6.63e-01  6.98e-01  2.76e+05	10.8363 66.4635 0.5556	
64.332982 295.855940	4.55e-01  6.44e-01  3.11e+05	-6.5933 36.7619 0.6228	
64.332982 295.855940	5.85e-01  6.55e-01  2.91e+05	-0.7500 56.4303 0.9571	
64.332982 295.855940	4.41e-01  8.38e-01  2.86e+05	4.3758 60.1361 0.9507	
64.332982 295.855940	6.51e-01  8.37e-01  2.62e+05	38.3183 65.9284 0.1976	
64.332982 295.855940	4.52e-01  8.15e-01  2.88e+05	10.5001 58.2332 0.2567	
64.332982 295.855940	4.87e-01  6.94e-01  2.99e+05	-7.9971 48.9407 0.5803	
64.332982 295.855940	3.61e-01  7.59e-01  3.08e+05	25.0760 32.4200 0.9234	
64.332982 295.855940	5.14e-01  8.53e-01  2.76e+05	10.4478 66.9510 0.4757	
64.332982 295.855940	3.39e-01  8.95e-01  2.92e+05	-10.6179 54.7642 0.0538	
64.332982 295.855940	4.82e-01  6.44e-01  3.07e+05	-17.6802 38.0097 0.5180	
64.332982 295.855940	4.34e-01  8.74e-01  2.83e+05	-28.9935 55.8325 0.4558	
64.332982 295.855940	4.04e-01  8.07e-01  2.95e+05	-11.9548 51.8680 0.6866	
64.332982 295.855940	6.75e-01  7.34e-01  2.71e+05	8.9478 70.4322 0.9565	
64.332982 295.855940	4.41e-01  8.57e-01  2.84e+05	-11.9835 60.8011 0.0184	
64.332982 295.855940	4.37e-01  6.74e-01  3.09e+05	13.2040 37.1353 0.1388	
64.332982 295.855940	7.78e-01  8.37e-01  2.49e+05	19.1907 81.2406 0.3880	
64.332982 295.855940	4.83e-01  8.34e-01  2.82e+05	26.9640 57.6751 0.5234	
64.332982 295.855940	4.24e-01  8.26e-01  2.90e+05	-2.6782 57.2858 0.7969	
64.332982 295.855940	4.95e-01  6.67e-01  3.02e+05	-6.2704 46.7702 0.1254	
64.332982 295.855940	3.72e-01  8.75e-01  2.90e+05	5.4691 56.8145 0.5433	
64.332982 295.855940	5.10e-01  7.76e-01  2.85e+05	15.2345 59.0082 0.9898	
64.332982 295.855940	5.36e-01  8.59e-01  2.72e+05	38.7035 58.3058 0.5502	
64.332982 295.855940	3.10e-01  8.61e-01  3.00e+05	-14.1488 46.1701 0.8294	
64.332982 295.855940	4.78e-01  7.02e-01  2.99e+05	-12.3662 47.8442 0.3543	
64.332982 295.855940	5.91e-01  6.52e-01  2.91e+05	-8.7329 55.9567 0.4660	
64.332982 295.855940	5.93e-01  7.43e-01  2.79e+05	-17.8901 62.7291 0.9019	
64.332982 295.855940	3.04e-01  8.29e-01  3.06e+05	18.6325 38.7412 0.9022	
64.332982 295.855940	3.14e-01  8.40e-01  3.03e+05	-14.1645 43.8308 0.5882	
64.332982 295.855940	3.16e-01  8.47e-01  3.02e+05	31.4911 35.2555 0.0572	
64.332982 295.855940	4.67e-01  7.62e-01  2.93e+05	-11.6104 53.9616 0.4228	
64.332982 295.855940	4.12e-01  8.23e-01  2.92e+05	-1.1030 55.8322 0.1318	
64.332982 295.855940	2.81e-01  8.61e-01  3.05e+05	14.2513 41.9303 0.1797	
64.332982 295.855940	4.02e-01  9.51e-01  2.77e+05	-35.4369 56.4918 0.0937	
64.332982 295.855940	5.76e-01  6.22e-01  2.97e+05	-5.1543 51.4785 0.3599	
64.332982 295.855940	3.48e-01  9.06e-01  2.89e+05	6.8667 57.3543 0.1669	
64.332982 295.855940	5.33e-01  8.06e-01  2.79e+05	33.4384 56.3250 0.1515	
64.332982 295.855940	3.97e-01  9.36e-01  2.80e+05	10.3862 64.2334 0.6471	
64.332982 295.855940	4.22e-01  9.66e-01  2.73e+05	2.3335 69.3042 0.5578	
64.332982 295.855940	6.53e-01  8.91e-01  2.56e+05	-23.7547 76.0371 0.9057	
64.332982 295.855940	5.47e-01  8.43e-01  2.73e+05	30.6621 62.3866 0.4405	
64.332982 295.855940	4.98e-01  7.56e-01  2.89e+05	16.0697 55.5196 0.2188	
64.332982 295.855940	3.58e-01  8.80e-01  2.91e+05	26.0203 49.7871 0.0335	
64.332982 295.855940	3.05e-01  8.58e-01  3.02e+05	-25.3563 39.7826 0.5609	
64.332982 295.855940	5.16e-01  8.35e-01  2.77e+05	8.0979 66.0737 0.1509	
64.332982 295.855940	5.73e-01  7.97e-01  2.75e+05	28.1750 61.9025 0.2182	
64.332982 295.855940	3.89e-01  8.73e-01  2.88e+05	5.7639 58.3511 0.7239	
64.332982 295.855940	5.67e-01  9.23e-01  2.62e+05	20.4696 73.5835 0.4304	
64.332982 295.855940	6.47e-01  8.69e-01  2.59e+05	-5.6359 77.7772 0.3282	
64.332982 295.855940	4.30e-01  9.04e-01  2.80e+05	-16.4502 62.9732 0.3302	
64.332982 295.855940	4.47e-01  9.24e-01  2.75e+05	-23.2054 64.0767 0.1535	
64.332982 295.855940	3.81e-01  8.39e-01  2.94e+05	42.2768 33.9345 0.8150	
64.332982 295.855940	7.37e-01  8.03e-01  2.57e+05	6.8324 79.1215 0.0701	
64.332982 295.855940	5.71e-01  7.72e-01  2.78e+05	-20.4271 62.6388 0.9686	
64.332982 295.855940	5.86e-01  7.26e-01  2.82e+05	-16.8466 60.9859 0.8519	
64.332982 295.855940	4.87e-01  7.90e-01  2.86e+05	-25.0031 54.6163 0.9779	
64.332982 295.855940	7.48e-01  7.80e-01  2.58e+05	19.7375 76.1874 0.8678	
64.332982 295.855940	3.09e-01  8.33e-01  3.04e+05	-4.2749 44.1702 0.6332	
64.332982 295.855940	2.88e-01  9.59e-01  2.90e+05	-4.7256 56.8448 0.4176	
64.332982 295.855940	8.06e-01  9.64e-01  2.36e+05	-14.2514 89.6404 0.8333	
64.332982 295.855940	5.21e-01  7.62e-01  2.86e+05	16.2198 58.4038 0.3087	
64.332982 295.855940	4.09e-01  8.19e-01  2.93e+05	18.5049 51.8735 0.4339	
64.332982 295.855940	7.23e-01  7.29e-01  2.66e+05	-2.3727 73.9169 0.4917	
64.332982 295.855940	4.18e-01  8.15e-01  2.92e+05	-31.2420 46.0261 0.8707	
64.332982 295.855940	4.12e-01  8.17e-01  2.93e+05	13.4979 53.4295 0.8130	
64.332982 295.855940	5.07e-01  8.37e-01  2.78e+05	34.2290 56.3123 0.8671	
64.332982 295.855940	5.58e-01  8.18e-01  2.75e+05	-37.3904 57.3472 0.6565	
64.332982 295.855940	4.01e-01  7.88e-01  2.98e+05	-10.4677 49.6163 0.9091	
64.332982 295.855940	6.12e-01  8.05e-01  2.70e+05	-12.9131 70.3779 0.6941	
64.332982 295.855940	4.54e-01  8.16e-01  2.87e+05	-20.2808 55.7910 0.6789	
64.332982 295.855940	5.52e-01  9.41e-01  2.62e+05	9.3942 75.9776 0.8581	
64.332982 295.855940	3.65e-01  8.97e-01  2.88e+05	-6.1584 58.2222 0.3651	
64.332982 295.855940	3.34e-01  7.47e-01  3.13e+05	8.2235 32.9857 0.6313	
64.332982 295.855940	3.02e-01  8.98e-01  2.96e+05	-2.8954 51.8398 0.9974	
64.332982 295.855940	4.46e-01  7.74e-01  2.94e+05	-2.6828 54.1111 0.4785	
64.332982 295.855940	4.05e-01  8.32e-01  2.92e+05	4.7995 55.7933 0.2642	
64.332982 295.855940	3.65e-01  8.71e-01  2.92e+05	7.1731 55.5228 0.9941	
64.332982 295.855940	4.66e-01  6.22e-01  3.12e+05	4.8197 35.1114 0.2675	
64.332982 295.855940	4.52e-01  7.52e-01  2.96e+05	-8.5837 51.6637 0.8413	
64.332982 295.855940	6.85e-01  9.17e-01  2.51e+05	15.6880 81.3120 0.6386	
64.332982 295.855940	5.62e-01  8.37e-01  2.72e+05	-12.8586 69.0269 0.8665	
64.332982 295.855940	5.74e-01  7.51e-01  2.81e+05	-19.6215 61.2521 0.9177	
64.332982 295.855940	4.58e-01  7.55e-01  2.95e+05	8.3697 52.7165 0.6436	
64.332982 295.855940	3.25e-01  8.52e-01  3.00e+05	7.9448 48.4696 0.5306	
64.332982 295.855940	4.17e-01  8.31e-01  2.90e+05	-30.3605 48.4877 0.5691	
64.332982 295.855940	4.89e-01  7.10e-01  2.97e+05	23.3752 46.2033 0.3295	
64.332982 295.855940	2.45e-01  9.40e-01  2.99e+05	2.7216 50.0312 0.0011	
64.332982 295.855940	4.33e-01  9.25e-01  2.77e+05	1.6460 67.0536 0.4955	
64.332982 295.855940	6.03e-01  8.61e-01  2.65e+05	-8.7364 74.2449 0.9012	
64.332982 295.855940	4.36e-01  9.14e-01  2.78e+05	25.9778 61.2011 0.3152	
64.332982 295.855940	6.43e-01  8.41e-01  2.63e+05	-5.9013 75.8186 0.3093	
64.332982 295.855940	6.42e-01  7.64e-01  2.71e+05	-14.8074 69.1543 0.4823	
64.332982 295.855940	5.38e-01  8.36e-01  2.75e+05	-29.7263 61.5683 0.3202	
64.332982 295.855940	4.85e-01  8.54e-01  2.79e+05	15.6437 63.6414 0.3191	
64.332982 295.855940	7.15e-01  8.53e-01  2.54e+05	0.1222 81.0110 0.6185	
64.332982 295.855940	4.84e-01  6.73e-01  3.02e+05	4.8981 46.2434 0.5589	
64.332982 295.855940	5.00e-01  9.00e-01  2.72e+05	-53.6871 45.4398 0.4113	
64.332982 295.855940	2.80e-01  8.93e-01  3.00e+05	-8.4452 47.9445 0.3730	
64.332982 295.855940	5.30e-01  8.88e-01  2.70e+05	16.9118 69.5599 0.7723	
64.332982 295.855940	3.19e-01  8.52e-01  3.00e+05	-10.4375 47.1478 0.4404	
64.332982 295.855940	6.36e-01  7.60e-01  2.72e+05	21.3268 66.6533 0.6630	
64.332982 295.855940	4.42e-01  8.54e-01  2.84e+05	5.9163 61.5676 0.0894	
64.332982 295.855940	4.62e-01  7.14e-01  3.00e+05	-18.1034 45.5038 0.3134	
64.332982 295.855940	3.57e-01  9.19e-01  2.87e+05	-27.8274 53.0371 0.1900	
64.332982 295.855940	3.39e-01  9.28e-01  2.88e+05	14.9601 57.1613 0.7547	
64.332982 295.855940	4.14e-01  7.22e-01  3.05e+05	6.0933 43.0027 0.9369	
64.332982 295.855940	6.32e-01  9.09e-01  2.57e+05	29.2094 73.8523 0.2802	
64.332982 295.855940	5.57e-01  8.70e-01  2.69e+05	6.2761 71.9833 0.3312	
64.332982 295.855940	3.09e-01  8.99e-01  2.95e+05	16.4267 50.1973 0.5104	
64.332982 295.855940	5.82e-01  7.68e-01  2.78e+05	-13.5000 65.0625 0.3726	
64.332982 295.855940	6.24e-01  8.06e-01  2.68e+05	10.5703 71.6956 0.2325	
64.332982 295.855940	4.45e-01  6.96e-01  3.05e+05	1.3663 44.1296 0.7509	
64.332982 295.855940	3.99e-01  7.81e-01  2.99e+05	-10.2413 48.4689 0.4396	
64.332982 295.855940	6.74e-01  9.00e-01  2.53e+05	6.2227 81.0909 0.1947	
64.332982 295.855940	4.63e-01  8.36e-01  2.84e+05	-3.2660 62.0186 0.1034	
64.332982 295.855940	5.24e-01  8.12e-01  2.79e+05	41.7749 50.1634 0.9250	
64.332982 295.855940	4.88e-01  8.42e-01  2.80e+05	-11.8550 63.6688 0.6929	
64.332982 295.855940	3.56e-01  8.09e-01  3.01e+05	28.7774 37.9760 0.8670	
64.332982 295.855940	6.05e-01  7.65e-01  2.75e+05	8.4344 67.5279 0.7997	
64.332982 295.855940	5.19e-01  6.88e-01  2.96e+05	-10.1577 51.7318 0.5664	
64.332982 295.855940	5.52e-01  7.68e-01  2.81e+05	35.9600 52.8702 0.5220	
64.332982 295.855940	4.61e-01  7.14e-01  3.00e+05	-23.7673 42.7023 0.0672	
64.332982 295.855940	5.94e-01  8.92e-01  2.62e+05	-17.1334 74.2115 0.7928	
64.332982 295.855940	5.63e-01  8.29e-01  2.73e+05	-41.1580 56.2745 0.1682	
64.332982 295.855940	5.58e-01  8.01e-01  2.77e+05	18.4009 64.5920 0.5124	
64.332982 295.855940	2.82e-01  8.31e-01  3.09e+05	3.6689 39.6693 0.0308	
64.332982 295.855940	5.43e-01  7.61e-01  2.83e+05	2.8984 62.4809 0.9157	
64.332982 295.855940	5.64e-01  6.63e-01  2.93e+05	-1.7371 54.9534 0.3386	
64.332982 295.855940	6.05e-01  6.68e-01  2.87e+05	-18.7493 56.5574 0.4117	
64.332982 295.855940	4.76e-01  9.53e-01  2.69e+05	54.5476 47.5735 0.1375	
64.332982 295.855940	7.99e-01  9.67e-01  2.36e+05	-36.9468 82.7112 0.4387	
64.332982 295.855940	3.50e-01  7.43e-01  3.12e+05	-12.7071 34.0037 0.2806	
64.332982 295.855940	3.73e-01  7.63e-01  3.05e+05	-5.8999 43.0880 0.9809	
64.332982 295.855940	2.48e-01  8.40e-01  3.12e+05	-7.8624 34.4936 0.5390	
64.332982 295.855940	7.35e-01  8.11e-01  2.56e+05	-10.8485 79.0057 0.4599	
64.332982 295.855940	5.43e-01  7.05e-01  2.90e+05	-11.8142 56.0111 0.4692	
64.332982 295.855940	3.34e-01  8.76e-01  2.95e+05	0.3087 53.0563 0.9424	
64.332982 295.855940	5.10e-01  9.19e-01  2.69e+05	-24.9985 67.9312 0.9970	
64.332982 295.855940	4.77e-01  6.23e-01  3.11e+05	6.1463 37.0468 0.8252	
64.332982 295.855940	6.30e-01  6.82e-01  2.82e+05	-7.5206 62.7321 0.2697	
64.332982 295.855940	5.78e-01  7.58e-01  2.79e+05	-5.6110 65.0208 0.9426	
64.332982 295.855940	6.82e-01  7.66e-01  2.66e+05	2.2943 73.6189 0.3666	
64.332982 295.855940	5.69e-01  7.88e-01  2.77e+05	-5.6298 66.7499 0.1701	
64.332982 295.855940	4.65e-01  7.08e-01  3.00e+05	19.4990 44.5285 0.7352	
64.332982 295.855940	3.02e-01  9.43e-01  2.91e+05	-30.4254 48.0681 0.6117	
64.332982 295.855940	5.98e-01  6.73e-01  2.87e+05	-24.3249 54.3467 0.0424	
64.332982 295.855940	7.12e-01  8.23e-01  2.57e+05	8.8425 78.6060 0.4717	
64.332982 295.855940	5.79e-01  7.13e-01  2.85e+05	-22.9517 57.0422 0.1061	
64.332982 295.855940	2.61e-01  9.14e-01  3.00e+05	-10.0222 47.7627 0.0946	
64.332982 295.855940	6.14e-01  8.40e-01  2.66e+05	19.4011 71.4598 0.4826	
64.332982 295.855940	5.38e-01  8.79e-01  2.70e+05	-5.2397 71.3252 0.0446	
64.332982 295.855940	3.96e-01  8.08e-01  2.96e+05	3.4941 52.2948 0.6393	
64.332982 295.855940	6.84e-01  8.43e-01  2.58e+05	-30.5175 72.4594 0.1261	
64.332982 295.855940	4.01e-01  8.49e-01  2.90e+05	23.9783 52.2433 0.7532	
64.332982 295.855940	6.39e-01  7.29e-01  2.75e+05	0.5446 67.8737 0.0741	
64.332982 295.855940	4.61e-01  8.11e-01  2.87e+05	14.5696 57.7363 0.9502	
64.332982 295.855940	6.49e-01  6.81e-01  2.80e+05	-0.8881 64.7458 0.6742	
64.332982 295.855940	3.80e-01  8.46e-01  2.93e+05	31.6855 44.7000 0.7767	
64.332982 295.855940	4.23e-01  8.50e-01  2.87e+05	14.6419 57.8778 0.2632	
64.332982 295.855940	4.92e-01  8.08e-01  2.84e+05	12.9596 60.8103 0.6781	
64.332982 295.855940	4.30e-01  7.91e-01  2.94e+05	-1.3436 54.3424 0.0565	
64.332982 295.855940	3.53e-01  8.04e-01  3.02e+05	-4.5577 46.2060 0.4023	
64.332982 295.855940	5.05e-01  9.01e-01  2.71e+05	-4.2483 70.5597 0.8032	
64.332982 295.855940	5.43e-01  6.40e-01  2.99e+05	-2.2565 49.7326 0.1256	
64.332982 295.855940	4.05e-01  8.27e-01  2.92e+05	12.6521 54.0218 0.2670	
64.332982 295.855940	6.03e-01  7.14e-01  2.81e+05	-21.8314 59.8539 0.2549	
64.332982 295.855940	5.61e-01  8.71e-01  2.68e+05	11.1310 71.6999 0.9964	
64.332982 295.855940	4.65e-01  8.51e-01  2.82e+05	7.7590 63.1202 0.1669	
64.332982 295.855940	6.64e-01  8.80e-01  2.56e+05	50.1685 61.8875 0.6915	
64.332982 295.855940	3.60e-01  8.28e-01  2.98e+05	-1.2383 50.4194 0.2644	
