89.932337 280.757054	6.10e-01  8.09e-01  3.98e+05	-0.0000 80.0647 0.5187	
89.932337 280.757054	4.47e-01  8.54e-01  4.19e+05	-33.1328 61.2870 0.1314	
89.932337 280.757054	5.60e-01  8.21e-01  4.05e+05	-16.9558 75.0307 0.8770	
89.932337 280.757054	3.67e-01  8.91e-01  4.27e+05	14.8664 63.2880 0.2293	
89.932337 280.757054	6.31e-01  8.60e-01  3.87e+05	-16.2702 83.8591 0.6476	
89.932337 280.757054	7.30e-01  8.54e-01  3.73e+05	60.7481 68.3883 0.5196	
89.932337 280.757054	5.12e-01  8.42e-01  4.09e+05	40.2496 62.8352 0.7430	
89.932337 280.757054	5.39e-01  8.46e-01  4.04e+05	43.5018 63.9918 0.2906	
89.932337 280.757054	7.19e-01  8.72e-01  3.72e+05	-26.2837 88.0928 0.8713	
89.932337 280.757054	3.83e-01  9.45e-01  4.14e+05	-16.5674 70.3021 0.6471	
89.932337 280.757054	6.25e-01  6.71e-01  4.19e+05	-17.0702 67.0238 0.5808	
89.932337 280.757054	4.57e-01  8.67e-01  4.14e+05	-35.7832 62.3319 0.0228	
89.932337 280.757054	4.42e-01  8.10e-01  4.28e+05	-3.2544 64.2547 0.8598	
89.932337 280.757054	6.74e-01  8.60e-01  3.80e+05	-1.2989 88.3192 0.7625	
89.932337 280.757054	3.75e-01  7.77e-01  4.48e+05	-10.7129 50.0286 0.1258	
89.932337 280.757054	4.57e-01  8.30e-01  4.21e+05	23.9877 63.9219 0.3382	
89.932337 280.757054	5.51e-01  7.68e-01  4.15e+05	31.5476 63.9982 0.9381	
89.932337 280.757054	7.61e-01  9.20e-01  3.59e+05	-33.7070 90.9941 0.4272	
89.932337 280.757054	8.95e-01  9.40e-01  3.40e+05	9.3207 104.0238 0.6541	
89.932337 280.757054	3.72e-01  7.81e-01  4.47e+05	9.5022 50.4533 0.3072	
89.932337 280.757054	4.12e-01  7.91e-01  4.37e+05	22.7841 53.6812 0.2777	
89.932337 280.757054	6.00e-01  8.75e-01  3.89e+05	46.8563 70.1781 0.7742	
89.932337 280.757054	5.24e-01  7.07e-01  4.32e+05	0.8075 61.9209 0.2690	
89.932337 280.757054	4.87e-01  9.75e-01  3.91e+05	23.5976 79.9489 0.0235	
89.932337 280.757054	5.89e-01  7.82e-01  4.06e+05	-25.9825 71.4985 0.4636	
89.932337 280.757054	6.58e-01  9.16e-01  3.74e+05	2.1015 90.8314 0.7664	
89.932337 280.757054	7.70e-01  8.97e-01  3.61e+05	17.3322 94.6527 0.3112	
89.932337 280.757054	6.18e-01  8.58e-01  3.89e+05	8.7946 83.9260 0.7714	
89.932337 280.757054	4.37e-01  9.35e-01  4.06e+05	8.2942 75.8151 0.0537	
89.932337 280.757054	5.11e-01  7.77e-01  4.21e+05	-35.3917 58.4638 0.8571	
89.932337 280.757054	5.23e-01  7.03e-01  4.33e+05	-1.2493 61.2957 0.8834	
89.932337 280.757054	7.56e-01  8.75e-01  3.66e+05	-4.2008 94.1898 0.1114	
89.932337 280.757054	6.41e-01  8.42e-01  3.88e+05	16.4376 83.3454 0.6168	
89.932337 280.757054	7.03e-01  9.07e-01  3.69e+05	-1.3813 93.0446 0.7374	
89.932337 280.757054	6.21e-01  8.56e-01  3.89e+05	7.3004 84.1343 0.9821	
89.932337 280.757054	5.00e-01  8.95e-01  4.02e+05	-23.8988 74.3837 0.8125	
89.932337 280.757054	4.83e-01  8.01e-01  4.22e+05	-18.4231 65.3391 0.0201	
89.932337 280.757054	7.65e-01  8.18e-01  3.73e+05	63.8749 65.4272 0.4368	
89.932337 280.757054	5.65e-01  8.33e-01  4.02e+05	-12.7894 77.3895 0.6983	
89.932337 280.757054	5.59e-01  9.38e-01  3.86e+05	3.1078 85.8443 0.3571	
89.932337 280.757054	5.32e-01  9.42e-01  3.89e+05	-15.3548 82.8189 0.1497	
89.932337 280.757054	5.66e-01  7.99e-01  4.07e+05	-3.7190 75.5448 0.6886	
89.932337 280.757054	5.81e-01  8.87e-01  3.90e+05	-26.7161 79.4582 0.7187	
89.932337 280.757054	6.28e-01  8.11e-01  3.95e+05	19.5675 79.2876 0.6675	
89.932337 280.757054	7.14e-01  9.52e-01  3.61e+05	-61.5956 73.8645 0.9484	
89.932337 280.757054	5.84e-01  7.92e-01  4.05e+05	4.2955 76.4511 0.9556	
89.932337 280.757054	7.43e-01  9.06e-01  3.64e+05	-8.7512 94.8671 0.8433	
89.932337 280.757054	6.05e-01  7.03e-01  4.17e+05	25.7639 65.4589 0.0321	
89.932337 280.757054	5.07e-01  8.50e-01  4.09e+05	-43.7856 60.7653 0.2043	
89.932337 280.757054	5.31e-01  6.58e-01  4.40e+05	-1.6753 56.5699 0.3006	
89.932337 280.757054	6.51e-01  8.12e-01  3.91e+05	24.0767 79.8924 0.1798	
89.932337 280.757054	5.96e-01  7.77e-01  4.06e+05	7.1601 75.9984 0.8571	
89.932337 280.757054	4.07e-01  7.34e-01  4.50e+05	5.3999 48.9822 0.1024	
89.932337 280.757054	6.52e-01  8.17e-01  3.90e+05	24.4415 80.2484 0.1887	
89.932337 280.757054	5.64e-01  7.83e-01  4.10e+05	-29.8519 67.7475 0.5505	
89.932337 280.757054	4.89e-01  8.63e-01  4.10e+05	-7.3092 74.0885 0.4814	
89.932337 280.757054	5.58e-01  8.14e-01  4.06e+05	7.7676 75.8853 0.4834	
89.932337 280.757054	7.42e-01  8.95e-01  3.65e+05	22.5911 91.8655 0.3099	
89.932337 280.757054	5.19e-01  6.99e-01  4.34e+05	26.3382 54.3897 0.8976	
89.932337 280.757054	5.95e-01  8.61e-01  3.92e+05	15.8811 81.3911 0.5175	
89.932337 280.757054	6.33e-01  9.33e-01  3.75e+05	11.2436 89.6578 0.2540	
89.932337 280.757054	5.16e-01  7.58e-01  4.24e+05	-8.4036 66.2545 0.3966	
89.932337 280.757054	5.16e-01  8.34e-01  4.10e+05	6.2426 74.0343 0.4519	
89.932337 280.757054	4.98e-01  8.97e-01  4.02e+05	7.3159 77.7719 0.8111	
89.932337 280.757054	6.25e-01  7.99e-01  3.97e+05	-4.8361 80.3118 0.5799	
89.932337 280.757054	6.44e-01  7.81e-01  3.97e+05	-43.3821 67.9534 0.4428	
89.932337 280.757054	6.63e-01  8.45e-01  3.84e+05	30.1675 81.2159 0.7565	
89.932337 280.757054	6.59e-01  8.58e-01  3.83e+05	6.0473 87.0731 0.6613	
89.932337 280.757054	6.33e-01  7.31e-01  4.07e+05	7.8453 75.1451 0.6478	
89.932337 280.757054	5.70e-01  7.06e-01  4.23e+05	-25.3147 61.9953 0.3546	
89.932337 280.757054	5.79e-01  8.62e-01  3.95e+05	8.7637 81.3662 0.2418	
89.932337 280.757054	5.92e-01  8.86e-01  3.89e+05	2.8523 84.4932 0.1096	
89.932337 280.757054	4.76e-01  7.28e-01  4.37e+05	-7.6297 58.0867 0.0193	
89.932337 280.757054	5.28e-01  7.09e-01  4.31e+05	20.8340 59.0628 0.1085	
89.932337 280.757054	6.56e-01  9.48e-01  3.70e+05	-54.4205 75.0622 0.7888	
89.932337 280.757054	5.47e-01  7.27e-01  4.24e+05	9.0392 66.1681 0.3964	
89.932337 280.757054	6.32e-01  8.12e-01  3.94e+05	-4.7322 81.8932 0.8903	
89.932337 280.757054	6.50e-01  8.02e-01  3.93e+05	43.0404 70.5116 0.2035	
89.932337 280.757054	5.36e-01  9.65e-01  3.85e+05	7.2451 85.8757 0.3722	
89.932337 280.757054	6.42e-01  7.93e-01  3.95e+05	5.1736 81.2338 0.6416	
89.932337 280.757054	7.04e-01  7.86e-01  3.87e+05	30.1851 79.8758 0.0094	
89.932337 280.757054	3.93e-01  8.35e-01  4.32e+05	-6.0112 61.3060 0.3315	
89.932337 280.757054	5.87e-01  9.56e-01  3.79e+05	7.8939 88.6026 0.6029	
89.932337 280.757054	4.96e-01  7.70e-01  4.25e+05	-3.8411 65.8486 0.7907	
89.932337 280.757054	5.37e-01  7.92e-01  4.14e+05	0.1461 72.3369 0.5373	
89.932337 280.757054	5.35e-01  9.00e-01  3.96e+05	-7.0781 81.0175 0.6345	
89.932337 280.757054	6.87e-01  7.84e-01  3.90e+05	1.9534 83.9951 0.9781	
89.932337 280.757054	6.10e-01  8.50e-01  3.92e+05	-19.3781 80.9390 0.8409	
89.932337 280.757054	5.05e-01  6.74e-01  4.42e+05	-0.5866 55.1001 0.9588	
89.932337 280.757054	6.17e-01  8.59e-01  3.89e+05	17.8114 82.5126 0.2864	
89.932337 280.757054	5.97e-01  9.46e-01  3.79e+05	53.0974 71.3557 0.9894	
89.932337 280.757054	5.28e-01  8.11e-01  4.12e+05	-14.0399 71.9265 0.6293	
89.932337 280.757054	6.00e-01  9.06e-01  3.84e+05	17.4916 84.6970 0.3351	
89.932337 280.757054	5.95e-01  8.44e-01  3.95e+05	-36.5695 73.0265 0.0299	
89.932337 280.757054	5.02e-01  8.27e-01  4.14e+05	5.0640 72.2017 0.8772	
89.932337 280.757054	3.99e-01  8.47e-01  4.29e+05	4.2074 63.6286 0.9506	
89.932337 280.757054	5.09e-01  9.33e-01  3.94e+05	1.3415 81.9220 0.5714	
89.932337 280.757054	5.34e-01  6.54e-01  4.40e+05	-0.5150 56.3688 0.3733	
89.932337 280.757054	6.68e-01  8.51e-01  3.82e+05	5.0874 87.2007 0.1859	
89.932337 280.757054	7.21e-01  7.86e-01  3.84e+05	41.2694 76.0847 0.6475	
89.932337 280.757054	6.80e-01  8.26e-01  3.84e+05	7.6148 86.1653 0.9748	
89.932337 280.757054	4.02e-01  7.07e-01  4.57e+05	-22.9302 37.2214 0.2736	
89.932337 280.757054	6.66e-01  8.75e-01  3.79e+05	8.2889 88.4035 0.8983	
89.932337 280.757054	7.23e-01  7.79e-01  3.85e+05	-17.4713 84.4248 0.1567	
89.932337 280.757054	6.50e-01  8.51e-01  3.85e+05	37.8525 77.4063 0.1358	
89.932337 280.757054	6.33e-01  8.37e-01  3.90e+05	3.7039 83.8991 0.7462	
89.932337 280.757054	3.74e-01  8.06e-01  4.42e+05	-9.4903 54.5213 0.3407	
89.932337 280.757054	5.79e-01  8.19e-01  4.02e+05	1.3292 78.3489 0.0304	
89.932337 280.757054	7.40e-01  8.95e-01  3.66e+05	-49.8446 80.2474 0.8671	
89.932337 280.757054	5.85e-01  6.84e-01  4.25e+05	19.9644 63.1290 0.2052	
89.932337 280.757054	6.22e-01  8.59e-01  3.88e+05	-19.2248 82.5620 0.1367	
89.932337 280.757054	5.34e-01  6.68e-01  4.38e+05	-17.7808 55.4383 0.5344	
89.932337 280.757054	6.21e-01  8.22e-01  3.94e+05	-18.1034 79.9739 0.0914	
89.932337 280.757054	8.19e-01  9.76e-01  3.45e+05	26.3446 99.2325 0.2724	
89.932337 280.757054	6.11e-01  7.70e-01  4.05e+05	2.3192 76.9462 0.7211	
89.932337 280.757054	6.74e-01  7.65e-01  3.95e+05	-9.1508 81.1512 0.4088	
89.932337 280.757054	7.28e-01  8.69e-01  3.71e+05	40.1871 83.1060 0.1812	
89.932337 280.757054	5.06e-01  6.33e-01  4.50e+05	-0.3616 49.1287 0.5443	
89.932337 280.757054	5.56e-01  8.74e-01  3.96e+05	-3.4669 80.8681 0.6722	
89.932337 280.757054	5.57e-01  6.93e-01  4.28e+05	-0.0870 64.1489 0.7539	
89.932337 280.757054	6.57e-01  7.90e-01  3.94e+05	-6.6173 81.9909 0.7334	
89.932337 280.757054	8.56e-01  9.87e-01  3.39e+05	8.5120 104.4909 0.6195	
89.932337 280.757054	7.66e-01  9.47e-01  3.55e+05	-18.2527 96.9728 0.5227	
89.932337 280.757054	6.28e-01  7.82e-01  4.00e+05	17.7605 77.3560 0.7000	
89.932337 280.757054	6.59e-01  8.94e-01  3.77e+05	3.2534 89.5658 0.7395	
89.932337 280.757054	7.11e-01  9.65e-01  3.60e+05	-1.8176 96.7015 0.9493	
89.932337 280.757054	7.19e-01  8.40e-01  3.76e+05	13.5686 88.9797 0.7559	
89.932337 280.757054	5.46e-01  7.83e-01  4.13e+05	13.0236 71.2072 0.5944	
89.932337 280.757054	5.03e-01  8.22e-01  4.14e+05	25.2382 67.3333 0.7860	
89.932337 280.757054	4.84e-01  8.32e-01  4.16e+05	25.2003 66.4753 0.0398	
89.932337 280.757054	5.39e-01  7.10e-01  4.28e+05	5.8022 63.8388 0.2957	
89.932337 280.757054	6.04e-01  7.89e-01  4.02e+05	4.2808 77.8938 0.3395	
89.932337 280.757054	7.30e-01  8.71e-01  3.70e+05	-34.3531 85.9084 0.7971	
89.932337 280.757054	4.95e-01  8.93e-01  4.03e+05	40.2745 66.3571 0.8178	
89.932337 280.757054	6.75e-01  7.79e-01  3.93e+05	1.9299 82.7490 0.7276	
89.932337 280.757054	6.92e-01  8.66e-01  3.76e+05	-20.0877 87.6597 0.5276	
89.932337 280.757054	5.07e-01  7.20e-01  4.32e+05	6.8947 61.1267 0.7239	
89.932337 280.757054	6.70e-01  7.98e-01  3.90e+05	-24.7292 80.1004 0.1781	
89.932337 280.757054	5.39e-01  7.00e-01  4.30e+05	31.9852 54.1594 0.9346	
89.932337 280.757054	6.24e-01  7.58e-01  4.04e+05	12.2151 76.1463 0.6768	
89.932337 280.757054	6.34e-01  8.62e-01  3.86e+05	-24.4095 82.2458 0.1974	
89.932337 280.757054	5.50e-01  6.84e-01  4.31e+05	-14.9635 60.5007 0.5809	
89.932337 280.757054	5.91e-01  7.58e-01  4.10e+05	-17.3433 72.1361 0.8845	
89.932337 280.757054	4.10e-01  8.60e-01  4.24e+05	21.3161 62.9161 0.1833	
89.932337 280.757054	6.60e-01  9.49e-01  3.69e+05	-22.1851 90.2743 0.6603	
89.932337 280.757054	5.66e-01  7.73e-01  4.12e+05	14.8449 71.7462 0.2976	
89.932337 280.757054	6.23e-01  7.59e-01  4.04e+05	-25.3242 72.8298 0.1668	
89.932337 280.757054	4.59e-01  8.32e-01  4.20e+05	0.0578 68.6809 0.8847	
89.932337 280.757054	6.12e-01  9.14e-01  3.81e+05	-17.4247 86.1226 0.1100	
89.932337 280.757054	5.48e-01  7.44e-01  4.20e+05	27.1889 63.1110 0.7778	
89.932337 280.757054	4.90e-01  7.03e-01  4.39e+05	26.6503 50.5863 0.1283	
89.932337 280.757054	6.18e-01  6.67e-01  4.22e+05	40.7259 54.3888 0.5995	
89.932337 280.757054	5.84e-01  7.15e-01  4.19e+05	8.9490 68.8205 0.0139	
89.932337 280.757054	3.25e-01  8.18e-01  4.49e+05	-9.4727 48.8796 0.8105	
89.932337 280.757054	6.21e-01  8.72e-01  3.86e+05	-8.5452 85.1670 0.7373	
89.932337 280.757054	5.15e-01  8.23e-01  4.12e+05	-22.8386 69.5258 0.6546	
89.932337 280.757054	3.18e-01  9.25e-01  4.30e+05	-31.6540 54.8009 0.4223	
89.932337 280.757054	5.59e-01  6.81e-01  4.30e+05	-25.7375 57.5583 0.7021	
89.932337 280.757054	5.16e-01  7.47e-01  4.26e+05	-16.5018 63.4720 0.5586	
89.932337 280.757054	6.77e-01  8.83e-01  3.76e+05	-19.8863 87.8167 0.1526	
89.932337 280.757054	3.28e-01  9.48e-01  4.23e+05	-1.3990 67.0509 0.5183	
89.932337 280.757054	7.05e-01  9.59e-01  3.62e+05	-18.0723 94.3546 0.6100	
89.932337 280.757054	7.56e-01  9.10e-01  3.61e+05	-2.1801 96.1443 0.8714	
89.932337 280.757054	7.50e-01  8.81e-01  3.66e+05	1.8627 94.2410 0.3775	
89.932337 280.757054	5.21e-01  6.16e-01  4.51e+05	0.2583 48.7843 0.4358	
89.932337 280.757054	6.09e-01  6.74e-01  4.22e+05	-13.1828 66.4590 0.4073	
89.932337 280.757054	4.90e-01  7.86e-01  4.23e+05	14.9130 65.2952 0.5451	
89.932337 280.757054	6.64e-01  8.08e-01  3.90e+05	8.1178 83.7284 0.9108	
89.932337 280.757054	8.42e-01  9.72e-01  3.42e+05	33.3788 97.9941 0.9458	
89.932337 280.757054	4.80e-01  9.19e-01  4.02e+05	-33.4596 70.9498 0.6825	
89.932337 280.757054	8.05e-01  8.85e-01  3.58e+05	-23.7006 94.5687 0.5018	
89.932337 280.757054	5.54e-01  9.23e-01  3.89e+05	-3.3768 84.4466 0.8757	
89.932337 280.757054	7.25e-01  8.65e-01  3.72e+05	32.5578 85.8513 0.9234	
89.932337 280.757054	6.27e-01  6.57e-01  4.22e+05	20.5787 64.6757 0.2276	
89.932337 280.757054	5.46e-01  6.32e-01  4.42e+05	23.1552 49.9124 0.8100	
89.932337 280.757054	6.41e-01  7.23e-01  4.07e+05	-4.2726 75.4023 0.5744	
89.932337 280.757054	7.87e-01  8.71e-01  3.62e+05	-2.7743 95.7057 0.8133	
89.932337 280.757054	6.78e-01  8.95e-01  3.74e+05	34.9661 83.8370 0.5294	
89.932337 280.757054	7.13e-01  8.94e-01  3.70e+05	45.5830 80.8740 0.5421	
89.932337 280.757054	5.97e-01  6.98e-01  4.20e+05	-19.0853 66.2974 0.4190	
89.932337 280.757054	5.72e-01  7.86e-01  4.08e+05	-40.1705 63.3277 0.5947	
89.932337 280.757054	5.42e-01  8.07e-01  4.10e+05	34.4746 65.6871 0.7867	
89.932337 280.757054	6.33e-01  8.56e-01  3.87e+05	3.9042 85.2530 0.9628	
89.932337 280.757054	7.16e-01  7.89e-01  3.84e+05	12.9475 85.4735 0.4630	
89.932337 280.757054	6.07e-01  9.49e-01  3.77e+05	-18.6506 87.8143 0.4488	
89.932337 280.757054	5.98e-01  8.77e-01  3.89e+05	-28.7306 79.3166 0.6578	
89.932337 280.757054	4.89e-01  7.15e-01  4.37e+05	28.8794 51.0200 0.7839	
89.932337 280.757054	6.78e-01  9.34e-01  3.69e+05	14.2728 92.0730 0.5921	
89.932337 280.757054	6.82e-01  8.22e-01  3.85e+05	31.0614 80.5940 0.9263	
89.932337 280.757054	6.78e-01  8.56e-01  3.80e+05	53.1807 70.5946 0.6575	
89.932337 280.757054	4.10e-01  7.68e-01  4.42e+05	-13.7951 53.2327 0.4961	
89.932337 280.757054	7.70e-01  7.78e-01  3.78e+05	27.3753 85.0100 0.2997	
89.932337 280.757054	5.67e-01  8.91e-01  3.92e+05	-45.7595 69.3604 0.8760	
89.932337 280.757054	6.40e-01  7.62e-01  4.01e+05	-25.7572 74.3893 0.8208	
89.932337 280.757054	5.87e-01  9.03e-01  3.87e+05	-20.7659 82.7719 0.8690	
89.932337 280.757054	4.45e-01  7.60e-01  4.37e+05	18.8641 55.6825 0.4360	
89.932337 280.757054	6.92e-01  8.40e-01  3.81e+05	-21.9553 85.4003 0.7578	
89.932337 280.757054	6.63e-01  8.45e-01  3.84e+05	-3.8011 86.5177 0.3043	
89.932337 280.757054	7.07e-01  9.28e-01  3.66e+05	-23.2601 91.5998 0.5100	
89.932337 280.757054	6.66e-01  8.68e-01  3.80e+05	34.9394 81.1455 0.8542	
89.932337 280.757054	5.49e-01  8.39e-01  4.03e+05	22.8050 74.1530 0.3346	
89.932337 280.757054	5.40e-01  8.68e-01  4.00e+05	-21.2941 76.2411 0.0594	
89.932337 280.757054	4.72e-01  7.18e-01  4.40e+05	-5.7302 56.4261 0.8776	
89.932337 280.757054	5.65e-01  7.68e-01  4.13e+05	14.6209 71.1679 0.7985	
89.932337 280.757054	5.62e-01  7.41e-01  4.18e+05	-7.9711 69.3193 0.8823	
89.932337 280.757054	6.23e-01  8.30e-01  3.93e+05	-2.6108 82.6521 0.1736	
89.932337 280.757054	5.41e-01  8.60e-01  4.01e+05	-43.4479 65.6234 0.0500	
89.932337 280.757054	5.92e-01  8.34e-01  3.97e+05	-7.5977 80.2653 0.0912	
89.932337 280.757054	6.09e-01  9.05e-01  3.83e+05	-34.4286 79.9803 0.4940	
89.932337 280.757054	6.45e-01  7.31e-01  4.05e+05	0.0432 76.5469 0.2823	
89.932337 280.757054	7.83e-01  9.28e-01  3.55e+05	-29.1239 94.1848 0.7122	
89.932337 280.757054	6.33e-01  8.15e-01  3.93e+05	-11.0982 81.6491 0.7407	
89.932337 280.757054	6.42e-01  8.76e-01  3.83e+05	18.1759 85.3866 0.5113	
89.932337 280.757054	5.44e-01  8.07e-01  4.10e+05	-11.6725 73.4976 0.0838	
89.932337 280.757054	6.67e-01  8.45e-01  3.84e+05	7.2243 86.5543 0.5390	
89.932337 280.757054	4.83e-01  7.43e-01  4.33e+05	-6.2796 61.0192 0.5231	
89.932337 280.757054	6.20e-01  8.42e-01  3.91e+05	14.1916 82.1999 0.8705	
89.932337 280.757054	7.53e-01  8.18e-01  3.75e+05	-30.7070 85.3389 0.4070	
89.932337 280.757054	5.00e-01  9.63e-01  3.91e+05	8.9189 82.9845 0.9441	
89.932337 280.757054	7.71e-01  8.13e-01  3.73e+05	-64.3319 65.0521 0.1960	
89.932337 280.757054	4.52e-01  7.95e-01  4.29e+05	19.5971 60.7681 0.7124	
89.932337 280.757054	6.05e-01  7.78e-01  4.04e+05	-19.7581 74.6153 0.5584	
89.932337 280.757054	6.08e-01  7.00e-01  4.17e+05	-28.2954 64.3201 0.3445	
89.932337 280.757054	6.32e-01  7.03e-01  4.13e+05	9.5459 72.2297 0.2249	
89.932337 280.757054	5.29e-01  8.98e-01  3.97e+05	-9.1600 80.1934 0.3640	
89.932337 280.757054	6.55e-01  8.52e-01  3.84e+05	11.3957 85.8508 0.7311	
89.932337 280.757054	4.84e-01  7.38e-01  4.33e+05	-18.7687 57.9195 0.2930	
89.932337 280.757054	6.73e-01  7.85e-01  3.92e+05	-30.0574 77.4272 0.2114	
89.932337 280.757054	7.04e-01  8.09e-01  3.83e+05	15.5544 85.5828 0.5232	
89.932337 280.757054	6.98e-01  9.79e-01  3.60e+05	-4.6775 96.6574 0.8883	
89.932337 280.757054	5.60e-01  9.34e-01  3.86e+05	-30.8292 79.8878 0.1980	
89.932337 280.757054	6.41e-01  7.84e-01  3.97e+05	-15.3992 79.0642 0.0351	
89.932337 280.757054	5.48e-01  9.50e-01  3.86e+05	19.7039 83.6249 0.6428	
89.932337 280.757054	5.56e-01  6.80e-01  4.31e+05	-19.5504 59.4585 0.9050	
89.932337 280.757054	6.71e-01  9.75e-01  3.64e+05	-21.5001 92.6278 0.3799	
89.932337 280.757054	5.59e-01  7.35e-01  4.20e+05	-8.6189 68.3685 0.3557	
89.932337 280.757054	5.77e-01  8.13e-01  4.03e+05	-37.7873 67.9437 0.7833	
89.932337 280.757054	4.78e-01  7.83e-01  4.26e+05	41.7845 50.1912 0.2996	
89.932337 280.757054	4.61e-01  8.50e-01  4.17e+05	-9.8127 69.9407 0.2612	
89.932337 280.757054	6.69e-01  9.74e-01  3.64e+05	29.7507 90.1551 0.4462	
89.932337 280.757054	3.96e-01  8.44e-01  4.30e+05	-7.1192 62.5523 0.6527	
89.932337 280.757054	4.83e-01  7.89e-01  4.24e+05	15.7216 64.6975 0.4505	
89.932337 280.757054	6.71e-01  8.85e-01  3.77e+05	-35.7320 82.3359 0.0810	
89.932337 280.757054	5.76e-01  8.39e-01  3.99e+05	8.4060 79.3550 0.7112	
89.932337 280.757054	6.05e-01  7.10e-01  4.16e+05	24.2815 66.7649 0.2330	
89.932337 280.757054	5.09e-01  9.13e-01  3.98e+05	-3.9679 80.2495 0.0099	
89.932337 280.757054	6.34e-01  7.59e-01  4.03e+05	42.1755 65.5459 0.0673	
89.932337 280.757054	4.76e-01  7.33e-01  4.36e+05	19.0330 56.0279 0.2708	
89.932337 280.757054	5.93e-01  8.06e-01  4.01e+05	-24.0595 74.7831 0.1661	
89.932337 280.757054	5.90e-01  7.69e-01  4.08e+05	17.1669 73.1620 0.2514	
89.932337 280.757054	4.51e-01  9.49e-01  4.01e+05	13.9174 77.3149 0.8689	
89.932337 280.757054	5.07e-01  8.89e-01  4.02e+05	13.8270 77.0055 0.9731	
89.932337 280.757054	6.76e-01  9.28e-01  3.70e+05	-5.0495 92.5725 0.9821	
89.932337 280.757054	7.28e-01  8.35e-01  3.76e+05	-29.5558 85.2002 0.5381	
89.932337 280.757054	5.48e-01  8.10e-01  4.08e+05	4.6503 74.8773 0.6897	
89.932337 280.757054	5.04e-01  8.05e-01  4.17e+05	-6.5616 70.0409 0.2501	
89.932337 280.757054	4.59e-01  8.16e-01  4.23e+05	-5.3227 66.7676 0.1816	
89.932337 280.757054	5.01e-01  8.35e-01  4.12e+05	9.8070 72.3942 0.5961	
89.932337 280.757054	5.49e-01  9.33e-01  3.88e+05	-49.4234 68.9140 0.7208	
89.932337 280.757054	5.19e-01  8.77e-01  4.02e+05	-68.4221 38.0031 0.9036	
89.932337 280.757054	5.84e-01  6.85e-01  4.25e+05	4.1498 66.0941 0.1374	
89.932337 280.757054	5.72e-01  8.06e-01  4.05e+05	15.1801 75.2327 0.0404	
89.932337 280.757054	6.06e-01  8.79e-01  3.88e+05	-1.5654 85.0639 0.7987	
89.932337 280.757054	7.91e-01  8.25e-01  3.68e+05	-23.2163 90.4462 0.7119	
89.932337 280.757054	5.89e-01  8.17e-01  4.00e+05	-27.0403 74.3391 0.8270	
89.932337 280.757054	7.63e-01  8.04e-01  3.75e+05	27.7405 86.0860 0.5516	
89.932337 280.757054	5.51e-01  9.27e-01  3.89e+05	20.1293 82.0878 0.2367	
89.932337 280.757054	4.90e-01  9.26e-01  3.99e+05	-3.3428 79.8575 0.6984	
89.932337 280.757054	4.90e-01  8.55e-01  4.11e+05	10.3643 73.1516 0.7651	
89.932337 280.757054	4.12e-01  8.45e-01  4.27e+05	-15.6389 62.9703 0.4313	
89.932337 280.757054	6.35e-01  7.55e-01  4.03e+05	-14.9074 76.3609 0.5623	
89.932337 280.757054	4.94e-01  7.63e-01  4.27e+05	-6.1346 64.6863 0.7831	
89.932337 280.757054	4.66e-01  9.08e-01  4.06e+05	0.7095 76.4052 0.6831	
89.932337 280.757054	4.11e-01  7.94e-01  4.37e+05	-19.8147 55.2078 0.5551	
89.932337 280.757054	6.90e-01  7.72e-01  3.91e+05	-25.6916 79.3188 0.4452	
89.932337 280.757054	4.68e-01  9.58e-01  3.97e+05	-16.2449 78.9835 0.8492	
89.932337 280.757054	6.58e-01  7.78e-01  3.95e+05	34.1813 73.8706 0.5879	
89.932337 280.757054	8.35e-01  8.95e-01  3.53e+05	-2.1814 99.5084 0.0127	
89.932337 280.757054	5.86e-01  9.13e-01  3.85e+05	-15.5372 84.6264 0.6559	
89.932337 280.757054	5.75e-01  7.08e-01  4.22e+05	11.0834 66.8723 0.0069	
89.932337 280.757054	5.71e-01  9.04e-01  3.89e+05	22.6045 81.1745 0.9062	
89.932337 280.757054	7.96e-01  8.86e-01  3.59e+05	5.6118 96.9182 0.1230	
89.932337 280.757054	6.74e-01  9.21e-01  3.71e+05	-24.5536 88.8172 0.9354	
89.932337 280.757054	7.24e-01  9.14e-01  3.65e+05	26.8603 90.7741 0.2656	
89.932337 280.757054	5.72e-01  7.67e-01  4.12e+05	28.8077 67.3830 0.4792	
89.932337 280.757054	5.46e-01  8.58e-01  4.01e+05	11.3170 78.0755 0.0314	
89.932337 280.757054	6.37e-01  6.64e-01  4.19e+05	14.2292 68.0899 0.8673	
89.932337 280.757054	8.28e-01  8.98e-01  3.53e+05	-44.2688 88.9196 0.4917	
89.932337 280.757054	6.43e-01  8.39e-01  3.88e+05	-20.0097 82.3886 0.5283	
89.932337 280.757054	4.92e-01  8.88e-01  4.05e+05	-1.2174 76.8312 0.8080	
89.932337 280.757054	5.14e-01  7.26e-01  4.30e+05	17.1737 60.6287 0.3887	
89.932337 280.757054	4.26e-01  8.06e-01  4.31e+05	-1.4359 62.0836 0.5596	
89.932337 280.757054	7.09e-01  8.09e-01  3.83e+05	24.0277 83.9377 0.1641	
89.932337 280.757054	5.21e-01  8.30e-01  4.10e+05	5.3700 74.1304 0.3236	
89.932337 280.757054	3.53e-01  9.54e-01  4.17e+05	5.7706 70.0493 0.3854	
89.932337 280.757054	6.04e-01  8.60e-01  3.91e+05	20.9117 80.8571 0.8127	
89.932337 280.757054	5.07e-01  7.66e-01  4.24e+05	-5.6032 66.5060 0.7968	
89.932337 280.757054	5.59e-01  7.06e-01  4.25e+05	15.5816 63.9796 0.8615	
89.932337 280.757054	5.89e-01  9.31e-01  3.82e+05	-3.8090 87.2913 0.7103	
89.932337 280.757054	7.69e-01  8.34e-01  3.70e+05	-29.4793 87.8268 0.5852	
89.932337 280.757054	7.00e-01  9.18e-01  3.68e+05	-29.6447 88.6814 0.3023	
89.932337 280.757054	6.23e-01  7.53e-01  4.05e+05	7.2234 76.1752 0.4029	
89.932337 280.757054	4.78e-01  7.75e-01  4.28e+05	-12.4081 63.2675 0.0357	
89.932337 280.757054	8.16e-01  9.00e-01  3.55e+05	4.9280 98.7067 0.3477	
89.932337 280.757054	7.41e-01  8.42e-01  3.73e+05	13.3701 90.4471 0.0302	
89.932337 280.757054	8.30e-01  9.58e-01  3.45e+05	-15.7728 101.1158 0.2227	
89.932337 280.757054	7.15e-01  7.66e-01  3.88e+05	-17.6808 82.8239 0.9754	
89.932337 280.757054	5.07e-01  7.29e-01  4.31e+05	-3.9301 62.4015 0.3991	
89.932337 280.757054	7.67e-01  8.83e-01  3.63e+05	-43.8967 84.6224 0.8754	
89.932337 280.757054	8.04e-01  8.70e-01  3.60e+05	30.0302 91.8052 0.7955	
89.932337 280.757054	6.77e-01  8.20e-01  3.86e+05	7.6419 85.5562 0.6201	
89.932337 280.757054	6.37e-01  9.18e-01  3.77e+05	24.2914 86.2968 0.9044	
89.932337 280.757054	7.47e-01  9.24e-01  3.61e+05	34.4504 90.1420 0.6373	
89.932337 280.757054	6.40e-01  9.38e-01  3.74e+05	35.8895 83.7618 0.8727	
89.932337 280.757054	4.86e-01  7.89e-01  4.23e+05	-22.3598 63.1095 0.6748	
89.932337 280.757054	6.36e-01  9.00e-01  3.80e+05	-57.1027 67.5925 0.7003	
89.932337 280.757054	4.92e-01  7.97e-01  4.21e+05	11.8702 67.3533 0.9502	
89.932337 280.757054	6.96e-01  9.52e-01  3.64e+05	12.4905 94.3396 0.4770	
89.932337 280.757054	6.77e-01  7.83e-01  3.92e+05	-7.1597 82.9373 0.2077	
89.932337 280.757054	6.52e-01  8.96e-01  3.78e+05	-2.6163 89.2313 0.4850	
89.932337 280.757054	4.97e-01  7.63e-01  4.26e+05	6.1955 64.9263 0.9361	
89.932337 280.757054	4.09e-01  8.30e-01  4.30e+05	-26.8074 56.8792 0.5985	
89.932337 280.757054	5.58e-01  8.10e-01  4.07e+05	-12.6173 74.8036 0.4738	
89.932337 280.757054	6.19e-01  7.06e-01  4.14e+05	8.0789 71.4984 0.7778	
89.932337 280.757054	7.22e-01  7.63e-01  3.88e+05	-25.0387 81.2925 0.4710	
89.932337 280.757054	6.43e-01  6.96e-01  4.12e+05	6.5782 73.0294 0.0622	
89.932337 280.757054	6.27e-01  7.23e-01  4.10e+05	-37.2451 64.3151 0.8352	
89.932337 280.757054	5.11e-01  8.19e-01  4.13e+05	-7.7033 72.0518 0.4241	
89.932337 280.757054	6.79e-01  8.52e-01  3.81e+05	15.8044 86.7138 0.3198	
89.932337 280.757054	6.51e-01  8.03e-01  3.93e+05	28.3166 77.7470 0.0559	
89.932337 280.757054	6.70e-01  9.85e-01  3.63e+05	20.4345 93.4016 0.6581	
89.932337 280.757054	5.79e-01  8.81e-01  3.92e+05	-12.1561 82.3329 0.3914	
89.932337 280.757054	7.81e-01  7.97e-01  3.74e+05	-63.6062 65.2208 0.1391	
89.932337 280.757054	5.05e-01  7.82e-01  4.21e+05	-32.4253 59.9784 0.0017	
89.932337 280.757054	6.39e-01  8.26e-01  3.91e+05	39.1765 73.9176 0.6928	
89.932337 280.757054	5.73e-01  6.67e-01  4.30e+05	-11.2913 62.0121 0.5752	
89.932337 280.757054	8.06e-01  9.51e-01  3.49e+05	16.3196 99.5680 0.2341	
89.932337 280.757054	5.67e-01  9.58e-01  3.81e+05	-23.8752 84.4700 0.7553	
89.932337 280.757054	6.95e-01  9.21e-01  3.68e+05	-11.3807 92.7135 0.5835	
89.932337 280.757054	6.80e-01  7.26e-01  4.00e+05	-26.8509 74.3829 0.5385	
89.932337 280.757054	4.24e-01  7.54e-01  4.42e+05	3.8066 54.9700 0.6570	
89.932337 280.757054	6.67e-01  8.70e-01  3.80e+05	2.6548 88.5107 0.0802	
89.932337 280.757054	5.54e-01  8.03e-01  4.09e+05	-11.5585 74.0311 0.2408	
89.932337 280.757054	5.51e-01  8.87e-01  3.95e+05	-12.3933 80.6633 0.8315	
89.932337 280.757054	6.22e-01  7.32e-01  4.09e+05	15.7595 72.9463 0.2126	
89.932337 280.757054	4.47e-01  9.13e-01  4.08e+05	11.8563 74.2282 0.9974	
89.932337 280.757054	5.75e-01  7.04e-01  4.23e+05	-2.8248 67.3294 0.9963	
89.932337 280.757054	4.72e-01  8.45e-01  4.16e+05	-31.6897 63.7998 0.7250	
89.932337 280.757054	6.93e-01  9.16e-01  3.69e+05	13.3706 92.0428 0.8717	
89.932337 280.757054	5.78e-01  8.42e-01  3.98e+05	17.3337 78.2659 0.3330	
89.932337 280.757054	5.92e-01  9.39e-01  3.81e+05	-18.8001 86.1558 0.9012	
89.932337 280.757054	5.03e-01  8.50e-01  4.09e+05	26.7462 69.6388 0.4141	
89.932337 280.757054	6.98e-01  7.84e-01  3.88e+05	13.9929 83.6741 0.4494	
89.932337 280.757054	5.66e-01  8.37e-01  4.01e+05	14.9522 77.3805 0.0615	
89.932337 280.757054	4.48e-01  8.64e-01  4.17e+05	-3.6800 70.6112 0.1139	
89.932337 280.757054	5.76e-01  8.72e-01  3.93e+05	17.9168 80.3711 0.6744	
89.932337 280.757054	4.83e-01  9.56e-01  3.95e+05	2.3691 81.6224 0.2946	
89.932337 280.757054	6.12e-01  8.13e-01  3.97e+05	-33.5790 73.2299 0.5561	
89.932337 280.757054	5.16e-01  6.37e-01  4.47e+05	-14.7689 49.2064 0.1696	
89.932337 280.757054	6.59e-01  7.66e-01  3.97e+05	9.4113 80.0306 0.1501	
89.932337 280.757054	5.17e-01  7.74e-01  4.21e+05	-11.8345 67.5323 0.8907	
89.932337 280.757054	5.44e-01  7.75e-01  4.15e+05	-27.7189 65.7080 0.9679	
89.932337 280.757054	4.13e-01  7.76e-01  4.40e+05	9.8694 55.7276 0.9813	
89.932337 280.757054	5.34e-01  8.13e-01  4.10e+05	-10.7189 73.1875 0.5737	
89.932337 280.757054	6.62e-01  8.29e-01  3.87e+05	-5.4072 85.2884 0.2747	
89.932337 280.757054	7.61e-01  7.76e-01  3.80e+05	-34.9181 81.3799 0.2513	
89.932337 280.757054	4.10e-01  8.35e-01  4.29e+05	26.8955 57.6639 0.8689	
89.932337 280.757054	6.42e-01  8.24e-01  3.91e+05	18.9476 81.5081 0.8657	
89.932337 280.757054	4.06e-01  8.94e-01  4.19e+05	14.7088 67.9044 0.2602	
89.932337 280.757054	5.43e-01  7.56e-01  4.19e+05	33.3338 60.8438 0.5064	
89.932337 280.757054	5.72e-01  6.74e-01  4.29e+05	-27.0336 57.6175 0.5032	
89.932337 280.757054	6.55e-01  9.38e-01  3.71e+05	-24.1202 88.8515 0.9802	
89.932337 280.757054	7.02e-01  7.57e-01  3.92e+05	-22.8719 79.8892 0.6856	
89.932337 280.757054	5.92e-01  6.92e-01  4.22e+05	19.2588 65.0592 0.9695	
89.932337 280.757054	5.64e-01  9.73e-01  3.80e+05	13.9224 87.4428 0.1231	
89.932337 280.757054	6.88e-01  8.10e-01  3.86e+05	-11.1003 85.2562 0.1795	
89.932337 280.757054	3.68e-01  8.59e-01  4.33e+05	-11.6430 60.2843 0.7077	
89.932337 280.757054	4.46e-01  8.71e-01  4.16e+05	22.8531 67.4221 0.4528	
89.932337 280.757054	6.79e-01  8.60e-01  3.79e+05	9.1889 88.1946 0.2973	
89.932337 280.757054	4.37e-01  8.16e-01  4.27e+05	2.5422 64.5440 0.3629	
89.932337 280.757054	6.57e-01  9.30e-01  3.72e+05	-40.6066 82.1942 0.6333	
89.932337 280.757054	4.48e-01  8.06e-01  4.27e+05	5.0713 64.4674 0.1558	
89.932337 280.757054	6.18e-01  8.41e-01  3.92e+05	7.7102 82.7921 0.3036	
89.932337 280.757054	5.76e-01  6.81e-01  4.27e+05	17.0944 62.6216 0.3835	
89.932337 280.757054	7.01e-01  7.77e-01  3.89e+05	-15.8138 82.9925 0.8920	
89.932337 280.757054	6.77e-01  8.45e-01  3.82e+05	-26.8538 83.3631 0.4606	
89.932337 280.757054	4.65e-01  8.93e-01  4.09e+05	9.1541 74.4296 0.0793	
89.932337 280.757054	4.43e-01  9.23e-01  4.07e+05	18.3284 73.4548 0.3719	
89.932337 280.757054	7.28e-01  8.34e-01  3.76e+05	33.4716 83.7396 0.8683	
89.932337 280.757054	5.34e-01  6.72e-01  4.37e+05	12.1511 57.6086 0.1834	
89.932337 280.757054	5.74e-01  7.89e-01  4.08e+05	17.5318 73.3386 0.2338	
89.932337 280.757054	6.91e-01  8.08e-01  3.85e+05	2.8830 85.9507 0.5764	
89.932337 280.757054	6.29e-01  8.03e-01  3.96e+05	20.4822 78.5199 0.0811	
89.932337 280.757054	5.94e-01  8.95e-01  3.87e+05	-2.0549 85.3307 0.3890	
89.932337 280.757054	6.50e-01  8.20e-01  3.90e+05	-22.6026 80.9164 0.3562	
89.932337 280.757054	7.74e-01  9.52e-01  3.53e+05	-21.5200 96.9650 0.0471	
89.932337 280.757054	5.13e-01  7.56e-01  4.25e+05	-3.8258 66.1687 0.9502	
89.932337 280.757054	6.69e-01  7.27e-01  4.02e+05	12.1251 77.3232 0.9663	
89.932337 280.757054	6.73e-01  7.93e-01  3.91e+05	-49.1402 67.6905 0.1976	
89.932337 280.757054	6.22e-01  8.83e-01  3.84e+05	26.1127 82.4300 0.9937	
89.932337 280.757054	6.94e-01  8.99e-01  3.71e+05	24.7623 88.6589 0.7411	
89.932337 280.757054	7.44e-01  7.98e-01  3.79e+05	-21.2841 86.3390 0.3087	
89.932337 280.757054	6.19e-01  7.73e-01  4.03e+05	9.2158 77.3790 0.7991	
89.932337 280.757054	7.10e-01  8.65e-01  3.74e+05	-17.9165 89.1755 0.4131	
89.932337 280.757054	6.63e-01  7.43e-01  4.00e+05	-24.3766 75.1661 0.7774	
89.932337 280.757054	5.79e-01  7.85e-01  4.08e+05	31.7314 68.4986 0.0861	
89.932337 280.757054	5.65e-01  7.65e-01  4.13e+05	35.6339 63.0955 0.7812	
89.932337 280.757054	6.53e-01  8.30e-01  3.88e+05	-7.2533 84.5800 0.3284	
89.932337 280.757054	4.77e-01  7.71e-01  4.28e+05	-2.9948 63.8753 0.0504	
89.932337 280.757054	5.88e-01  7.41e-01  4.14e+05	-0.4465 72.3447 0.8790	
89.932337 280.757054	4.06e-01  7.75e-01  4.42e+05	21.7233 50.9857 0.4157	
89.932337 280.757054	5.76e-01  8.86e-01  3.91e+05	34.5899 75.8974 0.2558	
89.932337 280.757054	8.09e-01  8.55e-01  3.62e+05	54.4604 79.1861 0.8932	
89.932337 280.757054	5.05e-01  8.95e-01  4.01e+05	13.9170 77.3975 0.7232	
89.932337 280.757054	7.69e-01  8.46e-01  3.68e+05	46.9533 80.6681 0.1549	
89.932337 280.757054	6.45e-01  9.64e-01  3.69e+05	14.4122 91.9113 0.6103	
89.932337 280.757054	4.72e-01  8.26e-01  4.19e+05	9.6092 68.5933 0.8176	
89.932337 280.757054	5.36e-01  7.98e-01  4.13e+05	27.9764 67.2523 0.4390	
89.932337 280.757054	6.73e-01  9.07e-01  3.73e+05	-63.5757 65.4972 0.7047	
89.932337 280.757054	7.57e-01  9.06e-01  3.62e+05	24.4585 92.8582 0.9771	
89.932337 280.757054	7.38e-01  8.90e-01  3.66e+05	51.5426 78.7327 0.8735	
89.932337 280.757054	5.18e-01  7.15e-01  4.31e+05	-18.9360 59.2325 0.9933	
89.932337 280.757054	6.55e-01  8.85e-01  3.79e+05	13.3307 87.6824 0.6477	
89.932337 280.757054	4.66e-01  8.33e-01  4.19e+05	-3.8172 69.2938 0.3562	
89.932337 280.757054	6.55e-01  7.81e-01  3.95e+05	-0.2605 81.3947 0.6491	
89.932337 280.757054	4.90e-01  8.81e-01  4.06e+05	6.4881 75.8214 0.0871	
89.932337 280.757054	7.20e-01  9.29e-01  3.64e+05	-4.9083 95.1400 0.6138	
89.932337 280.757054	5.04e-01  9.29e-01  3.96e+05	-7.2474 80.8589 0.7773	
89.932337 280.757054	6.89e-01  8.46e-01  3.80e+05	-18.4210 86.4518 0.2753	
89.932337 280.757054	5.70e-01  8.55e-01  3.97e+05	33.5005 73.3469 0.2052	
89.932337 280.757054	7.53e-01  8.08e-01  3.76e+05	-30.3586 84.8763 0.1032	
89.932337 280.757054	6.31e-01  9.75e-01  3.70e+05	14.8331 91.6260 0.8919	
89.932337 280.757054	5.58e-01  8.04e-01  4.08e+05	46.2073 59.5547 0.0856	
89.932337 280.757054	8.44e-01  9.42e-01  3.46e+05	2.9193 102.2175 0.1521	
89.932337 280.757054	5.26e-01  7.04e-01  4.32e+05	-0.6348 61.9002 0.0962	
89.932337 280.757054	5.59e-01  7.76e-01  4.12e+05	31.3354 65.8860 0.0971	
89.932337 280.757054	6.57e-01  9.03e-01  3.76e+05	0.8556 89.9794 0.4563	
89.932337 280.757054	5.20e-01  7.68e-01  4.21e+05	0.4047 68.3120 0.2380	
89.932337 280.757054	6.22e-01  8.60e-01  3.88e+05	29.6670 79.4844 0.1722	
89.932337 280.757054	6.22e-01  8.81e-01  3.85e+05	27.3828 81.7898 0.5351	
89.932337 280.757054	5.94e-01  9.21e-01  3.83e+05	35.7775 79.4146 0.4007	
89.932337 280.757054	5.51e-01  8.16e-01  4.07e+05	-12.7279 74.6885 0.5144	
89.932337 280.757054	5.72e-01  6.98e-01  4.24e+05	-18.6994 63.6920 0.9373	
89.932337 280.757054	5.98e-01  9.73e-01  3.75e+05	24.4688 87.3722 0.6574	
89.932337 280.757054	7.32e-01  7.85e-01  3.83e+05	-23.6024 83.9332 0.4955	
89.932337 280.757054	6.48e-01  9.01e-01  3.78e+05	58.8817 67.1209 0.7011	
89.932337 280.757054	6.61e-01  8.73e-01  3.80e+05	40.3094 78.6525 0.5176	
89.932337 280.757054	4.74e-01  7.13e-01  4.40e+05	26.3556 49.7369 0.7293	
89.932337 280.757054	6.11e-01  9.40e-01  3.77e+05	-26.0992 85.6015 0.8173	
89.932337 280.757054	6.07e-01  7.53e-01  4.08e+05	-10.0533 74.4608 0.7463	
89.932337 280.757054	6.64e-01  9.07e-01  3.75e+05	19.3141 88.6793 0.9733	
89.932337 280.757054	3.98e-01  8.14e-01  4.35e+05	-33.0981 49.5681 0.6672	
89.932337 280.757054	5.04e-01  8.07e-01  4.17e+05	-16.9592 68.5236 0.8546	
89.932337 280.757054	5.17e-01  8.34e-01  4.10e+05	-28.8051 68.5454 0.9187	
89.932337 280.757054	6.48e-01  8.42e-01  3.87e+05	32.9505 78.7466 0.5852	
89.932337 280.757054	5.98e-01  9.83e-01  3.73e+05	32.8837 85.2348 0.7427	
89.932337 280.757054	6.22e-01  7.82e-01  4.01e+05	47.3017 63.1561 0.7264	
89.932337 280.757054	6.56e-01  7.25e-01  4.04e+05	-4.4951 76.8879 0.2231	
89.932337 280.757054	5.84e-01  7.07e-01  4.20e+05	-6.3032 68.2759 0.8129	
89.932337 280.757054	4.93e-01  6.44e-01  4.51e+05	8.0314 48.1127 0.0121	
89.932337 280.757054	7.11e-01  7.83e-01  3.86e+05	-22.4408 82.7394 0.0073	
89.932337 280.757054	7.37e-01  8.26e-01  3.76e+05	26.3811 86.2770 0.8897	
89.932337 280.757054	7.15e-01  8.58e-01  3.74e+05	-27.8528 86.4445 0.4486	
89.932337 280.757054	5.45e-01  9.06e-01  3.93e+05	-43.8842 69.8877 0.2191	
89.932337 280.757054	7.71e-01  8.39e-01  3.69e+05	-5.8523 92.8916 0.9870	
89.932337 280.757054	6.14e-01  8.36e-01  3.93e+05	-27.9333 77.6363 0.2460	
89.932337 280.757054	5.88e-01  7.93e-01  4.04e+05	17.1644 75.1321 0.1505	
89.932337 280.757054	5.97e-01  8.02e-01  4.01e+05	1.6937 78.4839 0.0426	
89.932337 280.757054	5.02e-01  8.53e-01  4.09e+05	-28.1955 69.1874 0.3890	
89.932337 280.757054	6.36e-01  8.76e-01  3.83e+05	-31.8524 80.8894 0.2386	
89.932337 280.757054	5.86e-01  9.20e-01  3.84e+05	28.5014 81.6616 0.8006	
89.932337 280.757054	5.44e-01  9.26e-01  3.90e+05	21.7072 81.0719 0.0507	
89.932337 280.757054	6.48e-01  7.44e-01  4.03e+05	13.4681 76.7058 0.4429	
89.932337 280.757054	6.64e-01  7.84e-01  3.93e+05	12.7627 81.3357 0.5085	
89.932337 280.757054	6.03e-01  6.47e-01  4.28e+05	-6.1411 63.9448 0.7789	
89.932337 280.757054	4.72e-01  9.29e-01  4.01e+05	38.8519 68.4080 0.6036	
89.932337 280.757054	5.58e-01  9.84e-01  3.79e+05	-23.4373 85.7059 0.2293	
89.932337 280.757054	6.29e-01  7.50e-01  4.05e+05	0.3237 76.8250 0.7491	
89.932337 280.757054	5.71e-01  6.09e-01  4.42e+05	-17.0772 52.6388 0.2222	
89.932337 280.757054	4.02e-01  7.99e-01  4.38e+05	-4.7786 58.0315 0.9499	
89.932337 280.757054	6.56e-01  6.93e-01  4.10e+05	17.4252 72.0356 0.4000	
89.932337 280.757054	6.54e-01  8.48e-01  3.85e+05	11.0655 85.4529 0.4478	
89.932337 280.757054	8.28e-01  9.35e-01  3.49e+05	27.8006 97.2798 0.2939	
89.932337 280.757054	6.95e-01  8.90e-01  3.73e+05	-20.5728 89.2050 0.1561	
89.932337 280.757054	6.16e-01  8.96e-01  3.83e+05	-31.6118 80.9667 0.7240	
89.932337 280.757054	4.49e-01  8.41e-01  4.21e+05	-33.4881 59.7956 0.0505	
89.932337 280.757054	4.99e-01  8.20e-01  4.15e+05	-11.2274 70.4895 0.4199	
89.932337 280.757054	5.94e-01  8.56e-01  3.93e+05	28.2386 77.4651 0.1367	
89.932337 280.757054	7.20e-01  8.71e-01  3.72e+05	-23.1734 88.9875 0.8160	
89.932337 280.757054	4.95e-01  7.68e-01  4.26e+05	-29.9577 58.3480 0.9489	
89.932337 280.757054	5.13e-01  7.83e-01  4.20e+05	13.3637 67.7563 0.9440	
89.932337 280.757054	7.55e-01  8.37e-01  3.72e+05	24.3410 88.7403 0.4386	
89.932337 280.757054	7.38e-01  8.18e-01  3.77e+05	-12.3411 88.9249 0.4642	
89.932337 280.757054	6.02e-01  6.63e-01  4.25e+05	10.6020 64.9531 0.2080	
89.932337 280.757054	6.39e-01  9.93e-01  3.66e+05	47.8330 81.2511 0.0871	
89.932337 280.757054	5.13e-01  6.89e-01  4.38e+05	15.9706 56.0085 0.1735	
89.932337 280.757054	4.36e-01  7.87e-01  4.33e+05	-5.4781 60.7868 0.1078	
89.932337 280.757054	5.64e-01  8.85e-01  3.93e+05	-2.0440 82.3560 0.8447	
89.932337 280.757054	4.62e-01  7.48e-01  4.36e+05	10.4621 58.3738 0.7416	
89.932337 280.757054	7.41e-01  9.12e-01  3.63e+05	21.0081 93.1692 0.6556	
89.932337 280.757054	4.77e-01  7.66e-01  4.29e+05	-3.0384 63.3190 0.6146	
89.932337 280.757054	6.27e-01  8.46e-01  3.90e+05	9.7595 83.5848 0.5708	
89.932337 280.757054	6.39e-01  7.39e-01  4.05e+05	-26.8116 71.8740 0.3966	
89.932337 280.757054	7.61e-01  9.10e-01  3.61e+05	21.2463 94.0945 0.6619	
89.932337 280.757054	3.59e-01  8.94e-01  4.28e+05	-7.9341 64.0047 0.6097	
89.932337 280.757054	5.76e-01  8.14e-01  4.03e+05	43.1256 64.7191 0.1646	
89.932337 280.757054	6.44e-01  7.91e-01  3.96e+05	-11.7093 80.5102 0.4442	
89.932337 280.757054	4.05e-01  9.33e-01  4.12e+05	-15.7224 71.4948 0.3362	
89.932337 280.757054	5.65e-01  7.59e-01  4.15e+05	11.9685 70.8317 0.2018	
89.932337 280.757054	5.35e-01  7.98e-01  4.13e+05	-29.5129 66.4612 0.0305	
89.932337 280.757054	5.97e-01  7.21e-01  4.15e+05	-12.9971 70.1279 0.4829	
89.932337 280.757054	3.86e-01  7.64e-01  4.48e+05	8.1808 50.1452 0.2493	
89.932337 280.757054	5.73e-01  8.73e-01  3.94e+05	1.1353 82.1827 0.2083	
89.932337 280.757054	5.90e-01  8.87e-01  3.89e+05	0.4246 84.4346 0.9245	
89.932337 280.757054	6.22e-01  9.24e-01  3.78e+05	-49.1757 74.3844 0.1976	
89.932337 280.757054	6.16e-01  8.89e-01  3.85e+05	-26.9804 82.0780 0.7091	
89.932337 280.757054	6.21e-01  8.03e-01  3.97e+05	17.9360 78.5136 0.4136	
89.932337 280.757054	6.88e-01  8.78e-01  3.75e+05	-30.1929 85.2332 0.7113	
89.932337 280.757054	5.66e-01  7.11e-01  4.23e+05	8.6759 66.5883 0.4910	
89.932337 280.757054	6.57e-01  8.16e-01  3.89e+05	4.1186 84.0996 0.7725	
89.932337 280.757054	6.51e-01  8.25e-01  3.89e+05	-18.1790 82.4333 0.3184	
89.932337 280.757054	6.41e-01  6.89e-01  4.13e+05	-17.4648 70.2686 0.8091	
89.932337 280.757054	5.42e-01  9.34e-01  3.89e+05	-5.1144 84.2046 0.7172	
89.932337 280.757054	6.85e-01  7.72e-01  3.92e+05	19.6668 80.6289 0.9429	
89.932337 280.757054	3.77e-01  8.73e-01  4.28e+05	-28.3316 57.6612 0.8952	
89.932337 280.757054	5.38e-01  8.14e-01  4.10e+05	-4.8285 74.2818 0.3979	
89.932337 280.757054	7.41e-01  8.72e-01  3.69e+05	43.7748 82.2829 0.0983	
89.932337 280.757054	6.12e-01  8.43e-01  3.92e+05	29.9488 77.2286 0.5447	
89.932337 280.757054	6.09e-01  7.74e-01  4.04e+05	22.1955 73.9051 0.0893	
89.932337 280.757054	4.81e-01  8.58e-01  4.12e+05	-9.6839 72.6707 0.3930	
89.932337 280.757054	6.50e-01  9.24e-01  3.74e+05	59.9548 68.2950 0.0292	
89.932337 280.757054	5.36e-01  7.56e-01  4.20e+05	12.3120 67.5776 0.1811	
89.932337 280.757054	6.30e-01  8.69e-01  3.85e+05	21.7319 83.2517 0.3675	
89.932337 280.757054	4.86e-01  6.81e-01  4.45e+05	-26.1205 46.6007 0.0107	
89.932337 280.757054	7.06e-01  8.60e-01  3.75e+05	-46.7577 77.3744 0.8137	
89.932337 280.757054	8.59e-01  9.40e-01  3.44e+05	-19.0472 101.0392 0.6414	
89.932337 280.757054	6.33e-01  8.27e-01  3.92e+05	-13.9045 82.0605 0.5416	
89.932337 280.757054	6.43e-01  7.82e-01  3.97e+05	-5.0675 80.4024 0.4887	
89.932337 280.757054	6.51e-01  7.86e-01  3.95e+05	-15.9665 79.9603 0.8323	
89.932337 280.757054	4.71e-01  7.40e-01  4.36e+05	-11.7672 58.3696 0.3854	
89.932337 280.757054	6.88e-01  7.87e-01  3.89e+05	15.8520 82.8024 0.7758	
89.932337 280.757054	6.77e-01  9.73e-01  3.63e+05	-31.4956 89.9685 0.9658	
89.932337 280.757054	6.07e-01  8.25e-01  3.96e+05	-20.4394 78.5733 0.0873	
89.932337 280.757054	5.66e-01  7.14e-01  4.23e+05	-14.2556 65.8756 0.6478	
89.932337 280.757054	6.68e-01  7.67e-01  3.95e+05	-14.0042 80.1935 0.4053	
89.932337 280.757054	4.25e-01  8.60e-01  4.22e+05	-14.8449 66.2930 0.9839	
89.932337 280.757054	5.01e-01  8.72e-01  4.06e+05	-7.4664 75.9406 0.3794	
89.932337 280.757054	5.04e-01  8.07e-01  4.17e+05	-32.3786 62.8066 0.9989	
89.932337 280.757054	7.94e-01  9.42e-01  3.52e+05	-45.2910 88.9538 0.4930	
89.932337 280.757054	8.07e-01  9.00e-01  3.56e+05	35.5845 91.6778 0.5880	
89.932337 280.757054	5.52e-01  7.13e-01  4.25e+05	7.3482 65.4204 0.4181	
89.932337 280.757054	3.62e-01  9.01e-01  4.26e+05	26.8010 59.9308 0.7140	
89.932337 280.757054	6.15e-01  7.38e-01  4.09e+05	-13.6857 73.3070 0.8560	
89.932337 280.757054	6.25e-01  8.83e-01  3.84e+05	-5.1021 86.4877 0.9281	
89.932337 280.757054	6.50e-01  8.97e-01  3.78e+05	19.5528 87.0326 0.5044	
89.932337 280.757054	5.11e-01  6.39e-01  4.48e+05	-14.4736 48.6865 0.0047	
89.932337 280.757054	4.37e-01  8.62e-01  4.19e+05	-14.8009 67.8219 0.4042	
89.932337 280.757054	3.90e-01  7.70e-01  4.46e+05	4.1164 52.2859 0.3952	
89.932337 280.757054	5.75e-01  7.05e-01  4.23e+05	26.2317 62.1196 0.3719	
89.932337 280.757054	4.83e-01  8.24e-01  4.17e+05	-31.2351 62.9289 0.6580	
89.932337 280.757054	7.08e-01  9.40e-01  3.64e+05	-42.5790 85.1113 0.1916	
89.932337 280.757054	6.83e-01  8.36e-01  3.82e+05	11.0029 86.6799 0.7355	
89.932337 280.757054	6.27e-01  6.63e-01  4.21e+05	36.6468 57.9147 0.1689	
89.932337 280.757054	6.33e-01  6.80e-01  4.16e+05	-7.8999 70.4004 0.0230	
89.932337 280.757054	6.50e-01  8.95e-01  3.79e+05	-26.8148 84.9093 0.7358	
89.932337 280.757054	6.87e-01  8.13e-01  3.85e+05	46.1699 72.6509 0.1677	
89.932337 280.757054	6.02e-01  7.67e-01  4.07e+05	-10.9290 75.1332 0.8238	
89.932337 280.757054	6.76e-01  8.54e-01  3.81e+05	-1.2969 88.0892 0.7765	
89.932337 280.757054	5.37e-01  9.49e-01  3.88e+05	-34.9702 77.5206 0.4843	
89.932337 280.757054	5.92e-01  7.69e-01  4.08e+05	3.6043 75.1341 0.5992	
89.932337 280.757054	4.33e-01  7.05e-01  4.50e+05	-10.6947 47.8143 0.5661	
89.932337 280.757054	5.79e-01  8.05e-01  4.04e+05	-0.1224 77.2752 0.5516	
89.932337 280.757054	5.85e-01  7.31e-01  4.16e+05	11.5392 70.1898 0.7911	
89.932337 280.757054	5.76e-01  8.26e-01  4.01e+05	-12.6650 77.7603 0.5437	
89.932337 280.757054	6.77e-01  8.16e-01  3.86e+05	-42.5609 74.2331 0.0290	
89.932337 280.757054	5.57e-01  9.31e-01  3.87e+05	-16.1044 83.6538 0.6363	
89.932337 280.757054	4.22e-01  8.60e-01  4.22e+05	-3.1620 67.6405 0.0244	
89.932337 280.757054	8.08e-01  8.49e-01  3.63e+05	26.5804 91.8960 0.4333	
89.932337 280.757054	5.06e-01  7.12e-01  4.34e+05	4.3371 60.1830 0.5732	
89.932337 280.757054	5.22e-01  9.10e-01  3.96e+05	-12.6060 80.1801 0.2907	
89.932337 280.757054	6.82e-01  9.03e-01  3.73e+05	-4.5285 91.4401 0.9972	
89.932337 280.757054	6.81e-01  8.03e-01  3.88e+05	-21.2053 82.3044 0.3914	
89.932337 280.757054	5.40e-01  6.44e-01  4.41e+05	20.2735 52.0506 0.1918	
89.932337 280.757054	6.62e-01  8.56e-01  3.83e+05	24.4556 83.8086 0.0651	
89.932337 280.757054	5.54e-01  8.96e-01  3.93e+05	-17.4308 80.6506 0.9216	
89.932337 280.757054	4.71e-01  9.74e-01  3.94e+05	-18.5871 79.9661 0.5656	
89.932337 280.757054	5.13e-01  8.08e-01  4.15e+05	-20.7833 68.5163 0.3504	
89.932337 280.757054	5.80e-01  8.63e-01  3.94e+05	43.7391 69.2764 0.1885	
89.932337 280.757054	7.46e-01  8.39e-01  3.73e+05	53.6798 74.2103 0.4235	
89.932337 280.757054	7.30e-01  9.52e-01  3.59e+05	-0.6611 97.0548 0.8102	
89.932337 280.757054	8.17e-01  8.35e-01  3.63e+05	26.7196 91.5825 0.8680	
89.932337 280.757054	5.20e-01  9.26e-01  3.94e+05	15.5248 80.7031 0.5624	
89.932337 280.757054	7.66e-01  9.38e-01  3.56e+05	8.9378 97.7824 0.4593	
89.932337 280.757054	6.49e-01  8.50e-01  3.86e+05	4.3945 85.8636 0.5915	
89.932337 280.757054	6.04e-01  7.11e-01  4.16e+05	-11.9889 69.9934 0.7976	
89.932337 280.757054	6.69e-01  8.96e-01  3.76e+05	6.3115 90.0800 0.4174	
89.932337 280.757054	8.39e-01  9.90e-01  3.40e+05	-30.9087 99.4987 0.4485	
89.932337 280.757054	6.02e-01  8.30e-01  3.96e+05	9.1717 80.5589 0.5162	
89.932337 280.757054	7.17e-01  8.31e-01  3.78e+05	42.2766 78.6371 0.8684	
89.932337 280.757054	6.01e-01  9.09e-01  3.84e+05	-36.5154 78.6964 0.4255	
89.932337 280.757054	5.80e-01  6.89e-01  4.25e+05	5.7211 66.0282 0.7805	
89.932337 280.757054	5.54e-01  9.64e-01  3.83e+05	4.9507 87.1433 0.9404	
89.932337 280.757054	5.57e-01  8.66e-01  3.97e+05	-11.8781 79.6015 0.9455	
89.932337 280.757054	4.41e-01  9.67e-01  4.00e+05	-3.2879 79.1983 0.0031	
89.932337 280.757054	7.37e-01  8.30e-01  3.75e+05	18.5030 88.5436 0.0608	
89.932337 280.757054	4.55e-01  8.38e-01  4.20e+05	-16.0145 66.8632 0.8637	
89.932337 280.757054	6.27e-01  7.35e-01  4.08e+05	12.8785 74.2739 0.1762	
89.932337 280.757054	5.00e-01  7.61e-01  4.26e+05	-17.4479 63.0542 0.7909	
89.932337 280.757054	6.83e-01  8.06e-01  3.87e+05	-14.9940 83.9555 0.3704	
89.932337 280.757054	7.35e-01  8.39e-01  3.74e+05	19.6151 88.7403 0.4064	
89.932337 280.757054	4.27e-01  6.30e-01  4.68e+05	-0.7752 31.8238 0.9488	
89.932337 280.757054	5.12e-01  8.01e-01  4.16e+05	4.1546 70.6693 0.6022	
89.932337 280.757054	5.97e-01  8.19e-01  3.99e+05	-1.5905 79.8629 0.7543	
89.932337 280.757054	4.41e-01  8.95e-01  4.12e+05	24.4080 68.7759 0.8029	
89.932337 280.757054	6.15e-01  8.52e-01  3.90e+05	-13.2508 82.7246 0.6126	
89.932337 280.757054	6.10e-01  7.51e-01  4.08e+05	-6.4300 74.9083 0.8085	
89.932337 280.757054	7.95e-01  7.98e-01  3.71e+05	-16.9174 90.4678 0.5231	
89.932337 280.757054	6.63e-01  7.87e-01  3.93e+05	-18.1045 80.4894 0.7773	
89.932337 280.757054	6.73e-01  7.59e-01  3.96e+05	-9.4944 80.5435 0.5408	
89.932337 280.757054	5.43e-01  9.38e-01  3.88e+05	-18.3112 82.7311 0.5779	
89.932337 280.757054	5.97e-01  7.00e-01  4.19e+05	9.4741 68.6030 0.2543	
89.932337 280.757054	5.16e-01  6.66e-01  4.41e+05	21.3253 51.4257 0.9666	
89.932337 280.757054	6.11e-01  8.23e-01  3.96e+05	-25.8231 77.1013 0.2296	
89.932337 280.757054	5.79e-01  8.16e-01  4.02e+05	-11.0627 77.3950 0.0962	
89.932337 280.757054	6.78e-01  8.21e-01  3.85e+05	-0.5358 86.0412 0.2289	
89.932337 280.757054	5.29e-01  7.32e-01  4.26e+05	-29.6622 58.2193 0.2998	
89.932337 280.757054	6.04e-01  8.27e-01  3.96e+05	35.7122 72.7709 0.8168	
89.932337 280.757054	5.72e-01  6.90e-01  4.26e+05	-0.7386 65.5325 0.0939	
89.932337 280.757054	4.76e-01  6.23e-01  4.59e+05	0.6224 41.8777 0.4468	
89.932337 280.757054	6.65e-01  7.68e-01  3.96e+05	-24.0948 77.4935 0.4801	
89.932337 280.757054	5.20e-01  9.08e-01  3.97e+05	14.6940 79.5097 0.9169	
89.932337 280.757054	7.21e-01  8.49e-01  3.75e+05	17.6048 88.8860 0.1578	
89.932337 280.757054	7.53e-01  7.75e-01  3.81e+05	45.2497 75.4476 0.9884	
89.932337 280.757054	5.90e-01  7.30e-01  4.15e+05	-2.5327 71.3669 0.1373	
89.932337 280.757054	7.07e-01  9.33e-01  3.65e+05	15.2284 93.5381 0.8545	
89.932337 280.757054	5.52e-01  8.14e-01  4.07e+05	-14.3294 74.3397 0.3364	
89.932337 280.757054	6.24e-01  6.81e-01  4.18e+05	5.2697 69.7363 0.5468	
89.932337 280.757054	5.75e-01  8.24e-01  4.01e+05	-29.7002 72.6766 0.6218	
89.932337 280.757054	5.23e-01  9.48e-01  3.90e+05	-25.2282 80.0921 0.8408	
89.932337 280.757054	4.64e-01  8.33e-01  4.19e+05	31.2132 61.6794 0.0764	
89.932337 280.757054	7.50e-01  9.55e-01  3.56e+05	17.4906 96.6953 0.4497	
89.932337 280.757054	5.59e-01  5.86e-01  4.49e+05	-5.9799 49.7272 0.3490	
89.932337 280.757054	5.33e-01  8.74e-01  4.00e+05	5.5399 79.0076 0.5557	
89.932337 280.757054	5.54e-01  7.96e-01  4.10e+05	25.6546 69.6779 0.2864	
89.932337 280.757054	6.92e-01  8.68e-01  3.76e+05	3.1559 89.9289 0.8976	
89.932337 280.757054	6.25e-01  8.58e-01  3.88e+05	-24.0185 81.4609 0.1495	
89.932337 280.757054	5.76e-01  7.37e-01  4.17e+05	-7.7725 70.3368 0.3290	
89.932337 280.757054	4.25e-01  6.60e-01  4.62e+05	17.8338 34.4911 0.2527	
89.932337 280.757054	6.82e-01  8.32e-01  3.83e+05	-7.0334 86.7390 0.6872	
89.932337 280.757054	6.00e-01  8.43e-01  3.94e+05	26.7014 77.4676 0.7270	
89.932337 280.757054	5.73e-01  6.34e-01  4.36e+05	-18.5955 55.9273 0.2415	
89.932337 280.757054	6.88e-01  8.18e-01  3.84e+05	-41.8904 75.6456 0.4919	
89.932337 280.757054	6.71e-01  7.89e-01  3.92e+05	16.4053 81.5600 0.6058	
89.932337 280.757054	5.05e-01  8.33e-01  4.12e+05	-42.8528 59.2722 0.5166	
89.932337 280.757054	6.12e-01  7.12e-01  4.15e+05	0.5803 71.8457 0.8155	
89.932337 280.757054	4.46e-01  8.98e-01  4.11e+05	-25.2747 69.1892 0.1277	
89.932337 280.757054	5.89e-01  8.54e-01  3.94e+05	-0.3719 81.9503 0.3558	
89.932337 280.757054	5.54e-01  8.89e-01  3.94e+05	-16.2392 80.3258 0.0547	
89.932337 280.757054	6.69e-01  7.67e-01  3.95e+05	19.6049 79.0045 0.0573	
89.932337 280.757054	5.68e-01  8.05e-01  4.06e+05	12.7638 75.2921 0.9355	
89.932337 280.757054	4.89e-01  7.38e-01  4.33e+05	22.9515 56.9333 0.9830	
89.932337 280.757054	5.13e-01  8.90e-01  4.01e+05	28.7819 73.3854 0.7178	
89.932337 280.757054	5.54e-01  7.57e-01  4.17e+05	2.7317 70.4987 0.4917	
89.932337 280.757054	6.52e-01  8.75e-01  3.81e+05	12.9536 86.8814 0.2969	
89.932337 280.757054	6.75e-01  8.39e-01  3.83e+05	25.4158 83.2470 0.3631	
89.932337 280.757054	5.67e-01  7.28e-01  4.20e+05	25.0572 64.3553 0.8148	
89.932337 280.757054	5.49e-01  8.19e-01  4.07e+05	23.7059 72.0711 0.8574	
89.932337 280.757054	6.43e-01  7.43e-01  4.04e+05	25.4194 73.1297 0.7191	
89.932337 280.757054	5.41e-01  7.56e-01  4.19e+05	-9.3302 68.6280 0.6829	
89.932337 280.757054	4.92e-01  8.38e-01  4.13e+05	-17.5957 70.2726 0.5513	
89.932337 280.757054	6.67e-01  8.60e-01  3.81e+05	23.5457 84.7006 0.0833	
89.932337 280.757054	6.07e-01  8.53e-01  3.92e+05	-16.6994 81.4959 0.7251	
89.932337 280.757054	5.57e-01  7.67e-01  4.15e+05	-29.5427 65.4805 0.7882	
89.932337 280.757054	7.12e-01  8.12e-01  3.82e+05	-11.7899 86.8978 0.9928	
89.932337 280.757054	6.74e-01  8.81e-01  3.77e+05	-51.0529 73.7542 0.0985	
89.932337 280.757054	6.70e-01  9.08e-01  3.74e+05	7.4143 90.8780 0.9507	
89.932337 280.757054	4.83e-01  8.87e-01  4.06e+05	2.0574 76.0569 0.5289	
89.932337 280.757054	4.68e-01  7.80e-01  4.28e+05	-19.0487 61.0141 0.8007	
89.932337 280.757054	6.06e-01  6.82e-01  4.21e+05	-33.8895 59.2565 0.6903	
89.932337 280.757054	4.82e-01  7.83e-01  4.25e+05	-34.8915 55.7703 0.6198	
89.932337 280.757054	6.62e-01  6.72e-01  4.13e+05	33.3660 64.6907 0.5175	
89.932337 280.757054	5.73e-01  7.79e-01  4.10e+05	-36.3821 64.9047 0.6666	
89.932337 280.757054	5.93e-01  8.41e-01  3.96e+05	-14.7866 79.8816 0.4500	
89.932337 280.757054	6.83e-01  9.07e-01  3.72e+05	20.2923 89.6121 0.7966	
89.932337 280.757054	5.26e-01  8.82e-01  4.00e+05	34.2052 71.5122 0.8336	
89.932337 280.757054	7.55e-01  9.35e-01  3.58e+05	32.4568 91.9520 0.7401	
89.932337 280.757054	6.79e-01  9.89e-01  3.61e+05	10.2297 95.7657 0.1265	
89.932337 280.757054	3.55e-01  7.95e-01  4.48e+05	-3.4087 50.7045 0.4517	
89.932337 280.757054	6.02e-01  7.48e-01  4.10e+05	1.8949 74.2754 0.0709	
89.932337 280.757054	5.87e-01  7.80e-01  4.07e+05	35.2938 67.0812 0.1128	
89.932337 280.757054	5.82e-01  7.61e-01  4.11e+05	7.5832 73.2669 0.3002	
89.932337 280.757054	5.95e-01  8.68e-01  3.91e+05	-31.8608 77.1157 0.0404	
89.932337 280.757054	5.76e-01  9.41e-01  3.83e+05	-3.8419 87.1660 0.2614	
89.932337 280.757054	5.89e-01  8.64e-01  3.93e+05	28.3929 77.6891 0.1750	
89.932337 280.757054	4.34e-01  8.56e-01  4.21e+05	1.5142 68.5373 0.0344	
89.932337 280.757054	4.59e-01  7.48e-01  4.36e+05	-27.9430 52.0222 0.2747	
89.932337 280.757054	5.14e-01  8.04e-01  4.15e+05	-3.8958 71.2330 0.6838	
89.932337 280.757054	5.61e-01  7.93e-01  4.09e+05	-7.0559 74.3485 0.7908	
89.932337 280.757054	5.64e-01  9.53e-01  3.83e+05	-4.4853 87.1153 0.9958	
89.932337 280.757054	5.54e-01  8.63e-01  3.99e+05	38.3535 70.1439 0.0246	
89.932337 280.757054	4.94e-01  8.11e-01  4.18e+05	0.0463 70.0827 0.1745	
89.932337 280.757054	5.37e-01  8.01e-01  4.12e+05	7.5191 72.7991 0.7459	
89.932337 280.757054	6.71e-01  7.81e-01  3.93e+05	-16.9672 80.8857 0.9188	
89.932337 280.757054	8.82e-01  9.70e-01  3.38e+05	-19.9886 103.3253 0.0908	
89.932337 280.757054	7.23e-01  9.02e-01  3.67e+05	-0.0096 93.9266 0.4230	
89.932337 280.757054	5.17e-01  7.85e-01  4.18e+05	-18.7692 67.1091 0.1236	
89.932337 280.757054	3.80e-01  7.98e-01  4.42e+05	11.9566 53.7899 0.1023	
89.932337 280.757054	5.57e-01  7.54e-01  4.17e+05	-34.2593 61.7794 0.2702	
89.932337 280.757054	6.63e-01  6.81e-01  4.11e+05	11.3581 72.8555 0.7423	
89.932337 280.757054	6.34e-01  7.38e-01  4.06e+05	-13.1102 75.0450 0.0414	
89.932337 280.757054	5.76e-01  9.68e-01  3.79e+05	26.0476 85.0798 0.1797	
89.932337 280.757054	5.99e-01  7.72e-01  4.06e+05	-7.6680 75.7836 0.1169	
89.932337 280.757054	6.22e-01  8.21e-01  3.94e+05	-15.2123 80.5189 0.9676	
89.932337 280.757054	6.86e-01  9.43e-01  3.66e+05	19.7757 92.0448 0.6665	
89.932337 280.757054	6.40e-01  8.33e-01  3.90e+05	36.4593 75.8645 0.2502	
89.932337 280.757054	6.75e-01  7.76e-01  3.93e+05	18.4539 80.4704 0.2786	
89.932337 280.757054	6.49e-01  7.93e-01  3.95e+05	16.3416 80.2070 0.7983	
89.932337 280.757054	6.24e-01  9.43e-01  3.75e+05	-5.1107 90.3229 0.6657	
89.932337 280.757054	4.86e-01  8.30e-01  4.16e+05	-20.8759 67.8901 0.6792	
89.932337 280.757054	6.63e-01  7.66e-01  3.97e+05	-33.9299 73.3898 0.7904	
89.932337 280.757054	4.69e-01  9.16e-01  4.04e+05	15.7097 75.7719 0.7456	
89.932337 280.757054	7.11e-01  8.19e-01  3.81e+05	5.3731 87.8952 0.1705	
89.932337 280.757054	5.62e-01  8.07e-01  4.07e+05	-24.5514 71.8487 0.5769	
89.932337 280.757054	6.53e-01  7.58e-01  4.00e+05	-9.6710 78.8219 0.5748	
89.932337 280.757054	6.74e-01  8.36e-01  3.84e+05	10.9976 86.0482 0.5944	
89.932337 280.757054	5.44e-01  8.02e-01  4.11e+05	-18.5005 71.5524 0.1051	
89.932337 280.757054	4.44e-01  8.67e-01  4.17e+05	26.7124 65.3722 0.4109	
89.932337 280.757054	4.84e-01  7.53e-01  4.31e+05	-4.4471 62.3950 0.1791	
89.932337 280.757054	5.99e-01  7.23e-01  4.15e+05	-23.2583 67.7514 0.5352	
89.932337 280.757054	5.54e-01  7.79e-01  4.13e+05	-3.4306 72.6741 0.8730	
89.932337 280.757054	6.01e-01  9.65e-01  3.75e+05	0.5901 90.4042 0.1221	
89.932337 280.757054	4.69e-01  9.57e-01  3.97e+05	-21.0572 77.8322 0.9297	
89.932337 280.757054	5.71e-01  6.83e-01  4.27e+05	-10.5181 63.8137 0.3545	
89.932337 280.757054	5.41e-01  6.47e-01  4.40e+05	-1.8141 56.3468 0.5842	
89.932337 280.757054	4.86e-01  9.08e-01  4.02e+05	-17.9089 75.9990 0.2622	
89.932337 280.757054	6.14e-01  9.44e-01  3.77e+05	24.9509 86.3760 0.6666	
89.932337 280.757054	7.83e-01  9.19e-01  3.56e+05	-15.1598 96.9389 0.8412	
89.932337 280.757054	6.45e-01  8.47e-01  3.86e+05	-30.3835 79.9946 0.9301	
89.932337 280.757054	6.18e-01  8.90e-01  3.84e+05	-25.0697 82.9271 0.5893	
89.932337 280.757054	7.23e-01  8.72e-01  3.71e+05	37.8650 84.0202 0.1180	
89.932337 280.757054	6.93e-01  7.43e-01  3.95e+05	30.3828 75.5565 0.9308	
89.932337 280.757054	7.10e-01  7.55e-01  3.91e+05	-10.2748 82.9559 0.9577	
89.932337 280.757054	4.94e-01  7.58e-01  4.28e+05	-7.4612 63.8891 0.8028	
89.932337 280.757054	4.94e-01  7.41e-01  4.31e+05	9.9866 61.6792 0.1531	
89.932337 280.757054	6.03e-01  8.43e-01  3.94e+05	40.5253 71.5204 0.7778	
89.932337 280.757054	5.45e-01  6.81e-01  4.33e+05	9.4954 60.6066 0.8383	
89.932337 280.757054	4.87e-01  8.25e-01  4.17e+05	16.1303 68.8891 0.0532	
89.932337 280.757054	5.02e-01  8.36e-01  4.12e+05	21.9091 69.8704 0.8359	
89.932337 280.757054	6.02e-01  8.88e-01  3.87e+05	38.7914 76.0529 0.6042	
89.932337 280.757054	6.91e-01  8.69e-01  3.76e+05	12.2993 89.1446 0.2371	
89.932337 280.757054	3.20e-01  8.05e-01  4.53e+05	-23.6596 40.2435 0.8726	
89.932337 280.757054	4.91e-01  8.80e-01  4.06e+05	-8.8121 75.6551 0.9441	
89.932337 280.757054	6.96e-01  7.21e-01  3.99e+05	-13.1008 78.8709 0.2920	
89.932337 280.757054	6.23e-01  8.93e-01  3.83e+05	-11.0156 86.4701 0.9424	
89.932337 280.757054	6.72e-01  8.82e-01  3.77e+05	-6.5834 89.3946 0.7077	
89.932337 280.757054	5.76e-01  9.20e-01  3.86e+05	-5.1538 85.6746 0.5936	
89.932337 280.757054	4.62e-01  9.43e-01  4.01e+05	13.2951 77.8482 0.5633	
89.932337 280.757054	4.15e-01  8.81e-01  4.20e+05	-0.7751 69.0546 0.9435	
89.932337 280.757054	7.25e-01  9.30e-01  3.63e+05	-43.0413 85.3683 0.3696	
89.932337 280.757054	6.01e-01  9.21e-01  3.82e+05	26.2897 83.5047 0.9356	
89.932337 280.757054	7.86e-01  8.91e-01  3.60e+05	43.1942 86.6586 0.6291	
89.932337 280.757054	6.40e-01  6.60e-01  4.19e+05	14.7468 67.9035 0.4053	
89.932337 280.757054	6.83e-01  9.03e-01  3.72e+05	-32.5427 85.6642 0.6154	
89.932337 280.757054	6.91e-01  7.46e-01  3.95e+05	-37.8058 72.2209 0.7835	
89.932337 280.757054	7.13e-01  9.03e-01  3.68e+05	-24.4940 90.1061 0.6860	
89.932337 280.757054	6.91e-01  9.10e-01  3.70e+05	26.1413 88.7234 0.2639	
89.932337 280.757054	7.48e-01  8.16e-01  3.76e+05	26.6957 86.2089 0.5801	
89.932337 280.757054	5.95e-01  7.43e-01  4.12e+05	8.4386 72.7695 0.7459	
89.932337 280.757054	5.47e-01  6.74e-01  4.34e+05	37.7023 47.4987 0.9679	
89.932337 280.757054	6.08e-01  7.01e-01  4.17e+05	-5.2038 70.2407 0.3512	
89.932337 280.757054	5.79e-01  7.14e-01  4.20e+05	14.7938 67.2486 0.6802	
89.932337 280.757054	5.49e-01  8.42e-01  4.03e+05	-5.5281 77.6588 0.8669	
89.932337 280.757054	5.41e-01  8.99e-01  3.95e+05	-3.3487 81.6660 0.8860	
89.932337 280.757054	6.37e-01  8.86e-01  3.82e+05	3.9389 87.5316 0.2427	
89.932337 280.757054	5.43e-01  8.05e-01  4.10e+05	16.5632 72.2495 0.3699	
89.932337 280.757054	4.85e-01  8.57e-01  4.11e+05	37.1863 63.4626 0.7173	
89.932337 280.757054	7.05e-01  8.24e-01  3.81e+05	-35.9654 80.3632 0.6282	
89.932337 280.757054	3.69e-01  8.77e-01  4.29e+05	12.2688 62.5253 0.9074	
89.932337 280.757054	5.85e-01  9.39e-01  3.82e+05	-34.9002 80.4468 0.7261	
89.932337 280.757054	7.70e-01  8.74e-01  3.64e+05	-30.8625 89.8525 0.8160	
89.932337 280.757054	7.63e-01  8.82e-01  3.64e+05	38.7139 86.7939 0.7230	
89.932337 280.757054	7.85e-01  8.44e-01  3.66e+05	17.7102 92.5061 0.8179	
89.932337 280.757054	5.46e-01  8.90e-01  3.96e+05	0.6970 81.3787 0.4766	
89.932337 280.757054	5.52e-01  8.11e-01  4.08e+05	13.9750 74.1688 0.2694	
89.932337 280.757054	5.73e-01  8.09e-01  4.04e+05	10.9385 76.2533 0.5831	
89.932337 280.757054	5.54e-01  9.37e-01  3.87e+05	-22.2886 82.5352 0.8387	
89.932337 280.757054	7.45e-01  8.64e-01  3.69e+05	1.9660 93.0098 0.0399	
89.932337 280.757054	5.66e-01  8.54e-01  3.98e+05	2.0255 80.1763 0.5376	
89.932337 280.757054	4.46e-01  9.14e-01  4.08e+05	-8.2229 74.6654 0.8565	
89.932337 280.757054	5.84e-01  8.43e-01  3.97e+05	13.3383 79.5691 0.8669	
89.932337 280.757054	7.45e-01  8.88e-01  3.66e+05	-11.1033 93.7605 0.0847	
89.932337 280.757054	5.61e-01  7.73e-01  4.13e+05	3.7630 72.6778 0.8190	
89.932337 280.757054	5.01e-01  7.88e-01  4.21e+05	-1.4668 68.3924 0.5972	
89.932337 280.757054	6.34e-01  9.15e-01  3.78e+05	39.9230 79.9252 0.1280	
89.932337 280.757054	3.36e-01  7.73e-01  4.57e+05	-29.9855 31.8872 0.5807	
89.932337 280.757054	5.69e-01  8.05e-01  4.06e+05	11.7614 75.5336 0.7403	
89.932337 280.757054	4.99e-01  7.59e-01  4.26e+05	29.5159 58.0868 0.5832	
89.932337 280.757054	5.93e-01  8.15e-01  4.00e+05	3.5125 79.1722 0.1662	
89.932337 280.757054	6.03e-01  9.49e-01  3.77e+05	7.2018 89.2307 0.2864	
89.932337 280.757054	6.40e-01  8.29e-01  3.90e+05	3.1777 83.8225 0.8076	
89.932337 280.757054	5.52e-01  9.45e-01  3.86e+05	3.8872 85.7761 0.6640	
89.932337 280.757054	6.59e-01  8.27e-01  3.87e+05	0.5298 85.0843 0.1224	
89.932337 280.757054	7.30e-01  8.46e-01  3.74e+05	13.8250 89.9890 0.7859	
89.932337 280.757054	6.36e-01  8.18e-01  3.92e+05	-14.5056 81.5211 0.5115	
89.932337 280.757054	6.87e-01  9.34e-01  3.68e+05	-9.7100 93.1440 0.9121	
89.932337 280.757054	4.58e-01  8.71e-01  4.14e+05	6.9675 72.0331 0.7184	
89.932337 280.757054	4.80e-01  6.59e-01  4.50e+05	-11.0947 47.8299 0.2956	
89.932337 280.757054	8.58e-01  9.88e-01  3.38e+05	88.6592 56.1587 0.4128	
89.932337 280.757054	6.08e-01  7.62e-01  4.06e+05	18.7030 73.6910 0.6197	
89.932337 280.757054	4.42e-01  8.36e-01  4.23e+05	-11.1916 66.3100 0.5005	
89.932337 280.757054	5.83e-01  9.53e-01  3.80e+05	-4.3280 88.4067 0.6492	
89.932337 280.757054	5.39e-01  9.29e-01  3.90e+05	-17.0972 81.9823 0.7851	
89.932337 280.757054	7.24e-01  7.96e-01  3.82e+05	-26.0147 83.4942 0.8087	
89.932337 280.757054	5.25e-01  8.80e-01  4.01e+05	-10.9587 78.2179 0.3698	
89.932337 280.757054	5.16e-01  7.12e-01  4.32e+05	16.8268 59.2590 0.6202	
89.932337 280.757054	4.25e-01  8.12e-01  4.31e+05	1.0919 62.6464 0.1611	
89.932337 280.757054	5.11e-01  6.92e-01  4.37e+05	13.4528 56.8481 0.1251	
89.932337 280.757054	4.85e-01  8.08e-01  4.20e+05	17.4828 66.5698 0.5413	
89.932337 280.757054	5.80e-01  7.14e-01  4.20e+05	24.2031 64.5549 0.7504	
89.932337 280.757054	4.63e-01  7.53e-01  4.35e+05	24.3680 54.9461 0.0592	
89.932337 280.757054	5.20e-01  6.92e-01  4.35e+05	-8.3825 59.1140 0.9066	
89.932337 280.757054	4.62e-01  8.34e-01  4.20e+05	-26.6981 63.7255 0.7196	
89.932337 280.757054	5.35e-01  8.05e-01  4.12e+05	-10.5452 72.6075 0.4439	
89.932337 280.757054	6.70e-01  8.38e-01  3.84e+05	7.2147 86.3335 0.5646	
89.932337 280.757054	6.44e-01  8.11e-01  3.92e+05	5.1214 82.6916 0.8460	
89.932337 280.757054	8.64e-01  9.12e-01  3.47e+05	1.9513 101.7367 0.9975	
89.932337 280.757054	4.44e-01  8.27e-01  4.24e+05	4.4323 66.3341 0.4301	
89.932337 280.757054	5.23e-01  8.10e-01  4.13e+05	25.2985 68.2530 0.2079	
89.932337 280.757054	4.54e-01  9.24e-01  4.05e+05	39.7674 65.6898 0.6755	
89.932337 280.757054	6.55e-01  7.81e-01  3.95e+05	2.9836 81.3992 0.2736	
89.932337 280.757054	6.78e-01  8.33e-01  3.84e+05	9.7558 86.2494 0.9913	
89.932337 280.757054	5.76e-01  7.42e-01  4.16e+05	30.7464 64.2244 0.1132	
89.932337 280.757054	5.24e-01  7.56e-01  4.23e+05	-7.0817 67.0311 0.4050	
89.932337 280.757054	5.81e-01  8.61e-01  3.94e+05	-23.3919 78.4536 0.6576	
89.932337 280.757054	5.16e-01  9.58e-01  3.89e+05	-50.4433 67.4957 0.9480	
89.932337 280.757054	5.43e-01  8.70e-01  3.99e+05	13.9835 78.3465 0.2038	
89.932337 280.757054	5.84e-01  8.10e-01  4.02e+05	-48.1535 61.4709 0.3293	
89.932337 280.757054	7.26e-01  8.79e-01  3.70e+05	48.0484 79.3602 0.7077	
89.932337 280.757054	6.45e-01  7.16e-01  4.08e+05	-16.1885 73.5059 0.3209	
89.932337 280.757054	6.82e-01  8.23e-01  3.85e+05	28.6794 81.4757 0.4574	
89.932337 280.757054	5.31e-01  6.98e-01  4.32e+05	-19.6961 58.5239 0.4864	
89.932337 280.757054	7.53e-01  9.50e-01  3.56e+05	4.6147 98.0229 0.5337	
89.932337 280.757054	3.42e-01  9.19e-01  4.26e+05	2.9286 65.2703 0.0646	
89.932337 280.757054	6.25e-01  8.97e-01  3.82e+05	22.0358 84.7319 0.9183	
89.932337 280.757054	6.19e-01  9.66e-01  3.73e+05	27.0427 87.4943 0.9019	
89.932337 280.757054	6.82e-01  8.26e-01  3.84e+05	23.3399 83.4106 0.7754	
89.932337 280.757054	5.51e-01  8.34e-01  4.04e+05	-3.8936 77.2348 0.5015	
89.932337 280.757054	4.31e-01  8.24e-01  4.27e+05	-19.1267 61.8036 0.2437	
89.932337 280.757054	3.82e-01  9.17e-01  4.19e+05	2.5106 69.3621 0.5845	
89.932337 280.757054	6.19e-01  9.11e-01  3.81e+05	26.3011 84.0831 0.7591	
89.932337 280.757054	6.03e-01  9.21e-01  3.82e+05	-22.8006 84.7281 0.6896	
89.932337 280.757054	6.50e-01  8.89e-01  3.79e+05	36.9385 80.6686 0.0250	
89.932337 280.757054	5.27e-01  7.46e-01  4.24e+05	-21.2869 63.1467 0.9419	
89.932337 280.757054	4.91e-01  7.69e-01  4.26e+05	-7.4041 64.9129 0.4244	
89.932337 280.757054	6.85e-01  8.08e-01  3.86e+05	-9.4566 85.0487 0.9236	
89.932337 280.757054	5.59e-01  6.92e-01  4.28e+05	-11.5311 63.2737 0.0311	
89.932337 280.757054	6.01e-01  9.39e-01  3.79e+05	22.1873 85.8961 0.1893	
89.932337 280.757054	5.59e-01  6.85e-01  4.29e+05	-12.5359 62.2510 0.3113	
89.932337 280.757054	5.44e-01  7.10e-01  4.27e+05	1.8098 64.5795 0.5515	
89.932337 280.757054	4.98e-01  8.17e-01  4.16e+05	1.3846 71.0181 0.8356	
89.932337 280.757054	5.70e-01  9.37e-01  3.84e+05	6.2989 86.3026 0.4318	
89.932337 280.757054	4.40e-01  8.15e-01  4.27e+05	24.8617 59.7812 0.0717	
89.932337 280.757054	7.30e-01  8.49e-01  3.74e+05	-5.9312 90.9997 0.1614	
89.932337 280.757054	5.32e-01  8.53e-01  4.04e+05	-22.2679 74.0382 0.0914	
89.932337 280.757054	6.56e-01  7.54e-01  4.00e+05	39.6975 68.7799 0.5316	
89.932337 280.757054	5.28e-01  7.84e-01  4.17e+05	7.9514 70.3035 0.7481	
89.932337 280.757054	5.48e-01  9.39e-01  3.87e+05	31.1163 79.2895 0.9156	
89.932337 280.757054	4.96e-01  7.25e-01  4.34e+05	3.2320 60.6581 0.7067	
89.932337 280.757054	5.26e-01  7.91e-01  4.16e+05	-10.0199 70.4474 0.2741	
89.932337 280.757054	5.07e-01  8.62e-01  4.07e+05	33.9785 67.9351 0.2392	
89.932337 280.757054	6.67e-01  8.09e-01  3.89e+05	-41.1466 73.6461 0.1879	
89.932337 280.757054	7.10e-01  7.50e-01  3.92e+05	-6.1590 83.0148 0.2667	
89.932337 280.757054	6.60e-01  8.91e-01  3.78e+05	-54.0493 71.2324 0.8070	
89.932337 280.757054	6.38e-01  7.91e-01  3.97e+05	-24.6245 77.0360 0.4973	
89.932337 280.757054	7.22e-01  8.22e-01  3.79e+05	-37.1742 80.8777 0.7476	
89.932337 280.757054	5.78e-01  8.51e-01  3.97e+05	28.7933 75.5846 0.9937	
89.932337 280.757054	4.49e-01  8.52e-01  4.19e+05	14.7323 68.0099 0.8129	
89.932337 280.757054	5.54e-01  6.58e-01  4.35e+05	10.5590 58.7008 0.6885	
89.932337 280.757054	4.09e-01  8.22e-01  4.32e+05	-7.4315 61.5161 0.2295	
89.932337 280.757054	7.17e-01  7.68e-01  3.87e+05	-2.4905 85.0545 0.5928	
89.932337 280.757054	4.73e-01  8.04e-01  4.23e+05	-9.8312 66.3487 0.0538	
89.932337 280.757054	4.94e-01  7.11e-01  4.37e+05	8.0187 58.1975 0.2890	
89.932337 280.757054	5.25e-01  8.43e-01  4.07e+05	12.3576 74.8613 0.0837	
89.932337 280.757054	5.41e-01  8.52e-01  4.02e+05	-4.4776 77.9344 0.3342	
89.932337 280.757054	3.49e-01  8.08e-01  4.47e+05	-16.9698 49.0376 0.5067	
89.932337 280.757054	7.08e-01  8.50e-01  3.77e+05	-18.5215 87.9388 0.5384	
89.932337 280.757054	7.00e-01  8.22e-01  3.82e+05	-10.6882 86.9242 0.4758	
89.932337 280.757054	5.58e-01  7.55e-01  4.17e+05	16.2563 68.8615 0.0942	
89.932337 280.757054	5.57e-01  8.11e-01  4.07e+05	-14.5914 74.4943 0.8445	
89.932337 280.757054	5.25e-01  9.55e-01  3.88e+05	8.2372 84.2781 0.2165	
89.932337 280.757054	5.40e-01  7.75e-01  4.16e+05	4.2103 70.8902 0.8184	
89.932337 280.757054	6.32e-01  8.62e-01  3.86e+05	-34.4645 78.4865 0.7016	
89.932337 280.757054	4.60e-01  7.72e-01  4.32e+05	-27.3940 55.6004 0.4940	
89.932337 280.757054	5.51e-01  8.03e-01  4.09e+05	2.9021 74.6244 0.5805	
89.932337 280.757054	4.61e-01  9.12e-01  4.06e+05	-19.0317 73.8749 0.7323	
89.932337 280.757054	4.90e-01  8.16e-01  4.18e+05	-16.3524 68.2355 0.1682	
89.932337 280.757054	5.16e-01  7.30e-01  4.29e+05	-12.4022 62.5138 0.3841	
89.932337 280.757054	7.17e-01  9.79e-01  3.57e+05	-24.9063 94.5564 0.6330	
89.932337 280.757054	7.82e-01  8.69e-01  3.63e+05	-12.0826 94.5900 0.2972	
89.932337 280.757054	5.73e-01  7.03e-01  4.23e+05	11.6672 66.0006 0.2290	
89.932337 280.757054	7.39e-01  8.59e-01  3.71e+05	14.0659 91.2601 0.9284	
89.932337 280.757054	6.26e-01  8.50e-01  3.89e+05	33.6474 77.4532 0.4540	
89.932337 280.757054	6.08e-01  8.99e-01  3.84e+05	-2.8314 86.5090 0.3885	
89.932337 280.757054	8.17e-01  8.54e-01  3.61e+05	-17.1217 94.9020 0.4073	
89.932337 280.757054	5.26e-01  8.87e-01  3.99e+05	16.8383 77.8723 0.6576	
89.932337 280.757054	5.17e-01  8.07e-01  4.14e+05	-12.4639 70.7655 0.4661	
89.932337 280.757054	6.28e-01  9.20e-01  3.78e+05	28.6228 84.5285 0.9806	
89.932337 280.757054	6.36e-01  9.10e-01  3.78e+05	-30.0595 83.9522 0.6780	
89.932337 280.757054	5.94e-01  7.91e-01  4.04e+05	-43.6853 63.7833 0.9971	
89.932337 280.757054	5.50e-01  6.53e-01  4.37e+05	4.2894 58.3796 0.8209	
89.932337 280.757054	6.55e-01  7.95e-01  3.93e+05	8.9990 82.0690 0.2108	
89.932337 280.757054	5.90e-01  7.89e-01  4.05e+05	3.9350 76.6706 0.5469	
89.932337 280.757054	4.44e-01  9.47e-01  4.03e+05	3.1264 77.7908 0.3585	
89.932337 280.757054	5.95e-01  8.63e-01  3.92e+05	16.8367 81.4170 0.7501	
89.932337 280.757054	4.90e-01  8.27e-01  4.16e+05	27.2140 65.8110 0.8951	
89.932337 280.757054	6.08e-01  7.64e-01  4.06e+05	2.2971 76.1628 0.4569	
89.932337 280.757054	4.59e-01  8.40e-01  4.19e+05	-33.5304 60.7091 0.7251	
89.932337 280.757054	5.39e-01  8.56e-01  4.02e+05	41.5865 66.2014 0.1369	
89.932337 280.757054	4.84e-01  7.29e-01  4.35e+05	-11.0167 58.6175 0.3859	
89.932337 280.757054	4.15e-01  7.81e-01  4.39e+05	-14.8001 55.4908 0.9460	
89.932337 280.757054	4.61e-01  7.83e-01  4.29e+05	-8.2145 62.9579 0.8699	
89.932337 280.757054	7.35e-01  8.49e-01  3.73e+05	-22.7946 88.6742 0.8721	
89.932337 280.757054	6.06e-01  9.55e-01  3.76e+05	-16.2880 88.5811 0.7973	
89.932337 280.757054	7.36e-01  8.80e-01  3.68e+05	52.4125 77.2671 0.5173	
89.932337 280.757054	5.78e-01  7.01e-01  4.23e+05	24.6829 62.7037 0.9239	
89.932337 280.757054	7.34e-01  8.52e-01  3.72e+05	-26.9183 87.5942 0.3167	
89.932337 280.757054	6.73e-01  8.15e-01  3.87e+05	-42.3278 74.0199 0.6862	
89.932337 280.757054	4.74e-01  7.90e-01  4.25e+05	-14.1872 64.1497 0.3362	
89.932337 280.757054	4.95e-01  7.98e-01  4.20e+05	-16.1012 66.9487 0.7057	
89.932337 280.757054	7.23e-01  8.60e-01  3.73e+05	10.1162 90.8501 0.8111	
89.932337 280.757054	6.64e-01  7.07e-01  4.06e+05	-10.1953 75.4483 0.7832	
89.932337 280.757054	7.18e-01  8.32e-01  3.78e+05	2.4993 89.3350 0.5900	
89.932337 280.757054	6.16e-01  8.24e-01  3.95e+05	47.2698 66.7088 0.9901	
89.932337 280.757054	5.15e-01  6.64e-01  4.42e+05	13.7006 53.4934 0.8801	
89.932337 280.757054	4.96e-01  6.96e-01  4.39e+05	18.5669 53.8969 0.1916	
89.932337 280.757054	4.85e-01  8.08e-01  4.20e+05	3.1021 68.7246 0.5939	
89.932337 280.757054	5.88e-01  6.98e-01  4.21e+05	-12.6852 66.8635 0.0936	
89.932337 280.757054	4.30e-01  8.20e-01  4.28e+05	30.5215 56.4228 0.4859	
89.932337 280.757054	6.46e-01  8.31e-01  3.89e+05	14.3719 83.1885 0.5999	
89.932337 280.757054	8.57e-01  9.11e-01  3.48e+05	25.1753 98.2048 0.1670	
89.932337 280.757054	6.02e-01  7.09e-01  4.17e+05	2.1443 70.5918 0.2653	
89.932337 280.757054	7.07e-01  8.50e-01  3.77e+05	-36.3329 82.1996 0.6328	
89.932337 280.757054	4.01e-01  8.29e-01  4.32e+05	1.9867 61.7783 0.0386	
89.932337 280.757054	5.46e-01  8.21e-01  4.07e+05	41.6562 63.2968 0.3871	
89.932337 280.757054	6.01e-01  8.42e-01  3.94e+05	-4.4881 81.8476 0.9638	
89.932337 280.757054	5.14e-01  7.47e-01  4.26e+05	-24.3986 60.7701 0.7892	
89.932337 280.757054	6.40e-01  8.23e-01  3.91e+05	16.9206 81.7032 0.0592	
89.932337 280.757054	7.32e-01  8.35e-01  3.75e+05	-44.4412 78.7628 0.9545	
89.932337 280.757054	6.93e-01  8.74e-01  3.75e+05	17.5179 88.7713 0.8232	
89.932337 280.757054	6.03e-01  8.67e-01  3.90e+05	25.4053 79.9688 0.7262	
89.932337 280.757054	5.20e-01  8.93e-01  3.99e+05	30.1683 73.6769 0.4489	
89.932337 280.757054	5.13e-01  8.73e-01  4.04e+05	-9.7562 76.8493 0.8253	
89.932337 280.757054	4.37e-01  8.63e-01  4.19e+05	11.8107 68.4676 0.9142	
89.932337 280.757054	7.50e-01  7.92e-01  3.79e+05	25.8007 85.0662 0.7155	
89.932337 280.757054	4.85e-01  8.07e-01  4.20e+05	10.7665 67.8014 0.4899	
89.932337 280.757054	5.92e-01  8.64e-01  3.92e+05	-2.0802 82.9341 0.0922	
89.932337 280.757054	7.39e-01  8.73e-01  3.69e+05	-26.4878 89.3429 0.2731	
89.932337 280.757054	6.40e-01  8.89e-01  3.81e+05	30.5573 82.5077 0.3209	
89.932337 280.757054	4.92e-01  8.25e-01  4.16e+05	-22.7855 67.4861 0.8547	
89.932337 280.757054	4.15e-01  7.34e-01  4.48e+05	-1.5601 50.6683 0.9942	
89.932337 280.757054	4.85e-01  8.03e-01  4.21e+05	30.1462 61.3050 0.6241	
89.932337 280.757054	3.81e-01  6.92e-01  4.65e+05	-12.6816 33.7236 0.7521	
89.932337 280.757054	4.68e-01  8.23e-01  4.21e+05	13.3299 67.2517 0.0136	
89.932337 280.757054	6.40e-01  8.55e-01  3.86e+05	23.6626 82.4341 0.5057	
89.932337 280.757054	6.31e-01  9.38e-01  3.75e+05	9.6750 90.0813 0.5737	
89.932337 280.757054	4.67e-01  6.78e-01  4.49e+05	11.5618 48.7232 0.6933	
89.932337 280.757054	6.53e-01  6.85e-01  4.12e+05	27.6162 67.8054 0.9214	
89.932337 280.757054	5.12e-01  8.10e-01  4.15e+05	-34.1718 63.0330 0.0867	
89.932337 280.757054	6.07e-01  9.54e-01  3.76e+05	15.4284 88.7732 0.3381	
89.932337 280.757054	6.10e-01  9.32e-01  3.79e+05	39.1890 79.7492 0.8775	
89.932337 280.757054	6.96e-01  7.70e-01  3.91e+05	-29.0886 78.4935 0.7134	
89.932337 280.757054	5.29e-01  7.50e-01  4.23e+05	-29.6940 60.4845 0.7460	
89.932337 280.757054	5.39e-01  7.99e-01  4.12e+05	-7.8876 72.6965 0.3921	
89.932337 280.757054	7.08e-01  7.46e-01  3.92e+05	14.7113 81.5180 0.0158	
89.932337 280.757054	5.31e-01  6.70e-01  4.38e+05	9.4199 57.4011 0.9879	
89.932337 280.757054	4.89e-01  8.07e-01  4.20e+05	-21.4087 65.6771 0.0245	
89.932337 280.757054	5.78e-01  9.01e-01  3.89e+05	1.6311 84.5822 0.7743	
89.932337 280.757054	5.33e-01  7.37e-01  4.24e+05	0.9905 66.3022 0.2213	
89.932337 280.757054	5.45e-01  8.40e-01  4.04e+05	3.6572 77.2568 0.6899	
89.932337 280.757054	5.53e-01  8.78e-01  3.96e+05	-36.0036 72.5387 0.7242	
89.932337 280.757054	5.71e-01  7.63e-01  4.13e+05	-4.1716 72.7412 0.6039	
89.932337 280.757054	6.87e-01  8.00e-01  3.87e+05	-17.1517 83.3628 0.1165	
89.932337 280.757054	7.07e-01  9.11e-01  3.68e+05	23.3880 90.5496 0.4783	
89.932337 280.757054	8.02e-01  8.47e-01  3.64e+05	-38.1973 87.2565 0.9039	
89.932337 280.757054	5.11e-01  8.16e-01  4.14e+05	-29.8772 65.7214 0.5370	
89.932337 280.757054	6.45e-01  7.81e-01  3.97e+05	-24.5396 76.8115 0.3335	
89.932337 280.757054	4.87e-01  8.91e-01  4.05e+05	-11.6557 75.8356 0.3661	
89.932337 280.757054	6.23e-01  7.97e-01  3.98e+05	63.5463 48.9233 0.9237	
89.932337 280.757054	4.37e-01  8.71e-01  4.17e+05	-9.7758 69.5647 0.9455	
89.932337 280.757054	7.04e-01  7.41e-01  3.94e+05	0.3021 82.0465 0.8940	
89.932337 280.757054	6.05e-01  8.51e-01  3.92e+05	22.9199 79.6963 0.9593	
89.932337 280.757054	5.01e-01  8.90e-01  4.03e+05	-10.5025 77.1468 0.8642	
89.932337 280.757054	6.23e-01  7.30e-01  4.10e+05	15.3920 72.8586 0.7251	
89.932337 280.757054	6.01e-01  7.43e-01  4.11e+05	-5.7491 73.4929 0.3883	
89.932337 280.757054	5.11e-01  8.34e-01  4.11e+05	-30.7798 67.0932 0.2865	
89.932337 280.757054	5.72e-01  6.61e-01  4.31e+05	-10.2352 61.2680 0.0448	
89.932337 280.757054	5.36e-01  7.83e-01  4.15e+05	23.1013 67.5170 0.9129	
89.932337 280.757054	7.25e-01  8.88e-01  3.69e+05	40.4252 83.9743 0.1434	
89.932337 280.757054	5.79e-01  8.00e-01  4.05e+05	-7.6541 76.4149 0.9292	
89.932337 280.757054	6.75e-01  8.15e-01  3.87e+05	-36.5706 77.1523 0.0491	
89.932337 280.757054	6.74e-01  8.02e-01  3.89e+05	13.2311 83.3629 0.8814	
